25	30.6708	0.260443	0.132277
28.0866	33.7485	0.480064	0.132318
25.1151	35.3065	0.282872	0.132967
22.0277	27.6505	0.348872	0.130922
25	30.6708	0.260443	0.132277
21.9612	30.6708	0.471157	0.131558
26.689	28.4246	0.274604	0.130959
28.269	26.3624	0.369298	0.130463
30.7452	28.7831	0.264626	0.130547
25	30.6708	0.260443	0.132277
26.689	28.4246	0.274604	0.130959
28.0388	30.6708	0.352372	0.131652
25.3391	26.1784	0.245037	0.130639
28.269	26.3624	0.369298	0.130463
26.689	28.4246	0.274604	0.130959
28.0388	30.6708	0.352372	0.131652
30.9343	31.8249	0.257633	0.131048
28.0866	33.7485	0.480064	0.132318
22.0277	27.6505	0.348872	0.130922
26.689	28.4246	0.274604	0.130959
25	30.6708	0.260443	0.132277
30.7452	28.7831	0.264626	0.130547
30.9343	31.8249	0.257633	0.131048
28.0388	30.6708	0.352372	0.131652
26.689	28.4246	0.274604	0.130959
30.7452	28.7831	0.264626	0.130547
28.0388	30.6708	0.352372	0.131652
26.1025	23.1861	0.380128	0.131455
28.269	26.3624	0.369298	0.130463
25.3391	26.1784	0.245037	0.130639
29.1279	22.9961	0.509498	0.130961
32.7002	24.7062	0.253731	0.130879
31.199	26.5464	0.337297	0.130928
33.7508	28.5944	0.244425	0.131635
30.9343	31.8249	0.257633	0.131048
30.7452	28.7831	0.264626	0.130547
31.199	26.5464	0.337297	0.130928
33.7508	28.5944	0.244425	0.131635
30.7452	28.7831	0.264626	0.130547
37.4615	36.8646	0.313765	0.134856
40.433	33.7485	0.409966	0.132213
40.5769	36.8646	0.252423	0.134286
36.8893	27.6505	0.298061	0.132761
37.1553	30.6708	0.228044	0.132854
33.7508	28.5944	0.244425	0.131635
36.8893	27.6505	0.298061	0.132761
39.9888	27.0985	0.241704	0.133254
40.1941	30.6708	0.25177	0.133089
34.9506	19.1174	0.309326	0.132222
34.4425	16.5071	0.250585	0.132677
37.1403	16.5071	0.327849	0.131546
38.204	22.4261	0.392951	0.132022
35.1786	22.6161	0.227937	0.132268
36.4861	20.8667	0.248769	0.131715
32.1075	19.1174	0.358165	0.132616
28.8815	20.2128	0.288458	0.131112
28.6113	17.5512	0.306164	0.131592
38.204	22.4261	0.392951	0.132022
35.7802	24.7062	0.311358	0.131306
35.1786	22.6161	0.227937	0.132268
32.7002	24.7062	0.253731	0.130879
29.1279	22.9961	0.509498	0.130961
32.4267	21.856	0.247368	0.132415
45.7731	27.8393	0.280444	0.133177
48.1005	24.7062	0.241164	0.131497
48.7787	27.6505	0.24301	0.13243
38.8603	24.7062	0.240946	0.132235
41.2294	22.236	0.28381	0.131934
41.9404	24.7062	0.248955	0.132373
38.8603	24.7062	0.240946	0.132235
38.204	22.4261	0.392951	0.132022
41.2294	22.236	0.28381	0.131934
36.8893	27.6505	0.298061	0.132761
38.8603	24.7062	0.240946	0.132235
39.9888	27.0985	0.241704	0.133254
35.7802	24.7062	0.311358	0.131306
38.204	22.4261	0.392951	0.132022
38.8603	24.7062	0.240946	0.132235
33.7508	28.5944	0.244425	0.131635
35.7802	24.7062	0.311358	0.131306
36.8893	27.6505	0.298061	0.132761
32.7002	24.7062	0.253731	0.130879
32.4267	21.856	0.247368	0.132415
35.1786	22.6161	0.227937	0.132268
37.7936	19.1174	0.288247	0.132075
40.5089	19.4825	0.321503	0.131315
38.204	22.4261	0.392951	0.132022
35.1786	22.6161	0.227937	0.132268
32.4267	21.856	0.247368	0.132415
34.9506	19.1174	0.309326	0.132222
36.4861	20.8667	0.248769	0.131715
35.1786	22.6161	0.227937	0.132268
34.9506	19.1174	0.309326	0.132222
37.7936	19.1174	0.288247	0.132075
36.4861	20.8667	0.248769	0.131715
34.9506	19.1174	0.309326	0.132222
37.7936	19.1174	0.288247	0.132075
38.204	22.4261	0.392951	0.132022
36.4861	20.8667	0.248769	0.131715
35.7802	24.7062	0.311358	0.131306
32.7002	24.7062	0.253731	0.130879
35.1786	22.6161	0.227937	0.132268
33.7508	28.5944	0.244425	0.131635
32.7002	24.7062	0.253731	0.130879
35.7802	24.7062	0.311358	0.131306
29.1279	22.9961	0.509498	0.130961
28.8815	20.2128	0.288458	0.131112
32.4267	21.856	0.247368	0.132415
37.1403	16.5071	0.327849	0.131546
39.693	16.8552	0.33021	0.131396
37.7936	19.1174	0.288247	0.132075
44.3095	21.856	0.352022	0.131678
47.2801	21.856	0.337603	0.13098
45.0204	24.7062	0.364787	0.131371
41.9404	24.7062	0.248955	0.132373
44.3095	21.856	0.352022	0.131678
45.0204	24.7062	0.364787	0.131371
43.4158	19.3	0.308658	0.130953
46.3226	19.1174	0.254976	0.131122
44.3095	21.856	0.352022	0.131678
28.0866	46.2515	0.429323	0.292758
31.0776	49.3292	0.422469	0.228983
28.0388	49.3292	0.478864	0.229698
25	43.1354	0.532535	0.20607
28.1154	43.1354	0.636317	0.313512
28.0866	46.2515	0.429323	0.292758
37.3464	46.2515	0.397128	0.20906
34.3294	43.6157	0.353384	0.296455
37.5191	43.9145	0.453269	0.236604
31.226	43.7137	0.282753	0.213395
31.2788	41.1758	0.304154	0.281855
34.3294	43.6157	0.353384	0.296455
28.0866	46.2515	0.429323	0.292758
31.226	43.7137	0.282753	0.213395
31.1732	46.2515	0.496484	0.265203
28.1154	43.1354	0.636317	0.313512
31.2788	41.1758	0.304154	0.281855
31.226	43.7137	0.282753	0.213395
25	46.2515	0.247251	0.258151
25	43.1354	0.532535	0.20607
28.0866	46.2515	0.429323	0.292758
28.125	40	0.257938	0.14528
31.2788	41.1758	0.304154	0.281855
28.1154	43.1354	0.636317	0.313512
28.125	40	0.257938	0.14528
31.2019	38.0404	0.322262	0.139535
31.2788	41.1758	0.304154	0.281855
31.2019	38.0404	0.322262	0.139535
34.399	40.9798	0.406155	0.240267
31.2788	41.1758	0.304154	0.281855
28.0866	33.7485	0.480064	0.132318
31.3171	35.696	0.317073	0.134379
28.1154	36.8646	0.470656	0.134993
37.3464	33.7485	0.236764	0.132255
37.1553	30.6708	0.228044	0.132854
40.1941	30.6708	0.25177	0.133089
37.4615	36.8646	0.313765	0.134856
37.3464	33.7485	0.236764	0.132255
40.433	33.7485	0.409966	0.132213
37.4615	36.8646	0.313765	0.134856
34.3221	37.8444	0.248454	0.138207
34.1596	34.7385	0.246267	0.132299
34.1596	34.7385	0.246267	0.132299
33.997	31.6326	0.254118	0.131226
37.3464	33.7485	0.236764	0.132255
31.3171	35.696	0.317073	0.134379
34.1596	34.7385	0.246267	0.132299
34.3221	37.8444	0.248454	0.138207
31.3171	35.696	0.317073	0.134379
30.9343	31.8249	0.257633	0.131048
34.1596	34.7385	0.246267	0.132299
30.9343	31.8249	0.257633	0.131048
33.7508	28.5944	0.244425	0.131635
33.997	31.6326	0.254118	0.131226
40.433	46.2515	0.285219	0.258845
40.6201	43.7197	0.268348	0.316903
43.5196	46.2515	0.55228	0.29464
46.8029	37.0605	0.227625	0.135793
43.75	40	0.383227	0.144143
43.6827	37.2565	0.290098	0.135683
49.9231	43.1354	0.26823	0.270816
46.8798	40.196	0.243991	0.214426
50	40	0.228352	0.147073
49.9231	43.1354	0.26823	0.270816
49.6928	46.2515	0.480021	0.30668
46.8077	43.1354	0.478583	0.296908
25	43.1354	0.532535	0.20607
25	46.2515	0.247251	0.258151
22.0142	44.8882	0.267311	0.222954
25	40	0.264075	0.14198
25	43.1354	0.532535	0.20607
21.9183	41.7637	0.419319	0.284217
25	40	0.264075	0.14198
28.1154	43.1354	0.636317	0.313512
25	43.1354	0.532535	0.20607
31.2019	38.0404	0.322262	0.139535
28.125	40	0.257938	0.14528
28.1154	36.8646	0.470656	0.134993
28.1154	43.1354	0.636317	0.313512
31.226	43.7137	0.282753	0.213395
28.0866	46.2515	0.429323	0.292758
18.7981	41.9596	0.347985	0.225997
15.601	39.0202	0.331875	0.139409
18.7212	38.8242	0.27979	0.139536
17.2523	44.2036	0.245889	0.213029
15.7402	46.2515	0.540135	0.214099
14.1489	44.3016	0.529611	0.238129
18.7981	41.9596	0.347985	0.225997
17.2523	44.2036	0.245889	0.213029
15.6779	42.1556	0.263359	0.249209
18.8268	46.2515	0.406871	0.218633
15.7402	46.2515	0.540135	0.214099
17.2523	44.2036	0.245889	0.213029
21.7462	47.598	0.284677	0.327733
18.8268	46.2515	0.406871	0.218633
22.0142	44.8882	0.267311	0.222954
21.7462	47.598	0.284677	0.327733
18.9224	49.3292	0.259525	0.310495
18.8268	46.2515	0.406871	0.218633
15.6779	42.1556	0.263359	0.249209
15.601	39.0202	0.331875	0.139409
18.7981	41.9596	0.347985	0.225997
18.8268	46.2515	0.406871	0.218633
17.2523	44.2036	0.245889	0.213029
18.7981	41.9596	0.347985	0.225997
14.1489	44.3016	0.529611	0.238129
12.6536	46.2515	0.459704	0.201082
12.5577	42.3516	0.521694	0.227316
15.6779	42.1556	0.263359	0.249209
14.1489	44.3016	0.529611	0.238129
12.5577	42.3516	0.521694	0.227316
15.7402	46.2515	0.540135	0.214099
12.6536	46.2515	0.459704	0.201082
14.1489	44.3016	0.529611	0.238129
12.7118	50.0843	0.571385	0.245628
12.6536	46.2515	0.459704	0.201082
15.8835	49.3292	0.409357	0.21957
16.083	52.3495	0.25654	0.2148
13.1107	52.3495	0.512298	0.229941
15.8835	49.3292	0.409357	0.21957
18.9224	49.3292	0.259525	0.310495
16.083	52.3495	0.25654	0.2148
15.8835	49.3292	0.409357	0.21957
13.1107	52.3495	0.512298	0.229941
10.6893	54.7417	0.245888	0.262367
10.1383	52.3495	0.416958	0.231492
15.8835	49.3292	0.409357	0.21957
13.1107	52.3495	0.512298	0.229941
12.7118	50.0843	0.571385	0.245628
14.2198	55.2938	0.280912	0.290227
10.6893	54.7417	0.245888	0.262367
13.1107	52.3495	0.512298	0.229941
17.0264	56.2438	0.326349	0.219166
14.2198	55.2938	0.280912	0.290227
16.083	52.3495	0.25654	0.2148
17.2808	59.0298	0.281251	0.299545
17.5295	61.7527	0.149297	0.317221
15.0494	60.8826	0.151633	0.225776
17.0264	56.2438	0.326349	0.219166
17.2808	59.0298	0.281251	0.299545
14.6026	58.144	0.322713	0.294795
17.0264	56.2438	0.326349	0.219166
20.0518	56.4338	0.563821	0.205429
17.2808	59.0298	0.281251	0.299545
7.16598	52.3495	0.474142	0.210005
8.05963	55.2938	0.299562	0.220332
4.92487	55.4838	0.475784	0.311259
6.76709	49.3292	0.47217	0.319156
7.16598	52.3495	0.474142	0.210005
4.19365	52.3495	0.509548	0.308632
10.1383	52.3495	0.416958	0.231492
8.05963	55.2938	0.299562	0.220332
7.16598	52.3495	0.474142	0.210005
12.7118	50.0843	0.571385	0.245628
10.1383	52.3495	0.416958	0.231492
9.70619	49.8955	0.256065	0.212367
10.6893	54.7417	0.245888	0.262367
8.05963	55.2938	0.299562	0.220332
10.1383	52.3495	0.416958	0.231492
12.5577	42.3516	0.521694	0.227316
12.5	40	0.252158	0.14385
15.6779	42.1556	0.263359	0.249209
9.61019	45.6673	0.279277	0.213019
12.5577	42.3516	0.521694	0.227316
12.6536	46.2515	0.459704	0.201082
9.61019	45.6673	0.279277	0.213019
6.31731	42.7435	0.544212	0.224109
9.4375	42.5475	0.55674	0.296919
-3.10282e-28	40	0.266564	0.299354
3.125	40	0.247159	0.14617
3.19711	42.9395	0.296635	0.218142
-3.10282e-28	40	0.266564	0.299354
0.076922	36.8646	0.308669	0.138528
3.125	40	0.247159	0.14617
46.6062	46.2515	0.611703	0.26408
46.2717	49.3292	0.316011	0.208728
43.5196	46.2515	0.55228	0.29464
43.6923	43.1354	0.28299	0.261467
46.6062	46.2515	0.611703	0.26408
43.5196	46.2515	0.55228	0.29464
49.6928	46.2515	0.480021	0.30668
49.3105	49.3292	0.666733	0.26579
46.6062	46.2515	0.611703	0.26408
27.4517	72.3429	0.143542	0.138077
25	72.3429	0.141694	0.13856
27.0253	69.2491	0.140913	0.232864
24.7277	76.3587	0.140171	0.133107
26.189	74.0896	0.142035	0.134874
27.2733	75.6267	0.143505	0.132566
24.7277	76.3587	0.140171	0.133107
23.0327	74.7883	0.140114	0.133575
26.189	74.0896	0.142035	0.134874
23.0339	79.8761	0.140182	0.132175
21.0802	79.5053	0.140233	0.133044
21.6827	78.0345	0.138794	0.133097
19.6759	76.9444	0.139383	0.13189
19.0551	74.0896	0.140331	0.134718
21.4331	74.0896	0.13955	0.13566
19.6759	76.9444	0.139383	0.13189
18.1801	75.6267	0.139656	0.132714
19.0551	74.0896	0.140331	0.134718
21.4331	74.0896	0.13955	0.13566
23.0327	74.7883	0.140114	0.133575
22.3999	76.5052	0.140009	0.13351
20.0967	72.3429	0.142882	0.139494
22.5483	72.3429	0.142708	0.139815
21.4331	74.0896	0.13955	0.13566
16.5527	73.7985	0.140089	0.133793
17.645	72.3429	0.14219	0.138122
19.0551	74.0896	0.140331	0.134718
19.193	69.7412	0.143167	0.210942
21.8037	69.5771	0.141449	0.316462
20.0967	72.3429	0.142882	0.139494
21.8037	69.5771	0.141449	0.316462
23.75	70.3973	0.14208	0.14689
22.5483	72.3429	0.142708	0.139815
21.6827	78.0345	0.138794	0.133097
19.1515	78.89	0.139424	0.132562
19.6759	76.9444	0.139383	0.13189
22.3999	76.5052	0.140009	0.13351
19.6759	76.9444	0.139383	0.13189
21.4331	74.0896	0.13955	0.13566
22.3999	76.5052	0.140009	0.13351
21.6827	78.0345	0.138794	0.133097
19.6759	76.9444	0.139383	0.13189
24.7277	76.3587	0.140171	0.133107
22.3999	76.5052	0.140009	0.13351
23.0327	74.7883	0.140114	0.133575
24.7277	76.3587	0.140171	0.133107
24.9752	78.5234	0.141779	0.132687
23.329	78.279	0.139346	0.132794
21.0802	79.5053	0.140233	0.133044
19.1515	78.89	0.139424	0.132562
21.6827	78.0345	0.138794	0.133097
25	80	0.141985	0.132282
24.9752	78.5234	0.141779	0.132687
26.9661	79.8761	0.142038	0.132419
19.6759	76.9444	0.139383	0.13189
19.1515	78.89	0.139424	0.132562
17.2597	78.0345	0.139946	0.131532
28.3173	78.0345	0.144177	0.131547
30.8485	78.89	0.141754	0.132253
28.9198	79.5053	0.142377	0.13193
18.1801	75.6267	0.139656	0.132714
19.6759	76.9444	0.139383	0.13189
17.2597	78.0345	0.139946	0.131532
15.4167	76.9444	0.139672	0.131531
18.1801	75.6267	0.139656	0.132714
17.2597	78.0345	0.139946	0.131532
23.0327	74.7883	0.140114	0.133575
21.4331	74.0896	0.13955	0.13566
22.5483	72.3429	0.142708	0.139815
15.4167	76.9444	0.139672	0.131531
16.5527	73.7985	0.140089	0.133793
18.1801	75.6267	0.139656	0.132714
20.0967	72.3429	0.142882	0.139494
21.8037	69.5771	0.141449	0.316462
22.5483	72.3429	0.142708	0.139815
15.4167	76.9444	0.139672	0.131531
13.6336	75.6267	0.141687	0.132571
14.237	73.9441	0.142334	0.133463
29.3832	76.0659	0.144057	0.132372
31.3712	77.1646	0.140884	0.132192
28.3173	78.0345	0.144177	0.131547
31.9219	75.3472	0.141647	0.132621
34.5833	76.9444	0.140627	0.133381
32.7403	78.0345	0.142565	0.132676
14.237	73.9441	0.142334	0.133463
11.9212	74.0896	0.143016	0.134637
12.7417	72.3429	0.140443	0.13676
11.25	70.3973	0.139447	0.143496
12.7417	72.3429	0.140443	0.13676
10.2901	72.3429	0.139905	0.139712
17.645	72.3429	0.14219	0.138122
16.5527	73.7985	0.140089	0.133793
15.1934	72.3429	0.140304	0.137359
19.193	69.7412	0.143167	0.210942
17.645	72.3429	0.14219	0.138122
16.25	70.3973	0.142384	0.144171
20.0967	72.3429	0.142882	0.139494
19.0551	74.0896	0.140331	0.134718
17.645	72.3429	0.14219	0.138122
19.0551	74.0896	0.140331	0.134718
18.1801	75.6267	0.139656	0.132714
16.5527	73.7985	0.140089	0.133793
32.355	72.3429	0.143333	0.137361
34.8066	72.3429	0.140659	0.137023
33.3228	74.0896	0.142055	0.134227
33.3228	74.0896	0.142055	0.134227
31.9219	75.3472	0.141647	0.132621
30.9297	73.8705	0.142606	0.134294
35.7008	74.0896	0.142566	0.134579
33.3228	74.0896	0.142055	0.134227
34.8066	72.3429	0.140659	0.137023
34.5833	76.9444	0.140627	0.133381
31.9219	75.3472	0.141647	0.132621
33.3228	74.0896	0.142055	0.134227
17.4187	68.2649	0.140938	0.235734
14.8915	68.2649	0.141123	0.243131
16.8484	65.9587	0.142582	0.339332
16.25	70.3973	0.142384	0.144171
13.513	70.6966	0.141733	0.141803
14.8915	68.2649	0.141123	0.243131
19.193	69.7412	0.143167	0.210942
16.25	70.3973	0.142384	0.144171
17.4187	68.2649	0.140938	0.235734
15.1934	72.3429	0.140304	0.137359
14.237	73.9441	0.142334	0.133463
12.7417	72.3429	0.140443	0.13676
17.645	72.3429	0.14219	0.138122
15.1934	72.3429	0.140304	0.137359
16.25	70.3973	0.142384	0.144171
16.5527	73.7985	0.140089	0.133793
14.237	73.9441	0.142334	0.133463
15.1934	72.3429	0.140304	0.137359
12.7417	72.3429	0.140443	0.13676
11.25	70.3973	0.139447	0.143496
13.513	70.6966	0.141733	0.141803
8.74996	70.3973	0.140445	0.14793
11.25	70.3973	0.139447	0.143496
10.2901	72.3429	0.139905	0.139712
12.3644	68.2649	0.140144	0.207537
13.846	66.4528	0.140872	0.222894
14.8915	68.2649	0.141123	0.243131
9.83732	68.2649	0.141345	0.2395
12.3644	68.2649	0.140144	0.207537
11.25	70.3973	0.139447	0.143496
9.83732	68.2649	0.141345	0.2395
11.414	65.9587	0.141505	0.393935
12.3644	68.2649	0.140144	0.207537
9.83732	68.2649	0.141345	0.2395
11.25	70.3973	0.139447	0.143496
8.74996	70.3973	0.140445	0.14793
14.8915	68.2649	0.141123	0.243131
13.513	70.6966	0.141733	0.141803
12.3644	68.2649	0.140144	0.207537
15.1934	72.3429	0.140304	0.137359
12.7417	72.3429	0.140443	0.13676
13.513	70.6966	0.141733	0.141803
15.4167	76.9444	0.139672	0.131531
14.237	73.9441	0.142334	0.133463
16.5527	73.7985	0.140089	0.133793
13.6336	75.6267	0.141687	0.132571
11.9212	74.0896	0.143016	0.134637
14.237	73.9441	0.142334	0.133463
11.9212	74.0896	0.143016	0.134637
10.2901	72.3429	0.139905	0.139712
12.7417	72.3429	0.140443	0.13676
7.31021	68.2649	0.140798	0.237295
9.83732	68.2649	0.141345	0.2395
8.74996	70.3973	0.140445	0.14793
7.31021	68.2649	0.140798	0.237295
5.97957	65.9587	0.141385	0.301459
8.78345	65.7825	0.140962	0.328114
28.3173	78.0345	0.144177	0.131547
28.9198	79.5053	0.142377	0.13193
26.9661	79.8761	0.142038	0.132419
31.3712	77.1646	0.140884	0.132192
31.9219	75.3472	0.141647	0.132621
32.7403	78.0345	0.142565	0.132676
28.3173	78.0345	0.144177	0.131547
31.3712	77.1646	0.140884	0.132192
30.8485	78.89	0.141754	0.132253
29.3832	76.0659	0.144057	0.132372
31.9219	75.3472	0.141647	0.132621
31.3712	77.1646	0.140884	0.132192
27.2733	75.6267	0.143505	0.132566
29.3832	76.0659	0.144057	0.132372
28.3173	78.0345	0.144177	0.131547
28.5669	74.0896	0.141319	0.134038
29.9033	72.3429	0.141659	0.137407
30.9297	73.8705	0.142606	0.134294
27.2733	75.6267	0.143505	0.132566
28.5669	74.0896	0.141319	0.134038
29.3832	76.0659	0.144057	0.132372
27.2733	75.6267	0.143505	0.132566
26.189	74.0896	0.142035	0.134874
28.5669	74.0896	0.141319	0.134038
26.2439	77.6257	0.143595	0.131838
27.2733	75.6267	0.143505	0.132566
28.3173	78.0345	0.144177	0.131547
26.9661	79.8761	0.142038	0.132419
26.2439	77.6257	0.143595	0.131838
28.3173	78.0345	0.144177	0.131547
24.9752	78.5234	0.141779	0.132687
24.7277	76.3587	0.140171	0.133107
26.2439	77.6257	0.143595	0.131838
31.0572	70.658	0.140258	0.144673
30.0542	68.2649	0.140967	0.36471
32.2468	68.921	0.141553	0.250683
31.0572	70.658	0.140258	0.144673
28.75	70.3973	0.140801	0.14622
30.0542	68.2649	0.140967	0.36471
33.75	70.3973	0.140881	0.144034
31.0572	70.658	0.140258	0.144673
32.2468	68.921	0.141553	0.250683
29.9033	72.3429	0.141659	0.137407
28.75	70.3973	0.140801	0.14622
31.0572	70.658	0.140258	0.144673
30.9297	73.8705	0.142606	0.134294
29.9033	72.3429	0.141659	0.137407
32.355	72.3429	0.143333	0.137361
33.3228	74.0896	0.142055	0.134227
30.9297	73.8705	0.142606	0.134294
32.355	72.3429	0.143333	0.137361
31.9219	75.3472	0.141647	0.132621
29.3832	76.0659	0.144057	0.132372
30.9297	73.8705	0.142606	0.134294
28.5669	74.0896	0.141319	0.134038
26.189	74.0896	0.142035	0.134874
27.4517	72.3429	0.143542	0.138077
25	72.3429	0.141694	0.13856
23.75	70.3973	0.14208	0.14689
27.0253	69.2491	0.140913	0.232864
26.9661	79.8761	0.142038	0.132419
24.9752	78.5234	0.141779	0.132687
26.2439	77.6257	0.143595	0.131838
27.0253	69.2491	0.140913	0.232864
24.3347	67.1118	0.144137	0.250332
26.9568	67.2765	0.144308	0.219809
19.0904	66.7823	0.144718	0.222673
19.999	65.078	0.145738	0.330409
22.2828	65.9587	0.143886	0.294745
17.4187	68.2649	0.140938	0.235734
19.0904	66.7823	0.144718	0.222673
19.193	69.7412	0.143167	0.210942
17.4187	68.2649	0.140938	0.235734
16.8484	65.9587	0.142582	0.339332
19.0904	66.7823	0.144718	0.222673
27.4517	72.3429	0.143542	0.138077
28.75	70.3973	0.140801	0.14622
29.9033	72.3429	0.141659	0.137407
28.5669	74.0896	0.141319	0.134038
27.4517	72.3429	0.143542	0.138077
29.9033	72.3429	0.141659	0.137407
26.189	74.0896	0.142035	0.134874
25	72.3429	0.141694	0.13856
27.4517	72.3429	0.143542	0.138077
27.0253	69.2491	0.140913	0.232864
26.9568	67.2765	0.144308	0.219809
30.0542	68.2649	0.140967	0.36471
27.4517	72.3429	0.143542	0.138077
27.0253	69.2491	0.140913	0.232864
28.75	70.3973	0.140801	0.14622
23.75	70.3973	0.14208	0.14689
24.3347	67.1118	0.144137	0.250332
27.0253	69.2491	0.140913	0.232864
34.8233	67.7707	0.140381	0.274564
37.4455	67.9354	0.133684	0.354089
36.25	70.3973	0.139999	0.143995
31.3712	77.1646	0.140884	0.132192
32.7403	78.0345	0.142565	0.132676
30.8485	78.89	0.141754	0.132253
23.329	78.279	0.139346	0.132794
22.3999	76.5052	0.140009	0.13351
24.7277	76.3587	0.140171	0.133107
23.0339	79.8761	0.140182	0.132175
23.329	78.279	0.139346	0.132794
24.9752	78.5234	0.141779	0.132687
21.6827	78.0345	0.138794	0.133097
22.3999	76.5052	0.140009	0.13351
23.329	78.279	0.139346	0.132794
21.6827	78.0345	0.138794	0.133097
23.329	78.279	0.139346	0.132794
23.0339	79.8761	0.140182	0.132175
25	72.3429	0.141694	0.13856
26.189	74.0896	0.142035	0.134874
23.0327	74.7883	0.140114	0.133575
27.2733	75.6267	0.143505	0.132566
26.2439	77.6257	0.143595	0.131838
24.7277	76.3587	0.140171	0.133107
25	80	0.141985	0.132282
23.0339	79.8761	0.140182	0.132175
24.9752	78.5234	0.141779	0.132687
35.7008	74.0896	0.142566	0.134579
37.3942	72.4885	0.140247	0.136843
38.0788	74.0896	0.141701	0.134911
34.5833	76.9444	0.140627	0.133381
35.7008	74.0896	0.142566	0.134579
36.3664	75.6267	0.142003	0.133921
34.8066	72.3429	0.140659	0.137023
37.3942	72.4885	0.140247	0.136843
35.7008	74.0896	0.142566	0.134579
34.5833	76.9444	0.140627	0.133381
33.3228	74.0896	0.142055	0.134227
35.7008	74.0896	0.142566	0.134579
33.75	70.3973	0.140881	0.144034
36.25	70.3973	0.139999	0.143995
34.8066	72.3429	0.140659	0.137023
35.7008	74.0896	0.142566	0.134579
38.0788	74.0896	0.141701	0.134911
36.3664	75.6267	0.142003	0.133921
37.4455	67.9354	0.133684	0.354089
38.75	70.3973	0.140067	0.144438
36.25	70.3973	0.139999	0.143995
39.7099	72.3429	0.139865	0.139061
38.0788	74.0896	0.141701	0.134911
37.3942	72.4885	0.140247	0.136843
36.25	70.3973	0.139999	0.143995
33.75	70.3973	0.140881	0.144034
34.8233	67.7707	0.140381	0.274564
37.3942	72.4885	0.140247	0.136843
36.25	70.3973	0.139999	0.143995
38.75	70.3973	0.140067	0.144438
37.3942	72.4885	0.140247	0.136843
34.8066	72.3429	0.140659	0.137023
36.25	70.3973	0.139999	0.143995
15.5575	63.4929	0.14428	0.386491
16.8484	65.9587	0.142582	0.339332
13.846	66.4528	0.140872	0.222894
11.414	65.9587	0.141505	0.393935
12.8597	63.4929	0.144948	0.221564
13.846	66.4528	0.140872	0.222894
15.0494	60.8826	0.151633	0.225776
17.5295	61.7527	0.149297	0.317221
15.5575	63.4929	0.14428	0.386491
15.5575	63.4929	0.14428	0.386491
17.5295	61.7527	0.149297	0.317221
16.8484	65.9587	0.142582	0.339332
11.6319	58.144	0.429245	0.247643
14.6026	58.144	0.322713	0.294795
12.3979	60.3349	0.153493	0.362036
14.6026	58.144	0.322713	0.294795
17.2808	59.0298	0.281251	0.299545
15.0494	60.8826	0.151633	0.225776
20.363	63.0044	0.149005	0.39987
19.999	65.078	0.145738	0.330409
17.5295	61.7527	0.149297	0.317221
20.7355	60.8826	0.156591	0.416122
20.363	63.0044	0.149005	0.39987
17.5295	61.7527	0.149297	0.317221
20.7355	60.8826	0.156591	0.416122
23.0704	62.1007	0.151635	0.273158
20.363	63.0044	0.149005	0.39987
11.6319	58.144	0.429245	0.247643
10.6893	54.7417	0.245888	0.262367
14.2198	55.2938	0.280912	0.290227
9.3634	60.8826	0.137626	0.209864
11.6319	58.144	0.429245	0.247643
12.3979	60.3349	0.153493	0.362036
8.66123	58.144	0.203871	0.208132
10.6893	54.7417	0.245888	0.262367
11.6319	58.144	0.429245	0.247643
5.69054	58.144	0.331153	0.255686
4.92487	55.4838	0.475784	0.311259
8.05963	55.2938	0.299562	0.220332
6.4478	61.0566	0.146825	0.229482
5.69054	58.144	0.331153	0.255686
8.66123	58.144	0.203871	0.208132
3.67737	60.8826	0.157075	0.295538
2.71986	58.144	0.401846	0.209002
5.69054	58.144	0.331153	0.255686
36.8222	64.0212	0.0600158	0.0843216
39.6261	63.8451	0.0574312	0.0819932
38.586	65.9587	0.0592334	0.0859906
34.1521	62.7968	0.142109	0.330334
36.8222	64.0212	0.0600158	0.0843216
35.8688	65.9587	0.130886	0.278822
37.7936	60.8826	0.14677	0.219979
39.6261	63.8451	0.0574312	0.0819932
36.8222	64.0212	0.0600158	0.0843216
38.75	70.3973	0.140067	0.144438
40.1627	68.2649	0.136378	0.19437
41.25	70.3973	0.141161	0.145604
37.3942	72.4885	0.140247	0.136843
38.75	70.3973	0.140067	0.144438
39.7099	72.3429	0.139865	0.139061
37.4455	67.9354	0.133684	0.354089
40.1627	68.2649	0.136378	0.19437
38.75	70.3973	0.140067	0.144438
35.8688	65.9587	0.130886	0.278822
37.4455	67.9354	0.133684	0.354089
34.8233	67.7707	0.140381	0.274564
33.1516	65.9587	0.142403	0.246522
35.8688	65.9587	0.130886	0.278822
34.8233	67.7707	0.140381	0.274564
34.1521	62.7968	0.142109	0.330334
34.9506	60.8826	0.154862	0.247926
36.8222	64.0212	0.0600158	0.0843216
38.75	70.3973	0.140067	0.144438
41.25	70.3973	0.141161	0.145604
39.7099	72.3429	0.139865	0.139061
38.586	65.9587	0.0592334	0.0859906
40.1627	68.2649	0.136378	0.19437
37.4455	67.9354	0.133684	0.354089
41.3032	65.9587	0.130671	0.196903
42.6898	68.2649	0.142137	0.205086
40.1627	68.2649	0.136378	0.19437
41.3032	65.9587	0.130671	0.196903
44.0204	65.9587	0.143431	0.284066
42.6898	68.2649	0.142137	0.205086
41.25	70.3973	0.141161	0.145604
40.1627	68.2649	0.136378	0.19437
42.6898	68.2649	0.142137	0.205086
36.8222	64.0212	0.0600158	0.0843216
34.9506	60.8826	0.154862	0.247926
37.7936	60.8826	0.14677	0.219979
2.71986	58.144	0.401846	0.209002
4.92487	55.4838	0.475784	0.311259
5.69054	58.144	0.331153	0.255686
8.66123	58.144	0.203871	0.208132
8.05963	55.2938	0.299562	0.220332
10.6893	54.7417	0.245888	0.262367
6.4478	61.0566	0.146825	0.229482
8.66123	58.144	0.203871	0.208132
9.3634	60.8826	0.137626	0.209864
5.69054	58.144	0.331153	0.255686
8.05963	55.2938	0.299562	0.220332
8.66123	58.144	0.203871	0.208132
1.8995	55.2938	0.496562	0.272672
4.92487	55.4838	0.475784	0.311259
2.71986	58.144	0.401846	0.209002
1.8995	55.2938	0.496562	0.272672
1.22131	52.3495	0.441142	0.260171
4.19365	52.3495	0.509548	0.308632
41.3032	65.9587	0.130671	0.196903
42.43	63.669	0.139459	0.330873
44.0204	65.9587	0.143431	0.284066
43.4796	60.8826	0.153934	0.220992
40.6366	60.8826	0.150858	0.226174
41.4664	58.5091	0.363474	0.238868
45.2338	63.4929	0.147935	0.257676
43.4796	60.8826	0.153934	0.220992
46.3226	60.8826	0.15701	0.254519
42.43	63.669	0.139459	0.330873
40.6366	60.8826	0.150858	0.226174
43.4796	60.8826	0.153934	0.220992
41.4664	58.5091	0.363474	0.238868
38.5596	58.6917	0.429388	0.268185
38.8603	55.2938	0.373262	0.212086
46.3226	60.8826	0.15701	0.254519
43.4796	60.8826	0.153934	0.220992
44.2548	57.954	0.472539	0.211486
42.43	63.669	0.139459	0.330873
39.6261	63.8451	0.0574312	0.0819932
40.6366	60.8826	0.150858	0.226174
44.0204	65.9587	0.143431	0.284066
42.43	63.669	0.139459	0.330873
45.2338	63.4929	0.147935	0.257676
36.8222	64.0212	0.0600158	0.0843216
38.586	65.9587	0.0592334	0.0859906
35.8688	65.9587	0.130886	0.278822
40.6366	60.8826	0.150858	0.226174
39.6261	63.8451	0.0574312	0.0819932
37.7936	60.8826	0.14677	0.219979
38.586	65.9587	0.0592334	0.0859906
37.4455	67.9354	0.133684	0.354089
35.8688	65.9587	0.130886	0.278822
41.3032	65.9587	0.130671	0.196903
38.586	65.9587	0.0592334	0.0859906
39.6261	63.8451	0.0574312	0.0819932
41.3032	65.9587	0.130671	0.196903
40.1627	68.2649	0.136378	0.19437
38.586	65.9587	0.0592334	0.0859906
32.2468	68.921	0.141553	0.250683
30.4344	65.9587	0.141703	0.232029
33.1516	65.9587	0.142403	0.246522
21.7285	50.6506	0.394529	0.227756
19.0553	52.3495	0.32274	0.303125
18.9224	49.3292	0.259525	0.310495
21.7462	47.598	0.284677	0.327733
21.7285	50.6506	0.394529	0.227756
18.9224	49.3292	0.259525	0.310495
15.8835	49.3292	0.409357	0.21957
18.8268	46.2515	0.406871	0.218633
18.9224	49.3292	0.259525	0.310495
22.0142	44.8882	0.267311	0.222954
25	46.2515	0.247251	0.258151
21.7462	47.598	0.284677	0.327733
24.7341	50.8393	0.264136	0.270749
22.4091	54.0056	0.316905	0.227475
21.7285	50.6506	0.394529	0.227756
26.54	55.2938	0.242938	0.224355
26.4853	58.144	0.320373	0.223207
23.0771	56.6239	0.352444	0.209128
30.9447	52.3495	0.248056	0.325195
29.6201	55.2938	0.318177	0.217029
27.9723	52.3495	0.286875	0.25499
26.4853	58.144	0.320373	0.223207
26.4215	60.8826	0.156085	0.393897
24.0253	59.6046	0.23809	0.25848
29.6201	55.2938	0.318177	0.217029
26.4853	58.144	0.320373	0.223207
26.54	55.2938	0.242938	0.224355
29.6201	55.2938	0.318177	0.217029
32.1533	57.1939	0.24048	0.244461
29.839	59.2394	0.268102	0.269104
17.2808	59.0298	0.281251	0.299545
20.7355	60.8826	0.156591	0.416122
17.5295	61.7527	0.149297	0.317221
23.0771	56.6239	0.352444	0.209128
20.3936	58.6582	0.44884	0.273385
20.0518	56.4338	0.563821	0.205429
23.0771	56.6239	0.352444	0.209128
24.0253	59.6046	0.23809	0.25848
20.3936	58.6582	0.44884	0.273385
39.0601	41.8598	0.272729	0.212779
37.5191	43.9145	0.453269	0.236604
37.5	40	0.354304	0.142585
40.625	40	0.258304	0.141517
39.0601	41.8598	0.272729	0.212779
37.5	40	0.354304	0.142585
40.6201	43.7197	0.268348	0.316903
37.5191	43.9145	0.453269	0.236604
39.0601	41.8598	0.272729	0.212779
40.6201	43.7197	0.268348	0.316903
40.433	46.2515	0.285219	0.258845
37.5191	43.9145	0.453269	0.236604
43.6923	43.1354	0.28299	0.261467
40.6201	43.7197	0.268348	0.316903
40.625	40	0.258304	0.141517
43.6923	43.1354	0.28299	0.261467
43.5196	46.2515	0.55228	0.29464
40.6201	43.7197	0.268348	0.316903
46.8798	40.196	0.243991	0.214426
43.6923	43.1354	0.28299	0.261467
43.75	40	0.383227	0.144143
46.8077	43.1354	0.478583	0.296908
49.6928	46.2515	0.480021	0.30668
46.6062	46.2515	0.611703	0.26408
37.5	40	0.354304	0.142585
34.399	40.9798	0.406155	0.240267
34.3221	37.8444	0.248454	0.138207
40.5769	36.8646	0.252423	0.134286
37.5	40	0.354304	0.142585
37.4615	36.8646	0.313765	0.134856
40.625	40	0.258304	0.141517
40.6201	43.7197	0.268348	0.316903
39.0601	41.8598	0.272729	0.212779
40.1224	48.7521	0.268683	0.302048
37.0597	48.5598	0.3002	0.260324
37.3464	46.2515	0.397128	0.20906
34.1165	49.3292	0.301434	0.247686
36.7564	51.5944	0.447998	0.279403
34.1289	53.2696	0.389409	0.226723
31.1732	46.2515	0.496484	0.265203
34.1165	49.3292	0.301434	0.247686
31.0776	49.3292	0.422469	0.228983
28.0866	46.2515	0.429323	0.292758
31.1732	46.2515	0.496484	0.265203
31.0776	49.3292	0.422469	0.228983
34.3294	43.6157	0.353384	0.296455
34.399	40.9798	0.406155	0.240267
37.5191	43.9145	0.453269	0.236604
31.1732	46.2515	0.496484	0.265203
31.226	43.7137	0.282753	0.213395
34.2598	46.2515	0.316704	0.31993
31.2788	41.1758	0.304154	0.281855
34.399	40.9798	0.406155	0.240267
34.3294	43.6157	0.353384	0.296455
37.0597	48.5598	0.3002	0.260324
36.7564	51.5944	0.447998	0.279403
34.1165	49.3292	0.301434	0.247686
37.3464	46.2515	0.397128	0.20906
37.0597	48.5598	0.3002	0.260324
34.2598	46.2515	0.316704	0.31993
40.433	46.2515	0.285219	0.258845
37.3464	46.2515	0.397128	0.20906
37.5191	43.9145	0.453269	0.236604
40.433	46.2515	0.285219	0.258845
40.1224	48.7521	0.268683	0.302048
37.3464	46.2515	0.397128	0.20906
40.1224	48.7521	0.268683	0.302048
36.7564	51.5944	0.447998	0.279403
37.0597	48.5598	0.3002	0.260324
46.2717	49.3292	0.316011	0.208728
45.8487	52.5335	0.60959	0.215837
43.2329	49.3292	0.396335	0.271838
34.1165	49.3292	0.301434	0.247686
34.1289	53.2696	0.389409	0.226723
30.9447	52.3495	0.248056	0.325195
7.464	63.4929	0.142263	0.293828
8.78345	65.7825	0.140962	0.328114
5.97957	65.9587	0.141385	0.301459
6.4478	61.0566	0.146825	0.229482
7.464	63.4929	0.142263	0.293828
4.76616	63.4929	0.143971	0.241984
6.4478	61.0566	0.146825	0.229482
9.3634	60.8826	0.137626	0.209864
7.464	63.4929	0.142263	0.293828
12.3979	60.3349	0.153493	0.362036
10.1618	63.4929	0.140228	0.231839
9.3634	60.8826	0.137626	0.209864
12.8597	63.4929	0.144948	0.221564
15.0494	60.8826	0.151633	0.225776
15.5575	63.4929	0.14428	0.386491
12.3644	68.2649	0.140144	0.207537
13.513	70.6966	0.141733	0.141803
11.25	70.3973	0.139447	0.143496
16.8484	65.9587	0.142582	0.339332
14.8915	68.2649	0.141123	0.243131
13.846	66.4528	0.140872	0.222894
17.4187	68.2649	0.140938	0.235734
16.25	70.3973	0.142384	0.144171
14.8915	68.2649	0.141123	0.243131
19.999	65.078	0.145738	0.330409
19.0904	66.7823	0.144718	0.222673
16.8484	65.9587	0.142582	0.339332
19.193	69.7412	0.143167	0.210942
20.0967	72.3429	0.142882	0.139494
17.645	72.3429	0.14219	0.138122
9.83732	68.2649	0.141345	0.2395
8.78345	65.7825	0.140962	0.328114
11.414	65.9587	0.141505	0.393935
6.48041	46.2515	0.388733	0.226506
3.72828	49.3292	0.269356	0.209311
3.39381	46.2515	0.344159	0.211892
9.70619	49.8955	0.256065	0.212367
6.76709	49.3292	0.47217	0.319156
9.61019	45.6673	0.279277	0.213019
9.70619	49.8955	0.256065	0.212367
10.1383	52.3495	0.416958	0.231492
7.16598	52.3495	0.474142	0.210005
13.1107	52.3495	0.512298	0.229941
10.1383	52.3495	0.416958	0.231492
12.7118	50.0843	0.571385	0.245628
4.19365	52.3495	0.509548	0.308632
3.72828	49.3292	0.269356	0.209311
6.76709	49.3292	0.47217	0.319156
1.8995	55.2938	0.496562	0.272672
4.19365	52.3495	0.509548	0.308632
4.92487	55.4838	0.475784	0.311259
1.22131	52.3495	0.441142	0.260171
3.72828	49.3292	0.269356	0.209311
4.19365	52.3495	0.509548	0.308632
22.2828	65.9587	0.143886	0.294745
23.0704	62.1007	0.151635	0.273158
25.6067	64.7258	0.144163	0.298324
21.8037	69.5771	0.141449	0.316462
22.2828	65.9587	0.143886	0.294745
24.3347	67.1118	0.144137	0.250332
19.999	65.078	0.145738	0.330409
20.363	63.0044	0.149005	0.39987
22.2828	65.9587	0.143886	0.294745
21.8037	69.5771	0.141449	0.316462
19.193	69.7412	0.143167	0.210942
19.0904	66.7823	0.144718	0.222673
16.8484	65.9587	0.142582	0.339332
17.5295	61.7527	0.149297	0.317221
19.999	65.078	0.145738	0.330409
22.2828	65.9587	0.143886	0.294745
20.363	63.0044	0.149005	0.39987
23.0704	62.1007	0.151635	0.273158
16.25	70.3973	0.142384	0.144171
15.1934	72.3429	0.140304	0.137359
13.513	70.6966	0.141733	0.141803
7.464	63.4929	0.142263	0.293828
10.1618	63.4929	0.140228	0.231839
8.78345	65.7825	0.140962	0.328114
20.0518	56.4338	0.563821	0.205429
19.0553	52.3495	0.32274	0.303125
22.4091	54.0056	0.316905	0.227475
20.3936	58.6582	0.44884	0.273385
17.2808	59.0298	0.281251	0.299545
20.0518	56.4338	0.563821	0.205429
15.0494	60.8826	0.151633	0.225776
12.8597	63.4929	0.144948	0.221564
12.3979	60.3349	0.153493	0.362036
9.3634	60.8826	0.137626	0.209864
8.66123	58.144	0.203871	0.208132
11.6319	58.144	0.429245	0.247643
9.70619	49.8955	0.256065	0.212367
7.16598	52.3495	0.474142	0.210005
6.76709	49.3292	0.47217	0.319156
13.1107	52.3495	0.512298	0.229941
16.083	52.3495	0.25654	0.2148
14.2198	55.2938	0.280912	0.290227
23.0771	56.6239	0.352444	0.209128
22.4091	54.0056	0.316905	0.227475
26.54	55.2938	0.242938	0.224355
20.7355	60.8826	0.156591	0.416122
20.3936	58.6582	0.44884	0.273385
24.0253	59.6046	0.23809	0.25848
20.0518	56.4338	0.563821	0.205429
22.4091	54.0056	0.316905	0.227475
23.0771	56.6239	0.352444	0.209128
20.7355	60.8826	0.156591	0.416122
17.2808	59.0298	0.281251	0.299545
20.3936	58.6582	0.44884	0.273385
17.0264	56.2438	0.326349	0.219166
19.0553	52.3495	0.32274	0.303125
20.0518	56.4338	0.563821	0.205429
6.30769	36.8646	0.321433	0.134917
6.24038	39.6081	0.377239	0.140904
3.19231	36.8646	0.245469	0.135639
9.49534	33.1714	0.284989	0.132978
9.42308	36.8646	0.237848	0.134145
6.43263	33.3637	0.240332	0.132012
6.31731	42.7435	0.544212	0.224109
3.125	40	0.247159	0.14617
6.24038	39.6081	0.377239	0.140904
9.4375	42.5475	0.55674	0.296919
12.5	40	0.252158	0.14385
12.5577	42.3516	0.521694	0.227316
6.30769	36.8646	0.321433	0.134917
9.36058	39.4121	0.23495	0.140063
6.24038	39.6081	0.377239	0.140904
9.42308	36.8646	0.237848	0.134145
12.5385	36.8646	0.252226	0.134832
9.36058	39.4121	0.23495	0.140063
15.8122	34.7222	0.361179	0.132876
12.5385	36.8646	0.252226	0.134832
12.7112	34.5275	0.252664	0.132223
9.4375	42.5475	0.55674	0.296919
12.5577	42.3516	0.521694	0.227316
9.61019	45.6673	0.279277	0.213019
6.24038	39.6081	0.377239	0.140904
9.4375	42.5475	0.55674	0.296919
6.31731	42.7435	0.544212	0.224109
9.36058	39.4121	0.23495	0.140063
12.5	40	0.252158	0.14385
9.4375	42.5475	0.55674	0.296919
15.601	39.0202	0.331875	0.139409
12.5	40	0.252158	0.14385
12.5385	36.8646	0.252226	0.134832
15.601	39.0202	0.331875	0.139409
15.6779	42.1556	0.263359	0.249209
12.5	40	0.252158	0.14385
6.48041	46.2515	0.388733	0.226506
6.76709	49.3292	0.47217	0.319156
3.72828	49.3292	0.269356	0.209311
6.31731	42.7435	0.544212	0.224109
6.48041	46.2515	0.388733	0.226506
3.39381	46.2515	0.344159	0.211892
9.61019	45.6673	0.279277	0.213019
6.76709	49.3292	0.47217	0.319156
6.48041	46.2515	0.388733	0.226506
12.7118	50.0843	0.571385	0.245628
9.70619	49.8955	0.256065	0.212367
11.1799	48.0735	0.302489	0.236418
3.19711	42.9395	0.296635	0.218142
0.076922	43.1354	0.341486	0.313718
-3.10282e-28	40	0.266564	0.299354
6.31731	42.7435	0.544212	0.224109
3.19711	42.9395	0.296635	0.218142
3.125	40	0.247159	0.14617
3.39381	46.2515	0.344159	0.211892
0.307214	46.2515	0.245955	0.236218
3.19711	42.9395	0.296635	0.218142
45.0204	55.2938	0.490618	0.215524
41.9404	55.2938	0.438369	0.204375
42.834	52.3495	0.491791	0.205842
48.1005	55.2938	0.361125	0.223521
45.0204	55.2938	0.490618	0.215524
45.8487	52.5335	0.60959	0.215837
44.2548	57.954	0.472539	0.211486
41.9404	55.2938	0.438369	0.204375
45.0204	55.2938	0.490618	0.215524
46.3226	60.8826	0.15701	0.254519
44.2548	57.954	0.472539	0.211486
47.2801	58.144	0.452267	0.299841
41.4664	58.5091	0.363474	0.238868
38.8603	55.2938	0.373262	0.212086
41.9404	55.2938	0.438369	0.204375
27.9723	52.3495	0.286875	0.25499
28.0388	49.3292	0.478864	0.229698
30.9447	52.3495	0.248056	0.325195
19.0553	52.3495	0.32274	0.303125
21.7285	50.6506	0.394529	0.227756
22.4091	54.0056	0.316905	0.227475
25	46.2515	0.247251	0.258151
28.0388	49.3292	0.478864	0.229698
24.7341	50.8393	0.264136	0.270749
21.7285	50.6506	0.394529	0.227756
21.7462	47.598	0.284677	0.327733
24.7341	50.8393	0.264136	0.270749
15.6779	42.1556	0.263359	0.249209
17.2523	44.2036	0.245889	0.213029
14.1489	44.3016	0.529611	0.238129
22.0142	44.8882	0.267311	0.222954
18.8268	46.2515	0.406871	0.218633
18.7981	41.9596	0.347985	0.225997
15.8835	49.3292	0.409357	0.21957
12.6536	46.2515	0.459704	0.201082
15.7402	46.2515	0.540135	0.214099
17.0264	56.2438	0.326349	0.219166
16.083	52.3495	0.25654	0.2148
19.0553	52.3495	0.32274	0.303125
4.19365	52.3495	0.509548	0.308632
7.16598	52.3495	0.474142	0.210005
4.92487	55.4838	0.475784	0.311259
21.9183	41.7637	0.419319	0.284217
25	43.1354	0.532535	0.20607
22.0142	44.8882	0.267311	0.222954
28.125	40	0.257938	0.14528
25	40	0.264075	0.14198
28.1154	36.8646	0.470656	0.134993
25	30.6708	0.260443	0.132277
25.1151	35.3065	0.282872	0.132967
21.9134	33.7485	0.299513	0.132659
31.3171	35.696	0.317073	0.134379
28.0866	33.7485	0.480064	0.132318
30.9343	31.8249	0.257633	0.131048
28.1154	36.8646	0.470656	0.134993
25.1151	35.3065	0.282872	0.132967
28.0866	33.7485	0.480064	0.132318
33.7508	28.5944	0.244425	0.131635
37.1553	30.6708	0.228044	0.132854
33.997	31.6326	0.254118	0.131226
21.8846	36.8646	0.45247	0.134238
21.9014	39.3141	0.239577	0.142277
18.7212	38.8242	0.27979	0.139536
28.1154	36.8646	0.470656	0.134993
25	40	0.264075	0.14198
25.1151	35.3065	0.282872	0.132967
28.125	40	0.257938	0.14528
28.1154	43.1354	0.636317	0.313512
25	40	0.264075	0.14198
3.72828	49.3292	0.269356	0.209311
1.22131	52.3495	0.441142	0.260171
0.68946	49.3292	0.470746	0.243083
0.307214	46.2515	0.245955	0.236218
3.39381	46.2515	0.344159	0.211892
0.68946	49.3292	0.470746	0.243083
11.1799	48.0735	0.302489	0.236418
12.6536	46.2515	0.459704	0.201082
12.7118	50.0843	0.571385	0.245628
9.61019	45.6673	0.279277	0.213019
11.1799	48.0735	0.302489	0.236418
9.70619	49.8955	0.256065	0.212367
9.61019	45.6673	0.279277	0.213019
12.6536	46.2515	0.459704	0.201082
11.1799	48.0735	0.302489	0.236418
31.3817	62.6228	0.149626	0.398721
34.1521	62.7968	0.142109	0.330334
33.1516	65.9587	0.142403	0.246522
26.9568	67.2765	0.144308	0.219809
28.4106	64.5496	0.143829	0.226535
30.4344	65.9587	0.141703	0.232029
29.839	59.2394	0.268102	0.269104
33.5519	59.0383	0.283354	0.259669
31.3817	62.6228	0.149626	0.398721
28.6113	62.4488	0.148363	0.231659
29.839	59.2394	0.268102	0.269104
31.3817	62.6228	0.149626	0.398721
20.7355	60.8826	0.156591	0.416122
24.0253	59.6046	0.23809	0.25848
23.0704	62.1007	0.151635	0.273158
25.6371	53.0665	0.250577	0.277538
24.7341	50.8393	0.264136	0.270749
27.9723	52.3495	0.286875	0.25499
22.4091	54.0056	0.316905	0.227475
25.6371	53.0665	0.250577	0.277538
26.54	55.2938	0.242938	0.224355
22.4091	54.0056	0.316905	0.227475
24.7341	50.8393	0.264136	0.270749
25.6371	53.0665	0.250577	0.277538
29.6201	55.2938	0.318177	0.217029
31.8745	54.2817	0.264558	0.278584
32.1533	57.1939	0.24048	0.244461
34.2598	46.2515	0.316704	0.31993
34.3294	43.6157	0.353384	0.296455
37.3464	46.2515	0.397128	0.20906
31.1732	46.2515	0.496484	0.265203
34.2598	46.2515	0.316704	0.31993
34.1165	49.3292	0.301434	0.247686
34.2598	46.2515	0.316704	0.31993
31.226	43.7137	0.282753	0.213395
34.3294	43.6157	0.353384	0.296455
35.6527	58.8743	0.511804	0.207745
38.5596	58.6917	0.429388	0.268185
37.7936	60.8826	0.14677	0.219979
33.5519	59.0383	0.283354	0.259669
35.6527	58.8743	0.511804	0.207745
34.9506	60.8826	0.154862	0.247926
35.7802	55.2938	0.29185	0.233041
38.5596	58.6917	0.429388	0.268185
35.6527	58.8743	0.511804	0.207745
42.43	63.669	0.139459	0.330873
43.4796	60.8826	0.153934	0.220992
45.2338	63.4929	0.147935	0.257676
6.48041	46.2515	0.388733	0.226506
6.31731	42.7435	0.544212	0.224109
9.61019	45.6673	0.279277	0.213019
0.68946	49.3292	0.470746	0.243083
3.39381	46.2515	0.344159	0.211892
3.72828	49.3292	0.269356	0.209311
0.307214	46.2515	0.245955	0.236218
0.076922	43.1354	0.341486	0.313718
3.19711	42.9395	0.296635	0.218142
6.4478	61.0566	0.146825	0.229482
4.76616	63.4929	0.143971	0.241984
3.67737	60.8826	0.157075	0.295538
5.69054	58.144	0.331153	0.255686
6.4478	61.0566	0.146825	0.229482
3.67737	60.8826	0.157075	0.295538
9.3634	60.8826	0.137626	0.209864
10.1618	63.4929	0.140228	0.231839
7.464	63.4929	0.142263	0.293828
14.6026	58.144	0.322713	0.294795
15.0494	60.8826	0.151633	0.225776
12.3979	60.3349	0.153493	0.362036
14.2198	55.2938	0.280912	0.290227
14.6026	58.144	0.322713	0.294795
11.6319	58.144	0.429245	0.247643
14.2198	55.2938	0.280912	0.290227
17.0264	56.2438	0.326349	0.219166
14.6026	58.144	0.322713	0.294795
7.464	63.4929	0.142263	0.293828
5.97957	65.9587	0.141385	0.301459
4.76616	63.4929	0.143971	0.241984
11.414	65.9587	0.141505	0.393935
13.846	66.4528	0.140872	0.222894
12.3644	68.2649	0.140144	0.207537
10.1618	63.4929	0.140228	0.231839
11.414	65.9587	0.141505	0.393935
8.78345	65.7825	0.140962	0.328114
12.8597	63.4929	0.144948	0.221564
15.5575	63.4929	0.14428	0.386491
13.846	66.4528	0.140872	0.222894
10.1618	63.4929	0.140228	0.231839
12.8597	63.4929	0.144948	0.221564
11.414	65.9587	0.141505	0.393935
10.1618	63.4929	0.140228	0.231839
12.3979	60.3349	0.153493	0.362036
12.8597	63.4929	0.144948	0.221564
9.83732	68.2649	0.141345	0.2395
7.31021	68.2649	0.140798	0.237295
8.78345	65.7825	0.140962	0.328114
31.8745	54.2817	0.264558	0.278584
30.9447	52.3495	0.248056	0.325195
34.1289	53.2696	0.389409	0.226723
35.7802	55.2938	0.29185	0.233041
31.8745	54.2817	0.264558	0.278584
34.1289	53.2696	0.389409	0.226723
29.6201	55.2938	0.318177	0.217029
30.9447	52.3495	0.248056	0.325195
31.8745	54.2817	0.264558	0.278584
29.839	59.2394	0.268102	0.269104
26.4853	58.144	0.320373	0.223207
29.6201	55.2938	0.318177	0.217029
33.5519	59.0383	0.283354	0.259669
29.839	59.2394	0.268102	0.269104
32.1533	57.1939	0.24048	0.244461
35.7802	55.2938	0.29185	0.233041
33.5519	59.0383	0.283354	0.259669
32.1533	57.1939	0.24048	0.244461
34.9506	60.8826	0.154862	0.247926
31.3817	62.6228	0.149626	0.398721
33.5519	59.0383	0.283354	0.259669
28.6113	62.4488	0.148363	0.231659
26.4215	60.8826	0.156085	0.393897
29.839	59.2394	0.268102	0.269104
26.54	55.2938	0.242938	0.224355
27.9723	52.3495	0.286875	0.25499
29.6201	55.2938	0.318177	0.217029
25.6371	53.0665	0.250577	0.277538
27.9723	52.3495	0.286875	0.25499
26.54	55.2938	0.242938	0.224355
24.7341	50.8393	0.264136	0.270749
28.0388	49.3292	0.478864	0.229698
27.9723	52.3495	0.286875	0.25499
22.5483	72.3429	0.142708	0.139815
23.75	70.3973	0.14208	0.14689
25	72.3429	0.141694	0.13856
23.0327	74.7883	0.140114	0.133575
22.5483	72.3429	0.142708	0.139815
25	72.3429	0.141694	0.13856
21.4331	74.0896	0.13955	0.13566
19.0551	74.0896	0.140331	0.134718
20.0967	72.3429	0.142882	0.139494
19.0904	66.7823	0.144718	0.222673
22.2828	65.9587	0.143886	0.294745
21.8037	69.5771	0.141449	0.316462
24.3347	67.1118	0.144137	0.250332
23.75	70.3973	0.14208	0.14689
21.8037	69.5771	0.141449	0.316462
27.0253	69.2491	0.140913	0.232864
30.0542	68.2649	0.140967	0.36471
28.75	70.3973	0.140801	0.14622
25.6067	64.7258	0.144163	0.298324
28.4106	64.5496	0.143829	0.226535
26.9568	67.2765	0.144308	0.219809
22.2828	65.9587	0.143886	0.294745
25.6067	64.7258	0.144163	0.298324
24.3347	67.1118	0.144137	0.250332
23.0704	62.1007	0.151635	0.273158
26.4215	60.8826	0.156085	0.393897
25.6067	64.7258	0.144163	0.298324
30.4344	65.9587	0.141703	0.232029
30.0542	68.2649	0.140967	0.36471
26.9568	67.2765	0.144308	0.219809
28.6113	62.4488	0.148363	0.231659
31.3817	62.6228	0.149626	0.398721
28.4106	64.5496	0.143829	0.226535
25.6067	64.7258	0.144163	0.298324
28.6113	62.4488	0.148363	0.231659
28.4106	64.5496	0.143829	0.226535
26.4215	60.8826	0.156085	0.393897
26.4853	58.144	0.320373	0.223207
29.839	59.2394	0.268102	0.269104
25.6067	64.7258	0.144163	0.298324
26.4215	60.8826	0.156085	0.393897
28.6113	62.4488	0.148363	0.231659
24.0253	59.6046	0.23809	0.25848
23.0771	56.6239	0.352444	0.209128
26.4853	58.144	0.320373	0.223207
33.1516	65.9587	0.142403	0.246522
34.8233	67.7707	0.140381	0.274564
32.2468	68.921	0.141553	0.250683
31.3817	62.6228	0.149626	0.398721
33.1516	65.9587	0.142403	0.246522
30.4344	65.9587	0.141703	0.232029
34.1521	62.7968	0.142109	0.330334
35.8688	65.9587	0.130886	0.278822
33.1516	65.9587	0.142403	0.246522
32.355	72.3429	0.143333	0.137361
33.75	70.3973	0.140881	0.144034
34.8066	72.3429	0.140659	0.137023
29.3832	76.0659	0.144057	0.132372
28.5669	74.0896	0.141319	0.134038
30.9297	73.8705	0.142606	0.134294
31.0572	70.658	0.140258	0.144673
33.75	70.3973	0.140881	0.144034
32.355	72.3429	0.143333	0.137361
29.9033	72.3429	0.141659	0.137407
31.0572	70.658	0.140258	0.144673
32.355	72.3429	0.143333	0.137361
28.4106	64.5496	0.143829	0.226535
31.3817	62.6228	0.149626	0.398721
30.4344	65.9587	0.141703	0.232029
24.3347	67.1118	0.144137	0.250332
25.6067	64.7258	0.144163	0.298324
26.9568	67.2765	0.144308	0.219809
23.0704	62.1007	0.151635	0.273158
24.0253	59.6046	0.23809	0.25848
26.4215	60.8826	0.156085	0.393897
30.4344	65.9587	0.141703	0.232029
32.2468	68.921	0.141553	0.250683
30.0542	68.2649	0.140967	0.36471
34.8233	67.7707	0.140381	0.274564
33.75	70.3973	0.140881	0.144034
32.2468	68.921	0.141553	0.250683
43.2329	49.3292	0.396335	0.271838
40.1224	48.7521	0.268683	0.302048
40.433	46.2515	0.285219	0.258845
48.7787	52.3495	0.399168	0.204091
45.8487	52.5335	0.60959	0.215837
46.2717	49.3292	0.316011	0.208728
42.834	52.3495	0.491791	0.205842
40.1224	48.7521	0.268683	0.302048
43.2329	49.3292	0.396335	0.271838
47.2801	58.144	0.452267	0.299841
44.2548	57.954	0.472539	0.211486
45.0204	55.2938	0.490618	0.215524
38.8603	55.2938	0.373262	0.212086
35.7802	55.2938	0.29185	0.233041
36.7564	51.5944	0.447998	0.279403
41.9404	55.2938	0.438369	0.204375
38.8603	55.2938	0.373262	0.212086
39.8617	52.3495	0.367446	0.215134
45.8487	52.5335	0.60959	0.215837
45.0204	55.2938	0.490618	0.215524
42.834	52.3495	0.491791	0.205842
41.4664	58.5091	0.363474	0.238868
40.6366	60.8826	0.150858	0.226174
38.5596	58.6917	0.429388	0.268185
44.2548	57.954	0.472539	0.211486
41.4664	58.5091	0.363474	0.238868
41.9404	55.2938	0.438369	0.204375
44.2548	57.954	0.472539	0.211486
43.4796	60.8826	0.153934	0.220992
41.4664	58.5091	0.363474	0.238868
38.5596	58.6917	0.429388	0.268185
35.7802	55.2938	0.29185	0.233041
38.8603	55.2938	0.373262	0.212086
6.31731	42.7435	0.544212	0.224109
3.39381	46.2515	0.344159	0.211892
3.19711	42.9395	0.296635	0.218142
45.8487	52.5335	0.60959	0.215837
42.834	52.3495	0.491791	0.205842
43.2329	49.3292	0.396335	0.271838
48.1005	55.2938	0.361125	0.223521
45.8487	52.5335	0.60959	0.215837
48.7787	52.3495	0.399168	0.204091
48.1005	55.2938	0.361125	0.223521
47.2801	58.144	0.452267	0.299841
45.0204	55.2938	0.490618	0.215524
37.7936	60.8826	0.14677	0.219979
38.5596	58.6917	0.429388	0.268185
40.6366	60.8826	0.150858	0.226174
41.3032	65.9587	0.130671	0.196903
39.6261	63.8451	0.0574312	0.0819932
42.43	63.669	0.139459	0.330873
34.9506	60.8826	0.154862	0.247926
35.6527	58.8743	0.511804	0.207745
37.7936	60.8826	0.14677	0.219979
31.3817	62.6228	0.149626	0.398721
34.9506	60.8826	0.154862	0.247926
34.1521	62.7968	0.142109	0.330334
33.5519	59.0383	0.283354	0.259669
35.7802	55.2938	0.29185	0.233041
35.6527	58.8743	0.511804	0.207745
31.8745	54.2817	0.264558	0.278584
35.7802	55.2938	0.29185	0.233041
32.1533	57.1939	0.24048	0.244461
34.1165	49.3292	0.301434	0.247686
34.2598	46.2515	0.316704	0.31993
37.0597	48.5598	0.3002	0.260324
28.0388	49.3292	0.478864	0.229698
31.0776	49.3292	0.422469	0.228983
30.9447	52.3495	0.248056	0.325195
28.0388	49.3292	0.478864	0.229698
25	46.2515	0.247251	0.258151
28.0866	46.2515	0.429323	0.292758
36.7564	51.5944	0.447998	0.279403
35.7802	55.2938	0.29185	0.233041
34.1289	53.2696	0.389409	0.226723
30.9447	52.3495	0.248056	0.325195
31.0776	49.3292	0.422469	0.228983
34.1165	49.3292	0.301434	0.247686
40.1224	48.7521	0.268683	0.302048
42.834	52.3495	0.491791	0.205842
39.8617	52.3495	0.367446	0.215134
39.8617	52.3495	0.367446	0.215134
42.834	52.3495	0.491791	0.205842
41.9404	55.2938	0.438369	0.204375
36.7564	51.5944	0.447998	0.279403
39.8617	52.3495	0.367446	0.215134
38.8603	55.2938	0.373262	0.212086
36.7564	51.5944	0.447998	0.279403
40.1224	48.7521	0.268683	0.302048
39.8617	52.3495	0.367446	0.215134
18.9224	49.3292	0.259525	0.310495
19.0553	52.3495	0.32274	0.303125
16.083	52.3495	0.25654	0.2148
15.7402	46.2515	0.540135	0.214099
18.8268	46.2515	0.406871	0.218633
15.8835	49.3292	0.409357	0.21957
21.7462	47.598	0.284677	0.327733
25	46.2515	0.247251	0.258151
24.7341	50.8393	0.264136	0.270749
22.0108	14.5924	0.272596	0.132697
19.9458	11.7351	0.21726	0.13299
23.0432	12.7235	0.315469	0.131886
17.645	7.6571	0.146148	0.133122
18.75	9.60269	0.154223	0.132557
16.5822	10.0948	0.288615	0.132277
14.9215	7.36598	0.148305	0.132633
17.645	7.6571	0.146148	0.133122
16.5822	10.0948	0.288615	0.132277
16.6772	5.91038	0.143501	0.132268
19.0551	5.91038	0.142296	0.133536
17.645	7.6571	0.146148	0.133122
20.0967	7.6571	0.145433	0.133081
21.25	9.60269	0.152185	0.133369
18.75	9.60269	0.154223	0.132557
17.645	7.6571	0.146148	0.133122
19.0551	5.91038	0.142296	0.133536
20.0967	7.6571	0.145433	0.133081
24.1844	6.78374	0.144559	0.132366
26.189	5.91038	0.144211	0.132407
25.4207	8.55507	0.15067	0.132074
28.5669	5.91038	0.146136	0.132697
31.8199	4.37335	0.141366	0.133185
31.1316	6.34706	0.144484	0.133014
26.9661	0.123895	0.141925	0.133107
28.4094	2.238	0.143181	0.132762
26.0648	3.0556	0.141672	0.132169
28.9198	0.494728	0.14303	0.132939
30.8485	1.10996	0.14205	0.133088
28.4094	2.238	0.143181	0.132762
31.25	9.60269	0.155788	0.132062
33.75	9.60269	0.154678	0.131381
32.5813	11.7351	0.345395	0.13136
30.9096	13.2177	0.264754	0.131761
29.636	10.915	0.299552	0.131776
32.5813	11.7351	0.345395	0.13136
32.355	7.6571	0.148223	0.132
33.4473	6.2015	0.145086	0.132735
34.9468	7.95642	0.148302	0.132427
29.9033	7.6571	0.147637	0.13201
32.355	7.6571	0.148223	0.132
31.25	9.60269	0.155788	0.132062
31.1316	6.34706	0.144484	0.133014
31.8199	4.37335	0.141366	0.133185
33.4473	6.2015	0.145086	0.132735
29.9033	7.6571	0.147637	0.13201
31.1316	6.34706	0.144484	0.133014
32.355	7.6571	0.148223	0.132
29.9033	7.6571	0.147637	0.13201
28.5669	5.91038	0.146136	0.132697
31.1316	6.34706	0.144484	0.133014
28.5669	5.91038	0.146136	0.132697
29.9033	7.6571	0.147637	0.13201
27.8022	8.40541	0.152653	0.131715
25	4.37335	0.140947	0.132665
27.2733	4.37335	0.143187	0.132633
26.189	5.91038	0.144211	0.132407
27.2733	4.37335	0.143187	0.132633
30.3241	3.0556	0.141763	0.132765
28.5669	5.91038	0.146136	0.132697
31.1316	6.34706	0.144484	0.133014
33.4473	6.2015	0.145086	0.132735
32.355	7.6571	0.148223	0.132
27.2733	4.37335	0.143187	0.132633
28.4094	2.238	0.143181	0.132762
30.3241	3.0556	0.141763	0.132765
26.189	5.91038	0.144211	0.132407
27.2733	4.37335	0.143187	0.132633
28.5669	5.91038	0.146136	0.132697
26.0648	3.0556	0.141672	0.132169
28.4094	2.238	0.143181	0.132762
27.2733	4.37335	0.143187	0.132633
29.636	10.915	0.299552	0.131776
29.9033	7.6571	0.147637	0.13201
31.25	9.60269	0.155788	0.132062
25.4207	8.55507	0.15067	0.132074
27.8022	8.40541	0.152653	0.131715
27.0253	10.7509	0.238024	0.131401
25.4207	8.55507	0.15067	0.132074
26.189	5.91038	0.144211	0.132407
27.8022	8.40541	0.152653	0.131715
26.3489	16.5071	0.23624	0.131311
24.3933	15.2742	0.233045	0.131841
25.6653	12.8882	0.309961	0.131977
30.3241	3.0556	0.141763	0.132765
31.8199	4.37335	0.141366	0.133185
28.5669	5.91038	0.146136	0.132697
30.8485	1.10996	0.14205	0.133088
30.3241	3.0556	0.141763	0.132765
28.4094	2.238	0.143181	0.132762
30.8485	1.10996	0.14205	0.133088
32.7403	1.96546	0.141497	0.132218
30.3241	3.0556	0.141763	0.132765
30.3241	3.0556	0.141763	0.132765
32.7403	1.96546	0.141497	0.132218
31.8199	4.37335	0.141366	0.133185
23.9352	3.0556	0.142363	0.13347
25	4.37335	0.140947	0.132665
22.7267	4.37335	0.142941	0.132519
26.9661	0.123895	0.141925	0.133107
26.0648	3.0556	0.141672	0.132169
25.0248	1.47661	0.140154	0.132715
26.9661	0.123895	0.141925	0.133107
28.9198	0.494728	0.14303	0.132939
28.4094	2.238	0.143181	0.132762
25.0248	1.47661	0.140154	0.132715
25	-8.70219e-28	0.141514	0.133339
26.9661	0.123895	0.141925	0.133107
23.9352	3.0556	0.142363	0.13347
25.0248	1.47661	0.140154	0.132715
26.0648	3.0556	0.141672	0.132169
23.9352	3.0556	0.142363	0.13347
23.0835	1.59882	0.141332	0.133647
25.0248	1.47661	0.140154	0.132715
32.7403	1.96546	0.141497	0.132218
34.5833	3.0556	0.140005	0.133056
31.8199	4.37335	0.141366	0.133185
25	4.37335	0.140947	0.132665
26.0648	3.0556	0.141672	0.132169
27.2733	4.37335	0.143187	0.132633
24.1844	6.78374	0.144559	0.132366
25	4.37335	0.140947	0.132665
26.189	5.91038	0.144211	0.132407
23.9352	3.0556	0.142363	0.13347
26.0648	3.0556	0.141672	0.132169
25	4.37335	0.140947	0.132665
21.913	2.6468	0.140514	0.133704
23.9352	3.0556	0.142363	0.13347
22.7267	4.37335	0.142941	0.132519
23.0835	1.59882	0.141332	0.133647
23.0339	0.123895	0.141495	0.132945
25.0248	1.47661	0.140154	0.132715
21.913	2.6468	0.140514	0.133704
23.0835	1.59882	0.141332	0.133647
23.9352	3.0556	0.142363	0.13347
21.4331	5.91038	0.142704	0.132512
20.4534	4.37335	0.142775	0.132554
22.7267	4.37335	0.142941	0.132519
19.7476	2.78306	0.142951	0.132699
21.0802	0.494728	0.14014	0.133078
21.913	2.6468	0.140514	0.133704
23.0339	0.123895	0.141495	0.132945
25	-8.70219e-28	0.141514	0.133339
25.0248	1.47661	0.140154	0.132715
33.4473	6.2015	0.145086	0.132735
34.5833	3.0556	0.140005	0.133056
35.7008	5.91038	0.141678	0.13246
36.3664	4.37335	0.141072	0.132293
35.7008	5.91038	0.141678	0.13246
34.5833	3.0556	0.140005	0.133056
23.5785	19.1174	0.463125	0.131419
26.3489	16.5071	0.23624	0.131311
26.4215	19.1174	0.342641	0.130977
23.0771	23.3761	0.362004	0.130534
25.3391	26.1784	0.245037	0.130639
22.0277	27.6505	0.348872	0.130922
29.636	10.915	0.299552	0.131776
27.8022	8.40541	0.152653	0.131715
29.9033	7.6571	0.147637	0.13201
29.636	10.915	0.299552	0.131776
27.0253	10.7509	0.238024	0.131401
27.8022	8.40541	0.152653	0.131715
32.5813	11.7351	0.345395	0.13136
29.636	10.915	0.299552	0.131776
31.25	9.60269	0.155788	0.132062
28.2875	13.053	0.22797	0.132102
27.0253	10.7509	0.238024	0.131401
29.636	10.915	0.299552	0.131776
23.0432	12.7235	0.315469	0.131886
25.6653	12.8882	0.309961	0.131977
24.3933	15.2742	0.233045	0.131841
24.4145	10.5869	0.29479	0.132122
25.4207	8.55507	0.15067	0.132074
27.0253	10.7509	0.238024	0.131401
23.0432	12.7235	0.315469	0.131886
24.4145	10.5869	0.29479	0.132122
25.6653	12.8882	0.309961	0.131977
23.0432	12.7235	0.315469	0.131886
21.25	9.60269	0.152185	0.133369
24.4145	10.5869	0.29479	0.132122
24.1844	6.78374	0.144559	0.132366
22.5483	7.6571	0.146851	0.13328
21.4331	5.91038	0.142704	0.132512
25	4.37335	0.140947	0.132665
24.1844	6.78374	0.144559	0.132366
22.7267	4.37335	0.142941	0.132519
25.4207	8.55507	0.15067	0.132074
24.4145	10.5869	0.29479	0.132122
22.5483	7.6571	0.146851	0.13328
24.4145	10.5869	0.29479	0.132122
21.25	9.60269	0.152185	0.133369
22.5483	7.6571	0.146851	0.13328
19.5656	14.0413	0.313594	0.132434
20.9532	16.5071	0.248139	0.132107
18.2554	16.5071	0.253544	0.132593
19.9458	11.7351	0.21726	0.13299
19.5656	14.0413	0.313594	0.132434
17.7988	12.3941	0.274263	0.133119
18.75	9.60269	0.154223	0.132557
19.9458	11.7351	0.21726	0.13299
17.7988	12.3941	0.274263	0.133119
21.25	9.60269	0.152185	0.133369
23.0432	12.7235	0.315469	0.131886
19.9458	11.7351	0.21726	0.13299
22.0108	14.5924	0.272596	0.132697
20.9532	16.5071	0.248139	0.132107
19.5656	14.0413	0.313594	0.132434
19.9458	11.7351	0.21726	0.13299
22.0108	14.5924	0.272596	0.132697
19.5656	14.0413	0.313594	0.132434
23.0432	12.7235	0.315469	0.131886
24.3933	15.2742	0.233045	0.131841
22.0108	14.5924	0.272596	0.132697
17.7548	18.7251	0.227977	0.131834
20.7355	19.1174	0.319166	0.131761
17.2541	20.9431	0.401616	0.131917
16.8484	14.0413	0.312862	0.133036
18.2554	16.5071	0.253544	0.132593
15.9817	15.8026	0.325266	0.132366
20.9532	16.5071	0.248139	0.132107
20.7355	19.1174	0.319166	0.131761
18.2554	16.5071	0.253544	0.132593
14.9215	7.36598	0.148305	0.132633
16.5822	10.0948	0.288615	0.132277
13.513	9.30337	0.155098	0.132762
12.6058	7.51154	0.145972	0.132086
14.9215	7.36598	0.148305	0.132633
13.513	9.30337	0.155098	0.132762
13.6336	4.37335	0.144777	0.132269
15.4167	3.0556	0.143121	0.133403
16.6772	5.91038	0.143501	0.132268
19.7476	2.78306	0.142951	0.132699
19.1515	1.10996	0.141865	0.132624
21.0802	0.494728	0.14014	0.133078
20.4534	4.37335	0.142775	0.132554
19.0551	5.91038	0.142296	0.133536
18.1801	4.37335	0.142822	0.132627
21.913	2.6468	0.140514	0.133704
20.4534	4.37335	0.142775	0.132554
19.7476	2.78306	0.142951	0.132699
21.4331	5.91038	0.142704	0.132512
19.0551	5.91038	0.142296	0.133536
20.4534	4.37335	0.142775	0.132554
24.1844	6.78374	0.144559	0.132366
21.4331	5.91038	0.142704	0.132512
22.7267	4.37335	0.142941	0.132519
20.0967	7.6571	0.145433	0.133081
19.0551	5.91038	0.142296	0.133536
21.4331	5.91038	0.142704	0.132512
20.4534	4.37335	0.142775	0.132554
18.1801	4.37335	0.142822	0.132627
19.7476	2.78306	0.142951	0.132699
23.0835	1.59882	0.141332	0.133647
21.0802	0.494728	0.14014	0.133078
23.0339	0.123895	0.141495	0.132945
27.8022	8.40541	0.152653	0.131715
26.189	5.91038	0.144211	0.132407
28.5669	5.91038	0.146136	0.132697
25.6653	12.8882	0.309961	0.131977
24.4145	10.5869	0.29479	0.132122
27.0253	10.7509	0.238024	0.131401
22.5483	7.6571	0.146851	0.13328
20.0967	7.6571	0.145433	0.133081
21.4331	5.91038	0.142704	0.132512
25.4207	8.55507	0.15067	0.132074
22.5483	7.6571	0.146851	0.13328
24.1844	6.78374	0.144559	0.132366
21.25	9.60269	0.152185	0.133369
20.0967	7.6571	0.145433	0.133081
22.5483	7.6571	0.146851	0.13328
14.9215	7.36598	0.148305	0.132633
16.6772	5.91038	0.143501	0.132268
17.645	7.6571	0.146148	0.133122
21.913	2.6468	0.140514	0.133704
21.0802	0.494728	0.14014	0.133078
23.0835	1.59882	0.141332	0.133647
37.3284	7.80676	0.145469	0.132781
38.0788	5.91038	0.143965	0.131884
39.7099	7.6571	0.148891	0.132039
33.4473	6.2015	0.145086	0.132735
35.7008	5.91038	0.141678	0.13246
34.9468	7.95642	0.148302	0.132427
33.75	9.60269	0.154678	0.131381
32.355	7.6571	0.148223	0.132
34.9468	7.95642	0.148302	0.132427
31.8199	4.37335	0.141366	0.133185
34.5833	3.0556	0.140005	0.133056
33.4473	6.2015	0.145086	0.132735
36.3664	4.37335	0.141072	0.132293
38.0788	5.91038	0.143965	0.131884
35.7008	5.91038	0.141678	0.13246
19.7476	2.78306	0.142951	0.132699
17.2597	1.96546	0.141711	0.132879
19.1515	1.10996	0.141865	0.132624
18.1801	4.37335	0.142822	0.132627
16.6772	5.91038	0.143501	0.132268
15.4167	3.0556	0.143121	0.133403
19.7476	2.78306	0.142951	0.132699
18.1801	4.37335	0.142822	0.132627
17.2597	1.96546	0.141711	0.132879
19.0551	5.91038	0.142296	0.133536
16.6772	5.91038	0.143501	0.132268
18.1801	4.37335	0.142822	0.132627
21.913	2.6468	0.140514	0.133704
22.7267	4.37335	0.142941	0.132519
20.4534	4.37335	0.142775	0.132554
20.0967	7.6571	0.145433	0.133081
18.75	9.60269	0.154223	0.132557
17.645	7.6571	0.146148	0.133122
14.9215	7.36598	0.148305	0.132633
13.6336	4.37335	0.144777	0.132269
16.6772	5.91038	0.143501	0.132268
32.355	7.6571	0.148223	0.132
33.75	9.60269	0.154678	0.131381
31.25	9.60269	0.155788	0.132062
38.0788	5.91038	0.143965	0.131884
37.3284	7.80676	0.145469	0.132781
35.7008	5.91038	0.141678	0.13246
38.75	9.60269	0.153557	0.132322
41.25	9.60269	0.156361	0.132632
40.1627	11.7351	0.245405	0.131195
36.25	9.60269	0.153267	0.131776
38.75	9.60269	0.153557	0.132322
37.4683	11.4071	0.320849	0.131398
39.7099	7.6571	0.148891	0.132039
41.25	9.60269	0.156361	0.132632
38.75	9.60269	0.153557	0.132322
15.4167	3.0556	0.143121	0.133403
17.2597	1.96546	0.141711	0.132879
18.1801	4.37335	0.142822	0.132627
44.0204	14.0413	0.254381	0.131645
41.2166	14.2175	0.235419	0.131211
42.6898	11.7351	0.277924	0.132014
14.9215	7.36598	0.148305	0.132633
12.6058	7.51154	0.145972	0.132086
13.6336	4.37335	0.144777	0.132269
15.1767	12.2293	0.260454	0.13313
12.5545	12.0646	0.295574	0.132147
13.513	9.30337	0.155098	0.132762
16.5822	10.0948	0.288615	0.132277
17.7988	12.3941	0.274263	0.133119
15.1767	12.2293	0.260454	0.13313
14.1312	14.0413	0.24913	0.132545
12.5545	12.0646	0.295574	0.132147
15.1767	12.2293	0.260454	0.13313
15.9817	15.8026	0.325266	0.132366
14.7591	18.4213	0.322838	0.132058
13.1778	15.9788	0.244183	0.132749
16.5822	10.0948	0.288615	0.132277
18.75	9.60269	0.154223	0.132557
17.7988	12.3941	0.274263	0.133119
22.0108	14.5924	0.272596	0.132697
24.3933	15.2742	0.233045	0.131841
20.9532	16.5071	0.248139	0.132107
11.4404	21.3083	0.238577	0.132567
12.2064	19.1174	0.271964	0.13193
14.6026	21.856	0.339573	0.131991
8.66123	21.856	0.241492	0.132399
11.4404	21.3083	0.238577	0.132567
10.9756	24.1362	0.306408	0.132582
8.66123	21.856	0.241492	0.132399
9.3634	19.1174	0.226407	0.132648
11.4404	21.3083	0.238577	0.132567
6.52038	19.1174	0.382798	0.132831
7.464	16.5071	0.33015	0.13295
9.3634	19.1174	0.226407	0.132648
3.67737	19.1174	0.319274	0.132815
6.52038	19.1174	0.382798	0.132831
5.62671	21.6734	0.239403	0.132065
3.67737	19.1174	0.319274	0.132815
4.76616	16.5071	0.243695	0.132819
6.52038	19.1174	0.382798	0.132831
10.1618	16.5071	0.272358	0.13207
12.2064	19.1174	0.271964	0.13193
9.3634	19.1174	0.226407	0.132648
5.97957	14.0413	0.40441	0.132129
8.69678	14.0413	0.464372	0.132413
7.464	16.5071	0.33015	0.13295
11.414	14.0413	0.355949	0.132552
13.1778	15.9788	0.244183	0.132749
10.1618	16.5071	0.272358	0.13207
15.1767	12.2293	0.260454	0.13313
16.8484	14.0413	0.312862	0.133036
14.1312	14.0413	0.24913	0.132545
6.52038	19.1174	0.382798	0.132831
9.3634	19.1174	0.226407	0.132648
8.66123	21.856	0.241492	0.132399
14.7591	18.4213	0.322838	0.132058
12.2064	19.1174	0.271964	0.13193
13.1778	15.9788	0.244183	0.132749
14.7591	18.4213	0.322838	0.132058
14.6026	21.856	0.339573	0.131991
12.2064	19.1174	0.271964	0.13193
12.6058	7.51154	0.145972	0.132086
11.9212	5.91038	0.144322	0.132034
13.6336	4.37335	0.144777	0.132269
11.25	9.60269	0.1542	0.132444
12.6058	7.51154	0.145972	0.132086
13.513	9.30337	0.155098	0.132762
10.2901	7.6571	0.147748	0.132129
11.9212	5.91038	0.144322	0.132034
12.6058	7.51154	0.145972	0.132086
41.2166	14.2175	0.235419	0.131211
40.1627	11.7351	0.245405	0.131195
42.6898	11.7351	0.277924	0.132014
35.1085	11.7351	0.232374	0.131589
37.4683	11.4071	0.320849	0.131398
35.6088	14.5697	0.261567	0.132145
33.1516	14.0413	0.226614	0.131255
35.1085	11.7351	0.232374	0.131589
35.6088	14.5697	0.261567	0.132145
32.5813	11.7351	0.345395	0.13136
33.75	9.60269	0.154678	0.131381
35.1085	11.7351	0.232374	0.131589
37.3284	7.80676	0.145469	0.132781
39.7099	7.6571	0.148891	0.132039
38.75	9.60269	0.153557	0.132322
36.25	9.60269	0.153267	0.131776
37.3284	7.80676	0.145469	0.132781
38.75	9.60269	0.153557	0.132322
35.1085	11.7351	0.232374	0.131589
36.25	9.60269	0.153267	0.131776
37.4683	11.4071	0.320849	0.131398
34.9468	7.95642	0.148302	0.132427
37.3284	7.80676	0.145469	0.132781
36.25	9.60269	0.153267	0.131776
34.9468	7.95642	0.148302	0.132427
35.7008	5.91038	0.141678	0.13246
37.3284	7.80676	0.145469	0.132781
42.536	16.5071	0.278787	0.130902
44.0204	14.0413	0.254381	0.131645
45.2338	16.5071	0.237823	0.131186
38.4127	14.3936	0.298902	0.130951
41.2166	14.2175	0.235419	0.131211
39.693	16.8552	0.33021	0.131396
38.4127	14.3936	0.298902	0.130951
37.4683	11.4071	0.320849	0.131398
40.1627	11.7351	0.245405	0.131195
10.2901	7.6571	0.147748	0.132129
12.6058	7.51154	0.145972	0.132086
11.25	9.60269	0.1542	0.132444
28.2875	13.053	0.22797	0.132102
30.001	14.922	0.256709	0.131353
26.3489	16.5071	0.23624	0.131311
35.1085	11.7351	0.232374	0.131589
33.1516	14.0413	0.226614	0.131255
32.5813	11.7351	0.345395	0.13136
30.001	14.922	0.256709	0.131353
28.6113	17.5512	0.306164	0.131592
26.3489	16.5071	0.23624	0.131311
30.9096	13.2177	0.264754	0.131761
30.001	14.922	0.256709	0.131353
28.2875	13.053	0.22797	0.132102
29.636	10.915	0.299552	0.131776
30.9096	13.2177	0.264754	0.131761
28.2875	13.053	0.22797	0.132102
32.5813	11.7351	0.345395	0.13136
33.1516	14.0413	0.226614	0.131255
30.9096	13.2177	0.264754	0.131761
31.7446	16.5071	0.436756	0.132381
28.6113	17.5512	0.306164	0.131592
30.001	14.922	0.256709	0.131353
34.4425	16.5071	0.250585	0.132677
31.7446	16.5071	0.436756	0.132381
33.1516	14.0413	0.226614	0.131255
34.4425	16.5071	0.250585	0.132677
34.9506	19.1174	0.309326	0.132222
32.1075	19.1174	0.358165	0.132616
37.1403	16.5071	0.327849	0.131546
34.4425	16.5071	0.250585	0.132677
35.6088	14.5697	0.261567	0.132145
37.1403	16.5071	0.327849	0.131546
37.7936	19.1174	0.288247	0.132075
34.9506	19.1174	0.309326	0.132222
11.414	14.0413	0.355949	0.132552
14.1312	14.0413	0.24913	0.132545
13.1778	15.9788	0.244183	0.132749
8.69678	14.0413	0.464372	0.132413
9.93237	11.8999	0.254418	0.131854
11.414	14.0413	0.355949	0.132552
11.25	9.60269	0.1542	0.132444
13.513	9.30337	0.155098	0.132762
12.5545	12.0646	0.295574	0.132147
10.2901	7.6571	0.147748	0.132129
11.25	9.60269	0.1542	0.132444
8.74996	9.60269	0.155565	0.13212
13.513	9.30337	0.155098	0.132762
16.5822	10.0948	0.288615	0.132277
15.1767	12.2293	0.260454	0.13313
9.93237	11.8999	0.254418	0.131854
11.25	9.60269	0.1542	0.132444
12.5545	12.0646	0.295574	0.132147
11.414	14.0413	0.355949	0.132552
9.93237	11.8999	0.254418	0.131854
12.5545	12.0646	0.295574	0.132147
8.69678	14.0413	0.464372	0.132413
7.31021	11.7351	0.248452	0.131635
9.93237	11.8999	0.254418	0.131854
37.4683	11.4071	0.320849	0.131398
38.4127	14.3936	0.298902	0.130951
35.6088	14.5697	0.261567	0.132145
42.536	16.5071	0.278787	0.130902
43.4158	19.3	0.308658	0.130953
40.5089	19.4825	0.321503	0.131315
44.0204	14.0413	0.254381	0.131645
42.536	16.5071	0.278787	0.130902
41.2166	14.2175	0.235419	0.131211
45.2338	16.5071	0.237823	0.131186
43.4158	19.3	0.308658	0.130953
42.536	16.5071	0.278787	0.130902
40.5089	19.4825	0.321503	0.131315
41.2294	22.236	0.28381	0.131934
38.204	22.4261	0.392951	0.132022
42.536	16.5071	0.278787	0.130902
40.5089	19.4825	0.321503	0.131315
39.693	16.8552	0.33021	0.131396
43.4158	19.3	0.308658	0.130953
41.2294	22.236	0.28381	0.131934
40.5089	19.4825	0.321503	0.131315
47.2801	21.856	0.337603	0.13098
44.3095	21.856	0.352022	0.131678
46.3226	19.1174	0.254976	0.131122
38.4127	14.3936	0.298902	0.130951
37.1403	16.5071	0.327849	0.131546
35.6088	14.5697	0.261567	0.132145
40.1627	11.7351	0.245405	0.131195
41.2166	14.2175	0.235419	0.131211
38.4127	14.3936	0.298902	0.130951
38.75	9.60269	0.153557	0.132322
40.1627	11.7351	0.245405	0.131195
37.4683	11.4071	0.320849	0.131398
41.25	9.60269	0.156361	0.132632
42.6898	11.7351	0.277924	0.132014
40.1627	11.7351	0.245405	0.131195
39.693	16.8552	0.33021	0.131396
37.1403	16.5071	0.327849	0.131546
38.4127	14.3936	0.298902	0.130951
40.5089	19.4825	0.321503	0.131315
37.7936	19.1174	0.288247	0.132075
39.693	16.8552	0.33021	0.131396
28.8815	20.2128	0.288458	0.131112
29.1279	22.9961	0.509498	0.130961
26.1025	23.1861	0.380128	0.131455
32.1075	19.1174	0.358165	0.132616
34.9506	19.1174	0.309326	0.132222
32.4267	21.856	0.247368	0.132415
28.8815	20.2128	0.288458	0.131112
32.1075	19.1174	0.358165	0.132616
32.4267	21.856	0.247368	0.132415
31.7446	16.5071	0.436756	0.132381
34.4425	16.5071	0.250585	0.132677
32.1075	19.1174	0.358165	0.132616
28.6113	17.5512	0.306164	0.131592
31.7446	16.5071	0.436756	0.132381
32.1075	19.1174	0.358165	0.132616
11.414	14.0413	0.355949	0.132552
12.5545	12.0646	0.295574	0.132147
14.1312	14.0413	0.24913	0.132545
12.2064	19.1174	0.271964	0.13193
10.1618	16.5071	0.272358	0.13207
13.1778	15.9788	0.244183	0.132749
9.93237	11.8999	0.254418	0.131854
8.74996	9.60269	0.155565	0.13212
11.25	9.60269	0.1542	0.132444
43.4158	19.3	0.308658	0.130953
45.2338	16.5071	0.237823	0.131186
46.3226	19.1174	0.254976	0.131122
33.1516	14.0413	0.226614	0.131255
35.6088	14.5697	0.261567	0.132145
34.4425	16.5071	0.250585	0.132677
36.25	9.60269	0.153267	0.131776
33.75	9.60269	0.154678	0.131381
34.9468	7.95642	0.148302	0.132427
21.9134	33.7485	0.299513	0.132659
18.9132	34.917	0.25189	0.132975
18.6835	32.5943	0.320349	0.131582
25	30.6708	0.260443	0.132277
21.9134	33.7485	0.299513	0.132659
21.9612	30.6708	0.471157	0.131558
21.8846	36.8646	0.45247	0.134238
18.9132	34.917	0.25189	0.132975
21.9134	33.7485	0.299513	0.132659
25	40	0.264075	0.14198
21.8846	36.8646	0.45247	0.134238
25.1151	35.3065	0.282872	0.132967
21.9134	33.7485	0.299513	0.132659
18.6835	32.5943	0.320349	0.131582
21.9612	30.6708	0.471157	0.131558
18.7212	38.8242	0.27979	0.139536
18.9132	34.917	0.25189	0.132975
21.8846	36.8646	0.45247	0.134238
17.2667	36.7732	0.371417	0.135506
15.8122	34.7222	0.361179	0.132876
18.9132	34.917	0.25189	0.132975
18.7212	38.8242	0.27979	0.139536
17.2667	36.7732	0.371417	0.135506
18.9132	34.917	0.25189	0.132975
18.7212	38.8242	0.27979	0.139536
15.601	39.0202	0.331875	0.139409
17.2667	36.7732	0.371417	0.135506
18.7981	41.9596	0.347985	0.225997
18.7212	38.8242	0.27979	0.139536
21.9014	39.3141	0.239577	0.142277
15.601	39.0202	0.331875	0.139409
15.8122	34.7222	0.361179	0.132876
17.2667	36.7732	0.371417	0.135506
14.001	23.9462	0.364187	0.132519
14.6026	21.856	0.339573	0.131991
17.2998	24.7062	0.300794	0.131171
13.1107	27.6505	0.226825	0.131652
12.8447	30.6708	0.245075	0.132388
10.1383	27.6505	0.29462	0.131457
15.2052	26.1784	0.352703	0.132055
15.7173	29.727	0.224716	0.131647
13.1107	27.6505	0.226825	0.131652
20.3799	24.7062	0.230469	0.130818
18.0114	27.1222	0.267809	0.131571
17.2998	24.7062	0.300794	0.131171
18.7229	29.5382	0.253555	0.131979
15.7173	29.727	0.224716	0.131647
18.0114	27.1222	0.267809	0.131571
18.7229	29.5382	0.253555	0.131979
18.6835	32.5943	0.320349	0.131582
15.7173	29.727	0.224716	0.131647
10.9756	24.1362	0.306408	0.132582
8.05963	24.7062	0.237535	0.13173
8.66123	21.856	0.241492	0.132399
10.1383	27.6505	0.29462	0.131457
8.05963	24.7062	0.237535	0.13173
10.9756	24.1362	0.306408	0.132582
10.1383	27.6505	0.29462	0.131457
9.80591	30.6708	0.467474	0.132228
7.16598	27.6505	0.37668	0.131827
6.70061	30.2933	0.250393	0.132261
7.16598	27.6505	0.37668	0.131827
9.80591	30.6708	0.467474	0.132228
4.97956	24.7062	0.246868	0.131652
5.62671	21.6734	0.239403	0.132065
8.05963	24.7062	0.237535	0.13173
3.67737	19.1174	0.319274	0.132815
5.62671	21.6734	0.239403	0.132065
2.71986	21.856	0.248541	0.13243
6.52038	19.1174	0.382798	0.132831
4.76616	16.5071	0.243695	0.132819
7.464	16.5071	0.33015	0.13295
25	30.6708	0.260443	0.132277
28.0388	30.6708	0.352372	0.131652
28.0866	33.7485	0.480064	0.132318
47.2801	21.856	0.337603	0.13098
48.1005	24.7062	0.241164	0.131497
45.0204	24.7062	0.364787	0.131371
26.4215	19.1174	0.342641	0.130977
26.3489	16.5071	0.23624	0.131311
28.6113	17.5512	0.306164	0.131592
18.0114	27.1222	0.267809	0.131571
22.0277	27.6505	0.348872	0.130922
18.7229	29.5382	0.253555	0.131979
17.2541	20.9431	0.401616	0.131917
20.544	21.856	0.28493	0.131722
17.2998	24.7062	0.300794	0.131171
23.0771	23.3761	0.362004	0.130534
26.1025	23.1861	0.380128	0.131455
25.3391	26.1784	0.245037	0.130639
17.2998	24.7062	0.300794	0.131171
20.544	21.856	0.28493	0.131722
20.3799	24.7062	0.230469	0.130818
24.8405	21.1517	0.426126	0.130599
26.1025	23.1861	0.380128	0.131455
23.0771	23.3761	0.362004	0.130534
20.544	21.856	0.28493	0.131722
24.8405	21.1517	0.426126	0.130599
23.0771	23.3761	0.362004	0.130534
23.5785	19.1174	0.463125	0.131419
26.4215	19.1174	0.342641	0.130977
24.8405	21.1517	0.426126	0.130599
31.199	26.5464	0.337297	0.130928
30.7452	28.7831	0.264626	0.130547
28.269	26.3624	0.369298	0.130463
29.1279	22.9961	0.509498	0.130961
31.199	26.5464	0.337297	0.130928
28.269	26.3624	0.369298	0.130463
32.7002	24.7062	0.253731	0.130879
33.7508	28.5944	0.244425	0.131635
31.199	26.5464	0.337297	0.130928
20.544	21.856	0.28493	0.131722
23.0771	23.3761	0.362004	0.130534
20.3799	24.7062	0.230469	0.130818
20.7355	19.1174	0.319166	0.131761
20.544	21.856	0.28493	0.131722
17.2541	20.9431	0.401616	0.131917
17.7548	18.7251	0.227977	0.131834
18.2554	16.5071	0.253544	0.132593
20.7355	19.1174	0.319166	0.131761
14.7591	18.4213	0.322838	0.132058
17.7548	18.7251	0.227977	0.131834
17.2541	20.9431	0.401616	0.131917
14.7591	18.4213	0.322838	0.132058
15.9817	15.8026	0.325266	0.132366
17.7548	18.7251	0.227977	0.131834
20.9532	16.5071	0.248139	0.132107
23.5785	19.1174	0.463125	0.131419
20.7355	19.1174	0.319166	0.131761
23.5785	19.1174	0.463125	0.131419
24.8405	21.1517	0.426126	0.130599
20.544	21.856	0.28493	0.131722
26.689	28.4246	0.274604	0.130959
22.0277	27.6505	0.348872	0.130922
25.3391	26.1784	0.245037	0.130639
21.9612	30.6708	0.471157	0.131558
18.6835	32.5943	0.320349	0.131582
18.7229	29.5382	0.253555	0.131979
20.7355	19.1174	0.319166	0.131761
23.5785	19.1174	0.463125	0.131419
20.544	21.856	0.28493	0.131722
16.8484	14.0413	0.312862	0.133036
19.5656	14.0413	0.313594	0.132434
18.2554	16.5071	0.253544	0.132593
16.8484	14.0413	0.312862	0.133036
17.7988	12.3941	0.274263	0.133119
19.5656	14.0413	0.313594	0.132434
14.1312	14.0413	0.24913	0.132545
16.8484	14.0413	0.312862	0.133036
15.9817	15.8026	0.325266	0.132366
15.1767	12.2293	0.260454	0.13313
17.7988	12.3941	0.274263	0.133119
16.8484	14.0413	0.312862	0.133036
18.75	9.60269	0.154223	0.132557
21.25	9.60269	0.152185	0.133369
19.9458	11.7351	0.21726	0.13299
24.3933	15.2742	0.233045	0.131841
23.5785	19.1174	0.463125	0.131419
20.9532	16.5071	0.248139	0.132107
4.97956	24.7062	0.246868	0.131652
4.19365	27.6505	0.389835	0.130954
1.8995	24.7062	0.29598	0.131007
8.74996	9.60269	0.155565	0.13212
9.93237	11.8999	0.254418	0.131854
7.31021	11.7351	0.248452	0.131635
46.8029	37.0605	0.227625	0.135793
43.6827	37.2565	0.290098	0.135683
46.6062	33.7485	0.237754	0.132822
41.9404	24.7062	0.248955	0.132373
45.0204	24.7062	0.364787	0.131371
42.7675	28.0281	0.403835	0.132455
38.8603	24.7062	0.240946	0.132235
41.9404	24.7062	0.248955	0.132373
39.9888	27.0985	0.241704	0.133254
41.2294	22.236	0.28381	0.131934
44.3095	21.856	0.352022	0.131678
41.9404	24.7062	0.248955	0.132373
48.7787	27.6505	0.24301	0.13243
49.3105	30.6708	0.30127	0.132851
46.2478	30.8632	0.377094	0.133092
26.1025	23.1861	0.380128	0.131455
24.8405	21.1517	0.426126	0.130599
28.8815	20.2128	0.288458	0.131112
28.269	26.3624	0.369298	0.130463
26.1025	23.1861	0.380128	0.131455
29.1279	22.9961	0.509498	0.130961
23.0771	23.3761	0.362004	0.130534
22.0277	27.6505	0.348872	0.130922
20.3799	24.7062	0.230469	0.130818
12.8447	30.6708	0.245075	0.132388
12.7112	34.5275	0.252664	0.132223
9.49534	33.1714	0.284989	0.132978
10.1383	27.6505	0.29462	0.131457
12.8447	30.6708	0.245075	0.132388
9.80591	30.6708	0.467474	0.132228
14.3285	32.6965	0.400197	0.132346
18.6835	32.5943	0.320349	0.131582
15.8122	34.7222	0.361179	0.132876
25.1151	35.3065	0.282872	0.132967
21.8846	36.8646	0.45247	0.134238
21.9134	33.7485	0.299513	0.132659
14.3285	32.6965	0.400197	0.132346
12.7112	34.5275	0.252664	0.132223
12.8447	30.6708	0.245075	0.132388
18.9132	34.917	0.25189	0.132975
15.8122	34.7222	0.361179	0.132876
18.6835	32.5943	0.320349	0.131582
15.601	39.0202	0.331875	0.139409
12.5385	36.8646	0.252226	0.134832
15.8122	34.7222	0.361179	0.132876
23.5785	19.1174	0.463125	0.131419
24.3933	15.2742	0.233045	0.131841
26.3489	16.5071	0.23624	0.131311
28.8815	20.2128	0.288458	0.131112
24.8405	21.1517	0.426126	0.130599
26.4215	19.1174	0.342641	0.130977
18.2554	16.5071	0.253544	0.132593
17.7548	18.7251	0.227977	0.131834
15.9817	15.8026	0.325266	0.132366
14.6026	21.856	0.339573	0.131991
17.2541	20.9431	0.401616	0.131917
17.2998	24.7062	0.300794	0.131171
15.9817	15.8026	0.325266	0.132366
13.1778	15.9788	0.244183	0.132749
14.1312	14.0413	0.24913	0.132545
14.6026	21.856	0.339573	0.131991
14.7591	18.4213	0.322838	0.132058
17.2541	20.9431	0.401616	0.131917
11.4404	21.3083	0.238577	0.132567
14.001	23.9462	0.364187	0.132519
10.9756	24.1362	0.306408	0.132582
30.001	14.922	0.256709	0.131353
30.9096	13.2177	0.264754	0.131761
33.1516	14.0413	0.226614	0.131255
31.7446	16.5071	0.436756	0.132381
30.001	14.922	0.256709	0.131353
33.1516	14.0413	0.226614	0.131255
25.6653	12.8882	0.309961	0.131977
27.0253	10.7509	0.238024	0.131401
28.2875	13.053	0.22797	0.132102
25.6653	12.8882	0.309961	0.131977
28.2875	13.053	0.22797	0.132102
26.3489	16.5071	0.23624	0.131311
33.75	9.60269	0.154678	0.131381
36.25	9.60269	0.153267	0.131776
35.1085	11.7351	0.232374	0.131589
39.693	16.8552	0.33021	0.131396
41.2166	14.2175	0.235419	0.131211
42.536	16.5071	0.278787	0.130902
28.8815	20.2128	0.288458	0.131112
26.4215	19.1174	0.342641	0.130977
28.6113	17.5512	0.306164	0.131592
40.625	40	0.258304	0.141517
43.75	40	0.383227	0.144143
43.6923	43.1354	0.28299	0.261467
34.399	40.9798	0.406155	0.240267
37.5	40	0.354304	0.142585
37.5191	43.9145	0.453269	0.236604
40.5769	36.8646	0.252423	0.134286
43.6827	37.2565	0.290098	0.135683
40.625	40	0.258304	0.141517
37.3464	33.7485	0.236764	0.132255
33.997	31.6326	0.254118	0.131226
37.1553	30.6708	0.228044	0.132854
40.625	40	0.258304	0.141517
37.5	40	0.354304	0.142585
40.5769	36.8646	0.252423	0.134286
37.4615	36.8646	0.313765	0.134856
34.1596	34.7385	0.246267	0.132299
37.3464	33.7485	0.236764	0.132255
46.2478	30.8632	0.377094	0.133092
45.7731	27.8393	0.280444	0.133177
48.7787	27.6505	0.24301	0.13243
49.6928	33.7485	0.304584	0.132689
46.6062	33.7485	0.237754	0.132822
49.3105	30.6708	0.30127	0.132851
40.1941	30.6708	0.25177	0.133089
37.1553	30.6708	0.228044	0.132854
36.8893	27.6505	0.298061	0.132761
43.2329	30.6708	0.438144	0.132495
40.1941	30.6708	0.25177	0.133089
42.7675	28.0281	0.403835	0.132455
40.433	33.7485	0.409966	0.132213
37.3464	33.7485	0.236764	0.132255
40.1941	30.6708	0.25177	0.133089
31.3171	35.696	0.317073	0.134379
31.2019	38.0404	0.322262	0.139535
28.1154	36.8646	0.470656	0.134993
33.997	31.6326	0.254118	0.131226
34.1596	34.7385	0.246267	0.132299
30.9343	31.8249	0.257633	0.131048
34.3221	37.8444	0.248454	0.138207
31.2019	38.0404	0.322262	0.139535
31.3171	35.696	0.317073	0.134379
37.5	40	0.354304	0.142585
34.3221	37.8444	0.248454	0.138207
37.4615	36.8646	0.313765	0.134856
34.399	40.9798	0.406155	0.240267
31.2019	38.0404	0.322262	0.139535
34.3221	37.8444	0.248454	0.138207
40.1941	30.6708	0.25177	0.133089
39.9888	27.0985	0.241704	0.133254
42.7675	28.0281	0.403835	0.132455
7.16598	27.6505	0.37668	0.131827
8.05963	24.7062	0.237535	0.13173
10.1383	27.6505	0.29462	0.131457
3.69504	30.482	0.321228	0.130915
4.19365	27.6505	0.389835	0.130954
6.70061	30.2933	0.250393	0.132261
4.97956	24.7062	0.246868	0.131652
8.05963	24.7062	0.237535	0.13173
7.16598	27.6505	0.37668	0.131827
2.71986	21.856	0.248541	0.13243
4.97956	24.7062	0.246868	0.131652
1.8995	24.7062	0.29598	0.131007
14.001	23.9462	0.364187	0.132519
11.4404	21.3083	0.238577	0.132567
14.6026	21.856	0.339573	0.131991
13.1107	27.6505	0.226825	0.131652
10.9756	24.1362	0.306408	0.132582
14.001	23.9462	0.364187	0.132519
8.66123	21.856	0.241492	0.132399
5.62671	21.6734	0.239403	0.132065
6.52038	19.1174	0.382798	0.132831
12.2064	19.1174	0.271964	0.13193
11.4404	21.3083	0.238577	0.132567
9.3634	19.1174	0.226407	0.132648
8.05963	24.7062	0.237535	0.13173
5.62671	21.6734	0.239403	0.132065
8.66123	21.856	0.241492	0.132399
44.3095	21.856	0.352022	0.131678
41.2294	22.236	0.28381	0.131934
43.4158	19.3	0.308658	0.130953
45.7731	27.8393	0.280444	0.133177
45.0204	24.7062	0.364787	0.131371
48.1005	24.7062	0.241164	0.131497
38.8603	24.7062	0.240946	0.132235
36.8893	27.6505	0.298061	0.132761
35.7802	24.7062	0.311358	0.131306
45.7731	27.8393	0.280444	0.133177
42.7675	28.0281	0.403835	0.132455
45.0204	24.7062	0.364787	0.131371
43.2329	30.6708	0.438144	0.132495
46.2478	30.8632	0.377094	0.133092
43.5196	33.7485	0.413273	0.13202
40.433	33.7485	0.409966	0.132213
43.2329	30.6708	0.438144	0.132495
43.5196	33.7485	0.413273	0.13202
42.7675	28.0281	0.403835	0.132455
45.7731	27.8393	0.280444	0.133177
43.2329	30.6708	0.438144	0.132495
41.9404	24.7062	0.248955	0.132373
42.7675	28.0281	0.403835	0.132455
39.9888	27.0985	0.241704	0.133254
45.7731	27.8393	0.280444	0.133177
46.2478	30.8632	0.377094	0.133092
43.2329	30.6708	0.438144	0.132495
8.69678	14.0413	0.464372	0.132413
5.97957	14.0413	0.40441	0.132129
7.31021	11.7351	0.248452	0.131635
10.1618	16.5071	0.272358	0.13207
8.69678	14.0413	0.464372	0.132413
11.414	14.0413	0.355949	0.132552
7.464	16.5071	0.33015	0.13295
4.76616	16.5071	0.243695	0.132819
5.97957	14.0413	0.40441	0.132129
10.1618	16.5071	0.272358	0.13207
7.464	16.5071	0.33015	0.13295
8.69678	14.0413	0.464372	0.132413
10.1618	16.5071	0.272358	0.13207
9.3634	19.1174	0.226407	0.132648
7.464	16.5071	0.33015	0.13295
9.42308	36.8646	0.237848	0.134145
9.49534	33.1714	0.284989	0.132978
12.7112	34.5275	0.252664	0.132223
12.5	40	0.252158	0.14385
9.36058	39.4121	0.23495	0.140063
12.5385	36.8646	0.252226	0.134832
9.36058	39.4121	0.23495	0.140063
6.30769	36.8646	0.321433	0.134917
9.42308	36.8646	0.237848	0.134145
3.19231	36.8646	0.245469	0.135639
3.40821	33.9432	0.228037	0.132567
6.30769	36.8646	0.321433	0.134917
0.076922	36.8646	0.308669	0.138528
3.19231	36.8646	0.245469	0.135639
3.125	40	0.247159	0.14617
0.076922	36.8646	0.308669	0.138528
0.307214	33.7485	0.386356	0.132647
3.19231	36.8646	0.245469	0.135639
6.70061	30.2933	0.250393	0.132261
9.80591	30.6708	0.467474	0.132228
9.49534	33.1714	0.284989	0.132978
2.71986	21.856	0.248541	0.13243
5.62671	21.6734	0.239403	0.132065
4.97956	24.7062	0.246868	0.131652
18.0114	27.1222	0.267809	0.131571
15.7173	29.727	0.224716	0.131647
15.2052	26.1784	0.352703	0.132055
43.5196	33.7485	0.413273	0.13202
40.5769	36.8646	0.252423	0.134286
40.433	33.7485	0.409966	0.132213
49.9231	36.8646	0.269205	0.135604
46.8029	37.0605	0.227625	0.135793
49.6928	33.7485	0.304584	0.132689
43.75	40	0.383227	0.144143
40.625	40	0.258304	0.141517
43.6827	37.2565	0.290098	0.135683
13.1107	27.6505	0.226825	0.131652
15.7173	29.727	0.224716	0.131647
12.8447	30.6708	0.245075	0.132388
10.9756	24.1362	0.306408	0.132582
13.1107	27.6505	0.226825	0.131652
10.1383	27.6505	0.29462	0.131457
15.2052	26.1784	0.352703	0.132055
17.2998	24.7062	0.300794	0.131171
18.0114	27.1222	0.267809	0.131571
14.001	23.9462	0.364187	0.132519
15.2052	26.1784	0.352703	0.132055
13.1107	27.6505	0.226825	0.131652
14.001	23.9462	0.364187	0.132519
17.2998	24.7062	0.300794	0.131171
15.2052	26.1784	0.352703	0.132055
46.6062	33.7485	0.237754	0.132822
43.6827	37.2565	0.290098	0.135683
43.5196	33.7485	0.413273	0.13202
50	40	0.228352	0.147073
46.8029	37.0605	0.227625	0.135793
49.9231	36.8646	0.269205	0.135604
46.8798	40.196	0.243991	0.214426
43.75	40	0.383227	0.144143
46.8029	37.0605	0.227625	0.135793
21.9014	39.3141	0.239577	0.142277
21.9183	41.7637	0.419319	0.284217
18.7981	41.9596	0.347985	0.225997
25	40	0.264075	0.14198
21.9014	39.3141	0.239577	0.142277
21.8846	36.8646	0.45247	0.134238
25	40	0.264075	0.14198
21.9183	41.7637	0.419319	0.284217
21.9014	39.3141	0.239577	0.142277
22.0142	44.8882	0.267311	0.222954
18.7981	41.9596	0.347985	0.225997
21.9183	41.7637	0.419319	0.284217
3.69504	30.482	0.321228	0.130915
3.40821	33.9432	0.228037	0.132567
0.68946	30.6708	0.33854	0.130977
1.22131	27.6505	0.270771	0.130675
3.69504	30.482	0.321228	0.130915
0.68946	30.6708	0.33854	0.130977
6.70061	30.2933	0.250393	0.132261
6.43263	33.3637	0.240332	0.132012
3.69504	30.482	0.321228	0.130915
43.5196	33.7485	0.413273	0.13202
43.6827	37.2565	0.290098	0.135683
40.5769	36.8646	0.252423	0.134286
40.1941	30.6708	0.25177	0.133089
43.2329	30.6708	0.438144	0.132495
40.433	33.7485	0.409966	0.132213
46.6062	33.7485	0.237754	0.132822
49.6928	33.7485	0.304584	0.132689
46.8029	37.0605	0.227625	0.135793
46.2478	30.8632	0.377094	0.133092
46.6062	33.7485	0.237754	0.132822
43.5196	33.7485	0.413273	0.13202
46.2478	30.8632	0.377094	0.133092
49.3105	30.6708	0.30127	0.132851
46.6062	33.7485	0.237754	0.132822
46.8798	40.196	0.243991	0.214426
46.8029	37.0605	0.227625	0.135793
50	40	0.228352	0.147073
9.4375	42.5475	0.55674	0.296919
6.24038	39.6081	0.377239	0.140904
9.36058	39.4121	0.23495	0.140063
9.49534	33.1714	0.284989	0.132978
9.80591	30.6708	0.467474	0.132228
12.8447	30.6708	0.245075	0.132388
12.5385	36.8646	0.252226	0.134832
9.42308	36.8646	0.237848	0.134145
12.7112	34.5275	0.252664	0.132223
6.43263	33.3637	0.240332	0.132012
6.70061	30.2933	0.250393	0.132261
9.49534	33.1714	0.284989	0.132978
4.19365	27.6505	0.389835	0.130954
4.97956	24.7062	0.246868	0.131652
7.16598	27.6505	0.37668	0.131827
1.22131	27.6505	0.270771	0.130675
4.19365	27.6505	0.389835	0.130954
3.69504	30.482	0.321228	0.130915
1.22131	27.6505	0.270771	0.130675
1.8995	24.7062	0.29598	0.131007
4.19365	27.6505	0.389835	0.130954
6.70061	30.2933	0.250393	0.132261
4.19365	27.6505	0.389835	0.130954
7.16598	27.6505	0.37668	0.131827
18.7229	29.5382	0.253555	0.131979
22.0277	27.6505	0.348872	0.130922
21.9612	30.6708	0.471157	0.131558
14.3285	32.6965	0.400197	0.132346
12.8447	30.6708	0.245075	0.132388
15.7173	29.727	0.224716	0.131647
18.6835	32.5943	0.320349	0.131582
14.3285	32.6965	0.400197	0.132346
15.7173	29.727	0.224716	0.131647
15.8122	34.7222	0.361179	0.132876
12.7112	34.5275	0.252664	0.132223
14.3285	32.6965	0.400197	0.132346
18.0114	27.1222	0.267809	0.131571
20.3799	24.7062	0.230469	0.130818
22.0277	27.6505	0.348872	0.130922
3.40821	33.9432	0.228037	0.132567
3.69504	30.482	0.321228	0.130915
6.43263	33.3637	0.240332	0.132012
46.8077	43.1354	0.478583	0.296908
43.6923	43.1354	0.28299	0.261467
46.8798	40.196	0.243991	0.214426
49.9231	43.1354	0.26823	0.270816
46.8077	43.1354	0.478583	0.296908
46.8798	40.196	0.243991	0.214426
46.2717	49.3292	0.316011	0.208728
49.3105	49.3292	0.666733	0.26579
48.7787	52.3495	0.399168	0.204091
43.5196	46.2515	0.55228	0.29464
46.2717	49.3292	0.316011	0.208728
43.2329	49.3292	0.396335	0.271838
40.433	46.2515	0.285219	0.258845
43.5196	46.2515	0.55228	0.29464
43.2329	49.3292	0.396335	0.271838
43.6923	43.1354	0.28299	0.261467
46.8077	43.1354	0.478583	0.296908
46.6062	46.2515	0.611703	0.26408
46.6062	46.2515	0.611703	0.26408
49.3105	49.3292	0.666733	0.26579
46.2717	49.3292	0.316011	0.208728
6.30769	36.8646	0.321433	0.134917
6.43263	33.3637	0.240332	0.132012
9.42308	36.8646	0.237848	0.134145
3.125	40	0.247159	0.14617
3.19231	36.8646	0.245469	0.135639
6.24038	39.6081	0.377239	0.140904
3.40821	33.9432	0.228037	0.132567
6.43263	33.3637	0.240332	0.132012
6.30769	36.8646	0.321433	0.134917
0.307214	33.7485	0.386356	0.132647
3.40821	33.9432	0.228037	0.132567
3.19231	36.8646	0.245469	0.135639
0.307214	33.7485	0.386356	0.132647
0.68946	30.6708	0.33854	0.130977
3.40821	33.9432	0.228037	0.132567
