25	30.6708	0.213988	0.124487
28.0866	33.7485	0.345173	0.124793
25.1151	35.3065	0.227224	0.125433
22.0277	27.6505	0.264369	0.123659
25	30.6708	0.213988	0.124487
21.9612	30.6708	0.338658	0.124165
26.689	28.4246	0.221787	0.123642
28.269	26.3624	0.277207	0.123291
30.7452	28.7831	0.215402	0.123411
25	30.6708	0.213988	0.124487
26.689	28.4246	0.221787	0.123642
28.0388	30.6708	0.266666	0.124105
25.3391	26.1784	0.205603	0.123404
28.269	26.3624	0.277207	0.123291
26.689	28.4246	0.221787	0.123642
28.0388	30.6708	0.266666	0.124105
30.9343	31.8249	0.211386	0.123819
28.0866	33.7485	0.345173	0.124793
22.0277	27.6505	0.264369	0.123659
26.689	28.4246	0.221787	0.123642
25	30.6708	0.213988	0.124487
30.7452	28.7831	0.215402	0.123411
30.9343	31.8249	0.211386	0.123819
28.0388	30.6708	0.266666	0.124105
26.689	28.4246	0.221787	0.123642
30.7452	28.7831	0.215402	0.123411
28.0388	30.6708	0.266666	0.124105
26.1025	23.1861	0.284737	0.123829
28.269	26.3624	0.277207	0.123291
25.3391	26.1784	0.205603	0.123404
29.1279	22.9961	0.36391	0.123645
32.7002	24.7062	0.209294	0.123694
31.199	26.5464	0.257405	0.123589
33.7508	28.5944	0.202839	0.124107
30.9343	31.8249	0.211386	0.123819
30.7452	28.7831	0.215402	0.123411
31.199	26.5464	0.257405	0.123589
33.7508	28.5944	0.202839	0.124107
30.7452	28.7831	0.215402	0.123411
37.4615	36.8646	0.243319	0.127445
40.433	33.7485	0.300899	0.124846
40.5769	36.8646	0.208786	0.126873
36.8893	27.6505	0.233112	0.124971
37.1553	30.6708	0.193625	0.125059
33.7508	28.5944	0.202839	0.124107
36.8893	27.6505	0.233112	0.124971
39.9888	27.0985	0.202261	0.125374
40.1941	30.6708	0.208363	0.125332
34.9506	19.1174	0.2409	0.124658
34.4425	16.5071	0.207381	0.124849
37.1403	16.5071	0.251439	0.124166
38.204	22.4261	0.289983	0.124497
35.1786	22.6161	0.194559	0.124597
36.4861	20.8667	0.20659	0.12435
32.1075	19.1174	0.269909	0.124833
28.8815	20.2128	0.230625	0.123877
28.6113	17.5512	0.239612	0.124189
38.204	22.4261	0.289983	0.124497
35.7802	24.7062	0.241319	0.124093
35.1786	22.6161	0.194559	0.124597
32.7002	24.7062	0.209294	0.123694
29.1279	22.9961	0.36391	0.123645
32.4267	21.856	0.206068	0.124638
45.7731	27.8393	0.225299	0.125346
48.1005	24.7062	0.202596	0.124267
48.7787	27.6505	0.203488	0.124968
38.8603	24.7062	0.201793	0.124714
41.2294	22.236	0.226686	0.124412
41.9404	24.7062	0.206905	0.124784
38.8603	24.7062	0.201793	0.124714
38.204	22.4261	0.289983	0.124497
41.2294	22.236	0.226686	0.124412
36.8893	27.6505	0.233112	0.124971
38.8603	24.7062	0.201793	0.124714
39.9888	27.0985	0.202261	0.125374
35.7802	24.7062	0.241319	0.124093
38.204	22.4261	0.289983	0.124497
38.8603	24.7062	0.201793	0.124714
33.7508	28.5944	0.202839	0.124107
35.7802	24.7062	0.241319	0.124093
36.8893	27.6505	0.233112	0.124971
32.7002	24.7062	0.209294	0.123694
32.4267	21.856	0.206068	0.124638
35.1786	22.6161	0.194559	0.124597
37.7936	19.1174	0.229208	0.124472
40.5089	19.4825	0.248452	0.123991
38.204	22.4261	0.289983	0.124497
35.1786	22.6161	0.194559	0.124597
32.4267	21.856	0.206068	0.124638
34.9506	19.1174	0.2409	0.124658
36.4861	20.8667	0.20659	0.12435
35.1786	22.6161	0.194559	0.124597
34.9506	19.1174	0.2409	0.124658
37.7936	19.1174	0.229208	0.124472
36.4861	20.8667	0.20659	0.12435
34.9506	19.1174	0.2409	0.124658
37.7936	19.1174	0.229208	0.124472
38.204	22.4261	0.289983	0.124497
36.4861	20.8667	0.20659	0.12435
35.7802	24.7062	0.241319	0.124093
32.7002	24.7062	0.209294	0.123694
35.1786	22.6161	0.194559	0.124597
33.7508	28.5944	0.202839	0.124107
32.7002	24.7062	0.209294	0.123694
35.7802	24.7062	0.241319	0.124093
29.1279	22.9961	0.36391	0.123645
28.8815	20.2128	0.230625	0.123877
32.4267	21.856	0.206068	0.124638
37.1403	16.5071	0.251439	0.124166
39.693	16.8552	0.25297	0.12399
37.7936	19.1174	0.229208	0.124472
44.3095	21.856	0.266369	0.124171
47.2801	21.856	0.257997	0.123792
45.0204	24.7062	0.273967	0.12419
41.9404	24.7062	0.206905	0.124784
44.3095	21.856	0.266369	0.124171
45.0204	24.7062	0.273967	0.12419
43.4158	19.3	0.240689	0.12372
46.3226	19.1174	0.210216	0.12378
44.3095	21.856	0.266369	0.124171
28.0866	46.2515	0.315404	0.230632
31.0776	49.3292	0.310098	0.194802
28.0388	49.3292	0.344497	0.195126
25	43.1354	0.379136	0.178528
28.1154	43.1354	0.448295	0.239931
28.0866	46.2515	0.315404	0.230632
37.3464	46.2515	0.294471	0.183222
34.3294	43.6157	0.268881	0.231351
37.5191	43.9145	0.328793	0.196678
31.226	43.7137	0.228474	0.18477
31.2788	41.1758	0.239913	0.219769
34.3294	43.6157	0.268881	0.231351
28.0866	46.2515	0.315404	0.230632
31.226	43.7137	0.228474	0.18477
31.1732	46.2515	0.356571	0.214936
28.1154	43.1354	0.448295	0.239931
31.2788	41.1758	0.239913	0.219769
31.226	43.7137	0.228474	0.18477
25	46.2515	0.20712	0.210687
25	43.1354	0.379136	0.178528
28.0866	46.2515	0.315404	0.230632
28.125	40	0.213695	0.137388
31.2788	41.1758	0.239913	0.219769
28.1154	43.1354	0.448295	0.239931
28.125	40	0.213695	0.137388
31.2019	38.0404	0.249518	0.132127
31.2788	41.1758	0.239913	0.219769
31.2019	38.0404	0.249518	0.132127
34.399	40.9798	0.299822	0.195451
31.2788	41.1758	0.239913	0.219769
28.0866	33.7485	0.345173	0.124793
31.3171	35.696	0.246139	0.126824
28.1154	36.8646	0.339408	0.127698
37.3464	33.7485	0.19896	0.124907
37.1553	30.6708	0.193625	0.125059
40.1941	30.6708	0.208363	0.125332
37.4615	36.8646	0.243319	0.127445
37.3464	33.7485	0.19896	0.124907
40.433	33.7485	0.300899	0.124846
37.4615	36.8646	0.243319	0.127445
34.3221	37.8444	0.206819	0.130871
34.1596	34.7385	0.204241	0.125203
34.1596	34.7385	0.204241	0.125203
33.997	31.6326	0.207985	0.12403
37.3464	33.7485	0.19896	0.124907
31.3171	35.696	0.246139	0.126824
34.1596	34.7385	0.204241	0.125203
34.3221	37.8444	0.206819	0.130871
31.3171	35.696	0.246139	0.126824
30.9343	31.8249	0.211386	0.123819
34.1596	34.7385	0.204241	0.125203
30.9343	31.8249	0.211386	0.123819
33.7508	28.5944	0.202839	0.124107
33.997	31.6326	0.207985	0.12403
40.433	46.2515	0.228925	0.211291
40.6201	43.7197	0.218732	0.242418
43.5196	46.2515	0.39277	0.231902
46.8029	37.0605	0.193338	0.128582
43.75	40	0.284011	0.136485
43.6827	37.2565	0.229646	0.12819
49.9231	43.1354	0.219143	0.216716
46.8798	40.196	0.20326	0.179692
50	40	0.19368	0.139027
49.9231	43.1354	0.219143	0.216716
49.6928	46.2515	0.348889	0.239601
46.8077	43.1354	0.344564	0.231415
25	43.1354	0.379136	0.178528
25	46.2515	0.20712	0.210687
22.0142	44.8882	0.218085	0.189854
25	40	0.216606	0.134704
25	43.1354	0.379136	0.178528
21.9183	41.7637	0.307201	0.220248
25	40	0.216606	0.134704
28.1154	43.1354	0.448295	0.239931
25	43.1354	0.379136	0.178528
31.2019	38.0404	0.249518	0.132127
28.125	40	0.213695	0.137388
28.1154	36.8646	0.339408	0.127698
28.1154	43.1354	0.448295	0.239931
31.226	43.7137	0.228474	0.18477
28.0866	46.2515	0.315404	0.230632
18.7981	41.9596	0.264361	0.187894
15.601	39.0202	0.254377	0.132148
18.7212	38.8242	0.224698	0.132135
17.2523	44.2036	0.207033	0.182859
15.7402	46.2515	0.384863	0.184195
14.1489	44.3016	0.378014	0.196417
18.7981	41.9596	0.264361	0.187894
17.2523	44.2036	0.207033	0.182859
15.6779	42.1556	0.216331	0.200744
18.8268	46.2515	0.30006	0.187801
15.7402	46.2515	0.384863	0.184195
17.2523	44.2036	0.207033	0.182859
21.7462	47.598	0.227261	0.251301
18.8268	46.2515	0.30006	0.187801
22.0142	44.8882	0.218085	0.189854
21.7462	47.598	0.227261	0.251301
18.9224	49.3292	0.213966	0.240898
18.8268	46.2515	0.30006	0.187801
15.6779	42.1556	0.216331	0.200744
15.601	39.0202	0.254377	0.132148
18.7981	41.9596	0.264361	0.187894
18.8268	46.2515	0.30006	0.187801
17.2523	44.2036	0.207033	0.182859
18.7981	41.9596	0.264361	0.187894
14.1489	44.3016	0.378014	0.196417
12.6536	46.2515	0.33455	0.176851
12.5577	42.3516	0.372318	0.188623
15.6779	42.1556	0.216331	0.200744
14.1489	44.3016	0.378014	0.196417
12.5577	42.3516	0.372318	0.188623
15.7402	46.2515	0.384863	0.184195
12.6536	46.2515	0.33455	0.176851
14.1489	44.3016	0.378014	0.196417
12.7118	50.0843	0.405224	0.202482
12.6536	46.2515	0.33455	0.176851
15.8835	49.3292	0.303022	0.188116
16.083	52.3495	0.212535	0.186072
13.1107	52.3495	0.366222	0.194276
15.8835	49.3292	0.303022	0.188116
18.9224	49.3292	0.213966	0.240898
16.083	52.3495	0.212535	0.186072
15.8835	49.3292	0.303022	0.188116
13.1107	52.3495	0.366222	0.194276
10.6893	54.7417	0.20495	0.212257
10.1383	52.3495	0.306834	0.194998
15.8835	49.3292	0.303022	0.188116
13.1107	52.3495	0.366222	0.194276
12.7118	50.0843	0.405224	0.202482
14.2198	55.2938	0.225046	0.229289
10.6893	54.7417	0.20495	0.212257
13.1107	52.3495	0.366222	0.194276
17.0264	56.2438	0.25101	0.189001
14.2198	55.2938	0.225046	0.229289
16.083	52.3495	0.212535	0.186072
17.2808	59.0298	0.221076	0.235827
17.5295	61.7527	0.140162	0.247587
15.0494	60.8826	0.142438	0.19421
17.0264	56.2438	0.25101	0.189001
17.2808	59.0298	0.221076	0.235827
14.6026	58.144	0.245282	0.232498
17.0264	56.2438	0.25101	0.189001
20.0518	56.4338	0.397994	0.18093
17.2808	59.0298	0.221076	0.235827
7.16598	52.3495	0.342967	0.183585
8.05963	55.2938	0.234845	0.188136
4.92487	55.4838	0.343384	0.241491
6.76709	49.3292	0.341304	0.245192
7.16598	52.3495	0.342967	0.183585
4.19365	52.3495	0.366343	0.240145
10.1383	52.3495	0.306834	0.194998
8.05963	55.2938	0.234845	0.188136
7.16598	52.3495	0.342967	0.183585
12.7118	50.0843	0.405224	0.202482
10.1383	52.3495	0.306834	0.194998
9.70619	49.8955	0.213303	0.184237
10.6893	54.7417	0.20495	0.212257
8.05963	55.2938	0.234845	0.188136
10.1383	52.3495	0.306834	0.194998
12.5577	42.3516	0.372318	0.188623
12.5	40	0.209212	0.135887
15.6779	42.1556	0.216331	0.200744
9.61019	45.6673	0.226642	0.183635
12.5577	42.3516	0.372318	0.188623
12.6536	46.2515	0.33455	0.176851
9.61019	45.6673	0.226642	0.183635
6.31731	42.7435	0.387191	0.187347
9.4375	42.5475	0.395291	0.228148
-3.10282e-28	40	0.216072	0.22789
3.125	40	0.205778	0.138028
3.19711	42.9395	0.234716	0.18501
-3.10282e-28	40	0.216072	0.22789
0.076922	36.8646	0.239827	0.130646
3.125	40	0.205778	0.138028
46.6062	46.2515	0.433603	0.214725
46.2717	49.3292	0.249885	0.182627
43.5196	46.2515	0.39277	0.231902
43.6923	43.1354	0.227475	0.210515
46.6062	46.2515	0.433603	0.214725
43.5196	46.2515	0.39277	0.231902
49.6928	46.2515	0.348889	0.239601
49.3105	49.3292	0.47153	0.214729
46.6062	46.2515	0.433603	0.214725
27.4517	72.3429	0.133382	0.130735
25	72.3429	0.132396	0.131204
27.0253	69.2491	0.132065	0.191138
24.7277	76.3587	0.131468	0.125439
26.189	74.0896	0.132598	0.127358
27.2733	75.6267	0.133456	0.125288
24.7277	76.3587	0.131468	0.125439
23.0327	74.7883	0.131327	0.126411
26.189	74.0896	0.132598	0.127358
23.0339	79.8761	0.131207	0.124724
21.0802	79.5053	0.131057	0.125157
21.6827	78.0345	0.130358	0.125235
19.6759	76.9444	0.130612	0.124619
19.0551	74.0896	0.131371	0.127372
21.4331	74.0896	0.131009	0.128022
19.6759	76.9444	0.130612	0.124619
18.1801	75.6267	0.130879	0.125376
19.0551	74.0896	0.131371	0.127372
21.4331	74.0896	0.131009	0.128022
23.0327	74.7883	0.131327	0.126411
22.3999	76.5052	0.131098	0.125703
20.0967	72.3429	0.132891	0.132116
22.5483	72.3429	0.132833	0.132293
21.4331	74.0896	0.131009	0.128022
16.5527	73.7985	0.131289	0.126699
17.645	72.3429	0.132495	0.130733
19.0551	74.0896	0.131371	0.127372
19.193	69.7412	0.133252	0.178853
21.8037	69.5771	0.132443	0.239336
20.0967	72.3429	0.132891	0.132116
21.8037	69.5771	0.132443	0.239336
23.75	70.3973	0.132671	0.139159
22.5483	72.3429	0.132833	0.132293
21.6827	78.0345	0.130358	0.125235
19.1515	78.89	0.130573	0.124834
19.6759	76.9444	0.130612	0.124619
22.3999	76.5052	0.131098	0.125703
19.6759	76.9444	0.130612	0.124619
21.4331	74.0896	0.131009	0.128022
22.3999	76.5052	0.131098	0.125703
21.6827	78.0345	0.130358	0.125235
19.6759	76.9444	0.130612	0.124619
24.7277	76.3587	0.131468	0.125439
22.3999	76.5052	0.131098	0.125703
23.0327	74.7883	0.131327	0.126411
24.7277	76.3587	0.131468	0.125439
24.9752	78.5234	0.13231	0.124967
23.329	78.279	0.130822	0.125075
21.0802	79.5053	0.131057	0.125157
19.1515	78.89	0.130573	0.124834
21.6827	78.0345	0.130358	0.125235
25	80	0.132418	0.124735
24.9752	78.5234	0.13231	0.124967
26.9661	79.8761	0.132713	0.124716
19.6759	76.9444	0.130612	0.124619
19.1515	78.89	0.130573	0.124834
17.2597	78.0345	0.130912	0.12427
28.3173	78.0345	0.133918	0.124275
30.8485	78.89	0.132665	0.124638
28.9198	79.5053	0.133004	0.124439
18.1801	75.6267	0.130879	0.125376
19.6759	76.9444	0.130612	0.124619
17.2597	78.0345	0.130912	0.12427
15.4167	76.9444	0.130921	0.124276
18.1801	75.6267	0.130879	0.125376
17.2597	78.0345	0.130912	0.12427
23.0327	74.7883	0.131327	0.126411
21.4331	74.0896	0.131009	0.128022
22.5483	72.3429	0.132833	0.132293
15.4167	76.9444	0.130921	0.124276
16.5527	73.7985	0.131289	0.126699
18.1801	75.6267	0.130879	0.125376
20.0967	72.3429	0.132891	0.132116
21.8037	69.5771	0.132443	0.239336
22.5483	72.3429	0.132833	0.132293
15.4167	76.9444	0.130921	0.124276
13.6336	75.6267	0.132097	0.125431
14.237	73.9441	0.132469	0.126359
29.3832	76.0659	0.133822	0.124973
31.3712	77.1646	0.132173	0.124736
28.3173	78.0345	0.133918	0.124275
31.9219	75.3472	0.132482	0.125341
34.5833	76.9444	0.131885	0.125491
32.7403	78.0345	0.132989	0.124944
14.237	73.9441	0.132469	0.126359
11.9212	74.0896	0.132807	0.127432
12.7417	72.3429	0.131475	0.12955
11.25	70.3973	0.130869	0.136247
12.7417	72.3429	0.131475	0.12955
10.2901	72.3429	0.131118	0.132267
17.645	72.3429	0.132495	0.130733
16.5527	73.7985	0.131289	0.126699
15.1934	72.3429	0.131475	0.129802
19.193	69.7412	0.133252	0.178853
17.645	72.3429	0.132495	0.130733
16.25	70.3973	0.132647	0.136664
20.0967	72.3429	0.132891	0.132116
19.0551	74.0896	0.131371	0.127372
17.645	72.3429	0.132495	0.130733
19.0551	74.0896	0.131371	0.127372
18.1801	75.6267	0.130879	0.125376
16.5527	73.7985	0.131289	0.126699
32.355	72.3429	0.133161	0.129942
34.8066	72.3429	0.131708	0.129702
33.3228	74.0896	0.132569	0.126704
33.3228	74.0896	0.132569	0.126704
31.9219	75.3472	0.132482	0.125341
30.9297	73.8705	0.132948	0.126944
35.7008	74.0896	0.132705	0.127011
33.3228	74.0896	0.132569	0.126704
34.8066	72.3429	0.131708	0.129702
34.5833	76.9444	0.131885	0.125491
31.9219	75.3472	0.132482	0.125341
33.3228	74.0896	0.132569	0.126704
17.4187	68.2649	0.132091	0.194907
14.8915	68.2649	0.131952	0.19827
16.8484	65.9587	0.133125	0.258157
16.25	70.3973	0.132647	0.136664
13.513	70.6966	0.132146	0.134397
14.8915	68.2649	0.131952	0.19827
19.193	69.7412	0.133252	0.178853
16.25	70.3973	0.132647	0.136664
17.4187	68.2649	0.132091	0.194907
15.1934	72.3429	0.131475	0.129802
14.237	73.9441	0.132469	0.126359
12.7417	72.3429	0.131475	0.12955
17.645	72.3429	0.132495	0.130733
15.1934	72.3429	0.131475	0.129802
16.25	70.3973	0.132647	0.136664
16.5527	73.7985	0.131289	0.126699
14.237	73.9441	0.132469	0.126359
15.1934	72.3429	0.131475	0.129802
12.7417	72.3429	0.131475	0.12955
11.25	70.3973	0.130869	0.136247
13.513	70.6966	0.132146	0.134397
8.74996	70.3973	0.131332	0.14044
11.25	70.3973	0.130869	0.136247
10.2901	72.3429	0.131118	0.132267
12.3644	68.2649	0.131294	0.178339
13.846	66.4528	0.131893	0.189949
14.8915	68.2649	0.131952	0.19827
9.83732	68.2649	0.131849	0.196982
12.3644	68.2649	0.131294	0.178339
11.25	70.3973	0.130869	0.136247
9.83732	68.2649	0.131849	0.196982
11.414	65.9587	0.132138	0.289475
12.3644	68.2649	0.131294	0.178339
9.83732	68.2649	0.131849	0.196982
11.25	70.3973	0.130869	0.136247
8.74996	70.3973	0.131332	0.14044
14.8915	68.2649	0.131952	0.19827
13.513	70.6966	0.132146	0.134397
12.3644	68.2649	0.131294	0.178339
15.1934	72.3429	0.131475	0.129802
12.7417	72.3429	0.131475	0.12955
13.513	70.6966	0.132146	0.134397
15.4167	76.9444	0.130921	0.124276
14.237	73.9441	0.132469	0.126359
16.5527	73.7985	0.131289	0.126699
13.6336	75.6267	0.132097	0.125431
11.9212	74.0896	0.132807	0.127432
14.237	73.9441	0.132469	0.126359
11.9212	74.0896	0.132807	0.127432
10.2901	72.3429	0.131118	0.132267
12.7417	72.3429	0.131475	0.12955
7.31021	68.2649	0.131589	0.197482
9.83732	68.2649	0.131849	0.196982
8.74996	70.3973	0.131332	0.14044
7.31021	68.2649	0.131589	0.197482
5.97957	65.9587	0.132191	0.236214
8.78345	65.7825	0.13176	0.251049
28.3173	78.0345	0.133918	0.124275
28.9198	79.5053	0.133004	0.124439
26.9661	79.8761	0.132713	0.124716
31.3712	77.1646	0.132173	0.124736
31.9219	75.3472	0.132482	0.125341
32.7403	78.0345	0.132989	0.124944
28.3173	78.0345	0.133918	0.124275
31.3712	77.1646	0.132173	0.124736
30.8485	78.89	0.132665	0.124638
29.3832	76.0659	0.133822	0.124973
31.9219	75.3472	0.132482	0.125341
31.3712	77.1646	0.132173	0.124736
27.2733	75.6267	0.133456	0.125288
29.3832	76.0659	0.133822	0.124973
28.3173	78.0345	0.133918	0.124275
28.5669	74.0896	0.132332	0.12677
29.9033	72.3429	0.132395	0.13018
30.9297	73.8705	0.132948	0.126944
27.2733	75.6267	0.133456	0.125288
28.5669	74.0896	0.132332	0.12677
29.3832	76.0659	0.133822	0.124973
27.2733	75.6267	0.133456	0.125288
26.189	74.0896	0.132598	0.127358
28.5669	74.0896	0.132332	0.12677
26.2439	77.6257	0.133422	0.124545
27.2733	75.6267	0.133456	0.125288
28.3173	78.0345	0.133918	0.124275
26.9661	79.8761	0.132713	0.124716
26.2439	77.6257	0.133422	0.124545
28.3173	78.0345	0.133918	0.124275
24.9752	78.5234	0.13231	0.124967
24.7277	76.3587	0.131468	0.125439
26.2439	77.6257	0.133422	0.124545
31.0572	70.658	0.131533	0.136598
30.0542	68.2649	0.132036	0.268794
32.2468	68.921	0.132332	0.201843
31.0572	70.658	0.131533	0.136598
28.75	70.3973	0.131911	0.138089
30.0542	68.2649	0.132036	0.268794
33.75	70.3973	0.131883	0.136581
31.0572	70.658	0.131533	0.136598
32.2468	68.921	0.132332	0.201843
29.9033	72.3429	0.132395	0.13018
28.75	70.3973	0.131911	0.138089
31.0572	70.658	0.131533	0.136598
30.9297	73.8705	0.132948	0.126944
29.9033	72.3429	0.132395	0.13018
32.355	72.3429	0.133161	0.129942
33.3228	74.0896	0.132569	0.126704
30.9297	73.8705	0.132948	0.126944
32.355	72.3429	0.133161	0.129942
31.9219	75.3472	0.132482	0.125341
29.3832	76.0659	0.133822	0.124973
30.9297	73.8705	0.132948	0.126944
28.5669	74.0896	0.132332	0.12677
26.189	74.0896	0.132598	0.127358
27.4517	72.3429	0.133382	0.130735
25	72.3429	0.132396	0.131204
23.75	70.3973	0.132671	0.139159
27.0253	69.2491	0.132065	0.191138
26.9661	79.8761	0.132713	0.124716
24.9752	78.5234	0.13231	0.124967
26.2439	77.6257	0.133422	0.124545
27.0253	69.2491	0.132065	0.191138
24.3347	67.1118	0.134025	0.205137
26.9568	67.2765	0.133959	0.187163
19.0904	66.7823	0.134351	0.190754
19.999	65.078	0.135538	0.254283
22.2828	65.9587	0.134146	0.232608
17.4187	68.2649	0.132091	0.194907
19.0904	66.7823	0.134351	0.190754
19.193	69.7412	0.133252	0.178853
17.4187	68.2649	0.132091	0.194907
16.8484	65.9587	0.133125	0.258157
19.0904	66.7823	0.134351	0.190754
27.4517	72.3429	0.133382	0.130735
28.75	70.3973	0.131911	0.138089
29.9033	72.3429	0.132395	0.13018
28.5669	74.0896	0.132332	0.12677
27.4517	72.3429	0.133382	0.130735
29.9033	72.3429	0.132395	0.13018
26.189	74.0896	0.132598	0.127358
25	72.3429	0.132396	0.131204
27.4517	72.3429	0.133382	0.130735
27.0253	69.2491	0.132065	0.191138
26.9568	67.2765	0.133959	0.187163
30.0542	68.2649	0.132036	0.268794
27.4517	72.3429	0.133382	0.130735
27.0253	69.2491	0.132065	0.191138
28.75	70.3973	0.131911	0.138089
23.75	70.3973	0.132671	0.139159
24.3347	67.1118	0.134025	0.205137
27.0253	69.2491	0.132065	0.191138
34.8233	67.7707	0.130221	0.215331
37.4455	67.9354	0.121263	0.254008
36.25	70.3973	0.131192	0.136219
31.3712	77.1646	0.132173	0.124736
32.7403	78.0345	0.132989	0.124944
30.8485	78.89	0.132665	0.124638
23.329	78.279	0.130822	0.125075
22.3999	76.5052	0.131098	0.125703
24.7277	76.3587	0.131468	0.125439
23.0339	79.8761	0.131207	0.124724
23.329	78.279	0.130822	0.125075
24.9752	78.5234	0.13231	0.124967
21.6827	78.0345	0.130358	0.125235
22.3999	76.5052	0.131098	0.125703
23.329	78.279	0.130822	0.125075
21.6827	78.0345	0.130358	0.125235
23.329	78.279	0.130822	0.125075
23.0339	79.8761	0.131207	0.124724
25	72.3429	0.132396	0.131204
26.189	74.0896	0.132598	0.127358
23.0327	74.7883	0.131327	0.126411
27.2733	75.6267	0.133456	0.125288
26.2439	77.6257	0.133422	0.124545
24.7277	76.3587	0.131468	0.125439
25	80	0.132418	0.124735
23.0339	79.8761	0.131207	0.124724
24.9752	78.5234	0.13231	0.124967
35.7008	74.0896	0.132705	0.127011
37.3942	72.4885	0.131443	0.129692
38.0788	74.0896	0.132146	0.127735
34.5833	76.9444	0.131885	0.125491
35.7008	74.0896	0.132705	0.127011
36.3664	75.6267	0.13245	0.12634
34.8066	72.3429	0.131708	0.129702
37.3942	72.4885	0.131443	0.129692
35.7008	74.0896	0.132705	0.127011
34.5833	76.9444	0.131885	0.125491
33.3228	74.0896	0.132569	0.126704
35.7008	74.0896	0.132705	0.127011
33.75	70.3973	0.131883	0.136581
36.25	70.3973	0.131192	0.136219
34.8066	72.3429	0.131708	0.129702
35.7008	74.0896	0.132705	0.127011
38.0788	74.0896	0.132146	0.127735
36.3664	75.6267	0.13245	0.12634
37.4455	67.9354	0.121263	0.254008
38.75	70.3973	0.130976	0.136265
36.25	70.3973	0.131192	0.136219
39.7099	72.3429	0.131232	0.131977
38.0788	74.0896	0.132146	0.127735
37.3942	72.4885	0.131443	0.129692
36.25	70.3973	0.131192	0.136219
33.75	70.3973	0.131883	0.136581
34.8233	67.7707	0.130221	0.215331
37.3942	72.4885	0.131443	0.129692
36.25	70.3973	0.131192	0.136219
38.75	70.3973	0.130976	0.136265
37.3942	72.4885	0.131443	0.129692
34.8066	72.3429	0.131708	0.129702
36.25	70.3973	0.131192	0.136219
15.5575	63.4929	0.135349	0.287361
16.8484	65.9587	0.133125	0.258157
13.846	66.4528	0.131893	0.189949
11.414	65.9587	0.132138	0.289475
12.8597	63.4929	0.135046	0.190958
13.846	66.4528	0.131893	0.189949
15.0494	60.8826	0.142438	0.19421
17.5295	61.7527	0.140162	0.247587
15.5575	63.4929	0.135349	0.287361
15.5575	63.4929	0.135349	0.287361
17.5295	61.7527	0.140162	0.247587
16.8484	65.9587	0.133125	0.258157
11.6319	58.144	0.306145	0.203548
14.6026	58.144	0.245282	0.232498
12.3979	60.3349	0.142994	0.270713
14.6026	58.144	0.245282	0.232498
17.2808	59.0298	0.221076	0.235827
15.0494	60.8826	0.142438	0.19421
20.363	63.0044	0.139021	0.296747
19.999	65.078	0.135538	0.254283
17.5295	61.7527	0.140162	0.247587
20.7355	60.8826	0.146551	0.306334
20.363	63.0044	0.139021	0.296747
17.5295	61.7527	0.140162	0.247587
20.7355	60.8826	0.146551	0.306334
23.0704	62.1007	0.141449	0.221795
20.363	63.0044	0.139021	0.296747
11.6319	58.144	0.306145	0.203548
10.6893	54.7417	0.20495	0.212257
14.2198	55.2938	0.225046	0.229289
9.3634	60.8826	0.131341	0.180523
11.6319	58.144	0.306145	0.203548
12.3979	60.3349	0.142994	0.270713
8.66123	58.144	0.174366	0.178996
10.6893	54.7417	0.20495	0.212257
11.6319	58.144	0.306145	0.203548
5.69054	58.144	0.249933	0.208198
4.92487	55.4838	0.343384	0.241491
8.05963	55.2938	0.234845	0.188136
6.4478	61.0566	0.137861	0.193065
5.69054	58.144	0.249933	0.208198
8.66123	58.144	0.174366	0.178996
3.67737	60.8826	0.1466	0.231957
2.71986	58.144	0.295233	0.183589
5.69054	58.144	0.249933	0.208198
36.8222	64.0212	0.0682479	0.0877653
39.6261	63.8451	0.0655454	0.0844525
38.586	65.9587	0.0673582	0.0880378
34.1521	62.7968	0.130231	0.246793
36.8222	64.0212	0.0682479	0.0877653
35.8688	65.9587	0.115727	0.207964
37.7936	60.8826	0.132192	0.177905
39.6261	63.8451	0.0655454	0.0844525
36.8222	64.0212	0.0682479	0.0877653
38.75	70.3973	0.130976	0.136265
40.1627	68.2649	0.124671	0.164992
41.25	70.3973	0.131523	0.137899
37.3942	72.4885	0.131443	0.129692
38.75	70.3973	0.130976	0.136265
39.7099	72.3429	0.131232	0.131977
37.4455	67.9354	0.121263	0.254008
40.1627	68.2649	0.124671	0.164992
38.75	70.3973	0.130976	0.136265
35.8688	65.9587	0.115727	0.207964
37.4455	67.9354	0.121263	0.254008
34.8233	67.7707	0.130221	0.215331
33.1516	65.9587	0.132786	0.203516
35.8688	65.9587	0.115727	0.207964
34.8233	67.7707	0.130221	0.215331
34.1521	62.7968	0.130231	0.246793
34.9506	60.8826	0.141895	0.201241
36.8222	64.0212	0.0682479	0.0877653
38.75	70.3973	0.130976	0.136265
41.25	70.3973	0.131523	0.137899
39.7099	72.3429	0.131232	0.131977
38.586	65.9587	0.0673582	0.0880378
40.1627	68.2649	0.124671	0.164992
37.4455	67.9354	0.121263	0.254008
41.3032	65.9587	0.117304	0.163509
42.6898	68.2649	0.131715	0.176628
40.1627	68.2649	0.124671	0.164992
41.3032	65.9587	0.117304	0.163509
44.0204	65.9587	0.133119	0.224022
42.6898	68.2649	0.131715	0.176628
41.25	70.3973	0.131523	0.137899
40.1627	68.2649	0.124671	0.164992
42.6898	68.2649	0.131715	0.176628
36.8222	64.0212	0.0682479	0.0877653
34.9506	60.8826	0.141895	0.201241
37.7936	60.8826	0.132192	0.177905
2.71986	58.144	0.295233	0.183589
4.92487	55.4838	0.343384	0.241491
5.69054	58.144	0.249933	0.208198
8.66123	58.144	0.174366	0.178996
8.05963	55.2938	0.234845	0.188136
10.6893	54.7417	0.20495	0.212257
6.4478	61.0566	0.137861	0.193065
8.66123	58.144	0.174366	0.178996
9.3634	60.8826	0.131341	0.180523
5.69054	58.144	0.249933	0.208198
8.05963	55.2938	0.234845	0.188136
8.66123	58.144	0.174366	0.178996
1.8995	55.2938	0.358139	0.219962
4.92487	55.4838	0.343384	0.241491
2.71986	58.144	0.295233	0.183589
1.8995	55.2938	0.358139	0.219962
1.22131	52.3495	0.323536	0.212333
4.19365	52.3495	0.366343	0.240145
41.3032	65.9587	0.117304	0.163509
42.43	63.669	0.127213	0.245567
44.0204	65.9587	0.133119	0.224022
43.4796	60.8826	0.144792	0.189236
40.6366	60.8826	0.137926	0.185835
41.4664	58.5091	0.270731	0.198367
45.2338	63.4929	0.137922	0.210532
43.4796	60.8826	0.144792	0.189236
46.3226	60.8826	0.148015	0.208254
42.43	63.669	0.127213	0.245567
40.6366	60.8826	0.137926	0.185835
43.4796	60.8826	0.144792	0.189236
41.4664	58.5091	0.270731	0.198367
38.5596	58.6917	0.309306	0.214784
38.8603	55.2938	0.280816	0.183714
46.3226	60.8826	0.148015	0.208254
43.4796	60.8826	0.144792	0.189236
44.2548	57.954	0.338726	0.183282
42.43	63.669	0.127213	0.245567
39.6261	63.8451	0.0655454	0.0844525
40.6366	60.8826	0.137926	0.185835
44.0204	65.9587	0.133119	0.224022
42.43	63.669	0.127213	0.245567
45.2338	63.4929	0.137922	0.210532
36.8222	64.0212	0.0682479	0.0877653
38.586	65.9587	0.0673582	0.0880378
35.8688	65.9587	0.115727	0.207964
40.6366	60.8826	0.137926	0.185835
39.6261	63.8451	0.0655454	0.0844525
37.7936	60.8826	0.132192	0.177905
38.586	65.9587	0.0673582	0.0880378
37.4455	67.9354	0.121263	0.254008
35.8688	65.9587	0.115727	0.207964
41.3032	65.9587	0.117304	0.163509
38.586	65.9587	0.0673582	0.0880378
39.6261	63.8451	0.0655454	0.0844525
41.3032	65.9587	0.117304	0.163509
40.1627	68.2649	0.124671	0.164992
38.586	65.9587	0.0673582	0.0880378
32.2468	68.921	0.132332	0.201843
30.4344	65.9587	0.132955	0.195797
33.1516	65.9587	0.132786	0.203516
21.7285	50.6506	0.291555	0.194194
19.0553	52.3495	0.250119	0.236349
18.9224	49.3292	0.213966	0.240898
21.7462	47.598	0.227261	0.251301
21.7285	50.6506	0.291555	0.194194
18.9224	49.3292	0.213966	0.240898
15.8835	49.3292	0.303022	0.188116
18.8268	46.2515	0.30006	0.187801
18.9224	49.3292	0.213966	0.240898
22.0142	44.8882	0.218085	0.189854
25	46.2515	0.20712	0.210687
21.7462	47.598	0.227261	0.251301
24.7341	50.8393	0.215338	0.218388
22.4091	54.0056	0.246387	0.192915
21.7285	50.6506	0.291555	0.194194
26.54	55.2938	0.202567	0.191207
26.4853	58.144	0.244208	0.191273
23.0771	56.6239	0.266067	0.18266
30.9447	52.3495	0.206813	0.249692
29.6201	55.2938	0.245211	0.187509
27.9723	52.3495	0.228286	0.209099
26.4853	58.144	0.244208	0.191273
26.4215	60.8826	0.14568	0.291717
24.0253	59.6046	0.195757	0.212071
29.6201	55.2938	0.245211	0.187509
26.4853	58.144	0.244208	0.191273
26.54	55.2938	0.202567	0.191207
29.6201	55.2938	0.245211	0.187509
32.1533	57.1939	0.199941	0.20321
29.839	59.2394	0.212838	0.217905
17.2808	59.0298	0.221076	0.235827
20.7355	60.8826	0.146551	0.306334
17.5295	61.7527	0.140162	0.247587
23.0771	56.6239	0.266067	0.18266
20.3936	58.6582	0.321604	0.220387
20.0518	56.4338	0.397994	0.18093
23.0771	56.6239	0.266067	0.18266
24.0253	59.6046	0.195757	0.212071
20.3936	58.6582	0.321604	0.220387
39.0601	41.8598	0.221075	0.179931
37.5191	43.9145	0.328793	0.196678
37.5	40	0.268001	0.135265
40.625	40	0.211929	0.134395
39.0601	41.8598	0.221075	0.179931
37.5	40	0.268001	0.135265
40.6201	43.7197	0.218732	0.242418
37.5191	43.9145	0.328793	0.196678
39.0601	41.8598	0.221075	0.179931
40.6201	43.7197	0.218732	0.242418
40.433	46.2515	0.228925	0.211291
37.5191	43.9145	0.328793	0.196678
43.6923	43.1354	0.227475	0.210515
40.6201	43.7197	0.218732	0.242418
40.625	40	0.211929	0.134395
43.6923	43.1354	0.227475	0.210515
43.5196	46.2515	0.39277	0.231902
40.6201	43.7197	0.218732	0.242418
46.8798	40.196	0.20326	0.179692
43.6923	43.1354	0.227475	0.210515
43.75	40	0.284011	0.136485
46.8077	43.1354	0.344564	0.231415
49.6928	46.2515	0.348889	0.239601
46.6062	46.2515	0.433603	0.214725
37.5	40	0.268001	0.135265
34.399	40.9798	0.299822	0.195451
34.3221	37.8444	0.206819	0.130871
40.5769	36.8646	0.208786	0.126873
37.5	40	0.268001	0.135265
37.4615	36.8646	0.243319	0.127445
40.625	40	0.211929	0.134395
40.6201	43.7197	0.218732	0.242418
39.0601	41.8598	0.221075	0.179931
40.1224	48.7521	0.219755	0.236096
37.0597	48.5598	0.237573	0.212318
37.3464	46.2515	0.294471	0.183222
34.1165	49.3292	0.238347	0.205338
36.7564	51.5944	0.325893	0.222675
34.1289	53.2696	0.289014	0.193137
31.1732	46.2515	0.356571	0.214936
34.1165	49.3292	0.238347	0.205338
31.0776	49.3292	0.310098	0.194802
28.0866	46.2515	0.315404	0.230632
31.1732	46.2515	0.356571	0.214936
31.0776	49.3292	0.310098	0.194802
34.3294	43.6157	0.268881	0.231351
34.399	40.9798	0.299822	0.195451
37.5191	43.9145	0.328793	0.196678
31.1732	46.2515	0.356571	0.214936
31.226	43.7137	0.228474	0.18477
34.2598	46.2515	0.247392	0.246554
31.2788	41.1758	0.239913	0.219769
34.399	40.9798	0.299822	0.195451
34.3294	43.6157	0.268881	0.231351
37.0597	48.5598	0.237573	0.212318
36.7564	51.5944	0.325893	0.222675
34.1165	49.3292	0.238347	0.205338
37.3464	46.2515	0.294471	0.183222
37.0597	48.5598	0.237573	0.212318
34.2598	46.2515	0.247392	0.246554
40.433	46.2515	0.228925	0.211291
37.3464	46.2515	0.294471	0.183222
37.5191	43.9145	0.328793	0.196678
40.433	46.2515	0.228925	0.211291
40.1224	48.7521	0.219755	0.236096
37.3464	46.2515	0.294471	0.183222
40.1224	48.7521	0.219755	0.236096
36.7564	51.5944	0.325893	0.222675
37.0597	48.5598	0.237573	0.212318
46.2717	49.3292	0.249885	0.182627
45.8487	52.5335	0.432203	0.185103
43.2329	49.3292	0.295811	0.218275
34.1165	49.3292	0.238347	0.205338
34.1289	53.2696	0.289014	0.193137
30.9447	52.3495	0.206813	0.249692
7.464	63.4929	0.132823	0.230817
8.78345	65.7825	0.13176	0.251049
5.97957	65.9587	0.132191	0.236214
6.4478	61.0566	0.137861	0.193065
7.464	63.4929	0.132823	0.230817
4.76616	63.4929	0.134983	0.201985
6.4478	61.0566	0.137861	0.193065
9.3634	60.8826	0.131341	0.180523
7.464	63.4929	0.132823	0.230817
12.3979	60.3349	0.142994	0.270713
10.1618	63.4929	0.131443	0.195428
9.3634	60.8826	0.131341	0.180523
12.8597	63.4929	0.135046	0.190958
15.0494	60.8826	0.142438	0.19421
15.5575	63.4929	0.135349	0.287361
12.3644	68.2649	0.131294	0.178339
13.513	70.6966	0.132146	0.134397
11.25	70.3973	0.130869	0.136247
16.8484	65.9587	0.133125	0.258157
14.8915	68.2649	0.131952	0.19827
13.846	66.4528	0.131893	0.189949
17.4187	68.2649	0.132091	0.194907
16.25	70.3973	0.132647	0.136664
14.8915	68.2649	0.131952	0.19827
19.999	65.078	0.135538	0.254283
19.0904	66.7823	0.134351	0.190754
16.8484	65.9587	0.133125	0.258157
19.193	69.7412	0.133252	0.178853
20.0967	72.3429	0.132891	0.132116
17.645	72.3429	0.132495	0.130733
9.83732	68.2649	0.131849	0.196982
8.78345	65.7825	0.13176	0.251049
11.414	65.9587	0.132138	0.289475
6.48041	46.2515	0.290191	0.191329
3.72828	49.3292	0.220914	0.182965
3.39381	46.2515	0.262834	0.183307
9.70619	49.8955	0.213303	0.184237
6.76709	49.3292	0.341304	0.245192
9.61019	45.6673	0.226642	0.183635
9.70619	49.8955	0.213303	0.184237
10.1383	52.3495	0.306834	0.194998
7.16598	52.3495	0.342967	0.183585
13.1107	52.3495	0.366222	0.194276
10.1383	52.3495	0.306834	0.194998
12.7118	50.0843	0.405224	0.202482
4.19365	52.3495	0.366343	0.240145
3.72828	49.3292	0.220914	0.182965
6.76709	49.3292	0.341304	0.245192
1.8995	55.2938	0.358139	0.219962
4.19365	52.3495	0.366343	0.240145
4.92487	55.4838	0.343384	0.241491
1.22131	52.3495	0.323536	0.212333
3.72828	49.3292	0.220914	0.182965
4.19365	52.3495	0.366343	0.240145
22.2828	65.9587	0.134146	0.232608
23.0704	62.1007	0.141449	0.221795
25.6067	64.7258	0.134782	0.234571
21.8037	69.5771	0.132443	0.239336
22.2828	65.9587	0.134146	0.232608
24.3347	67.1118	0.134025	0.205137
19.999	65.078	0.135538	0.254283
20.363	63.0044	0.139021	0.296747
22.2828	65.9587	0.134146	0.232608
21.8037	69.5771	0.132443	0.239336
19.193	69.7412	0.133252	0.178853
19.0904	66.7823	0.134351	0.190754
16.8484	65.9587	0.133125	0.258157
17.5295	61.7527	0.140162	0.247587
19.999	65.078	0.135538	0.254283
22.2828	65.9587	0.134146	0.232608
20.363	63.0044	0.139021	0.296747
23.0704	62.1007	0.141449	0.221795
16.25	70.3973	0.132647	0.136664
15.1934	72.3429	0.131475	0.129802
13.513	70.6966	0.132146	0.134397
7.464	63.4929	0.132823	0.230817
10.1618	63.4929	0.131443	0.195428
8.78345	65.7825	0.13176	0.251049
20.0518	56.4338	0.397994	0.18093
19.0553	52.3495	0.250119	0.236349
22.4091	54.0056	0.246387	0.192915
20.3936	58.6582	0.321604	0.220387
17.2808	59.0298	0.221076	0.235827
20.0518	56.4338	0.397994	0.18093
15.0494	60.8826	0.142438	0.19421
12.8597	63.4929	0.135046	0.190958
12.3979	60.3349	0.142994	0.270713
9.3634	60.8826	0.131341	0.180523
8.66123	58.144	0.174366	0.178996
11.6319	58.144	0.306145	0.203548
9.70619	49.8955	0.213303	0.184237
7.16598	52.3495	0.342967	0.183585
6.76709	49.3292	0.341304	0.245192
13.1107	52.3495	0.366222	0.194276
16.083	52.3495	0.212535	0.186072
14.2198	55.2938	0.225046	0.229289
23.0771	56.6239	0.266067	0.18266
22.4091	54.0056	0.246387	0.192915
26.54	55.2938	0.202567	0.191207
20.7355	60.8826	0.146551	0.306334
20.3936	58.6582	0.321604	0.220387
24.0253	59.6046	0.195757	0.212071
20.0518	56.4338	0.397994	0.18093
22.4091	54.0056	0.246387	0.192915
23.0771	56.6239	0.266067	0.18266
20.7355	60.8826	0.146551	0.306334
17.2808	59.0298	0.221076	0.235827
20.3936	58.6582	0.321604	0.220387
17.0264	56.2438	0.25101	0.189001
19.0553	52.3495	0.250119	0.236349
20.0518	56.4338	0.397994	0.18093
6.30769	36.8646	0.247224	0.127455
6.24038	39.6081	0.281703	0.133715
3.19231	36.8646	0.204103	0.128365
9.49534	33.1714	0.226252	0.125208
9.42308	36.8646	0.199477	0.126999
6.43263	33.3637	0.200916	0.124662
6.31731	42.7435	0.387191	0.187347
3.125	40	0.205778	0.138028
6.24038	39.6081	0.281703	0.133715
9.4375	42.5475	0.395291	0.228148
12.5	40	0.209212	0.135887
12.5577	42.3516	0.372318	0.188623
6.30769	36.8646	0.247224	0.127455
9.36058	39.4121	0.199296	0.132817
6.24038	39.6081	0.281703	0.133715
9.42308	36.8646	0.199477	0.126999
12.5385	36.8646	0.20779	0.127378
9.36058	39.4121	0.199296	0.132817
15.8122	34.7222	0.271613	0.125301
12.5385	36.8646	0.20779	0.127378
12.7112	34.5275	0.208145	0.124987
9.4375	42.5475	0.395291	0.228148
12.5577	42.3516	0.372318	0.188623
9.61019	45.6673	0.226642	0.183635
6.24038	39.6081	0.281703	0.133715
9.4375	42.5475	0.395291	0.228148
6.31731	42.7435	0.387191	0.187347
9.36058	39.4121	0.199296	0.132817
12.5	40	0.209212	0.135887
9.4375	42.5475	0.395291	0.228148
15.601	39.0202	0.254377	0.132148
12.5	40	0.209212	0.135887
12.5385	36.8646	0.20779	0.127378
15.601	39.0202	0.254377	0.132148
15.6779	42.1556	0.216331	0.200744
12.5	40	0.209212	0.135887
6.48041	46.2515	0.290191	0.191329
6.76709	49.3292	0.341304	0.245192
3.72828	49.3292	0.220914	0.182965
6.31731	42.7435	0.387191	0.187347
6.48041	46.2515	0.290191	0.191329
3.39381	46.2515	0.262834	0.183307
9.61019	45.6673	0.226642	0.183635
6.76709	49.3292	0.341304	0.245192
6.48041	46.2515	0.290191	0.191329
12.7118	50.0843	0.405224	0.202482
9.70619	49.8955	0.213303	0.184237
11.1799	48.0735	0.240101	0.196992
3.19711	42.9395	0.234716	0.18501
0.076922	43.1354	0.259853	0.239977
-3.10282e-28	40	0.216072	0.22789
6.31731	42.7435	0.387191	0.187347
3.19711	42.9395	0.234716	0.18501
3.125	40	0.205778	0.138028
3.39381	46.2515	0.262834	0.183307
0.307214	46.2515	0.206026	0.197272
3.19711	42.9395	0.234716	0.18501
45.0204	55.2938	0.35428	0.184902
41.9404	55.2938	0.320987	0.178708
42.834	52.3495	0.355238	0.179941
48.1005	55.2938	0.275551	0.189482
45.0204	55.2938	0.35428	0.184902
45.8487	52.5335	0.432203	0.185103
44.2548	57.954	0.338726	0.183282
41.9404	55.2938	0.320987	0.178708
45.0204	55.2938	0.35428	0.184902
46.3226	60.8826	0.148015	0.208254
44.2548	57.954	0.338726	0.183282
47.2801	58.144	0.327093	0.23334
41.4664	58.5091	0.270731	0.198367
38.8603	55.2938	0.280816	0.183714
41.9404	55.2938	0.320987	0.178708
27.9723	52.3495	0.228286	0.209099
28.0388	49.3292	0.344497	0.195126
30.9447	52.3495	0.206813	0.249692
19.0553	52.3495	0.250119	0.236349
21.7285	50.6506	0.291555	0.194194
22.4091	54.0056	0.246387	0.192915
25	46.2515	0.20712	0.210687
28.0388	49.3292	0.344497	0.195126
24.7341	50.8393	0.215338	0.218388
21.7285	50.6506	0.291555	0.194194
21.7462	47.598	0.227261	0.251301
24.7341	50.8393	0.215338	0.218388
15.6779	42.1556	0.216331	0.200744
17.2523	44.2036	0.207033	0.182859
14.1489	44.3016	0.378014	0.196417
22.0142	44.8882	0.218085	0.189854
18.8268	46.2515	0.30006	0.187801
18.7981	41.9596	0.264361	0.187894
15.8835	49.3292	0.303022	0.188116
12.6536	46.2515	0.33455	0.176851
15.7402	46.2515	0.384863	0.184195
17.0264	56.2438	0.25101	0.189001
16.083	52.3495	0.212535	0.186072
19.0553	52.3495	0.250119	0.236349
4.19365	52.3495	0.366343	0.240145
7.16598	52.3495	0.342967	0.183585
4.92487	55.4838	0.343384	0.241491
21.9183	41.7637	0.307201	0.220248
25	43.1354	0.379136	0.178528
22.0142	44.8882	0.218085	0.189854
28.125	40	0.213695	0.137388
25	40	0.216606	0.134704
28.1154	36.8646	0.339408	0.127698
25	30.6708	0.213988	0.124487
25.1151	35.3065	0.227224	0.125433
21.9134	33.7485	0.236284	0.125027
31.3171	35.696	0.246139	0.126824
28.0866	33.7485	0.345173	0.124793
30.9343	31.8249	0.211386	0.123819
28.1154	36.8646	0.339408	0.127698
25.1151	35.3065	0.227224	0.125433
28.0866	33.7485	0.345173	0.124793
33.7508	28.5944	0.202839	0.124107
37.1553	30.6708	0.193625	0.125059
33.997	31.6326	0.207985	0.12403
21.8846	36.8646	0.327013	0.127188
21.9014	39.3141	0.202437	0.134353
18.7212	38.8242	0.224698	0.132135
28.1154	36.8646	0.339408	0.127698
25	40	0.216606	0.134704
25.1151	35.3065	0.227224	0.125433
28.125	40	0.213695	0.137388
28.1154	43.1354	0.448295	0.239931
25	40	0.216606	0.134704
3.72828	49.3292	0.220914	0.182965
1.22131	52.3495	0.323536	0.212333
0.68946	49.3292	0.339899	0.201521
0.307214	46.2515	0.206026	0.197272
3.39381	46.2515	0.262834	0.183307
0.68946	49.3292	0.339899	0.201521
11.1799	48.0735	0.240101	0.196992
12.6536	46.2515	0.33455	0.176851
12.7118	50.0843	0.405224	0.202482
9.61019	45.6673	0.226642	0.183635
11.1799	48.0735	0.240101	0.196992
9.70619	49.8955	0.213303	0.184237
9.61019	45.6673	0.226642	0.183635
12.6536	46.2515	0.33455	0.176851
11.1799	48.0735	0.240101	0.196992
31.3817	62.6228	0.139644	0.294887
34.1521	62.7968	0.130231	0.246793
33.1516	65.9587	0.132786	0.203516
26.9568	67.2765	0.133959	0.187163
28.4106	64.5496	0.134806	0.19351
30.4344	65.9587	0.132955	0.195797
29.839	59.2394	0.212838	0.217905
33.5519	59.0383	0.222019	0.211842
31.3817	62.6228	0.139644	0.294887
28.6113	62.4488	0.139325	0.197364
29.839	59.2394	0.212838	0.217905
31.3817	62.6228	0.139644	0.294887
20.7355	60.8826	0.146551	0.306334
24.0253	59.6046	0.195757	0.212071
23.0704	62.1007	0.141449	0.221795
25.6371	53.0665	0.207456	0.221599
24.7341	50.8393	0.215338	0.218388
27.9723	52.3495	0.228286	0.209099
22.4091	54.0056	0.246387	0.192915
25.6371	53.0665	0.207456	0.221599
26.54	55.2938	0.202567	0.191207
22.4091	54.0056	0.246387	0.192915
24.7341	50.8393	0.215338	0.218388
25.6371	53.0665	0.207456	0.221599
29.6201	55.2938	0.245211	0.187509
31.8745	54.2817	0.21533	0.222458
32.1533	57.1939	0.199941	0.20321
34.2598	46.2515	0.247392	0.246554
34.3294	43.6157	0.268881	0.231351
37.3464	46.2515	0.294471	0.183222
31.1732	46.2515	0.356571	0.214936
34.2598	46.2515	0.247392	0.246554
34.1165	49.3292	0.238347	0.205338
34.2598	46.2515	0.247392	0.246554
31.226	43.7137	0.228474	0.18477
34.3294	43.6157	0.268881	0.231351
35.6527	58.8743	0.35967	0.182076
38.5596	58.6917	0.309306	0.214784
37.7936	60.8826	0.132192	0.177905
33.5519	59.0383	0.222019	0.211842
35.6527	58.8743	0.35967	0.182076
34.9506	60.8826	0.141895	0.201241
35.7802	55.2938	0.232391	0.196178
38.5596	58.6917	0.309306	0.214784
35.6527	58.8743	0.35967	0.182076
42.43	63.669	0.127213	0.245567
43.4796	60.8826	0.144792	0.189236
45.2338	63.4929	0.137922	0.210532
6.48041	46.2515	0.290191	0.191329
6.31731	42.7435	0.387191	0.187347
9.61019	45.6673	0.226642	0.183635
0.68946	49.3292	0.339899	0.201521
3.39381	46.2515	0.262834	0.183307
3.72828	49.3292	0.220914	0.182965
0.307214	46.2515	0.206026	0.197272
0.076922	43.1354	0.259853	0.239977
3.19711	42.9395	0.234716	0.18501
6.4478	61.0566	0.137861	0.193065
4.76616	63.4929	0.134983	0.201985
3.67737	60.8826	0.1466	0.231957
5.69054	58.144	0.249933	0.208198
6.4478	61.0566	0.137861	0.193065
3.67737	60.8826	0.1466	0.231957
9.3634	60.8826	0.131341	0.180523
10.1618	63.4929	0.131443	0.195428
7.464	63.4929	0.132823	0.230817
14.6026	58.144	0.245282	0.232498
15.0494	60.8826	0.142438	0.19421
12.3979	60.3349	0.142994	0.270713
14.2198	55.2938	0.225046	0.229289
14.6026	58.144	0.245282	0.232498
11.6319	58.144	0.306145	0.203548
14.2198	55.2938	0.225046	0.229289
17.0264	56.2438	0.25101	0.189001
14.6026	58.144	0.245282	0.232498
7.464	63.4929	0.132823	0.230817
5.97957	65.9587	0.132191	0.236214
4.76616	63.4929	0.134983	0.201985
11.414	65.9587	0.132138	0.289475
13.846	66.4528	0.131893	0.189949
12.3644	68.2649	0.131294	0.178339
10.1618	63.4929	0.131443	0.195428
11.414	65.9587	0.132138	0.289475
8.78345	65.7825	0.13176	0.251049
12.8597	63.4929	0.135046	0.190958
15.5575	63.4929	0.135349	0.287361
13.846	66.4528	0.131893	0.189949
10.1618	63.4929	0.131443	0.195428
12.8597	63.4929	0.135046	0.190958
11.414	65.9587	0.132138	0.289475
10.1618	63.4929	0.131443	0.195428
12.3979	60.3349	0.142994	0.270713
12.8597	63.4929	0.135046	0.190958
9.83732	68.2649	0.131849	0.196982
7.31021	68.2649	0.131589	0.197482
8.78345	65.7825	0.13176	0.251049
31.8745	54.2817	0.21533	0.222458
30.9447	52.3495	0.206813	0.249692
34.1289	53.2696	0.289014	0.193137
35.7802	55.2938	0.232391	0.196178
31.8745	54.2817	0.21533	0.222458
34.1289	53.2696	0.289014	0.193137
29.6201	55.2938	0.245211	0.187509
30.9447	52.3495	0.206813	0.249692
31.8745	54.2817	0.21533	0.222458
29.839	59.2394	0.212838	0.217905
26.4853	58.144	0.244208	0.191273
29.6201	55.2938	0.245211	0.187509
33.5519	59.0383	0.222019	0.211842
29.839	59.2394	0.212838	0.217905
32.1533	57.1939	0.199941	0.20321
35.7802	55.2938	0.232391	0.196178
33.5519	59.0383	0.222019	0.211842
32.1533	57.1939	0.199941	0.20321
34.9506	60.8826	0.141895	0.201241
31.3817	62.6228	0.139644	0.294887
33.5519	59.0383	0.222019	0.211842
28.6113	62.4488	0.139325	0.197364
26.4215	60.8826	0.14568	0.291717
29.839	59.2394	0.212838	0.217905
26.54	55.2938	0.202567	0.191207
27.9723	52.3495	0.228286	0.209099
29.6201	55.2938	0.245211	0.187509
25.6371	53.0665	0.207456	0.221599
27.9723	52.3495	0.228286	0.209099
26.54	55.2938	0.202567	0.191207
24.7341	50.8393	0.215338	0.218388
28.0388	49.3292	0.344497	0.195126
27.9723	52.3495	0.228286	0.209099
22.5483	72.3429	0.132833	0.132293
23.75	70.3973	0.132671	0.139159
25	72.3429	0.132396	0.131204
23.0327	74.7883	0.131327	0.126411
22.5483	72.3429	0.132833	0.132293
25	72.3429	0.132396	0.131204
21.4331	74.0896	0.131009	0.128022
19.0551	74.0896	0.131371	0.127372
20.0967	72.3429	0.132891	0.132116
19.0904	66.7823	0.134351	0.190754
22.2828	65.9587	0.134146	0.232608
21.8037	69.5771	0.132443	0.239336
24.3347	67.1118	0.134025	0.205137
23.75	70.3973	0.132671	0.139159
21.8037	69.5771	0.132443	0.239336
27.0253	69.2491	0.132065	0.191138
30.0542	68.2649	0.132036	0.268794
28.75	70.3973	0.131911	0.138089
25.6067	64.7258	0.134782	0.234571
28.4106	64.5496	0.134806	0.19351
26.9568	67.2765	0.133959	0.187163
22.2828	65.9587	0.134146	0.232608
25.6067	64.7258	0.134782	0.234571
24.3347	67.1118	0.134025	0.205137
23.0704	62.1007	0.141449	0.221795
26.4215	60.8826	0.14568	0.291717
25.6067	64.7258	0.134782	0.234571
30.4344	65.9587	0.132955	0.195797
30.0542	68.2649	0.132036	0.268794
26.9568	67.2765	0.133959	0.187163
28.6113	62.4488	0.139325	0.197364
31.3817	62.6228	0.139644	0.294887
28.4106	64.5496	0.134806	0.19351
25.6067	64.7258	0.134782	0.234571
28.6113	62.4488	0.139325	0.197364
28.4106	64.5496	0.134806	0.19351
26.4215	60.8826	0.14568	0.291717
26.4853	58.144	0.244208	0.191273
29.839	59.2394	0.212838	0.217905
25.6067	64.7258	0.134782	0.234571
26.4215	60.8826	0.14568	0.291717
28.6113	62.4488	0.139325	0.197364
24.0253	59.6046	0.195757	0.212071
23.0771	56.6239	0.266067	0.18266
26.4853	58.144	0.244208	0.191273
33.1516	65.9587	0.132786	0.203516
34.8233	67.7707	0.130221	0.215331
32.2468	68.921	0.132332	0.201843
31.3817	62.6228	0.139644	0.294887
33.1516	65.9587	0.132786	0.203516
30.4344	65.9587	0.132955	0.195797
34.1521	62.7968	0.130231	0.246793
35.8688	65.9587	0.115727	0.207964
33.1516	65.9587	0.132786	0.203516
32.355	72.3429	0.133161	0.129942
33.75	70.3973	0.131883	0.136581
34.8066	72.3429	0.131708	0.129702
29.3832	76.0659	0.133822	0.124973
28.5669	74.0896	0.132332	0.12677
30.9297	73.8705	0.132948	0.126944
31.0572	70.658	0.131533	0.136598
33.75	70.3973	0.131883	0.136581
32.355	72.3429	0.133161	0.129942
29.9033	72.3429	0.132395	0.13018
31.0572	70.658	0.131533	0.136598
32.355	72.3429	0.133161	0.129942
28.4106	64.5496	0.134806	0.19351
31.3817	62.6228	0.139644	0.294887
30.4344	65.9587	0.132955	0.195797
24.3347	67.1118	0.134025	0.205137
25.6067	64.7258	0.134782	0.234571
26.9568	67.2765	0.133959	0.187163
23.0704	62.1007	0.141449	0.221795
24.0253	59.6046	0.195757	0.212071
26.4215	60.8826	0.14568	0.291717
30.4344	65.9587	0.132955	0.195797
32.2468	68.921	0.132332	0.201843
30.0542	68.2649	0.132036	0.268794
34.8233	67.7707	0.130221	0.215331
33.75	70.3973	0.131883	0.136581
32.2468	68.921	0.132332	0.201843
43.2329	49.3292	0.295811	0.218275
40.1224	48.7521	0.219755	0.236096
40.433	46.2515	0.228925	0.211291
48.7787	52.3495	0.298958	0.178718
45.8487	52.5335	0.432203	0.185103
46.2717	49.3292	0.249885	0.182627
42.834	52.3495	0.355238	0.179941
40.1224	48.7521	0.219755	0.236096
43.2329	49.3292	0.295811	0.218275
47.2801	58.144	0.327093	0.23334
44.2548	57.954	0.338726	0.183282
45.0204	55.2938	0.35428	0.184902
38.8603	55.2938	0.280816	0.183714
35.7802	55.2938	0.232391	0.196178
36.7564	51.5944	0.325893	0.222675
41.9404	55.2938	0.320987	0.178708
38.8603	55.2938	0.280816	0.183714
39.8617	52.3495	0.278059	0.185648
45.8487	52.5335	0.432203	0.185103
45.0204	55.2938	0.35428	0.184902
42.834	52.3495	0.355238	0.179941
41.4664	58.5091	0.270731	0.198367
40.6366	60.8826	0.137926	0.185835
38.5596	58.6917	0.309306	0.214784
44.2548	57.954	0.338726	0.183282
41.4664	58.5091	0.270731	0.198367
41.9404	55.2938	0.320987	0.178708
44.2548	57.954	0.338726	0.183282
43.4796	60.8826	0.144792	0.189236
41.4664	58.5091	0.270731	0.198367
38.5596	58.6917	0.309306	0.214784
35.7802	55.2938	0.232391	0.196178
38.8603	55.2938	0.280816	0.183714
6.31731	42.7435	0.387191	0.187347
3.39381	46.2515	0.262834	0.183307
3.19711	42.9395	0.234716	0.18501
45.8487	52.5335	0.432203	0.185103
42.834	52.3495	0.355238	0.179941
43.2329	49.3292	0.295811	0.218275
48.1005	55.2938	0.275551	0.189482
45.8487	52.5335	0.432203	0.185103
48.7787	52.3495	0.298958	0.178718
48.1005	55.2938	0.275551	0.189482
47.2801	58.144	0.327093	0.23334
45.0204	55.2938	0.35428	0.184902
37.7936	60.8826	0.132192	0.177905
38.5596	58.6917	0.309306	0.214784
40.6366	60.8826	0.137926	0.185835
41.3032	65.9587	0.117304	0.163509
39.6261	63.8451	0.0655454	0.0844525
42.43	63.669	0.127213	0.245567
34.9506	60.8826	0.141895	0.201241
35.6527	58.8743	0.35967	0.182076
37.7936	60.8826	0.132192	0.177905
31.3817	62.6228	0.139644	0.294887
34.9506	60.8826	0.141895	0.201241
34.1521	62.7968	0.130231	0.246793
33.5519	59.0383	0.222019	0.211842
35.7802	55.2938	0.232391	0.196178
35.6527	58.8743	0.35967	0.182076
31.8745	54.2817	0.21533	0.222458
35.7802	55.2938	0.232391	0.196178
32.1533	57.1939	0.199941	0.20321
34.1165	49.3292	0.238347	0.205338
34.2598	46.2515	0.247392	0.246554
37.0597	48.5598	0.237573	0.212318
28.0388	49.3292	0.344497	0.195126
31.0776	49.3292	0.310098	0.194802
30.9447	52.3495	0.206813	0.249692
28.0388	49.3292	0.344497	0.195126
25	46.2515	0.20712	0.210687
28.0866	46.2515	0.315404	0.230632
36.7564	51.5944	0.325893	0.222675
35.7802	55.2938	0.232391	0.196178
34.1289	53.2696	0.289014	0.193137
30.9447	52.3495	0.206813	0.249692
31.0776	49.3292	0.310098	0.194802
34.1165	49.3292	0.238347	0.205338
40.1224	48.7521	0.219755	0.236096
42.834	52.3495	0.355238	0.179941
39.8617	52.3495	0.278059	0.185648
39.8617	52.3495	0.278059	0.185648
42.834	52.3495	0.355238	0.179941
41.9404	55.2938	0.320987	0.178708
36.7564	51.5944	0.325893	0.222675
39.8617	52.3495	0.278059	0.185648
38.8603	55.2938	0.280816	0.183714
36.7564	51.5944	0.325893	0.222675
40.1224	48.7521	0.219755	0.236096
39.8617	52.3495	0.278059	0.185648
18.9224	49.3292	0.213966	0.240898
19.0553	52.3495	0.250119	0.236349
16.083	52.3495	0.212535	0.186072
15.7402	46.2515	0.384863	0.184195
18.8268	46.2515	0.30006	0.187801
15.8835	49.3292	0.303022	0.188116
21.7462	47.598	0.227261	0.251301
25	46.2515	0.20712	0.210687
24.7341	50.8393	0.215338	0.218388
22.0108	14.5924	0.218453	0.124984
19.9458	11.7351	0.184365	0.1253
23.0432	12.7235	0.241293	0.124576
17.645	7.6571	0.137562	0.125353
18.75	9.60269	0.14432	0.125102
16.5822	10.0948	0.222065	0.124905
14.9215	7.36598	0.138454	0.125004
17.645	7.6571	0.137562	0.125353
16.5822	10.0948	0.222065	0.124905
16.6772	5.91038	0.134626	0.124876
19.0551	5.91038	0.133767	0.12558
17.645	7.6571	0.137562	0.125353
20.0967	7.6571	0.13679	0.125361
21.25	9.60269	0.143167	0.125486
18.75	9.60269	0.14432	0.125102
17.645	7.6571	0.137562	0.125353
19.0551	5.91038	0.133767	0.12558
20.0967	7.6571	0.13679	0.125361
24.1844	6.78374	0.135794	0.124864
26.189	5.91038	0.135036	0.124832
25.4207	8.55507	0.14155	0.124617
28.5669	5.91038	0.136058	0.12495
31.8199	4.37335	0.132648	0.125277
31.1316	6.34706	0.135403	0.125099
26.9661	0.123895	0.132486	0.125302
28.4094	2.238	0.133284	0.12509
26.0648	3.0556	0.132548	0.124799
28.9198	0.494728	0.133141	0.125192
30.8485	1.10996	0.132632	0.125268
28.4094	2.238	0.133284	0.12509
31.25	9.60269	0.145609	0.124448
33.75	9.60269	0.144354	0.124088
32.5813	11.7351	0.257139	0.124016
30.9096	13.2177	0.213095	0.124256
29.636	10.915	0.229993	0.124268
32.5813	11.7351	0.257139	0.124016
32.355	7.6571	0.138426	0.124511
33.4473	6.2015	0.135247	0.12497
34.9468	7.95642	0.138451	0.124708
29.9033	7.6571	0.138587	0.124514
32.355	7.6571	0.138426	0.124511
31.25	9.60269	0.145609	0.124448
31.1316	6.34706	0.135403	0.125099
31.8199	4.37335	0.132648	0.125277
33.4473	6.2015	0.135247	0.12497
29.9033	7.6571	0.138587	0.124514
31.1316	6.34706	0.135403	0.125099
32.355	7.6571	0.138426	0.124511
29.9033	7.6571	0.138587	0.124514
28.5669	5.91038	0.136058	0.12495
31.1316	6.34706	0.135403	0.125099
28.5669	5.91038	0.136058	0.12495
29.9033	7.6571	0.138587	0.124514
27.8022	8.40541	0.14243	0.124354
25	4.37335	0.132456	0.125042
27.2733	4.37335	0.133739	0.124977
26.189	5.91038	0.135036	0.124832
27.2733	4.37335	0.133739	0.124977
30.3241	3.0556	0.132608	0.125086
28.5669	5.91038	0.136058	0.12495
31.1316	6.34706	0.135403	0.125099
33.4473	6.2015	0.135247	0.12497
32.355	7.6571	0.138426	0.124511
27.2733	4.37335	0.133739	0.124977
28.4094	2.238	0.133284	0.12509
30.3241	3.0556	0.132608	0.125086
26.189	5.91038	0.135036	0.124832
27.2733	4.37335	0.133739	0.124977
28.5669	5.91038	0.136058	0.12495
26.0648	3.0556	0.132548	0.124799
28.4094	2.238	0.133284	0.12509
27.2733	4.37335	0.133739	0.124977
29.636	10.915	0.229993	0.124268
29.9033	7.6571	0.138587	0.124514
31.25	9.60269	0.145609	0.124448
25.4207	8.55507	0.14155	0.124617
27.8022	8.40541	0.14243	0.124354
27.0253	10.7509	0.195305	0.124156
25.4207	8.55507	0.14155	0.124617
26.189	5.91038	0.135036	0.124832
27.8022	8.40541	0.14243	0.124354
26.3489	16.5071	0.199453	0.124048
24.3933	15.2742	0.196985	0.124417
25.6653	12.8882	0.238576	0.124476
30.3241	3.0556	0.132608	0.125086
31.8199	4.37335	0.132648	0.125277
28.5669	5.91038	0.136058	0.12495
30.8485	1.10996	0.132632	0.125268
30.3241	3.0556	0.132608	0.125086
28.4094	2.238	0.133284	0.12509
30.8485	1.10996	0.132632	0.125268
32.7403	1.96546	0.13231	0.124826
30.3241	3.0556	0.132608	0.125086
30.3241	3.0556	0.132608	0.125086
32.7403	1.96546	0.13231	0.124826
31.8199	4.37335	0.132648	0.125277
23.9352	3.0556	0.132808	0.125517
25	4.37335	0.132456	0.125042
22.7267	4.37335	0.133342	0.125038
26.9661	0.123895	0.132486	0.125302
26.0648	3.0556	0.132548	0.124799
25.0248	1.47661	0.131568	0.125132
26.9661	0.123895	0.132486	0.125302
28.9198	0.494728	0.133141	0.125192
28.4094	2.238	0.133284	0.12509
25.0248	1.47661	0.131568	0.125132
25	-8.70219e-28	0.132229	0.125459
26.9661	0.123895	0.132486	0.125302
23.9352	3.0556	0.132808	0.125517
25.0248	1.47661	0.131568	0.125132
26.0648	3.0556	0.132548	0.124799
23.9352	3.0556	0.132808	0.125517
23.0835	1.59882	0.13213	0.125653
25.0248	1.47661	0.131568	0.125132
32.7403	1.96546	0.13231	0.124826
34.5833	3.0556	0.131533	0.12523
31.8199	4.37335	0.132648	0.125277
25	4.37335	0.132456	0.125042
26.0648	3.0556	0.132548	0.124799
27.2733	4.37335	0.133739	0.124977
24.1844	6.78374	0.135794	0.124864
25	4.37335	0.132456	0.125042
26.189	5.91038	0.135036	0.124832
23.9352	3.0556	0.132808	0.125517
26.0648	3.0556	0.132548	0.124799
25	4.37335	0.132456	0.125042
21.913	2.6468	0.131785	0.125686
23.9352	3.0556	0.132808	0.125517
22.7267	4.37335	0.133342	0.125038
23.0835	1.59882	0.13213	0.125653
23.0339	0.123895	0.132173	0.125306
25.0248	1.47661	0.131568	0.125132
21.913	2.6468	0.131785	0.125686
23.0835	1.59882	0.13213	0.125653
23.9352	3.0556	0.132808	0.125517
21.4331	5.91038	0.133887	0.125049
20.4534	4.37335	0.133281	0.125088
22.7267	4.37335	0.133342	0.125038
19.7476	2.78306	0.133132	0.125171
21.0802	0.494728	0.131504	0.125392
21.913	2.6468	0.131785	0.125686
23.0339	0.123895	0.132173	0.125306
25	-8.70219e-28	0.132229	0.125459
25.0248	1.47661	0.131568	0.125132
33.4473	6.2015	0.135247	0.12497
34.5833	3.0556	0.131533	0.12523
35.7008	5.91038	0.13329	0.124819
36.3664	4.37335	0.132618	0.124765
35.7008	5.91038	0.13329	0.124819
34.5833	3.0556	0.131533	0.12523
23.5785	19.1174	0.334358	0.124017
26.3489	16.5071	0.199453	0.124048
26.4215	19.1174	0.261704	0.123774
23.0771	23.3761	0.272934	0.123374
25.3391	26.1784	0.205603	0.123404
22.0277	27.6505	0.264369	0.123659
29.636	10.915	0.229993	0.124268
27.8022	8.40541	0.14243	0.124354
29.9033	7.6571	0.138587	0.124514
29.636	10.915	0.229993	0.124268
27.0253	10.7509	0.195305	0.124156
27.8022	8.40541	0.14243	0.124354
32.5813	11.7351	0.257139	0.124016
29.636	10.915	0.229993	0.124268
31.25	9.60269	0.145609	0.124448
28.2875	13.053	0.192543	0.124466
27.0253	10.7509	0.195305	0.124156
29.636	10.915	0.229993	0.124268
23.0432	12.7235	0.241293	0.124576
25.6653	12.8882	0.238576	0.124476
24.3933	15.2742	0.196985	0.124417
24.4145	10.5869	0.226661	0.124655
25.4207	8.55507	0.14155	0.124617
27.0253	10.7509	0.195305	0.124156
23.0432	12.7235	0.241293	0.124576
24.4145	10.5869	0.226661	0.124655
25.6653	12.8882	0.238576	0.124476
23.0432	12.7235	0.241293	0.124576
21.25	9.60269	0.143167	0.125486
24.4145	10.5869	0.226661	0.124655
24.1844	6.78374	0.135794	0.124864
22.5483	7.6571	0.137713	0.125395
21.4331	5.91038	0.133887	0.125049
25	4.37335	0.132456	0.125042
24.1844	6.78374	0.135794	0.124864
22.7267	4.37335	0.133342	0.125038
25.4207	8.55507	0.14155	0.124617
24.4145	10.5869	0.226661	0.124655
22.5483	7.6571	0.137713	0.125395
24.4145	10.5869	0.226661	0.124655
21.25	9.60269	0.143167	0.125486
22.5483	7.6571	0.137713	0.125395
19.5656	14.0413	0.241252	0.124954
20.9532	16.5071	0.205839	0.124636
18.2554	16.5071	0.208684	0.124952
19.9458	11.7351	0.184365	0.1253
19.5656	14.0413	0.241252	0.124954
17.7988	12.3941	0.217436	0.125363
18.75	9.60269	0.14432	0.125102
19.9458	11.7351	0.184365	0.1253
17.7988	12.3941	0.217436	0.125363
21.25	9.60269	0.143167	0.125486
23.0432	12.7235	0.241293	0.124576
19.9458	11.7351	0.184365	0.1253
22.0108	14.5924	0.218453	0.124984
20.9532	16.5071	0.205839	0.124636
19.5656	14.0413	0.241252	0.124954
19.9458	11.7351	0.184365	0.1253
22.0108	14.5924	0.218453	0.124984
19.5656	14.0413	0.241252	0.124954
23.0432	12.7235	0.241293	0.124576
24.3933	15.2742	0.196985	0.124417
22.0108	14.5924	0.218453	0.124984
17.7548	18.7251	0.195346	0.124465
20.7355	19.1174	0.247226	0.124308
17.2541	20.9431	0.295975	0.124416
16.8484	14.0413	0.241241	0.125278
18.2554	16.5071	0.208684	0.124952
15.9817	15.8026	0.249338	0.124867
20.9532	16.5071	0.205839	0.124636
20.7355	19.1174	0.247226	0.124308
18.2554	16.5071	0.208684	0.124952
14.9215	7.36598	0.138454	0.125004
16.5822	10.0948	0.222065	0.124905
13.513	9.30337	0.144624	0.125042
12.6058	7.51154	0.137457	0.12465
14.9215	7.36598	0.138454	0.125004
13.513	9.30337	0.144624	0.125042
13.6336	4.37335	0.134835	0.124791
15.4167	3.0556	0.133548	0.125441
16.6772	5.91038	0.134626	0.124876
19.7476	2.78306	0.133132	0.125171
19.1515	1.10996	0.132519	0.125137
21.0802	0.494728	0.131504	0.125392
20.4534	4.37335	0.133281	0.125088
19.0551	5.91038	0.133767	0.12558
18.1801	4.37335	0.133456	0.125102
21.913	2.6468	0.131785	0.125686
20.4534	4.37335	0.133281	0.125088
19.7476	2.78306	0.133132	0.125171
21.4331	5.91038	0.133887	0.125049
19.0551	5.91038	0.133767	0.12558
20.4534	4.37335	0.133281	0.125088
24.1844	6.78374	0.135794	0.124864
21.4331	5.91038	0.133887	0.125049
22.7267	4.37335	0.133342	0.125038
20.0967	7.6571	0.13679	0.125361
19.0551	5.91038	0.133767	0.12558
21.4331	5.91038	0.133887	0.125049
20.4534	4.37335	0.133281	0.125088
18.1801	4.37335	0.133456	0.125102
19.7476	2.78306	0.133132	0.125171
23.0835	1.59882	0.13213	0.125653
21.0802	0.494728	0.131504	0.125392
23.0339	0.123895	0.132173	0.125306
27.8022	8.40541	0.14243	0.124354
26.189	5.91038	0.135036	0.124832
28.5669	5.91038	0.136058	0.12495
25.6653	12.8882	0.238576	0.124476
24.4145	10.5869	0.226661	0.124655
27.0253	10.7509	0.195305	0.124156
22.5483	7.6571	0.137713	0.125395
20.0967	7.6571	0.13679	0.125361
21.4331	5.91038	0.133887	0.125049
25.4207	8.55507	0.14155	0.124617
22.5483	7.6571	0.137713	0.125395
24.1844	6.78374	0.135794	0.124864
21.25	9.60269	0.143167	0.125486
20.0967	7.6571	0.13679	0.125361
22.5483	7.6571	0.137713	0.125395
14.9215	7.36598	0.138454	0.125004
16.6772	5.91038	0.134626	0.124876
17.645	7.6571	0.137562	0.125353
21.913	2.6468	0.131785	0.125686
21.0802	0.494728	0.131504	0.125392
23.0835	1.59882	0.13213	0.125653
37.3284	7.80676	0.13695	0.124889
38.0788	5.91038	0.135007	0.124484
39.7099	7.6571	0.139646	0.124489
33.4473	6.2015	0.135247	0.12497
35.7008	5.91038	0.13329	0.124819
34.9468	7.95642	0.138451	0.124708
33.75	9.60269	0.144354	0.124088
32.355	7.6571	0.138426	0.124511
34.9468	7.95642	0.138451	0.124708
31.8199	4.37335	0.132648	0.125277
34.5833	3.0556	0.131533	0.12523
33.4473	6.2015	0.135247	0.12497
36.3664	4.37335	0.132618	0.124765
38.0788	5.91038	0.135007	0.124484
35.7008	5.91038	0.13329	0.124819
19.7476	2.78306	0.133132	0.125171
17.2597	1.96546	0.132588	0.12523
19.1515	1.10996	0.132519	0.125137
18.1801	4.37335	0.133456	0.125102
16.6772	5.91038	0.134626	0.124876
15.4167	3.0556	0.133548	0.125441
19.7476	2.78306	0.133132	0.125171
18.1801	4.37335	0.133456	0.125102
17.2597	1.96546	0.132588	0.12523
19.0551	5.91038	0.133767	0.12558
16.6772	5.91038	0.134626	0.124876
18.1801	4.37335	0.133456	0.125102
21.913	2.6468	0.131785	0.125686
22.7267	4.37335	0.133342	0.125038
20.4534	4.37335	0.133281	0.125088
20.0967	7.6571	0.13679	0.125361
18.75	9.60269	0.14432	0.125102
17.645	7.6571	0.137562	0.125353
14.9215	7.36598	0.138454	0.125004
13.6336	4.37335	0.134835	0.124791
16.6772	5.91038	0.134626	0.124876
32.355	7.6571	0.138426	0.124511
33.75	9.60269	0.144354	0.124088
31.25	9.60269	0.145609	0.124448
38.0788	5.91038	0.135007	0.124484
37.3284	7.80676	0.13695	0.124889
35.7008	5.91038	0.13329	0.124819
38.75	9.60269	0.144021	0.124577
41.25	9.60269	0.146858	0.124712
40.1627	11.7351	0.200344	0.123913
36.25	9.60269	0.143446	0.124293
38.75	9.60269	0.144021	0.124577
37.4683	11.4071	0.242216	0.12402
39.7099	7.6571	0.139646	0.124489
41.25	9.60269	0.146858	0.124712
38.75	9.60269	0.144021	0.124577
15.4167	3.0556	0.133548	0.125441
17.2597	1.96546	0.132588	0.12523
18.1801	4.37335	0.133456	0.125102
44.0204	14.0413	0.208091	0.124059
41.2166	14.2175	0.197486	0.123862
42.6898	11.7351	0.219509	0.124307
14.9215	7.36598	0.138454	0.125004
12.6058	7.51154	0.137457	0.12465
13.6336	4.37335	0.134835	0.124791
15.1767	12.2293	0.209719	0.125318
12.5545	12.0646	0.229259	0.124721
13.513	9.30337	0.144624	0.125042
16.5822	10.0948	0.222065	0.124905
17.7988	12.3941	0.217436	0.125363
15.1767	12.2293	0.209719	0.125318
14.1312	14.0413	0.205275	0.124982
12.5545	12.0646	0.229259	0.124721
15.1767	12.2293	0.209719	0.125318
15.9817	15.8026	0.249338	0.124867
14.7591	18.4213	0.24868	0.124625
13.1778	15.9788	0.203411	0.125043
16.5822	10.0948	0.222065	0.124905
18.75	9.60269	0.14432	0.125102
17.7988	12.3941	0.217436	0.125363
22.0108	14.5924	0.218453	0.124984
24.3933	15.2742	0.196985	0.124417
20.9532	16.5071	0.205839	0.124636
11.4404	21.3083	0.200156	0.12492
12.2064	19.1174	0.218971	0.124594
14.6026	21.856	0.259041	0.124541
8.66123	21.856	0.201168	0.12482
11.4404	21.3083	0.200156	0.12492
10.9756	24.1362	0.238529	0.124866
8.66123	21.856	0.201168	0.12482
9.3634	19.1174	0.193356	0.125006
11.4404	21.3083	0.200156	0.12492
6.52038	19.1174	0.283466	0.125107
7.464	16.5071	0.25348	0.125179
9.3634	19.1174	0.193356	0.125006
3.67737	19.1174	0.246175	0.125086
6.52038	19.1174	0.283466	0.125107
5.62671	21.6734	0.200155	0.124607
3.67737	19.1174	0.246175	0.125086
4.76616	16.5071	0.204417	0.125151
6.52038	19.1174	0.283466	0.125107
10.1618	16.5071	0.21963	0.124697
12.2064	19.1174	0.218971	0.124594
9.3634	19.1174	0.193356	0.125006
5.97957	14.0413	0.297767	0.124718
8.69678	14.0413	0.333456	0.124819
7.464	16.5071	0.25348	0.125179
11.414	14.0413	0.266878	0.124916
13.1778	15.9788	0.203411	0.125043
10.1618	16.5071	0.21963	0.124697
15.1767	12.2293	0.209719	0.125318
16.8484	14.0413	0.241241	0.125278
14.1312	14.0413	0.205275	0.124982
6.52038	19.1174	0.283466	0.125107
9.3634	19.1174	0.193356	0.125006
8.66123	21.856	0.201168	0.12482
14.7591	18.4213	0.24868	0.124625
12.2064	19.1174	0.218971	0.124594
13.1778	15.9788	0.203411	0.125043
14.7591	18.4213	0.24868	0.124625
14.6026	21.856	0.259041	0.124541
12.2064	19.1174	0.218971	0.124594
12.6058	7.51154	0.137457	0.12465
11.9212	5.91038	0.135831	0.124622
13.6336	4.37335	0.134835	0.124791
11.25	9.60269	0.144655	0.124808
12.6058	7.51154	0.137457	0.12465
13.513	9.30337	0.144624	0.125042
10.2901	7.6571	0.139341	0.124629
11.9212	5.91038	0.135831	0.124622
12.6058	7.51154	0.137457	0.12465
41.2166	14.2175	0.197486	0.123862
40.1627	11.7351	0.200344	0.123913
42.6898	11.7351	0.219509	0.124307
35.1085	11.7351	0.192643	0.124132
37.4683	11.4071	0.242216	0.12402
35.6088	14.5697	0.212346	0.124456
33.1516	14.0413	0.192538	0.124022
35.1085	11.7351	0.192643	0.124132
35.6088	14.5697	0.212346	0.124456
32.5813	11.7351	0.257139	0.124016
33.75	9.60269	0.144354	0.124088
35.1085	11.7351	0.192643	0.124132
37.3284	7.80676	0.13695	0.124889
39.7099	7.6571	0.139646	0.124489
38.75	9.60269	0.144021	0.124577
36.25	9.60269	0.143446	0.124293
37.3284	7.80676	0.13695	0.124889
38.75	9.60269	0.144021	0.124577
35.1085	11.7351	0.192643	0.124132
36.25	9.60269	0.143446	0.124293
37.4683	11.4071	0.242216	0.12402
34.9468	7.95642	0.138451	0.124708
37.3284	7.80676	0.13695	0.124889
36.25	9.60269	0.143446	0.124293
34.9468	7.95642	0.138451	0.124708
35.7008	5.91038	0.13329	0.124819
37.3284	7.80676	0.13695	0.124889
42.536	16.5071	0.22286	0.123669
44.0204	14.0413	0.208091	0.124059
45.2338	16.5071	0.199769	0.123792
38.4127	14.3936	0.233553	0.123769
41.2166	14.2175	0.197486	0.123862
39.693	16.8552	0.25297	0.12399
38.4127	14.3936	0.233553	0.123769
37.4683	11.4071	0.242216	0.12402
40.1627	11.7351	0.200344	0.123913
10.2901	7.6571	0.139341	0.124629
12.6058	7.51154	0.137457	0.12465
11.25	9.60269	0.144655	0.124808
28.2875	13.053	0.192543	0.124466
30.001	14.922	0.21002	0.124088
26.3489	16.5071	0.199453	0.124048
35.1085	11.7351	0.192643	0.124132
33.1516	14.0413	0.192538	0.124022
32.5813	11.7351	0.257139	0.124016
30.001	14.922	0.21002	0.124088
28.6113	17.5512	0.239612	0.124189
26.3489	16.5071	0.199453	0.124048
30.9096	13.2177	0.213095	0.124256
30.001	14.922	0.21002	0.124088
28.2875	13.053	0.192543	0.124466
29.636	10.915	0.229993	0.124268
30.9096	13.2177	0.213095	0.124256
28.2875	13.053	0.192543	0.124466
32.5813	11.7351	0.257139	0.124016
33.1516	14.0413	0.192538	0.124022
30.9096	13.2177	0.213095	0.124256
31.7446	16.5071	0.316398	0.124669
28.6113	17.5512	0.239612	0.124189
30.001	14.922	0.21002	0.124088
34.4425	16.5071	0.207381	0.124849
31.7446	16.5071	0.316398	0.124669
33.1516	14.0413	0.192538	0.124022
34.4425	16.5071	0.207381	0.124849
34.9506	19.1174	0.2409	0.124658
32.1075	19.1174	0.269909	0.124833
37.1403	16.5071	0.251439	0.124166
34.4425	16.5071	0.207381	0.124849
35.6088	14.5697	0.212346	0.124456
37.1403	16.5071	0.251439	0.124166
37.7936	19.1174	0.229208	0.124472
34.9506	19.1174	0.2409	0.124658
11.414	14.0413	0.266878	0.124916
14.1312	14.0413	0.205275	0.124982
13.1778	15.9788	0.203411	0.125043
8.69678	14.0413	0.333456	0.124819
9.93237	11.8999	0.206557	0.124506
11.414	14.0413	0.266878	0.124916
11.25	9.60269	0.144655	0.124808
13.513	9.30337	0.144624	0.125042
12.5545	12.0646	0.229259	0.124721
10.2901	7.6571	0.139341	0.124629
11.25	9.60269	0.144655	0.124808
8.74996	9.60269	0.146911	0.124611
13.513	9.30337	0.144624	0.125042
16.5822	10.0948	0.222065	0.124905
15.1767	12.2293	0.209719	0.125318
9.93237	11.8999	0.206557	0.124506
11.25	9.60269	0.144655	0.124808
12.5545	12.0646	0.229259	0.124721
11.414	14.0413	0.266878	0.124916
9.93237	11.8999	0.206557	0.124506
12.5545	12.0646	0.229259	0.124721
8.69678	14.0413	0.333456	0.124819
7.31021	11.7351	0.204875	0.124392
9.93237	11.8999	0.206557	0.124506
37.4683	11.4071	0.242216	0.12402
38.4127	14.3936	0.233553	0.123769
35.6088	14.5697	0.212346	0.124456
42.536	16.5071	0.22286	0.123669
43.4158	19.3	0.240689	0.12372
40.5089	19.4825	0.248452	0.123991
44.0204	14.0413	0.208091	0.124059
42.536	16.5071	0.22286	0.123669
41.2166	14.2175	0.197486	0.123862
45.2338	16.5071	0.199769	0.123792
43.4158	19.3	0.240689	0.12372
42.536	16.5071	0.22286	0.123669
40.5089	19.4825	0.248452	0.123991
41.2294	22.236	0.226686	0.124412
38.204	22.4261	0.289983	0.124497
42.536	16.5071	0.22286	0.123669
40.5089	19.4825	0.248452	0.123991
39.693	16.8552	0.25297	0.12399
43.4158	19.3	0.240689	0.12372
41.2294	22.236	0.226686	0.124412
40.5089	19.4825	0.248452	0.123991
47.2801	21.856	0.257997	0.123792
44.3095	21.856	0.266369	0.124171
46.3226	19.1174	0.210216	0.12378
38.4127	14.3936	0.233553	0.123769
37.1403	16.5071	0.251439	0.124166
35.6088	14.5697	0.212346	0.124456
40.1627	11.7351	0.200344	0.123913
41.2166	14.2175	0.197486	0.123862
38.4127	14.3936	0.233553	0.123769
38.75	9.60269	0.144021	0.124577
40.1627	11.7351	0.200344	0.123913
37.4683	11.4071	0.242216	0.12402
41.25	9.60269	0.146858	0.124712
42.6898	11.7351	0.219509	0.124307
40.1627	11.7351	0.200344	0.123913
39.693	16.8552	0.25297	0.12399
37.1403	16.5071	0.251439	0.124166
38.4127	14.3936	0.233553	0.123769
40.5089	19.4825	0.248452	0.123991
37.7936	19.1174	0.229208	0.124472
39.693	16.8552	0.25297	0.12399
28.8815	20.2128	0.230625	0.123877
29.1279	22.9961	0.36391	0.123645
26.1025	23.1861	0.284737	0.123829
32.1075	19.1174	0.269909	0.124833
34.9506	19.1174	0.2409	0.124658
32.4267	21.856	0.206068	0.124638
28.8815	20.2128	0.230625	0.123877
32.1075	19.1174	0.269909	0.124833
32.4267	21.856	0.206068	0.124638
31.7446	16.5071	0.316398	0.124669
34.4425	16.5071	0.207381	0.124849
32.1075	19.1174	0.269909	0.124833
28.6113	17.5512	0.239612	0.124189
31.7446	16.5071	0.316398	0.124669
32.1075	19.1174	0.269909	0.124833
11.414	14.0413	0.266878	0.124916
12.5545	12.0646	0.229259	0.124721
14.1312	14.0413	0.205275	0.124982
12.2064	19.1174	0.218971	0.124594
10.1618	16.5071	0.21963	0.124697
13.1778	15.9788	0.203411	0.125043
9.93237	11.8999	0.206557	0.124506
8.74996	9.60269	0.146911	0.124611
11.25	9.60269	0.144655	0.124808
43.4158	19.3	0.240689	0.12372
45.2338	16.5071	0.199769	0.123792
46.3226	19.1174	0.210216	0.12378
33.1516	14.0413	0.192538	0.124022
35.6088	14.5697	0.212346	0.124456
34.4425	16.5071	0.207381	0.124849
36.25	9.60269	0.143446	0.124293
33.75	9.60269	0.144354	0.124088
34.9468	7.95642	0.138451	0.124708
21.9134	33.7485	0.236284	0.125027
18.9132	34.917	0.209114	0.125482
18.6835	32.5943	0.247815	0.12433
25	30.6708	0.213988	0.124487
21.9134	33.7485	0.236284	0.125027
21.9612	30.6708	0.338658	0.124165
21.8846	36.8646	0.327013	0.127188
18.9132	34.917	0.209114	0.125482
21.9134	33.7485	0.236284	0.125027
25	40	0.216606	0.134704
21.8846	36.8646	0.327013	0.127188
25.1151	35.3065	0.227224	0.125433
21.9134	33.7485	0.236284	0.125027
18.6835	32.5943	0.247815	0.12433
21.9612	30.6708	0.338658	0.124165
18.7212	38.8242	0.224698	0.132135
18.9132	34.917	0.209114	0.125482
21.8846	36.8646	0.327013	0.127188
17.2667	36.7732	0.277754	0.128043
15.8122	34.7222	0.271613	0.125301
18.9132	34.917	0.209114	0.125482
18.7212	38.8242	0.224698	0.132135
17.2667	36.7732	0.277754	0.128043
18.9132	34.917	0.209114	0.125482
18.7212	38.8242	0.224698	0.132135
15.601	39.0202	0.254377	0.132148
17.2667	36.7732	0.277754	0.128043
18.7981	41.9596	0.264361	0.187894
18.7212	38.8242	0.224698	0.132135
21.9014	39.3141	0.202437	0.134353
15.601	39.0202	0.254377	0.132148
15.8122	34.7222	0.271613	0.125301
17.2667	36.7732	0.277754	0.128043
14.001	23.9462	0.273096	0.1248
14.6026	21.856	0.259041	0.124541
17.2998	24.7062	0.236243	0.123953
13.1107	27.6505	0.193709	0.124333
12.8447	30.6708	0.203972	0.124739
10.1383	27.6505	0.232365	0.124222
15.2052	26.1784	0.265726	0.124484
15.7173	29.727	0.192324	0.124291
13.1107	27.6505	0.193709	0.124333
20.3799	24.7062	0.196726	0.123624
18.0114	27.1222	0.216803	0.124131
17.2998	24.7062	0.236243	0.123953
18.7229	29.5382	0.209178	0.124388
15.7173	29.727	0.192324	0.124291
18.0114	27.1222	0.216803	0.124131
18.7229	29.5382	0.209178	0.124388
18.6835	32.5943	0.247815	0.12433
15.7173	29.727	0.192324	0.124291
10.9756	24.1362	0.238529	0.124866
8.05963	24.7062	0.199425	0.124356
8.66123	21.856	0.201168	0.12482
10.1383	27.6505	0.232365	0.124222
8.05963	24.7062	0.199425	0.124356
10.9756	24.1362	0.238529	0.124866
10.1383	27.6505	0.232365	0.124222
9.80591	30.6708	0.335388	0.124664
7.16598	27.6505	0.280653	0.124313
6.70061	30.2933	0.207762	0.12459
7.16598	27.6505	0.280653	0.124313
9.80591	30.6708	0.335388	0.124664
4.97956	24.7062	0.204873	0.1242
5.62671	21.6734	0.200155	0.124607
8.05963	24.7062	0.199425	0.124356
3.67737	19.1174	0.246175	0.125086
5.62671	21.6734	0.200155	0.124607
2.71986	21.856	0.205237	0.124713
6.52038	19.1174	0.283466	0.125107
4.76616	16.5071	0.204417	0.125151
7.464	16.5071	0.25348	0.125179
25	30.6708	0.213988	0.124487
28.0388	30.6708	0.266666	0.124105
28.0866	33.7485	0.345173	0.124793
47.2801	21.856	0.257997	0.123792
48.1005	24.7062	0.202596	0.124267
45.0204	24.7062	0.273967	0.12419
26.4215	19.1174	0.261704	0.123774
26.3489	16.5071	0.199453	0.124048
28.6113	17.5512	0.239612	0.124189
18.0114	27.1222	0.216803	0.124131
22.0277	27.6505	0.264369	0.123659
18.7229	29.5382	0.209178	0.124388
17.2541	20.9431	0.295975	0.124416
20.544	21.856	0.227899	0.124142
17.2998	24.7062	0.236243	0.123953
23.0771	23.3761	0.272934	0.123374
26.1025	23.1861	0.284737	0.123829
25.3391	26.1784	0.205603	0.123404
17.2998	24.7062	0.236243	0.123953
20.544	21.856	0.227899	0.124142
20.3799	24.7062	0.196726	0.123624
24.8405	21.1517	0.312356	0.123462
26.1025	23.1861	0.284737	0.123829
23.0771	23.3761	0.272934	0.123374
20.544	21.856	0.227899	0.124142
24.8405	21.1517	0.312356	0.123462
23.0771	23.3761	0.272934	0.123374
23.5785	19.1174	0.334358	0.124017
26.4215	19.1174	0.261704	0.123774
24.8405	21.1517	0.312356	0.123462
31.199	26.5464	0.257405	0.123589
30.7452	28.7831	0.215402	0.123411
28.269	26.3624	0.277207	0.123291
29.1279	22.9961	0.36391	0.123645
31.199	26.5464	0.257405	0.123589
28.269	26.3624	0.277207	0.123291
32.7002	24.7062	0.209294	0.123694
33.7508	28.5944	0.202839	0.124107
31.199	26.5464	0.257405	0.123589
20.544	21.856	0.227899	0.124142
23.0771	23.3761	0.272934	0.123374
20.3799	24.7062	0.196726	0.123624
20.7355	19.1174	0.247226	0.124308
20.544	21.856	0.227899	0.124142
17.2541	20.9431	0.295975	0.124416
17.7548	18.7251	0.195346	0.124465
18.2554	16.5071	0.208684	0.124952
20.7355	19.1174	0.247226	0.124308
14.7591	18.4213	0.24868	0.124625
17.7548	18.7251	0.195346	0.124465
17.2541	20.9431	0.295975	0.124416
14.7591	18.4213	0.24868	0.124625
15.9817	15.8026	0.249338	0.124867
17.7548	18.7251	0.195346	0.124465
20.9532	16.5071	0.205839	0.124636
23.5785	19.1174	0.334358	0.124017
20.7355	19.1174	0.247226	0.124308
23.5785	19.1174	0.334358	0.124017
24.8405	21.1517	0.312356	0.123462
20.544	21.856	0.227899	0.124142
26.689	28.4246	0.221787	0.123642
22.0277	27.6505	0.264369	0.123659
25.3391	26.1784	0.205603	0.123404
21.9612	30.6708	0.338658	0.124165
18.6835	32.5943	0.247815	0.12433
18.7229	29.5382	0.209178	0.124388
20.7355	19.1174	0.247226	0.124308
23.5785	19.1174	0.334358	0.124017
20.544	21.856	0.227899	0.124142
16.8484	14.0413	0.241241	0.125278
19.5656	14.0413	0.241252	0.124954
18.2554	16.5071	0.208684	0.124952
16.8484	14.0413	0.241241	0.125278
17.7988	12.3941	0.217436	0.125363
19.5656	14.0413	0.241252	0.124954
14.1312	14.0413	0.205275	0.124982
16.8484	14.0413	0.241241	0.125278
15.9817	15.8026	0.249338	0.124867
15.1767	12.2293	0.209719	0.125318
17.7988	12.3941	0.217436	0.125363
16.8484	14.0413	0.241241	0.125278
18.75	9.60269	0.14432	0.125102
21.25	9.60269	0.143167	0.125486
19.9458	11.7351	0.184365	0.1253
24.3933	15.2742	0.196985	0.124417
23.5785	19.1174	0.334358	0.124017
20.9532	16.5071	0.205839	0.124636
4.97956	24.7062	0.204873	0.1242
4.19365	27.6505	0.288668	0.123716
1.8995	24.7062	0.232936	0.123766
8.74996	9.60269	0.146911	0.124611
9.93237	11.8999	0.206557	0.124506
7.31021	11.7351	0.204875	0.124392
46.8029	37.0605	0.193338	0.128582
43.6827	37.2565	0.229646	0.12819
46.6062	33.7485	0.200357	0.125345
41.9404	24.7062	0.206905	0.124784
45.0204	24.7062	0.273967	0.12419
42.7675	28.0281	0.29757	0.125003
38.8603	24.7062	0.201793	0.124714
41.9404	24.7062	0.206905	0.124784
39.9888	27.0985	0.202261	0.125374
41.2294	22.236	0.226686	0.124412
44.3095	21.856	0.266369	0.124171
41.9404	24.7062	0.206905	0.124784
48.7787	27.6505	0.203488	0.124968
49.3105	30.6708	0.236487	0.125204
46.2478	30.8632	0.281567	0.125358
26.1025	23.1861	0.284737	0.123829
24.8405	21.1517	0.312356	0.123462
28.8815	20.2128	0.230625	0.123877
28.269	26.3624	0.277207	0.123291
26.1025	23.1861	0.284737	0.123829
29.1279	22.9961	0.36391	0.123645
23.0771	23.3761	0.272934	0.123374
22.0277	27.6505	0.264369	0.123659
20.3799	24.7062	0.196726	0.123624
12.8447	30.6708	0.203972	0.124739
12.7112	34.5275	0.208145	0.124987
9.49534	33.1714	0.226252	0.125208
10.1383	27.6505	0.232365	0.124222
12.8447	30.6708	0.203972	0.124739
9.80591	30.6708	0.335388	0.124664
14.3285	32.6965	0.294049	0.124781
18.6835	32.5943	0.247815	0.12433
15.8122	34.7222	0.271613	0.125301
25.1151	35.3065	0.227224	0.125433
21.8846	36.8646	0.327013	0.127188
21.9134	33.7485	0.236284	0.125027
14.3285	32.6965	0.294049	0.124781
12.7112	34.5275	0.208145	0.124987
12.8447	30.6708	0.203972	0.124739
18.9132	34.917	0.209114	0.125482
15.8122	34.7222	0.271613	0.125301
18.6835	32.5943	0.247815	0.12433
15.601	39.0202	0.254377	0.132148
12.5385	36.8646	0.20779	0.127378
15.8122	34.7222	0.271613	0.125301
23.5785	19.1174	0.334358	0.124017
24.3933	15.2742	0.196985	0.124417
26.3489	16.5071	0.199453	0.124048
28.8815	20.2128	0.230625	0.123877
24.8405	21.1517	0.312356	0.123462
26.4215	19.1174	0.261704	0.123774
18.2554	16.5071	0.208684	0.124952
17.7548	18.7251	0.195346	0.124465
15.9817	15.8026	0.249338	0.124867
14.6026	21.856	0.259041	0.124541
17.2541	20.9431	0.295975	0.124416
17.2998	24.7062	0.236243	0.123953
15.9817	15.8026	0.249338	0.124867
13.1778	15.9788	0.203411	0.125043
14.1312	14.0413	0.205275	0.124982
14.6026	21.856	0.259041	0.124541
14.7591	18.4213	0.24868	0.124625
17.2541	20.9431	0.295975	0.124416
11.4404	21.3083	0.200156	0.12492
14.001	23.9462	0.273096	0.1248
10.9756	24.1362	0.238529	0.124866
30.001	14.922	0.21002	0.124088
30.9096	13.2177	0.213095	0.124256
33.1516	14.0413	0.192538	0.124022
31.7446	16.5071	0.316398	0.124669
30.001	14.922	0.21002	0.124088
33.1516	14.0413	0.192538	0.124022
25.6653	12.8882	0.238576	0.124476
27.0253	10.7509	0.195305	0.124156
28.2875	13.053	0.192543	0.124466
25.6653	12.8882	0.238576	0.124476
28.2875	13.053	0.192543	0.124466
26.3489	16.5071	0.199453	0.124048
33.75	9.60269	0.144354	0.124088
36.25	9.60269	0.143446	0.124293
35.1085	11.7351	0.192643	0.124132
39.693	16.8552	0.25297	0.12399
41.2166	14.2175	0.197486	0.123862
42.536	16.5071	0.22286	0.123669
28.8815	20.2128	0.230625	0.123877
26.4215	19.1174	0.261704	0.123774
28.6113	17.5512	0.239612	0.124189
40.625	40	0.211929	0.134395
43.75	40	0.284011	0.136485
43.6923	43.1354	0.227475	0.210515
34.399	40.9798	0.299822	0.195451
37.5	40	0.268001	0.135265
37.5191	43.9145	0.328793	0.196678
40.5769	36.8646	0.208786	0.126873
43.6827	37.2565	0.229646	0.12819
40.625	40	0.211929	0.134395
37.3464	33.7485	0.19896	0.124907
33.997	31.6326	0.207985	0.12403
37.1553	30.6708	0.193625	0.125059
40.625	40	0.211929	0.134395
37.5	40	0.268001	0.135265
40.5769	36.8646	0.208786	0.126873
37.4615	36.8646	0.243319	0.127445
34.1596	34.7385	0.204241	0.125203
37.3464	33.7485	0.19896	0.124907
46.2478	30.8632	0.281567	0.125358
45.7731	27.8393	0.225299	0.125346
48.7787	27.6505	0.203488	0.124968
49.6928	33.7485	0.237198	0.125256
46.6062	33.7485	0.200357	0.125345
49.3105	30.6708	0.236487	0.125204
40.1941	30.6708	0.208363	0.125332
37.1553	30.6708	0.193625	0.125059
36.8893	27.6505	0.233112	0.124971
43.2329	30.6708	0.319275	0.125043
40.1941	30.6708	0.208363	0.125332
42.7675	28.0281	0.29757	0.125003
40.433	33.7485	0.300899	0.124846
37.3464	33.7485	0.19896	0.124907
40.1941	30.6708	0.208363	0.125332
31.3171	35.696	0.246139	0.126824
31.2019	38.0404	0.249518	0.132127
28.1154	36.8646	0.339408	0.127698
33.997	31.6326	0.207985	0.12403
34.1596	34.7385	0.204241	0.125203
30.9343	31.8249	0.211386	0.123819
34.3221	37.8444	0.206819	0.130871
31.2019	38.0404	0.249518	0.132127
31.3171	35.696	0.246139	0.126824
37.5	40	0.268001	0.135265
34.3221	37.8444	0.206819	0.130871
37.4615	36.8646	0.243319	0.127445
34.399	40.9798	0.299822	0.195451
31.2019	38.0404	0.249518	0.132127
34.3221	37.8444	0.206819	0.130871
40.1941	30.6708	0.208363	0.125332
39.9888	27.0985	0.202261	0.125374
42.7675	28.0281	0.29757	0.125003
7.16598	27.6505	0.280653	0.124313
8.05963	24.7062	0.199425	0.124356
10.1383	27.6505	0.232365	0.124222
3.69504	30.482	0.247969	0.123772
4.19365	27.6505	0.288668	0.123716
6.70061	30.2933	0.207762	0.12459
4.97956	24.7062	0.204873	0.1242
8.05963	24.7062	0.199425	0.124356
7.16598	27.6505	0.280653	0.124313
2.71986	21.856	0.205237	0.124713
4.97956	24.7062	0.204873	0.1242
1.8995	24.7062	0.232936	0.123766
14.001	23.9462	0.273096	0.1248
11.4404	21.3083	0.200156	0.12492
14.6026	21.856	0.259041	0.124541
13.1107	27.6505	0.193709	0.124333
10.9756	24.1362	0.238529	0.124866
14.001	23.9462	0.273096	0.1248
8.66123	21.856	0.201168	0.12482
5.62671	21.6734	0.200155	0.124607
6.52038	19.1174	0.283466	0.125107
12.2064	19.1174	0.218971	0.124594
11.4404	21.3083	0.200156	0.12492
9.3634	19.1174	0.193356	0.125006
8.05963	24.7062	0.199425	0.124356
5.62671	21.6734	0.200155	0.124607
8.66123	21.856	0.201168	0.12482
44.3095	21.856	0.266369	0.124171
41.2294	22.236	0.226686	0.124412
43.4158	19.3	0.240689	0.12372
45.7731	27.8393	0.225299	0.125346
45.0204	24.7062	0.273967	0.12419
48.1005	24.7062	0.202596	0.124267
38.8603	24.7062	0.201793	0.124714
36.8893	27.6505	0.233112	0.124971
35.7802	24.7062	0.241319	0.124093
45.7731	27.8393	0.225299	0.125346
42.7675	28.0281	0.29757	0.125003
45.0204	24.7062	0.273967	0.12419
43.2329	30.6708	0.319275	0.125043
46.2478	30.8632	0.281567	0.125358
43.5196	33.7485	0.303591	0.124827
40.433	33.7485	0.300899	0.124846
43.2329	30.6708	0.319275	0.125043
43.5196	33.7485	0.303591	0.124827
42.7675	28.0281	0.29757	0.125003
45.7731	27.8393	0.225299	0.125346
43.2329	30.6708	0.319275	0.125043
41.9404	24.7062	0.206905	0.124784
42.7675	28.0281	0.29757	0.125003
39.9888	27.0985	0.202261	0.125374
45.7731	27.8393	0.225299	0.125346
46.2478	30.8632	0.281567	0.125358
43.2329	30.6708	0.319275	0.125043
8.69678	14.0413	0.333456	0.124819
5.97957	14.0413	0.297767	0.124718
7.31021	11.7351	0.204875	0.124392
10.1618	16.5071	0.21963	0.124697
8.69678	14.0413	0.333456	0.124819
11.414	14.0413	0.266878	0.124916
7.464	16.5071	0.25348	0.125179
4.76616	16.5071	0.204417	0.125151
5.97957	14.0413	0.297767	0.124718
10.1618	16.5071	0.21963	0.124697
7.464	16.5071	0.25348	0.125179
8.69678	14.0413	0.333456	0.124819
10.1618	16.5071	0.21963	0.124697
9.3634	19.1174	0.193356	0.125006
7.464	16.5071	0.25348	0.125179
9.42308	36.8646	0.199477	0.126999
9.49534	33.1714	0.226252	0.125208
12.7112	34.5275	0.208145	0.124987
12.5	40	0.209212	0.135887
9.36058	39.4121	0.199296	0.132817
12.5385	36.8646	0.20779	0.127378
9.36058	39.4121	0.199296	0.132817
6.30769	36.8646	0.247224	0.127455
9.42308	36.8646	0.199477	0.126999
3.19231	36.8646	0.204103	0.128365
3.40821	33.9432	0.194411	0.125143
6.30769	36.8646	0.247224	0.127455
0.076922	36.8646	0.239827	0.130646
3.19231	36.8646	0.204103	0.128365
3.125	40	0.205778	0.138028
0.076922	36.8646	0.239827	0.130646
0.307214	33.7485	0.285781	0.125285
3.19231	36.8646	0.204103	0.128365
6.70061	30.2933	0.207762	0.12459
9.80591	30.6708	0.335388	0.124664
9.49534	33.1714	0.226252	0.125208
2.71986	21.856	0.205237	0.124713
5.62671	21.6734	0.200155	0.124607
4.97956	24.7062	0.204873	0.1242
18.0114	27.1222	0.216803	0.124131
15.7173	29.727	0.192324	0.124291
15.2052	26.1784	0.265726	0.124484
43.5196	33.7485	0.303591	0.124827
40.5769	36.8646	0.208786	0.126873
40.433	33.7485	0.300899	0.124846
49.9231	36.8646	0.216158	0.128607
46.8029	37.0605	0.193338	0.128582
49.6928	33.7485	0.237198	0.125256
43.75	40	0.284011	0.136485
40.625	40	0.211929	0.134395
43.6827	37.2565	0.229646	0.12819
13.1107	27.6505	0.193709	0.124333
15.7173	29.727	0.192324	0.124291
12.8447	30.6708	0.203972	0.124739
10.9756	24.1362	0.238529	0.124866
13.1107	27.6505	0.193709	0.124333
10.1383	27.6505	0.232365	0.124222
15.2052	26.1784	0.265726	0.124484
17.2998	24.7062	0.236243	0.123953
18.0114	27.1222	0.216803	0.124131
14.001	23.9462	0.273096	0.1248
15.2052	26.1784	0.265726	0.124484
13.1107	27.6505	0.193709	0.124333
14.001	23.9462	0.273096	0.1248
17.2998	24.7062	0.236243	0.123953
15.2052	26.1784	0.265726	0.124484
46.6062	33.7485	0.200357	0.125345
43.6827	37.2565	0.229646	0.12819
43.5196	33.7485	0.303591	0.124827
50	40	0.19368	0.139027
46.8029	37.0605	0.193338	0.128582
49.9231	36.8646	0.216158	0.128607
46.8798	40.196	0.20326	0.179692
43.75	40	0.284011	0.136485
46.8029	37.0605	0.193338	0.128582
21.9014	39.3141	0.202437	0.134353
21.9183	41.7637	0.307201	0.220248
18.7981	41.9596	0.264361	0.187894
25	40	0.216606	0.134704
21.9014	39.3141	0.202437	0.134353
21.8846	36.8646	0.327013	0.127188
25	40	0.216606	0.134704
21.9183	41.7637	0.307201	0.220248
21.9014	39.3141	0.202437	0.134353
22.0142	44.8882	0.218085	0.189854
18.7981	41.9596	0.264361	0.187894
21.9183	41.7637	0.307201	0.220248
3.69504	30.482	0.247969	0.123772
3.40821	33.9432	0.194411	0.125143
0.68946	30.6708	0.258265	0.123786
1.22131	27.6505	0.21969	0.123498
3.69504	30.482	0.247969	0.123772
0.68946	30.6708	0.258265	0.123786
6.70061	30.2933	0.207762	0.12459
6.43263	33.3637	0.200916	0.124662
3.69504	30.482	0.247969	0.123772
43.5196	33.7485	0.303591	0.124827
43.6827	37.2565	0.229646	0.12819
40.5769	36.8646	0.208786	0.126873
40.1941	30.6708	0.208363	0.125332
43.2329	30.6708	0.319275	0.125043
40.433	33.7485	0.300899	0.124846
46.6062	33.7485	0.200357	0.125345
49.6928	33.7485	0.237198	0.125256
46.8029	37.0605	0.193338	0.128582
46.2478	30.8632	0.281567	0.125358
46.6062	33.7485	0.200357	0.125345
43.5196	33.7485	0.303591	0.124827
46.2478	30.8632	0.281567	0.125358
49.3105	30.6708	0.236487	0.125204
46.6062	33.7485	0.200357	0.125345
46.8798	40.196	0.20326	0.179692
46.8029	37.0605	0.193338	0.128582
50	40	0.19368	0.139027
9.4375	42.5475	0.395291	0.228148
6.24038	39.6081	0.281703	0.133715
9.36058	39.4121	0.199296	0.132817
9.49534	33.1714	0.226252	0.125208
9.80591	30.6708	0.335388	0.124664
12.8447	30.6708	0.203972	0.124739
12.5385	36.8646	0.20779	0.127378
9.42308	36.8646	0.199477	0.126999
12.7112	34.5275	0.208145	0.124987
6.43263	33.3637	0.200916	0.124662
6.70061	30.2933	0.207762	0.12459
9.49534	33.1714	0.226252	0.125208
4.19365	27.6505	0.288668	0.123716
4.97956	24.7062	0.204873	0.1242
7.16598	27.6505	0.280653	0.124313
1.22131	27.6505	0.21969	0.123498
4.19365	27.6505	0.288668	0.123716
3.69504	30.482	0.247969	0.123772
1.22131	27.6505	0.21969	0.123498
1.8995	24.7062	0.232936	0.123766
4.19365	27.6505	0.288668	0.123716
6.70061	30.2933	0.207762	0.12459
4.19365	27.6505	0.288668	0.123716
7.16598	27.6505	0.280653	0.124313
18.7229	29.5382	0.209178	0.124388
22.0277	27.6505	0.264369	0.123659
21.9612	30.6708	0.338658	0.124165
14.3285	32.6965	0.294049	0.124781
12.8447	30.6708	0.203972	0.124739
15.7173	29.727	0.192324	0.124291
18.6835	32.5943	0.247815	0.12433
14.3285	32.6965	0.294049	0.124781
15.7173	29.727	0.192324	0.124291
15.8122	34.7222	0.271613	0.125301
12.7112	34.5275	0.208145	0.124987
14.3285	32.6965	0.294049	0.124781
18.0114	27.1222	0.216803	0.124131
20.3799	24.7062	0.196726	0.123624
22.0277	27.6505	0.264369	0.123659
3.40821	33.9432	0.194411	0.125143
3.69504	30.482	0.247969	0.123772
6.43263	33.3637	0.200916	0.124662
46.8077	43.1354	0.344564	0.231415
43.6923	43.1354	0.227475	0.210515
46.8798	40.196	0.20326	0.179692
49.9231	43.1354	0.219143	0.216716
46.8077	43.1354	0.344564	0.231415
46.8798	40.196	0.20326	0.179692
46.2717	49.3292	0.249885	0.182627
49.3105	49.3292	0.47153	0.214729
48.7787	52.3495	0.298958	0.178718
43.5196	46.2515	0.39277	0.231902
46.2717	49.3292	0.249885	0.182627
43.2329	49.3292	0.295811	0.218275
40.433	46.2515	0.228925	0.211291
43.5196	46.2515	0.39277	0.231902
43.2329	49.3292	0.295811	0.218275
43.6923	43.1354	0.227475	0.210515
46.8077	43.1354	0.344564	0.231415
46.6062	46.2515	0.433603	0.214725
46.6062	46.2515	0.433603	0.214725
49.3105	49.3292	0.47153	0.214729
46.2717	49.3292	0.249885	0.182627
6.30769	36.8646	0.247224	0.127455
6.43263	33.3637	0.200916	0.124662
9.42308	36.8646	0.199477	0.126999
3.125	40	0.205778	0.138028
3.19231	36.8646	0.204103	0.128365
6.24038	39.6081	0.281703	0.133715
3.40821	33.9432	0.194411	0.125143
6.43263	33.3637	0.200916	0.124662
6.30769	36.8646	0.247224	0.127455
0.307214	33.7485	0.285781	0.125285
3.40821	33.9432	0.194411	0.125143
3.19231	36.8646	0.204103	0.128365
0.307214	33.7485	0.285781	0.125285
0.68946	30.6708	0.258265	0.123786
3.40821	33.9432	0.194411	0.125143
