25	30.6708	0.133048	0.0959295
28.0866	33.7485	0.140121	0.0969534
25.1151	35.3065	0.135353	0.0983809
22.0277	27.6505	0.134864	0.0959089
25	30.6708	0.133048	0.0959295
21.9612	30.6708	0.138727	0.0961626
26.689	28.4246	0.133443	0.0958221
28.269	26.3624	0.136384	0.0957192
30.7452	28.7831	0.131673	0.0958581
25	30.6708	0.133048	0.0959295
26.689	28.4246	0.133443	0.0958221
28.0388	30.6708	0.135245	0.0960663
25.3391	26.1784	0.133215	0.095735
28.269	26.3624	0.136384	0.0957192
26.689	28.4246	0.133443	0.0958221
28.0388	30.6708	0.135245	0.0960663
30.9343	31.8249	0.131386	0.0962332
28.0866	33.7485	0.140121	0.0969534
22.0277	27.6505	0.134864	0.0959089
26.689	28.4246	0.133443	0.0958221
25	30.6708	0.133048	0.0959295
30.7452	28.7831	0.131673	0.0958581
30.9343	31.8249	0.131386	0.0962332
28.0388	30.6708	0.135245	0.0960663
26.689	28.4246	0.133443	0.0958221
30.7452	28.7831	0.131673	0.0958581
28.0388	30.6708	0.135245	0.0960663
26.1025	23.1861	0.138175	0.0957683
28.269	26.3624	0.136384	0.0957192
25.3391	26.1784	0.133215	0.095735
29.1279	22.9961	0.141491	0.0958601
32.7002	24.7062	0.13143	0.0959877
31.199	26.5464	0.133975	0.0958338
33.7508	28.5944	0.129299	0.0960559
30.9343	31.8249	0.131386	0.0962332
30.7452	28.7831	0.131673	0.0958581
31.199	26.5464	0.133975	0.0958338
33.7508	28.5944	0.129299	0.0960559
30.7452	28.7831	0.131673	0.0958581
37.4615	36.8646	0.132905	0.0998407
40.433	33.7485	0.136287	0.0971085
40.5769	36.8646	0.131683	0.0994975
36.8893	27.6505	0.130643	0.0964247
37.1553	30.6708	0.128905	0.0965661
33.7508	28.5944	0.129299	0.0960559
36.8893	27.6505	0.130643	0.0964247
39.9888	27.0985	0.130744	0.0966266
40.1941	30.6708	0.131507	0.0967337
34.9506	19.1174	0.132818	0.0963176
34.4425	16.5071	0.130353	0.0962755
37.1403	16.5071	0.132326	0.096157
38.204	22.4261	0.13499	0.0963122
35.1786	22.6161	0.130355	0.0962516
36.4861	20.8667	0.131214	0.0962789
32.1075	19.1174	0.134853	0.0962797
28.8815	20.2128	0.134723	0.0960363
28.6113	17.5512	0.133379	0.0961551
38.204	22.4261	0.13499	0.0963122
35.7802	24.7062	0.131776	0.096246
35.1786	22.6161	0.130355	0.0962516
32.7002	24.7062	0.13143	0.0959877
29.1279	22.9961	0.141491	0.0958601
32.4267	21.856	0.131961	0.0961693
45.7731	27.8393	0.133498	0.0967017
48.1005	24.7062	0.13192	0.0964053
48.7787	27.6505	0.131913	0.0966831
38.8603	24.7062	0.130505	0.0964402
41.2294	22.236	0.13263	0.09625
41.9404	24.7062	0.131767	0.0964573
38.8603	24.7062	0.130505	0.0964402
38.204	22.4261	0.13499	0.0963122
41.2294	22.236	0.13263	0.09625
36.8893	27.6505	0.130643	0.0964247
38.8603	24.7062	0.130505	0.0964402
39.9888	27.0985	0.130744	0.0966266
35.7802	24.7062	0.131776	0.096246
38.204	22.4261	0.13499	0.0963122
38.8603	24.7062	0.130505	0.0964402
33.7508	28.5944	0.129299	0.0960559
35.7802	24.7062	0.131776	0.096246
36.8893	27.6505	0.130643	0.0964247
32.7002	24.7062	0.13143	0.0959877
32.4267	21.856	0.131961	0.0961693
35.1786	22.6161	0.130355	0.0962516
37.7936	19.1174	0.132426	0.0962123
40.5089	19.4825	0.13352	0.0960951
38.204	22.4261	0.13499	0.0963122
35.1786	22.6161	0.130355	0.0962516
32.4267	21.856	0.131961	0.0961693
34.9506	19.1174	0.132818	0.0963176
36.4861	20.8667	0.131214	0.0962789
35.1786	22.6161	0.130355	0.0962516
34.9506	19.1174	0.132818	0.0963176
37.7936	19.1174	0.132426	0.0962123
36.4861	20.8667	0.131214	0.0962789
34.9506	19.1174	0.132818	0.0963176
37.7936	19.1174	0.132426	0.0962123
38.204	22.4261	0.13499	0.0963122
36.4861	20.8667	0.131214	0.0962789
35.7802	24.7062	0.131776	0.096246
32.7002	24.7062	0.13143	0.0959877
35.1786	22.6161	0.130355	0.0962516
33.7508	28.5944	0.129299	0.0960559
32.7002	24.7062	0.13143	0.0959877
35.7802	24.7062	0.131776	0.096246
29.1279	22.9961	0.141491	0.0958601
28.8815	20.2128	0.134723	0.0960363
32.4267	21.856	0.131961	0.0961693
37.1403	16.5071	0.132326	0.096157
39.693	16.8552	0.13266	0.0960389
37.7936	19.1174	0.132426	0.0962123
44.3095	21.856	0.134799	0.0961251
47.2801	21.856	0.134542	0.0961085
45.0204	24.7062	0.13542	0.0963835
41.9404	24.7062	0.131767	0.0964573
44.3095	21.856	0.134799	0.0961251
45.0204	24.7062	0.13542	0.0963835
43.4158	19.3	0.132963	0.0959723
46.3226	19.1174	0.131705	0.0959415
44.3095	21.856	0.134799	0.0961251
28.0866	46.2515	0.141126	0.129263
31.0776	49.3292	0.139557	0.128805
28.0388	49.3292	0.140701	0.128675
25	43.1354	0.144543	0.122472
28.1154	43.1354	0.148653	0.125349
28.0866	46.2515	0.141126	0.129263
37.3464	46.2515	0.13872	0.12692
34.3294	43.6157	0.137846	0.126415
37.5191	43.9145	0.140137	0.12434
31.226	43.7137	0.136861	0.124743
31.2788	41.1758	0.136331	0.120775
34.3294	43.6157	0.137846	0.126415
28.0866	46.2515	0.141126	0.129263
31.226	43.7137	0.136861	0.124743
31.1732	46.2515	0.143027	0.128805
28.1154	43.1354	0.148653	0.125349
31.2788	41.1758	0.136331	0.120775
31.226	43.7137	0.136861	0.124743
25	46.2515	0.134212	0.128092
25	43.1354	0.144543	0.122472
28.0866	46.2515	0.141126	0.129263
28.125	40	0.135231	0.107081
31.2788	41.1758	0.136331	0.120775
28.1154	43.1354	0.148653	0.125349
28.125	40	0.135231	0.107081
31.2019	38.0404	0.135327	0.103194
31.2788	41.1758	0.136331	0.120775
31.2019	38.0404	0.135327	0.103194
34.399	40.9798	0.13839	0.118652
31.2788	41.1758	0.136331	0.120775
28.0866	33.7485	0.140121	0.0969534
31.3171	35.696	0.134231	0.0989418
28.1154	36.8646	0.140656	0.100336
37.3464	33.7485	0.129809	0.0971826
37.1553	30.6708	0.128905	0.0965661
40.1941	30.6708	0.131507	0.0967337
37.4615	36.8646	0.132905	0.0998407
37.3464	33.7485	0.129809	0.0971826
40.433	33.7485	0.136287	0.0971085
37.4615	36.8646	0.132905	0.0998407
34.3221	37.8444	0.132194	0.102392
34.1596	34.7385	0.130245	0.0978808
34.1596	34.7385	0.130245	0.0978808
33.997	31.6326	0.129437	0.0964149
37.3464	33.7485	0.129809	0.0971826
31.3171	35.696	0.134231	0.0989418
34.1596	34.7385	0.130245	0.0978808
34.3221	37.8444	0.132194	0.102392
31.3171	35.696	0.134231	0.0989418
30.9343	31.8249	0.131386	0.0962332
34.1596	34.7385	0.130245	0.0978808
30.9343	31.8249	0.131386	0.0962332
33.7508	28.5944	0.129299	0.0960559
33.997	31.6326	0.129437	0.0964149
40.433	46.2515	0.135868	0.128167
40.6201	43.7197	0.134316	0.126017
43.5196	46.2515	0.145961	0.129388
46.8029	37.0605	0.12885	0.100883
43.75	40	0.134964	0.1067
43.6827	37.2565	0.132041	0.100488
49.9231	43.1354	0.134964	0.125585
46.8798	40.196	0.130674	0.116218
50	40	0.129292	0.108094
49.9231	43.1354	0.134964	0.125585
49.6928	46.2515	0.146361	0.130693
46.8077	43.1354	0.141359	0.126013
25	43.1354	0.144543	0.122472
25	46.2515	0.134212	0.128092
22.0142	44.8882	0.132456	0.123607
25	40	0.132776	0.104325
25	43.1354	0.144543	0.122472
21.9183	41.7637	0.12699	0.110275
25	40	0.132776	0.104325
28.1154	43.1354	0.148653	0.125349
25	43.1354	0.144543	0.122472
31.2019	38.0404	0.135327	0.103194
28.125	40	0.135231	0.107081
28.1154	36.8646	0.140656	0.100336
28.1154	43.1354	0.148653	0.125349
31.226	43.7137	0.136861	0.124743
28.0866	46.2515	0.141126	0.129263
18.7981	41.9596	0.072964	0.0643973
15.601	39.0202	0.0720549	0.0563552
18.7212	38.8242	0.0646928	0.0504579
17.2523	44.2036	0.128606	0.11688
15.7402	46.2515	0.145205	0.12447
14.1489	44.3016	0.145354	0.123099
18.7981	41.9596	0.072964	0.0643973
17.2523	44.2036	0.128606	0.11688
15.6779	42.1556	0.126162	0.112032
18.8268	46.2515	0.137359	0.124748
15.7402	46.2515	0.145205	0.12447
17.2523	44.2036	0.128606	0.11688
21.7462	47.598	0.133801	0.130796
18.8268	46.2515	0.137359	0.124748
22.0142	44.8882	0.132456	0.123607
21.7462	47.598	0.133801	0.130796
18.9224	49.3292	0.134304	0.129999
18.8268	46.2515	0.137359	0.124748
15.6779	42.1556	0.126162	0.112032
15.601	39.0202	0.0720549	0.0563552
18.7981	41.9596	0.072964	0.0643973
18.8268	46.2515	0.137359	0.124748
17.2523	44.2036	0.128606	0.11688
18.7981	41.9596	0.072964	0.0643973
14.1489	44.3016	0.145354	0.123099
12.6536	46.2515	0.143328	0.123588
12.5577	42.3516	0.143759	0.119309
15.6779	42.1556	0.126162	0.112032
14.1489	44.3016	0.145354	0.123099
12.5577	42.3516	0.143759	0.119309
15.7402	46.2515	0.145205	0.12447
12.6536	46.2515	0.143328	0.123588
14.1489	44.3016	0.145354	0.123099
12.7118	50.0843	0.146316	0.126651
12.6536	46.2515	0.143328	0.123588
15.8835	49.3292	0.140718	0.126408
16.083	52.3495	0.134499	0.12711
13.1107	52.3495	0.142584	0.126977
15.8835	49.3292	0.140718	0.126408
18.9224	49.3292	0.134304	0.129999
16.083	52.3495	0.134499	0.12711
15.8835	49.3292	0.140718	0.126408
13.1107	52.3495	0.142584	0.126977
10.6893	54.7417	0.130657	0.127212
10.1383	52.3495	0.139434	0.126731
15.8835	49.3292	0.140718	0.126408
13.1107	52.3495	0.142584	0.126977
12.7118	50.0843	0.146316	0.126651
14.2198	55.2938	0.131693	0.12955
10.6893	54.7417	0.130657	0.127212
13.1107	52.3495	0.142584	0.126977
17.0264	56.2438	0.13258	0.128318
14.2198	55.2938	0.131693	0.12955
16.083	52.3495	0.134499	0.12711
17.2808	59.0298	0.124729	0.132276
17.5295	61.7527	0.108875	0.134492
15.0494	60.8826	0.110155	0.130215
17.0264	56.2438	0.13258	0.128318
17.2808	59.0298	0.124729	0.132276
14.6026	58.144	0.126265	0.130626
17.0264	56.2438	0.13258	0.128318
20.0518	56.4338	0.140584	0.127643
17.2808	59.0298	0.124729	0.132276
7.16598	52.3495	0.142472	0.126936
8.05963	55.2938	0.131644	0.125858
4.92487	55.4838	0.140434	0.130179
6.76709	49.3292	0.142741	0.129235
7.16598	52.3495	0.142472	0.126936
4.19365	52.3495	0.145355	0.130579
10.1383	52.3495	0.139434	0.126731
8.05963	55.2938	0.131644	0.125858
7.16598	52.3495	0.142472	0.126936
12.7118	50.0843	0.146316	0.126651
10.1383	52.3495	0.139434	0.126731
9.70619	49.8955	0.136512	0.126047
10.6893	54.7417	0.130657	0.127212
8.05963	55.2938	0.131644	0.125858
10.1383	52.3495	0.139434	0.126731
12.5577	42.3516	0.143759	0.119309
12.5	40	0.130244	0.103331
15.6779	42.1556	0.126162	0.112032
9.61019	45.6673	0.137438	0.123709
12.5577	42.3516	0.143759	0.119309
12.6536	46.2515	0.143328	0.123588
9.61019	45.6673	0.137438	0.123709
6.31731	42.7435	0.144168	0.119978
9.4375	42.5475	0.145171	0.121203
-3.10282e-28	40	0.131378	0.11794
3.125	40	0.131736	0.107045
3.19711	42.9395	0.134528	0.121102
-3.10282e-28	40	0.131378	0.11794
0.076922	36.8646	0.131753	0.101467
3.125	40	0.131736	0.107045
46.6062	46.2515	0.150424	0.129087
46.2717	49.3292	0.141989	0.126796
43.5196	46.2515	0.145961	0.129388
43.6923	43.1354	0.135045	0.124208
46.6062	46.2515	0.150424	0.129087
43.5196	46.2515	0.145961	0.129388
49.6928	46.2515	0.146361	0.130693
49.3105	49.3292	0.15462	0.128567
46.6062	46.2515	0.150424	0.129087
27.4517	72.3429	0.101327	0.102541
25	72.3429	0.101237	0.102926
27.0253	69.2491	0.101461	0.118795
24.7277	76.3587	0.101005	0.0974592
26.189	74.0896	0.101261	0.0996056
27.2733	75.6267	0.101393	0.0978153
24.7277	76.3587	0.101005	0.0974592
23.0327	74.7883	0.100878	0.0989918
26.189	74.0896	0.101261	0.0996056
23.0339	79.8761	0.100669	0.0966379
21.0802	79.5053	0.100447	0.0967311
21.6827	78.0345	0.100474	0.0968716
19.6759	76.9444	0.100403	0.0970804
19.0551	74.0896	0.100738	0.0997045
21.4331	74.0896	0.100811	0.0999579
19.6759	76.9444	0.100403	0.0970804
18.1801	75.6267	0.100539	0.0979132
19.0551	74.0896	0.100738	0.0997045
21.4331	74.0896	0.100811	0.0999579
23.0327	74.7883	0.100878	0.0989918
22.3999	76.5052	0.100655	0.0975377
20.0967	72.3429	0.101056	0.10331
22.5483	72.3429	0.101136	0.103431
21.4331	74.0896	0.100811	0.0999579
16.5527	73.7985	0.100754	0.0995747
17.645	72.3429	0.100965	0.102534
19.0551	74.0896	0.100738	0.0997045
19.193	69.7412	0.101394	0.117823
21.8037	69.5771	0.101455	0.121479
20.0967	72.3429	0.101056	0.10331
21.8037	69.5771	0.101455	0.121479
23.75	70.3973	0.101379	0.108346
22.5483	72.3429	0.101136	0.103431
21.6827	78.0345	0.100474	0.0968716
19.1515	78.89	0.100324	0.0967234
19.6759	76.9444	0.100403	0.0970804
22.3999	76.5052	0.100655	0.0975377
19.6759	76.9444	0.100403	0.0970804
21.4331	74.0896	0.100811	0.0999579
22.3999	76.5052	0.100655	0.0975377
21.6827	78.0345	0.100474	0.0968716
19.6759	76.9444	0.100403	0.0970804
24.7277	76.3587	0.101005	0.0974592
22.3999	76.5052	0.100655	0.0975377
23.0327	74.7883	0.100878	0.0989918
24.7277	76.3587	0.101005	0.0974592
24.9752	78.5234	0.101036	0.096704
23.329	78.279	0.10071	0.0968071
21.0802	79.5053	0.100447	0.0967311
19.1515	78.89	0.100324	0.0967234
21.6827	78.0345	0.100474	0.0968716
25	80	0.101038	0.0966008
24.9752	78.5234	0.101036	0.096704
26.9661	79.8761	0.101357	0.0964908
19.6759	76.9444	0.100403	0.0970804
19.1515	78.89	0.100324	0.0967234
17.2597	78.0345	0.100397	0.0968448
28.3173	78.0345	0.101545	0.0966205
30.8485	78.89	0.101547	0.0966338
28.9198	79.5053	0.101533	0.0965237
18.1801	75.6267	0.100539	0.0979132
19.6759	76.9444	0.100403	0.0970804
17.2597	78.0345	0.100397	0.0968448
15.4167	76.9444	0.100549	0.0971234
18.1801	75.6267	0.100539	0.0979132
17.2597	78.0345	0.100397	0.0968448
23.0327	74.7883	0.100878	0.0989918
21.4331	74.0896	0.100811	0.0999579
22.5483	72.3429	0.101136	0.103431
15.4167	76.9444	0.100549	0.0971234
16.5527	73.7985	0.100754	0.0995747
18.1801	75.6267	0.100539	0.0979132
20.0967	72.3429	0.101056	0.10331
21.8037	69.5771	0.101455	0.121479
22.5483	72.3429	0.101136	0.103431
15.4167	76.9444	0.100549	0.0971234
13.6336	75.6267	0.100737	0.0985764
14.237	73.9441	0.100803	0.0995164
29.3832	76.0659	0.101521	0.0973764
31.3712	77.1646	0.101484	0.0969686
28.3173	78.0345	0.101545	0.0966205
31.9219	75.3472	0.101382	0.0978806
34.5833	76.9444	0.101275	0.0973601
32.7403	78.0345	0.101473	0.0968567
14.237	73.9441	0.100803	0.0995164
11.9212	74.0896	0.100799	0.100622
12.7417	72.3429	0.100763	0.102383
11.25	70.3973	0.100675	0.107553
12.7417	72.3429	0.100763	0.102383
10.2901	72.3429	0.100674	0.104599
17.645	72.3429	0.100965	0.102534
16.5527	73.7985	0.100754	0.0995747
15.1934	72.3429	0.100853	0.101975
19.193	69.7412	0.101394	0.117823
17.645	72.3429	0.100965	0.102534
16.25	70.3973	0.101081	0.107046
20.0967	72.3429	0.101056	0.10331
19.0551	74.0896	0.100738	0.0997045
17.645	72.3429	0.100965	0.102534
19.0551	74.0896	0.100738	0.0997045
18.1801	75.6267	0.100539	0.0979132
16.5527	73.7985	0.100754	0.0995747
32.355	72.3429	0.101186	0.101998
34.8066	72.3429	0.100812	0.101752
33.3228	74.0896	0.101225	0.0991049
33.3228	74.0896	0.101225	0.0991049
31.9219	75.3472	0.101382	0.0978806
30.9297	73.8705	0.101353	0.0994436
35.7008	74.0896	0.101057	0.0995104
33.3228	74.0896	0.101225	0.0991049
34.8066	72.3429	0.100812	0.101752
34.5833	76.9444	0.101275	0.0973601
31.9219	75.3472	0.101382	0.0978806
33.3228	74.0896	0.101225	0.0991049
17.4187	68.2649	0.101484	0.122161
14.8915	68.2649	0.101131	0.121374
16.8484	65.9587	0.102268	0.130791
16.25	70.3973	0.101081	0.107046
13.513	70.6966	0.100839	0.105811
14.8915	68.2649	0.101131	0.121374
19.193	69.7412	0.101394	0.117823
16.25	70.3973	0.101081	0.107046
17.4187	68.2649	0.101484	0.122161
15.1934	72.3429	0.100853	0.101975
14.237	73.9441	0.100803	0.0995164
12.7417	72.3429	0.100763	0.102383
17.645	72.3429	0.100965	0.102534
15.1934	72.3429	0.100853	0.101975
16.25	70.3973	0.101081	0.107046
16.5527	73.7985	0.100754	0.0995747
14.237	73.9441	0.100803	0.0995164
15.1934	72.3429	0.100853	0.101975
12.7417	72.3429	0.100763	0.102383
11.25	70.3973	0.100675	0.107553
13.513	70.6966	0.100839	0.105811
8.74996	70.3973	0.100632	0.110451
11.25	70.3973	0.100675	0.107553
10.2901	72.3429	0.100674	0.104599
12.3644	68.2649	0.100859	0.120344
13.846	66.4528	0.101476	0.12529
14.8915	68.2649	0.101131	0.121374
9.83732	68.2649	0.100721	0.12248
12.3644	68.2649	0.100859	0.120344
11.25	70.3973	0.100675	0.107553
9.83732	68.2649	0.100721	0.12248
11.414	65.9587	0.101235	0.130391
12.3644	68.2649	0.100859	0.120344
9.83732	68.2649	0.100721	0.12248
11.25	70.3973	0.100675	0.107553
8.74996	70.3973	0.100632	0.110451
14.8915	68.2649	0.101131	0.121374
13.513	70.6966	0.100839	0.105811
12.3644	68.2649	0.100859	0.120344
15.1934	72.3429	0.100853	0.101975
12.7417	72.3429	0.100763	0.102383
13.513	70.6966	0.100839	0.105811
15.4167	76.9444	0.100549	0.0971234
14.237	73.9441	0.100803	0.0995164
16.5527	73.7985	0.100754	0.0995747
13.6336	75.6267	0.100737	0.0985764
11.9212	74.0896	0.100799	0.100622
14.237	73.9441	0.100803	0.0995164
11.9212	74.0896	0.100799	0.100622
10.2901	72.3429	0.100674	0.104599
12.7417	72.3429	0.100763	0.102383
7.31021	68.2649	0.100751	0.124904
9.83732	68.2649	0.100721	0.12248
8.74996	70.3973	0.100632	0.110451
7.31021	68.2649	0.100751	0.124904
5.97957	65.9587	0.101457	0.129662
8.78345	65.7825	0.101066	0.129394
28.3173	78.0345	0.101545	0.0966205
28.9198	79.5053	0.101533	0.0965237
26.9661	79.8761	0.101357	0.0964908
31.3712	77.1646	0.101484	0.0969686
31.9219	75.3472	0.101382	0.0978806
32.7403	78.0345	0.101473	0.0968567
28.3173	78.0345	0.101545	0.0966205
31.3712	77.1646	0.101484	0.0969686
30.8485	78.89	0.101547	0.0966338
29.3832	76.0659	0.101521	0.0973764
31.9219	75.3472	0.101382	0.0978806
31.3712	77.1646	0.101484	0.0969686
27.2733	75.6267	0.101393	0.0978153
29.3832	76.0659	0.101521	0.0973764
28.3173	78.0345	0.101545	0.0966205
28.5669	74.0896	0.101368	0.0993312
29.9033	72.3429	0.101285	0.102249
30.9297	73.8705	0.101353	0.0994436
27.2733	75.6267	0.101393	0.0978153
28.5669	74.0896	0.101368	0.0993312
29.3832	76.0659	0.101521	0.0973764
27.2733	75.6267	0.101393	0.0978153
26.189	74.0896	0.101261	0.0996056
28.5669	74.0896	0.101368	0.0993312
26.2439	77.6257	0.101284	0.0968354
27.2733	75.6267	0.101393	0.0978153
28.3173	78.0345	0.101545	0.0966205
26.9661	79.8761	0.101357	0.0964908
26.2439	77.6257	0.101284	0.0968354
28.3173	78.0345	0.101545	0.0966205
24.9752	78.5234	0.101036	0.096704
24.7277	76.3587	0.101005	0.0974592
26.2439	77.6257	0.101284	0.0968354
31.0572	70.658	0.101153	0.106318
30.0542	68.2649	0.101502	0.124621
32.2468	68.921	0.10059	0.119041
31.0572	70.658	0.101153	0.106318
28.75	70.3973	0.101305	0.107291
30.0542	68.2649	0.101502	0.124621
33.75	70.3973	0.10037	0.105939
31.0572	70.658	0.101153	0.106318
32.2468	68.921	0.10059	0.119041
29.9033	72.3429	0.101285	0.102249
28.75	70.3973	0.101305	0.107291
31.0572	70.658	0.101153	0.106318
30.9297	73.8705	0.101353	0.0994436
29.9033	72.3429	0.101285	0.102249
32.355	72.3429	0.101186	0.101998
33.3228	74.0896	0.101225	0.0991049
30.9297	73.8705	0.101353	0.0994436
32.355	72.3429	0.101186	0.101998
31.9219	75.3472	0.101382	0.0978806
29.3832	76.0659	0.101521	0.0973764
30.9297	73.8705	0.101353	0.0994436
28.5669	74.0896	0.101368	0.0993312
26.189	74.0896	0.101261	0.0996056
27.4517	72.3429	0.101327	0.102541
25	72.3429	0.101237	0.102926
23.75	70.3973	0.101379	0.108346
27.0253	69.2491	0.101461	0.118795
26.9661	79.8761	0.101357	0.0964908
24.9752	78.5234	0.101036	0.096704
26.2439	77.6257	0.101284	0.0968354
27.0253	69.2491	0.101461	0.118795
24.3347	67.1118	0.102177	0.125777
26.9568	67.2765	0.102091	0.123781
19.0904	66.7823	0.102274	0.126541
19.999	65.078	0.103785	0.132766
22.2828	65.9587	0.102797	0.130311
17.4187	68.2649	0.101484	0.122161
19.0904	66.7823	0.102274	0.126541
19.193	69.7412	0.101394	0.117823
17.4187	68.2649	0.101484	0.122161
16.8484	65.9587	0.102268	0.130791
19.0904	66.7823	0.102274	0.126541
27.4517	72.3429	0.101327	0.102541
28.75	70.3973	0.101305	0.107291
29.9033	72.3429	0.101285	0.102249
28.5669	74.0896	0.101368	0.0993312
27.4517	72.3429	0.101327	0.102541
29.9033	72.3429	0.101285	0.102249
26.189	74.0896	0.101261	0.0996056
25	72.3429	0.101237	0.102926
27.4517	72.3429	0.101327	0.102541
27.0253	69.2491	0.101461	0.118795
26.9568	67.2765	0.102091	0.123781
30.0542	68.2649	0.101502	0.124621
27.4517	72.3429	0.101327	0.102541
27.0253	69.2491	0.101461	0.118795
28.75	70.3973	0.101305	0.107291
23.75	70.3973	0.101379	0.108346
24.3347	67.1118	0.102177	0.125777
27.0253	69.2491	0.101461	0.118795
34.8233	67.7707	0.0951195	0.115339
37.4455	67.9354	0.0891169	0.109172
36.25	70.3973	0.0985404	0.103839
31.3712	77.1646	0.101484	0.0969686
32.7403	78.0345	0.101473	0.0968567
30.8485	78.89	0.101547	0.0966338
23.329	78.279	0.10071	0.0968071
22.3999	76.5052	0.100655	0.0975377
24.7277	76.3587	0.101005	0.0974592
23.0339	79.8761	0.100669	0.0966379
23.329	78.279	0.10071	0.0968071
24.9752	78.5234	0.101036	0.096704
21.6827	78.0345	0.100474	0.0968716
22.3999	76.5052	0.100655	0.0975377
23.329	78.279	0.10071	0.0968071
21.6827	78.0345	0.100474	0.0968716
23.329	78.279	0.10071	0.0968071
23.0339	79.8761	0.100669	0.0966379
25	72.3429	0.101237	0.102926
26.189	74.0896	0.101261	0.0996056
23.0327	74.7883	0.100878	0.0989918
27.2733	75.6267	0.101393	0.0978153
26.2439	77.6257	0.101284	0.0968354
24.7277	76.3587	0.101005	0.0974592
25	80	0.101038	0.0966008
23.0339	79.8761	0.100669	0.0966379
24.9752	78.5234	0.101036	0.096704
35.7008	74.0896	0.101057	0.0995104
37.3942	72.4885	0.10042	0.101789
38.0788	74.0896	0.100807	0.100667
34.5833	76.9444	0.101275	0.0973601
35.7008	74.0896	0.101057	0.0995104
36.3664	75.6267	0.101104	0.0988048
34.8066	72.3429	0.100812	0.101752
37.3942	72.4885	0.10042	0.101789
35.7008	74.0896	0.101057	0.0995104
34.5833	76.9444	0.101275	0.0973601
33.3228	74.0896	0.101225	0.0991049
35.7008	74.0896	0.101057	0.0995104
33.75	70.3973	0.10037	0.105939
36.25	70.3973	0.0985404	0.103839
34.8066	72.3429	0.100812	0.101752
35.7008	74.0896	0.101057	0.0995104
38.0788	74.0896	0.100807	0.100667
36.3664	75.6267	0.101104	0.0988048
37.4455	67.9354	0.0891169	0.109172
38.75	70.3973	0.0974448	0.103139
36.25	70.3973	0.0985404	0.103839
39.7099	72.3429	0.0996558	0.103003
38.0788	74.0896	0.100807	0.100667
37.3942	72.4885	0.10042	0.101789
36.25	70.3973	0.0985404	0.103839
33.75	70.3973	0.10037	0.105939
34.8233	67.7707	0.0951195	0.115339
37.3942	72.4885	0.10042	0.101789
36.25	70.3973	0.0985404	0.103839
38.75	70.3973	0.0974448	0.103139
37.3942	72.4885	0.10042	0.101789
34.8066	72.3429	0.100812	0.101752
36.25	70.3973	0.0985404	0.103839
15.5575	63.4929	0.104933	0.134427
16.8484	65.9587	0.102268	0.130791
13.846	66.4528	0.101476	0.12529
11.414	65.9587	0.101235	0.130391
12.8597	63.4929	0.103685	0.128321
13.846	66.4528	0.101476	0.12529
15.0494	60.8826	0.110155	0.130215
17.5295	61.7527	0.108875	0.134492
15.5575	63.4929	0.104933	0.134427
15.5575	63.4929	0.104933	0.134427
17.5295	61.7527	0.108875	0.134492
16.8484	65.9587	0.102268	0.130791
11.6319	58.144	0.126457	0.126766
14.6026	58.144	0.126265	0.130626
12.3979	60.3349	0.109551	0.131158
14.6026	58.144	0.126265	0.130626
17.2808	59.0298	0.124729	0.132276
15.0494	60.8826	0.110155	0.130215
20.363	63.0044	0.107127	0.136682
19.999	65.078	0.103785	0.132766
17.5295	61.7527	0.108875	0.134492
20.7355	60.8826	0.112586	0.137063
20.363	63.0044	0.107127	0.136682
17.5295	61.7527	0.108875	0.134492
20.7355	60.8826	0.112586	0.137063
23.0704	62.1007	0.108956	0.13277
20.363	63.0044	0.107127	0.136682
11.6319	58.144	0.126457	0.126766
10.6893	54.7417	0.130657	0.127212
14.2198	55.2938	0.131693	0.12955
9.3634	60.8826	0.106174	0.124636
11.6319	58.144	0.126457	0.126766
12.3979	60.3349	0.109551	0.131158
8.66123	58.144	0.119889	0.123901
10.6893	54.7417	0.130657	0.127212
11.6319	58.144	0.126457	0.126766
5.69054	58.144	0.126984	0.126993
4.92487	55.4838	0.140434	0.130179
8.05963	55.2938	0.131644	0.125858
6.4478	61.0566	0.107786	0.125923
5.69054	58.144	0.126984	0.126993
8.66123	58.144	0.119889	0.123901
3.67737	60.8826	0.11207	0.12873
2.71986	58.144	0.133518	0.127466
5.69054	58.144	0.126984	0.126993
36.8222	64.0212	0.0797343	0.0943834
39.6261	63.8451	0.0789352	0.092634
38.586	65.9587	0.0777857	0.0925742
34.1521	62.7968	0.097506	0.119535
36.8222	64.0212	0.0797343	0.0943834
35.8688	65.9587	0.0858866	0.106341
37.7936	60.8826	0.0982424	0.109445
39.6261	63.8451	0.0789352	0.092634
36.8222	64.0212	0.0797343	0.0943834
38.75	70.3973	0.0974448	0.103139
40.1627	68.2649	0.0908913	0.107053
41.25	70.3973	0.0966026	0.104043
37.3942	72.4885	0.10042	0.101789
38.75	70.3973	0.0974448	0.103139
39.7099	72.3429	0.0996558	0.103003
37.4455	67.9354	0.0891169	0.109172
40.1627	68.2649	0.0908913	0.107053
38.75	70.3973	0.0974448	0.103139
35.8688	65.9587	0.0858866	0.106341
37.4455	67.9354	0.0891169	0.109172
34.8233	67.7707	0.0951195	0.115339
33.1516	65.9587	0.0980917	0.121337
35.8688	65.9587	0.0858866	0.106341
34.8233	67.7707	0.0951195	0.115339
34.1521	62.7968	0.097506	0.119535
34.9506	60.8826	0.104109	0.119118
36.8222	64.0212	0.0797343	0.0943834
38.75	70.3973	0.0974448	0.103139
41.25	70.3973	0.0966026	0.104043
39.7099	72.3429	0.0996558	0.103003
38.586	65.9587	0.0777857	0.0925742
40.1627	68.2649	0.0908913	0.107053
37.4455	67.9354	0.0891169	0.109172
41.3032	65.9587	0.0868832	0.105081
42.6898	68.2649	0.0933595	0.11182
40.1627	68.2649	0.0908913	0.107053
41.3032	65.9587	0.0868832	0.105081
44.0204	65.9587	0.0950652	0.117817
42.6898	68.2649	0.0933595	0.11182
41.25	70.3973	0.0966026	0.104043
40.1627	68.2649	0.0908913	0.107053
42.6898	68.2649	0.0933595	0.11182
36.8222	64.0212	0.0797343	0.0943834
34.9506	60.8826	0.104109	0.119118
37.7936	60.8826	0.0982424	0.109445
2.71986	58.144	0.133518	0.127466
4.92487	55.4838	0.140434	0.130179
5.69054	58.144	0.126984	0.126993
8.66123	58.144	0.119889	0.123901
8.05963	55.2938	0.131644	0.125858
10.6893	54.7417	0.130657	0.127212
6.4478	61.0566	0.107786	0.125923
8.66123	58.144	0.119889	0.123901
9.3634	60.8826	0.106174	0.124636
5.69054	58.144	0.126984	0.126993
8.05963	55.2938	0.131644	0.125858
8.66123	58.144	0.119889	0.123901
1.8995	55.2938	0.144107	0.130238
4.92487	55.4838	0.140434	0.130179
2.71986	58.144	0.133518	0.127466
1.8995	55.2938	0.144107	0.130238
1.22131	52.3495	0.143454	0.129428
4.19365	52.3495	0.145355	0.130579
41.3032	65.9587	0.0868832	0.105081
42.43	63.669	0.0942932	0.115855
44.0204	65.9587	0.0950652	0.117817
43.4796	60.8826	0.110419	0.123217
40.6366	60.8826	0.10225	0.113937
41.4664	58.5091	0.128601	0.123573
45.2338	63.4929	0.103666	0.123839
43.4796	60.8826	0.110419	0.123217
46.3226	60.8826	0.115276	0.126982
42.43	63.669	0.0942932	0.115855
40.6366	60.8826	0.10225	0.113937
43.4796	60.8826	0.110419	0.123217
41.4664	58.5091	0.128601	0.123573
38.5596	58.6917	0.126935	0.122387
38.8603	55.2938	0.137663	0.125595
46.3226	60.8826	0.115276	0.126982
43.4796	60.8826	0.110419	0.123217
44.2548	57.954	0.136819	0.125091
42.43	63.669	0.0942932	0.115855
39.6261	63.8451	0.0789352	0.092634
40.6366	60.8826	0.10225	0.113937
44.0204	65.9587	0.0950652	0.117817
42.43	63.669	0.0942932	0.115855
45.2338	63.4929	0.103666	0.123839
36.8222	64.0212	0.0797343	0.0943834
38.586	65.9587	0.0777857	0.0925742
35.8688	65.9587	0.0858866	0.106341
40.6366	60.8826	0.10225	0.113937
39.6261	63.8451	0.0789352	0.092634
37.7936	60.8826	0.0982424	0.109445
38.586	65.9587	0.0777857	0.0925742
37.4455	67.9354	0.0891169	0.109172
35.8688	65.9587	0.0858866	0.106341
41.3032	65.9587	0.0868832	0.105081
38.586	65.9587	0.0777857	0.0925742
39.6261	63.8451	0.0789352	0.092634
41.3032	65.9587	0.0868832	0.105081
40.1627	68.2649	0.0908913	0.107053
38.586	65.9587	0.0777857	0.0925742
32.2468	68.921	0.10059	0.119041
30.4344	65.9587	0.102259	0.126093
33.1516	65.9587	0.0980917	0.121337
21.7285	50.6506	0.13651	0.128453
19.0553	52.3495	0.135638	0.129797
18.9224	49.3292	0.134304	0.129999
21.7462	47.598	0.133801	0.130796
21.7285	50.6506	0.13651	0.128453
18.9224	49.3292	0.134304	0.129999
15.8835	49.3292	0.140718	0.126408
18.8268	46.2515	0.137359	0.124748
18.9224	49.3292	0.134304	0.129999
22.0142	44.8882	0.132456	0.123607
25	46.2515	0.134212	0.128092
21.7462	47.598	0.133801	0.130796
24.7341	50.8393	0.132417	0.129727
22.4091	54.0056	0.134215	0.127514
21.7285	50.6506	0.13651	0.128453
26.54	55.2938	0.12948	0.127536
26.4853	58.144	0.127039	0.128607
23.0771	56.6239	0.132631	0.127332
30.9447	52.3495	0.132488	0.131125
29.6201	55.2938	0.131293	0.127766
27.9723	52.3495	0.132827	0.128962
26.4853	58.144	0.127039	0.128607
26.4215	60.8826	0.111748	0.134947
24.0253	59.6046	0.12216	0.13082
29.6201	55.2938	0.131293	0.127766
26.4853	58.144	0.127039	0.128607
26.54	55.2938	0.12948	0.127536
29.6201	55.2938	0.131293	0.127766
32.1533	57.1939	0.126709	0.128558
29.839	59.2394	0.123121	0.130666
17.2808	59.0298	0.124729	0.132276
20.7355	60.8826	0.112586	0.137063
17.5295	61.7527	0.108875	0.134492
23.0771	56.6239	0.132631	0.127332
20.3936	58.6582	0.131412	0.131087
20.0518	56.4338	0.140584	0.127643
23.0771	56.6239	0.132631	0.127332
24.0253	59.6046	0.12216	0.13082
20.3936	58.6582	0.131412	0.131087
39.0601	41.8598	0.133768	0.118393
37.5191	43.9145	0.140137	0.12434
37.5	40	0.135522	0.106148
40.625	40	0.132069	0.105812
39.0601	41.8598	0.133768	0.118393
37.5	40	0.135522	0.106148
40.6201	43.7197	0.134316	0.126017
37.5191	43.9145	0.140137	0.12434
39.0601	41.8598	0.133768	0.118393
40.6201	43.7197	0.134316	0.126017
40.433	46.2515	0.135868	0.128167
37.5191	43.9145	0.140137	0.12434
43.6923	43.1354	0.135045	0.124208
40.6201	43.7197	0.134316	0.126017
40.625	40	0.132069	0.105812
43.6923	43.1354	0.135045	0.124208
43.5196	46.2515	0.145961	0.129388
40.6201	43.7197	0.134316	0.126017
46.8798	40.196	0.130674	0.116218
43.6923	43.1354	0.135045	0.124208
43.75	40	0.134964	0.1067
46.8077	43.1354	0.141359	0.126013
49.6928	46.2515	0.146361	0.130693
46.6062	46.2515	0.150424	0.129087
37.5	40	0.135522	0.106148
34.399	40.9798	0.13839	0.118652
34.3221	37.8444	0.132194	0.102392
40.5769	36.8646	0.131683	0.0994975
37.5	40	0.135522	0.106148
37.4615	36.8646	0.132905	0.0998407
40.625	40	0.132069	0.105812
40.6201	43.7197	0.134316	0.126017
39.0601	41.8598	0.133768	0.118393
40.1224	48.7521	0.136068	0.129899
37.0597	48.5598	0.1362	0.129125
37.3464	46.2515	0.13872	0.12692
34.1165	49.3292	0.136127	0.129243
36.7564	51.5944	0.140784	0.129168
34.1289	53.2696	0.136939	0.128109
31.1732	46.2515	0.143027	0.128805
34.1165	49.3292	0.136127	0.129243
31.0776	49.3292	0.139557	0.128805
28.0866	46.2515	0.141126	0.129263
31.1732	46.2515	0.143027	0.128805
31.0776	49.3292	0.139557	0.128805
34.3294	43.6157	0.137846	0.126415
34.399	40.9798	0.13839	0.118652
37.5191	43.9145	0.140137	0.12434
31.1732	46.2515	0.143027	0.128805
31.226	43.7137	0.136861	0.124743
34.2598	46.2515	0.136953	0.130322
31.2788	41.1758	0.136331	0.120775
34.399	40.9798	0.13839	0.118652
34.3294	43.6157	0.137846	0.126415
37.0597	48.5598	0.1362	0.129125
36.7564	51.5944	0.140784	0.129168
34.1165	49.3292	0.136127	0.129243
37.3464	46.2515	0.13872	0.12692
37.0597	48.5598	0.1362	0.129125
34.2598	46.2515	0.136953	0.130322
40.433	46.2515	0.135868	0.128167
37.3464	46.2515	0.13872	0.12692
37.5191	43.9145	0.140137	0.12434
40.433	46.2515	0.135868	0.128167
40.1224	48.7521	0.136068	0.129899
37.3464	46.2515	0.13872	0.12692
40.1224	48.7521	0.136068	0.129899
36.7564	51.5944	0.140784	0.129168
37.0597	48.5598	0.1362	0.129125
46.2717	49.3292	0.141989	0.126796
45.8487	52.5335	0.151082	0.125006
43.2329	49.3292	0.142021	0.128554
34.1165	49.3292	0.136127	0.129243
34.1289	53.2696	0.136939	0.128109
30.9447	52.3495	0.132488	0.131125
7.464	63.4929	0.102669	0.128767
8.78345	65.7825	0.101066	0.129394
5.97957	65.9587	0.101457	0.129662
6.4478	61.0566	0.107786	0.125923
7.464	63.4929	0.102669	0.128767
4.76616	63.4929	0.104409	0.127841
6.4478	61.0566	0.107786	0.125923
9.3634	60.8826	0.106174	0.124636
7.464	63.4929	0.102669	0.128767
12.3979	60.3349	0.109551	0.131158
10.1618	63.4929	0.102292	0.12706
9.3634	60.8826	0.106174	0.124636
12.8597	63.4929	0.103685	0.128321
15.0494	60.8826	0.110155	0.130215
15.5575	63.4929	0.104933	0.134427
12.3644	68.2649	0.100859	0.120344
13.513	70.6966	0.100839	0.105811
11.25	70.3973	0.100675	0.107553
16.8484	65.9587	0.102268	0.130791
14.8915	68.2649	0.101131	0.121374
13.846	66.4528	0.101476	0.12529
17.4187	68.2649	0.101484	0.122161
16.25	70.3973	0.101081	0.107046
14.8915	68.2649	0.101131	0.121374
19.999	65.078	0.103785	0.132766
19.0904	66.7823	0.102274	0.126541
16.8484	65.9587	0.102268	0.130791
19.193	69.7412	0.101394	0.117823
20.0967	72.3429	0.101056	0.10331
17.645	72.3429	0.100965	0.102534
9.83732	68.2649	0.100721	0.12248
8.78345	65.7825	0.101066	0.129394
11.414	65.9587	0.101235	0.130391
6.48041	46.2515	0.139776	0.124737
3.72828	49.3292	0.136908	0.126693
3.39381	46.2515	0.137165	0.124745
9.70619	49.8955	0.136512	0.126047
6.76709	49.3292	0.142741	0.129235
9.61019	45.6673	0.137438	0.123709
9.70619	49.8955	0.136512	0.126047
10.1383	52.3495	0.139434	0.126731
7.16598	52.3495	0.142472	0.126936
13.1107	52.3495	0.142584	0.126977
10.1383	52.3495	0.139434	0.126731
12.7118	50.0843	0.146316	0.126651
4.19365	52.3495	0.145355	0.130579
3.72828	49.3292	0.136908	0.126693
6.76709	49.3292	0.142741	0.129235
1.8995	55.2938	0.144107	0.130238
4.19365	52.3495	0.145355	0.130579
4.92487	55.4838	0.140434	0.130179
1.22131	52.3495	0.143454	0.129428
3.72828	49.3292	0.136908	0.126693
4.19365	52.3495	0.145355	0.130579
22.2828	65.9587	0.102797	0.130311
23.0704	62.1007	0.108956	0.13277
25.6067	64.7258	0.104032	0.130854
21.8037	69.5771	0.101455	0.121479
22.2828	65.9587	0.102797	0.130311
24.3347	67.1118	0.102177	0.125777
19.999	65.078	0.103785	0.132766
20.363	63.0044	0.107127	0.136682
22.2828	65.9587	0.102797	0.130311
21.8037	69.5771	0.101455	0.121479
19.193	69.7412	0.101394	0.117823
19.0904	66.7823	0.102274	0.126541
16.8484	65.9587	0.102268	0.130791
17.5295	61.7527	0.108875	0.134492
19.999	65.078	0.103785	0.132766
22.2828	65.9587	0.102797	0.130311
20.363	63.0044	0.107127	0.136682
23.0704	62.1007	0.108956	0.13277
16.25	70.3973	0.101081	0.107046
15.1934	72.3429	0.100853	0.101975
13.513	70.6966	0.100839	0.105811
7.464	63.4929	0.102669	0.128767
10.1618	63.4929	0.102292	0.12706
8.78345	65.7825	0.101066	0.129394
20.0518	56.4338	0.140584	0.127643
19.0553	52.3495	0.135638	0.129797
22.4091	54.0056	0.134215	0.127514
20.3936	58.6582	0.131412	0.131087
17.2808	59.0298	0.124729	0.132276
20.0518	56.4338	0.140584	0.127643
15.0494	60.8826	0.110155	0.130215
12.8597	63.4929	0.103685	0.128321
12.3979	60.3349	0.109551	0.131158
9.3634	60.8826	0.106174	0.124636
8.66123	58.144	0.119889	0.123901
11.6319	58.144	0.126457	0.126766
9.70619	49.8955	0.136512	0.126047
7.16598	52.3495	0.142472	0.126936
6.76709	49.3292	0.142741	0.129235
13.1107	52.3495	0.142584	0.126977
16.083	52.3495	0.134499	0.12711
14.2198	55.2938	0.131693	0.12955
23.0771	56.6239	0.132631	0.127332
22.4091	54.0056	0.134215	0.127514
26.54	55.2938	0.12948	0.127536
20.7355	60.8826	0.112586	0.137063
20.3936	58.6582	0.131412	0.131087
24.0253	59.6046	0.12216	0.13082
20.0518	56.4338	0.140584	0.127643
22.4091	54.0056	0.134215	0.127514
23.0771	56.6239	0.132631	0.127332
20.7355	60.8826	0.112586	0.137063
17.2808	59.0298	0.124729	0.132276
20.3936	58.6582	0.131412	0.131087
17.0264	56.2438	0.13258	0.128318
19.0553	52.3495	0.135638	0.129797
20.0518	56.4338	0.140584	0.127643
6.30769	36.8646	0.132323	0.0997634
6.24038	39.6081	0.136162	0.104874
3.19231	36.8646	0.130376	0.100572
9.49534	33.1714	0.13105	0.0968977
9.42308	36.8646	0.130066	0.0996175
6.43263	33.3637	0.129856	0.0968813
6.31731	42.7435	0.144168	0.119978
3.125	40	0.131736	0.107045
6.24038	39.6081	0.136162	0.104874
9.4375	42.5475	0.145171	0.121203
12.5	40	0.130244	0.103331
12.5577	42.3516	0.143759	0.119309
6.30769	36.8646	0.132323	0.0997634
9.36058	39.4121	0.132499	0.104396
6.24038	39.6081	0.136162	0.104874
9.42308	36.8646	0.130066	0.0996175
12.5385	36.8646	0.128244	0.0976011
9.36058	39.4121	0.132499	0.104396
15.8122	34.7222	0.128998	0.0931005
12.5385	36.8646	0.128244	0.0976011
12.7112	34.5275	0.130706	0.0975974
9.4375	42.5475	0.145171	0.121203
12.5577	42.3516	0.143759	0.119309
9.61019	45.6673	0.137438	0.123709
6.24038	39.6081	0.136162	0.104874
9.4375	42.5475	0.145171	0.121203
6.31731	42.7435	0.144168	0.119978
9.36058	39.4121	0.132499	0.104396
12.5	40	0.130244	0.103331
9.4375	42.5475	0.145171	0.121203
15.601	39.0202	0.0720549	0.0563552
12.5	40	0.130244	0.103331
12.5385	36.8646	0.128244	0.0976011
15.601	39.0202	0.0720549	0.0563552
15.6779	42.1556	0.126162	0.112032
12.5	40	0.130244	0.103331
6.48041	46.2515	0.139776	0.124737
6.76709	49.3292	0.142741	0.129235
3.72828	49.3292	0.136908	0.126693
6.31731	42.7435	0.144168	0.119978
6.48041	46.2515	0.139776	0.124737
3.39381	46.2515	0.137165	0.124745
9.61019	45.6673	0.137438	0.123709
6.76709	49.3292	0.142741	0.129235
6.48041	46.2515	0.139776	0.124737
12.7118	50.0843	0.146316	0.126651
9.70619	49.8955	0.136512	0.126047
11.1799	48.0735	0.138274	0.125576
3.19711	42.9395	0.134528	0.121102
0.076922	43.1354	0.134756	0.124272
-3.10282e-28	40	0.131378	0.11794
6.31731	42.7435	0.144168	0.119978
3.19711	42.9395	0.134528	0.121102
3.125	40	0.131736	0.107045
3.39381	46.2515	0.137165	0.124745
0.307214	46.2515	0.133618	0.125692
3.19711	42.9395	0.134528	0.121102
45.0204	55.2938	0.144479	0.124693
41.9404	55.2938	0.141219	0.124566
42.834	52.3495	0.145513	0.125239
48.1005	55.2938	0.141547	0.12485
45.0204	55.2938	0.144479	0.124693
45.8487	52.5335	0.151082	0.125006
44.2548	57.954	0.136819	0.125091
41.9404	55.2938	0.141219	0.124566
45.0204	55.2938	0.144479	0.124693
46.3226	60.8826	0.115276	0.126982
44.2548	57.954	0.136819	0.125091
47.2801	58.144	0.138201	0.127673
41.4664	58.5091	0.128601	0.123573
38.8603	55.2938	0.137663	0.125595
41.9404	55.2938	0.141219	0.124566
27.9723	52.3495	0.132827	0.128962
28.0388	49.3292	0.140701	0.128675
30.9447	52.3495	0.132488	0.131125
19.0553	52.3495	0.135638	0.129797
21.7285	50.6506	0.13651	0.128453
22.4091	54.0056	0.134215	0.127514
25	46.2515	0.134212	0.128092
28.0388	49.3292	0.140701	0.128675
24.7341	50.8393	0.132417	0.129727
21.7285	50.6506	0.13651	0.128453
21.7462	47.598	0.133801	0.130796
24.7341	50.8393	0.132417	0.129727
15.6779	42.1556	0.126162	0.112032
17.2523	44.2036	0.128606	0.11688
14.1489	44.3016	0.145354	0.123099
22.0142	44.8882	0.132456	0.123607
18.8268	46.2515	0.137359	0.124748
18.7981	41.9596	0.072964	0.0643973
15.8835	49.3292	0.140718	0.126408
12.6536	46.2515	0.143328	0.123588
15.7402	46.2515	0.145205	0.12447
17.0264	56.2438	0.13258	0.128318
16.083	52.3495	0.134499	0.12711
19.0553	52.3495	0.135638	0.129797
4.19365	52.3495	0.145355	0.130579
7.16598	52.3495	0.142472	0.126936
4.92487	55.4838	0.140434	0.130179
21.9183	41.7637	0.12699	0.110275
25	43.1354	0.144543	0.122472
22.0142	44.8882	0.132456	0.123607
28.125	40	0.135231	0.107081
25	40	0.132776	0.104325
28.1154	36.8646	0.140656	0.100336
25	30.6708	0.133048	0.0959295
25.1151	35.3065	0.135353	0.0983809
21.9134	33.7485	0.134896	0.0974844
31.3171	35.696	0.134231	0.0989418
28.0866	33.7485	0.140121	0.0969534
30.9343	31.8249	0.131386	0.0962332
28.1154	36.8646	0.140656	0.100336
25.1151	35.3065	0.135353	0.0983809
28.0866	33.7485	0.140121	0.0969534
33.7508	28.5944	0.129299	0.0960559
37.1553	30.6708	0.128905	0.0965661
33.997	31.6326	0.129437	0.0964149
21.8846	36.8646	0.131949	0.0944645
21.9014	39.3141	0.0792196	0.0631509
18.7212	38.8242	0.0646928	0.0504579
28.1154	36.8646	0.140656	0.100336
25	40	0.132776	0.104325
25.1151	35.3065	0.135353	0.0983809
28.125	40	0.135231	0.107081
28.1154	43.1354	0.148653	0.125349
25	40	0.132776	0.104325
3.72828	49.3292	0.136908	0.126693
1.22131	52.3495	0.143454	0.129428
0.68946	49.3292	0.141989	0.12742
0.307214	46.2515	0.133618	0.125692
3.39381	46.2515	0.137165	0.124745
0.68946	49.3292	0.141989	0.12742
11.1799	48.0735	0.138274	0.125576
12.6536	46.2515	0.143328	0.123588
12.7118	50.0843	0.146316	0.126651
9.61019	45.6673	0.137438	0.123709
11.1799	48.0735	0.138274	0.125576
9.70619	49.8955	0.136512	0.126047
9.61019	45.6673	0.137438	0.123709
12.6536	46.2515	0.143328	0.123588
11.1799	48.0735	0.138274	0.125576
31.3817	62.6228	0.105877	0.132908
34.1521	62.7968	0.097506	0.119535
33.1516	65.9587	0.0980917	0.121337
26.9568	67.2765	0.102091	0.123781
28.4106	64.5496	0.104349	0.128518
30.4344	65.9587	0.102259	0.126093
29.839	59.2394	0.123121	0.130666
33.5519	59.0383	0.122689	0.127209
31.3817	62.6228	0.105877	0.132908
28.6113	62.4488	0.107883	0.130059
29.839	59.2394	0.123121	0.130666
31.3817	62.6228	0.105877	0.132908
20.7355	60.8826	0.112586	0.137063
24.0253	59.6046	0.12216	0.13082
23.0704	62.1007	0.108956	0.13277
25.6371	53.0665	0.131346	0.12922
24.7341	50.8393	0.132417	0.129727
27.9723	52.3495	0.132827	0.128962
22.4091	54.0056	0.134215	0.127514
25.6371	53.0665	0.131346	0.12922
26.54	55.2938	0.12948	0.127536
22.4091	54.0056	0.134215	0.127514
24.7341	50.8393	0.132417	0.129727
25.6371	53.0665	0.131346	0.12922
29.6201	55.2938	0.131293	0.127766
31.8745	54.2817	0.131512	0.129567
32.1533	57.1939	0.126709	0.128558
34.2598	46.2515	0.136953	0.130322
34.3294	43.6157	0.137846	0.126415
37.3464	46.2515	0.13872	0.12692
31.1732	46.2515	0.143027	0.128805
34.2598	46.2515	0.136953	0.130322
34.1165	49.3292	0.136127	0.129243
34.2598	46.2515	0.136953	0.130322
31.226	43.7137	0.136861	0.124743
34.3294	43.6157	0.137846	0.126415
35.6527	58.8743	0.128528	0.123054
38.5596	58.6917	0.126935	0.122387
37.7936	60.8826	0.0982424	0.109445
33.5519	59.0383	0.122689	0.127209
35.6527	58.8743	0.128528	0.123054
34.9506	60.8826	0.104109	0.119118
35.7802	55.2938	0.134018	0.127641
38.5596	58.6917	0.126935	0.122387
35.6527	58.8743	0.128528	0.123054
42.43	63.669	0.0942932	0.115855
43.4796	60.8826	0.110419	0.123217
45.2338	63.4929	0.103666	0.123839
6.48041	46.2515	0.139776	0.124737
6.31731	42.7435	0.144168	0.119978
9.61019	45.6673	0.137438	0.123709
0.68946	49.3292	0.141989	0.12742
3.39381	46.2515	0.137165	0.124745
3.72828	49.3292	0.136908	0.126693
0.307214	46.2515	0.133618	0.125692
0.076922	43.1354	0.134756	0.124272
3.19711	42.9395	0.134528	0.121102
6.4478	61.0566	0.107786	0.125923
4.76616	63.4929	0.104409	0.127841
3.67737	60.8826	0.11207	0.12873
5.69054	58.144	0.126984	0.126993
6.4478	61.0566	0.107786	0.125923
3.67737	60.8826	0.11207	0.12873
9.3634	60.8826	0.106174	0.124636
10.1618	63.4929	0.102292	0.12706
7.464	63.4929	0.102669	0.128767
14.6026	58.144	0.126265	0.130626
15.0494	60.8826	0.110155	0.130215
12.3979	60.3349	0.109551	0.131158
14.2198	55.2938	0.131693	0.12955
14.6026	58.144	0.126265	0.130626
11.6319	58.144	0.126457	0.126766
14.2198	55.2938	0.131693	0.12955
17.0264	56.2438	0.13258	0.128318
14.6026	58.144	0.126265	0.130626
7.464	63.4929	0.102669	0.128767
5.97957	65.9587	0.101457	0.129662
4.76616	63.4929	0.104409	0.127841
11.414	65.9587	0.101235	0.130391
13.846	66.4528	0.101476	0.12529
12.3644	68.2649	0.100859	0.120344
10.1618	63.4929	0.102292	0.12706
11.414	65.9587	0.101235	0.130391
8.78345	65.7825	0.101066	0.129394
12.8597	63.4929	0.103685	0.128321
15.5575	63.4929	0.104933	0.134427
13.846	66.4528	0.101476	0.12529
10.1618	63.4929	0.102292	0.12706
12.8597	63.4929	0.103685	0.128321
11.414	65.9587	0.101235	0.130391
10.1618	63.4929	0.102292	0.12706
12.3979	60.3349	0.109551	0.131158
12.8597	63.4929	0.103685	0.128321
9.83732	68.2649	0.100721	0.12248
7.31021	68.2649	0.100751	0.124904
8.78345	65.7825	0.101066	0.129394
31.8745	54.2817	0.131512	0.129567
30.9447	52.3495	0.132488	0.131125
34.1289	53.2696	0.136939	0.128109
35.7802	55.2938	0.134018	0.127641
31.8745	54.2817	0.131512	0.129567
34.1289	53.2696	0.136939	0.128109
29.6201	55.2938	0.131293	0.127766
30.9447	52.3495	0.132488	0.131125
31.8745	54.2817	0.131512	0.129567
29.839	59.2394	0.123121	0.130666
26.4853	58.144	0.127039	0.128607
29.6201	55.2938	0.131293	0.127766
33.5519	59.0383	0.122689	0.127209
29.839	59.2394	0.123121	0.130666
32.1533	57.1939	0.126709	0.128558
35.7802	55.2938	0.134018	0.127641
33.5519	59.0383	0.122689	0.127209
32.1533	57.1939	0.126709	0.128558
34.9506	60.8826	0.104109	0.119118
31.3817	62.6228	0.105877	0.132908
33.5519	59.0383	0.122689	0.127209
28.6113	62.4488	0.107883	0.130059
26.4215	60.8826	0.111748	0.134947
29.839	59.2394	0.123121	0.130666
26.54	55.2938	0.12948	0.127536
27.9723	52.3495	0.132827	0.128962
29.6201	55.2938	0.131293	0.127766
25.6371	53.0665	0.131346	0.12922
27.9723	52.3495	0.132827	0.128962
26.54	55.2938	0.12948	0.127536
24.7341	50.8393	0.132417	0.129727
28.0388	49.3292	0.140701	0.128675
27.9723	52.3495	0.132827	0.128962
22.5483	72.3429	0.101136	0.103431
23.75	70.3973	0.101379	0.108346
25	72.3429	0.101237	0.102926
23.0327	74.7883	0.100878	0.0989918
22.5483	72.3429	0.101136	0.103431
25	72.3429	0.101237	0.102926
21.4331	74.0896	0.100811	0.0999579
19.0551	74.0896	0.100738	0.0997045
20.0967	72.3429	0.101056	0.10331
19.0904	66.7823	0.102274	0.126541
22.2828	65.9587	0.102797	0.130311
21.8037	69.5771	0.101455	0.121479
24.3347	67.1118	0.102177	0.125777
23.75	70.3973	0.101379	0.108346
21.8037	69.5771	0.101455	0.121479
27.0253	69.2491	0.101461	0.118795
30.0542	68.2649	0.101502	0.124621
28.75	70.3973	0.101305	0.107291
25.6067	64.7258	0.104032	0.130854
28.4106	64.5496	0.104349	0.128518
26.9568	67.2765	0.102091	0.123781
22.2828	65.9587	0.102797	0.130311
25.6067	64.7258	0.104032	0.130854
24.3347	67.1118	0.102177	0.125777
23.0704	62.1007	0.108956	0.13277
26.4215	60.8826	0.111748	0.134947
25.6067	64.7258	0.104032	0.130854
30.4344	65.9587	0.102259	0.126093
30.0542	68.2649	0.101502	0.124621
26.9568	67.2765	0.102091	0.123781
28.6113	62.4488	0.107883	0.130059
31.3817	62.6228	0.105877	0.132908
28.4106	64.5496	0.104349	0.128518
25.6067	64.7258	0.104032	0.130854
28.6113	62.4488	0.107883	0.130059
28.4106	64.5496	0.104349	0.128518
26.4215	60.8826	0.111748	0.134947
26.4853	58.144	0.127039	0.128607
29.839	59.2394	0.123121	0.130666
25.6067	64.7258	0.104032	0.130854
26.4215	60.8826	0.111748	0.134947
28.6113	62.4488	0.107883	0.130059
24.0253	59.6046	0.12216	0.13082
23.0771	56.6239	0.132631	0.127332
26.4853	58.144	0.127039	0.128607
33.1516	65.9587	0.0980917	0.121337
34.8233	67.7707	0.0951195	0.115339
32.2468	68.921	0.10059	0.119041
31.3817	62.6228	0.105877	0.132908
33.1516	65.9587	0.0980917	0.121337
30.4344	65.9587	0.102259	0.126093
34.1521	62.7968	0.097506	0.119535
35.8688	65.9587	0.0858866	0.106341
33.1516	65.9587	0.0980917	0.121337
32.355	72.3429	0.101186	0.101998
33.75	70.3973	0.10037	0.105939
34.8066	72.3429	0.100812	0.101752
29.3832	76.0659	0.101521	0.0973764
28.5669	74.0896	0.101368	0.0993312
30.9297	73.8705	0.101353	0.0994436
31.0572	70.658	0.101153	0.106318
33.75	70.3973	0.10037	0.105939
32.355	72.3429	0.101186	0.101998
29.9033	72.3429	0.101285	0.102249
31.0572	70.658	0.101153	0.106318
32.355	72.3429	0.101186	0.101998
28.4106	64.5496	0.104349	0.128518
31.3817	62.6228	0.105877	0.132908
30.4344	65.9587	0.102259	0.126093
24.3347	67.1118	0.102177	0.125777
25.6067	64.7258	0.104032	0.130854
26.9568	67.2765	0.102091	0.123781
23.0704	62.1007	0.108956	0.13277
24.0253	59.6046	0.12216	0.13082
26.4215	60.8826	0.111748	0.134947
30.4344	65.9587	0.102259	0.126093
32.2468	68.921	0.10059	0.119041
30.0542	68.2649	0.101502	0.124621
34.8233	67.7707	0.0951195	0.115339
33.75	70.3973	0.10037	0.105939
32.2468	68.921	0.10059	0.119041
43.2329	49.3292	0.142021	0.128554
40.1224	48.7521	0.136068	0.129899
40.433	46.2515	0.135868	0.128167
48.7787	52.3495	0.144666	0.12486
45.8487	52.5335	0.151082	0.125006
46.2717	49.3292	0.141989	0.126796
42.834	52.3495	0.145513	0.125239
40.1224	48.7521	0.136068	0.129899
43.2329	49.3292	0.142021	0.128554
47.2801	58.144	0.138201	0.127673
44.2548	57.954	0.136819	0.125091
45.0204	55.2938	0.144479	0.124693
38.8603	55.2938	0.137663	0.125595
35.7802	55.2938	0.134018	0.127641
36.7564	51.5944	0.140784	0.129168
41.9404	55.2938	0.141219	0.124566
38.8603	55.2938	0.137663	0.125595
39.8617	52.3495	0.139803	0.126251
45.8487	52.5335	0.151082	0.125006
45.0204	55.2938	0.144479	0.124693
42.834	52.3495	0.145513	0.125239
41.4664	58.5091	0.128601	0.123573
40.6366	60.8826	0.10225	0.113937
38.5596	58.6917	0.126935	0.122387
44.2548	57.954	0.136819	0.125091
41.4664	58.5091	0.128601	0.123573
41.9404	55.2938	0.141219	0.124566
44.2548	57.954	0.136819	0.125091
43.4796	60.8826	0.110419	0.123217
41.4664	58.5091	0.128601	0.123573
38.5596	58.6917	0.126935	0.122387
35.7802	55.2938	0.134018	0.127641
38.8603	55.2938	0.137663	0.125595
6.31731	42.7435	0.144168	0.119978
3.39381	46.2515	0.137165	0.124745
3.19711	42.9395	0.134528	0.121102
45.8487	52.5335	0.151082	0.125006
42.834	52.3495	0.145513	0.125239
43.2329	49.3292	0.142021	0.128554
48.1005	55.2938	0.141547	0.12485
45.8487	52.5335	0.151082	0.125006
48.7787	52.3495	0.144666	0.12486
48.1005	55.2938	0.141547	0.12485
47.2801	58.144	0.138201	0.127673
45.0204	55.2938	0.144479	0.124693
37.7936	60.8826	0.0982424	0.109445
38.5596	58.6917	0.126935	0.122387
40.6366	60.8826	0.10225	0.113937
41.3032	65.9587	0.0868832	0.105081
39.6261	63.8451	0.0789352	0.092634
42.43	63.669	0.0942932	0.115855
34.9506	60.8826	0.104109	0.119118
35.6527	58.8743	0.128528	0.123054
37.7936	60.8826	0.0982424	0.109445
31.3817	62.6228	0.105877	0.132908
34.9506	60.8826	0.104109	0.119118
34.1521	62.7968	0.097506	0.119535
33.5519	59.0383	0.122689	0.127209
35.7802	55.2938	0.134018	0.127641
35.6527	58.8743	0.128528	0.123054
31.8745	54.2817	0.131512	0.129567
35.7802	55.2938	0.134018	0.127641
32.1533	57.1939	0.126709	0.128558
34.1165	49.3292	0.136127	0.129243
34.2598	46.2515	0.136953	0.130322
37.0597	48.5598	0.1362	0.129125
28.0388	49.3292	0.140701	0.128675
31.0776	49.3292	0.139557	0.128805
30.9447	52.3495	0.132488	0.131125
28.0388	49.3292	0.140701	0.128675
25	46.2515	0.134212	0.128092
28.0866	46.2515	0.141126	0.129263
36.7564	51.5944	0.140784	0.129168
35.7802	55.2938	0.134018	0.127641
34.1289	53.2696	0.136939	0.128109
30.9447	52.3495	0.132488	0.131125
31.0776	49.3292	0.139557	0.128805
34.1165	49.3292	0.136127	0.129243
40.1224	48.7521	0.136068	0.129899
42.834	52.3495	0.145513	0.125239
39.8617	52.3495	0.139803	0.126251
39.8617	52.3495	0.139803	0.126251
42.834	52.3495	0.145513	0.125239
41.9404	55.2938	0.141219	0.124566
36.7564	51.5944	0.140784	0.129168
39.8617	52.3495	0.139803	0.126251
38.8603	55.2938	0.137663	0.125595
36.7564	51.5944	0.140784	0.129168
40.1224	48.7521	0.136068	0.129899
39.8617	52.3495	0.139803	0.126251
18.9224	49.3292	0.134304	0.129999
19.0553	52.3495	0.135638	0.129797
16.083	52.3495	0.134499	0.12711
15.7402	46.2515	0.145205	0.12447
18.8268	46.2515	0.137359	0.124748
15.8835	49.3292	0.140718	0.126408
21.7462	47.598	0.133801	0.130796
25	46.2515	0.134212	0.128092
24.7341	50.8393	0.132417	0.129727
22.0108	14.5924	0.12871	0.0965129
19.9458	11.7351	0.121879	0.0967502
23.0432	12.7235	0.126737	0.0965222
17.645	7.6571	0.106849	0.0967689
18.75	9.60269	0.110995	0.0967878
16.5822	10.0948	0.120011	0.0967331
14.9215	7.36598	0.10667	0.0966431
17.645	7.6571	0.106849	0.0967689
16.5822	10.0948	0.120011	0.0967331
16.6772	5.91038	0.104236	0.096713
19.0551	5.91038	0.103927	0.0968005
17.645	7.6571	0.106849	0.0967689
20.0967	7.6571	0.106545	0.0967917
21.25	9.60269	0.110923	0.096749
18.75	9.60269	0.110995	0.0967878
17.645	7.6571	0.106849	0.0967689
19.0551	5.91038	0.103927	0.0968005
20.0967	7.6571	0.106545	0.0967917
24.1844	6.78374	0.105407	0.0966206
26.189	5.91038	0.10434	0.0965534
25.4207	8.55507	0.109264	0.0964809
28.5669	5.91038	0.104356	0.0964941
31.8199	4.37335	0.102558	0.0965701
31.1316	6.34706	0.104739	0.096454
26.9661	0.123895	0.101327	0.0967154
28.4094	2.238	0.101718	0.0966522
26.0648	3.0556	0.10189	0.0966672
28.9198	0.494728	0.10153	0.0966706
30.8485	1.10996	0.10158	0.0966527
28.4094	2.238	0.101718	0.0966522
31.25	9.60269	0.111418	0.0962331
33.75	9.60269	0.110747	0.0961983
32.5813	11.7351	0.125222	0.096137
30.9096	13.2177	0.126596	0.0961652
29.636	10.915	0.12275	0.0961993
32.5813	11.7351	0.125222	0.096137
32.355	7.6571	0.106703	0.0963411
33.4473	6.2015	0.104138	0.0964509
34.9468	7.95642	0.106929	0.0963106
29.9033	7.6571	0.107204	0.0963577
32.355	7.6571	0.106703	0.0963411
31.25	9.60269	0.111418	0.0962331
31.1316	6.34706	0.104739	0.096454
31.8199	4.37335	0.102558	0.0965701
33.4473	6.2015	0.104138	0.0964509
29.9033	7.6571	0.107204	0.0963577
31.1316	6.34706	0.104739	0.096454
32.355	7.6571	0.106703	0.0963411
29.9033	7.6571	0.107204	0.0963577
28.5669	5.91038	0.104356	0.0964941
31.1316	6.34706	0.104739	0.096454
28.5669	5.91038	0.104356	0.0964941
29.9033	7.6571	0.107204	0.0963577
27.8022	8.40541	0.10909	0.0963616
25	4.37335	0.102594	0.0966652
27.2733	4.37335	0.102785	0.0965916
26.189	5.91038	0.10434	0.0965534
27.2733	4.37335	0.102785	0.0965916
30.3241	3.0556	0.101909	0.0966185
28.5669	5.91038	0.104356	0.0964941
31.1316	6.34706	0.104739	0.096454
33.4473	6.2015	0.104138	0.0964509
32.355	7.6571	0.106703	0.0963411
27.2733	4.37335	0.102785	0.0965916
28.4094	2.238	0.101718	0.0966522
30.3241	3.0556	0.101909	0.0966185
26.189	5.91038	0.10434	0.0965534
27.2733	4.37335	0.102785	0.0965916
28.5669	5.91038	0.104356	0.0964941
26.0648	3.0556	0.10189	0.0966672
28.4094	2.238	0.101718	0.0966522
27.2733	4.37335	0.102785	0.0965916
29.636	10.915	0.12275	0.0961993
29.9033	7.6571	0.107204	0.0963577
31.25	9.60269	0.111418	0.0962331
25.4207	8.55507	0.109264	0.0964809
27.8022	8.40541	0.10909	0.0963616
27.0253	10.7509	0.121069	0.0963014
25.4207	8.55507	0.109264	0.0964809
26.189	5.91038	0.10434	0.0965534
27.8022	8.40541	0.10909	0.0963616
26.3489	16.5071	0.130661	0.0961732
24.3933	15.2742	0.129019	0.0963187
25.6653	12.8882	0.12731	0.0963336
30.3241	3.0556	0.101909	0.0966185
31.8199	4.37335	0.102558	0.0965701
28.5669	5.91038	0.104356	0.0964941
30.8485	1.10996	0.10158	0.0966527
30.3241	3.0556	0.101909	0.0966185
28.4094	2.238	0.101718	0.0966522
30.8485	1.10996	0.10158	0.0966527
32.7403	1.96546	0.101696	0.0966163
30.3241	3.0556	0.101909	0.0966185
30.3241	3.0556	0.101909	0.0966185
32.7403	1.96546	0.101696	0.0966163
31.8199	4.37335	0.102558	0.0965701
23.9352	3.0556	0.101792	0.0967586
25	4.37335	0.102594	0.0966652
22.7267	4.37335	0.10244	0.0967524
26.9661	0.123895	0.101327	0.0967154
26.0648	3.0556	0.10189	0.0966672
25.0248	1.47661	0.101395	0.0967435
26.9661	0.123895	0.101327	0.0967154
28.9198	0.494728	0.10153	0.0966706
28.4094	2.238	0.101718	0.0966522
25.0248	1.47661	0.101395	0.0967435
25	-8.70219e-28	0.101315	0.0967647
26.9661	0.123895	0.101327	0.0967154
23.9352	3.0556	0.101792	0.0967586
25.0248	1.47661	0.101395	0.0967435
26.0648	3.0556	0.10189	0.0966672
23.9352	3.0556	0.101792	0.0967586
23.0835	1.59882	0.101372	0.0968138
25.0248	1.47661	0.101395	0.0967435
32.7403	1.96546	0.101696	0.0966163
34.5833	3.0556	0.101924	0.0965837
31.8199	4.37335	0.102558	0.0965701
25	4.37335	0.102594	0.0966652
26.0648	3.0556	0.10189	0.0966672
27.2733	4.37335	0.102785	0.0965916
24.1844	6.78374	0.105407	0.0966206
25	4.37335	0.102594	0.0966652
26.189	5.91038	0.10434	0.0965534
23.9352	3.0556	0.101792	0.0967586
26.0648	3.0556	0.10189	0.0966672
25	4.37335	0.102594	0.0966652
21.913	2.6468	0.101566	0.0968255
23.9352	3.0556	0.101792	0.0967586
22.7267	4.37335	0.10244	0.0967524
23.0835	1.59882	0.101372	0.0968138
23.0339	0.123895	0.101256	0.0968118
25.0248	1.47661	0.101395	0.0967435
21.913	2.6468	0.101566	0.0968255
23.0835	1.59882	0.101372	0.0968138
23.9352	3.0556	0.101792	0.0967586
21.4331	5.91038	0.103859	0.0967657
20.4534	4.37335	0.10245	0.0967983
22.7267	4.37335	0.10244	0.0967524
19.7476	2.78306	0.101772	0.0968173
21.0802	0.494728	0.101261	0.0968435
21.913	2.6468	0.101566	0.0968255
23.0339	0.123895	0.101256	0.0968118
25	-8.70219e-28	0.101315	0.0967647
25.0248	1.47661	0.101395	0.0967435
33.4473	6.2015	0.104138	0.0964509
34.5833	3.0556	0.101924	0.0965837
35.7008	5.91038	0.103959	0.0964262
36.3664	4.37335	0.103249	0.0964642
35.7008	5.91038	0.103959	0.0964262
34.5833	3.0556	0.101924	0.0965837
23.5785	19.1174	0.139321	0.09607
26.3489	16.5071	0.130661	0.0961732
26.4215	19.1174	0.135837	0.096025
23.0771	23.3761	0.136537	0.0957895
25.3391	26.1784	0.133215	0.095735
22.0277	27.6505	0.134864	0.0959089
29.636	10.915	0.12275	0.0961993
27.8022	8.40541	0.10909	0.0963616
29.9033	7.6571	0.107204	0.0963577
29.636	10.915	0.12275	0.0961993
27.0253	10.7509	0.121069	0.0963014
27.8022	8.40541	0.10909	0.0963616
32.5813	11.7351	0.125222	0.096137
29.636	10.915	0.12275	0.0961993
31.25	9.60269	0.111418	0.0962331
28.2875	13.053	0.125659	0.09622
27.0253	10.7509	0.121069	0.0963014
29.636	10.915	0.12275	0.0961993
23.0432	12.7235	0.126737	0.0965222
25.6653	12.8882	0.12731	0.0963336
24.3933	15.2742	0.129019	0.0963187
24.4145	10.5869	0.121674	0.0964908
25.4207	8.55507	0.109264	0.0964809
27.0253	10.7509	0.121069	0.0963014
23.0432	12.7235	0.126737	0.0965222
24.4145	10.5869	0.121674	0.0964908
25.6653	12.8882	0.12731	0.0963336
23.0432	12.7235	0.126737	0.0965222
21.25	9.60269	0.110923	0.096749
24.4145	10.5869	0.121674	0.0964908
24.1844	6.78374	0.105407	0.0966206
22.5483	7.6571	0.106744	0.0967071
21.4331	5.91038	0.103859	0.0967657
25	4.37335	0.102594	0.0966652
24.1844	6.78374	0.105407	0.0966206
22.7267	4.37335	0.10244	0.0967524
25.4207	8.55507	0.109264	0.0964809
24.4145	10.5869	0.121674	0.0964908
22.5483	7.6571	0.106744	0.0967071
24.4145	10.5869	0.121674	0.0964908
21.25	9.60269	0.110923	0.096749
22.5483	7.6571	0.106744	0.0967071
19.5656	14.0413	0.128718	0.0966575
20.9532	16.5071	0.13033	0.0964277
18.2554	16.5071	0.130193	0.096546
19.9458	11.7351	0.121879	0.0967502
19.5656	14.0413	0.128718	0.0966575
17.7988	12.3941	0.124976	0.09676
18.75	9.60269	0.110995	0.0967878
19.9458	11.7351	0.121879	0.0967502
17.7988	12.3941	0.124976	0.09676
21.25	9.60269	0.110923	0.096749
23.0432	12.7235	0.126737	0.0965222
19.9458	11.7351	0.121879	0.0967502
22.0108	14.5924	0.12871	0.0965129
20.9532	16.5071	0.13033	0.0964277
19.5656	14.0413	0.128718	0.0966575
19.9458	11.7351	0.121879	0.0967502
22.0108	14.5924	0.12871	0.0965129
19.5656	14.0413	0.128718	0.0966575
23.0432	12.7235	0.126737	0.0965222
24.3933	15.2742	0.129019	0.0963187
22.0108	14.5924	0.12871	0.0965129
17.7548	18.7251	0.131051	0.0963982
20.7355	19.1174	0.134094	0.0962198
17.2541	20.9431	0.136293	0.0962859
16.8484	14.0413	0.129023	0.096703
18.2554	16.5071	0.130193	0.096546
15.9817	15.8026	0.131442	0.0966109
20.9532	16.5071	0.13033	0.0964277
20.7355	19.1174	0.134094	0.0962198
18.2554	16.5071	0.130193	0.096546
14.9215	7.36598	0.10667	0.0966431
16.5822	10.0948	0.120011	0.0967331
13.513	9.30337	0.111007	0.0965972
12.6058	7.51154	0.107585	0.0965353
14.9215	7.36598	0.10667	0.0966431
13.513	9.30337	0.111007	0.0965972
13.6336	4.37335	0.103731	0.0966099
15.4167	3.0556	0.102565	0.0967187
16.6772	5.91038	0.104236	0.096713
19.7476	2.78306	0.101772	0.0968173
19.1515	1.10996	0.101571	0.0968207
21.0802	0.494728	0.101261	0.0968435
20.4534	4.37335	0.10245	0.0967983
19.0551	5.91038	0.103927	0.0968005
18.1801	4.37335	0.10266	0.0967759
21.913	2.6468	0.101566	0.0968255
20.4534	4.37335	0.10245	0.0967983
19.7476	2.78306	0.101772	0.0968173
21.4331	5.91038	0.103859	0.0967657
19.0551	5.91038	0.103927	0.0968005
20.4534	4.37335	0.10245	0.0967983
24.1844	6.78374	0.105407	0.0966206
21.4331	5.91038	0.103859	0.0967657
22.7267	4.37335	0.10244	0.0967524
20.0967	7.6571	0.106545	0.0967917
19.0551	5.91038	0.103927	0.0968005
21.4331	5.91038	0.103859	0.0967657
20.4534	4.37335	0.10245	0.0967983
18.1801	4.37335	0.10266	0.0967759
19.7476	2.78306	0.101772	0.0968173
23.0835	1.59882	0.101372	0.0968138
21.0802	0.494728	0.101261	0.0968435
23.0339	0.123895	0.101256	0.0968118
27.8022	8.40541	0.10909	0.0963616
26.189	5.91038	0.10434	0.0965534
28.5669	5.91038	0.104356	0.0964941
25.6653	12.8882	0.12731	0.0963336
24.4145	10.5869	0.121674	0.0964908
27.0253	10.7509	0.121069	0.0963014
22.5483	7.6571	0.106744	0.0967071
20.0967	7.6571	0.106545	0.0967917
21.4331	5.91038	0.103859	0.0967657
25.4207	8.55507	0.109264	0.0964809
22.5483	7.6571	0.106744	0.0967071
24.1844	6.78374	0.105407	0.0966206
21.25	9.60269	0.110923	0.096749
20.0967	7.6571	0.106545	0.0967917
22.5483	7.6571	0.106744	0.0967071
14.9215	7.36598	0.10667	0.0966431
16.6772	5.91038	0.104236	0.096713
17.645	7.6571	0.106849	0.0967689
21.913	2.6468	0.101566	0.0968255
21.0802	0.494728	0.101261	0.0968435
23.0835	1.59882	0.101372	0.0968138
37.3284	7.80676	0.107123	0.0962954
38.0788	5.91038	0.105223	0.0963485
39.7099	7.6571	0.108865	0.096232
33.4473	6.2015	0.104138	0.0964509
35.7008	5.91038	0.103959	0.0964262
34.9468	7.95642	0.106929	0.0963106
33.75	9.60269	0.110747	0.0961983
32.355	7.6571	0.106703	0.0963411
34.9468	7.95642	0.106929	0.0963106
31.8199	4.37335	0.102558	0.0965701
34.5833	3.0556	0.101924	0.0965837
33.4473	6.2015	0.104138	0.0964509
36.3664	4.37335	0.103249	0.0964642
38.0788	5.91038	0.105223	0.0963485
35.7008	5.91038	0.103959	0.0964262
19.7476	2.78306	0.101772	0.0968173
17.2597	1.96546	0.10191	0.0967827
19.1515	1.10996	0.101571	0.0968207
18.1801	4.37335	0.10266	0.0967759
16.6772	5.91038	0.104236	0.096713
15.4167	3.0556	0.102565	0.0967187
19.7476	2.78306	0.101772	0.0968173
18.1801	4.37335	0.10266	0.0967759
17.2597	1.96546	0.10191	0.0967827
19.0551	5.91038	0.103927	0.0968005
16.6772	5.91038	0.104236	0.096713
18.1801	4.37335	0.10266	0.0967759
21.913	2.6468	0.101566	0.0968255
22.7267	4.37335	0.10244	0.0967524
20.4534	4.37335	0.10245	0.0967983
20.0967	7.6571	0.106545	0.0967917
18.75	9.60269	0.110995	0.0967878
17.645	7.6571	0.106849	0.0967689
14.9215	7.36598	0.10667	0.0966431
13.6336	4.37335	0.103731	0.0966099
16.6772	5.91038	0.104236	0.096713
32.355	7.6571	0.106703	0.0963411
33.75	9.60269	0.110747	0.0961983
31.25	9.60269	0.111418	0.0962331
38.0788	5.91038	0.105223	0.0963485
37.3284	7.80676	0.107123	0.0962954
35.7008	5.91038	0.103959	0.0964262
38.75	9.60269	0.111555	0.0961718
41.25	9.60269	0.113805	0.0961254
40.1627	11.7351	0.123459	0.0960407
36.25	9.60269	0.110641	0.0961893
38.75	9.60269	0.111555	0.0961718
37.4683	11.4071	0.123701	0.0960905
39.7099	7.6571	0.108865	0.096232
41.25	9.60269	0.113805	0.0961254
38.75	9.60269	0.111555	0.0961718
15.4167	3.0556	0.102565	0.0967187
17.2597	1.96546	0.10191	0.0967827
18.1801	4.37335	0.10266	0.0967759
44.0204	14.0413	0.128553	0.0959221
41.2166	14.2175	0.127568	0.095964
42.6898	11.7351	0.125922	0.0960059
14.9215	7.36598	0.10667	0.0966431
12.6058	7.51154	0.107585	0.0965353
13.6336	4.37335	0.103731	0.0966099
15.1767	12.2293	0.124658	0.096702
12.5545	12.0646	0.125554	0.0965771
13.513	9.30337	0.111007	0.0965972
16.5822	10.0948	0.120011	0.0967331
17.7988	12.3941	0.124976	0.09676
15.1767	12.2293	0.124658	0.096702
14.1312	14.0413	0.127737	0.0966426
12.5545	12.0646	0.125554	0.0965771
15.1767	12.2293	0.124658	0.096702
15.9817	15.8026	0.131442	0.0966109
14.7591	18.4213	0.132874	0.0965021
13.1778	15.9788	0.129645	0.0965986
16.5822	10.0948	0.120011	0.0967331
18.75	9.60269	0.110995	0.0967878
17.7988	12.3941	0.124976	0.09676
22.0108	14.5924	0.12871	0.0965129
24.3933	15.2742	0.129019	0.0963187
20.9532	16.5071	0.13033	0.0964277
11.4404	21.3083	0.129978	0.0965149
12.2064	19.1174	0.131012	0.0965382
14.6026	21.856	0.134006	0.0963941
8.66123	21.856	0.129339	0.0964962
11.4404	21.3083	0.129978	0.0965149
10.9756	24.1362	0.131658	0.0964283
8.66123	21.856	0.129339	0.0964962
9.3634	19.1174	0.129642	0.0965931
11.4404	21.3083	0.129978	0.0965149
6.52038	19.1174	0.13398	0.096604
7.464	16.5071	0.133555	0.0966354
9.3634	19.1174	0.129642	0.0965931
3.67737	19.1174	0.132124	0.0965691
6.52038	19.1174	0.13398	0.096604
5.62671	21.6734	0.12935	0.0964293
3.67737	19.1174	0.132124	0.0965691
4.76616	16.5071	0.131587	0.0966574
6.52038	19.1174	0.13398	0.096604
10.1618	16.5071	0.131108	0.096589
12.2064	19.1174	0.131012	0.0965382
9.3634	19.1174	0.129642	0.0965931
5.97957	14.0413	0.135689	0.096589
8.69678	14.0413	0.135971	0.0965561
7.464	16.5071	0.133555	0.0966354
11.414	14.0413	0.131218	0.0965755
13.1778	15.9788	0.129645	0.0965986
10.1618	16.5071	0.131108	0.096589
15.1767	12.2293	0.124658	0.096702
16.8484	14.0413	0.129023	0.096703
14.1312	14.0413	0.127737	0.0966426
6.52038	19.1174	0.13398	0.096604
9.3634	19.1174	0.129642	0.0965931
8.66123	21.856	0.129339	0.0964962
14.7591	18.4213	0.132874	0.0965021
12.2064	19.1174	0.131012	0.0965382
13.1778	15.9788	0.129645	0.0965986
14.7591	18.4213	0.132874	0.0965021
14.6026	21.856	0.134006	0.0963941
12.2064	19.1174	0.131012	0.0965382
12.6058	7.51154	0.107585	0.0965353
11.9212	5.91038	0.106282	0.0965363
13.6336	4.37335	0.103731	0.0966099
11.25	9.60269	0.112471	0.0965024
12.6058	7.51154	0.107585	0.0965353
13.513	9.30337	0.111007	0.0965972
10.2901	7.6571	0.109672	0.0964779
11.9212	5.91038	0.106282	0.0965363
12.6058	7.51154	0.107585	0.0965353
41.2166	14.2175	0.127568	0.095964
40.1627	11.7351	0.123459	0.0960407
42.6898	11.7351	0.125922	0.0960059
35.1085	11.7351	0.122089	0.0961202
37.4683	11.4071	0.123701	0.0960905
35.6088	14.5697	0.128401	0.0961537
33.1516	14.0413	0.126923	0.0961664
35.1085	11.7351	0.122089	0.0961202
35.6088	14.5697	0.128401	0.0961537
32.5813	11.7351	0.125222	0.096137
33.75	9.60269	0.110747	0.0961983
35.1085	11.7351	0.122089	0.0961202
37.3284	7.80676	0.107123	0.0962954
39.7099	7.6571	0.108865	0.096232
38.75	9.60269	0.111555	0.0961718
36.25	9.60269	0.110641	0.0961893
37.3284	7.80676	0.107123	0.0962954
38.75	9.60269	0.111555	0.0961718
35.1085	11.7351	0.122089	0.0961202
36.25	9.60269	0.110641	0.0961893
37.4683	11.4071	0.123701	0.0960905
34.9468	7.95642	0.106929	0.0963106
37.3284	7.80676	0.107123	0.0962954
36.25	9.60269	0.110641	0.0961893
34.9468	7.95642	0.106929	0.0963106
35.7008	5.91038	0.103959	0.0964262
37.3284	7.80676	0.107123	0.0962954
42.536	16.5071	0.130815	0.0959194
44.0204	14.0413	0.128553	0.0959221
45.2338	16.5071	0.129983	0.0958858
38.4127	14.3936	0.129213	0.096042
41.2166	14.2175	0.127568	0.095964
39.693	16.8552	0.13266	0.0960389
38.4127	14.3936	0.129213	0.096042
37.4683	11.4071	0.123701	0.0960905
40.1627	11.7351	0.123459	0.0960407
10.2901	7.6571	0.109672	0.0964779
12.6058	7.51154	0.107585	0.0965353
11.25	9.60269	0.112471	0.0965024
28.2875	13.053	0.125659	0.09622
30.001	14.922	0.129132	0.0961871
26.3489	16.5071	0.130661	0.0961732
35.1085	11.7351	0.122089	0.0961202
33.1516	14.0413	0.126923	0.0961664
32.5813	11.7351	0.125222	0.096137
30.001	14.922	0.129132	0.0961871
28.6113	17.5512	0.133379	0.0961551
26.3489	16.5071	0.130661	0.0961732
30.9096	13.2177	0.126596	0.0961652
30.001	14.922	0.129132	0.0961871
28.2875	13.053	0.125659	0.09622
29.636	10.915	0.12275	0.0961993
30.9096	13.2177	0.126596	0.0961652
28.2875	13.053	0.125659	0.09622
32.5813	11.7351	0.125222	0.096137
33.1516	14.0413	0.126923	0.0961664
30.9096	13.2177	0.126596	0.0961652
31.7446	16.5071	0.135637	0.0962566
28.6113	17.5512	0.133379	0.0961551
30.001	14.922	0.129132	0.0961871
34.4425	16.5071	0.130353	0.0962755
31.7446	16.5071	0.135637	0.0962566
33.1516	14.0413	0.126923	0.0961664
34.4425	16.5071	0.130353	0.0962755
34.9506	19.1174	0.132818	0.0963176
32.1075	19.1174	0.134853	0.0962797
37.1403	16.5071	0.132326	0.096157
34.4425	16.5071	0.130353	0.0962755
35.6088	14.5697	0.128401	0.0961537
37.1403	16.5071	0.132326	0.096157
37.7936	19.1174	0.132426	0.0962123
34.9506	19.1174	0.132818	0.0963176
11.414	14.0413	0.131218	0.0965755
14.1312	14.0413	0.127737	0.0966426
13.1778	15.9788	0.129645	0.0965986
8.69678	14.0413	0.135971	0.0965561
9.93237	11.8999	0.125693	0.0964974
11.414	14.0413	0.131218	0.0965755
11.25	9.60269	0.112471	0.0965024
13.513	9.30337	0.111007	0.0965972
12.5545	12.0646	0.125554	0.0965771
10.2901	7.6571	0.109672	0.0964779
11.25	9.60269	0.112471	0.0965024
8.74996	9.60269	0.115073	0.0964614
13.513	9.30337	0.111007	0.0965972
16.5822	10.0948	0.120011	0.0967331
15.1767	12.2293	0.124658	0.096702
9.93237	11.8999	0.125693	0.0964974
11.25	9.60269	0.112471	0.0965024
12.5545	12.0646	0.125554	0.0965771
11.414	14.0413	0.131218	0.0965755
9.93237	11.8999	0.125693	0.0964974
12.5545	12.0646	0.125554	0.0965771
8.69678	14.0413	0.135971	0.0965561
7.31021	11.7351	0.127951	0.0964936
9.93237	11.8999	0.125693	0.0964974
37.4683	11.4071	0.123701	0.0960905
38.4127	14.3936	0.129213	0.096042
35.6088	14.5697	0.128401	0.0961537
42.536	16.5071	0.130815	0.0959194
43.4158	19.3	0.132963	0.0959723
40.5089	19.4825	0.13352	0.0960951
44.0204	14.0413	0.128553	0.0959221
42.536	16.5071	0.130815	0.0959194
41.2166	14.2175	0.127568	0.095964
45.2338	16.5071	0.129983	0.0958858
43.4158	19.3	0.132963	0.0959723
42.536	16.5071	0.130815	0.0959194
40.5089	19.4825	0.13352	0.0960951
41.2294	22.236	0.13263	0.09625
38.204	22.4261	0.13499	0.0963122
42.536	16.5071	0.130815	0.0959194
40.5089	19.4825	0.13352	0.0960951
39.693	16.8552	0.13266	0.0960389
43.4158	19.3	0.132963	0.0959723
41.2294	22.236	0.13263	0.09625
40.5089	19.4825	0.13352	0.0960951
47.2801	21.856	0.134542	0.0961085
44.3095	21.856	0.134799	0.0961251
46.3226	19.1174	0.131705	0.0959415
38.4127	14.3936	0.129213	0.096042
37.1403	16.5071	0.132326	0.096157
35.6088	14.5697	0.128401	0.0961537
40.1627	11.7351	0.123459	0.0960407
41.2166	14.2175	0.127568	0.095964
38.4127	14.3936	0.129213	0.096042
38.75	9.60269	0.111555	0.0961718
40.1627	11.7351	0.123459	0.0960407
37.4683	11.4071	0.123701	0.0960905
41.25	9.60269	0.113805	0.0961254
42.6898	11.7351	0.125922	0.0960059
40.1627	11.7351	0.123459	0.0960407
39.693	16.8552	0.13266	0.0960389
37.1403	16.5071	0.132326	0.096157
38.4127	14.3936	0.129213	0.096042
40.5089	19.4825	0.13352	0.0960951
37.7936	19.1174	0.132426	0.0962123
39.693	16.8552	0.13266	0.0960389
28.8815	20.2128	0.134723	0.0960363
29.1279	22.9961	0.141491	0.0958601
26.1025	23.1861	0.138175	0.0957683
32.1075	19.1174	0.134853	0.0962797
34.9506	19.1174	0.132818	0.0963176
32.4267	21.856	0.131961	0.0961693
28.8815	20.2128	0.134723	0.0960363
32.1075	19.1174	0.134853	0.0962797
32.4267	21.856	0.131961	0.0961693
31.7446	16.5071	0.135637	0.0962566
34.4425	16.5071	0.130353	0.0962755
32.1075	19.1174	0.134853	0.0962797
28.6113	17.5512	0.133379	0.0961551
31.7446	16.5071	0.135637	0.0962566
32.1075	19.1174	0.134853	0.0962797
11.414	14.0413	0.131218	0.0965755
12.5545	12.0646	0.125554	0.0965771
14.1312	14.0413	0.127737	0.0966426
12.2064	19.1174	0.131012	0.0965382
10.1618	16.5071	0.131108	0.096589
13.1778	15.9788	0.129645	0.0965986
9.93237	11.8999	0.125693	0.0964974
8.74996	9.60269	0.115073	0.0964614
11.25	9.60269	0.112471	0.0965024
43.4158	19.3	0.132963	0.0959723
45.2338	16.5071	0.129983	0.0958858
46.3226	19.1174	0.131705	0.0959415
33.1516	14.0413	0.126923	0.0961664
35.6088	14.5697	0.128401	0.0961537
34.4425	16.5071	0.130353	0.0962755
36.25	9.60269	0.110641	0.0961893
33.75	9.60269	0.110747	0.0961983
34.9468	7.95642	0.106929	0.0963106
21.9134	33.7485	0.134896	0.0974844
18.9132	34.917	0.127712	0.0939586
18.6835	32.5943	0.134214	0.0968393
25	30.6708	0.133048	0.0959295
21.9134	33.7485	0.134896	0.0974844
21.9612	30.6708	0.138727	0.0961626
21.8846	36.8646	0.131949	0.0944645
18.9132	34.917	0.127712	0.0939586
21.9134	33.7485	0.134896	0.0974844
25	40	0.132776	0.104325
21.8846	36.8646	0.131949	0.0944645
25.1151	35.3065	0.135353	0.0983809
21.9134	33.7485	0.134896	0.0974844
18.6835	32.5943	0.134214	0.0968393
21.9612	30.6708	0.138727	0.0961626
18.7212	38.8242	0.0646928	0.0504579
18.9132	34.917	0.127712	0.0939586
21.8846	36.8646	0.131949	0.0944645
17.2667	36.7732	0.0780915	0.0585961
15.8122	34.7222	0.128998	0.0931005
18.9132	34.917	0.127712	0.0939586
18.7212	38.8242	0.0646928	0.0504579
17.2667	36.7732	0.0780915	0.0585961
18.9132	34.917	0.127712	0.0939586
18.7212	38.8242	0.0646928	0.0504579
15.601	39.0202	0.0720549	0.0563552
17.2667	36.7732	0.0780915	0.0585961
18.7981	41.9596	0.072964	0.0643973
18.7212	38.8242	0.0646928	0.0504579
21.9014	39.3141	0.0792196	0.0631509
15.601	39.0202	0.0720549	0.0563552
15.8122	34.7222	0.128998	0.0931005
17.2667	36.7732	0.0780915	0.0585961
14.001	23.9462	0.134181	0.0963747
14.6026	21.856	0.134006	0.0963941
17.2998	24.7062	0.132926	0.0961403
13.1107	27.6505	0.129857	0.0963309
12.8447	30.6708	0.130342	0.0964144
10.1383	27.6505	0.131968	0.0963305
15.2052	26.1784	0.133445	0.0962668
15.7173	29.727	0.129716	0.0962722
13.1107	27.6505	0.129857	0.0963309
20.3799	24.7062	0.131727	0.0959294
18.0114	27.1222	0.131422	0.0961097
17.2998	24.7062	0.132926	0.0961403
18.7229	29.5382	0.13143	0.0961922
15.7173	29.727	0.129716	0.0962722
18.0114	27.1222	0.131422	0.0961097
18.7229	29.5382	0.13143	0.0961922
18.6835	32.5943	0.134214	0.0968393
15.7173	29.727	0.129716	0.0962722
10.9756	24.1362	0.131658	0.0964283
8.05963	24.7062	0.129752	0.0963233
8.66123	21.856	0.129339	0.0964962
10.1383	27.6505	0.131968	0.0963305
8.05963	24.7062	0.129752	0.0963233
10.9756	24.1362	0.131658	0.0964283
10.1383	27.6505	0.131968	0.0963305
9.80591	30.6708	0.136878	0.0964608
7.16598	27.6505	0.134728	0.0962074
6.70061	30.2933	0.131358	0.0962946
7.16598	27.6505	0.134728	0.0962074
9.80591	30.6708	0.136878	0.0964608
4.97956	24.7062	0.130279	0.0961688
5.62671	21.6734	0.12935	0.0964293
8.05963	24.7062	0.129752	0.0963233
3.67737	19.1174	0.132124	0.0965691
5.62671	21.6734	0.12935	0.0964293
2.71986	21.856	0.129612	0.0963241
6.52038	19.1174	0.13398	0.096604
4.76616	16.5071	0.131587	0.0966574
7.464	16.5071	0.133555	0.0966354
25	30.6708	0.133048	0.0959295
28.0388	30.6708	0.135245	0.0960663
28.0866	33.7485	0.140121	0.0969534
47.2801	21.856	0.134542	0.0961085
48.1005	24.7062	0.13192	0.0964053
45.0204	24.7062	0.13542	0.0963835
26.4215	19.1174	0.135837	0.096025
26.3489	16.5071	0.130661	0.0961732
28.6113	17.5512	0.133379	0.0961551
18.0114	27.1222	0.131422	0.0961097
22.0277	27.6505	0.134864	0.0959089
18.7229	29.5382	0.13143	0.0961922
17.2541	20.9431	0.136293	0.0962859
20.544	21.856	0.133789	0.0960189
17.2998	24.7062	0.132926	0.0961403
23.0771	23.3761	0.136537	0.0957895
26.1025	23.1861	0.138175	0.0957683
25.3391	26.1784	0.133215	0.095735
17.2998	24.7062	0.132926	0.0961403
20.544	21.856	0.133789	0.0960189
20.3799	24.7062	0.131727	0.0959294
24.8405	21.1517	0.139293	0.0958634
26.1025	23.1861	0.138175	0.0957683
23.0771	23.3761	0.136537	0.0957895
20.544	21.856	0.133789	0.0960189
24.8405	21.1517	0.139293	0.0958634
23.0771	23.3761	0.136537	0.0957895
23.5785	19.1174	0.139321	0.09607
26.4215	19.1174	0.135837	0.096025
24.8405	21.1517	0.139293	0.0958634
31.199	26.5464	0.133975	0.0958338
30.7452	28.7831	0.131673	0.0958581
28.269	26.3624	0.136384	0.0957192
29.1279	22.9961	0.141491	0.0958601
31.199	26.5464	0.133975	0.0958338
28.269	26.3624	0.136384	0.0957192
32.7002	24.7062	0.13143	0.0959877
33.7508	28.5944	0.129299	0.0960559
31.199	26.5464	0.133975	0.0958338
20.544	21.856	0.133789	0.0960189
23.0771	23.3761	0.136537	0.0957895
20.3799	24.7062	0.131727	0.0959294
20.7355	19.1174	0.134094	0.0962198
20.544	21.856	0.133789	0.0960189
17.2541	20.9431	0.136293	0.0962859
17.7548	18.7251	0.131051	0.0963982
18.2554	16.5071	0.130193	0.096546
20.7355	19.1174	0.134094	0.0962198
14.7591	18.4213	0.132874	0.0965021
17.7548	18.7251	0.131051	0.0963982
17.2541	20.9431	0.136293	0.0962859
14.7591	18.4213	0.132874	0.0965021
15.9817	15.8026	0.131442	0.0966109
17.7548	18.7251	0.131051	0.0963982
20.9532	16.5071	0.13033	0.0964277
23.5785	19.1174	0.139321	0.09607
20.7355	19.1174	0.134094	0.0962198
23.5785	19.1174	0.139321	0.09607
24.8405	21.1517	0.139293	0.0958634
20.544	21.856	0.133789	0.0960189
26.689	28.4246	0.133443	0.0958221
22.0277	27.6505	0.134864	0.0959089
25.3391	26.1784	0.133215	0.095735
21.9612	30.6708	0.138727	0.0961626
18.6835	32.5943	0.134214	0.0968393
18.7229	29.5382	0.13143	0.0961922
20.7355	19.1174	0.134094	0.0962198
23.5785	19.1174	0.139321	0.09607
20.544	21.856	0.133789	0.0960189
16.8484	14.0413	0.129023	0.096703
19.5656	14.0413	0.128718	0.0966575
18.2554	16.5071	0.130193	0.096546
16.8484	14.0413	0.129023	0.096703
17.7988	12.3941	0.124976	0.09676
19.5656	14.0413	0.128718	0.0966575
14.1312	14.0413	0.127737	0.0966426
16.8484	14.0413	0.129023	0.096703
15.9817	15.8026	0.131442	0.0966109
15.1767	12.2293	0.124658	0.096702
17.7988	12.3941	0.124976	0.09676
16.8484	14.0413	0.129023	0.096703
18.75	9.60269	0.110995	0.0967878
21.25	9.60269	0.110923	0.096749
19.9458	11.7351	0.121879	0.0967502
24.3933	15.2742	0.129019	0.0963187
23.5785	19.1174	0.139321	0.09607
20.9532	16.5071	0.13033	0.0964277
4.97956	24.7062	0.130279	0.0961688
4.19365	27.6505	0.135447	0.0960138
1.8995	24.7062	0.131935	0.0960306
8.74996	9.60269	0.115073	0.0964614
9.93237	11.8999	0.125693	0.0964974
7.31021	11.7351	0.127951	0.0964936
46.8029	37.0605	0.12885	0.100883
43.6827	37.2565	0.132041	0.100488
46.6062	33.7485	0.130895	0.0974554
41.9404	24.7062	0.131767	0.0964573
45.0204	24.7062	0.13542	0.0963835
42.7675	28.0281	0.136792	0.0967139
38.8603	24.7062	0.130505	0.0964402
41.9404	24.7062	0.131767	0.0964573
39.9888	27.0985	0.130744	0.0966266
41.2294	22.236	0.13263	0.09625
44.3095	21.856	0.134799	0.0961251
41.9404	24.7062	0.131767	0.0964573
48.7787	27.6505	0.131913	0.0966831
49.3105	30.6708	0.133053	0.0968143
46.2478	30.8632	0.136045	0.096858
26.1025	23.1861	0.138175	0.0957683
24.8405	21.1517	0.139293	0.0958634
28.8815	20.2128	0.134723	0.0960363
28.269	26.3624	0.136384	0.0957192
26.1025	23.1861	0.138175	0.0957683
29.1279	22.9961	0.141491	0.0958601
23.0771	23.3761	0.136537	0.0957895
22.0277	27.6505	0.134864	0.0959089
20.3799	24.7062	0.131727	0.0959294
12.8447	30.6708	0.130342	0.0964144
12.7112	34.5275	0.130706	0.0975974
9.49534	33.1714	0.13105	0.0968977
10.1383	27.6505	0.131968	0.0963305
12.8447	30.6708	0.130342	0.0964144
9.80591	30.6708	0.136878	0.0964608
14.3285	32.6965	0.134784	0.0967426
18.6835	32.5943	0.134214	0.0968393
15.8122	34.7222	0.128998	0.0931005
25.1151	35.3065	0.135353	0.0983809
21.8846	36.8646	0.131949	0.0944645
21.9134	33.7485	0.134896	0.0974844
14.3285	32.6965	0.134784	0.0967426
12.7112	34.5275	0.130706	0.0975974
12.8447	30.6708	0.130342	0.0964144
18.9132	34.917	0.127712	0.0939586
15.8122	34.7222	0.128998	0.0931005
18.6835	32.5943	0.134214	0.0968393
15.601	39.0202	0.0720549	0.0563552
12.5385	36.8646	0.128244	0.0976011
15.8122	34.7222	0.128998	0.0931005
23.5785	19.1174	0.139321	0.09607
24.3933	15.2742	0.129019	0.0963187
26.3489	16.5071	0.130661	0.0961732
28.8815	20.2128	0.134723	0.0960363
24.8405	21.1517	0.139293	0.0958634
26.4215	19.1174	0.135837	0.096025
18.2554	16.5071	0.130193	0.096546
17.7548	18.7251	0.131051	0.0963982
15.9817	15.8026	0.131442	0.0966109
14.6026	21.856	0.134006	0.0963941
17.2541	20.9431	0.136293	0.0962859
17.2998	24.7062	0.132926	0.0961403
15.9817	15.8026	0.131442	0.0966109
13.1778	15.9788	0.129645	0.0965986
14.1312	14.0413	0.127737	0.0966426
14.6026	21.856	0.134006	0.0963941
14.7591	18.4213	0.132874	0.0965021
17.2541	20.9431	0.136293	0.0962859
11.4404	21.3083	0.129978	0.0965149
14.001	23.9462	0.134181	0.0963747
10.9756	24.1362	0.131658	0.0964283
30.001	14.922	0.129132	0.0961871
30.9096	13.2177	0.126596	0.0961652
33.1516	14.0413	0.126923	0.0961664
31.7446	16.5071	0.135637	0.0962566
30.001	14.922	0.129132	0.0961871
33.1516	14.0413	0.126923	0.0961664
25.6653	12.8882	0.12731	0.0963336
27.0253	10.7509	0.121069	0.0963014
28.2875	13.053	0.125659	0.09622
25.6653	12.8882	0.12731	0.0963336
28.2875	13.053	0.125659	0.09622
26.3489	16.5071	0.130661	0.0961732
33.75	9.60269	0.110747	0.0961983
36.25	9.60269	0.110641	0.0961893
35.1085	11.7351	0.122089	0.0961202
39.693	16.8552	0.13266	0.0960389
41.2166	14.2175	0.127568	0.095964
42.536	16.5071	0.130815	0.0959194
28.8815	20.2128	0.134723	0.0960363
26.4215	19.1174	0.135837	0.096025
28.6113	17.5512	0.133379	0.0961551
40.625	40	0.132069	0.105812
43.75	40	0.134964	0.1067
43.6923	43.1354	0.135045	0.124208
34.399	40.9798	0.13839	0.118652
37.5	40	0.135522	0.106148
37.5191	43.9145	0.140137	0.12434
40.5769	36.8646	0.131683	0.0994975
43.6827	37.2565	0.132041	0.100488
40.625	40	0.132069	0.105812
37.3464	33.7485	0.129809	0.0971826
33.997	31.6326	0.129437	0.0964149
37.1553	30.6708	0.128905	0.0965661
40.625	40	0.132069	0.105812
37.5	40	0.135522	0.106148
40.5769	36.8646	0.131683	0.0994975
37.4615	36.8646	0.132905	0.0998407
34.1596	34.7385	0.130245	0.0978808
37.3464	33.7485	0.129809	0.0971826
46.2478	30.8632	0.136045	0.096858
45.7731	27.8393	0.133498	0.0967017
48.7787	27.6505	0.131913	0.0966831
49.6928	33.7485	0.131409	0.0975508
46.6062	33.7485	0.130895	0.0974554
49.3105	30.6708	0.133053	0.0968143
40.1941	30.6708	0.131507	0.0967337
37.1553	30.6708	0.128905	0.0965661
36.8893	27.6505	0.130643	0.0964247
43.2329	30.6708	0.138586	0.0967995
40.1941	30.6708	0.131507	0.0967337
42.7675	28.0281	0.136792	0.0967139
40.433	33.7485	0.136287	0.0971085
37.3464	33.7485	0.129809	0.0971826
40.1941	30.6708	0.131507	0.0967337
31.3171	35.696	0.134231	0.0989418
31.2019	38.0404	0.135327	0.103194
28.1154	36.8646	0.140656	0.100336
33.997	31.6326	0.129437	0.0964149
34.1596	34.7385	0.130245	0.0978808
30.9343	31.8249	0.131386	0.0962332
34.3221	37.8444	0.132194	0.102392
31.2019	38.0404	0.135327	0.103194
31.3171	35.696	0.134231	0.0989418
37.5	40	0.135522	0.106148
34.3221	37.8444	0.132194	0.102392
37.4615	36.8646	0.132905	0.0998407
34.399	40.9798	0.13839	0.118652
31.2019	38.0404	0.135327	0.103194
34.3221	37.8444	0.132194	0.102392
40.1941	30.6708	0.131507	0.0967337
39.9888	27.0985	0.130744	0.0966266
42.7675	28.0281	0.136792	0.0967139
7.16598	27.6505	0.134728	0.0962074
8.05963	24.7062	0.129752	0.0963233
10.1383	27.6505	0.131968	0.0963305
3.69504	30.482	0.133317	0.096169
4.19365	27.6505	0.135447	0.0960138
6.70061	30.2933	0.131358	0.0962946
4.97956	24.7062	0.130279	0.0961688
8.05963	24.7062	0.129752	0.0963233
7.16598	27.6505	0.134728	0.0962074
2.71986	21.856	0.129612	0.0963241
4.97956	24.7062	0.130279	0.0961688
1.8995	24.7062	0.131935	0.0960306
14.001	23.9462	0.134181	0.0963747
11.4404	21.3083	0.129978	0.0965149
14.6026	21.856	0.134006	0.0963941
13.1107	27.6505	0.129857	0.0963309
10.9756	24.1362	0.131658	0.0964283
14.001	23.9462	0.134181	0.0963747
8.66123	21.856	0.129339	0.0964962
5.62671	21.6734	0.12935	0.0964293
6.52038	19.1174	0.13398	0.096604
12.2064	19.1174	0.131012	0.0965382
11.4404	21.3083	0.129978	0.0965149
9.3634	19.1174	0.129642	0.0965931
8.05963	24.7062	0.129752	0.0963233
5.62671	21.6734	0.12935	0.0964293
8.66123	21.856	0.129339	0.0964962
44.3095	21.856	0.134799	0.0961251
41.2294	22.236	0.13263	0.09625
43.4158	19.3	0.132963	0.0959723
45.7731	27.8393	0.133498	0.0967017
45.0204	24.7062	0.13542	0.0963835
48.1005	24.7062	0.13192	0.0964053
38.8603	24.7062	0.130505	0.0964402
36.8893	27.6505	0.130643	0.0964247
35.7802	24.7062	0.131776	0.096246
45.7731	27.8393	0.133498	0.0967017
42.7675	28.0281	0.136792	0.0967139
45.0204	24.7062	0.13542	0.0963835
43.2329	30.6708	0.138586	0.0967995
46.2478	30.8632	0.136045	0.096858
43.5196	33.7485	0.13717	0.0972437
40.433	33.7485	0.136287	0.0971085
43.2329	30.6708	0.138586	0.0967995
43.5196	33.7485	0.13717	0.0972437
42.7675	28.0281	0.136792	0.0967139
45.7731	27.8393	0.133498	0.0967017
43.2329	30.6708	0.138586	0.0967995
41.9404	24.7062	0.131767	0.0964573
42.7675	28.0281	0.136792	0.0967139
39.9888	27.0985	0.130744	0.0966266
45.7731	27.8393	0.133498	0.0967017
46.2478	30.8632	0.136045	0.096858
43.2329	30.6708	0.138586	0.0967995
8.69678	14.0413	0.135971	0.0965561
5.97957	14.0413	0.135689	0.096589
7.31021	11.7351	0.127951	0.0964936
10.1618	16.5071	0.131108	0.096589
8.69678	14.0413	0.135971	0.0965561
11.414	14.0413	0.131218	0.0965755
7.464	16.5071	0.133555	0.0966354
4.76616	16.5071	0.131587	0.0966574
5.97957	14.0413	0.135689	0.096589
10.1618	16.5071	0.131108	0.096589
7.464	16.5071	0.133555	0.0966354
8.69678	14.0413	0.135971	0.0965561
10.1618	16.5071	0.131108	0.096589
9.3634	19.1174	0.129642	0.0965931
7.464	16.5071	0.133555	0.0966354
9.42308	36.8646	0.130066	0.0996175
9.49534	33.1714	0.13105	0.0968977
12.7112	34.5275	0.130706	0.0975974
12.5	40	0.130244	0.103331
9.36058	39.4121	0.132499	0.104396
12.5385	36.8646	0.128244	0.0976011
9.36058	39.4121	0.132499	0.104396
6.30769	36.8646	0.132323	0.0997634
9.42308	36.8646	0.130066	0.0996175
3.19231	36.8646	0.130376	0.100572
3.40821	33.9432	0.129868	0.0973792
6.30769	36.8646	0.132323	0.0997634
0.076922	36.8646	0.131753	0.101467
3.19231	36.8646	0.130376	0.100572
3.125	40	0.131736	0.107045
0.076922	36.8646	0.131753	0.101467
0.307214	33.7485	0.134243	0.097525
3.19231	36.8646	0.130376	0.100572
6.70061	30.2933	0.131358	0.0962946
9.80591	30.6708	0.136878	0.0964608
9.49534	33.1714	0.13105	0.0968977
2.71986	21.856	0.129612	0.0963241
5.62671	21.6734	0.12935	0.0964293
4.97956	24.7062	0.130279	0.0961688
18.0114	27.1222	0.131422	0.0961097
15.7173	29.727	0.129716	0.0962722
15.2052	26.1784	0.133445	0.0962668
43.5196	33.7485	0.13717	0.0972437
40.5769	36.8646	0.131683	0.0994975
40.433	33.7485	0.136287	0.0971085
49.9231	36.8646	0.129339	0.101119
46.8029	37.0605	0.12885	0.100883
49.6928	33.7485	0.131409	0.0975508
43.75	40	0.134964	0.1067
40.625	40	0.132069	0.105812
43.6827	37.2565	0.132041	0.100488
13.1107	27.6505	0.129857	0.0963309
15.7173	29.727	0.129716	0.0962722
12.8447	30.6708	0.130342	0.0964144
10.9756	24.1362	0.131658	0.0964283
13.1107	27.6505	0.129857	0.0963309
10.1383	27.6505	0.131968	0.0963305
15.2052	26.1784	0.133445	0.0962668
17.2998	24.7062	0.132926	0.0961403
18.0114	27.1222	0.131422	0.0961097
14.001	23.9462	0.134181	0.0963747
15.2052	26.1784	0.133445	0.0962668
13.1107	27.6505	0.129857	0.0963309
14.001	23.9462	0.134181	0.0963747
17.2998	24.7062	0.132926	0.0961403
15.2052	26.1784	0.133445	0.0962668
46.6062	33.7485	0.130895	0.0974554
43.6827	37.2565	0.132041	0.100488
43.5196	33.7485	0.13717	0.0972437
50	40	0.129292	0.108094
46.8029	37.0605	0.12885	0.100883
49.9231	36.8646	0.129339	0.101119
46.8798	40.196	0.130674	0.116218
43.75	40	0.134964	0.1067
46.8029	37.0605	0.12885	0.100883
21.9014	39.3141	0.0792196	0.0631509
21.9183	41.7637	0.12699	0.110275
18.7981	41.9596	0.072964	0.0643973
25	40	0.132776	0.104325
21.9014	39.3141	0.0792196	0.0631509
21.8846	36.8646	0.131949	0.0944645
25	40	0.132776	0.104325
21.9183	41.7637	0.12699	0.110275
21.9014	39.3141	0.0792196	0.0631509
22.0142	44.8882	0.132456	0.123607
18.7981	41.9596	0.072964	0.0643973
21.9183	41.7637	0.12699	0.110275
3.69504	30.482	0.133317	0.096169
3.40821	33.9432	0.129868	0.0973792
0.68946	30.6708	0.133932	0.0961905
1.22131	27.6505	0.132548	0.0959178
3.69504	30.482	0.133317	0.096169
0.68946	30.6708	0.133932	0.0961905
6.70061	30.2933	0.131358	0.0962946
6.43263	33.3637	0.129856	0.0968813
3.69504	30.482	0.133317	0.096169
43.5196	33.7485	0.13717	0.0972437
43.6827	37.2565	0.132041	0.100488
40.5769	36.8646	0.131683	0.0994975
40.1941	30.6708	0.131507	0.0967337
43.2329	30.6708	0.138586	0.0967995
40.433	33.7485	0.136287	0.0971085
46.6062	33.7485	0.130895	0.0974554
49.6928	33.7485	0.131409	0.0975508
46.8029	37.0605	0.12885	0.100883
46.2478	30.8632	0.136045	0.096858
46.6062	33.7485	0.130895	0.0974554
43.5196	33.7485	0.13717	0.0972437
46.2478	30.8632	0.136045	0.096858
49.3105	30.6708	0.133053	0.0968143
46.6062	33.7485	0.130895	0.0974554
46.8798	40.196	0.130674	0.116218
46.8029	37.0605	0.12885	0.100883
50	40	0.129292	0.108094
9.4375	42.5475	0.145171	0.121203
6.24038	39.6081	0.136162	0.104874
9.36058	39.4121	0.132499	0.104396
9.49534	33.1714	0.13105	0.0968977
9.80591	30.6708	0.136878	0.0964608
12.8447	30.6708	0.130342	0.0964144
12.5385	36.8646	0.128244	0.0976011
9.42308	36.8646	0.130066	0.0996175
12.7112	34.5275	0.130706	0.0975974
6.43263	33.3637	0.129856	0.0968813
6.70061	30.2933	0.131358	0.0962946
9.49534	33.1714	0.13105	0.0968977
4.19365	27.6505	0.135447	0.0960138
4.97956	24.7062	0.130279	0.0961688
7.16598	27.6505	0.134728	0.0962074
1.22131	27.6505	0.132548	0.0959178
4.19365	27.6505	0.135447	0.0960138
3.69504	30.482	0.133317	0.096169
1.22131	27.6505	0.132548	0.0959178
1.8995	24.7062	0.131935	0.0960306
4.19365	27.6505	0.135447	0.0960138
6.70061	30.2933	0.131358	0.0962946
4.19365	27.6505	0.135447	0.0960138
7.16598	27.6505	0.134728	0.0962074
18.7229	29.5382	0.13143	0.0961922
22.0277	27.6505	0.134864	0.0959089
21.9612	30.6708	0.138727	0.0961626
14.3285	32.6965	0.134784	0.0967426
12.8447	30.6708	0.130342	0.0964144
15.7173	29.727	0.129716	0.0962722
18.6835	32.5943	0.134214	0.0968393
14.3285	32.6965	0.134784	0.0967426
15.7173	29.727	0.129716	0.0962722
15.8122	34.7222	0.128998	0.0931005
12.7112	34.5275	0.130706	0.0975974
14.3285	32.6965	0.134784	0.0967426
18.0114	27.1222	0.131422	0.0961097
20.3799	24.7062	0.131727	0.0959294
22.0277	27.6505	0.134864	0.0959089
3.40821	33.9432	0.129868	0.0973792
3.69504	30.482	0.133317	0.096169
6.43263	33.3637	0.129856	0.0968813
46.8077	43.1354	0.141359	0.126013
43.6923	43.1354	0.135045	0.124208
46.8798	40.196	0.130674	0.116218
49.9231	43.1354	0.134964	0.125585
46.8077	43.1354	0.141359	0.126013
46.8798	40.196	0.130674	0.116218
46.2717	49.3292	0.141989	0.126796
49.3105	49.3292	0.15462	0.128567
48.7787	52.3495	0.144666	0.12486
43.5196	46.2515	0.145961	0.129388
46.2717	49.3292	0.141989	0.126796
43.2329	49.3292	0.142021	0.128554
40.433	46.2515	0.135868	0.128167
43.5196	46.2515	0.145961	0.129388
43.2329	49.3292	0.142021	0.128554
43.6923	43.1354	0.135045	0.124208
46.8077	43.1354	0.141359	0.126013
46.6062	46.2515	0.150424	0.129087
46.6062	46.2515	0.150424	0.129087
49.3105	49.3292	0.15462	0.128567
46.2717	49.3292	0.141989	0.126796
6.30769	36.8646	0.132323	0.0997634
6.43263	33.3637	0.129856	0.0968813
9.42308	36.8646	0.130066	0.0996175
3.125	40	0.131736	0.107045
3.19231	36.8646	0.130376	0.100572
6.24038	39.6081	0.136162	0.104874
3.40821	33.9432	0.129868	0.0973792
6.43263	33.3637	0.129856	0.0968813
6.30769	36.8646	0.132323	0.0997634
0.307214	33.7485	0.134243	0.097525
3.40821	33.9432	0.129868	0.0973792
3.19231	36.8646	0.130376	0.100572
0.307214	33.7485	0.134243	0.097525
0.68946	30.6708	0.133932	0.0961905
3.40821	33.9432	0.129868	0.0973792
