25	30.6708	0.102835	0.0755736
28.0866	33.7485	0.103095	0.0765439
25.1151	35.3065	0.102307	0.076619
22.0277	27.6505	0.102251	0.0751824
25	30.6708	0.102835	0.0755736
21.9612	30.6708	0.102556	0.0755529
26.689	28.4246	0.102531	0.075136
28.269	26.3624	0.102652	0.0750624
30.7452	28.7831	0.10139	0.0752081
25	30.6708	0.102835	0.0755736
26.689	28.4246	0.102531	0.075136
28.0388	30.6708	0.102319	0.075418
25.3391	26.1784	0.102754	0.0750584
28.269	26.3624	0.102652	0.0750624
26.689	28.4246	0.102531	0.075136
28.0388	30.6708	0.102319	0.075418
30.9343	31.8249	0.101327	0.0756632
28.0866	33.7485	0.103095	0.0765439
22.0277	27.6505	0.102251	0.0751824
26.689	28.4246	0.102531	0.075136
25	30.6708	0.102835	0.0755736
30.7452	28.7831	0.10139	0.0752081
30.9343	31.8249	0.101327	0.0756632
28.0388	30.6708	0.102319	0.075418
26.689	28.4246	0.102531	0.075136
30.7452	28.7831	0.10139	0.0752081
28.0388	30.6708	0.102319	0.075418
26.1025	23.1861	0.103452	0.0750784
28.269	26.3624	0.102652	0.0750624
25.3391	26.1784	0.102754	0.0750584
29.1279	22.9961	0.103146	0.0751356
32.7002	24.7062	0.101361	0.0752327
31.199	26.5464	0.101646	0.0751531
33.7508	28.5944	0.100257	0.0753203
30.9343	31.8249	0.101327	0.0756632
30.7452	28.7831	0.10139	0.0752081
31.199	26.5464	0.101646	0.0751531
33.7508	28.5944	0.100257	0.0753203
30.7452	28.7831	0.10139	0.0752081
37.4615	36.8646	0.101503	0.0789814
40.433	33.7485	0.101667	0.0765168
40.5769	36.8646	0.101531	0.0788322
36.8893	27.6505	0.100299	0.075504
37.1553	30.6708	0.100277	0.0757379
33.7508	28.5944	0.100257	0.0753203
36.8893	27.6505	0.100299	0.075504
39.9888	27.0985	0.101114	0.0756161
40.1941	30.6708	0.101289	0.0758053
34.9506	19.1174	0.101153	0.0753875
34.4425	16.5071	0.0999633	0.0753651
37.1403	16.5071	0.0999822	0.0753182
38.204	22.4261	0.10128	0.0754246
35.1786	22.6161	0.101086	0.0753705
36.4861	20.8667	0.101118	0.075389
32.1075	19.1174	0.101655	0.0753534
28.8815	20.2128	0.102699	0.0752341
28.6113	17.5512	0.101413	0.0753156
38.204	22.4261	0.10128	0.0754246
35.7802	24.7062	0.100737	0.0753904
35.1786	22.6161	0.101086	0.0753705
32.7002	24.7062	0.101361	0.0752327
29.1279	22.9961	0.103146	0.0751356
32.4267	21.856	0.101802	0.0752994
45.7731	27.8393	0.102236	0.0757103
48.1005	24.7062	0.102028	0.0755382
48.7787	27.6505	0.102048	0.0757075
38.8603	24.7062	0.100945	0.075503
41.2294	22.236	0.101511	0.0753976
41.9404	24.7062	0.101611	0.0755275
38.8603	24.7062	0.100945	0.075503
38.204	22.4261	0.10128	0.0754246
41.2294	22.236	0.101511	0.0753976
36.8893	27.6505	0.100299	0.075504
38.8603	24.7062	0.100945	0.075503
39.9888	27.0985	0.101114	0.0756161
35.7802	24.7062	0.100737	0.0753904
38.204	22.4261	0.10128	0.0754246
38.8603	24.7062	0.100945	0.075503
33.7508	28.5944	0.100257	0.0753203
35.7802	24.7062	0.100737	0.0753904
36.8893	27.6505	0.100299	0.075504
32.7002	24.7062	0.101361	0.0752327
32.4267	21.856	0.101802	0.0752994
35.1786	22.6161	0.101086	0.0753705
37.7936	19.1174	0.101039	0.0753481
40.5089	19.4825	0.101255	0.0752974
38.204	22.4261	0.10128	0.0754246
35.1786	22.6161	0.101086	0.0753705
32.4267	21.856	0.101802	0.0752994
34.9506	19.1174	0.101153	0.0753875
36.4861	20.8667	0.101118	0.075389
35.1786	22.6161	0.101086	0.0753705
34.9506	19.1174	0.101153	0.0753875
37.7936	19.1174	0.101039	0.0753481
36.4861	20.8667	0.101118	0.075389
34.9506	19.1174	0.101153	0.0753875
37.7936	19.1174	0.101039	0.0753481
38.204	22.4261	0.10128	0.0754246
36.4861	20.8667	0.101118	0.075389
35.7802	24.7062	0.100737	0.0753904
32.7002	24.7062	0.101361	0.0752327
35.1786	22.6161	0.101086	0.0753705
33.7508	28.5944	0.100257	0.0753203
32.7002	24.7062	0.101361	0.0752327
35.7802	24.7062	0.100737	0.0753904
29.1279	22.9961	0.103146	0.0751356
28.8815	20.2128	0.102699	0.0752341
32.4267	21.856	0.101802	0.0752994
37.1403	16.5071	0.0999822	0.0753182
39.693	16.8552	0.100254	0.0752548
37.7936	19.1174	0.101039	0.0753481
44.3095	21.856	0.101836	0.0753391
47.2801	21.856	0.101961	0.0753506
45.0204	24.7062	0.102128	0.0755172
41.9404	24.7062	0.101611	0.0755275
44.3095	21.856	0.101836	0.0753391
45.0204	24.7062	0.102128	0.0755172
43.4158	19.3	0.101293	0.07523
46.3226	19.1174	0.101399	0.0752165
44.3095	21.856	0.101836	0.0753391
28.0866	46.2515	0.105038	0.0983711
31.0776	49.3292	0.103894	0.0992614
28.0388	49.3292	0.103657	0.0992391
25	43.1354	0.102199	0.0919472
28.1154	43.1354	0.105409	0.094629
28.0866	46.2515	0.105038	0.0983711
37.3464	46.2515	0.104234	0.0978073
34.3294	43.6157	0.104167	0.095451
37.5191	43.9145	0.103863	0.0953166
31.226	43.7137	0.104724	0.0956985
31.2788	41.1758	0.10415	0.0916351
34.3294	43.6157	0.104167	0.095451
28.0866	46.2515	0.105038	0.0983711
31.226	43.7137	0.104724	0.0956985
31.1732	46.2515	0.104854	0.0981892
28.1154	43.1354	0.105409	0.094629
31.2788	41.1758	0.10415	0.0916351
31.226	43.7137	0.104724	0.0956985
25	46.2515	0.10342	0.0975361
25	43.1354	0.102199	0.0919472
28.0866	46.2515	0.105038	0.0983711
28.125	40	0.103416	0.083486
31.2788	41.1758	0.10415	0.0916351
28.1154	43.1354	0.105409	0.094629
28.125	40	0.103416	0.083486
31.2019	38.0404	0.103139	0.0812114
31.2788	41.1758	0.10415	0.0916351
31.2019	38.0404	0.103139	0.0812114
34.399	40.9798	0.103502	0.0909149
31.2788	41.1758	0.10415	0.0916351
28.0866	33.7485	0.103095	0.0765439
31.3171	35.696	0.102307	0.0781235
28.1154	36.8646	0.10379	0.079354
37.3464	33.7485	0.1007	0.0765645
37.1553	30.6708	0.100277	0.0757379
40.1941	30.6708	0.101289	0.0758053
37.4615	36.8646	0.101503	0.0789814
37.3464	33.7485	0.1007	0.0765645
40.433	33.7485	0.101667	0.0765168
37.4615	36.8646	0.101503	0.0789814
34.3221	37.8444	0.102135	0.0806699
34.1596	34.7385	0.100986	0.0772315
34.1596	34.7385	0.100986	0.0772315
33.997	31.6326	0.100336	0.0757822
37.3464	33.7485	0.1007	0.0765645
31.3171	35.696	0.102307	0.0781235
34.1596	34.7385	0.100986	0.0772315
34.3221	37.8444	0.102135	0.0806699
31.3171	35.696	0.102307	0.0781235
30.9343	31.8249	0.101327	0.0756632
34.1596	34.7385	0.100986	0.0772315
30.9343	31.8249	0.101327	0.0756632
33.7508	28.5944	0.100257	0.0753203
33.997	31.6326	0.100336	0.0757822
40.433	46.2515	0.104473	0.0977025
40.6201	43.7197	0.103543	0.0950085
43.5196	46.2515	0.1059	0.0978617
46.8029	37.0605	0.100358	0.0797406
43.75	40	0.101891	0.0838797
43.6827	37.2565	0.101253	0.0795378
49.9231	43.1354	0.103868	0.0951198
46.8798	40.196	0.101463	0.0897825
50	40	0.100974	0.0846546
49.9231	43.1354	0.103868	0.0951198
49.6928	46.2515	0.107231	0.0983978
46.8077	43.1354	0.104252	0.0950352
25	43.1354	0.102199	0.0919472
25	46.2515	0.10342	0.0975361
22.0142	44.8882	0.0972635	0.0906321
25	40	0.0984933	0.0792039
25	43.1354	0.102199	0.0919472
21.9183	41.7637	0.0866185	0.0768224
25	40	0.0984933	0.0792039
28.1154	43.1354	0.105409	0.094629
25	43.1354	0.102199	0.0919472
31.2019	38.0404	0.103139	0.0812114
28.125	40	0.103416	0.083486
28.1154	36.8646	0.10379	0.079354
28.1154	43.1354	0.105409	0.094629
31.226	43.7137	0.104724	0.0956985
28.0866	46.2515	0.105038	0.0983711
18.7981	41.9596	0.0730227	0.0652488
15.601	39.0202	0.073537	0.0589905
18.7212	38.8242	0.067419	0.0538374
17.2523	44.2036	0.0916497	0.0835022
15.7402	46.2515	0.10282	0.0939446
14.1489	44.3016	0.101583	0.0908783
18.7981	41.9596	0.0730227	0.0652488
17.2523	44.2036	0.0916497	0.0835022
15.6779	42.1556	0.0871749	0.0772034
18.8268	46.2515	0.0994874	0.0929125
15.7402	46.2515	0.10282	0.0939446
17.2523	44.2036	0.0916497	0.0835022
21.7462	47.598	0.102116	0.0975651
18.8268	46.2515	0.0994874	0.0929125
22.0142	44.8882	0.0972635	0.0906321
21.7462	47.598	0.102116	0.0975651
18.9224	49.3292	0.10321	0.0981715
18.8268	46.2515	0.0994874	0.0929125
15.6779	42.1556	0.0871749	0.0772034
15.601	39.0202	0.073537	0.0589905
18.7981	41.9596	0.0730227	0.0652488
18.8268	46.2515	0.0994874	0.0929125
17.2523	44.2036	0.0916497	0.0835022
18.7981	41.9596	0.0730227	0.0652488
14.1489	44.3016	0.101583	0.0908783
12.6536	46.2515	0.105625	0.0955789
12.5577	42.3516	0.10136	0.0887204
15.6779	42.1556	0.0871749	0.0772034
14.1489	44.3016	0.101583	0.0908783
12.5577	42.3516	0.10136	0.0887204
15.7402	46.2515	0.10282	0.0939446
12.6536	46.2515	0.105625	0.0955789
14.1489	44.3016	0.101583	0.0908783
12.7118	50.0843	0.105386	0.097658
12.6536	46.2515	0.105625	0.0955789
15.8835	49.3292	0.104962	0.0978499
16.083	52.3495	0.103383	0.0985623
13.1107	52.3495	0.103857	0.0980932
15.8835	49.3292	0.104962	0.0978499
18.9224	49.3292	0.10321	0.0981715
16.083	52.3495	0.103383	0.0985623
15.8835	49.3292	0.104962	0.0978499
13.1107	52.3495	0.103857	0.0980932
10.6893	54.7417	0.100467	0.0978304
10.1383	52.3495	0.103749	0.0978584
15.8835	49.3292	0.104962	0.0978499
13.1107	52.3495	0.103857	0.0980932
12.7118	50.0843	0.105386	0.097658
14.2198	55.2938	0.100207	0.0987638
10.6893	54.7417	0.100467	0.0978304
13.1107	52.3495	0.103857	0.0980932
17.0264	56.2438	0.0997198	0.0994197
14.2198	55.2938	0.100207	0.0987638
16.083	52.3495	0.103383	0.0985623
17.2808	59.0298	0.094835	0.100587
17.5295	61.7527	0.0857431	0.101292
15.0494	60.8826	0.0865174	0.100139
17.0264	56.2438	0.0997198	0.0994197
17.2808	59.0298	0.094835	0.100587
14.6026	58.144	0.095378	0.0994545
17.0264	56.2438	0.0997198	0.0994197
20.0518	56.4338	0.100168	0.0994831
17.2808	59.0298	0.094835	0.100587
7.16598	52.3495	0.104574	0.0982484
8.05963	55.2938	0.100299	0.097763
4.92487	55.4838	0.102342	0.0987057
6.76709	49.3292	0.105472	0.0978263
7.16598	52.3495	0.104574	0.0982484
4.19365	52.3495	0.105659	0.0989835
10.1383	52.3495	0.103749	0.0978584
8.05963	55.2938	0.100299	0.097763
7.16598	52.3495	0.104574	0.0982484
12.7118	50.0843	0.105386	0.097658
10.1383	52.3495	0.103749	0.0978584
9.70619	49.8955	0.105072	0.0975495
10.6893	54.7417	0.100467	0.0978304
8.05963	55.2938	0.100299	0.097763
10.1383	52.3495	0.103749	0.0978584
12.5577	42.3516	0.10136	0.0887204
12.5	40	0.095359	0.0769749
15.6779	42.1556	0.0871749	0.0772034
9.61019	45.6673	0.105725	0.0956302
12.5577	42.3516	0.10136	0.0887204
12.6536	46.2515	0.105625	0.0955789
9.61019	45.6673	0.105725	0.0956302
6.31731	42.7435	0.104329	0.0923189
9.4375	42.5475	0.104742	0.091758
-3.10282e-28	40	0.101448	0.0891011
3.125	40	0.101816	0.0837451
3.19711	42.9395	0.102998	0.0930034
-3.10282e-28	40	0.101448	0.0891011
0.076922	36.8646	0.100777	0.0797717
3.125	40	0.101816	0.0837451
46.6062	46.2515	0.107134	0.0981536
46.2717	49.3292	0.107904	0.0982374
43.5196	46.2515	0.1059	0.0978617
43.6923	43.1354	0.103631	0.0945293
46.6062	46.2515	0.107134	0.0981536
43.5196	46.2515	0.1059	0.0978617
49.6928	46.2515	0.107231	0.0983978
49.3105	49.3292	0.108928	0.0985027
46.6062	46.2515	0.107134	0.0981536
27.4517	72.3429	0.0792649	0.0809881
25	72.3429	0.0792102	0.0812355
27.0253	69.2491	0.0795757	0.0915362
24.7277	76.3587	0.0790469	0.0768602
26.189	74.0896	0.0791942	0.0787517
27.2733	75.6267	0.0792408	0.0772505
24.7277	76.3587	0.0790469	0.0768602
23.0327	74.7883	0.0789795	0.0782015
26.189	74.0896	0.0791942	0.0787517
23.0339	79.8761	0.0788511	0.0759538
21.0802	79.5053	0.0787215	0.0761018
21.6827	78.0345	0.078752	0.0762447
19.6759	76.9444	0.0786889	0.0765955
19.0551	74.0896	0.0788624	0.0788357
21.4331	74.0896	0.0789376	0.0789424
19.6759	76.9444	0.0786889	0.0765955
18.1801	75.6267	0.0787448	0.0774306
19.0551	74.0896	0.0788624	0.0788357
21.4331	74.0896	0.0789376	0.0789424
23.0327	74.7883	0.0789795	0.0782015
22.3999	76.5052	0.0788485	0.0768971
20.0967	72.3429	0.0790496	0.081396
22.5483	72.3429	0.0791253	0.0814788
21.4331	74.0896	0.0789376	0.0789424
16.5527	73.7985	0.0788491	0.0789779
17.645	72.3429	0.0789796	0.0810534
19.0551	74.0896	0.0788624	0.0788357
19.193	69.7412	0.0793759	0.0910447
21.8037	69.5771	0.0794523	0.0917544
20.0967	72.3429	0.0790496	0.081396
21.8037	69.5771	0.0794523	0.0917544
23.75	70.3973	0.0793761	0.0849
22.5483	72.3429	0.0791253	0.0814788
21.6827	78.0345	0.078752	0.0762447
19.1515	78.89	0.0786442	0.0762156
19.6759	76.9444	0.0786889	0.0765955
22.3999	76.5052	0.0788485	0.0768971
19.6759	76.9444	0.0786889	0.0765955
21.4331	74.0896	0.0789376	0.0789424
22.3999	76.5052	0.0788485	0.0768971
21.6827	78.0345	0.078752	0.0762447
19.6759	76.9444	0.0786889	0.0765955
24.7277	76.3587	0.0790469	0.0768602
22.3999	76.5052	0.0788485	0.0768971
23.0327	74.7883	0.0789795	0.0782015
24.7277	76.3587	0.0790469	0.0768602
24.9752	78.5234	0.0790409	0.0760492
23.329	78.279	0.0788831	0.0761512
21.0802	79.5053	0.0787215	0.0761018
19.1515	78.89	0.0786442	0.0762156
21.6827	78.0345	0.078752	0.0762447
25	80	0.0790389	0.0759297
24.9752	78.5234	0.0790409	0.0760492
26.9661	79.8761	0.0792153	0.0758533
19.6759	76.9444	0.0786889	0.0765955
19.1515	78.89	0.0786442	0.0762156
17.2597	78.0345	0.0786594	0.0765078
28.3173	78.0345	0.0793131	0.0760797
30.8485	78.89	0.0793579	0.0761154
28.9198	79.5053	0.0793242	0.075961
18.1801	75.6267	0.0787448	0.0774306
19.6759	76.9444	0.0786889	0.0765955
17.2597	78.0345	0.0786594	0.0765078
15.4167	76.9444	0.0787239	0.0769851
18.1801	75.6267	0.0787448	0.0774306
17.2597	78.0345	0.0786594	0.0765078
23.0327	74.7883	0.0789795	0.0782015
21.4331	74.0896	0.0789376	0.0789424
22.5483	72.3429	0.0791253	0.0814788
15.4167	76.9444	0.0787239	0.0769851
16.5527	73.7985	0.0788491	0.0789779
18.1801	75.6267	0.0787448	0.0774306
20.0967	72.3429	0.0790496	0.081396
21.8037	69.5771	0.0794523	0.0917544
22.5483	72.3429	0.0791253	0.0814788
15.4167	76.9444	0.0787239	0.0769851
13.6336	75.6267	0.0788038	0.0784057
14.237	73.9441	0.0788399	0.079188
29.3832	76.0659	0.0793175	0.0768853
31.3712	77.1646	0.079336	0.0764955
28.3173	78.0345	0.0793131	0.0760797
31.9219	75.3472	0.0792567	0.0773721
34.5833	76.9444	0.0792308	0.0770231
32.7403	78.0345	0.0793263	0.0764197
14.237	73.9441	0.0788399	0.079188
11.9212	74.0896	0.0788333	0.0802329
12.7417	72.3429	0.0788545	0.0815082
11.25	70.3973	0.0788604	0.0850923
12.7417	72.3429	0.0788545	0.0815082
10.2901	72.3429	0.0788189	0.0831987
17.645	72.3429	0.0789796	0.0810534
16.5527	73.7985	0.0788491	0.0789779
15.1934	72.3429	0.0789158	0.0809282
19.193	69.7412	0.0793759	0.0910447
17.645	72.3429	0.0789796	0.0810534
16.25	70.3973	0.0791201	0.0843094
20.0967	72.3429	0.0790496	0.081396
19.0551	74.0896	0.0788624	0.0788357
17.645	72.3429	0.0789796	0.0810534
19.0551	74.0896	0.0788624	0.0788357
18.1801	75.6267	0.0787448	0.0774306
16.5527	73.7985	0.0788491	0.0789779
32.355	72.3429	0.0790185	0.0804699
34.8066	72.3429	0.0785484	0.0801512
33.3228	74.0896	0.079046	0.078359
33.3228	74.0896	0.079046	0.078359
31.9219	75.3472	0.0792567	0.0773721
30.9297	73.8705	0.0792181	0.0786529
35.7008	74.0896	0.0787601	0.0786587
33.3228	74.0896	0.079046	0.078359
34.8066	72.3429	0.0785484	0.0801512
34.5833	76.9444	0.0792308	0.0770231
31.9219	75.3472	0.0792567	0.0773721
33.3228	74.0896	0.079046	0.078359
17.4187	68.2649	0.0796279	0.0937725
14.8915	68.2649	0.079339	0.0932967
16.8484	65.9587	0.0805592	0.0979152
16.25	70.3973	0.0791201	0.0843094
13.513	70.6966	0.0789365	0.0837704
14.8915	68.2649	0.079339	0.0932967
19.193	69.7412	0.0793759	0.0910447
16.25	70.3973	0.0791201	0.0843094
17.4187	68.2649	0.0796279	0.0937725
15.1934	72.3429	0.0789158	0.0809282
14.237	73.9441	0.0788399	0.079188
12.7417	72.3429	0.0788545	0.0815082
17.645	72.3429	0.0789796	0.0810534
15.1934	72.3429	0.0789158	0.0809282
16.25	70.3973	0.0791201	0.0843094
16.5527	73.7985	0.0788491	0.0789779
14.237	73.9441	0.0788399	0.079188
15.1934	72.3429	0.0789158	0.0809282
12.7417	72.3429	0.0788545	0.0815082
11.25	70.3973	0.0788604	0.0850923
13.513	70.6966	0.0789365	0.0837704
8.74996	70.3973	0.0788345	0.086971
11.25	70.3973	0.0788604	0.0850923
10.2901	72.3429	0.0788189	0.0831987
12.3644	68.2649	0.0791215	0.0932589
13.846	66.4528	0.079827	0.0962423
14.8915	68.2649	0.079339	0.0932967
9.83732	68.2649	0.0789819	0.0941834
12.3644	68.2649	0.0791215	0.0932589
11.25	70.3973	0.0788604	0.0850923
9.83732	68.2649	0.0789819	0.0941834
11.414	65.9587	0.0796936	0.0967819
12.3644	68.2649	0.0791215	0.0932589
9.83732	68.2649	0.0789819	0.0941834
11.25	70.3973	0.0788604	0.0850923
8.74996	70.3973	0.0788345	0.086971
14.8915	68.2649	0.079339	0.0932967
13.513	70.6966	0.0789365	0.0837704
12.3644	68.2649	0.0791215	0.0932589
15.1934	72.3429	0.0789158	0.0809282
12.7417	72.3429	0.0788545	0.0815082
13.513	70.6966	0.0789365	0.0837704
15.4167	76.9444	0.0787239	0.0769851
14.237	73.9441	0.0788399	0.079188
16.5527	73.7985	0.0788491	0.0789779
13.6336	75.6267	0.0788038	0.0784057
11.9212	74.0896	0.0788333	0.0802329
14.237	73.9441	0.0788399	0.079188
11.9212	74.0896	0.0788333	0.0802329
10.2901	72.3429	0.0788189	0.0831987
12.7417	72.3429	0.0788545	0.0815082
7.31021	68.2649	0.0790564	0.0957028
9.83732	68.2649	0.0789819	0.0941834
8.74996	70.3973	0.0788345	0.086971
7.31021	68.2649	0.0790564	0.0957028
5.97957	65.9587	0.079993	0.0978169
8.78345	65.7825	0.0796382	0.0972394
28.3173	78.0345	0.0793131	0.0760797
28.9198	79.5053	0.0793242	0.075961
26.9661	79.8761	0.0792153	0.0758533
31.3712	77.1646	0.079336	0.0764955
31.9219	75.3472	0.0792567	0.0773721
32.7403	78.0345	0.0793263	0.0764197
28.3173	78.0345	0.0793131	0.0760797
31.3712	77.1646	0.079336	0.0764955
30.8485	78.89	0.0793579	0.0761154
29.3832	76.0659	0.0793175	0.0768853
31.9219	75.3472	0.0792567	0.0773721
31.3712	77.1646	0.079336	0.0764955
27.2733	75.6267	0.0792408	0.0772505
29.3832	76.0659	0.0793175	0.0768853
28.3173	78.0345	0.0793131	0.0760797
28.5669	74.0896	0.0792672	0.078573
29.9033	72.3429	0.0791845	0.0806978
30.9297	73.8705	0.0792181	0.0786529
27.2733	75.6267	0.0792408	0.0772505
28.5669	74.0896	0.0792672	0.078573
29.3832	76.0659	0.0793175	0.0768853
27.2733	75.6267	0.0792408	0.0772505
26.189	74.0896	0.0791942	0.0787517
28.5669	74.0896	0.0792672	0.078573
26.2439	77.6257	0.0791661	0.0762516
27.2733	75.6267	0.0792408	0.0772505
28.3173	78.0345	0.0793131	0.0760797
26.9661	79.8761	0.0792153	0.0758533
26.2439	77.6257	0.0791661	0.0762516
28.3173	78.0345	0.0793131	0.0760797
24.9752	78.5234	0.0790409	0.0760492
24.7277	76.3587	0.0790469	0.0768602
26.2439	77.6257	0.0791661	0.0762516
31.0572	70.658	0.0791582	0.0834043
30.0542	68.2649	0.0793167	0.0926535
32.2468	68.921	0.076415	0.0881739
31.0572	70.658	0.0791582	0.0834043
28.75	70.3973	0.0792903	0.084116
30.0542	68.2649	0.0793167	0.0926535
33.75	70.3973	0.0760194	0.080309
31.0572	70.658	0.0791582	0.0834043
32.2468	68.921	0.076415	0.0881739
29.9033	72.3429	0.0791845	0.0806978
28.75	70.3973	0.0792903	0.084116
31.0572	70.658	0.0791582	0.0834043
30.9297	73.8705	0.0792181	0.0786529
29.9033	72.3429	0.0791845	0.0806978
32.355	72.3429	0.0790185	0.0804699
33.3228	74.0896	0.079046	0.078359
30.9297	73.8705	0.0792181	0.0786529
32.355	72.3429	0.0790185	0.0804699
31.9219	75.3472	0.0792567	0.0773721
29.3832	76.0659	0.0793175	0.0768853
30.9297	73.8705	0.0792181	0.0786529
28.5669	74.0896	0.0792672	0.078573
26.189	74.0896	0.0791942	0.0787517
27.4517	72.3429	0.0792649	0.0809881
25	72.3429	0.0792102	0.0812355
23.75	70.3973	0.0793761	0.0849
27.0253	69.2491	0.0795757	0.0915362
26.9661	79.8761	0.0792153	0.0758533
24.9752	78.5234	0.0790409	0.0760492
26.2439	77.6257	0.0791661	0.0762516
27.0253	69.2491	0.0795757	0.0915362
24.3347	67.1118	0.0803252	0.0961173
26.9568	67.2765	0.0801897	0.0952237
19.0904	66.7823	0.0803882	0.0968924
19.999	65.078	0.0818023	0.0994505
22.2828	65.9587	0.0809698	0.0984151
17.4187	68.2649	0.0796279	0.0937725
19.0904	66.7823	0.0803882	0.0968924
19.193	69.7412	0.0793759	0.0910447
17.4187	68.2649	0.0796279	0.0937725
16.8484	65.9587	0.0805592	0.0979152
19.0904	66.7823	0.0803882	0.0968924
27.4517	72.3429	0.0792649	0.0809881
28.75	70.3973	0.0792903	0.084116
29.9033	72.3429	0.0791845	0.0806978
28.5669	74.0896	0.0792672	0.078573
27.4517	72.3429	0.0792649	0.0809881
29.9033	72.3429	0.0791845	0.0806978
26.189	74.0896	0.0791942	0.0787517
25	72.3429	0.0792102	0.0812355
27.4517	72.3429	0.0792649	0.0809881
27.0253	69.2491	0.0795757	0.0915362
26.9568	67.2765	0.0801897	0.0952237
30.0542	68.2649	0.0793167	0.0926535
27.4517	72.3429	0.0792649	0.0809881
27.0253	69.2491	0.0795757	0.0915362
28.75	70.3973	0.0792903	0.084116
23.75	70.3973	0.0793761	0.0849
24.3347	67.1118	0.0803252	0.0961173
27.0253	69.2491	0.0795757	0.0915362
34.8233	67.7707	0.0238165	0.027374
37.4455	67.9354	0.0697612	0.0811835
36.25	70.3973	0.0745839	0.0787953
31.3712	77.1646	0.079336	0.0764955
32.7403	78.0345	0.0793263	0.0764197
30.8485	78.89	0.0793579	0.0761154
23.329	78.279	0.0788831	0.0761512
22.3999	76.5052	0.0788485	0.0768971
24.7277	76.3587	0.0790469	0.0768602
23.0339	79.8761	0.0788511	0.0759538
23.329	78.279	0.0788831	0.0761512
24.9752	78.5234	0.0790409	0.0760492
21.6827	78.0345	0.078752	0.0762447
22.3999	76.5052	0.0788485	0.0768971
23.329	78.279	0.0788831	0.0761512
21.6827	78.0345	0.078752	0.0762447
23.329	78.279	0.0788831	0.0761512
23.0339	79.8761	0.0788511	0.0759538
25	72.3429	0.0792102	0.0812355
26.189	74.0896	0.0791942	0.0787517
23.0327	74.7883	0.0789795	0.0782015
27.2733	75.6267	0.0792408	0.0772505
26.2439	77.6257	0.0791661	0.0762516
24.7277	76.3587	0.0790469	0.0768602
25	80	0.0790389	0.0759297
23.0339	79.8761	0.0788511	0.0759538
24.9752	78.5234	0.0790409	0.0760492
35.7008	74.0896	0.0787601	0.0786587
37.3942	72.4885	0.0777005	0.0797737
38.0788	74.0896	0.0782019	0.0792775
34.5833	76.9444	0.0792308	0.0770231
35.7008	74.0896	0.0787601	0.0786587
36.3664	75.6267	0.0789085	0.0781997
34.8066	72.3429	0.0785484	0.0801512
37.3942	72.4885	0.0777005	0.0797737
35.7008	74.0896	0.0787601	0.0786587
34.5833	76.9444	0.0792308	0.0770231
33.3228	74.0896	0.079046	0.078359
35.7008	74.0896	0.0787601	0.0786587
33.75	70.3973	0.0760194	0.080309
36.25	70.3973	0.0745839	0.0787953
34.8066	72.3429	0.0785484	0.0801512
35.7008	74.0896	0.0787601	0.0786587
38.0788	74.0896	0.0782019	0.0792775
36.3664	75.6267	0.0789085	0.0781997
37.4455	67.9354	0.0697612	0.0811835
38.75	70.3973	0.0750969	0.0799655
36.25	70.3973	0.0745839	0.0787953
39.7099	72.3429	0.0763814	0.0798566
38.0788	74.0896	0.0782019	0.0792775
37.3942	72.4885	0.0777005	0.0797737
36.25	70.3973	0.0745839	0.0787953
33.75	70.3973	0.0760194	0.080309
34.8233	67.7707	0.0238165	0.027374
37.3942	72.4885	0.0777005	0.0797737
36.25	70.3973	0.0745839	0.0787953
38.75	70.3973	0.0750969	0.0799655
37.3942	72.4885	0.0777005	0.0797737
34.8066	72.3429	0.0785484	0.0801512
36.25	70.3973	0.0745839	0.0787953
15.5575	63.4929	0.0827916	0.0998269
16.8484	65.9587	0.0805592	0.0979152
13.846	66.4528	0.079827	0.0962423
11.414	65.9587	0.0796936	0.0967819
12.8597	63.4929	0.0818863	0.0986742
13.846	66.4528	0.079827	0.0962423
15.0494	60.8826	0.0865174	0.100139
17.5295	61.7527	0.0857431	0.101292
15.5575	63.4929	0.0827916	0.0998269
15.5575	63.4929	0.0827916	0.0998269
17.5295	61.7527	0.0857431	0.101292
16.8484	65.9587	0.0805592	0.0979152
11.6319	58.144	0.0942134	0.0980437
14.6026	58.144	0.095378	0.0994545
12.3979	60.3349	0.0863275	0.0988334
14.6026	58.144	0.095378	0.0994545
17.2808	59.0298	0.094835	0.100587
15.0494	60.8826	0.0865174	0.100139
20.363	63.0044	0.084423	0.101075
19.999	65.078	0.0818023	0.0994505
17.5295	61.7527	0.0857431	0.101292
20.7355	60.8826	0.0880848	0.101414
20.363	63.0044	0.084423	0.101075
17.5295	61.7527	0.0857431	0.101292
20.7355	60.8826	0.0880848	0.101414
23.0704	62.1007	0.0857841	0.101037
20.363	63.0044	0.084423	0.101075
11.6319	58.144	0.0942134	0.0980437
10.6893	54.7417	0.100467	0.0978304
14.2198	55.2938	0.100207	0.0987638
9.3634	60.8826	0.0847872	0.0975505
11.6319	58.144	0.0942134	0.0980437
12.3979	60.3349	0.0863275	0.0988334
8.66123	58.144	0.0940298	0.0972647
10.6893	54.7417	0.100467	0.0978304
11.6319	58.144	0.0942134	0.0980437
5.69054	58.144	0.0961785	0.0978847
4.92487	55.4838	0.102342	0.0987057
8.05963	55.2938	0.100299	0.097763
6.4478	61.0566	0.0855439	0.0976416
5.69054	58.144	0.0961785	0.0978847
8.66123	58.144	0.0940298	0.0972647
3.67737	60.8826	0.0879799	0.0980224
2.71986	58.144	0.0988026	0.0984841
5.69054	58.144	0.0961785	0.0978847
36.8222	64.0212	0.0703546	0.081995
39.6261	63.8451	0.0700521	0.0810275
38.586	65.9587	0.0683994	0.08028
34.1521	62.7968	0.0781954	0.0910801
36.8222	64.0212	0.0703546	0.081995
35.8688	65.9587	0.0689207	0.0816412
37.7936	60.8826	0.0793091	0.0871469
39.6261	63.8451	0.0700521	0.0810275
36.8222	64.0212	0.0703546	0.081995
38.75	70.3973	0.0750969	0.0799655
40.1627	68.2649	0.0712959	0.0829212
41.25	70.3973	0.0735086	0.0795444
37.3942	72.4885	0.0777005	0.0797737
38.75	70.3973	0.0750969	0.0799655
39.7099	72.3429	0.0763814	0.0798566
37.4455	67.9354	0.0697612	0.0811835
40.1627	68.2649	0.0712959	0.0829212
38.75	70.3973	0.0750969	0.0799655
35.8688	65.9587	0.0689207	0.0816412
37.4455	67.9354	0.0697612	0.0811835
34.8233	67.7707	0.0238165	0.027374
33.1516	65.9587	0.0749491	0.089507
35.8688	65.9587	0.0689207	0.0816412
34.8233	67.7707	0.0238165	0.027374
34.1521	62.7968	0.0781954	0.0910801
34.9506	60.8826	0.0816844	0.0914094
36.8222	64.0212	0.0703546	0.081995
38.75	70.3973	0.0750969	0.0799655
41.25	70.3973	0.0735086	0.0795444
39.7099	72.3429	0.0763814	0.0798566
38.586	65.9587	0.0683994	0.08028
40.1627	68.2649	0.0712959	0.0829212
37.4455	67.9354	0.0697612	0.0811835
41.3032	65.9587	0.0702232	0.0828228
42.6898	68.2649	0.0714369	0.0840685
40.1627	68.2649	0.0712959	0.0829212
41.3032	65.9587	0.0702232	0.0828228
44.0204	65.9587	0.0733007	0.0867117
42.6898	68.2649	0.0714369	0.0840685
41.25	70.3973	0.0735086	0.0795444
40.1627	68.2649	0.0712959	0.0829212
42.6898	68.2649	0.0714369	0.0840685
36.8222	64.0212	0.0703546	0.081995
34.9506	60.8826	0.0816844	0.0914094
37.7936	60.8826	0.0793091	0.0871469
2.71986	58.144	0.0988026	0.0984841
4.92487	55.4838	0.102342	0.0987057
5.69054	58.144	0.0961785	0.0978847
8.66123	58.144	0.0940298	0.0972647
8.05963	55.2938	0.100299	0.097763
10.6893	54.7417	0.100467	0.0978304
6.4478	61.0566	0.0855439	0.0976416
8.66123	58.144	0.0940298	0.0972647
9.3634	60.8826	0.0847872	0.0975505
5.69054	58.144	0.0961785	0.0978847
8.05963	55.2938	0.100299	0.097763
8.66123	58.144	0.0940298	0.0972647
1.8995	55.2938	0.1043	0.0992394
4.92487	55.4838	0.102342	0.0987057
2.71986	58.144	0.0988026	0.0984841
1.8995	55.2938	0.1043	0.0992394
1.22131	52.3495	0.105969	0.0991163
4.19365	52.3495	0.105659	0.0989835
41.3032	65.9587	0.0702232	0.0828228
42.43	63.669	0.0752037	0.0871324
44.0204	65.9587	0.0733007	0.0867117
43.4796	60.8826	0.0857512	0.0932781
40.6366	60.8826	0.0812431	0.088692
41.4664	58.5091	0.0952172	0.0940661
45.2338	63.4929	0.0803	0.0917691
43.4796	60.8826	0.0857512	0.0932781
46.3226	60.8826	0.0895407	0.0957267
42.43	63.669	0.0752037	0.0871324
40.6366	60.8826	0.0812431	0.088692
43.4796	60.8826	0.0857512	0.0932781
41.4664	58.5091	0.0952172	0.0940661
38.5596	58.6917	0.0924832	0.0926859
38.8603	55.2938	0.102121	0.0969275
46.3226	60.8826	0.0895407	0.0957267
43.4796	60.8826	0.0857512	0.0932781
44.2548	57.954	0.0996742	0.0962358
42.43	63.669	0.0752037	0.0871324
39.6261	63.8451	0.0700521	0.0810275
40.6366	60.8826	0.0812431	0.088692
44.0204	65.9587	0.0733007	0.0867117
42.43	63.669	0.0752037	0.0871324
45.2338	63.4929	0.0803	0.0917691
36.8222	64.0212	0.0703546	0.081995
38.586	65.9587	0.0683994	0.08028
35.8688	65.9587	0.0689207	0.0816412
40.6366	60.8826	0.0812431	0.088692
39.6261	63.8451	0.0700521	0.0810275
37.7936	60.8826	0.0793091	0.0871469
38.586	65.9587	0.0683994	0.08028
37.4455	67.9354	0.0697612	0.0811835
35.8688	65.9587	0.0689207	0.0816412
41.3032	65.9587	0.0702232	0.0828228
38.586	65.9587	0.0683994	0.08028
39.6261	63.8451	0.0700521	0.0810275
41.3032	65.9587	0.0702232	0.0828228
40.1627	68.2649	0.0712959	0.0829212
38.586	65.9587	0.0683994	0.08028
32.2468	68.921	0.076415	0.0881739
30.4344	65.9587	0.0800536	0.0958211
33.1516	65.9587	0.0749491	0.089507
21.7285	50.6506	0.102705	0.0989659
19.0553	52.3495	0.102975	0.0989128
18.9224	49.3292	0.10321	0.0981715
21.7462	47.598	0.102116	0.0975651
21.7285	50.6506	0.102705	0.0989659
18.9224	49.3292	0.10321	0.0981715
15.8835	49.3292	0.104962	0.0978499
18.8268	46.2515	0.0994874	0.0929125
18.9224	49.3292	0.10321	0.0981715
22.0142	44.8882	0.0972635	0.0906321
25	46.2515	0.10342	0.0975361
21.7462	47.598	0.102116	0.0975651
24.7341	50.8393	0.102331	0.0993819
22.4091	54.0056	0.101571	0.0989586
21.7285	50.6506	0.102705	0.0989659
26.54	55.2938	0.0996019	0.0990946
26.4853	58.144	0.0960825	0.0997557
23.0771	56.6239	0.0991674	0.0993369
30.9447	52.3495	0.102173	0.0994178
29.6201	55.2938	0.0996529	0.0991776
27.9723	52.3495	0.101779	0.099216
26.4853	58.144	0.0960825	0.0997557
26.4215	60.8826	0.0875985	0.100592
24.0253	59.6046	0.0939203	0.100483
29.6201	55.2938	0.0996529	0.0991776
26.4853	58.144	0.0960825	0.0997557
26.54	55.2938	0.0996019	0.0990946
29.6201	55.2938	0.0996529	0.0991776
32.1533	57.1939	0.096859	0.0985323
29.839	59.2394	0.0937743	0.0996436
17.2808	59.0298	0.094835	0.100587
20.7355	60.8826	0.0880848	0.101414
17.5295	61.7527	0.0857431	0.101292
23.0771	56.6239	0.0991674	0.0993369
20.3936	58.6582	0.0963023	0.100449
20.0518	56.4338	0.100168	0.0994831
23.0771	56.6239	0.0991674	0.0993369
24.0253	59.6046	0.0939203	0.100483
20.3936	58.6582	0.0963023	0.100449
39.0601	41.8598	0.10287	0.0916215
37.5191	43.9145	0.103863	0.0953166
37.5	40	0.102524	0.0835765
40.625	40	0.102025	0.0834515
39.0601	41.8598	0.10287	0.0916215
37.5	40	0.102524	0.0835765
40.6201	43.7197	0.103543	0.0950085
37.5191	43.9145	0.103863	0.0953166
39.0601	41.8598	0.10287	0.0916215
40.6201	43.7197	0.103543	0.0950085
40.433	46.2515	0.104473	0.0977025
37.5191	43.9145	0.103863	0.0953166
43.6923	43.1354	0.103631	0.0945293
40.6201	43.7197	0.103543	0.0950085
40.625	40	0.102025	0.0834515
43.6923	43.1354	0.103631	0.0945293
43.5196	46.2515	0.1059	0.0978617
40.6201	43.7197	0.103543	0.0950085
46.8798	40.196	0.101463	0.0897825
43.6923	43.1354	0.103631	0.0945293
43.75	40	0.101891	0.0838797
46.8077	43.1354	0.104252	0.0950352
49.6928	46.2515	0.107231	0.0983978
46.6062	46.2515	0.107134	0.0981536
37.5	40	0.102524	0.0835765
34.399	40.9798	0.103502	0.0909149
34.3221	37.8444	0.102135	0.0806699
40.5769	36.8646	0.101531	0.0788322
37.5	40	0.102524	0.0835765
37.4615	36.8646	0.101503	0.0789814
40.625	40	0.102025	0.0834515
40.6201	43.7197	0.103543	0.0950085
39.0601	41.8598	0.10287	0.0916215
40.1224	48.7521	0.105028	0.0985759
37.0597	48.5598	0.104336	0.0988236
37.3464	46.2515	0.104234	0.0978073
34.1165	49.3292	0.104057	0.0992726
36.7564	51.5944	0.104403	0.0988685
34.1289	53.2696	0.102558	0.0989539
31.1732	46.2515	0.104854	0.0981892
34.1165	49.3292	0.104057	0.0992726
31.0776	49.3292	0.103894	0.0992614
28.0866	46.2515	0.105038	0.0983711
31.1732	46.2515	0.104854	0.0981892
31.0776	49.3292	0.103894	0.0992614
34.3294	43.6157	0.104167	0.095451
34.399	40.9798	0.103502	0.0909149
37.5191	43.9145	0.103863	0.0953166
31.1732	46.2515	0.104854	0.0981892
31.226	43.7137	0.104724	0.0956985
34.2598	46.2515	0.10435	0.0982172
31.2788	41.1758	0.10415	0.0916351
34.399	40.9798	0.103502	0.0909149
34.3294	43.6157	0.104167	0.095451
37.0597	48.5598	0.104336	0.0988236
36.7564	51.5944	0.104403	0.0988685
34.1165	49.3292	0.104057	0.0992726
37.3464	46.2515	0.104234	0.0978073
37.0597	48.5598	0.104336	0.0988236
34.2598	46.2515	0.10435	0.0982172
40.433	46.2515	0.104473	0.0977025
37.3464	46.2515	0.104234	0.0978073
37.5191	43.9145	0.103863	0.0953166
40.433	46.2515	0.104473	0.0977025
40.1224	48.7521	0.105028	0.0985759
37.3464	46.2515	0.104234	0.0978073
40.1224	48.7521	0.105028	0.0985759
36.7564	51.5944	0.104403	0.0988685
37.0597	48.5598	0.104336	0.0988236
46.2717	49.3292	0.107904	0.0982374
45.8487	52.5335	0.107915	0.0972439
43.2329	49.3292	0.106635	0.0982971
34.1165	49.3292	0.104057	0.0992726
34.1289	53.2696	0.102558	0.0989539
30.9447	52.3495	0.102173	0.0994178
7.464	63.4929	0.0814846	0.0979459
8.78345	65.7825	0.0796382	0.0972394
5.97957	65.9587	0.079993	0.0978169
6.4478	61.0566	0.0855439	0.0976416
7.464	63.4929	0.0814846	0.0979459
4.76616	63.4929	0.0826814	0.0980401
6.4478	61.0566	0.0855439	0.0976416
9.3634	60.8826	0.0847872	0.0975505
7.464	63.4929	0.0814846	0.0979459
12.3979	60.3349	0.0863275	0.0988334
10.1618	63.4929	0.0812171	0.097915
9.3634	60.8826	0.0847872	0.0975505
12.8597	63.4929	0.0818863	0.0986742
15.0494	60.8826	0.0865174	0.100139
15.5575	63.4929	0.0827916	0.0998269
12.3644	68.2649	0.0791215	0.0932589
13.513	70.6966	0.0789365	0.0837704
11.25	70.3973	0.0788604	0.0850923
16.8484	65.9587	0.0805592	0.0979152
14.8915	68.2649	0.079339	0.0932967
13.846	66.4528	0.079827	0.0962423
17.4187	68.2649	0.0796279	0.0937725
16.25	70.3973	0.0791201	0.0843094
14.8915	68.2649	0.079339	0.0932967
19.999	65.078	0.0818023	0.0994505
19.0904	66.7823	0.0803882	0.0968924
16.8484	65.9587	0.0805592	0.0979152
19.193	69.7412	0.0793759	0.0910447
20.0967	72.3429	0.0790496	0.081396
17.645	72.3429	0.0789796	0.0810534
9.83732	68.2649	0.0789819	0.0941834
8.78345	65.7825	0.0796382	0.0972394
11.414	65.9587	0.0796936	0.0967819
6.48041	46.2515	0.105067	0.0960204
3.72828	49.3292	0.105237	0.0980645
3.39381	46.2515	0.104245	0.0963249
9.70619	49.8955	0.105072	0.0975495
6.76709	49.3292	0.105472	0.0978263
9.61019	45.6673	0.105725	0.0956302
9.70619	49.8955	0.105072	0.0975495
10.1383	52.3495	0.103749	0.0978584
7.16598	52.3495	0.104574	0.0982484
13.1107	52.3495	0.103857	0.0980932
10.1383	52.3495	0.103749	0.0978584
12.7118	50.0843	0.105386	0.097658
4.19365	52.3495	0.105659	0.0989835
3.72828	49.3292	0.105237	0.0980645
6.76709	49.3292	0.105472	0.0978263
1.8995	55.2938	0.1043	0.0992394
4.19365	52.3495	0.105659	0.0989835
4.92487	55.4838	0.102342	0.0987057
1.22131	52.3495	0.105969	0.0991163
3.72828	49.3292	0.105237	0.0980645
4.19365	52.3495	0.105659	0.0989835
22.2828	65.9587	0.0809698	0.0984151
23.0704	62.1007	0.0857841	0.101037
25.6067	64.7258	0.0821086	0.0991327
21.8037	69.5771	0.0794523	0.0917544
22.2828	65.9587	0.0809698	0.0984151
24.3347	67.1118	0.0803252	0.0961173
19.999	65.078	0.0818023	0.0994505
20.363	63.0044	0.084423	0.101075
22.2828	65.9587	0.0809698	0.0984151
21.8037	69.5771	0.0794523	0.0917544
19.193	69.7412	0.0793759	0.0910447
19.0904	66.7823	0.0803882	0.0968924
16.8484	65.9587	0.0805592	0.0979152
17.5295	61.7527	0.0857431	0.101292
19.999	65.078	0.0818023	0.0994505
22.2828	65.9587	0.0809698	0.0984151
20.363	63.0044	0.084423	0.101075
23.0704	62.1007	0.0857841	0.101037
16.25	70.3973	0.0791201	0.0843094
15.1934	72.3429	0.0789158	0.0809282
13.513	70.6966	0.0789365	0.0837704
7.464	63.4929	0.0814846	0.0979459
10.1618	63.4929	0.0812171	0.097915
8.78345	65.7825	0.0796382	0.0972394
20.0518	56.4338	0.100168	0.0994831
19.0553	52.3495	0.102975	0.0989128
22.4091	54.0056	0.101571	0.0989586
20.3936	58.6582	0.0963023	0.100449
17.2808	59.0298	0.094835	0.100587
20.0518	56.4338	0.100168	0.0994831
15.0494	60.8826	0.0865174	0.100139
12.8597	63.4929	0.0818863	0.0986742
12.3979	60.3349	0.0863275	0.0988334
9.3634	60.8826	0.0847872	0.0975505
8.66123	58.144	0.0940298	0.0972647
11.6319	58.144	0.0942134	0.0980437
9.70619	49.8955	0.105072	0.0975495
7.16598	52.3495	0.104574	0.0982484
6.76709	49.3292	0.105472	0.0978263
13.1107	52.3495	0.103857	0.0980932
16.083	52.3495	0.103383	0.0985623
14.2198	55.2938	0.100207	0.0987638
23.0771	56.6239	0.0991674	0.0993369
22.4091	54.0056	0.101571	0.0989586
26.54	55.2938	0.0996019	0.0990946
20.7355	60.8826	0.0880848	0.101414
20.3936	58.6582	0.0963023	0.100449
24.0253	59.6046	0.0939203	0.100483
20.0518	56.4338	0.100168	0.0994831
22.4091	54.0056	0.101571	0.0989586
23.0771	56.6239	0.0991674	0.0993369
20.7355	60.8826	0.0880848	0.101414
17.2808	59.0298	0.094835	0.100587
20.3936	58.6582	0.0963023	0.100449
17.0264	56.2438	0.0997198	0.0994197
19.0553	52.3495	0.102975	0.0989128
20.0518	56.4338	0.100168	0.0994831
6.30769	36.8646	0.101136	0.0789338
6.24038	39.6081	0.102489	0.0826012
3.19231	36.8646	0.100864	0.0793381
9.49534	33.1714	0.100638	0.0762261
9.42308	36.8646	0.100384	0.0781714
6.43263	33.3637	0.100678	0.0763443
6.31731	42.7435	0.104329	0.0923189
3.125	40	0.101816	0.0837451
6.24038	39.6081	0.102489	0.0826012
9.4375	42.5475	0.104742	0.091758
12.5	40	0.095359	0.0769749
12.5577	42.3516	0.10136	0.0887204
6.30769	36.8646	0.101136	0.0789338
9.36058	39.4121	0.101737	0.0814397
6.24038	39.6081	0.102489	0.0826012
9.42308	36.8646	0.100384	0.0781714
12.5385	36.8646	0.0946287	0.0734946
9.36058	39.4121	0.101737	0.0814397
15.8122	34.7222	0.0912738	0.0689329
12.5385	36.8646	0.0946287	0.0734946
12.7112	34.5275	0.0983633	0.0748702
9.4375	42.5475	0.104742	0.091758
12.5577	42.3516	0.10136	0.0887204
9.61019	45.6673	0.105725	0.0956302
6.24038	39.6081	0.102489	0.0826012
9.4375	42.5475	0.104742	0.091758
6.31731	42.7435	0.104329	0.0923189
9.36058	39.4121	0.101737	0.0814397
12.5	40	0.095359	0.0769749
9.4375	42.5475	0.104742	0.091758
15.601	39.0202	0.073537	0.0589905
12.5	40	0.095359	0.0769749
12.5385	36.8646	0.0946287	0.0734946
15.601	39.0202	0.073537	0.0589905
15.6779	42.1556	0.0871749	0.0772034
12.5	40	0.095359	0.0769749
6.48041	46.2515	0.105067	0.0960204
6.76709	49.3292	0.105472	0.0978263
3.72828	49.3292	0.105237	0.0980645
6.31731	42.7435	0.104329	0.0923189
6.48041	46.2515	0.105067	0.0960204
3.39381	46.2515	0.104245	0.0963249
9.61019	45.6673	0.105725	0.0956302
6.76709	49.3292	0.105472	0.0978263
6.48041	46.2515	0.105067	0.0960204
12.7118	50.0843	0.105386	0.097658
9.70619	49.8955	0.105072	0.0975495
11.1799	48.0735	0.105518	0.0967742
3.19711	42.9395	0.102998	0.0930034
0.076922	43.1354	0.102634	0.0934253
-3.10282e-28	40	0.101448	0.0891011
6.31731	42.7435	0.104329	0.0923189
3.19711	42.9395	0.102998	0.0930034
3.125	40	0.101816	0.0837451
3.39381	46.2515	0.104245	0.0963249
0.307214	46.2515	0.103624	0.0964522
3.19711	42.9395	0.102998	0.0930034
45.0204	55.2938	0.105325	0.0968094
41.9404	55.2938	0.103686	0.0966989
42.834	52.3495	0.106603	0.0974867
48.1005	55.2938	0.10631	0.0968352
45.0204	55.2938	0.105325	0.0968094
45.8487	52.5335	0.107915	0.0972439
44.2548	57.954	0.0996742	0.0962358
41.9404	55.2938	0.103686	0.0966989
45.0204	55.2938	0.105325	0.0968094
46.3226	60.8826	0.0895407	0.0957267
44.2548	57.954	0.0996742	0.0962358
47.2801	58.144	0.101609	0.0969195
41.4664	58.5091	0.0952172	0.0940661
38.8603	55.2938	0.102121	0.0969275
41.9404	55.2938	0.103686	0.0966989
27.9723	52.3495	0.101779	0.099216
28.0388	49.3292	0.103657	0.0992391
30.9447	52.3495	0.102173	0.0994178
19.0553	52.3495	0.102975	0.0989128
21.7285	50.6506	0.102705	0.0989659
22.4091	54.0056	0.101571	0.0989586
25	46.2515	0.10342	0.0975361
28.0388	49.3292	0.103657	0.0992391
24.7341	50.8393	0.102331	0.0993819
21.7285	50.6506	0.102705	0.0989659
21.7462	47.598	0.102116	0.0975651
24.7341	50.8393	0.102331	0.0993819
15.6779	42.1556	0.0871749	0.0772034
17.2523	44.2036	0.0916497	0.0835022
14.1489	44.3016	0.101583	0.0908783
22.0142	44.8882	0.0972635	0.0906321
18.8268	46.2515	0.0994874	0.0929125
18.7981	41.9596	0.0730227	0.0652488
15.8835	49.3292	0.104962	0.0978499
12.6536	46.2515	0.105625	0.0955789
15.7402	46.2515	0.10282	0.0939446
17.0264	56.2438	0.0997198	0.0994197
16.083	52.3495	0.103383	0.0985623
19.0553	52.3495	0.102975	0.0989128
4.19365	52.3495	0.105659	0.0989835
7.16598	52.3495	0.104574	0.0982484
4.92487	55.4838	0.102342	0.0987057
21.9183	41.7637	0.0866185	0.0768224
25	43.1354	0.102199	0.0919472
22.0142	44.8882	0.0972635	0.0906321
28.125	40	0.103416	0.083486
25	40	0.0984933	0.0792039
28.1154	36.8646	0.10379	0.079354
25	30.6708	0.102835	0.0755736
25.1151	35.3065	0.102307	0.076619
21.9134	33.7485	0.100474	0.074711
31.3171	35.696	0.102307	0.0781235
28.0866	33.7485	0.103095	0.0765439
30.9343	31.8249	0.101327	0.0756632
28.1154	36.8646	0.10379	0.079354
25.1151	35.3065	0.102307	0.076619
28.0866	33.7485	0.103095	0.0765439
33.7508	28.5944	0.100257	0.0753203
37.1553	30.6708	0.100277	0.0757379
33.997	31.6326	0.100336	0.0757822
21.8846	36.8646	0.0897532	0.0684687
21.9014	39.3141	0.0807709	0.0648527
18.7212	38.8242	0.067419	0.0538374
28.1154	36.8646	0.10379	0.079354
25	40	0.0984933	0.0792039
25.1151	35.3065	0.102307	0.076619
28.125	40	0.103416	0.083486
28.1154	43.1354	0.105409	0.094629
25	40	0.0984933	0.0792039
3.72828	49.3292	0.105237	0.0980645
1.22131	52.3495	0.105969	0.0991163
0.68946	49.3292	0.10518	0.098129
0.307214	46.2515	0.103624	0.0964522
3.39381	46.2515	0.104245	0.0963249
0.68946	49.3292	0.10518	0.098129
11.1799	48.0735	0.105518	0.0967742
12.6536	46.2515	0.105625	0.0955789
12.7118	50.0843	0.105386	0.097658
9.61019	45.6673	0.105725	0.0956302
11.1799	48.0735	0.105518	0.0967742
9.70619	49.8955	0.105072	0.0975495
9.61019	45.6673	0.105725	0.0956302
12.6536	46.2515	0.105625	0.0955789
11.1799	48.0735	0.105518	0.0967742
31.3817	62.6228	0.08249	0.0972902
34.1521	62.7968	0.0781954	0.0910801
33.1516	65.9587	0.0749491	0.089507
26.9568	67.2765	0.0801897	0.0952237
28.4106	64.5496	0.0819333	0.0982475
30.4344	65.9587	0.0800536	0.0958211
29.839	59.2394	0.0937743	0.0996436
33.5519	59.0383	0.0923314	0.0963409
31.3817	62.6228	0.08249	0.0972902
28.6113	62.4488	0.0845944	0.0994519
29.839	59.2394	0.0937743	0.0996436
31.3817	62.6228	0.08249	0.0972902
20.7355	60.8826	0.0880848	0.101414
24.0253	59.6046	0.0939203	0.100483
23.0704	62.1007	0.0857841	0.101037
25.6371	53.0665	0.101283	0.0991432
24.7341	50.8393	0.102331	0.0993819
27.9723	52.3495	0.101779	0.099216
22.4091	54.0056	0.101571	0.0989586
25.6371	53.0665	0.101283	0.0991432
26.54	55.2938	0.0996019	0.0990946
22.4091	54.0056	0.101571	0.0989586
24.7341	50.8393	0.102331	0.0993819
25.6371	53.0665	0.101283	0.0991432
29.6201	55.2938	0.0996529	0.0991776
31.8745	54.2817	0.100911	0.099194
32.1533	57.1939	0.096859	0.0985323
34.2598	46.2515	0.10435	0.0982172
34.3294	43.6157	0.104167	0.095451
37.3464	46.2515	0.104234	0.0978073
31.1732	46.2515	0.104854	0.0981892
34.2598	46.2515	0.10435	0.0982172
34.1165	49.3292	0.104057	0.0992726
34.2598	46.2515	0.10435	0.0982172
31.226	43.7137	0.104724	0.0956985
34.3294	43.6157	0.104167	0.095451
35.6527	58.8743	0.0919595	0.0941158
38.5596	58.6917	0.0924832	0.0926859
37.7936	60.8826	0.0793091	0.0871469
33.5519	59.0383	0.0923314	0.0963409
35.6527	58.8743	0.0919595	0.0941158
34.9506	60.8826	0.0816844	0.0914094
35.7802	55.2938	0.10111	0.098014
38.5596	58.6917	0.0924832	0.0926859
35.6527	58.8743	0.0919595	0.0941158
42.43	63.669	0.0752037	0.0871324
43.4796	60.8826	0.0857512	0.0932781
45.2338	63.4929	0.0803	0.0917691
6.48041	46.2515	0.105067	0.0960204
6.31731	42.7435	0.104329	0.0923189
9.61019	45.6673	0.105725	0.0956302
0.68946	49.3292	0.10518	0.098129
3.39381	46.2515	0.104245	0.0963249
3.72828	49.3292	0.105237	0.0980645
0.307214	46.2515	0.103624	0.0964522
0.076922	43.1354	0.102634	0.0934253
3.19711	42.9395	0.102998	0.0930034
6.4478	61.0566	0.0855439	0.0976416
4.76616	63.4929	0.0826814	0.0980401
3.67737	60.8826	0.0879799	0.0980224
5.69054	58.144	0.0961785	0.0978847
6.4478	61.0566	0.0855439	0.0976416
3.67737	60.8826	0.0879799	0.0980224
9.3634	60.8826	0.0847872	0.0975505
10.1618	63.4929	0.0812171	0.097915
7.464	63.4929	0.0814846	0.0979459
14.6026	58.144	0.095378	0.0994545
15.0494	60.8826	0.0865174	0.100139
12.3979	60.3349	0.0863275	0.0988334
14.2198	55.2938	0.100207	0.0987638
14.6026	58.144	0.095378	0.0994545
11.6319	58.144	0.0942134	0.0980437
14.2198	55.2938	0.100207	0.0987638
17.0264	56.2438	0.0997198	0.0994197
14.6026	58.144	0.095378	0.0994545
7.464	63.4929	0.0814846	0.0979459
5.97957	65.9587	0.079993	0.0978169
4.76616	63.4929	0.0826814	0.0980401
11.414	65.9587	0.0796936	0.0967819
13.846	66.4528	0.079827	0.0962423
12.3644	68.2649	0.0791215	0.0932589
10.1618	63.4929	0.0812171	0.097915
11.414	65.9587	0.0796936	0.0967819
8.78345	65.7825	0.0796382	0.0972394
12.8597	63.4929	0.0818863	0.0986742
15.5575	63.4929	0.0827916	0.0998269
13.846	66.4528	0.079827	0.0962423
10.1618	63.4929	0.0812171	0.097915
12.8597	63.4929	0.0818863	0.0986742
11.414	65.9587	0.0796936	0.0967819
10.1618	63.4929	0.0812171	0.097915
12.3979	60.3349	0.0863275	0.0988334
12.8597	63.4929	0.0818863	0.0986742
9.83732	68.2649	0.0789819	0.0941834
7.31021	68.2649	0.0790564	0.0957028
8.78345	65.7825	0.0796382	0.0972394
31.8745	54.2817	0.100911	0.099194
30.9447	52.3495	0.102173	0.0994178
34.1289	53.2696	0.102558	0.0989539
35.7802	55.2938	0.10111	0.098014
31.8745	54.2817	0.100911	0.099194
34.1289	53.2696	0.102558	0.0989539
29.6201	55.2938	0.0996529	0.0991776
30.9447	52.3495	0.102173	0.0994178
31.8745	54.2817	0.100911	0.099194
29.839	59.2394	0.0937743	0.0996436
26.4853	58.144	0.0960825	0.0997557
29.6201	55.2938	0.0996529	0.0991776
33.5519	59.0383	0.0923314	0.0963409
29.839	59.2394	0.0937743	0.0996436
32.1533	57.1939	0.096859	0.0985323
35.7802	55.2938	0.10111	0.098014
33.5519	59.0383	0.0923314	0.0963409
32.1533	57.1939	0.096859	0.0985323
34.9506	60.8826	0.0816844	0.0914094
31.3817	62.6228	0.08249	0.0972902
33.5519	59.0383	0.0923314	0.0963409
28.6113	62.4488	0.0845944	0.0994519
26.4215	60.8826	0.0875985	0.100592
29.839	59.2394	0.0937743	0.0996436
26.54	55.2938	0.0996019	0.0990946
27.9723	52.3495	0.101779	0.099216
29.6201	55.2938	0.0996529	0.0991776
25.6371	53.0665	0.101283	0.0991432
27.9723	52.3495	0.101779	0.099216
26.54	55.2938	0.0996019	0.0990946
24.7341	50.8393	0.102331	0.0993819
28.0388	49.3292	0.103657	0.0992391
27.9723	52.3495	0.101779	0.099216
22.5483	72.3429	0.0791253	0.0814788
23.75	70.3973	0.0793761	0.0849
25	72.3429	0.0792102	0.0812355
23.0327	74.7883	0.0789795	0.0782015
22.5483	72.3429	0.0791253	0.0814788
25	72.3429	0.0792102	0.0812355
21.4331	74.0896	0.0789376	0.0789424
19.0551	74.0896	0.0788624	0.0788357
20.0967	72.3429	0.0790496	0.081396
19.0904	66.7823	0.0803882	0.0968924
22.2828	65.9587	0.0809698	0.0984151
21.8037	69.5771	0.0794523	0.0917544
24.3347	67.1118	0.0803252	0.0961173
23.75	70.3973	0.0793761	0.0849
21.8037	69.5771	0.0794523	0.0917544
27.0253	69.2491	0.0795757	0.0915362
30.0542	68.2649	0.0793167	0.0926535
28.75	70.3973	0.0792903	0.084116
25.6067	64.7258	0.0821086	0.0991327
28.4106	64.5496	0.0819333	0.0982475
26.9568	67.2765	0.0801897	0.0952237
22.2828	65.9587	0.0809698	0.0984151
25.6067	64.7258	0.0821086	0.0991327
24.3347	67.1118	0.0803252	0.0961173
23.0704	62.1007	0.0857841	0.101037
26.4215	60.8826	0.0875985	0.100592
25.6067	64.7258	0.0821086	0.0991327
30.4344	65.9587	0.0800536	0.0958211
30.0542	68.2649	0.0793167	0.0926535
26.9568	67.2765	0.0801897	0.0952237
28.6113	62.4488	0.0845944	0.0994519
31.3817	62.6228	0.08249	0.0972902
28.4106	64.5496	0.0819333	0.0982475
25.6067	64.7258	0.0821086	0.0991327
28.6113	62.4488	0.0845944	0.0994519
28.4106	64.5496	0.0819333	0.0982475
26.4215	60.8826	0.0875985	0.100592
26.4853	58.144	0.0960825	0.0997557
29.839	59.2394	0.0937743	0.0996436
25.6067	64.7258	0.0821086	0.0991327
26.4215	60.8826	0.0875985	0.100592
28.6113	62.4488	0.0845944	0.0994519
24.0253	59.6046	0.0939203	0.100483
23.0771	56.6239	0.0991674	0.0993369
26.4853	58.144	0.0960825	0.0997557
33.1516	65.9587	0.0749491	0.089507
34.8233	67.7707	0.0238165	0.027374
32.2468	68.921	0.076415	0.0881739
31.3817	62.6228	0.08249	0.0972902
33.1516	65.9587	0.0749491	0.089507
30.4344	65.9587	0.0800536	0.0958211
34.1521	62.7968	0.0781954	0.0910801
35.8688	65.9587	0.0689207	0.0816412
33.1516	65.9587	0.0749491	0.089507
32.355	72.3429	0.0790185	0.0804699
33.75	70.3973	0.0760194	0.080309
34.8066	72.3429	0.0785484	0.0801512
29.3832	76.0659	0.0793175	0.0768853
28.5669	74.0896	0.0792672	0.078573
30.9297	73.8705	0.0792181	0.0786529
31.0572	70.658	0.0791582	0.0834043
33.75	70.3973	0.0760194	0.080309
32.355	72.3429	0.0790185	0.0804699
29.9033	72.3429	0.0791845	0.0806978
31.0572	70.658	0.0791582	0.0834043
32.355	72.3429	0.0790185	0.0804699
28.4106	64.5496	0.0819333	0.0982475
31.3817	62.6228	0.08249	0.0972902
30.4344	65.9587	0.0800536	0.0958211
24.3347	67.1118	0.0803252	0.0961173
25.6067	64.7258	0.0821086	0.0991327
26.9568	67.2765	0.0801897	0.0952237
23.0704	62.1007	0.0857841	0.101037
24.0253	59.6046	0.0939203	0.100483
26.4215	60.8826	0.0875985	0.100592
30.4344	65.9587	0.0800536	0.0958211
32.2468	68.921	0.076415	0.0881739
30.0542	68.2649	0.0793167	0.0926535
34.8233	67.7707	0.0238165	0.027374
33.75	70.3973	0.0760194	0.080309
32.2468	68.921	0.076415	0.0881739
43.2329	49.3292	0.106635	0.0982971
40.1224	48.7521	0.105028	0.0985759
40.433	46.2515	0.104473	0.0977025
48.7787	52.3495	0.108318	0.0973471
45.8487	52.5335	0.107915	0.0972439
46.2717	49.3292	0.107904	0.0982374
42.834	52.3495	0.106603	0.0974867
40.1224	48.7521	0.105028	0.0985759
43.2329	49.3292	0.106635	0.0982971
47.2801	58.144	0.101609	0.0969195
44.2548	57.954	0.0996742	0.0962358
45.0204	55.2938	0.105325	0.0968094
38.8603	55.2938	0.102121	0.0969275
35.7802	55.2938	0.10111	0.098014
36.7564	51.5944	0.104403	0.0988685
41.9404	55.2938	0.103686	0.0966989
38.8603	55.2938	0.102121	0.0969275
39.8617	52.3495	0.105091	0.0979182
45.8487	52.5335	0.107915	0.0972439
45.0204	55.2938	0.105325	0.0968094
42.834	52.3495	0.106603	0.0974867
41.4664	58.5091	0.0952172	0.0940661
40.6366	60.8826	0.0812431	0.088692
38.5596	58.6917	0.0924832	0.0926859
44.2548	57.954	0.0996742	0.0962358
41.4664	58.5091	0.0952172	0.0940661
41.9404	55.2938	0.103686	0.0966989
44.2548	57.954	0.0996742	0.0962358
43.4796	60.8826	0.0857512	0.0932781
41.4664	58.5091	0.0952172	0.0940661
38.5596	58.6917	0.0924832	0.0926859
35.7802	55.2938	0.10111	0.098014
38.8603	55.2938	0.102121	0.0969275
6.31731	42.7435	0.104329	0.0923189
3.39381	46.2515	0.104245	0.0963249
3.19711	42.9395	0.102998	0.0930034
45.8487	52.5335	0.107915	0.0972439
42.834	52.3495	0.106603	0.0974867
43.2329	49.3292	0.106635	0.0982971
48.1005	55.2938	0.10631	0.0968352
45.8487	52.5335	0.107915	0.0972439
48.7787	52.3495	0.108318	0.0973471
48.1005	55.2938	0.10631	0.0968352
47.2801	58.144	0.101609	0.0969195
45.0204	55.2938	0.105325	0.0968094
37.7936	60.8826	0.0793091	0.0871469
38.5596	58.6917	0.0924832	0.0926859
40.6366	60.8826	0.0812431	0.088692
41.3032	65.9587	0.0702232	0.0828228
39.6261	63.8451	0.0700521	0.0810275
42.43	63.669	0.0752037	0.0871324
34.9506	60.8826	0.0816844	0.0914094
35.6527	58.8743	0.0919595	0.0941158
37.7936	60.8826	0.0793091	0.0871469
31.3817	62.6228	0.08249	0.0972902
34.9506	60.8826	0.0816844	0.0914094
34.1521	62.7968	0.0781954	0.0910801
33.5519	59.0383	0.0923314	0.0963409
35.7802	55.2938	0.10111	0.098014
35.6527	58.8743	0.0919595	0.0941158
31.8745	54.2817	0.100911	0.099194
35.7802	55.2938	0.10111	0.098014
32.1533	57.1939	0.096859	0.0985323
34.1165	49.3292	0.104057	0.0992726
34.2598	46.2515	0.10435	0.0982172
37.0597	48.5598	0.104336	0.0988236
28.0388	49.3292	0.103657	0.0992391
31.0776	49.3292	0.103894	0.0992614
30.9447	52.3495	0.102173	0.0994178
28.0388	49.3292	0.103657	0.0992391
25	46.2515	0.10342	0.0975361
28.0866	46.2515	0.105038	0.0983711
36.7564	51.5944	0.104403	0.0988685
35.7802	55.2938	0.10111	0.098014
34.1289	53.2696	0.102558	0.0989539
30.9447	52.3495	0.102173	0.0994178
31.0776	49.3292	0.103894	0.0992614
34.1165	49.3292	0.104057	0.0992726
40.1224	48.7521	0.105028	0.0985759
42.834	52.3495	0.106603	0.0974867
39.8617	52.3495	0.105091	0.0979182
39.8617	52.3495	0.105091	0.0979182
42.834	52.3495	0.106603	0.0974867
41.9404	55.2938	0.103686	0.0966989
36.7564	51.5944	0.104403	0.0988685
39.8617	52.3495	0.105091	0.0979182
38.8603	55.2938	0.102121	0.0969275
36.7564	51.5944	0.104403	0.0988685
40.1224	48.7521	0.105028	0.0985759
39.8617	52.3495	0.105091	0.0979182
18.9224	49.3292	0.10321	0.0981715
19.0553	52.3495	0.102975	0.0989128
16.083	52.3495	0.103383	0.0985623
15.7402	46.2515	0.10282	0.0939446
18.8268	46.2515	0.0994874	0.0929125
15.8835	49.3292	0.104962	0.0978499
21.7462	47.598	0.102116	0.0975651
25	46.2515	0.10342	0.0975361
24.7341	50.8393	0.102331	0.0993819
22.0108	14.5924	0.0983296	0.0755625
19.9458	11.7351	0.0941247	0.0757221
23.0432	12.7235	0.0959288	0.0755864
17.645	7.6571	0.0841998	0.0757641
18.75	9.60269	0.0870412	0.0757651
16.5822	10.0948	0.0916102	0.0757412
14.9215	7.36598	0.0842266	0.0757019
17.645	7.6571	0.0841998	0.0757641
16.5822	10.0948	0.0916102	0.0757412
16.6772	5.91038	0.0823017	0.0757491
19.0551	5.91038	0.0820568	0.0757833
17.645	7.6571	0.0841998	0.0757641
20.0967	7.6571	0.0840609	0.0757704
21.25	9.60269	0.0870425	0.0757279
18.75	9.60269	0.0870412	0.0757651
17.645	7.6571	0.0841998	0.0757641
19.0551	5.91038	0.0820568	0.0757833
20.0967	7.6571	0.0840609	0.0757704
24.1844	6.78374	0.0830985	0.075677
26.189	5.91038	0.0822187	0.075635
25.4207	8.55507	0.0856951	0.0755862
28.5669	5.91038	0.0821905	0.0755815
31.8199	4.37335	0.0808876	0.0755984
31.1316	6.34706	0.0825972	0.0755331
26.9661	0.123895	0.0795125	0.0757306
28.4094	2.238	0.0799122	0.0756865
26.0648	3.0556	0.0801309	0.0757109
28.9198	0.494728	0.0797142	0.0756956
30.8485	1.10996	0.0798474	0.0756681
28.4094	2.238	0.0799122	0.0756865
31.25	9.60269	0.0871895	0.0754078
33.75	9.60269	0.0869436	0.0753823
32.5813	11.7351	0.0943081	0.0753458
30.9096	13.2177	0.09668	0.0753509
29.636	10.915	0.0932001	0.0753938
32.5813	11.7351	0.0943081	0.0753458
32.355	7.6571	0.0840972	0.0754674
33.4473	6.2015	0.0823165	0.0755183
34.9468	7.95642	0.0844957	0.0754309
29.9033	7.6571	0.084306	0.0754934
32.355	7.6571	0.0840972	0.0754674
31.25	9.60269	0.0871895	0.0754078
31.1316	6.34706	0.0825972	0.0755331
31.8199	4.37335	0.0808876	0.0755984
33.4473	6.2015	0.0823165	0.0755183
29.9033	7.6571	0.084306	0.0754934
31.1316	6.34706	0.0825972	0.0755331
32.355	7.6571	0.0840972	0.0754674
29.9033	7.6571	0.084306	0.0754934
28.5669	5.91038	0.0821905	0.0755815
31.1316	6.34706	0.0825972	0.0755331
28.5669	5.91038	0.0821905	0.0755815
29.9033	7.6571	0.084306	0.0754934
27.8022	8.40541	0.0855227	0.0755102
25	4.37335	0.0808414	0.0757065
27.2733	4.37335	0.0809203	0.0756539
26.189	5.91038	0.0822187	0.075635
27.2733	4.37335	0.0809203	0.0756539
30.3241	3.0556	0.0801939	0.0756483
28.5669	5.91038	0.0821905	0.0755815
31.1316	6.34706	0.0825972	0.0755331
33.4473	6.2015	0.0823165	0.0755183
32.355	7.6571	0.0840972	0.0754674
27.2733	4.37335	0.0809203	0.0756539
28.4094	2.238	0.0799122	0.0756865
30.3241	3.0556	0.0801939	0.0756483
26.189	5.91038	0.0822187	0.075635
27.2733	4.37335	0.0809203	0.0756539
28.5669	5.91038	0.0821905	0.0755815
26.0648	3.0556	0.0801309	0.0757109
28.4094	2.238	0.0799122	0.0756865
27.2733	4.37335	0.0809203	0.0756539
29.636	10.915	0.0932001	0.0753938
29.9033	7.6571	0.084306	0.0754934
31.25	9.60269	0.0871895	0.0754078
25.4207	8.55507	0.0856951	0.0755862
27.8022	8.40541	0.0855227	0.0755102
27.0253	10.7509	0.0929703	0.0754682
25.4207	8.55507	0.0856951	0.0755862
26.189	5.91038	0.0822187	0.075635
27.8022	8.40541	0.0855227	0.0755102
26.3489	16.5071	0.100639	0.0753497
24.3933	15.2742	0.099307	0.0754453
25.6653	12.8882	0.0964038	0.0754693
30.3241	3.0556	0.0801939	0.0756483
31.8199	4.37335	0.0808876	0.0755984
28.5669	5.91038	0.0821905	0.0755815
30.8485	1.10996	0.0798474	0.0756681
30.3241	3.0556	0.0801939	0.0756483
28.4094	2.238	0.0799122	0.0756865
30.8485	1.10996	0.0798474	0.0756681
32.7403	1.96546	0.0801133	0.0756363
30.3241	3.0556	0.0801939	0.0756483
30.3241	3.0556	0.0801939	0.0756483
32.7403	1.96546	0.0801133	0.0756363
31.8199	4.37335	0.0808876	0.0755984
23.9352	3.0556	0.0800828	0.0757567
25	4.37335	0.0808414	0.0757065
22.7267	4.37335	0.0807466	0.0757625
26.9661	0.123895	0.0795125	0.0757306
26.0648	3.0556	0.0801309	0.0757109
25.0248	1.47661	0.0796594	0.0757535
26.9661	0.123895	0.0795125	0.0757306
28.9198	0.494728	0.0797142	0.0756956
28.4094	2.238	0.0799122	0.0756865
25.0248	1.47661	0.0796594	0.0757535
25	-8.70219e-28	0.0795416	0.0757602
26.9661	0.123895	0.0795125	0.0757306
23.9352	3.0556	0.0800828	0.0757567
25.0248	1.47661	0.0796594	0.0757535
26.0648	3.0556	0.0801309	0.0757109
23.9352	3.0556	0.0800828	0.0757567
23.0835	1.59882	0.0796544	0.0757877
25.0248	1.47661	0.0796594	0.0757535
32.7403	1.96546	0.0801133	0.0756363
34.5833	3.0556	0.0805647	0.0755937
31.8199	4.37335	0.0808876	0.0755984
25	4.37335	0.0808414	0.0757065
26.0648	3.0556	0.0801309	0.0757109
27.2733	4.37335	0.0809203	0.0756539
24.1844	6.78374	0.0830985	0.075677
25	4.37335	0.0808414	0.0757065
26.189	5.91038	0.0822187	0.075635
23.9352	3.0556	0.0800828	0.0757567
26.0648	3.0556	0.0801309	0.0757109
25	4.37335	0.0808414	0.0757065
21.913	2.6468	0.0799059	0.0757965
23.9352	3.0556	0.0800828	0.0757567
22.7267	4.37335	0.0807466	0.0757625
23.0835	1.59882	0.0796544	0.0757877
23.0339	0.123895	0.0795119	0.0757923
25.0248	1.47661	0.0796594	0.0757535
21.913	2.6468	0.0799059	0.0757965
23.0835	1.59882	0.0796544	0.0757877
23.9352	3.0556	0.0800828	0.0757567
21.4331	5.91038	0.0820096	0.0757674
20.4534	4.37335	0.0807674	0.075793
22.7267	4.37335	0.0807466	0.0757625
19.7476	2.78306	0.0800724	0.0758062
21.0802	0.494728	0.0795579	0.0758131
21.913	2.6468	0.0799059	0.0757965
23.0339	0.123895	0.0795119	0.0757923
25	-8.70219e-28	0.0795416	0.0757602
25.0248	1.47661	0.0796594	0.0757535
33.4473	6.2015	0.0823165	0.0755183
34.5833	3.0556	0.0805647	0.0755937
35.7008	5.91038	0.082441	0.075495
36.3664	4.37335	0.0818632	0.0755199
35.7008	5.91038	0.082441	0.075495
34.5833	3.0556	0.0805647	0.0755937
23.5785	19.1174	0.102586	0.0752815
26.3489	16.5071	0.100639	0.0753497
26.4215	19.1174	0.102502	0.0752477
23.0771	23.3761	0.102974	0.0751075
25.3391	26.1784	0.102754	0.0750584
22.0277	27.6505	0.102251	0.0751824
29.636	10.915	0.0932001	0.0753938
27.8022	8.40541	0.0855227	0.0755102
29.9033	7.6571	0.084306	0.0754934
29.636	10.915	0.0932001	0.0753938
27.0253	10.7509	0.0929703	0.0754682
27.8022	8.40541	0.0855227	0.0755102
32.5813	11.7351	0.0943081	0.0753458
29.636	10.915	0.0932001	0.0753938
31.25	9.60269	0.0871895	0.0754078
28.2875	13.053	0.0966095	0.0753904
27.0253	10.7509	0.0929703	0.0754682
29.636	10.915	0.0932001	0.0753938
23.0432	12.7235	0.0959288	0.0755864
25.6653	12.8882	0.0964038	0.0754693
24.3933	15.2742	0.099307	0.0754453
24.4145	10.5869	0.0925562	0.0755799
25.4207	8.55507	0.0856951	0.0755862
27.0253	10.7509	0.0929703	0.0754682
23.0432	12.7235	0.0959288	0.0755864
24.4145	10.5869	0.0925562	0.0755799
25.6653	12.8882	0.0964038	0.0754693
23.0432	12.7235	0.0959288	0.0755864
21.25	9.60269	0.0870425	0.0757279
24.4145	10.5869	0.0925562	0.0755799
24.1844	6.78374	0.0830985	0.075677
22.5483	7.6571	0.0841297	0.0757158
21.4331	5.91038	0.0820096	0.0757674
25	4.37335	0.0808414	0.0757065
24.1844	6.78374	0.0830985	0.075677
22.7267	4.37335	0.0807466	0.0757625
25.4207	8.55507	0.0856951	0.0755862
24.4145	10.5869	0.0925562	0.0755799
22.5483	7.6571	0.0841297	0.0757158
24.4145	10.5869	0.0925562	0.0755799
21.25	9.60269	0.0870425	0.0757279
22.5483	7.6571	0.0841297	0.0757158
19.5656	14.0413	0.0975578	0.0756617
20.9532	16.5071	0.100154	0.0755087
18.2554	16.5071	0.0999545	0.0755895
19.9458	11.7351	0.0941247	0.0757221
19.5656	14.0413	0.0975578	0.0756617
17.7988	12.3941	0.0952925	0.0757316
18.75	9.60269	0.0870412	0.0757651
19.9458	11.7351	0.0941247	0.0757221
17.7988	12.3941	0.0952925	0.0757316
21.25	9.60269	0.0870425	0.0757279
23.0432	12.7235	0.0959288	0.0755864
19.9458	11.7351	0.0941247	0.0757221
22.0108	14.5924	0.0983296	0.0755625
20.9532	16.5071	0.100154	0.0755087
19.5656	14.0413	0.0975578	0.0756617
19.9458	11.7351	0.0941247	0.0757221
22.0108	14.5924	0.0983296	0.0755625
19.5656	14.0413	0.0975578	0.0756617
23.0432	12.7235	0.0959288	0.0755864
24.3933	15.2742	0.099307	0.0754453
22.0108	14.5924	0.0983296	0.0755625
17.7548	18.7251	0.101128	0.0755024
20.7355	19.1174	0.101836	0.075377
17.2541	20.9431	0.101814	0.0754269
16.8484	14.0413	0.0976431	0.0756962
18.2554	16.5071	0.0999545	0.0755895
15.9817	15.8026	0.0994517	0.0756482
20.9532	16.5071	0.100154	0.0755087
20.7355	19.1174	0.101836	0.075377
18.2554	16.5071	0.0999545	0.0755895
14.9215	7.36598	0.0842266	0.0757019
16.5822	10.0948	0.0916102	0.0757412
13.513	9.30337	0.0873405	0.0756661
12.6058	7.51154	0.0852947	0.0756435
14.9215	7.36598	0.0842266	0.0757019
13.513	9.30337	0.0873405	0.0756661
13.6336	4.37335	0.0821255	0.0756938
15.4167	3.0556	0.0809493	0.075748
16.6772	5.91038	0.0823017	0.0757491
19.7476	2.78306	0.0800724	0.0758062
19.1515	1.10996	0.0798708	0.0758094
21.0802	0.494728	0.0795579	0.0758131
20.4534	4.37335	0.0807674	0.075793
19.0551	5.91038	0.0820568	0.0757833
18.1801	4.37335	0.0809438	0.0757841
21.913	2.6468	0.0799059	0.0757965
20.4534	4.37335	0.0807674	0.075793
19.7476	2.78306	0.0800724	0.0758062
21.4331	5.91038	0.0820096	0.0757674
19.0551	5.91038	0.0820568	0.0757833
20.4534	4.37335	0.0807674	0.075793
24.1844	6.78374	0.0830985	0.075677
21.4331	5.91038	0.0820096	0.0757674
22.7267	4.37335	0.0807466	0.0757625
20.0967	7.6571	0.0840609	0.0757704
19.0551	5.91038	0.0820568	0.0757833
21.4331	5.91038	0.0820096	0.0757674
20.4534	4.37335	0.0807674	0.075793
18.1801	4.37335	0.0809438	0.0757841
19.7476	2.78306	0.0800724	0.0758062
23.0835	1.59882	0.0796544	0.0757877
21.0802	0.494728	0.0795579	0.0758131
23.0339	0.123895	0.0795119	0.0757923
27.8022	8.40541	0.0855227	0.0755102
26.189	5.91038	0.0822187	0.075635
28.5669	5.91038	0.0821905	0.0755815
25.6653	12.8882	0.0964038	0.0754693
24.4145	10.5869	0.0925562	0.0755799
27.0253	10.7509	0.0929703	0.0754682
22.5483	7.6571	0.0841297	0.0757158
20.0967	7.6571	0.0840609	0.0757704
21.4331	5.91038	0.0820096	0.0757674
25.4207	8.55507	0.0856951	0.0755862
22.5483	7.6571	0.0841297	0.0757158
24.1844	6.78374	0.0830985	0.075677
21.25	9.60269	0.0870425	0.0757279
20.0967	7.6571	0.0840609	0.0757704
22.5483	7.6571	0.0841297	0.0757158
14.9215	7.36598	0.0842266	0.0757019
16.6772	5.91038	0.0823017	0.0757491
17.645	7.6571	0.0841998	0.0757641
21.913	2.6468	0.0799059	0.0757965
21.0802	0.494728	0.0795579	0.0758131
23.0835	1.59882	0.0796544	0.0757877
37.3284	7.80676	0.0849078	0.0754027
38.0788	5.91038	0.0835685	0.0754431
39.7099	7.6571	0.0862267	0.0753589
33.4473	6.2015	0.0823165	0.0755183
35.7008	5.91038	0.082441	0.075495
34.9468	7.95642	0.0844957	0.0754309
33.75	9.60269	0.0869436	0.0753823
32.355	7.6571	0.0840972	0.0754674
34.9468	7.95642	0.0844957	0.0754309
31.8199	4.37335	0.0808876	0.0755984
34.5833	3.0556	0.0805647	0.0755937
33.4473	6.2015	0.0823165	0.0755183
36.3664	4.37335	0.0818632	0.0755199
38.0788	5.91038	0.0835685	0.0754431
35.7008	5.91038	0.082441	0.075495
19.7476	2.78306	0.0800724	0.0758062
17.2597	1.96546	0.0802523	0.0757889
19.1515	1.10996	0.0798708	0.0758094
18.1801	4.37335	0.0809438	0.0757841
16.6772	5.91038	0.0823017	0.0757491
15.4167	3.0556	0.0809493	0.075748
19.7476	2.78306	0.0800724	0.0758062
18.1801	4.37335	0.0809438	0.0757841
17.2597	1.96546	0.0802523	0.0757889
19.0551	5.91038	0.0820568	0.0757833
16.6772	5.91038	0.0823017	0.0757491
18.1801	4.37335	0.0809438	0.0757841
21.913	2.6468	0.0799059	0.0757965
22.7267	4.37335	0.0807466	0.0757625
20.4534	4.37335	0.0807674	0.075793
20.0967	7.6571	0.0840609	0.0757704
18.75	9.60269	0.0870412	0.0757651
17.645	7.6571	0.0841998	0.0757641
14.9215	7.36598	0.0842266	0.0757019
13.6336	4.37335	0.0821255	0.0756938
16.6772	5.91038	0.0823017	0.0757491
32.355	7.6571	0.0840972	0.0754674
33.75	9.60269	0.0869436	0.0753823
31.25	9.60269	0.0871895	0.0754078
38.0788	5.91038	0.0835685	0.0754431
37.3284	7.80676	0.0849078	0.0754027
35.7008	5.91038	0.082441	0.075495
38.75	9.60269	0.0879008	0.0753227
41.25	9.60269	0.0894959	0.0752795
40.1627	11.7351	0.0951262	0.0752481
36.25	9.60269	0.0870798	0.0753578
38.75	9.60269	0.0879008	0.0753227
37.4683	11.4071	0.0938948	0.0752963
39.7099	7.6571	0.0862267	0.0753589
41.25	9.60269	0.0894959	0.0752795
38.75	9.60269	0.0879008	0.0753227
15.4167	3.0556	0.0809493	0.075748
17.2597	1.96546	0.0802523	0.0757889
18.1801	4.37335	0.0809438	0.0757841
44.0204	14.0413	0.0989283	0.0751652
41.2166	14.2175	0.0982626	0.0752008
42.6898	11.7351	0.0964692	0.0752103
14.9215	7.36598	0.0842266	0.0757019
12.6058	7.51154	0.0852947	0.0756435
13.6336	4.37335	0.0821255	0.0756938
15.1767	12.2293	0.0952868	0.0757075
12.5545	12.0646	0.0956213	0.0756519
13.513	9.30337	0.0873405	0.0756661
16.5822	10.0948	0.0916102	0.0757412
17.7988	12.3941	0.0952925	0.0757316
15.1767	12.2293	0.0952868	0.0757075
14.1312	14.0413	0.0978304	0.0756763
12.5545	12.0646	0.0956213	0.0756519
15.1767	12.2293	0.0952868	0.0757075
15.9817	15.8026	0.0994517	0.0756482
14.7591	18.4213	0.100805	0.0755833
13.1778	15.9788	0.0996043	0.0756485
16.5822	10.0948	0.0916102	0.0757412
18.75	9.60269	0.0870412	0.0757651
17.7988	12.3941	0.0952925	0.0757316
22.0108	14.5924	0.0983296	0.0755625
24.3933	15.2742	0.099307	0.0754453
20.9532	16.5071	0.100154	0.0755087
11.4404	21.3083	0.100565	0.0755707
12.2064	19.1174	0.100627	0.0756075
14.6026	21.856	0.101309	0.0754941
8.66123	21.856	0.100257	0.075559
11.4404	21.3083	0.100565	0.0755707
10.9756	24.1362	0.100591	0.0755027
8.66123	21.856	0.100257	0.075559
9.3634	19.1174	0.100469	0.0756287
11.4404	21.3083	0.100565	0.0755707
6.52038	19.1174	0.100701	0.0756248
7.464	16.5071	0.100837	0.0756593
9.3634	19.1174	0.100469	0.0756287
3.67737	19.1174	0.100561	0.0755958
6.52038	19.1174	0.100701	0.0756248
5.62671	21.6734	0.100233	0.0755179
3.67737	19.1174	0.100561	0.0755958
4.76616	16.5071	0.100966	0.0756622
6.52038	19.1174	0.100701	0.0756248
10.1618	16.5071	0.100254	0.0756486
12.2064	19.1174	0.100627	0.0756075
9.3634	19.1174	0.100469	0.0756287
5.97957	14.0413	0.100594	0.0756505
8.69678	14.0413	0.0996743	0.0756369
7.464	16.5071	0.100837	0.0756593
11.414	14.0413	0.0985264	0.0756455
13.1778	15.9788	0.0996043	0.0756485
10.1618	16.5071	0.100254	0.0756486
15.1767	12.2293	0.0952868	0.0757075
16.8484	14.0413	0.0976431	0.0756962
14.1312	14.0413	0.0978304	0.0756763
6.52038	19.1174	0.100701	0.0756248
9.3634	19.1174	0.100469	0.0756287
8.66123	21.856	0.100257	0.075559
14.7591	18.4213	0.100805	0.0755833
12.2064	19.1174	0.100627	0.0756075
13.1778	15.9788	0.0996043	0.0756485
14.7591	18.4213	0.100805	0.0755833
14.6026	21.856	0.101309	0.0754941
12.2064	19.1174	0.100627	0.0756075
12.6058	7.51154	0.0852947	0.0756435
11.9212	5.91038	0.0843511	0.0756475
13.6336	4.37335	0.0821255	0.0756938
11.25	9.60269	0.0887468	0.0756151
12.6058	7.51154	0.0852947	0.0756435
13.513	9.30337	0.0873405	0.0756661
10.2901	7.6571	0.0870393	0.0756077
11.9212	5.91038	0.0843511	0.0756475
12.6058	7.51154	0.0852947	0.0756435
41.2166	14.2175	0.0982626	0.0752008
40.1627	11.7351	0.0951262	0.0752481
42.6898	11.7351	0.0964692	0.0752103
35.1085	11.7351	0.0940817	0.0753234
37.4683	11.4071	0.0938948	0.0752963
35.6088	14.5697	0.0981423	0.0753192
33.1516	14.0413	0.0976016	0.0753406
35.1085	11.7351	0.0940817	0.0753234
35.6088	14.5697	0.0981423	0.0753192
32.5813	11.7351	0.0943081	0.0753458
33.75	9.60269	0.0869436	0.0753823
35.1085	11.7351	0.0940817	0.0753234
37.3284	7.80676	0.0849078	0.0754027
39.7099	7.6571	0.0862267	0.0753589
38.75	9.60269	0.0879008	0.0753227
36.25	9.60269	0.0870798	0.0753578
37.3284	7.80676	0.0849078	0.0754027
38.75	9.60269	0.0879008	0.0753227
35.1085	11.7351	0.0940817	0.0753234
36.25	9.60269	0.0870798	0.0753578
37.4683	11.4071	0.0938948	0.0752963
34.9468	7.95642	0.0844957	0.0754309
37.3284	7.80676	0.0849078	0.0754027
36.25	9.60269	0.0870798	0.0753578
34.9468	7.95642	0.0844957	0.0754309
35.7008	5.91038	0.082441	0.075495
37.3284	7.80676	0.0849078	0.0754027
42.536	16.5071	0.100145	0.0751817
44.0204	14.0413	0.0989283	0.0751652
45.2338	16.5071	0.100459	0.0751588
38.4127	14.3936	0.0980989	0.0752623
41.2166	14.2175	0.0982626	0.0752008
39.693	16.8552	0.100254	0.0752548
38.4127	14.3936	0.0980989	0.0752623
37.4683	11.4071	0.0938948	0.0752963
40.1627	11.7351	0.0951262	0.0752481
10.2901	7.6571	0.0870393	0.0756077
12.6058	7.51154	0.0852947	0.0756435
11.25	9.60269	0.0887468	0.0756151
28.2875	13.053	0.0966095	0.0753904
30.001	14.922	0.0988736	0.0753526
26.3489	16.5071	0.100639	0.0753497
35.1085	11.7351	0.0940817	0.0753234
33.1516	14.0413	0.0976016	0.0753406
32.5813	11.7351	0.0943081	0.0753458
30.001	14.922	0.0988736	0.0753526
28.6113	17.5512	0.101413	0.0753156
26.3489	16.5071	0.100639	0.0753497
30.9096	13.2177	0.09668	0.0753509
30.001	14.922	0.0988736	0.0753526
28.2875	13.053	0.0966095	0.0753904
29.636	10.915	0.0932001	0.0753938
30.9096	13.2177	0.09668	0.0753509
28.2875	13.053	0.0966095	0.0753904
32.5813	11.7351	0.0943081	0.0753458
33.1516	14.0413	0.0976016	0.0753406
30.9096	13.2177	0.09668	0.0753509
31.7446	16.5071	0.100372	0.0753609
28.6113	17.5512	0.101413	0.0753156
30.001	14.922	0.0988736	0.0753526
34.4425	16.5071	0.0999633	0.0753651
31.7446	16.5071	0.100372	0.0753609
33.1516	14.0413	0.0976016	0.0753406
34.4425	16.5071	0.0999633	0.0753651
34.9506	19.1174	0.101153	0.0753875
32.1075	19.1174	0.101655	0.0753534
37.1403	16.5071	0.0999822	0.0753182
34.4425	16.5071	0.0999633	0.0753651
35.6088	14.5697	0.0981423	0.0753192
37.1403	16.5071	0.0999822	0.0753182
37.7936	19.1174	0.101039	0.0753481
34.9506	19.1174	0.101153	0.0753875
11.414	14.0413	0.0985264	0.0756455
14.1312	14.0413	0.0978304	0.0756763
13.1778	15.9788	0.0996043	0.0756485
8.69678	14.0413	0.0996743	0.0756369
9.93237	11.8999	0.0965455	0.0756137
11.414	14.0413	0.0985264	0.0756455
11.25	9.60269	0.0887468	0.0756151
13.513	9.30337	0.0873405	0.0756661
12.5545	12.0646	0.0956213	0.0756519
10.2901	7.6571	0.0870393	0.0756077
11.25	9.60269	0.0887468	0.0756151
8.74996	9.60269	0.0906109	0.0755947
13.513	9.30337	0.0873405	0.0756661
16.5822	10.0948	0.0916102	0.0757412
15.1767	12.2293	0.0952868	0.0757075
9.93237	11.8999	0.0965455	0.0756137
11.25	9.60269	0.0887468	0.0756151
12.5545	12.0646	0.0956213	0.0756519
11.414	14.0413	0.0985264	0.0756455
9.93237	11.8999	0.0965455	0.0756137
12.5545	12.0646	0.0956213	0.0756519
8.69678	14.0413	0.0996743	0.0756369
7.31021	11.7351	0.0980701	0.0756128
9.93237	11.8999	0.0965455	0.0756137
37.4683	11.4071	0.0938948	0.0752963
38.4127	14.3936	0.0980989	0.0752623
35.6088	14.5697	0.0981423	0.0753192
42.536	16.5071	0.100145	0.0751817
43.4158	19.3	0.101293	0.07523
40.5089	19.4825	0.101255	0.0752974
44.0204	14.0413	0.0989283	0.0751652
42.536	16.5071	0.100145	0.0751817
41.2166	14.2175	0.0982626	0.0752008
45.2338	16.5071	0.100459	0.0751588
43.4158	19.3	0.101293	0.07523
42.536	16.5071	0.100145	0.0751817
40.5089	19.4825	0.101255	0.0752974
41.2294	22.236	0.101511	0.0753976
38.204	22.4261	0.10128	0.0754246
42.536	16.5071	0.100145	0.0751817
40.5089	19.4825	0.101255	0.0752974
39.693	16.8552	0.100254	0.0752548
43.4158	19.3	0.101293	0.07523
41.2294	22.236	0.101511	0.0753976
40.5089	19.4825	0.101255	0.0752974
47.2801	21.856	0.101961	0.0753506
44.3095	21.856	0.101836	0.0753391
46.3226	19.1174	0.101399	0.0752165
38.4127	14.3936	0.0980989	0.0752623
37.1403	16.5071	0.0999822	0.0753182
35.6088	14.5697	0.0981423	0.0753192
40.1627	11.7351	0.0951262	0.0752481
41.2166	14.2175	0.0982626	0.0752008
38.4127	14.3936	0.0980989	0.0752623
38.75	9.60269	0.0879008	0.0753227
40.1627	11.7351	0.0951262	0.0752481
37.4683	11.4071	0.0938948	0.0752963
41.25	9.60269	0.0894959	0.0752795
42.6898	11.7351	0.0964692	0.0752103
40.1627	11.7351	0.0951262	0.0752481
39.693	16.8552	0.100254	0.0752548
37.1403	16.5071	0.0999822	0.0753182
38.4127	14.3936	0.0980989	0.0752623
40.5089	19.4825	0.101255	0.0752974
37.7936	19.1174	0.101039	0.0753481
39.693	16.8552	0.100254	0.0752548
28.8815	20.2128	0.102699	0.0752341
29.1279	22.9961	0.103146	0.0751356
26.1025	23.1861	0.103452	0.0750784
32.1075	19.1174	0.101655	0.0753534
34.9506	19.1174	0.101153	0.0753875
32.4267	21.856	0.101802	0.0752994
28.8815	20.2128	0.102699	0.0752341
32.1075	19.1174	0.101655	0.0753534
32.4267	21.856	0.101802	0.0752994
31.7446	16.5071	0.100372	0.0753609
34.4425	16.5071	0.0999633	0.0753651
32.1075	19.1174	0.101655	0.0753534
28.6113	17.5512	0.101413	0.0753156
31.7446	16.5071	0.100372	0.0753609
32.1075	19.1174	0.101655	0.0753534
11.414	14.0413	0.0985264	0.0756455
12.5545	12.0646	0.0956213	0.0756519
14.1312	14.0413	0.0978304	0.0756763
12.2064	19.1174	0.100627	0.0756075
10.1618	16.5071	0.100254	0.0756486
13.1778	15.9788	0.0996043	0.0756485
9.93237	11.8999	0.0965455	0.0756137
8.74996	9.60269	0.0906109	0.0755947
11.25	9.60269	0.0887468	0.0756151
43.4158	19.3	0.101293	0.07523
45.2338	16.5071	0.100459	0.0751588
46.3226	19.1174	0.101399	0.0752165
33.1516	14.0413	0.0976016	0.0753406
35.6088	14.5697	0.0981423	0.0753192
34.4425	16.5071	0.0999633	0.0753651
36.25	9.60269	0.0870798	0.0753578
33.75	9.60269	0.0869436	0.0753823
34.9468	7.95642	0.0844957	0.0754309
21.9134	33.7485	0.100474	0.074711
18.9132	34.917	0.0905126	0.0680709
18.6835	32.5943	0.0994065	0.0740321
25	30.6708	0.102835	0.0755736
21.9134	33.7485	0.100474	0.074711
21.9612	30.6708	0.102556	0.0755529
21.8846	36.8646	0.0897532	0.0684687
18.9132	34.917	0.0905126	0.0680709
21.9134	33.7485	0.100474	0.074711
25	40	0.0984933	0.0792039
21.8846	36.8646	0.0897532	0.0684687
25.1151	35.3065	0.102307	0.076619
21.9134	33.7485	0.100474	0.074711
18.6835	32.5943	0.0994065	0.0740321
21.9612	30.6708	0.102556	0.0755529
18.7212	38.8242	0.067419	0.0538374
18.9132	34.917	0.0905126	0.0680709
21.8846	36.8646	0.0897532	0.0684687
17.2667	36.7732	0.0772217	0.0597236
15.8122	34.7222	0.0912738	0.0689329
18.9132	34.917	0.0905126	0.0680709
18.7212	38.8242	0.067419	0.0538374
17.2667	36.7732	0.0772217	0.0597236
18.9132	34.917	0.0905126	0.0680709
18.7212	38.8242	0.067419	0.0538374
15.601	39.0202	0.073537	0.0589905
17.2667	36.7732	0.0772217	0.0597236
18.7981	41.9596	0.0730227	0.0652488
18.7212	38.8242	0.067419	0.0538374
21.9014	39.3141	0.0807709	0.0648527
15.601	39.0202	0.073537	0.0589905
15.8122	34.7222	0.0912738	0.0689329
17.2667	36.7732	0.0772217	0.0597236
14.001	23.9462	0.101105	0.0754643
14.6026	21.856	0.101309	0.0754941
17.2998	24.7062	0.101542	0.0753304
13.1107	27.6505	0.100709	0.0754794
12.8447	30.6708	0.100588	0.0755338
10.1383	27.6505	0.100812	0.0754805
15.2052	26.1784	0.101082	0.0754143
15.7173	29.727	0.100944	0.0755721
13.1107	27.6505	0.100709	0.0754794
20.3799	24.7062	0.102051	0.0751932
18.0114	27.1222	0.101328	0.0753306
17.2998	24.7062	0.101542	0.0753304
18.7229	29.5382	0.101399	0.0753793
15.7173	29.727	0.100944	0.0755721
18.0114	27.1222	0.101328	0.0753306
18.7229	29.5382	0.101399	0.0753793
18.6835	32.5943	0.0994065	0.0740321
15.7173	29.727	0.100944	0.0755721
10.9756	24.1362	0.100591	0.0755027
8.05963	24.7062	0.100452	0.0754546
8.66123	21.856	0.100257	0.075559
10.1383	27.6505	0.100812	0.0754805
8.05963	24.7062	0.100452	0.0754546
10.9756	24.1362	0.100591	0.0755027
10.1383	27.6505	0.100812	0.0754805
9.80591	30.6708	0.101038	0.0756852
7.16598	27.6505	0.101118	0.0753898
6.70061	30.2933	0.101026	0.0755364
7.16598	27.6505	0.101118	0.0753898
9.80591	30.6708	0.101038	0.0756852
4.97956	24.7062	0.100614	0.075366
5.62671	21.6734	0.100233	0.0755179
8.05963	24.7062	0.100452	0.0754546
3.67737	19.1174	0.100561	0.0755958
5.62671	21.6734	0.100233	0.0755179
2.71986	21.856	0.100278	0.0754485
6.52038	19.1174	0.100701	0.0756248
4.76616	16.5071	0.100966	0.0756622
7.464	16.5071	0.100837	0.0756593
25	30.6708	0.102835	0.0755736
28.0388	30.6708	0.102319	0.075418
28.0866	33.7485	0.103095	0.0765439
47.2801	21.856	0.101961	0.0753506
48.1005	24.7062	0.102028	0.0755382
45.0204	24.7062	0.102128	0.0755172
26.4215	19.1174	0.102502	0.0752477
26.3489	16.5071	0.100639	0.0753497
28.6113	17.5512	0.101413	0.0753156
18.0114	27.1222	0.101328	0.0753306
22.0277	27.6505	0.102251	0.0751824
18.7229	29.5382	0.101399	0.0753793
17.2541	20.9431	0.101814	0.0754269
20.544	21.856	0.102381	0.0752483
17.2998	24.7062	0.101542	0.0753304
23.0771	23.3761	0.102974	0.0751075
26.1025	23.1861	0.103452	0.0750784
25.3391	26.1784	0.102754	0.0750584
17.2998	24.7062	0.101542	0.0753304
20.544	21.856	0.102381	0.0752483
20.3799	24.7062	0.102051	0.0751932
24.8405	21.1517	0.103305	0.0751535
26.1025	23.1861	0.103452	0.0750784
23.0771	23.3761	0.102974	0.0751075
20.544	21.856	0.102381	0.0752483
24.8405	21.1517	0.103305	0.0751535
23.0771	23.3761	0.102974	0.0751075
23.5785	19.1174	0.102586	0.0752815
26.4215	19.1174	0.102502	0.0752477
24.8405	21.1517	0.103305	0.0751535
31.199	26.5464	0.101646	0.0751531
30.7452	28.7831	0.10139	0.0752081
28.269	26.3624	0.102652	0.0750624
29.1279	22.9961	0.103146	0.0751356
31.199	26.5464	0.101646	0.0751531
28.269	26.3624	0.102652	0.0750624
32.7002	24.7062	0.101361	0.0752327
33.7508	28.5944	0.100257	0.0753203
31.199	26.5464	0.101646	0.0751531
20.544	21.856	0.102381	0.0752483
23.0771	23.3761	0.102974	0.0751075
20.3799	24.7062	0.102051	0.0751932
20.7355	19.1174	0.101836	0.075377
20.544	21.856	0.102381	0.0752483
17.2541	20.9431	0.101814	0.0754269
17.7548	18.7251	0.101128	0.0755024
18.2554	16.5071	0.0999545	0.0755895
20.7355	19.1174	0.101836	0.075377
14.7591	18.4213	0.100805	0.0755833
17.7548	18.7251	0.101128	0.0755024
17.2541	20.9431	0.101814	0.0754269
14.7591	18.4213	0.100805	0.0755833
15.9817	15.8026	0.0994517	0.0756482
17.7548	18.7251	0.101128	0.0755024
20.9532	16.5071	0.100154	0.0755087
23.5785	19.1174	0.102586	0.0752815
20.7355	19.1174	0.101836	0.075377
23.5785	19.1174	0.102586	0.0752815
24.8405	21.1517	0.103305	0.0751535
20.544	21.856	0.102381	0.0752483
26.689	28.4246	0.102531	0.075136
22.0277	27.6505	0.102251	0.0751824
25.3391	26.1784	0.102754	0.0750584
21.9612	30.6708	0.102556	0.0755529
18.6835	32.5943	0.0994065	0.0740321
18.7229	29.5382	0.101399	0.0753793
20.7355	19.1174	0.101836	0.075377
23.5785	19.1174	0.102586	0.0752815
20.544	21.856	0.102381	0.0752483
16.8484	14.0413	0.0976431	0.0756962
19.5656	14.0413	0.0975578	0.0756617
18.2554	16.5071	0.0999545	0.0755895
16.8484	14.0413	0.0976431	0.0756962
17.7988	12.3941	0.0952925	0.0757316
19.5656	14.0413	0.0975578	0.0756617
14.1312	14.0413	0.0978304	0.0756763
16.8484	14.0413	0.0976431	0.0756962
15.9817	15.8026	0.0994517	0.0756482
15.1767	12.2293	0.0952868	0.0757075
17.7988	12.3941	0.0952925	0.0757316
16.8484	14.0413	0.0976431	0.0756962
18.75	9.60269	0.0870412	0.0757651
21.25	9.60269	0.0870425	0.0757279
19.9458	11.7351	0.0941247	0.0757221
24.3933	15.2742	0.099307	0.0754453
23.5785	19.1174	0.102586	0.0752815
20.9532	16.5071	0.100154	0.0755087
4.97956	24.7062	0.100614	0.075366
4.19365	27.6505	0.101385	0.0752989
1.8995	24.7062	0.100883	0.0752932
8.74996	9.60269	0.0906109	0.0755947
9.93237	11.8999	0.0965455	0.0756137
7.31021	11.7351	0.0980701	0.0756128
46.8029	37.0605	0.100358	0.0797406
43.6827	37.2565	0.101253	0.0795378
46.6062	33.7485	0.101164	0.076793
41.9404	24.7062	0.101611	0.0755275
45.0204	24.7062	0.102128	0.0755172
42.7675	28.0281	0.102156	0.0757072
38.8603	24.7062	0.100945	0.075503
41.9404	24.7062	0.101611	0.0755275
39.9888	27.0985	0.101114	0.0756161
41.2294	22.236	0.101511	0.0753976
44.3095	21.856	0.101836	0.0753391
41.9404	24.7062	0.101611	0.0755275
48.7787	27.6505	0.102048	0.0757075
49.3105	30.6708	0.101702	0.0759461
46.2478	30.8632	0.102143	0.0759552
26.1025	23.1861	0.103452	0.0750784
24.8405	21.1517	0.103305	0.0751535
28.8815	20.2128	0.102699	0.0752341
28.269	26.3624	0.102652	0.0750624
26.1025	23.1861	0.103452	0.0750784
29.1279	22.9961	0.103146	0.0751356
23.0771	23.3761	0.102974	0.0751075
22.0277	27.6505	0.102251	0.0751824
20.3799	24.7062	0.102051	0.0751932
12.8447	30.6708	0.100588	0.0755338
12.7112	34.5275	0.0983633	0.0748702
9.49534	33.1714	0.100638	0.0762261
10.1383	27.6505	0.100812	0.0754805
12.8447	30.6708	0.100588	0.0755338
9.80591	30.6708	0.101038	0.0756852
14.3285	32.6965	0.0988595	0.0743349
18.6835	32.5943	0.0994065	0.0740321
15.8122	34.7222	0.0912738	0.0689329
25.1151	35.3065	0.102307	0.076619
21.8846	36.8646	0.0897532	0.0684687
21.9134	33.7485	0.100474	0.074711
14.3285	32.6965	0.0988595	0.0743349
12.7112	34.5275	0.0983633	0.0748702
12.8447	30.6708	0.100588	0.0755338
18.9132	34.917	0.0905126	0.0680709
15.8122	34.7222	0.0912738	0.0689329
18.6835	32.5943	0.0994065	0.0740321
15.601	39.0202	0.073537	0.0589905
12.5385	36.8646	0.0946287	0.0734946
15.8122	34.7222	0.0912738	0.0689329
23.5785	19.1174	0.102586	0.0752815
24.3933	15.2742	0.099307	0.0754453
26.3489	16.5071	0.100639	0.0753497
28.8815	20.2128	0.102699	0.0752341
24.8405	21.1517	0.103305	0.0751535
26.4215	19.1174	0.102502	0.0752477
18.2554	16.5071	0.0999545	0.0755895
17.7548	18.7251	0.101128	0.0755024
15.9817	15.8026	0.0994517	0.0756482
14.6026	21.856	0.101309	0.0754941
17.2541	20.9431	0.101814	0.0754269
17.2998	24.7062	0.101542	0.0753304
15.9817	15.8026	0.0994517	0.0756482
13.1778	15.9788	0.0996043	0.0756485
14.1312	14.0413	0.0978304	0.0756763
14.6026	21.856	0.101309	0.0754941
14.7591	18.4213	0.100805	0.0755833
17.2541	20.9431	0.101814	0.0754269
11.4404	21.3083	0.100565	0.0755707
14.001	23.9462	0.101105	0.0754643
10.9756	24.1362	0.100591	0.0755027
30.001	14.922	0.0988736	0.0753526
30.9096	13.2177	0.09668	0.0753509
33.1516	14.0413	0.0976016	0.0753406
31.7446	16.5071	0.100372	0.0753609
30.001	14.922	0.0988736	0.0753526
33.1516	14.0413	0.0976016	0.0753406
25.6653	12.8882	0.0964038	0.0754693
27.0253	10.7509	0.0929703	0.0754682
28.2875	13.053	0.0966095	0.0753904
25.6653	12.8882	0.0964038	0.0754693
28.2875	13.053	0.0966095	0.0753904
26.3489	16.5071	0.100639	0.0753497
33.75	9.60269	0.0869436	0.0753823
36.25	9.60269	0.0870798	0.0753578
35.1085	11.7351	0.0940817	0.0753234
39.693	16.8552	0.100254	0.0752548
41.2166	14.2175	0.0982626	0.0752008
42.536	16.5071	0.100145	0.0751817
28.8815	20.2128	0.102699	0.0752341
26.4215	19.1174	0.102502	0.0752477
28.6113	17.5512	0.101413	0.0753156
40.625	40	0.102025	0.0834515
43.75	40	0.101891	0.0838797
43.6923	43.1354	0.103631	0.0945293
34.399	40.9798	0.103502	0.0909149
37.5	40	0.102524	0.0835765
37.5191	43.9145	0.103863	0.0953166
40.5769	36.8646	0.101531	0.0788322
43.6827	37.2565	0.101253	0.0795378
40.625	40	0.102025	0.0834515
37.3464	33.7485	0.1007	0.0765645
33.997	31.6326	0.100336	0.0757822
37.1553	30.6708	0.100277	0.0757379
40.625	40	0.102025	0.0834515
37.5	40	0.102524	0.0835765
40.5769	36.8646	0.101531	0.0788322
37.4615	36.8646	0.101503	0.0789814
34.1596	34.7385	0.100986	0.0772315
37.3464	33.7485	0.1007	0.0765645
46.2478	30.8632	0.102143	0.0759552
45.7731	27.8393	0.102236	0.0757103
48.7787	27.6505	0.102048	0.0757075
49.6928	33.7485	0.100687	0.076931
46.6062	33.7485	0.101164	0.076793
49.3105	30.6708	0.101702	0.0759461
40.1941	30.6708	0.101289	0.0758053
37.1553	30.6708	0.100277	0.0757379
36.8893	27.6505	0.100299	0.075504
43.2329	30.6708	0.102394	0.0758751
40.1941	30.6708	0.101289	0.0758053
42.7675	28.0281	0.102156	0.0757072
40.433	33.7485	0.101667	0.0765168
37.3464	33.7485	0.1007	0.0765645
40.1941	30.6708	0.101289	0.0758053
31.3171	35.696	0.102307	0.0781235
31.2019	38.0404	0.103139	0.0812114
28.1154	36.8646	0.10379	0.079354
33.997	31.6326	0.100336	0.0757822
34.1596	34.7385	0.100986	0.0772315
30.9343	31.8249	0.101327	0.0756632
34.3221	37.8444	0.102135	0.0806699
31.2019	38.0404	0.103139	0.0812114
31.3171	35.696	0.102307	0.0781235
37.5	40	0.102524	0.0835765
34.3221	37.8444	0.102135	0.0806699
37.4615	36.8646	0.101503	0.0789814
34.399	40.9798	0.103502	0.0909149
31.2019	38.0404	0.103139	0.0812114
34.3221	37.8444	0.102135	0.0806699
40.1941	30.6708	0.101289	0.0758053
39.9888	27.0985	0.101114	0.0756161
42.7675	28.0281	0.102156	0.0757072
7.16598	27.6505	0.101118	0.0753898
8.05963	24.7062	0.100452	0.0754546
10.1383	27.6505	0.100812	0.0754805
3.69504	30.482	0.101264	0.075508
4.19365	27.6505	0.101385	0.0752989
6.70061	30.2933	0.101026	0.0755364
4.97956	24.7062	0.100614	0.075366
8.05963	24.7062	0.100452	0.0754546
7.16598	27.6505	0.101118	0.0753898
2.71986	21.856	0.100278	0.0754485
4.97956	24.7062	0.100614	0.075366
1.8995	24.7062	0.100883	0.0752932
14.001	23.9462	0.101105	0.0754643
11.4404	21.3083	0.100565	0.0755707
14.6026	21.856	0.101309	0.0754941
13.1107	27.6505	0.100709	0.0754794
10.9756	24.1362	0.100591	0.0755027
14.001	23.9462	0.101105	0.0754643
8.66123	21.856	0.100257	0.075559
5.62671	21.6734	0.100233	0.0755179
6.52038	19.1174	0.100701	0.0756248
12.2064	19.1174	0.100627	0.0756075
11.4404	21.3083	0.100565	0.0755707
9.3634	19.1174	0.100469	0.0756287
8.05963	24.7062	0.100452	0.0754546
5.62671	21.6734	0.100233	0.0755179
8.66123	21.856	0.100257	0.075559
44.3095	21.856	0.101836	0.0753391
41.2294	22.236	0.101511	0.0753976
43.4158	19.3	0.101293	0.07523
45.7731	27.8393	0.102236	0.0757103
45.0204	24.7062	0.102128	0.0755172
48.1005	24.7062	0.102028	0.0755382
38.8603	24.7062	0.100945	0.075503
36.8893	27.6505	0.100299	0.075504
35.7802	24.7062	0.100737	0.0753904
45.7731	27.8393	0.102236	0.0757103
42.7675	28.0281	0.102156	0.0757072
45.0204	24.7062	0.102128	0.0755172
43.2329	30.6708	0.102394	0.0758751
46.2478	30.8632	0.102143	0.0759552
43.5196	33.7485	0.102	0.076624
40.433	33.7485	0.101667	0.0765168
43.2329	30.6708	0.102394	0.0758751
43.5196	33.7485	0.102	0.076624
42.7675	28.0281	0.102156	0.0757072
45.7731	27.8393	0.102236	0.0757103
43.2329	30.6708	0.102394	0.0758751
41.9404	24.7062	0.101611	0.0755275
42.7675	28.0281	0.102156	0.0757072
39.9888	27.0985	0.101114	0.0756161
45.7731	27.8393	0.102236	0.0757103
46.2478	30.8632	0.102143	0.0759552
43.2329	30.6708	0.102394	0.0758751
8.69678	14.0413	0.0996743	0.0756369
5.97957	14.0413	0.100594	0.0756505
7.31021	11.7351	0.0980701	0.0756128
10.1618	16.5071	0.100254	0.0756486
8.69678	14.0413	0.0996743	0.0756369
11.414	14.0413	0.0985264	0.0756455
7.464	16.5071	0.100837	0.0756593
4.76616	16.5071	0.100966	0.0756622
5.97957	14.0413	0.100594	0.0756505
10.1618	16.5071	0.100254	0.0756486
7.464	16.5071	0.100837	0.0756593
8.69678	14.0413	0.0996743	0.0756369
10.1618	16.5071	0.100254	0.0756486
9.3634	19.1174	0.100469	0.0756287
7.464	16.5071	0.100837	0.0756593
9.42308	36.8646	0.100384	0.0781714
9.49534	33.1714	0.100638	0.0762261
12.7112	34.5275	0.0983633	0.0748702
12.5	40	0.095359	0.0769749
9.36058	39.4121	0.101737	0.0814397
12.5385	36.8646	0.0946287	0.0734946
9.36058	39.4121	0.101737	0.0814397
6.30769	36.8646	0.101136	0.0789338
9.42308	36.8646	0.100384	0.0781714
3.19231	36.8646	0.100864	0.0793381
3.40821	33.9432	0.100691	0.0767362
6.30769	36.8646	0.101136	0.0789338
0.076922	36.8646	0.100777	0.0797717
3.19231	36.8646	0.100864	0.0793381
3.125	40	0.101816	0.0837451
0.076922	36.8646	0.100777	0.0797717
0.307214	33.7485	0.100872	0.0768259
3.19231	36.8646	0.100864	0.0793381
6.70061	30.2933	0.101026	0.0755364
9.80591	30.6708	0.101038	0.0756852
9.49534	33.1714	0.100638	0.0762261
2.71986	21.856	0.100278	0.0754485
5.62671	21.6734	0.100233	0.0755179
4.97956	24.7062	0.100614	0.075366
18.0114	27.1222	0.101328	0.0753306
15.7173	29.727	0.100944	0.0755721
15.2052	26.1784	0.101082	0.0754143
43.5196	33.7485	0.102	0.076624
40.5769	36.8646	0.101531	0.0788322
40.433	33.7485	0.101667	0.0765168
49.9231	36.8646	0.100156	0.0798816
46.8029	37.0605	0.100358	0.0797406
49.6928	33.7485	0.100687	0.076931
43.75	40	0.101891	0.0838797
40.625	40	0.102025	0.0834515
43.6827	37.2565	0.101253	0.0795378
13.1107	27.6505	0.100709	0.0754794
15.7173	29.727	0.100944	0.0755721
12.8447	30.6708	0.100588	0.0755338
10.9756	24.1362	0.100591	0.0755027
13.1107	27.6505	0.100709	0.0754794
10.1383	27.6505	0.100812	0.0754805
15.2052	26.1784	0.101082	0.0754143
17.2998	24.7062	0.101542	0.0753304
18.0114	27.1222	0.101328	0.0753306
14.001	23.9462	0.101105	0.0754643
15.2052	26.1784	0.101082	0.0754143
13.1107	27.6505	0.100709	0.0754794
14.001	23.9462	0.101105	0.0754643
17.2998	24.7062	0.101542	0.0753304
15.2052	26.1784	0.101082	0.0754143
46.6062	33.7485	0.101164	0.076793
43.6827	37.2565	0.101253	0.0795378
43.5196	33.7485	0.102	0.076624
50	40	0.100974	0.0846546
46.8029	37.0605	0.100358	0.0797406
49.9231	36.8646	0.100156	0.0798816
46.8798	40.196	0.101463	0.0897825
43.75	40	0.101891	0.0838797
46.8029	37.0605	0.100358	0.0797406
21.9014	39.3141	0.0807709	0.0648527
21.9183	41.7637	0.0866185	0.0768224
18.7981	41.9596	0.0730227	0.0652488
25	40	0.0984933	0.0792039
21.9014	39.3141	0.0807709	0.0648527
21.8846	36.8646	0.0897532	0.0684687
25	40	0.0984933	0.0792039
21.9183	41.7637	0.0866185	0.0768224
21.9014	39.3141	0.0807709	0.0648527
22.0142	44.8882	0.0972635	0.0906321
18.7981	41.9596	0.0730227	0.0652488
21.9183	41.7637	0.0866185	0.0768224
3.69504	30.482	0.101264	0.075508
3.40821	33.9432	0.100691	0.0767362
0.68946	30.6708	0.101328	0.0755745
1.22131	27.6505	0.101434	0.0752584
3.69504	30.482	0.101264	0.075508
0.68946	30.6708	0.101328	0.0755745
6.70061	30.2933	0.101026	0.0755364
6.43263	33.3637	0.100678	0.0763443
3.69504	30.482	0.101264	0.075508
43.5196	33.7485	0.102	0.076624
43.6827	37.2565	0.101253	0.0795378
40.5769	36.8646	0.101531	0.0788322
40.1941	30.6708	0.101289	0.0758053
43.2329	30.6708	0.102394	0.0758751
40.433	33.7485	0.101667	0.0765168
46.6062	33.7485	0.101164	0.076793
49.6928	33.7485	0.100687	0.076931
46.8029	37.0605	0.100358	0.0797406
46.2478	30.8632	0.102143	0.0759552
46.6062	33.7485	0.101164	0.076793
43.5196	33.7485	0.102	0.076624
46.2478	30.8632	0.102143	0.0759552
49.3105	30.6708	0.101702	0.0759461
46.6062	33.7485	0.101164	0.076793
46.8798	40.196	0.101463	0.0897825
46.8029	37.0605	0.100358	0.0797406
50	40	0.100974	0.0846546
9.4375	42.5475	0.104742	0.091758
6.24038	39.6081	0.102489	0.0826012
9.36058	39.4121	0.101737	0.0814397
9.49534	33.1714	0.100638	0.0762261
9.80591	30.6708	0.101038	0.0756852
12.8447	30.6708	0.100588	0.0755338
12.5385	36.8646	0.0946287	0.0734946
9.42308	36.8646	0.100384	0.0781714
12.7112	34.5275	0.0983633	0.0748702
6.43263	33.3637	0.100678	0.0763443
6.70061	30.2933	0.101026	0.0755364
9.49534	33.1714	0.100638	0.0762261
4.19365	27.6505	0.101385	0.0752989
4.97956	24.7062	0.100614	0.075366
7.16598	27.6505	0.101118	0.0753898
1.22131	27.6505	0.101434	0.0752584
4.19365	27.6505	0.101385	0.0752989
3.69504	30.482	0.101264	0.075508
1.22131	27.6505	0.101434	0.0752584
1.8995	24.7062	0.100883	0.0752932
4.19365	27.6505	0.101385	0.0752989
6.70061	30.2933	0.101026	0.0755364
4.19365	27.6505	0.101385	0.0752989
7.16598	27.6505	0.101118	0.0753898
18.7229	29.5382	0.101399	0.0753793
22.0277	27.6505	0.102251	0.0751824
21.9612	30.6708	0.102556	0.0755529
14.3285	32.6965	0.0988595	0.0743349
12.8447	30.6708	0.100588	0.0755338
15.7173	29.727	0.100944	0.0755721
18.6835	32.5943	0.0994065	0.0740321
14.3285	32.6965	0.0988595	0.0743349
15.7173	29.727	0.100944	0.0755721
15.8122	34.7222	0.0912738	0.0689329
12.7112	34.5275	0.0983633	0.0748702
14.3285	32.6965	0.0988595	0.0743349
18.0114	27.1222	0.101328	0.0753306
20.3799	24.7062	0.102051	0.0751932
22.0277	27.6505	0.102251	0.0751824
3.40821	33.9432	0.100691	0.0767362
3.69504	30.482	0.101264	0.075508
6.43263	33.3637	0.100678	0.0763443
46.8077	43.1354	0.104252	0.0950352
43.6923	43.1354	0.103631	0.0945293
46.8798	40.196	0.101463	0.0897825
49.9231	43.1354	0.103868	0.0951198
46.8077	43.1354	0.104252	0.0950352
46.8798	40.196	0.101463	0.0897825
46.2717	49.3292	0.107904	0.0982374
49.3105	49.3292	0.108928	0.0985027
48.7787	52.3495	0.108318	0.0973471
43.5196	46.2515	0.1059	0.0978617
46.2717	49.3292	0.107904	0.0982374
43.2329	49.3292	0.106635	0.0982971
40.433	46.2515	0.104473	0.0977025
43.5196	46.2515	0.1059	0.0978617
43.2329	49.3292	0.106635	0.0982971
43.6923	43.1354	0.103631	0.0945293
46.8077	43.1354	0.104252	0.0950352
46.6062	46.2515	0.107134	0.0981536
46.6062	46.2515	0.107134	0.0981536
49.3105	49.3292	0.108928	0.0985027
46.2717	49.3292	0.107904	0.0982374
6.30769	36.8646	0.101136	0.0789338
6.43263	33.3637	0.100678	0.0763443
9.42308	36.8646	0.100384	0.0781714
3.125	40	0.101816	0.0837451
3.19231	36.8646	0.100864	0.0793381
6.24038	39.6081	0.102489	0.0826012
3.40821	33.9432	0.100691	0.0767362
6.43263	33.3637	0.100678	0.0763443
6.30769	36.8646	0.101136	0.0789338
0.307214	33.7485	0.100872	0.0768259
3.40821	33.9432	0.100691	0.0767362
3.19231	36.8646	0.100864	0.0793381
0.307214	33.7485	0.100872	0.0768259
0.68946	30.6708	0.101328	0.0755745
3.40821	33.9432	0.100691	0.0767362
