25	30.6708	2.89875	2.54861
28.0866	33.7485	3.02614	2.52687
25.1151	35.3065	2.92395	2.53457
22.0277	27.6505	2.98336	2.4345
25	30.6708	2.89875	2.54861
21.9612	30.6708	3.02998	2.46904
26.689	28.4246	2.92164	2.44288
28.269	26.3624	2.99005	2.41732
30.7452	28.7831	2.91365	2.38574
25	30.6708	2.89875	2.54861
26.689	28.4246	2.92164	2.44288
28.0388	30.6708	2.98025	2.51625
25.3391	26.1784	2.87691	2.41744
28.269	26.3624	2.99005	2.41732
26.689	28.4246	2.92164	2.44288
28.0388	30.6708	2.98025	2.51625
30.9343	31.8249	2.90336	2.41727
28.0866	33.7485	3.02614	2.52687
22.0277	27.6505	2.98336	2.4345
26.689	28.4246	2.92164	2.44288
25	30.6708	2.89875	2.54861
30.7452	28.7831	2.91365	2.38574
30.9343	31.8249	2.90336	2.41727
28.0388	30.6708	2.98025	2.51625
26.689	28.4246	2.92164	2.44288
30.7452	28.7831	2.91365	2.38574
28.0388	30.6708	2.98025	2.51625
26.1025	23.1861	2.98686	2.54955
28.269	26.3624	2.99005	2.41732
25.3391	26.1784	2.87691	2.41744
29.1279	22.9961	3.03555	2.4646
32.7002	24.7062	2.89805	2.39171
31.199	26.5464	2.97352	2.47348
33.7508	28.5944	2.88667	2.50207
30.9343	31.8249	2.90336	2.41727
30.7452	28.7831	2.91365	2.38574
31.199	26.5464	2.97352	2.47348
33.7508	28.5944	2.88667	2.50207
30.7452	28.7831	2.91365	2.38574
37.4615	36.8646	2.95884	2.52824
40.433	33.7485	3.00839	2.46501
40.5769	36.8646	2.89164	2.53259
36.8893	27.6505	2.94693	2.55
37.1553	30.6708	2.85448	2.54304
33.7508	28.5944	2.88667	2.50207
36.8893	27.6505	2.94693	2.55
39.9888	27.0985	2.87276	2.55166
40.1941	30.6708	2.88838	2.52167
34.9506	19.1174	2.95603	2.48571
34.4425	16.5071	2.88827	2.55252
37.1403	16.5071	2.96817	2.45278
38.204	22.4261	3.00218	2.50479
35.1786	22.6161	2.8482	2.5248
36.4861	20.8667	2.88875	2.42517
32.1075	19.1174	2.98159	2.54759
28.8815	20.2128	2.93021	2.3972
28.6113	17.5512	2.94823	2.45755
38.204	22.4261	3.00218	2.50479
35.7802	24.7062	2.96104	2.39851
35.1786	22.6161	2.8482	2.5248
32.7002	24.7062	2.89805	2.39171
29.1279	22.9961	3.03555	2.4646
32.4267	21.856	2.88269	2.5465
45.7731	27.8393	2.92178	2.55065
48.1005	24.7062	2.87515	2.39084
48.7787	27.6505	2.87803	2.43803
38.8603	24.7062	2.87456	2.47157
41.2294	22.236	2.93138	2.49145
41.9404	24.7062	2.88606	2.49392
38.8603	24.7062	2.87456	2.47157
38.204	22.4261	3.00218	2.50479
41.2294	22.236	2.93138	2.49145
36.8893	27.6505	2.94693	2.55
38.8603	24.7062	2.87456	2.47157
39.9888	27.0985	2.87276	2.55166
35.7802	24.7062	2.96104	2.39851
38.204	22.4261	3.00218	2.50479
38.8603	24.7062	2.87456	2.47157
33.7508	28.5944	2.88667	2.50207
35.7802	24.7062	2.96104	2.39851
36.8893	27.6505	2.94693	2.55
32.7002	24.7062	2.89805	2.39171
32.4267	21.856	2.88269	2.5465
35.1786	22.6161	2.8482	2.5248
37.7936	19.1174	2.9334	2.51289
40.5089	19.4825	2.96276	2.44174
38.204	22.4261	3.00218	2.50479
35.1786	22.6161	2.8482	2.5248
32.4267	21.856	2.88269	2.5465
34.9506	19.1174	2.95603	2.48571
36.4861	20.8667	2.88875	2.42517
35.1786	22.6161	2.8482	2.5248
34.9506	19.1174	2.95603	2.48571
37.7936	19.1174	2.9334	2.51289
36.4861	20.8667	2.88875	2.42517
34.9506	19.1174	2.95603	2.48571
37.7936	19.1174	2.9334	2.51289
38.204	22.4261	3.00218	2.50479
36.4861	20.8667	2.88875	2.42517
35.7802	24.7062	2.96104	2.39851
32.7002	24.7062	2.89805	2.39171
35.1786	22.6161	2.8482	2.5248
33.7508	28.5944	2.88667	2.50207
32.7002	24.7062	2.89805	2.39171
35.7802	24.7062	2.96104	2.39851
29.1279	22.9961	3.03555	2.4646
28.8815	20.2128	2.93021	2.3972
32.4267	21.856	2.88269	2.5465
37.1403	16.5071	2.96817	2.45278
39.693	16.8552	2.96745	2.47475
37.7936	19.1174	2.9334	2.51289
44.3095	21.856	2.9815	2.50596
47.2801	21.856	2.97562	2.40592
45.0204	24.7062	2.99032	2.38645
41.9404	24.7062	2.88606	2.49392
44.3095	21.856	2.9815	2.50596
45.0204	24.7062	2.99032	2.38645
43.4158	19.3	2.9562	2.41354
46.3226	19.1174	2.89797	2.44508
44.3095	21.856	2.9815	2.50596
28.0866	46.2515	2.98321	2.94907
31.0776	49.3292	2.98664	2.85946
28.0388	49.3292	3.00728	2.86163
25	43.1354	3.02132	2.82062
28.1154	43.1354	3.0311	2.97686
28.0866	46.2515	2.98321	2.94907
37.3464	46.2515	2.97945	2.79927
34.3294	43.6157	2.94701	2.94981
37.5191	43.9145	2.99446	2.887
31.226	43.7137	2.90166	2.81195
31.2788	41.1758	2.91638	2.94904
34.3294	43.6157	2.94701	2.94981
28.0866	46.2515	2.98321	2.94907
31.226	43.7137	2.90166	2.81195
31.1732	46.2515	3.00426	2.9223
28.1154	43.1354	3.0311	2.97686
31.2788	41.1758	2.91638	2.94904
31.226	43.7137	2.90166	2.81195
25	46.2515	2.85784	2.90066
25	43.1354	3.02132	2.82062
28.0866	46.2515	2.98321	2.94907
28.125	40	2.89175	2.52957
31.2788	41.1758	2.91638	2.94904
28.1154	43.1354	3.0311	2.97686
28.125	40	2.89175	2.52957
31.2019	38.0404	2.96067	2.44184
31.2788	41.1758	2.91638	2.94904
31.2019	38.0404	2.96067	2.44184
34.399	40.9798	2.97482	2.90944
31.2788	41.1758	2.91638	2.94904
28.0866	33.7485	3.02614	2.52687
31.3171	35.696	2.95479	2.54971
28.1154	36.8646	3.02439	2.52317
37.3464	33.7485	2.8736	2.44591
37.1553	30.6708	2.85448	2.54304
40.1941	30.6708	2.88838	2.52167
37.4615	36.8646	2.95884	2.52824
37.3464	33.7485	2.8736	2.44591
40.433	33.7485	3.00839	2.46501
37.4615	36.8646	2.95884	2.52824
34.3221	37.8444	2.884	2.43837
34.1596	34.7385	2.89116	2.39491
34.1596	34.7385	2.89116	2.39491
33.997	31.6326	2.90777	2.40026
37.3464	33.7485	2.8736	2.44591
31.3171	35.696	2.95479	2.54971
34.1596	34.7385	2.89116	2.39491
34.3221	37.8444	2.884	2.43837
31.3171	35.696	2.95479	2.54971
30.9343	31.8249	2.90336	2.41727
34.1596	34.7385	2.89116	2.39491
30.9343	31.8249	2.90336	2.41727
33.7508	28.5944	2.88667	2.50207
33.997	31.6326	2.90777	2.40026
40.433	46.2515	2.90423	2.90493
40.6201	43.7197	2.88521	2.96891
43.5196	46.2515	3.01477	2.95146
46.8029	37.0605	2.85842	2.43597
43.75	40	3.00033	2.50427
43.6827	37.2565	2.93844	2.55245
49.9231	43.1354	2.88287	2.92059
46.8798	40.196	2.86296	2.86731
50	40	2.85872	2.53034
49.9231	43.1354	2.88287	2.92059
49.6928	46.2515	2.98959	2.95266
46.8077	43.1354	2.99801	2.95552
25	43.1354	3.02132	2.82062
25	46.2515	2.85784	2.90066
22.0142	44.8882	2.88902	2.84054
25	40	2.90765	2.43236
25	43.1354	3.02132	2.82062
21.9183	41.7637	2.98346	2.96034
25	40	2.90765	2.43236
28.1154	43.1354	3.0311	2.97686
25	43.1354	3.02132	2.82062
31.2019	38.0404	2.96067	2.44184
28.125	40	2.89175	2.52957
28.1154	36.8646	3.02439	2.52317
28.1154	43.1354	3.0311	2.97686
31.226	43.7137	2.90166	2.81195
28.0866	46.2515	2.98321	2.94907
18.7981	41.9596	2.95736	2.879
15.601	39.0202	2.97244	2.42093
18.7212	38.8242	2.92891	2.45927
17.2523	44.2036	2.85285	2.82398
15.7402	46.2515	3.01943	2.83716
14.1489	44.3016	3.01438	2.89649
18.7981	41.9596	2.95736	2.879
17.2523	44.2036	2.85285	2.82398
15.6779	42.1556	2.87982	2.91343
18.8268	46.2515	2.98242	2.83479
15.7402	46.2515	3.01943	2.83716
17.2523	44.2036	2.85285	2.82398
21.7462	47.598	2.90484	2.96471
18.8268	46.2515	2.98242	2.83479
22.0142	44.8882	2.88902	2.84054
21.7462	47.598	2.90484	2.96471
18.9224	49.3292	2.87046	2.95182
18.8268	46.2515	2.98242	2.83479
15.6779	42.1556	2.87982	2.91343
15.601	39.0202	2.97244	2.42093
18.7981	41.9596	2.95736	2.879
18.8268	46.2515	2.98242	2.83479
17.2523	44.2036	2.85285	2.82398
18.7981	41.9596	2.95736	2.879
14.1489	44.3016	3.01438	2.89649
12.6536	46.2515	3.0005	2.78946
12.5577	42.3516	3.01312	2.88761
15.6779	42.1556	2.87982	2.91343
14.1489	44.3016	3.01438	2.89649
12.5577	42.3516	3.01312	2.88761
15.7402	46.2515	3.01943	2.83716
12.6536	46.2515	3.0005	2.78946
14.1489	44.3016	3.01438	2.89649
12.7118	50.0843	3.02329	2.90033
12.6536	46.2515	3.0005	2.78946
15.8835	49.3292	2.98048	2.84214
16.083	52.3495	2.87353	2.81519
13.1107	52.3495	3.01362	2.86567
15.8835	49.3292	2.98048	2.84214
18.9224	49.3292	2.87046	2.95182
16.083	52.3495	2.87353	2.81519
15.8835	49.3292	2.98048	2.84214
13.1107	52.3495	3.01362	2.86567
10.6893	54.7417	2.85809	2.90761
10.1383	52.3495	2.98613	2.86826
15.8835	49.3292	2.98048	2.84214
13.1107	52.3495	3.01362	2.86567
12.7118	50.0843	3.02329	2.90033
14.2198	55.2938	2.90065	2.93874
10.6893	54.7417	2.85809	2.90761
13.1107	52.3495	3.01362	2.86567
17.0264	56.2438	2.9437	2.83322
14.2198	55.2938	2.90065	2.93874
16.083	52.3495	2.87353	2.81519
17.2808	59.0298	2.91689	2.94635
17.5295	61.7527	2.61527	2.92746
15.0494	60.8826	2.6055	2.81132
17.0264	56.2438	2.9437	2.83322
17.2808	59.0298	2.91689	2.94635
14.6026	58.144	2.94594	2.94488
17.0264	56.2438	2.9437	2.83322
20.0518	56.4338	3.02945	2.79734
17.2808	59.0298	2.91689	2.94635
7.16598	52.3495	3.00588	2.80518
8.05963	55.2938	2.92688	2.83901
4.92487	55.4838	2.99483	2.96333
6.76709	49.3292	2.99803	2.97278
7.16598	52.3495	3.00588	2.80518
4.19365	52.3495	3.00276	2.96138
10.1383	52.3495	2.98613	2.86826
8.05963	55.2938	2.92688	2.83901
7.16598	52.3495	3.00588	2.80518
12.7118	50.0843	3.02329	2.90033
10.1383	52.3495	2.98613	2.86826
9.70619	49.8955	2.8712	2.8106
10.6893	54.7417	2.85809	2.90761
8.05963	55.2938	2.92688	2.83901
10.1383	52.3495	2.98613	2.86826
12.5577	42.3516	3.01312	2.88761
12.5	40	2.88749	2.54245
15.6779	42.1556	2.87982	2.91343
9.61019	45.6673	2.89943	2.82095
12.5577	42.3516	3.01312	2.88761
12.6536	46.2515	3.0005	2.78946
9.61019	45.6673	2.89943	2.82095
6.31731	42.7435	3.01789	2.87898
9.4375	42.5475	3.01394	2.97079
-3.10282e-28	40	2.88912	2.96724
3.125	40	2.88382	2.55032
3.19711	42.9395	2.92043	2.84841
-3.10282e-28	40	2.88912	2.96724
0.076922	36.8646	2.95456	2.55687
3.125	40	2.88382	2.55032
46.6062	46.2515	3.02377	2.91557
46.2717	49.3292	2.92614	2.79845
43.5196	46.2515	3.01477	2.95146
43.6923	43.1354	2.90099	2.91989
46.6062	46.2515	3.02377	2.91557
43.5196	46.2515	3.01477	2.95146
49.6928	46.2515	2.98959	2.95266
49.3105	49.3292	3.034	2.9243
46.6062	46.2515	3.02377	2.91557
27.4517	72.3429	2.72262	2.45172
25	72.3429	2.63989	2.46725
27.0253	69.2491	2.55633	2.87461
24.7277	76.3587	2.56637	2.51911
26.189	74.0896	2.65213	2.52112
27.2733	75.6267	2.70693	2.43135
24.7277	76.3587	2.56637	2.51911
23.0327	74.7883	2.58998	2.4032
26.189	74.0896	2.65213	2.52112
23.0339	79.8761	2.61931	2.41773
21.0802	79.5053	2.64785	2.55162
21.6827	78.0345	2.54376	2.54566
19.6759	76.9444	2.59924	2.4055
19.0551	74.0896	2.60756	2.47115
21.4331	74.0896	2.54555	2.54218
19.6759	76.9444	2.59924	2.4055
18.1801	75.6267	2.5908	2.45902
19.0551	74.0896	2.60756	2.47115
21.4331	74.0896	2.54555	2.54218
23.0327	74.7883	2.58998	2.4032
22.3999	76.5052	2.61222	2.55211
20.0967	72.3429	2.70946	2.39494
22.5483	72.3429	2.69991	2.482
21.4331	74.0896	2.54555	2.54218
16.5527	73.7985	2.58348	2.40486
17.645	72.3429	2.681	2.46692
19.0551	74.0896	2.60756	2.47115
19.193	69.7412	2.67369	2.83132
21.8037	69.5771	2.5589	2.9545
20.0967	72.3429	2.70946	2.39494
21.8037	69.5771	2.5589	2.9545
23.75	70.3973	2.65319	2.3959
22.5483	72.3429	2.69991	2.482
21.6827	78.0345	2.54376	2.54566
19.1515	78.89	2.608	2.52913
19.6759	76.9444	2.59924	2.4055
22.3999	76.5052	2.61222	2.55211
19.6759	76.9444	2.59924	2.4055
21.4331	74.0896	2.54555	2.54218
22.3999	76.5052	2.61222	2.55211
21.6827	78.0345	2.54376	2.54566
19.6759	76.9444	2.59924	2.4055
24.7277	76.3587	2.56637	2.51911
22.3999	76.5052	2.61222	2.55211
23.0327	74.7883	2.58998	2.4032
24.7277	76.3587	2.56637	2.51911
24.9752	78.5234	2.65966	2.51324
23.329	78.279	2.54962	2.50555
21.0802	79.5053	2.64785	2.55162
19.1515	78.89	2.608	2.52913
21.6827	78.0345	2.54376	2.54566
25	80	2.67068	2.46025
24.9752	78.5234	2.65966	2.51324
26.9661	79.8761	2.62903	2.51489
19.6759	76.9444	2.59924	2.4055
19.1515	78.89	2.608	2.52913
17.2597	78.0345	2.62988	2.4148
28.3173	78.0345	2.72093	2.40094
30.8485	78.89	2.60643	2.50382
28.9198	79.5053	2.63377	2.46825
18.1801	75.6267	2.5908	2.45902
19.6759	76.9444	2.59924	2.4055
17.2597	78.0345	2.62988	2.4148
15.4167	76.9444	2.58325	2.43369
18.1801	75.6267	2.5908	2.45902
17.2597	78.0345	2.62988	2.4148
23.0327	74.7883	2.58998	2.4032
21.4331	74.0896	2.54555	2.54218
22.5483	72.3429	2.69991	2.482
15.4167	76.9444	2.58325	2.43369
16.5527	73.7985	2.58348	2.40486
18.1801	75.6267	2.5908	2.45902
20.0967	72.3429	2.70946	2.39494
21.8037	69.5771	2.5589	2.9545
22.5483	72.3429	2.69991	2.482
15.4167	76.9444	2.58325	2.43369
13.6336	75.6267	2.67446	2.42521
14.237	73.9441	2.70015	2.42652
29.3832	76.0659	2.71987	2.46833
31.3712	77.1646	2.55483	2.46142
28.3173	78.0345	2.72093	2.40094
31.9219	75.3472	2.62115	2.42358
34.5833	76.9444	2.56481	2.56016
32.7403	78.0345	2.66909	2.53054
14.237	73.9441	2.70015	2.42652
11.9212	74.0896	2.72711	2.48228
12.7417	72.3429	2.60333	2.47836
11.25	70.3973	2.55821	2.40396
12.7417	72.3429	2.60333	2.47836
10.2901	72.3429	2.58391	2.55202
17.645	72.3429	2.681	2.46692
16.5527	73.7985	2.58348	2.40486
15.1934	72.3429	2.57885	2.54549
19.193	69.7412	2.67369	2.83132
17.645	72.3429	2.681	2.46692
16.25	70.3973	2.68824	2.39548
20.0967	72.3429	2.70946	2.39494
19.0551	74.0896	2.60756	2.47115
17.645	72.3429	2.681	2.46692
19.0551	74.0896	2.60756	2.47115
18.1801	75.6267	2.5908	2.45902
16.5527	73.7985	2.58348	2.40486
32.355	72.3429	2.72182	2.50441
34.8066	72.3429	2.60419	2.49121
33.3228	74.0896	2.65638	2.51397
33.3228	74.0896	2.65638	2.51397
31.9219	75.3472	2.62115	2.42358
30.9297	73.8705	2.67236	2.48189
35.7008	74.0896	2.69546	2.52865
33.3228	74.0896	2.65638	2.51397
34.8066	72.3429	2.60419	2.49121
34.5833	76.9444	2.56481	2.56016
31.9219	75.3472	2.62115	2.42358
33.3228	74.0896	2.65638	2.51397
17.4187	68.2649	2.55419	2.86128
14.8915	68.2649	2.60655	2.8814
16.8484	65.9587	2.63799	2.94675
16.25	70.3973	2.68824	2.39548
13.513	70.6966	2.67891	2.45443
14.8915	68.2649	2.60655	2.8814
19.193	69.7412	2.67369	2.83132
16.25	70.3973	2.68824	2.39548
17.4187	68.2649	2.55419	2.86128
15.1934	72.3429	2.57885	2.54549
14.237	73.9441	2.70015	2.42652
12.7417	72.3429	2.60333	2.47836
17.645	72.3429	2.681	2.46692
15.1934	72.3429	2.57885	2.54549
16.25	70.3973	2.68824	2.39548
16.5527	73.7985	2.58348	2.40486
14.237	73.9441	2.70015	2.42652
15.1934	72.3429	2.57885	2.54549
12.7417	72.3429	2.60333	2.47836
11.25	70.3973	2.55821	2.40396
13.513	70.6966	2.67891	2.45443
8.74996	70.3973	2.63261	2.41661
11.25	70.3973	2.55821	2.40396
10.2901	72.3429	2.58391	2.55202
12.3644	68.2649	2.57622	2.80788
13.846	66.4528	2.59808	2.81986
14.8915	68.2649	2.60655	2.8814
9.83732	68.2649	2.64721	2.87567
12.3644	68.2649	2.57622	2.80788
11.25	70.3973	2.55821	2.40396
9.83732	68.2649	2.64721	2.87567
11.414	65.9587	2.6198	2.97992
12.3644	68.2649	2.57622	2.80788
9.83732	68.2649	2.64721	2.87567
11.25	70.3973	2.55821	2.40396
8.74996	70.3973	2.63261	2.41661
14.8915	68.2649	2.60655	2.8814
13.513	70.6966	2.67891	2.45443
12.3644	68.2649	2.57622	2.80788
15.1934	72.3429	2.57885	2.54549
12.7417	72.3429	2.60333	2.47836
13.513	70.6966	2.67891	2.45443
15.4167	76.9444	2.58325	2.43369
14.237	73.9441	2.70015	2.42652
16.5527	73.7985	2.58348	2.40486
13.6336	75.6267	2.67446	2.42521
11.9212	74.0896	2.72711	2.48228
14.237	73.9441	2.70015	2.42652
11.9212	74.0896	2.72711	2.48228
10.2901	72.3429	2.58391	2.55202
12.7417	72.3429	2.60333	2.47836
7.31021	68.2649	2.61676	2.85864
9.83732	68.2649	2.64721	2.87567
8.74996	70.3973	2.63261	2.41661
7.31021	68.2649	2.61676	2.85864
5.97957	65.9587	2.61446	2.92424
8.78345	65.7825	2.60037	2.94347
28.3173	78.0345	2.72093	2.40094
28.9198	79.5053	2.63377	2.46825
26.9661	79.8761	2.62903	2.51489
31.3712	77.1646	2.55483	2.46142
31.9219	75.3472	2.62115	2.42358
32.7403	78.0345	2.66909	2.53054
28.3173	78.0345	2.72093	2.40094
31.3712	77.1646	2.55483	2.46142
30.8485	78.89	2.60643	2.50382
29.3832	76.0659	2.71987	2.46833
31.9219	75.3472	2.62115	2.42358
31.3712	77.1646	2.55483	2.46142
27.2733	75.6267	2.70693	2.43135
29.3832	76.0659	2.71987	2.46833
28.3173	78.0345	2.72093	2.40094
28.5669	74.0896	2.59183	2.45261
29.9033	72.3429	2.63524	2.43681
30.9297	73.8705	2.67236	2.48189
27.2733	75.6267	2.70693	2.43135
28.5669	74.0896	2.59183	2.45261
29.3832	76.0659	2.71987	2.46833
27.2733	75.6267	2.70693	2.43135
26.189	74.0896	2.65213	2.52112
28.5669	74.0896	2.59183	2.45261
26.2439	77.6257	2.72049	2.39801
27.2733	75.6267	2.70693	2.43135
28.3173	78.0345	2.72093	2.40094
26.9661	79.8761	2.62903	2.51489
26.2439	77.6257	2.72049	2.39801
28.3173	78.0345	2.72093	2.40094
24.9752	78.5234	2.65966	2.51324
24.7277	76.3587	2.56637	2.51911
26.2439	77.6257	2.72049	2.39801
31.0572	70.658	2.5684	2.54462
30.0542	68.2649	2.56846	2.97515
32.2468	68.921	2.63662	2.89879
31.0572	70.658	2.5684	2.54462
28.75	70.3973	2.59319	2.5143
30.0542	68.2649	2.56846	2.97515
33.75	70.3973	2.62988	2.4416
31.0572	70.658	2.5684	2.54462
32.2468	68.921	2.63662	2.89879
29.9033	72.3429	2.63524	2.43681
28.75	70.3973	2.59319	2.5143
31.0572	70.658	2.5684	2.54462
30.9297	73.8705	2.67236	2.48189
29.9033	72.3429	2.63524	2.43681
32.355	72.3429	2.72182	2.50441
33.3228	74.0896	2.65638	2.51397
30.9297	73.8705	2.67236	2.48189
32.355	72.3429	2.72182	2.50441
31.9219	75.3472	2.62115	2.42358
29.3832	76.0659	2.71987	2.46833
30.9297	73.8705	2.67236	2.48189
28.5669	74.0896	2.59183	2.45261
26.189	74.0896	2.65213	2.52112
27.4517	72.3429	2.72262	2.45172
25	72.3429	2.63989	2.46725
23.75	70.3973	2.65319	2.3959
27.0253	69.2491	2.55633	2.87461
26.9661	79.8761	2.62903	2.51489
24.9752	78.5234	2.65966	2.51324
26.2439	77.6257	2.72049	2.39801
27.0253	69.2491	2.55633	2.87461
24.3347	67.1118	2.69072	2.88067
26.9568	67.2765	2.71596	2.82675
19.0904	66.7823	2.7168	2.8135
19.999	65.078	2.7014	2.942
22.2828	65.9587	2.65699	2.918
17.4187	68.2649	2.55419	2.86128
19.0904	66.7823	2.7168	2.8135
19.193	69.7412	2.67369	2.83132
17.4187	68.2649	2.55419	2.86128
16.8484	65.9587	2.63799	2.94675
19.0904	66.7823	2.7168	2.8135
27.4517	72.3429	2.72262	2.45172
28.75	70.3973	2.59319	2.5143
29.9033	72.3429	2.63524	2.43681
28.5669	74.0896	2.59183	2.45261
27.4517	72.3429	2.72262	2.45172
29.9033	72.3429	2.63524	2.43681
26.189	74.0896	2.65213	2.52112
25	72.3429	2.63989	2.46725
27.4517	72.3429	2.72262	2.45172
27.0253	69.2491	2.55633	2.87461
26.9568	67.2765	2.71596	2.82675
30.0542	68.2649	2.56846	2.97515
27.4517	72.3429	2.72262	2.45172
27.0253	69.2491	2.55633	2.87461
28.75	70.3973	2.59319	2.5143
23.75	70.3973	2.65319	2.3959
24.3347	67.1118	2.69072	2.88067
27.0253	69.2491	2.55633	2.87461
34.8233	67.7707	2.56158	2.91311
37.4455	67.9354	2.5915	2.97733
36.25	70.3973	2.56715	2.44899
31.3712	77.1646	2.55483	2.46142
32.7403	78.0345	2.66909	2.53054
30.8485	78.89	2.60643	2.50382
23.329	78.279	2.54962	2.50555
22.3999	76.5052	2.61222	2.55211
24.7277	76.3587	2.56637	2.51911
23.0339	79.8761	2.61931	2.41773
23.329	78.279	2.54962	2.50555
24.9752	78.5234	2.65966	2.51324
21.6827	78.0345	2.54376	2.54566
22.3999	76.5052	2.61222	2.55211
23.329	78.279	2.54962	2.50555
21.6827	78.0345	2.54376	2.54566
23.329	78.279	2.54962	2.50555
23.0339	79.8761	2.61931	2.41773
25	72.3429	2.63989	2.46725
26.189	74.0896	2.65213	2.52112
23.0327	74.7883	2.58998	2.4032
27.2733	75.6267	2.70693	2.43135
26.2439	77.6257	2.72049	2.39801
24.7277	76.3587	2.56637	2.51911
25	80	2.67068	2.46025
23.0339	79.8761	2.61931	2.41773
24.9752	78.5234	2.65966	2.51324
35.7008	74.0896	2.69546	2.52865
37.3942	72.4885	2.59902	2.48387
38.0788	74.0896	2.67379	2.45568
34.5833	76.9444	2.56481	2.56016
35.7008	74.0896	2.69546	2.52865
36.3664	75.6267	2.66528	2.515
34.8066	72.3429	2.60419	2.49121
37.3942	72.4885	2.59902	2.48387
35.7008	74.0896	2.69546	2.52865
34.5833	76.9444	2.56481	2.56016
33.3228	74.0896	2.65638	2.51397
35.7008	74.0896	2.69546	2.52865
33.75	70.3973	2.62988	2.4416
36.25	70.3973	2.56715	2.44899
34.8066	72.3429	2.60419	2.49121
35.7008	74.0896	2.69546	2.52865
38.0788	74.0896	2.67379	2.45568
36.3664	75.6267	2.66528	2.515
37.4455	67.9354	2.5915	2.97733
38.75	70.3973	2.56431	2.49815
36.25	70.3973	2.56715	2.44899
39.7099	72.3429	2.58382	2.4874
38.0788	74.0896	2.67379	2.45568
37.3942	72.4885	2.59902	2.48387
36.25	70.3973	2.56715	2.44899
33.75	70.3973	2.62988	2.4416
34.8233	67.7707	2.56158	2.91311
37.3942	72.4885	2.59902	2.48387
36.25	70.3973	2.56715	2.44899
38.75	70.3973	2.56431	2.49815
37.3942	72.4885	2.59902	2.48387
34.8066	72.3429	2.60419	2.49121
36.25	70.3973	2.56715	2.44899
15.5575	63.4929	2.59536	2.96946
16.8484	65.9587	2.63799	2.94675
13.846	66.4528	2.59808	2.81986
11.414	65.9587	2.6198	2.97992
12.8597	63.4929	2.69611	2.80883
13.846	66.4528	2.59808	2.81986
15.0494	60.8826	2.6055	2.81132
17.5295	61.7527	2.61527	2.92746
15.5575	63.4929	2.59536	2.96946
15.5575	63.4929	2.59536	2.96946
17.5295	61.7527	2.61527	2.92746
16.8484	65.9587	2.63799	2.94675
11.6319	58.144	3.00221	2.89719
14.6026	58.144	2.94594	2.94488
12.3979	60.3349	2.67638	2.96793
14.6026	58.144	2.94594	2.94488
17.2808	59.0298	2.91689	2.94635
15.0494	60.8826	2.6055	2.81132
20.363	63.0044	2.68813	2.97541
19.999	65.078	2.7014	2.942
17.5295	61.7527	2.61527	2.92746
20.7355	60.8826	2.65396	2.98226
20.363	63.0044	2.68813	2.97541
17.5295	61.7527	2.61527	2.92746
20.7355	60.8826	2.65396	2.98226
23.0704	62.1007	2.70333	2.89213
20.363	63.0044	2.68813	2.97541
11.6319	58.144	3.00221	2.89719
10.6893	54.7417	2.85809	2.90761
14.2198	55.2938	2.90065	2.93874
9.3634	60.8826	2.61159	2.84329
11.6319	58.144	3.00221	2.89719
12.3979	60.3349	2.67638	2.96793
8.66123	58.144	2.85196	2.85958
10.6893	54.7417	2.85809	2.90761
11.6319	58.144	3.00221	2.89719
5.69054	58.144	2.95379	2.90794
4.92487	55.4838	2.99483	2.96333
8.05963	55.2938	2.92688	2.83901
6.4478	61.0566	2.56922	2.839
5.69054	58.144	2.95379	2.90794
8.66123	58.144	2.85196	2.85958
3.67737	60.8826	2.69159	2.92708
2.71986	58.144	2.98533	2.79544
5.69054	58.144	2.95379	2.90794
36.8222	64.0212	2.64528	2.83836
39.6261	63.8451	2.58548	2.84725
38.586	65.9587	2.58539	2.85974
34.1521	62.7968	2.62311	2.95055
36.8222	64.0212	2.64528	2.83836
35.8688	65.9587	2.71649	2.92895
37.7936	60.8826	2.70324	2.84882
39.6261	63.8451	2.58548	2.84725
36.8222	64.0212	2.64528	2.83836
38.75	70.3973	2.56431	2.49815
40.1627	68.2649	2.62698	2.79401
41.25	70.3973	2.65383	2.40679
37.3942	72.4885	2.59902	2.48387
38.75	70.3973	2.56431	2.49815
39.7099	72.3429	2.58382	2.4874
37.4455	67.9354	2.5915	2.97733
40.1627	68.2649	2.62698	2.79401
38.75	70.3973	2.56431	2.49815
35.8688	65.9587	2.71649	2.92895
37.4455	67.9354	2.5915	2.97733
34.8233	67.7707	2.56158	2.91311
33.1516	65.9587	2.58684	2.86123
35.8688	65.9587	2.71649	2.92895
34.8233	67.7707	2.56158	2.91311
34.1521	62.7968	2.62311	2.95055
34.9506	60.8826	2.73014	2.87723
36.8222	64.0212	2.64528	2.83836
38.75	70.3973	2.56431	2.49815
41.25	70.3973	2.65383	2.40679
39.7099	72.3429	2.58382	2.4874
38.586	65.9587	2.58539	2.85974
40.1627	68.2649	2.62698	2.79401
37.4455	67.9354	2.5915	2.97733
41.3032	65.9587	2.62598	2.79701
42.6898	68.2649	2.60737	2.79593
40.1627	68.2649	2.62698	2.79401
41.3032	65.9587	2.62598	2.79701
44.0204	65.9587	2.61259	2.91522
42.6898	68.2649	2.60737	2.79593
41.25	70.3973	2.65383	2.40679
40.1627	68.2649	2.62698	2.79401
42.6898	68.2649	2.60737	2.79593
36.8222	64.0212	2.64528	2.83836
34.9506	60.8826	2.73014	2.87723
37.7936	60.8826	2.70324	2.84882
2.71986	58.144	2.98533	2.79544
4.92487	55.4838	2.99483	2.96333
5.69054	58.144	2.95379	2.90794
8.66123	58.144	2.85196	2.85958
8.05963	55.2938	2.92688	2.83901
10.6893	54.7417	2.85809	2.90761
6.4478	61.0566	2.56922	2.839
8.66123	58.144	2.85196	2.85958
9.3634	60.8826	2.61159	2.84329
5.69054	58.144	2.95379	2.90794
8.05963	55.2938	2.92688	2.83901
8.66123	58.144	2.85196	2.85958
1.8995	55.2938	2.99957	2.92528
4.92487	55.4838	2.99483	2.96333
2.71986	58.144	2.98533	2.79544
1.8995	55.2938	2.99957	2.92528
1.22131	52.3495	2.98546	2.9109
4.19365	52.3495	3.00276	2.96138
41.3032	65.9587	2.62598	2.79701
42.43	63.669	2.66147	2.95608
44.0204	65.9587	2.61259	2.91522
43.4796	60.8826	2.59792	2.81386
40.6366	60.8826	2.69864	2.84666
41.4664	58.5091	2.96833	2.887
45.2338	63.4929	2.71798	2.88429
43.4796	60.8826	2.59792	2.81386
46.3226	60.8826	2.62727	2.88096
42.43	63.669	2.66147	2.95608
40.6366	60.8826	2.69864	2.84666
43.4796	60.8826	2.59792	2.81386
41.4664	58.5091	2.96833	2.887
38.5596	58.6917	2.9922	2.92852
38.8603	55.2938	2.96463	2.82193
46.3226	60.8826	2.62727	2.88096
43.4796	60.8826	2.59792	2.81386
44.2548	57.954	3.01123	2.8246
42.43	63.669	2.66147	2.95608
39.6261	63.8451	2.58548	2.84725
40.6366	60.8826	2.69864	2.84666
44.0204	65.9587	2.61259	2.91522
42.43	63.669	2.66147	2.95608
45.2338	63.4929	2.71798	2.88429
36.8222	64.0212	2.64528	2.83836
38.586	65.9587	2.58539	2.85974
35.8688	65.9587	2.71649	2.92895
40.6366	60.8826	2.69864	2.84666
39.6261	63.8451	2.58548	2.84725
37.7936	60.8826	2.70324	2.84882
38.586	65.9587	2.58539	2.85974
37.4455	67.9354	2.5915	2.97733
35.8688	65.9587	2.71649	2.92895
41.3032	65.9587	2.62598	2.79701
38.586	65.9587	2.58539	2.85974
39.6261	63.8451	2.58548	2.84725
41.3032	65.9587	2.62598	2.79701
40.1627	68.2649	2.62698	2.79401
38.586	65.9587	2.58539	2.85974
32.2468	68.921	2.63662	2.89879
30.4344	65.9587	2.58591	2.83716
33.1516	65.9587	2.58684	2.86123
21.7285	50.6506	2.98011	2.84937
19.0553	52.3495	2.93234	2.95438
18.9224	49.3292	2.87046	2.95182
21.7462	47.598	2.90484	2.96471
21.7285	50.6506	2.98011	2.84937
18.9224	49.3292	2.87046	2.95182
15.8835	49.3292	2.98048	2.84214
18.8268	46.2515	2.98242	2.83479
18.9224	49.3292	2.87046	2.95182
22.0142	44.8882	2.88902	2.84054
25	46.2515	2.85784	2.90066
21.7462	47.598	2.90484	2.96471
24.7341	50.8393	2.88687	2.91563
22.4091	54.0056	2.93517	2.85829
21.7285	50.6506	2.98011	2.84937
26.54	55.2938	2.8589	2.84276
26.4853	58.144	2.94757	2.83985
23.0771	56.6239	2.96125	2.80897
30.9447	52.3495	2.85674	2.964
29.6201	55.2938	2.94247	2.82406
27.9723	52.3495	2.9112	2.89896
26.4853	58.144	2.94757	2.83985
26.4215	60.8826	2.6857	2.97665
24.0253	59.6046	2.87152	2.89751
29.6201	55.2938	2.94247	2.82406
26.4853	58.144	2.94757	2.83985
26.54	55.2938	2.8589	2.84276
29.6201	55.2938	2.94247	2.82406
32.1533	57.1939	2.86092	2.87874
29.839	59.2394	2.90661	2.91258
17.2808	59.0298	2.91689	2.94635
20.7355	60.8826	2.65396	2.98226
17.5295	61.7527	2.61527	2.92746
23.0771	56.6239	2.96125	2.80897
20.3936	58.6582	3.00126	2.9284
20.0518	56.4338	3.02945	2.79734
23.0771	56.6239	2.96125	2.80897
24.0253	59.6046	2.87152	2.89751
20.3936	58.6582	3.00126	2.9284
39.0601	41.8598	2.89576	2.86185
37.5191	43.9145	2.99446	2.887
37.5	40	2.98397	2.4249
40.625	40	2.90709	2.39699
39.0601	41.8598	2.89576	2.86185
37.5	40	2.98397	2.4249
40.6201	43.7197	2.88521	2.96891
37.5191	43.9145	2.99446	2.887
39.0601	41.8598	2.89576	2.86185
40.6201	43.7197	2.88521	2.96891
40.433	46.2515	2.90423	2.90493
37.5191	43.9145	2.99446	2.887
43.6923	43.1354	2.90099	2.91989
40.6201	43.7197	2.88521	2.96891
40.625	40	2.90709	2.39699
43.6923	43.1354	2.90099	2.91989
43.5196	46.2515	3.01477	2.95146
40.6201	43.7197	2.88521	2.96891
46.8798	40.196	2.86296	2.86731
43.6923	43.1354	2.90099	2.91989
43.75	40	3.00033	2.50427
46.8077	43.1354	2.99801	2.95552
49.6928	46.2515	2.98959	2.95266
46.6062	46.2515	3.02377	2.91557
37.5	40	2.98397	2.4249
34.399	40.9798	2.97482	2.90944
34.3221	37.8444	2.884	2.43837
40.5769	36.8646	2.89164	2.53259
37.5	40	2.98397	2.4249
37.4615	36.8646	2.95884	2.52824
40.625	40	2.90709	2.39699
40.6201	43.7197	2.88521	2.96891
39.0601	41.8598	2.89576	2.86185
40.1224	48.7521	2.8824	2.94965
37.0597	48.5598	2.9161	2.9089
37.3464	46.2515	2.97945	2.79927
34.1165	49.3292	2.91715	2.891
36.7564	51.5944	2.98899	2.93815
34.1289	53.2696	2.97631	2.85265
31.1732	46.2515	3.00426	2.9223
34.1165	49.3292	2.91715	2.891
31.0776	49.3292	2.98664	2.85946
28.0866	46.2515	2.98321	2.94907
31.1732	46.2515	3.00426	2.9223
31.0776	49.3292	2.98664	2.85946
34.3294	43.6157	2.94701	2.94981
34.399	40.9798	2.97482	2.90944
37.5191	43.9145	2.99446	2.887
31.1732	46.2515	3.00426	2.9223
31.226	43.7137	2.90166	2.81195
34.2598	46.2515	2.92352	2.9652
31.2788	41.1758	2.91638	2.94904
34.399	40.9798	2.97482	2.90944
34.3294	43.6157	2.94701	2.94981
37.0597	48.5598	2.9161	2.9089
36.7564	51.5944	2.98899	2.93815
34.1165	49.3292	2.91715	2.891
37.3464	46.2515	2.97945	2.79927
37.0597	48.5598	2.9161	2.9089
34.2598	46.2515	2.92352	2.9652
40.433	46.2515	2.90423	2.90493
37.3464	46.2515	2.97945	2.79927
37.5191	43.9145	2.99446	2.887
40.433	46.2515	2.90423	2.90493
40.1224	48.7521	2.8824	2.94965
37.3464	46.2515	2.97945	2.79927
40.1224	48.7521	2.8824	2.94965
36.7564	51.5944	2.98899	2.93815
37.0597	48.5598	2.9161	2.9089
46.2717	49.3292	2.92614	2.79845
45.8487	52.5335	3.03206	2.84679
43.2329	49.3292	2.96977	2.92912
34.1165	49.3292	2.91715	2.891
34.1289	53.2696	2.97631	2.85265
30.9447	52.3495	2.85674	2.964
7.464	63.4929	2.63911	2.92202
8.78345	65.7825	2.60037	2.94347
5.97957	65.9587	2.61446	2.92424
6.4478	61.0566	2.56922	2.839
7.464	63.4929	2.63911	2.92202
4.76616	63.4929	2.60309	2.85549
6.4478	61.0566	2.56922	2.839
9.3634	60.8826	2.61159	2.84329
7.464	63.4929	2.63911	2.92202
12.3979	60.3349	2.67638	2.96793
10.1618	63.4929	2.57017	2.83653
9.3634	60.8826	2.61159	2.84329
12.8597	63.4929	2.69611	2.80883
15.0494	60.8826	2.6055	2.81132
15.5575	63.4929	2.59536	2.96946
12.3644	68.2649	2.57622	2.80788
13.513	70.6966	2.67891	2.45443
11.25	70.3973	2.55821	2.40396
16.8484	65.9587	2.63799	2.94675
14.8915	68.2649	2.60655	2.8814
13.846	66.4528	2.59808	2.81986
17.4187	68.2649	2.55419	2.86128
16.25	70.3973	2.68824	2.39548
14.8915	68.2649	2.60655	2.8814
19.999	65.078	2.7014	2.942
19.0904	66.7823	2.7168	2.8135
16.8484	65.9587	2.63799	2.94675
19.193	69.7412	2.67369	2.83132
20.0967	72.3429	2.70946	2.39494
17.645	72.3429	2.681	2.46692
9.83732	68.2649	2.64721	2.87567
8.78345	65.7825	2.60037	2.94347
11.414	65.9587	2.6198	2.97992
6.48041	46.2515	2.97373	2.86289
3.72828	49.3292	2.88828	2.7991
3.39381	46.2515	2.95447	2.82217
9.70619	49.8955	2.8712	2.8106
6.76709	49.3292	2.99803	2.97278
9.61019	45.6673	2.89943	2.82095
9.70619	49.8955	2.8712	2.8106
10.1383	52.3495	2.98613	2.86826
7.16598	52.3495	3.00588	2.80518
13.1107	52.3495	3.01362	2.86567
10.1383	52.3495	2.98613	2.86826
12.7118	50.0843	3.02329	2.90033
4.19365	52.3495	3.00276	2.96138
3.72828	49.3292	2.88828	2.7991
6.76709	49.3292	2.99803	2.97278
1.8995	55.2938	2.99957	2.92528
4.19365	52.3495	3.00276	2.96138
4.92487	55.4838	2.99483	2.96333
1.22131	52.3495	2.98546	2.9109
3.72828	49.3292	2.88828	2.7991
4.19365	52.3495	3.00276	2.96138
22.2828	65.9587	2.65699	2.918
23.0704	62.1007	2.70333	2.89213
25.6067	64.7258	2.63566	2.9223
21.8037	69.5771	2.5589	2.9545
22.2828	65.9587	2.65699	2.918
24.3347	67.1118	2.69072	2.88067
19.999	65.078	2.7014	2.942
20.363	63.0044	2.68813	2.97541
22.2828	65.9587	2.65699	2.918
21.8037	69.5771	2.5589	2.9545
19.193	69.7412	2.67369	2.83132
19.0904	66.7823	2.7168	2.8135
16.8484	65.9587	2.63799	2.94675
17.5295	61.7527	2.61527	2.92746
19.999	65.078	2.7014	2.942
22.2828	65.9587	2.65699	2.918
20.363	63.0044	2.68813	2.97541
23.0704	62.1007	2.70333	2.89213
16.25	70.3973	2.68824	2.39548
15.1934	72.3429	2.57885	2.54549
13.513	70.6966	2.67891	2.45443
7.464	63.4929	2.63911	2.92202
10.1618	63.4929	2.57017	2.83653
8.78345	65.7825	2.60037	2.94347
20.0518	56.4338	3.02945	2.79734
19.0553	52.3495	2.93234	2.95438
22.4091	54.0056	2.93517	2.85829
20.3936	58.6582	3.00126	2.9284
17.2808	59.0298	2.91689	2.94635
20.0518	56.4338	3.02945	2.79734
15.0494	60.8826	2.6055	2.81132
12.8597	63.4929	2.69611	2.80883
12.3979	60.3349	2.67638	2.96793
9.3634	60.8826	2.61159	2.84329
8.66123	58.144	2.85196	2.85958
11.6319	58.144	3.00221	2.89719
9.70619	49.8955	2.8712	2.8106
7.16598	52.3495	3.00588	2.80518
6.76709	49.3292	2.99803	2.97278
13.1107	52.3495	3.01362	2.86567
16.083	52.3495	2.87353	2.81519
14.2198	55.2938	2.90065	2.93874
23.0771	56.6239	2.96125	2.80897
22.4091	54.0056	2.93517	2.85829
26.54	55.2938	2.8589	2.84276
20.7355	60.8826	2.65396	2.98226
20.3936	58.6582	3.00126	2.9284
24.0253	59.6046	2.87152	2.89751
20.0518	56.4338	3.02945	2.79734
22.4091	54.0056	2.93517	2.85829
23.0771	56.6239	2.96125	2.80897
20.7355	60.8826	2.65396	2.98226
17.2808	59.0298	2.91689	2.94635
20.3936	58.6582	3.00126	2.9284
17.0264	56.2438	2.9437	2.83322
19.0553	52.3495	2.93234	2.95438
20.0518	56.4338	3.02945	2.79734
6.30769	36.8646	2.96356	2.54158
6.24038	39.6081	2.99472	2.39506
3.19231	36.8646	2.88542	2.46129
9.49534	33.1714	2.93324	2.55299
9.42308	36.8646	2.8749	2.4257
6.43263	33.3637	2.87846	2.43015
6.31731	42.7435	3.01789	2.87898
3.125	40	2.88382	2.55032
6.24038	39.6081	2.99472	2.39506
9.4375	42.5475	3.01394	2.97079
12.5	40	2.88749	2.54245
12.5577	42.3516	3.01312	2.88761
6.30769	36.8646	2.96356	2.54158
9.36058	39.4121	2.86032	2.39294
6.24038	39.6081	2.99472	2.39506
9.42308	36.8646	2.8749	2.4257
12.5385	36.8646	2.8956	2.53761
9.36058	39.4121	2.86032	2.39294
15.8122	34.7222	2.98441	2.54285
12.5385	36.8646	2.8956	2.53761
12.7112	34.5275	2.89825	2.41423
9.4375	42.5475	3.01394	2.97079
12.5577	42.3516	3.01312	2.88761
9.61019	45.6673	2.89943	2.82095
6.24038	39.6081	2.99472	2.39506
9.4375	42.5475	3.01394	2.97079
6.31731	42.7435	3.01789	2.87898
9.36058	39.4121	2.86032	2.39294
12.5	40	2.88749	2.54245
9.4375	42.5475	3.01394	2.97079
15.601	39.0202	2.97244	2.42093
12.5	40	2.88749	2.54245
12.5385	36.8646	2.8956	2.53761
15.601	39.0202	2.97244	2.42093
15.6779	42.1556	2.87982	2.91343
12.5	40	2.88749	2.54245
6.48041	46.2515	2.97373	2.86289
6.76709	49.3292	2.99803	2.97278
3.72828	49.3292	2.88828	2.7991
6.31731	42.7435	3.01789	2.87898
6.48041	46.2515	2.97373	2.86289
3.39381	46.2515	2.95447	2.82217
9.61019	45.6673	2.89943	2.82095
6.76709	49.3292	2.99803	2.97278
6.48041	46.2515	2.97373	2.86289
12.7118	50.0843	3.02329	2.90033
9.70619	49.8955	2.8712	2.8106
11.1799	48.0735	2.91888	2.87942
3.19711	42.9395	2.92043	2.84841
0.076922	43.1354	2.94839	2.96575
-3.10282e-28	40	2.88912	2.96724
6.31731	42.7435	3.01789	2.87898
3.19711	42.9395	2.92043	2.84841
3.125	40	2.88382	2.55032
3.39381	46.2515	2.95447	2.82217
0.307214	46.2515	2.85574	2.87015
3.19711	42.9395	2.92043	2.84841
45.0204	55.2938	3.00587	2.84288
41.9404	55.2938	2.9918	2.80604
42.834	52.3495	3.00775	2.80863
48.1005	55.2938	2.95553	2.85754
45.0204	55.2938	3.00587	2.84288
45.8487	52.5335	3.03206	2.84679
44.2548	57.954	3.01123	2.8246
41.9404	55.2938	2.9918	2.80604
45.0204	55.2938	3.00587	2.84288
46.3226	60.8826	2.62727	2.88096
44.2548	57.954	3.01123	2.8246
47.2801	58.144	2.99499	2.95981
41.4664	58.5091	2.96833	2.887
38.8603	55.2938	2.96463	2.82193
41.9404	55.2938	2.9918	2.80604
27.9723	52.3495	2.9112	2.89896
28.0388	49.3292	3.00728	2.86163
30.9447	52.3495	2.85674	2.964
19.0553	52.3495	2.93234	2.95438
21.7285	50.6506	2.98011	2.84937
22.4091	54.0056	2.93517	2.85829
25	46.2515	2.85784	2.90066
28.0388	49.3292	3.00728	2.86163
24.7341	50.8393	2.88687	2.91563
21.7285	50.6506	2.98011	2.84937
21.7462	47.598	2.90484	2.96471
24.7341	50.8393	2.88687	2.91563
15.6779	42.1556	2.87982	2.91343
17.2523	44.2036	2.85285	2.82398
14.1489	44.3016	3.01438	2.89649
22.0142	44.8882	2.88902	2.84054
18.8268	46.2515	2.98242	2.83479
18.7981	41.9596	2.95736	2.879
15.8835	49.3292	2.98048	2.84214
12.6536	46.2515	3.0005	2.78946
15.7402	46.2515	3.01943	2.83716
17.0264	56.2438	2.9437	2.83322
16.083	52.3495	2.87353	2.81519
19.0553	52.3495	2.93234	2.95438
4.19365	52.3495	3.00276	2.96138
7.16598	52.3495	3.00588	2.80518
4.92487	55.4838	2.99483	2.96333
21.9183	41.7637	2.98346	2.96034
25	43.1354	3.02132	2.82062
22.0142	44.8882	2.88902	2.84054
28.125	40	2.89175	2.52957
25	40	2.90765	2.43236
28.1154	36.8646	3.02439	2.52317
25	30.6708	2.89875	2.54861
25.1151	35.3065	2.92395	2.53457
21.9134	33.7485	2.94348	2.53306
31.3171	35.696	2.95479	2.54971
28.0866	33.7485	3.02614	2.52687
30.9343	31.8249	2.90336	2.41727
28.1154	36.8646	3.02439	2.52317
25.1151	35.3065	2.92395	2.53457
28.0866	33.7485	3.02614	2.52687
33.7508	28.5944	2.88667	2.50207
37.1553	30.6708	2.85448	2.54304
33.997	31.6326	2.90777	2.40026
21.8846	36.8646	3.02721	2.42903
21.9014	39.3141	2.86571	2.54442
18.7212	38.8242	2.92891	2.45927
28.1154	36.8646	3.02439	2.52317
25	40	2.90765	2.43236
25.1151	35.3065	2.92395	2.53457
28.125	40	2.89175	2.52957
28.1154	43.1354	3.0311	2.97686
25	40	2.90765	2.43236
3.72828	49.3292	2.88828	2.7991
1.22131	52.3495	2.98546	2.9109
0.68946	49.3292	3.00087	2.8946
0.307214	46.2515	2.85574	2.87015
3.39381	46.2515	2.95447	2.82217
0.68946	49.3292	3.00087	2.8946
11.1799	48.0735	2.91888	2.87942
12.6536	46.2515	3.0005	2.78946
12.7118	50.0843	3.02329	2.90033
9.61019	45.6673	2.89943	2.82095
11.1799	48.0735	2.91888	2.87942
9.70619	49.8955	2.8712	2.8106
9.61019	45.6673	2.89943	2.82095
12.6536	46.2515	3.0005	2.78946
11.1799	48.0735	2.91888	2.87942
31.3817	62.6228	2.66847	2.978
34.1521	62.7968	2.62311	2.95055
33.1516	65.9587	2.58684	2.86123
26.9568	67.2765	2.71596	2.82675
28.4106	64.5496	2.61082	2.82223
30.4344	65.9587	2.58591	2.83716
29.839	59.2394	2.90661	2.91258
33.5519	59.0383	2.92194	2.90663
31.3817	62.6228	2.66847	2.978
28.6113	62.4488	2.60016	2.82544
29.839	59.2394	2.90661	2.91258
31.3817	62.6228	2.66847	2.978
20.7355	60.8826	2.65396	2.98226
24.0253	59.6046	2.87152	2.89751
23.0704	62.1007	2.70333	2.89213
25.6371	53.0665	2.86671	2.92514
24.7341	50.8393	2.88687	2.91563
27.9723	52.3495	2.9112	2.89896
22.4091	54.0056	2.93517	2.85829
25.6371	53.0665	2.86671	2.92514
26.54	55.2938	2.8589	2.84276
22.4091	54.0056	2.93517	2.85829
24.7341	50.8393	2.88687	2.91563
25.6371	53.0665	2.86671	2.92514
29.6201	55.2938	2.94247	2.82406
31.8745	54.2817	2.8867	2.92708
32.1533	57.1939	2.86092	2.87874
34.2598	46.2515	2.92352	2.9652
34.3294	43.6157	2.94701	2.94981
37.3464	46.2515	2.97945	2.79927
31.1732	46.2515	3.00426	2.9223
34.2598	46.2515	2.92352	2.9652
34.1165	49.3292	2.91715	2.891
34.2598	46.2515	2.92352	2.9652
31.226	43.7137	2.90166	2.81195
34.3294	43.6157	2.94701	2.94981
35.6527	58.8743	3.028	2.79746
38.5596	58.6917	2.9922	2.92852
37.7936	60.8826	2.70324	2.84882
33.5519	59.0383	2.92194	2.90663
35.6527	58.8743	3.028	2.79746
34.9506	60.8826	2.73014	2.87723
35.7802	55.2938	2.91223	2.86678
38.5596	58.6917	2.9922	2.92852
35.6527	58.8743	3.028	2.79746
42.43	63.669	2.66147	2.95608
43.4796	60.8826	2.59792	2.81386
45.2338	63.4929	2.71798	2.88429
6.48041	46.2515	2.97373	2.86289
6.31731	42.7435	3.01789	2.87898
9.61019	45.6673	2.89943	2.82095
0.68946	49.3292	3.00087	2.8946
3.39381	46.2515	2.95447	2.82217
3.72828	49.3292	2.88828	2.7991
0.307214	46.2515	2.85574	2.87015
0.076922	43.1354	2.94839	2.96575
3.19711	42.9395	2.92043	2.84841
6.4478	61.0566	2.56922	2.839
4.76616	63.4929	2.60309	2.85549
3.67737	60.8826	2.69159	2.92708
5.69054	58.144	2.95379	2.90794
6.4478	61.0566	2.56922	2.839
3.67737	60.8826	2.69159	2.92708
9.3634	60.8826	2.61159	2.84329
10.1618	63.4929	2.57017	2.83653
7.464	63.4929	2.63911	2.92202
14.6026	58.144	2.94594	2.94488
15.0494	60.8826	2.6055	2.81132
12.3979	60.3349	2.67638	2.96793
14.2198	55.2938	2.90065	2.93874
14.6026	58.144	2.94594	2.94488
11.6319	58.144	3.00221	2.89719
14.2198	55.2938	2.90065	2.93874
17.0264	56.2438	2.9437	2.83322
14.6026	58.144	2.94594	2.94488
7.464	63.4929	2.63911	2.92202
5.97957	65.9587	2.61446	2.92424
4.76616	63.4929	2.60309	2.85549
11.414	65.9587	2.6198	2.97992
13.846	66.4528	2.59808	2.81986
12.3644	68.2649	2.57622	2.80788
10.1618	63.4929	2.57017	2.83653
11.414	65.9587	2.6198	2.97992
8.78345	65.7825	2.60037	2.94347
12.8597	63.4929	2.69611	2.80883
15.5575	63.4929	2.59536	2.96946
13.846	66.4528	2.59808	2.81986
10.1618	63.4929	2.57017	2.83653
12.8597	63.4929	2.69611	2.80883
11.414	65.9587	2.6198	2.97992
10.1618	63.4929	2.57017	2.83653
12.3979	60.3349	2.67638	2.96793
12.8597	63.4929	2.69611	2.80883
9.83732	68.2649	2.64721	2.87567
7.31021	68.2649	2.61676	2.85864
8.78345	65.7825	2.60037	2.94347
31.8745	54.2817	2.8867	2.92708
30.9447	52.3495	2.85674	2.964
34.1289	53.2696	2.97631	2.85265
35.7802	55.2938	2.91223	2.86678
31.8745	54.2817	2.8867	2.92708
34.1289	53.2696	2.97631	2.85265
29.6201	55.2938	2.94247	2.82406
30.9447	52.3495	2.85674	2.964
31.8745	54.2817	2.8867	2.92708
29.839	59.2394	2.90661	2.91258
26.4853	58.144	2.94757	2.83985
29.6201	55.2938	2.94247	2.82406
33.5519	59.0383	2.92194	2.90663
29.839	59.2394	2.90661	2.91258
32.1533	57.1939	2.86092	2.87874
35.7802	55.2938	2.91223	2.86678
33.5519	59.0383	2.92194	2.90663
32.1533	57.1939	2.86092	2.87874
34.9506	60.8826	2.73014	2.87723
31.3817	62.6228	2.66847	2.978
33.5519	59.0383	2.92194	2.90663
28.6113	62.4488	2.60016	2.82544
26.4215	60.8826	2.6857	2.97665
29.839	59.2394	2.90661	2.91258
26.54	55.2938	2.8589	2.84276
27.9723	52.3495	2.9112	2.89896
29.6201	55.2938	2.94247	2.82406
25.6371	53.0665	2.86671	2.92514
27.9723	52.3495	2.9112	2.89896
26.54	55.2938	2.8589	2.84276
24.7341	50.8393	2.88687	2.91563
28.0388	49.3292	3.00728	2.86163
27.9723	52.3495	2.9112	2.89896
22.5483	72.3429	2.69991	2.482
23.75	70.3973	2.65319	2.3959
25	72.3429	2.63989	2.46725
23.0327	74.7883	2.58998	2.4032
22.5483	72.3429	2.69991	2.482
25	72.3429	2.63989	2.46725
21.4331	74.0896	2.54555	2.54218
19.0551	74.0896	2.60756	2.47115
20.0967	72.3429	2.70946	2.39494
19.0904	66.7823	2.7168	2.8135
22.2828	65.9587	2.65699	2.918
21.8037	69.5771	2.5589	2.9545
24.3347	67.1118	2.69072	2.88067
23.75	70.3973	2.65319	2.3959
21.8037	69.5771	2.5589	2.9545
27.0253	69.2491	2.55633	2.87461
30.0542	68.2649	2.56846	2.97515
28.75	70.3973	2.59319	2.5143
25.6067	64.7258	2.63566	2.9223
28.4106	64.5496	2.61082	2.82223
26.9568	67.2765	2.71596	2.82675
22.2828	65.9587	2.65699	2.918
25.6067	64.7258	2.63566	2.9223
24.3347	67.1118	2.69072	2.88067
23.0704	62.1007	2.70333	2.89213
26.4215	60.8826	2.6857	2.97665
25.6067	64.7258	2.63566	2.9223
30.4344	65.9587	2.58591	2.83716
30.0542	68.2649	2.56846	2.97515
26.9568	67.2765	2.71596	2.82675
28.6113	62.4488	2.60016	2.82544
31.3817	62.6228	2.66847	2.978
28.4106	64.5496	2.61082	2.82223
25.6067	64.7258	2.63566	2.9223
28.6113	62.4488	2.60016	2.82544
28.4106	64.5496	2.61082	2.82223
26.4215	60.8826	2.6857	2.97665
26.4853	58.144	2.94757	2.83985
29.839	59.2394	2.90661	2.91258
25.6067	64.7258	2.63566	2.9223
26.4215	60.8826	2.6857	2.97665
28.6113	62.4488	2.60016	2.82544
24.0253	59.6046	2.87152	2.89751
23.0771	56.6239	2.96125	2.80897
26.4853	58.144	2.94757	2.83985
33.1516	65.9587	2.58684	2.86123
34.8233	67.7707	2.56158	2.91311
32.2468	68.921	2.63662	2.89879
31.3817	62.6228	2.66847	2.978
33.1516	65.9587	2.58684	2.86123
30.4344	65.9587	2.58591	2.83716
34.1521	62.7968	2.62311	2.95055
35.8688	65.9587	2.71649	2.92895
33.1516	65.9587	2.58684	2.86123
32.355	72.3429	2.72182	2.50441
33.75	70.3973	2.62988	2.4416
34.8066	72.3429	2.60419	2.49121
29.3832	76.0659	2.71987	2.46833
28.5669	74.0896	2.59183	2.45261
30.9297	73.8705	2.67236	2.48189
31.0572	70.658	2.5684	2.54462
33.75	70.3973	2.62988	2.4416
32.355	72.3429	2.72182	2.50441
29.9033	72.3429	2.63524	2.43681
31.0572	70.658	2.5684	2.54462
32.355	72.3429	2.72182	2.50441
28.4106	64.5496	2.61082	2.82223
31.3817	62.6228	2.66847	2.978
30.4344	65.9587	2.58591	2.83716
24.3347	67.1118	2.69072	2.88067
25.6067	64.7258	2.63566	2.9223
26.9568	67.2765	2.71596	2.82675
23.0704	62.1007	2.70333	2.89213
24.0253	59.6046	2.87152	2.89751
26.4215	60.8826	2.6857	2.97665
30.4344	65.9587	2.58591	2.83716
32.2468	68.921	2.63662	2.89879
30.0542	68.2649	2.56846	2.97515
34.8233	67.7707	2.56158	2.91311
33.75	70.3973	2.62988	2.4416
32.2468	68.921	2.63662	2.89879
43.2329	49.3292	2.96977	2.92912
40.1224	48.7521	2.8824	2.94965
40.433	46.2515	2.90423	2.90493
48.7787	52.3495	2.97573	2.80027
45.8487	52.5335	3.03206	2.84679
46.2717	49.3292	2.92614	2.79845
42.834	52.3495	3.00775	2.80863
40.1224	48.7521	2.8824	2.94965
43.2329	49.3292	2.96977	2.92912
47.2801	58.144	2.99499	2.95981
44.2548	57.954	3.01123	2.8246
45.0204	55.2938	3.00587	2.84288
38.8603	55.2938	2.96463	2.82193
35.7802	55.2938	2.91223	2.86678
36.7564	51.5944	2.98899	2.93815
41.9404	55.2938	2.9918	2.80604
38.8603	55.2938	2.96463	2.82193
39.8617	52.3495	2.96163	2.82966
45.8487	52.5335	3.03206	2.84679
45.0204	55.2938	3.00587	2.84288
42.834	52.3495	3.00775	2.80863
41.4664	58.5091	2.96833	2.887
40.6366	60.8826	2.69864	2.84666
38.5596	58.6917	2.9922	2.92852
44.2548	57.954	3.01123	2.8246
41.4664	58.5091	2.96833	2.887
41.9404	55.2938	2.9918	2.80604
44.2548	57.954	3.01123	2.8246
43.4796	60.8826	2.59792	2.81386
41.4664	58.5091	2.96833	2.887
38.5596	58.6917	2.9922	2.92852
35.7802	55.2938	2.91223	2.86678
38.8603	55.2938	2.96463	2.82193
6.31731	42.7435	3.01789	2.87898
3.39381	46.2515	2.95447	2.82217
3.19711	42.9395	2.92043	2.84841
45.8487	52.5335	3.03206	2.84679
42.834	52.3495	3.00775	2.80863
43.2329	49.3292	2.96977	2.92912
48.1005	55.2938	2.95553	2.85754
45.8487	52.5335	3.03206	2.84679
48.7787	52.3495	2.97573	2.80027
48.1005	55.2938	2.95553	2.85754
47.2801	58.144	2.99499	2.95981
45.0204	55.2938	3.00587	2.84288
37.7936	60.8826	2.70324	2.84882
38.5596	58.6917	2.9922	2.92852
40.6366	60.8826	2.69864	2.84666
41.3032	65.9587	2.62598	2.79701
39.6261	63.8451	2.58548	2.84725
42.43	63.669	2.66147	2.95608
34.9506	60.8826	2.73014	2.87723
35.6527	58.8743	3.028	2.79746
37.7936	60.8826	2.70324	2.84882
31.3817	62.6228	2.66847	2.978
34.9506	60.8826	2.73014	2.87723
34.1521	62.7968	2.62311	2.95055
33.5519	59.0383	2.92194	2.90663
35.7802	55.2938	2.91223	2.86678
35.6527	58.8743	3.028	2.79746
31.8745	54.2817	2.8867	2.92708
35.7802	55.2938	2.91223	2.86678
32.1533	57.1939	2.86092	2.87874
34.1165	49.3292	2.91715	2.891
34.2598	46.2515	2.92352	2.9652
37.0597	48.5598	2.9161	2.9089
28.0388	49.3292	3.00728	2.86163
31.0776	49.3292	2.98664	2.85946
30.9447	52.3495	2.85674	2.964
28.0388	49.3292	3.00728	2.86163
25	46.2515	2.85784	2.90066
28.0866	46.2515	2.98321	2.94907
36.7564	51.5944	2.98899	2.93815
35.7802	55.2938	2.91223	2.86678
34.1289	53.2696	2.97631	2.85265
30.9447	52.3495	2.85674	2.964
31.0776	49.3292	2.98664	2.85946
34.1165	49.3292	2.91715	2.891
40.1224	48.7521	2.8824	2.94965
42.834	52.3495	3.00775	2.80863
39.8617	52.3495	2.96163	2.82966
39.8617	52.3495	2.96163	2.82966
42.834	52.3495	3.00775	2.80863
41.9404	55.2938	2.9918	2.80604
36.7564	51.5944	2.98899	2.93815
39.8617	52.3495	2.96163	2.82966
38.8603	55.2938	2.96463	2.82193
36.7564	51.5944	2.98899	2.93815
40.1224	48.7521	2.8824	2.94965
39.8617	52.3495	2.96163	2.82966
18.9224	49.3292	2.87046	2.95182
19.0553	52.3495	2.93234	2.95438
16.083	52.3495	2.87353	2.81519
15.7402	46.2515	3.01943	2.83716
18.8268	46.2515	2.98242	2.83479
15.8835	49.3292	2.98048	2.84214
21.7462	47.598	2.90484	2.96471
25	46.2515	2.85784	2.90066
24.7341	50.8393	2.88687	2.91563
22.0108	14.5924	2.92326	2.52918
19.9458	11.7351	2.85165	2.50298
23.0432	12.7235	2.97005	2.41045
17.645	7.6571	2.55368	2.50927
18.75	9.60269	2.68276	2.41132
16.5822	10.0948	2.96297	2.42767
14.9215	7.36598	2.70037	2.48673
17.645	7.6571	2.55368	2.50927
16.5822	10.0948	2.96297	2.42767
16.6772	5.91038	2.60967	2.39897
19.0551	5.91038	2.57169	2.55299
17.645	7.6571	2.55368	2.50927
20.0967	7.6571	2.60451	2.48955
21.25	9.60269	2.5964	2.53044
18.75	9.60269	2.68276	2.41132
17.645	7.6571	2.55368	2.50927
19.0551	5.91038	2.57169	2.55299
20.0967	7.6571	2.60451	2.48955
24.1844	6.78374	2.6067	2.44228
26.189	5.91038	2.651	2.47363
25.4207	8.55507	2.59565	2.43769
28.5669	5.91038	2.72478	2.52051
31.8199	4.37335	2.58262	2.54437
31.1316	6.34706	2.63097	2.55391
26.9661	0.123895	2.65626	2.52901
28.4094	2.238	2.70234	2.49671
26.0648	3.0556	2.6319	2.39786
28.9198	0.494728	2.69939	2.51557
30.8485	1.10996	2.65783	2.53039
28.4094	2.238	2.70234	2.49671
31.25	9.60269	2.67777	2.49791
33.75	9.60269	2.71924	2.39722
32.5813	11.7351	2.99272	2.46429
30.9096	13.2177	2.91718	2.49413
29.636	10.915	2.9609	2.50305
32.5813	11.7351	2.99272	2.46429
32.355	7.6571	2.70402	2.44873
33.4473	6.2015	2.71174	2.51802
34.9468	7.95642	2.71279	2.51763
29.9033	7.6571	2.61386	2.45091
32.355	7.6571	2.70402	2.44873
31.25	9.60269	2.67777	2.49791
31.1316	6.34706	2.63097	2.55391
31.8199	4.37335	2.58262	2.54437
33.4473	6.2015	2.71174	2.51802
29.9033	7.6571	2.61386	2.45091
31.1316	6.34706	2.63097	2.55391
32.355	7.6571	2.70402	2.44873
29.9033	7.6571	2.61386	2.45091
28.5669	5.91038	2.72478	2.52051
31.1316	6.34706	2.63097	2.55391
28.5669	5.91038	2.72478	2.52051
29.9033	7.6571	2.61386	2.45091
27.8022	8.40541	2.70977	2.41624
25	4.37335	2.55245	2.47859
27.2733	4.37335	2.66731	2.49447
26.189	5.91038	2.651	2.47363
27.2733	4.37335	2.66731	2.49447
30.3241	3.0556	2.6318	2.49106
28.5669	5.91038	2.72478	2.52051
31.1316	6.34706	2.63097	2.55391
33.4473	6.2015	2.71174	2.51802
32.355	7.6571	2.70402	2.44873
27.2733	4.37335	2.66731	2.49447
28.4094	2.238	2.70234	2.49671
30.3241	3.0556	2.6318	2.49106
26.189	5.91038	2.651	2.47363
27.2733	4.37335	2.66731	2.49447
28.5669	5.91038	2.72478	2.52051
26.0648	3.0556	2.6319	2.39786
28.4094	2.238	2.70234	2.49671
27.2733	4.37335	2.66731	2.49447
29.636	10.915	2.9609	2.50305
29.9033	7.6571	2.61386	2.45091
31.25	9.60269	2.67777	2.49791
25.4207	8.55507	2.59565	2.43769
27.8022	8.40541	2.70977	2.41624
27.0253	10.7509	2.89559	2.39825
25.4207	8.55507	2.59565	2.43769
26.189	5.91038	2.651	2.47363
27.8022	8.40541	2.70977	2.41624
26.3489	16.5071	2.86498	2.39683
24.3933	15.2742	2.8612	2.44475
25.6653	12.8882	2.96078	2.48779
30.3241	3.0556	2.6318	2.49106
31.8199	4.37335	2.58262	2.54437
28.5669	5.91038	2.72478	2.52051
30.8485	1.10996	2.65783	2.53039
30.3241	3.0556	2.6318	2.49106
28.4094	2.238	2.70234	2.49671
30.8485	1.10996	2.65783	2.53039
32.7403	1.96546	2.64698	2.39602
30.3241	3.0556	2.6318	2.49106
30.3241	3.0556	2.6318	2.49106
32.7403	1.96546	2.64698	2.39602
31.8199	4.37335	2.58262	2.54437
23.9352	3.0556	2.67803	2.55847
25	4.37335	2.55245	2.47859
22.7267	4.37335	2.69114	2.4295
26.9661	0.123895	2.65626	2.52901
26.0648	3.0556	2.6319	2.39786
25.0248	1.47661	2.55303	2.45919
26.9661	0.123895	2.65626	2.52901
28.9198	0.494728	2.69939	2.51557
28.4094	2.238	2.70234	2.49671
25.0248	1.47661	2.55303	2.45919
25	-8.70219e-28	2.64577	2.54178
26.9661	0.123895	2.65626	2.52901
23.9352	3.0556	2.67803	2.55847
25.0248	1.47661	2.55303	2.45919
26.0648	3.0556	2.6319	2.39786
23.9352	3.0556	2.67803	2.55847
23.0835	1.59882	2.63725	2.5596
25.0248	1.47661	2.55303	2.45919
32.7403	1.96546	2.64698	2.39602
34.5833	3.0556	2.555	2.52415
31.8199	4.37335	2.58262	2.54437
25	4.37335	2.55245	2.47859
26.0648	3.0556	2.6319	2.39786
27.2733	4.37335	2.66731	2.49447
24.1844	6.78374	2.6067	2.44228
25	4.37335	2.55245	2.47859
26.189	5.91038	2.651	2.47363
23.9352	3.0556	2.67803	2.55847
26.0648	3.0556	2.6319	2.39786
25	4.37335	2.55245	2.47859
21.913	2.6468	2.57357	2.56355
23.9352	3.0556	2.67803	2.55847
22.7267	4.37335	2.69114	2.4295
23.0835	1.59882	2.63725	2.5596
23.0339	0.123895	2.65328	2.46768
25.0248	1.47661	2.55303	2.45919
21.913	2.6468	2.57357	2.56355
23.0835	1.59882	2.63725	2.5596
23.9352	3.0556	2.67803	2.55847
21.4331	5.91038	2.61849	2.41704
20.4534	4.37335	2.6784	2.42179
22.7267	4.37335	2.69114	2.4295
19.7476	2.78306	2.69903	2.44315
21.0802	0.494728	2.55827	2.4774
21.913	2.6468	2.57357	2.56355
23.0339	0.123895	2.65328	2.46768
25	-8.70219e-28	2.64577	2.54178
25.0248	1.47661	2.55303	2.45919
33.4473	6.2015	2.71174	2.51802
34.5833	3.0556	2.555	2.52415
35.7008	5.91038	2.55581	2.48203
36.3664	4.37335	2.56662	2.44693
35.7008	5.91038	2.55581	2.48203
34.5833	3.0556	2.555	2.52415
23.5785	19.1174	3.02258	2.47973
26.3489	16.5071	2.86498	2.39683
26.4215	19.1174	2.97248	2.40393
23.0771	23.3761	2.98826	2.4085
25.3391	26.1784	2.87691	2.41744
22.0277	27.6505	2.98336	2.4345
29.636	10.915	2.9609	2.50305
27.8022	8.40541	2.70977	2.41624
29.9033	7.6571	2.61386	2.45091
29.636	10.915	2.9609	2.50305
27.0253	10.7509	2.89559	2.39825
27.8022	8.40541	2.70977	2.41624
32.5813	11.7351	2.99272	2.46429
29.636	10.915	2.9609	2.50305
31.25	9.60269	2.67777	2.49791
28.2875	13.053	2.85523	2.51782
27.0253	10.7509	2.89559	2.39825
29.636	10.915	2.9609	2.50305
23.0432	12.7235	2.97005	2.41045
25.6653	12.8882	2.96078	2.48779
24.3933	15.2742	2.8612	2.44475
24.4145	10.5869	2.96341	2.47249
25.4207	8.55507	2.59565	2.43769
27.0253	10.7509	2.89559	2.39825
23.0432	12.7235	2.97005	2.41045
24.4145	10.5869	2.96341	2.47249
25.6653	12.8882	2.96078	2.48779
23.0432	12.7235	2.97005	2.41045
21.25	9.60269	2.5964	2.53044
24.4145	10.5869	2.96341	2.47249
24.1844	6.78374	2.6067	2.44228
22.5483	7.6571	2.649	2.53893
21.4331	5.91038	2.61849	2.41704
25	4.37335	2.55245	2.47859
24.1844	6.78374	2.6067	2.44228
22.7267	4.37335	2.69114	2.4295
25.4207	8.55507	2.59565	2.43769
24.4145	10.5869	2.96341	2.47249
22.5483	7.6571	2.649	2.53893
24.4145	10.5869	2.96341	2.47249
21.25	9.60269	2.5964	2.53044
22.5483	7.6571	2.649	2.53893
19.5656	14.0413	2.96444	2.45777
20.9532	16.5071	2.88869	2.45491
18.2554	16.5071	2.89747	2.50841
19.9458	11.7351	2.85165	2.50298
19.5656	14.0413	2.96444	2.45777
17.7988	12.3941	2.93115	2.53197
18.75	9.60269	2.68276	2.41132
19.9458	11.7351	2.85165	2.50298
17.7988	12.3941	2.93115	2.53197
21.25	9.60269	2.5964	2.53044
23.0432	12.7235	2.97005	2.41045
19.9458	11.7351	2.85165	2.50298
22.0108	14.5924	2.92326	2.52918
20.9532	16.5071	2.88869	2.45491
19.5656	14.0413	2.96444	2.45777
19.9458	11.7351	2.85165	2.50298
22.0108	14.5924	2.92326	2.52918
19.5656	14.0413	2.96444	2.45777
23.0432	12.7235	2.97005	2.41045
24.3933	15.2742	2.8612	2.44475
22.0108	14.5924	2.92326	2.52918
17.7548	18.7251	2.8441	2.4257
20.7355	19.1174	2.96191	2.47288
17.2541	20.9431	3.00496	2.49877
16.8484	14.0413	2.95925	2.53938
18.2554	16.5071	2.89747	2.50841
15.9817	15.8026	2.96901	2.47672
20.9532	16.5071	2.88869	2.45491
20.7355	19.1174	2.96191	2.47288
18.2554	16.5071	2.89747	2.50841
14.9215	7.36598	2.70037	2.48673
16.5822	10.0948	2.96297	2.42767
13.513	9.30337	2.72629	2.51198
12.6058	7.51154	2.58684	2.42893
14.9215	7.36598	2.70037	2.48673
13.513	9.30337	2.72629	2.51198
13.6336	4.37335	2.71978	2.44394
15.4167	3.0556	2.6743	2.56325
16.6772	5.91038	2.60967	2.39897
19.7476	2.78306	2.69903	2.44315
19.1515	1.10996	2.64966	2.42703
21.0802	0.494728	2.55827	2.4774
20.4534	4.37335	2.6784	2.42179
19.0551	5.91038	2.57169	2.55299
18.1801	4.37335	2.66172	2.44329
21.913	2.6468	2.57357	2.56355
20.4534	4.37335	2.6784	2.42179
19.7476	2.78306	2.69903	2.44315
21.4331	5.91038	2.61849	2.41704
19.0551	5.91038	2.57169	2.55299
20.4534	4.37335	2.6784	2.42179
24.1844	6.78374	2.6067	2.44228
21.4331	5.91038	2.61849	2.41704
22.7267	4.37335	2.69114	2.4295
20.0967	7.6571	2.60451	2.48955
19.0551	5.91038	2.57169	2.55299
21.4331	5.91038	2.61849	2.41704
20.4534	4.37335	2.6784	2.42179
18.1801	4.37335	2.66172	2.44329
19.7476	2.78306	2.69903	2.44315
23.0835	1.59882	2.63725	2.5596
21.0802	0.494728	2.55827	2.4774
23.0339	0.123895	2.65328	2.46768
27.8022	8.40541	2.70977	2.41624
26.189	5.91038	2.651	2.47363
28.5669	5.91038	2.72478	2.52051
25.6653	12.8882	2.96078	2.48779
24.4145	10.5869	2.96341	2.47249
27.0253	10.7509	2.89559	2.39825
22.5483	7.6571	2.649	2.53893
20.0967	7.6571	2.60451	2.48955
21.4331	5.91038	2.61849	2.41704
25.4207	8.55507	2.59565	2.43769
22.5483	7.6571	2.649	2.53893
24.1844	6.78374	2.6067	2.44228
21.25	9.60269	2.5964	2.53044
20.0967	7.6571	2.60451	2.48955
22.5483	7.6571	2.649	2.53893
14.9215	7.36598	2.70037	2.48673
16.6772	5.91038	2.60967	2.39897
17.645	7.6571	2.55368	2.50927
21.913	2.6468	2.57357	2.56355
21.0802	0.494728	2.55827	2.4774
23.0835	1.59882	2.63725	2.5596
37.3284	7.80676	2.58578	2.55165
38.0788	5.91038	2.64995	2.40979
39.7099	7.6571	2.68002	2.45961
33.4473	6.2015	2.71174	2.51802
35.7008	5.91038	2.55581	2.48203
34.9468	7.95642	2.71279	2.51763
33.75	9.60269	2.71924	2.39722
32.355	7.6571	2.70402	2.44873
34.9468	7.95642	2.71279	2.51763
31.8199	4.37335	2.58262	2.54437
34.5833	3.0556	2.555	2.52415
33.4473	6.2015	2.71174	2.51802
36.3664	4.37335	2.56662	2.44693
38.0788	5.91038	2.64995	2.40979
35.7008	5.91038	2.55581	2.48203
19.7476	2.78306	2.69903	2.44315
17.2597	1.96546	2.62139	2.4807
19.1515	1.10996	2.64966	2.42703
18.1801	4.37335	2.66172	2.44329
16.6772	5.91038	2.60967	2.39897
15.4167	3.0556	2.6743	2.56325
19.7476	2.78306	2.69903	2.44315
18.1801	4.37335	2.66172	2.44329
17.2597	1.96546	2.62139	2.4807
19.0551	5.91038	2.57169	2.55299
16.6772	5.91038	2.60967	2.39897
18.1801	4.37335	2.66172	2.44329
21.913	2.6468	2.57357	2.56355
22.7267	4.37335	2.69114	2.4295
20.4534	4.37335	2.6784	2.42179
20.0967	7.6571	2.60451	2.48955
18.75	9.60269	2.68276	2.41132
17.645	7.6571	2.55368	2.50927
14.9215	7.36598	2.70037	2.48673
13.6336	4.37335	2.71978	2.44394
16.6772	5.91038	2.60967	2.39897
32.355	7.6571	2.70402	2.44873
33.75	9.60269	2.71924	2.39722
31.25	9.60269	2.67777	2.49791
38.0788	5.91038	2.64995	2.40979
37.3284	7.80676	2.58578	2.55165
35.7008	5.91038	2.55581	2.48203
38.75	9.60269	2.6611	2.52154
41.25	9.60269	2.64469	2.55926
40.1627	11.7351	2.90638	2.41416
36.25	9.60269	2.68147	2.45579
38.75	9.60269	2.6611	2.52154
37.4683	11.4071	2.98111	2.46973
39.7099	7.6571	2.68002	2.45961
41.25	9.60269	2.64469	2.55926
38.75	9.60269	2.6611	2.52154
15.4167	3.0556	2.6743	2.56325
17.2597	1.96546	2.62139	2.4807
18.1801	4.37335	2.66172	2.44329
44.0204	14.0413	2.90105	2.51057
41.2166	14.2175	2.86993	2.43993
42.6898	11.7351	2.93763	2.54387
14.9215	7.36598	2.70037	2.48673
12.6058	7.51154	2.58684	2.42893
13.6336	4.37335	2.71978	2.44394
15.1767	12.2293	2.91374	2.54975
12.5545	12.0646	2.95617	2.455
13.513	9.30337	2.72629	2.51198
16.5822	10.0948	2.96297	2.42767
17.7988	12.3941	2.93115	2.53197
15.1767	12.2293	2.91374	2.54975
14.1312	14.0413	2.89255	2.48171
12.5545	12.0646	2.95617	2.455
15.1767	12.2293	2.91374	2.54975
15.9817	15.8026	2.96901	2.47672
14.7591	18.4213	2.96491	2.46697
13.1778	15.9788	2.88018	2.52787
16.5822	10.0948	2.96297	2.42767
18.75	9.60269	2.68276	2.41132
17.7988	12.3941	2.93115	2.53197
22.0108	14.5924	2.92326	2.52918
24.3933	15.2742	2.8612	2.44475
20.9532	16.5071	2.88869	2.45491
11.4404	21.3083	2.87196	2.50545
12.2064	19.1174	2.92391	2.42373
14.6026	21.856	2.97314	2.46487
8.66123	21.856	2.88299	2.49073
11.4404	21.3083	2.87196	2.50545
10.9756	24.1362	2.95296	2.53645
8.66123	21.856	2.88299	2.49073
9.3634	19.1174	2.84728	2.50426
11.4404	21.3083	2.87196	2.50545
6.52038	19.1174	2.99924	2.5438
7.464	16.5071	2.96606	2.55014
9.3634	19.1174	2.84728	2.50426
3.67737	19.1174	2.96386	2.53826
6.52038	19.1174	2.99924	2.5438
5.62671	21.6734	2.87932	2.45599
3.67737	19.1174	2.96386	2.53826
4.76616	16.5071	2.87373	2.50687
6.52038	19.1174	2.99924	2.5438
10.1618	16.5071	2.92178	2.43111
12.2064	19.1174	2.92391	2.42373
9.3634	19.1174	2.84728	2.50426
5.97957	14.0413	3.00459	2.46033
8.69678	14.0413	3.02495	2.52544
7.464	16.5071	2.96606	2.55014
11.414	14.0413	2.98498	2.52545
13.1778	15.9788	2.88018	2.52787
10.1618	16.5071	2.92178	2.43111
15.1767	12.2293	2.91374	2.54975
16.8484	14.0413	2.95925	2.53938
14.1312	14.0413	2.89255	2.48171
6.52038	19.1174	2.99924	2.5438
9.3634	19.1174	2.84728	2.50426
8.66123	21.856	2.88299	2.49073
14.7591	18.4213	2.96491	2.46697
12.2064	19.1174	2.92391	2.42373
13.1778	15.9788	2.88018	2.52787
14.7591	18.4213	2.96491	2.46697
14.6026	21.856	2.97314	2.46487
12.2064	19.1174	2.92391	2.42373
12.6058	7.51154	2.58684	2.42893
11.9212	5.91038	2.58621	2.42199
13.6336	4.37335	2.71978	2.44394
11.25	9.60269	2.67803	2.49358
12.6058	7.51154	2.58684	2.42893
13.513	9.30337	2.72629	2.51198
10.2901	7.6571	2.59859	2.4533
11.9212	5.91038	2.58621	2.42199
12.6058	7.51154	2.58684	2.42893
41.2166	14.2175	2.86993	2.43993
40.1627	11.7351	2.90638	2.41416
42.6898	11.7351	2.93763	2.54387
35.1085	11.7351	2.88504	2.4829
37.4683	11.4071	2.98111	2.46973
35.6088	14.5697	2.90978	2.54011
33.1516	14.0413	2.85422	2.38605
35.1085	11.7351	2.88504	2.4829
35.6088	14.5697	2.90978	2.54011
32.5813	11.7351	2.99272	2.46429
33.75	9.60269	2.71924	2.39722
35.1085	11.7351	2.88504	2.4829
37.3284	7.80676	2.58578	2.55165
39.7099	7.6571	2.68002	2.45961
38.75	9.60269	2.6611	2.52154
36.25	9.60269	2.68147	2.45579
37.3284	7.80676	2.58578	2.55165
38.75	9.60269	2.6611	2.52154
35.1085	11.7351	2.88504	2.4829
36.25	9.60269	2.68147	2.45579
37.4683	11.4071	2.98111	2.46973
34.9468	7.95642	2.71279	2.51763
37.3284	7.80676	2.58578	2.55165
36.25	9.60269	2.68147	2.45579
34.9468	7.95642	2.71279	2.51763
35.7008	5.91038	2.55581	2.48203
37.3284	7.80676	2.58578	2.55165
42.536	16.5071	2.92947	2.40793
44.0204	14.0413	2.90105	2.51057
45.2338	16.5071	2.87093	2.45631
38.4127	14.3936	2.9504	2.39523
41.2166	14.2175	2.86993	2.43993
39.693	16.8552	2.96745	2.47475
38.4127	14.3936	2.9504	2.39523
37.4683	11.4071	2.98111	2.46973
40.1627	11.7351	2.90638	2.41416
10.2901	7.6571	2.59859	2.4533
12.6058	7.51154	2.58684	2.42893
11.25	9.60269	2.67803	2.49358
28.2875	13.053	2.85523	2.51782
30.001	14.922	2.9032	2.39867
26.3489	16.5071	2.86498	2.39683
35.1085	11.7351	2.88504	2.4829
33.1516	14.0413	2.85422	2.38605
32.5813	11.7351	2.99272	2.46429
30.001	14.922	2.9032	2.39867
28.6113	17.5512	2.94823	2.45755
26.3489	16.5071	2.86498	2.39683
30.9096	13.2177	2.91718	2.49413
30.001	14.922	2.9032	2.39867
28.2875	13.053	2.85523	2.51782
29.636	10.915	2.9609	2.50305
30.9096	13.2177	2.91718	2.49413
28.2875	13.053	2.85523	2.51782
32.5813	11.7351	2.99272	2.46429
33.1516	14.0413	2.85422	2.38605
30.9096	13.2177	2.91718	2.49413
31.7446	16.5071	3.01632	2.54631
28.6113	17.5512	2.94823	2.45755
30.001	14.922	2.9032	2.39867
34.4425	16.5071	2.88827	2.55252
31.7446	16.5071	3.01632	2.54631
33.1516	14.0413	2.85422	2.38605
34.4425	16.5071	2.88827	2.55252
34.9506	19.1174	2.95603	2.48571
32.1075	19.1174	2.98159	2.54759
37.1403	16.5071	2.96817	2.45278
34.4425	16.5071	2.88827	2.55252
35.6088	14.5697	2.90978	2.54011
37.1403	16.5071	2.96817	2.45278
37.7936	19.1174	2.9334	2.51289
34.9506	19.1174	2.95603	2.48571
11.414	14.0413	2.98498	2.52545
14.1312	14.0413	2.89255	2.48171
13.1778	15.9788	2.88018	2.52787
8.69678	14.0413	3.02495	2.52544
9.93237	11.8999	2.91273	2.43162
11.414	14.0413	2.98498	2.52545
11.25	9.60269	2.67803	2.49358
13.513	9.30337	2.72629	2.51198
12.5545	12.0646	2.95617	2.455
10.2901	7.6571	2.59859	2.4533
11.25	9.60269	2.67803	2.49358
8.74996	9.60269	2.57379	2.45734
13.513	9.30337	2.72629	2.51198
16.5822	10.0948	2.96297	2.42767
15.1767	12.2293	2.91374	2.54975
9.93237	11.8999	2.91273	2.43162
11.25	9.60269	2.67803	2.49358
12.5545	12.0646	2.95617	2.455
11.414	14.0413	2.98498	2.52545
9.93237	11.8999	2.91273	2.43162
12.5545	12.0646	2.95617	2.455
8.69678	14.0413	3.02495	2.52544
7.31021	11.7351	2.89577	2.39222
9.93237	11.8999	2.91273	2.43162
37.4683	11.4071	2.98111	2.46973
38.4127	14.3936	2.9504	2.39523
35.6088	14.5697	2.90978	2.54011
42.536	16.5071	2.92947	2.40793
43.4158	19.3	2.9562	2.41354
40.5089	19.4825	2.96276	2.44174
44.0204	14.0413	2.90105	2.51057
42.536	16.5071	2.92947	2.40793
41.2166	14.2175	2.86993	2.43993
45.2338	16.5071	2.87093	2.45631
43.4158	19.3	2.9562	2.41354
42.536	16.5071	2.92947	2.40793
40.5089	19.4825	2.96276	2.44174
41.2294	22.236	2.93138	2.49145
38.204	22.4261	3.00218	2.50479
42.536	16.5071	2.92947	2.40793
40.5089	19.4825	2.96276	2.44174
39.693	16.8552	2.96745	2.47475
43.4158	19.3	2.9562	2.41354
41.2294	22.236	2.93138	2.49145
40.5089	19.4825	2.96276	2.44174
47.2801	21.856	2.97562	2.40592
44.3095	21.856	2.9815	2.50596
46.3226	19.1174	2.89797	2.44508
38.4127	14.3936	2.9504	2.39523
37.1403	16.5071	2.96817	2.45278
35.6088	14.5697	2.90978	2.54011
40.1627	11.7351	2.90638	2.41416
41.2166	14.2175	2.86993	2.43993
38.4127	14.3936	2.9504	2.39523
38.75	9.60269	2.6611	2.52154
40.1627	11.7351	2.90638	2.41416
37.4683	11.4071	2.98111	2.46973
41.25	9.60269	2.64469	2.55926
42.6898	11.7351	2.93763	2.54387
40.1627	11.7351	2.90638	2.41416
39.693	16.8552	2.96745	2.47475
37.1403	16.5071	2.96817	2.45278
38.4127	14.3936	2.9504	2.39523
40.5089	19.4825	2.96276	2.44174
37.7936	19.1174	2.9334	2.51289
39.693	16.8552	2.96745	2.47475
28.8815	20.2128	2.93021	2.3972
29.1279	22.9961	3.03555	2.4646
26.1025	23.1861	2.98686	2.54955
32.1075	19.1174	2.98159	2.54759
34.9506	19.1174	2.95603	2.48571
32.4267	21.856	2.88269	2.5465
28.8815	20.2128	2.93021	2.3972
32.1075	19.1174	2.98159	2.54759
32.4267	21.856	2.88269	2.5465
31.7446	16.5071	3.01632	2.54631
34.4425	16.5071	2.88827	2.55252
32.1075	19.1174	2.98159	2.54759
28.6113	17.5512	2.94823	2.45755
31.7446	16.5071	3.01632	2.54631
32.1075	19.1174	2.98159	2.54759
11.414	14.0413	2.98498	2.52545
12.5545	12.0646	2.95617	2.455
14.1312	14.0413	2.89255	2.48171
12.2064	19.1174	2.92391	2.42373
10.1618	16.5071	2.92178	2.43111
13.1778	15.9788	2.88018	2.52787
9.93237	11.8999	2.91273	2.43162
8.74996	9.60269	2.57379	2.45734
11.25	9.60269	2.67803	2.49358
43.4158	19.3	2.9562	2.41354
45.2338	16.5071	2.87093	2.45631
46.3226	19.1174	2.89797	2.44508
33.1516	14.0413	2.85422	2.38605
35.6088	14.5697	2.90978	2.54011
34.4425	16.5071	2.88827	2.55252
36.25	9.60269	2.68147	2.45579
33.75	9.60269	2.71924	2.39722
34.9468	7.95642	2.71279	2.51763
21.9134	33.7485	2.94348	2.53306
18.9132	34.917	2.88893	2.51432
18.6835	32.5943	2.96516	2.41171
25	30.6708	2.89875	2.54861
21.9134	33.7485	2.94348	2.53306
21.9612	30.6708	3.02998	2.46904
21.8846	36.8646	3.02721	2.42903
18.9132	34.917	2.88893	2.51432
21.9134	33.7485	2.94348	2.53306
25	40	2.90765	2.43236
21.8846	36.8646	3.02721	2.42903
25.1151	35.3065	2.92395	2.53457
21.9134	33.7485	2.94348	2.53306
18.6835	32.5943	2.96516	2.41171
21.9612	30.6708	3.02998	2.46904
18.7212	38.8242	2.92891	2.45927
18.9132	34.917	2.88893	2.51432
21.8846	36.8646	3.02721	2.42903
17.2667	36.7732	2.99167	2.52906
15.8122	34.7222	2.98441	2.54285
18.9132	34.917	2.88893	2.51432
18.7212	38.8242	2.92891	2.45927
17.2667	36.7732	2.99167	2.52906
18.9132	34.917	2.88893	2.51432
18.7212	38.8242	2.92891	2.45927
15.601	39.0202	2.97244	2.42093
17.2667	36.7732	2.99167	2.52906
18.7981	41.9596	2.95736	2.879
18.7212	38.8242	2.92891	2.45927
21.9014	39.3141	2.86571	2.54442
15.601	39.0202	2.97244	2.42093
15.8122	34.7222	2.98441	2.54285
17.2667	36.7732	2.99167	2.52906
14.001	23.9462	2.98594	2.53962
14.6026	21.856	2.97314	2.46487
17.2998	24.7062	2.95133	2.394
13.1107	27.6505	2.85029	2.41011
12.8447	30.6708	2.8843	2.51382
10.1383	27.6505	2.94655	2.39879
15.2052	26.1784	2.98438	2.51049
15.7173	29.727	2.84708	2.42348
13.1107	27.6505	2.85029	2.41011
20.3799	24.7062	2.85456	2.39041
18.0114	27.1222	2.9192	2.46948
17.2998	24.7062	2.95133	2.394
18.7229	29.5382	2.8957	2.50798
15.7173	29.727	2.84708	2.42348
18.0114	27.1222	2.9192	2.46948
18.7229	29.5382	2.8957	2.50798
18.6835	32.5943	2.96516	2.41171
15.7173	29.727	2.84708	2.42348
10.9756	24.1362	2.95296	2.53645
8.05963	24.7062	2.87422	2.43671
8.66123	21.856	2.88299	2.49073
10.1383	27.6505	2.94655	2.39879
8.05963	24.7062	2.87422	2.43671
10.9756	24.1362	2.95296	2.53645
10.1383	27.6505	2.94655	2.39879
9.80591	30.6708	3.02897	2.51343
7.16598	27.6505	2.99472	2.50429
6.70061	30.2933	2.88619	2.52102
7.16598	27.6505	2.99472	2.50429
9.80591	30.6708	3.02897	2.51343
4.97956	24.7062	2.88758	2.47245
5.62671	21.6734	2.87932	2.45599
8.05963	24.7062	2.87422	2.43671
3.67737	19.1174	2.96386	2.53826
5.62671	21.6734	2.87932	2.45599
2.71986	21.856	2.8928	2.53603
6.52038	19.1174	2.99924	2.5438
4.76616	16.5071	2.87373	2.50687
7.464	16.5071	2.96606	2.55014
25	30.6708	2.89875	2.54861
28.0388	30.6708	2.98025	2.51625
28.0866	33.7485	3.02614	2.52687
47.2801	21.856	2.97562	2.40592
48.1005	24.7062	2.87515	2.39084
45.0204	24.7062	2.99032	2.38645
26.4215	19.1174	2.97248	2.40393
26.3489	16.5071	2.86498	2.39683
28.6113	17.5512	2.94823	2.45755
18.0114	27.1222	2.9192	2.46948
22.0277	27.6505	2.98336	2.4345
18.7229	29.5382	2.8957	2.50798
17.2541	20.9431	3.00496	2.49877
20.544	21.856	2.93047	2.51807
17.2998	24.7062	2.95133	2.394
23.0771	23.3761	2.98826	2.4085
26.1025	23.1861	2.98686	2.54955
25.3391	26.1784	2.87691	2.41744
17.2998	24.7062	2.95133	2.394
20.544	21.856	2.93047	2.51807
20.3799	24.7062	2.85456	2.39041
24.8405	21.1517	3.01018	2.39562
26.1025	23.1861	2.98686	2.54955
23.0771	23.3761	2.98826	2.4085
20.544	21.856	2.93047	2.51807
24.8405	21.1517	3.01018	2.39562
23.0771	23.3761	2.98826	2.4085
23.5785	19.1174	3.02258	2.47973
26.4215	19.1174	2.97248	2.40393
24.8405	21.1517	3.01018	2.39562
31.199	26.5464	2.97352	2.47348
30.7452	28.7831	2.91365	2.38574
28.269	26.3624	2.99005	2.41732
29.1279	22.9961	3.03555	2.4646
31.199	26.5464	2.97352	2.47348
28.269	26.3624	2.99005	2.41732
32.7002	24.7062	2.89805	2.39171
33.7508	28.5944	2.88667	2.50207
31.199	26.5464	2.97352	2.47348
20.544	21.856	2.93047	2.51807
23.0771	23.3761	2.98826	2.4085
20.3799	24.7062	2.85456	2.39041
20.7355	19.1174	2.96191	2.47288
20.544	21.856	2.93047	2.51807
17.2541	20.9431	3.00496	2.49877
17.7548	18.7251	2.8441	2.4257
18.2554	16.5071	2.89747	2.50841
20.7355	19.1174	2.96191	2.47288
14.7591	18.4213	2.96491	2.46697
17.7548	18.7251	2.8441	2.4257
17.2541	20.9431	3.00496	2.49877
14.7591	18.4213	2.96491	2.46697
15.9817	15.8026	2.96901	2.47672
17.7548	18.7251	2.8441	2.4257
20.9532	16.5071	2.88869	2.45491
23.5785	19.1174	3.02258	2.47973
20.7355	19.1174	2.96191	2.47288
23.5785	19.1174	3.02258	2.47973
24.8405	21.1517	3.01018	2.39562
20.544	21.856	2.93047	2.51807
26.689	28.4246	2.92164	2.44288
22.0277	27.6505	2.98336	2.4345
25.3391	26.1784	2.87691	2.41744
21.9612	30.6708	3.02998	2.46904
18.6835	32.5943	2.96516	2.41171
18.7229	29.5382	2.8957	2.50798
20.7355	19.1174	2.96191	2.47288
23.5785	19.1174	3.02258	2.47973
20.544	21.856	2.93047	2.51807
16.8484	14.0413	2.95925	2.53938
19.5656	14.0413	2.96444	2.45777
18.2554	16.5071	2.89747	2.50841
16.8484	14.0413	2.95925	2.53938
17.7988	12.3941	2.93115	2.53197
19.5656	14.0413	2.96444	2.45777
14.1312	14.0413	2.89255	2.48171
16.8484	14.0413	2.95925	2.53938
15.9817	15.8026	2.96901	2.47672
15.1767	12.2293	2.91374	2.54975
17.7988	12.3941	2.93115	2.53197
16.8484	14.0413	2.95925	2.53938
18.75	9.60269	2.68276	2.41132
21.25	9.60269	2.5964	2.53044
19.9458	11.7351	2.85165	2.50298
24.3933	15.2742	2.8612	2.44475
23.5785	19.1174	3.02258	2.47973
20.9532	16.5071	2.88869	2.45491
4.97956	24.7062	2.88758	2.47245
4.19365	27.6505	3.00092	2.43299
1.8995	24.7062	2.94573	2.41861
8.74996	9.60269	2.57379	2.45734
9.93237	11.8999	2.91273	2.43162
7.31021	11.7351	2.89577	2.39222
46.8029	37.0605	2.85842	2.43597
43.6827	37.2565	2.93844	2.55245
46.6062	33.7485	2.86809	2.48244
41.9404	24.7062	2.88606	2.49392
45.0204	24.7062	2.99032	2.38645
42.7675	28.0281	3.00301	2.45468
38.8603	24.7062	2.87456	2.47157
41.9404	24.7062	2.88606	2.49392
39.9888	27.0985	2.87276	2.55166
41.2294	22.236	2.93138	2.49145
44.3095	21.856	2.9815	2.50596
41.9404	24.7062	2.88606	2.49392
48.7787	27.6505	2.87803	2.43803
49.3105	30.6708	2.94663	2.50862
46.2478	30.8632	2.99104	2.53637
26.1025	23.1861	2.98686	2.54955
24.8405	21.1517	3.01018	2.39562
28.8815	20.2128	2.93021	2.3972
28.269	26.3624	2.99005	2.41732
26.1025	23.1861	2.98686	2.54955
29.1279	22.9961	3.03555	2.4646
23.0771	23.3761	2.98826	2.4085
22.0277	27.6505	2.98336	2.4345
20.3799	24.7062	2.85456	2.39041
12.8447	30.6708	2.8843	2.51382
12.7112	34.5275	2.89825	2.41423
9.49534	33.1714	2.93324	2.55299
10.1383	27.6505	2.94655	2.39879
12.8447	30.6708	2.8843	2.51382
9.80591	30.6708	3.02897	2.51343
14.3285	32.6965	3.00619	2.5203
18.6835	32.5943	2.96516	2.41171
15.8122	34.7222	2.98441	2.54285
25.1151	35.3065	2.92395	2.53457
21.8846	36.8646	3.02721	2.42903
21.9134	33.7485	2.94348	2.53306
14.3285	32.6965	3.00619	2.5203
12.7112	34.5275	2.89825	2.41423
12.8447	30.6708	2.8843	2.51382
18.9132	34.917	2.88893	2.51432
15.8122	34.7222	2.98441	2.54285
18.6835	32.5943	2.96516	2.41171
15.601	39.0202	2.97244	2.42093
12.5385	36.8646	2.8956	2.53761
15.8122	34.7222	2.98441	2.54285
23.5785	19.1174	3.02258	2.47973
24.3933	15.2742	2.8612	2.44475
26.3489	16.5071	2.86498	2.39683
28.8815	20.2128	2.93021	2.3972
24.8405	21.1517	3.01018	2.39562
26.4215	19.1174	2.97248	2.40393
18.2554	16.5071	2.89747	2.50841
17.7548	18.7251	2.8441	2.4257
15.9817	15.8026	2.96901	2.47672
14.6026	21.856	2.97314	2.46487
17.2541	20.9431	3.00496	2.49877
17.2998	24.7062	2.95133	2.394
15.9817	15.8026	2.96901	2.47672
13.1778	15.9788	2.88018	2.52787
14.1312	14.0413	2.89255	2.48171
14.6026	21.856	2.97314	2.46487
14.7591	18.4213	2.96491	2.46697
17.2541	20.9431	3.00496	2.49877
11.4404	21.3083	2.87196	2.50545
14.001	23.9462	2.98594	2.53962
10.9756	24.1362	2.95296	2.53645
30.001	14.922	2.9032	2.39867
30.9096	13.2177	2.91718	2.49413
33.1516	14.0413	2.85422	2.38605
31.7446	16.5071	3.01632	2.54631
30.001	14.922	2.9032	2.39867
33.1516	14.0413	2.85422	2.38605
25.6653	12.8882	2.96078	2.48779
27.0253	10.7509	2.89559	2.39825
28.2875	13.053	2.85523	2.51782
25.6653	12.8882	2.96078	2.48779
28.2875	13.053	2.85523	2.51782
26.3489	16.5071	2.86498	2.39683
33.75	9.60269	2.71924	2.39722
36.25	9.60269	2.68147	2.45579
35.1085	11.7351	2.88504	2.4829
39.693	16.8552	2.96745	2.47475
41.2166	14.2175	2.86993	2.43993
42.536	16.5071	2.92947	2.40793
28.8815	20.2128	2.93021	2.3972
26.4215	19.1174	2.97248	2.40393
28.6113	17.5512	2.94823	2.45755
40.625	40	2.90709	2.39699
43.75	40	3.00033	2.50427
43.6923	43.1354	2.90099	2.91989
34.399	40.9798	2.97482	2.90944
37.5	40	2.98397	2.4249
37.5191	43.9145	2.99446	2.887
40.5769	36.8646	2.89164	2.53259
43.6827	37.2565	2.93844	2.55245
40.625	40	2.90709	2.39699
37.3464	33.7485	2.8736	2.44591
33.997	31.6326	2.90777	2.40026
37.1553	30.6708	2.85448	2.54304
40.625	40	2.90709	2.39699
37.5	40	2.98397	2.4249
40.5769	36.8646	2.89164	2.53259
37.4615	36.8646	2.95884	2.52824
34.1596	34.7385	2.89116	2.39491
37.3464	33.7485	2.8736	2.44591
46.2478	30.8632	2.99104	2.53637
45.7731	27.8393	2.92178	2.55065
48.7787	27.6505	2.87803	2.43803
49.6928	33.7485	2.95449	2.50478
46.6062	33.7485	2.86809	2.48244
49.3105	30.6708	2.94663	2.50862
40.1941	30.6708	2.88838	2.52167
37.1553	30.6708	2.85448	2.54304
36.8893	27.6505	2.94693	2.55
43.2329	30.6708	3.01391	2.45999
40.1941	30.6708	2.88838	2.52167
42.7675	28.0281	3.00301	2.45468
40.433	33.7485	3.00839	2.46501
37.3464	33.7485	2.8736	2.44591
40.1941	30.6708	2.88838	2.52167
31.3171	35.696	2.95479	2.54971
31.2019	38.0404	2.96067	2.44184
28.1154	36.8646	3.02439	2.52317
33.997	31.6326	2.90777	2.40026
34.1596	34.7385	2.89116	2.39491
30.9343	31.8249	2.90336	2.41727
34.3221	37.8444	2.884	2.43837
31.2019	38.0404	2.96067	2.44184
31.3171	35.696	2.95479	2.54971
37.5	40	2.98397	2.4249
34.3221	37.8444	2.884	2.43837
37.4615	36.8646	2.95884	2.52824
34.399	40.9798	2.97482	2.90944
31.2019	38.0404	2.96067	2.44184
34.3221	37.8444	2.884	2.43837
40.1941	30.6708	2.88838	2.52167
39.9888	27.0985	2.87276	2.55166
42.7675	28.0281	3.00301	2.45468
7.16598	27.6505	2.99472	2.50429
8.05963	24.7062	2.87422	2.43671
10.1383	27.6505	2.94655	2.39879
3.69504	30.482	2.96557	2.38409
4.19365	27.6505	3.00092	2.43299
6.70061	30.2933	2.88619	2.52102
4.97956	24.7062	2.88758	2.47245
8.05963	24.7062	2.87422	2.43671
7.16598	27.6505	2.99472	2.50429
2.71986	21.856	2.8928	2.53603
4.97956	24.7062	2.88758	2.47245
1.8995	24.7062	2.94573	2.41861
14.001	23.9462	2.98594	2.53962
11.4404	21.3083	2.87196	2.50545
14.6026	21.856	2.97314	2.46487
13.1107	27.6505	2.85029	2.41011
10.9756	24.1362	2.95296	2.53645
14.001	23.9462	2.98594	2.53962
8.66123	21.856	2.88299	2.49073
5.62671	21.6734	2.87932	2.45599
6.52038	19.1174	2.99924	2.5438
12.2064	19.1174	2.92391	2.42373
11.4404	21.3083	2.87196	2.50545
9.3634	19.1174	2.84728	2.50426
8.05963	24.7062	2.87422	2.43671
5.62671	21.6734	2.87932	2.45599
8.66123	21.856	2.88299	2.49073
44.3095	21.856	2.9815	2.50596
41.2294	22.236	2.93138	2.49145
43.4158	19.3	2.9562	2.41354
45.7731	27.8393	2.92178	2.55065
45.0204	24.7062	2.99032	2.38645
48.1005	24.7062	2.87515	2.39084
38.8603	24.7062	2.87456	2.47157
36.8893	27.6505	2.94693	2.55
35.7802	24.7062	2.96104	2.39851
45.7731	27.8393	2.92178	2.55065
42.7675	28.0281	3.00301	2.45468
45.0204	24.7062	2.99032	2.38645
43.2329	30.6708	3.01391	2.45999
46.2478	30.8632	2.99104	2.53637
43.5196	33.7485	3.00962	2.40442
40.433	33.7485	3.00839	2.46501
43.2329	30.6708	3.01391	2.45999
43.5196	33.7485	3.00962	2.40442
42.7675	28.0281	3.00301	2.45468
45.7731	27.8393	2.92178	2.55065
43.2329	30.6708	3.01391	2.45999
41.9404	24.7062	2.88606	2.49392
42.7675	28.0281	3.00301	2.45468
39.9888	27.0985	2.87276	2.55166
45.7731	27.8393	2.92178	2.55065
46.2478	30.8632	2.99104	2.53637
43.2329	30.6708	3.01391	2.45999
8.69678	14.0413	3.02495	2.52544
5.97957	14.0413	3.00459	2.46033
7.31021	11.7351	2.89577	2.39222
10.1618	16.5071	2.92178	2.43111
8.69678	14.0413	3.02495	2.52544
11.414	14.0413	2.98498	2.52545
7.464	16.5071	2.96606	2.55014
4.76616	16.5071	2.87373	2.50687
5.97957	14.0413	3.00459	2.46033
10.1618	16.5071	2.92178	2.43111
7.464	16.5071	2.96606	2.55014
8.69678	14.0413	3.02495	2.52544
10.1618	16.5071	2.92178	2.43111
9.3634	19.1174	2.84728	2.50426
7.464	16.5071	2.96606	2.55014
9.42308	36.8646	2.8749	2.4257
9.49534	33.1714	2.93324	2.55299
12.7112	34.5275	2.89825	2.41423
12.5	40	2.88749	2.54245
9.36058	39.4121	2.86032	2.39294
12.5385	36.8646	2.8956	2.53761
9.36058	39.4121	2.86032	2.39294
6.30769	36.8646	2.96356	2.54158
9.42308	36.8646	2.8749	2.4257
3.19231	36.8646	2.88542	2.46129
3.40821	33.9432	2.84914	2.46872
6.30769	36.8646	2.96356	2.54158
0.076922	36.8646	2.95456	2.55687
3.19231	36.8646	2.88542	2.46129
3.125	40	2.88382	2.55032
0.076922	36.8646	2.95456	2.55687
0.307214	33.7485	2.99949	2.46812
3.19231	36.8646	2.88542	2.46129
6.70061	30.2933	2.88619	2.52102
9.80591	30.6708	3.02897	2.51343
9.49534	33.1714	2.93324	2.55299
2.71986	21.856	2.8928	2.53603
5.62671	21.6734	2.87932	2.45599
4.97956	24.7062	2.88758	2.47245
18.0114	27.1222	2.9192	2.46948
15.7173	29.727	2.84708	2.42348
15.2052	26.1784	2.98438	2.51049
43.5196	33.7485	3.00962	2.40442
40.5769	36.8646	2.89164	2.53259
40.433	33.7485	3.00839	2.46501
49.9231	36.8646	2.92862	2.40063
46.8029	37.0605	2.85842	2.43597
49.6928	33.7485	2.95449	2.50478
43.75	40	3.00033	2.50427
40.625	40	2.90709	2.39699
43.6827	37.2565	2.93844	2.55245
13.1107	27.6505	2.85029	2.41011
15.7173	29.727	2.84708	2.42348
12.8447	30.6708	2.8843	2.51382
10.9756	24.1362	2.95296	2.53645
13.1107	27.6505	2.85029	2.41011
10.1383	27.6505	2.94655	2.39879
15.2052	26.1784	2.98438	2.51049
17.2998	24.7062	2.95133	2.394
18.0114	27.1222	2.9192	2.46948
14.001	23.9462	2.98594	2.53962
15.2052	26.1784	2.98438	2.51049
13.1107	27.6505	2.85029	2.41011
14.001	23.9462	2.98594	2.53962
17.2998	24.7062	2.95133	2.394
15.2052	26.1784	2.98438	2.51049
46.6062	33.7485	2.86809	2.48244
43.6827	37.2565	2.93844	2.55245
43.5196	33.7485	3.00962	2.40442
50	40	2.85872	2.53034
46.8029	37.0605	2.85842	2.43597
49.9231	36.8646	2.92862	2.40063
46.8798	40.196	2.86296	2.86731
43.75	40	3.00033	2.50427
46.8029	37.0605	2.85842	2.43597
21.9014	39.3141	2.86571	2.54442
21.9183	41.7637	2.98346	2.96034
18.7981	41.9596	2.95736	2.879
25	40	2.90765	2.43236
21.9014	39.3141	2.86571	2.54442
21.8846	36.8646	3.02721	2.42903
25	40	2.90765	2.43236
21.9183	41.7637	2.98346	2.96034
21.9014	39.3141	2.86571	2.54442
22.0142	44.8882	2.88902	2.84054
18.7981	41.9596	2.95736	2.879
21.9183	41.7637	2.98346	2.96034
3.69504	30.482	2.96557	2.38409
3.40821	33.9432	2.84914	2.46872
0.68946	30.6708	2.97429	2.41499
1.22131	27.6505	2.91459	2.4085
3.69504	30.482	2.96557	2.38409
0.68946	30.6708	2.97429	2.41499
6.70061	30.2933	2.88619	2.52102
6.43263	33.3637	2.87846	2.43015
3.69504	30.482	2.96557	2.38409
43.5196	33.7485	3.00962	2.40442
43.6827	37.2565	2.93844	2.55245
40.5769	36.8646	2.89164	2.53259
40.1941	30.6708	2.88838	2.52167
43.2329	30.6708	3.01391	2.45999
40.433	33.7485	3.00839	2.46501
46.6062	33.7485	2.86809	2.48244
49.6928	33.7485	2.95449	2.50478
46.8029	37.0605	2.85842	2.43597
46.2478	30.8632	2.99104	2.53637
46.6062	33.7485	2.86809	2.48244
43.5196	33.7485	3.00962	2.40442
46.2478	30.8632	2.99104	2.53637
49.3105	30.6708	2.94663	2.50862
46.6062	33.7485	2.86809	2.48244
46.8798	40.196	2.86296	2.86731
46.8029	37.0605	2.85842	2.43597
50	40	2.85872	2.53034
9.4375	42.5475	3.01394	2.97079
6.24038	39.6081	2.99472	2.39506
9.36058	39.4121	2.86032	2.39294
9.49534	33.1714	2.93324	2.55299
9.80591	30.6708	3.02897	2.51343
12.8447	30.6708	2.8843	2.51382
12.5385	36.8646	2.8956	2.53761
9.42308	36.8646	2.8749	2.4257
12.7112	34.5275	2.89825	2.41423
6.43263	33.3637	2.87846	2.43015
6.70061	30.2933	2.88619	2.52102
9.49534	33.1714	2.93324	2.55299
4.19365	27.6505	3.00092	2.43299
4.97956	24.7062	2.88758	2.47245
7.16598	27.6505	2.99472	2.50429
1.22131	27.6505	2.91459	2.4085
4.19365	27.6505	3.00092	2.43299
3.69504	30.482	2.96557	2.38409
1.22131	27.6505	2.91459	2.4085
1.8995	24.7062	2.94573	2.41861
4.19365	27.6505	3.00092	2.43299
6.70061	30.2933	2.88619	2.52102
4.19365	27.6505	3.00092	2.43299
7.16598	27.6505	2.99472	2.50429
18.7229	29.5382	2.8957	2.50798
22.0277	27.6505	2.98336	2.4345
21.9612	30.6708	3.02998	2.46904
14.3285	32.6965	3.00619	2.5203
12.8447	30.6708	2.8843	2.51382
15.7173	29.727	2.84708	2.42348
18.6835	32.5943	2.96516	2.41171
14.3285	32.6965	3.00619	2.5203
15.7173	29.727	2.84708	2.42348
15.8122	34.7222	2.98441	2.54285
12.7112	34.5275	2.89825	2.41423
14.3285	32.6965	3.00619	2.5203
18.0114	27.1222	2.9192	2.46948
20.3799	24.7062	2.85456	2.39041
22.0277	27.6505	2.98336	2.4345
3.40821	33.9432	2.84914	2.46872
3.69504	30.482	2.96557	2.38409
6.43263	33.3637	2.87846	2.43015
46.8077	43.1354	2.99801	2.95552
43.6923	43.1354	2.90099	2.91989
46.8798	40.196	2.86296	2.86731
49.9231	43.1354	2.88287	2.92059
46.8077	43.1354	2.99801	2.95552
46.8798	40.196	2.86296	2.86731
46.2717	49.3292	2.92614	2.79845
49.3105	49.3292	3.034	2.9243
48.7787	52.3495	2.97573	2.80027
43.5196	46.2515	3.01477	2.95146
46.2717	49.3292	2.92614	2.79845
43.2329	49.3292	2.96977	2.92912
40.433	46.2515	2.90423	2.90493
43.5196	46.2515	3.01477	2.95146
43.2329	49.3292	2.96977	2.92912
43.6923	43.1354	2.90099	2.91989
46.8077	43.1354	2.99801	2.95552
46.6062	46.2515	3.02377	2.91557
46.6062	46.2515	3.02377	2.91557
49.3105	49.3292	3.034	2.9243
46.2717	49.3292	2.92614	2.79845
6.30769	36.8646	2.96356	2.54158
6.43263	33.3637	2.87846	2.43015
9.42308	36.8646	2.8749	2.4257
3.125	40	2.88382	2.55032
3.19231	36.8646	2.88542	2.46129
6.24038	39.6081	2.99472	2.39506
3.40821	33.9432	2.84914	2.46872
6.43263	33.3637	2.87846	2.43015
6.30769	36.8646	2.96356	2.54158
0.307214	33.7485	2.99949	2.46812
3.40821	33.9432	2.84914	2.46872
3.19231	36.8646	2.88542	2.46129
0.307214	33.7485	2.99949	2.46812
0.68946	30.6708	2.97429	2.41499
3.40821	33.9432	2.84914	2.46872
