25	30.6708	2.30232	0.924608
28.0866	33.7485	2.6829	0.891872
25.1151	35.3065	2.37795	0.905236
22.0277	27.6505	2.53885	0.789437
25	30.6708	2.30232	0.924608
21.9612	30.6708	2.68182	0.825921
26.689	28.4246	2.36025	0.797966
28.269	26.3624	2.56469	0.768731
30.7452	28.7831	2.33068	0.741022
25	30.6708	2.30232	0.924608
26.689	28.4246	2.36025	0.797966
28.0388	30.6708	2.54145	0.88002
25.3391	26.1784	2.22613	0.772918
28.269	26.3624	2.56469	0.768731
26.689	28.4246	2.36025	0.797966
28.0388	30.6708	2.54145	0.88002
30.9343	31.8249	2.30352	0.773695
28.0866	33.7485	2.6829	0.891872
22.0277	27.6505	2.53885	0.789437
26.689	28.4246	2.36025	0.797966
25	30.6708	2.30232	0.924608
30.7452	28.7831	2.33068	0.741022
30.9343	31.8249	2.30352	0.773695
28.0388	30.6708	2.54145	0.88002
26.689	28.4246	2.36025	0.797966
30.7452	28.7831	2.33068	0.741022
28.0388	30.6708	2.54145	0.88002
26.1025	23.1861	2.57165	0.920035
28.269	26.3624	2.56469	0.768731
25.3391	26.1784	2.22613	0.772918
29.1279	22.9961	2.70638	0.818926
32.7002	24.7062	2.28586	0.747371
31.199	26.5464	2.51803	0.829116
33.7508	28.5944	2.25708	0.866706
30.9343	31.8249	2.30352	0.773695
30.7452	28.7831	2.33068	0.741022
31.199	26.5464	2.51803	0.829116
33.7508	28.5944	2.25708	0.866706
30.7452	28.7831	2.33068	0.741022
37.4615	36.8646	2.47408	0.900577
40.433	33.7485	2.62114	0.824364
40.5769	36.8646	2.27521	0.907839
36.8893	27.6505	2.44548	0.926761
37.1553	30.6708	2.16467	0.92156
33.7508	28.5944	2.25708	0.866706
36.8893	27.6505	2.44548	0.926761
39.9888	27.0985	2.22871	0.93523
40.1941	30.6708	2.27259	0.896242
34.9506	19.1174	2.4633	0.849426
34.4425	16.5071	2.26825	0.932542
37.1403	16.5071	2.50161	0.810216
38.204	22.4261	2.60438	0.867133
35.1786	22.6161	2.14528	0.896224
36.4861	20.8667	2.25959	0.78444
32.1075	19.1174	2.55009	0.924295
28.8815	20.2128	2.39177	0.754003
28.6113	17.5512	2.44932	0.817806
38.204	22.4261	2.60438	0.867133
35.7802	24.7062	2.47394	0.752609
35.1786	22.6161	2.14528	0.896224
32.7002	24.7062	2.28586	0.747371
29.1279	22.9961	2.70638	0.818926
32.4267	21.856	2.25087	0.923957
45.7731	27.8393	2.37401	0.932889
48.1005	24.7062	2.21912	0.750385
48.7787	27.6505	2.23178	0.801853
38.8603	24.7062	2.22498	0.835348
41.2294	22.236	2.39078	0.854331
41.9404	24.7062	2.2584	0.861161
38.8603	24.7062	2.22498	0.835348
38.204	22.4261	2.60438	0.867133
41.2294	22.236	2.39078	0.854331
36.8893	27.6505	2.44548	0.926761
38.8603	24.7062	2.22498	0.835348
39.9888	27.0985	2.22871	0.93523
35.7802	24.7062	2.47394	0.752609
38.204	22.4261	2.60438	0.867133
38.8603	24.7062	2.22498	0.835348
33.7508	28.5944	2.25708	0.866706
35.7802	24.7062	2.47394	0.752609
36.8893	27.6505	2.44548	0.926761
32.7002	24.7062	2.28586	0.747371
32.4267	21.856	2.25087	0.923957
35.1786	22.6161	2.14528	0.896224
37.7936	19.1174	2.40227	0.880394
40.5089	19.4825	2.4838	0.797988
38.204	22.4261	2.60438	0.867133
35.1786	22.6161	2.14528	0.896224
32.4267	21.856	2.25087	0.923957
34.9506	19.1174	2.4633	0.849426
36.4861	20.8667	2.25959	0.78444
35.1786	22.6161	2.14528	0.896224
34.9506	19.1174	2.4633	0.849426
37.7936	19.1174	2.40227	0.880394
36.4861	20.8667	2.25959	0.78444
34.9506	19.1174	2.4633	0.849426
37.7936	19.1174	2.40227	0.880394
38.204	22.4261	2.60438	0.867133
36.4861	20.8667	2.25959	0.78444
35.7802	24.7062	2.47394	0.752609
32.7002	24.7062	2.28586	0.747371
35.1786	22.6161	2.14528	0.896224
33.7508	28.5944	2.25708	0.866706
32.7002	24.7062	2.28586	0.747371
35.7802	24.7062	2.47394	0.752609
29.1279	22.9961	2.70638	0.818926
28.8815	20.2128	2.39177	0.754003
32.4267	21.856	2.25087	0.923957
37.1403	16.5071	2.50161	0.810216
39.693	16.8552	2.50446	0.833577
37.7936	19.1174	2.40227	0.880394
44.3095	21.856	2.54071	0.869164
47.2801	21.856	2.5161	0.761085
45.0204	24.7062	2.56175	0.743237
41.9404	24.7062	2.2584	0.861161
44.3095	21.856	2.54071	0.869164
45.0204	24.7062	2.56175	0.743237
43.4158	19.3	2.45993	0.76848
46.3226	19.1174	2.28763	0.803709
44.3095	21.856	2.54071	0.869164
28.0866	46.2515	2.60351	2.39708
31.0776	49.3292	2.60795	2.12904
28.0388	49.3292	2.66427	2.13649
25	43.1354	2.70535	2.01829
28.1154	43.1354	2.75146	2.47537
28.0866	46.2515	2.60351	2.39708
37.3464	46.2515	2.58316	1.96293
34.3294	43.6157	2.50607	2.41233
37.5191	43.9145	2.63696	2.21358
31.226	43.7137	2.35012	2.01218
31.2788	41.1758	2.41007	2.40595
34.3294	43.6157	2.50607	2.41233
28.0866	46.2515	2.60351	2.39708
31.226	43.7137	2.35012	2.01218
31.1732	46.2515	2.66946	2.31404
28.1154	43.1354	2.75146	2.47537
31.2788	41.1758	2.41007	2.40595
31.226	43.7137	2.35012	2.01218
25	46.2515	2.21793	2.27415
25	43.1354	2.70535	2.01829
28.0866	46.2515	2.60351	2.39708
28.125	40	2.27942	0.912616
31.2788	41.1758	2.41007	2.40595
28.1154	43.1354	2.75146	2.47537
28.125	40	2.27942	0.912616
31.2019	38.0404	2.48278	0.805
31.2788	41.1758	2.41007	2.40595
31.2019	38.0404	2.48278	0.805
34.399	40.9798	2.5861	2.27862
31.2788	41.1758	2.41007	2.40595
28.0866	33.7485	2.6829	0.891872
31.3171	35.696	2.47236	0.925785
28.1154	36.8646	2.67541	0.888419
37.3464	33.7485	2.21171	0.807687
37.1553	30.6708	2.16467	0.92156
40.1941	30.6708	2.27259	0.896242
37.4615	36.8646	2.47408	0.900577
37.3464	33.7485	2.21171	0.807687
40.433	33.7485	2.62114	0.824364
37.4615	36.8646	2.47408	0.900577
34.3221	37.8444	2.25299	0.803222
34.1596	34.7385	2.26396	0.754522
34.1596	34.7385	2.26396	0.754522
33.997	31.6326	2.30928	0.75673
37.3464	33.7485	2.21171	0.807687
31.3171	35.696	2.47236	0.925785
34.1596	34.7385	2.26396	0.754522
34.3221	37.8444	2.25299	0.803222
31.3171	35.696	2.47236	0.925785
30.9343	31.8249	2.30352	0.773695
34.1596	34.7385	2.26396	0.754522
30.9343	31.8249	2.30352	0.773695
33.7508	28.5944	2.25708	0.866706
33.997	31.6326	2.30928	0.75673
40.433	46.2515	2.36304	2.27734
40.6201	43.7197	2.30805	2.46347
43.5196	46.2515	2.7052	2.4026
46.8029	37.0605	2.16488	0.798497
43.75	40	2.59414	0.873937
43.6827	37.2565	2.41589	0.931262
49.9231	43.1354	2.3043	2.33248
46.8798	40.196	2.23011	2.15817
50	40	2.17347	0.915471
49.9231	43.1354	2.3043	2.33248
49.6928	46.2515	2.64031	2.42124
46.8077	43.1354	2.65566	2.42008
25	43.1354	2.70535	2.01829
25	46.2515	2.21793	2.27415
22.0142	44.8882	2.31161	2.09829
25	40	2.31511	0.798014
25	43.1354	2.70535	2.01829
21.9183	41.7637	2.60354	2.42848
25	40	2.31511	0.798014
28.1154	43.1354	2.75146	2.47537
25	43.1354	2.70535	2.01829
31.2019	38.0404	2.48278	0.805
28.125	40	2.27942	0.912616
28.1154	36.8646	2.67541	0.888419
28.1154	43.1354	2.75146	2.47537
31.226	43.7137	2.35012	2.01218
28.0866	46.2515	2.60351	2.39708
18.7981	41.9596	2.5143	2.19366
15.601	39.0202	2.50839	0.78168
18.7212	38.8242	2.37769	0.824206
17.2523	44.2036	2.2007	2.04951
15.7402	46.2515	2.70538	2.0644
14.1489	44.3016	2.69498	2.2376
18.7981	41.9596	2.5143	2.19366
17.2523	44.2036	2.2007	2.04951
15.6779	42.1556	2.28723	2.30207
18.8268	46.2515	2.59528	2.06988
15.7402	46.2515	2.70538	2.0644
17.2523	44.2036	2.2007	2.04951
21.7462	47.598	2.36961	2.4645
18.8268	46.2515	2.59528	2.06988
22.0142	44.8882	2.31161	2.09829
21.7462	47.598	2.36961	2.4645
18.9224	49.3292	2.26873	2.42971
18.8268	46.2515	2.59528	2.06988
15.6779	42.1556	2.28723	2.30207
15.601	39.0202	2.50839	0.78168
18.7981	41.9596	2.5143	2.19366
18.8268	46.2515	2.59528	2.06988
17.2523	44.2036	2.2007	2.04951
18.7981	41.9596	2.5143	2.19366
14.1489	44.3016	2.69498	2.2376
12.6536	46.2515	2.64285	1.92996
12.5577	42.3516	2.69221	2.20909
15.6779	42.1556	2.28723	2.30207
14.1489	44.3016	2.69498	2.2376
12.5577	42.3516	2.69221	2.20909
15.7402	46.2515	2.70538	2.0644
12.6536	46.2515	2.64285	1.92996
14.1489	44.3016	2.69498	2.2376
12.7118	50.0843	2.7213	2.25301
12.6536	46.2515	2.64285	1.92996
15.8835	49.3292	2.58957	2.08741
16.083	52.3495	2.26359	2.02344
13.1107	52.3495	2.68767	2.15487
15.8835	49.3292	2.58957	2.08741
18.9224	49.3292	2.26873	2.42971
16.083	52.3495	2.26359	2.02344
15.8835	49.3292	2.58957	2.08741
13.1107	52.3495	2.68767	2.15487
10.6893	54.7417	2.21929	2.2972
10.1383	52.3495	2.60229	2.16487
15.8835	49.3292	2.58957	2.08741
13.1107	52.3495	2.68767	2.15487
12.7118	50.0843	2.7213	2.25301
14.2198	55.2938	2.356	2.3823
10.6893	54.7417	2.21929	2.2972
13.1107	52.3495	2.68767	2.15487
17.0264	56.2438	2.47744	2.06015
14.2198	55.2938	2.356	2.3823
16.083	52.3495	2.26359	2.02344
17.2808	59.0298	2.40004	2.40009
17.5295	61.7527	1.17641	2.40607
15.0494	60.8826	1.15713	2.05383
17.0264	56.2438	2.47744	2.06015
17.2808	59.0298	2.40004	2.40009
14.6026	58.144	2.48993	2.39239
17.0264	56.2438	2.47744	2.06015
20.0518	56.4338	2.72799	1.94653
17.2808	59.0298	2.40004	2.40009
7.16598	52.3495	2.65705	1.98075
8.05963	55.2938	2.4209	2.08682
4.92487	55.4838	2.64671	2.44217
6.76709	49.3292	2.64754	2.4678
7.16598	52.3495	2.65705	1.98075
4.19365	52.3495	2.67012	2.4364
10.1383	52.3495	2.60229	2.16487
8.05963	55.2938	2.4209	2.08682
7.16598	52.3495	2.65705	1.98075
12.7118	50.0843	2.7213	2.25301
10.1383	52.3495	2.60229	2.16487
9.70619	49.8955	2.25073	2.0109
10.6893	54.7417	2.21929	2.2972
8.05963	55.2938	2.4209	2.08682
10.1383	52.3495	2.60229	2.16487
12.5577	42.3516	2.69221	2.20909
12.5	40	2.26893	0.927609
15.6779	42.1556	2.28723	2.30207
9.61019	45.6673	2.3396	2.03547
12.5577	42.3516	2.69221	2.20909
12.6536	46.2515	2.64285	1.92996
9.61019	45.6673	2.3396	2.03547
6.31731	42.7435	2.70527	2.1837
9.4375	42.5475	2.70714	2.45535
-3.10282e-28	40	2.31783	2.46308
3.125	40	2.25225	0.942592
3.19711	42.9395	2.4051	2.11135
-3.10282e-28	40	2.31783	2.46308
0.076922	36.8646	2.46558	0.944021
3.125	40	2.25225	0.942592
46.6062	46.2515	2.73564	2.303
46.2717	49.3292	2.42525	1.96956
43.5196	46.2515	2.7052	2.4026
43.6923	43.1354	2.35541	2.31574
46.6062	46.2515	2.73564	2.303
43.5196	46.2515	2.7052	2.4026
49.6928	46.2515	2.64031	2.42124
49.3105	49.3292	2.76276	2.32718
46.6062	46.2515	2.73564	2.303
27.4517	72.3429	1.34248	0.825757
25	72.3429	1.1901	0.84384
27.0253	69.2491	1.07454	2.22846
24.7277	76.3587	1.06892	0.907393
26.189	74.0896	1.21381	0.906346
27.2733	75.6267	1.31325	0.800418
24.7277	76.3587	1.06892	0.907393
23.0327	74.7883	1.10029	0.774981
26.189	74.0896	1.21381	0.906346
23.0339	79.8761	1.14831	0.790843
21.0802	79.5053	1.19978	0.945482
21.6827	78.0345	1.03134	0.941461
19.6759	76.9444	1.11306	0.775478
19.0551	74.0896	1.13314	0.847303
21.4331	74.0896	1.03705	0.936181
19.6759	76.9444	1.11306	0.775478
18.1801	75.6267	1.10343	0.832562
19.0551	74.0896	1.13314	0.847303
21.4331	74.0896	1.03705	0.936181
23.0327	74.7883	1.10029	0.774981
22.3999	76.5052	1.13954	0.947728
20.0967	72.3429	1.31501	0.768138
22.5483	72.3429	1.29933	0.85956
21.4331	74.0896	1.03705	0.936181
16.5527	73.7985	1.09227	0.776331
17.645	72.3429	1.26392	0.843449
19.0551	74.0896	1.13314	0.847303
19.193	69.7412	1.27629	2.09474
21.8037	69.5771	1.08397	2.47017
20.0967	72.3429	1.31501	0.768138
21.8037	69.5771	1.08397	2.47017
23.75	70.3973	1.21074	0.774718
22.5483	72.3429	1.29933	0.85956
21.6827	78.0345	1.03134	0.941461
19.1515	78.89	1.13161	0.915472
19.6759	76.9444	1.11306	0.775478
22.3999	76.5052	1.13954	0.947728
19.6759	76.9444	1.11306	0.775478
21.4331	74.0896	1.03705	0.936181
22.3999	76.5052	1.13954	0.947728
21.6827	78.0345	1.03134	0.941461
19.6759	76.9444	1.11306	0.775478
24.7277	76.3587	1.06892	0.907393
22.3999	76.5052	1.13954	0.947728
23.0327	74.7883	1.10029	0.774981
24.7277	76.3587	1.06892	0.907393
24.9752	78.5234	1.2264	0.897741
23.329	78.279	1.04092	0.891933
21.0802	79.5053	1.19978	0.945482
19.1515	78.89	1.13161	0.915472
21.6827	78.0345	1.03134	0.941461
25	80	1.24453	0.835494
24.9752	78.5234	1.2264	0.897741
26.9661	79.8761	1.17692	0.899801
19.6759	76.9444	1.11306	0.775478
19.1515	78.89	1.13161	0.915472
17.2597	78.0345	1.16524	0.783142
28.3173	78.0345	1.34101	0.76795
30.8485	78.89	1.13696	0.884156
28.9198	79.5053	1.18352	0.842419
18.1801	75.6267	1.10343	0.832562
19.6759	76.9444	1.11306	0.775478
17.2597	78.0345	1.16524	0.783142
15.4167	76.9444	1.0904	0.804432
18.1801	75.6267	1.10343	0.832562
17.2597	78.0345	1.16524	0.783142
23.0327	74.7883	1.10029	0.774981
21.4331	74.0896	1.03705	0.936181
22.5483	72.3429	1.29933	0.85956
15.4167	76.9444	1.0904	0.804432
16.5527	73.7985	1.09227	0.776331
18.1801	75.6267	1.10343	0.832562
20.0967	72.3429	1.31501	0.768138
21.8037	69.5771	1.08397	2.47017
22.5483	72.3429	1.29933	0.85956
15.4167	76.9444	1.0904	0.804432
13.6336	75.6267	1.2484	0.794082
14.237	73.9441	1.29641	0.795437
29.3832	76.0659	1.34118	0.839129
31.3712	77.1646	1.05375	0.836079
28.3173	78.0345	1.34101	0.76795
31.9219	75.3472	1.15833	0.793746
34.5833	76.9444	1.0701	0.959829
32.7403	78.0345	1.24548	0.915487
14.237	73.9441	1.29641	0.795437
11.9212	74.0896	1.35167	0.856632
12.7417	72.3429	1.12696	0.857074
11.25	70.3973	1.05094	0.782574
12.7417	72.3429	1.12696	0.857074
10.2901	72.3429	1.09682	0.949303
17.645	72.3429	1.26392	0.843449
16.5527	73.7985	1.09227	0.776331
15.1934	72.3429	1.09038	0.940671
19.193	69.7412	1.27629	2.09474
17.645	72.3429	1.26392	0.843449
16.25	70.3973	1.2728	0.773899
20.0967	72.3429	1.31501	0.768138
19.0551	74.0896	1.13314	0.847303
17.645	72.3429	1.26392	0.843449
19.0551	74.0896	1.13314	0.847303
18.1801	75.6267	1.10343	0.832562
16.5527	73.7985	1.09227	0.776331
32.355	72.3429	1.34358	0.884101
34.8066	72.3429	1.1296	0.872537
33.3228	74.0896	1.22209	0.896798
33.3228	74.0896	1.22209	0.896798
31.9219	75.3472	1.15833	0.793746
30.9297	73.8705	1.2508	0.85724
35.7008	74.0896	1.29278	0.915568
33.3228	74.0896	1.22209	0.896798
34.8066	72.3429	1.1296	0.872537
34.5833	76.9444	1.0701	0.959829
31.9219	75.3472	1.15833	0.793746
33.3228	74.0896	1.22209	0.896798
17.4187	68.2649	1.07065	2.20375
14.8915	68.2649	1.1538	2.25405
16.8484	65.9587	1.21332	2.46513
16.25	70.3973	1.2728	0.773899
13.513	70.6966	1.2559	0.832644
14.8915	68.2649	1.1538	2.25405
19.193	69.7412	1.27629	2.09474
16.25	70.3973	1.2728	0.773899
17.4187	68.2649	1.07065	2.20375
15.1934	72.3429	1.09038	0.940671
14.237	73.9441	1.29641	0.795437
12.7417	72.3429	1.12696	0.857074
17.645	72.3429	1.26392	0.843449
15.1934	72.3429	1.09038	0.940671
16.25	70.3973	1.2728	0.773899
16.5527	73.7985	1.09227	0.776331
14.237	73.9441	1.29641	0.795437
15.1934	72.3429	1.09038	0.940671
12.7417	72.3429	1.12696	0.857074
11.25	70.3973	1.05094	0.782574
13.513	70.6966	1.2559	0.832644
8.74996	70.3973	1.17193	0.796744
11.25	70.3973	1.05094	0.782574
10.2901	72.3429	1.09682	0.949303
12.3644	68.2649	1.09941	2.03641
13.846	66.4528	1.13643	2.08192
14.8915	68.2649	1.1538	2.25405
9.83732	68.2649	1.22404	2.22892
12.3644	68.2649	1.09941	2.03641
11.25	70.3973	1.05094	0.782574
9.83732	68.2649	1.22404	2.22892
11.414	65.9587	1.18086	2.55425
12.3644	68.2649	1.09941	2.03641
9.83732	68.2649	1.22404	2.22892
11.25	70.3973	1.05094	0.782574
8.74996	70.3973	1.17193	0.796744
14.8915	68.2649	1.1538	2.25405
13.513	70.6966	1.2559	0.832644
12.3644	68.2649	1.09941	2.03641
15.1934	72.3429	1.09038	0.940671
12.7417	72.3429	1.12696	0.857074
13.513	70.6966	1.2559	0.832644
15.4167	76.9444	1.0904	0.804432
14.237	73.9441	1.29641	0.795437
16.5527	73.7985	1.09227	0.776331
13.6336	75.6267	1.2484	0.794082
11.9212	74.0896	1.35167	0.856632
14.237	73.9441	1.29641	0.795437
11.9212	74.0896	1.35167	0.856632
10.2901	72.3429	1.09682	0.949303
12.7417	72.3429	1.12696	0.857074
7.31021	68.2649	1.17064	2.18658
9.83732	68.2649	1.22404	2.22892
8.74996	70.3973	1.17193	0.796744
7.31021	68.2649	1.17064	2.18658
5.97957	65.9587	1.16981	2.38671
8.78345	65.7825	1.14592	2.44813
28.3173	78.0345	1.34101	0.76795
28.9198	79.5053	1.18352	0.842419
26.9661	79.8761	1.17692	0.899801
31.3712	77.1646	1.05375	0.836079
31.9219	75.3472	1.15833	0.793746
32.7403	78.0345	1.24548	0.915487
28.3173	78.0345	1.34101	0.76795
31.3712	77.1646	1.05375	0.836079
30.8485	78.89	1.13696	0.884156
29.3832	76.0659	1.34118	0.839129
31.9219	75.3472	1.15833	0.793746
31.3712	77.1646	1.05375	0.836079
27.2733	75.6267	1.31325	0.800418
29.3832	76.0659	1.34118	0.839129
28.3173	78.0345	1.34101	0.76795
28.5669	74.0896	1.11126	0.827052
29.9033	72.3429	1.18149	0.810614
30.9297	73.8705	1.2508	0.85724
27.2733	75.6267	1.31325	0.800418
28.5669	74.0896	1.11126	0.827052
29.3832	76.0659	1.34118	0.839129
27.2733	75.6267	1.31325	0.800418
26.189	74.0896	1.21381	0.906346
28.5669	74.0896	1.11126	0.827052
26.2439	77.6257	1.33755	0.766754
27.2733	75.6267	1.31325	0.800418
28.3173	78.0345	1.34101	0.76795
26.9661	79.8761	1.17692	0.899801
26.2439	77.6257	1.33755	0.766754
28.3173	78.0345	1.34101	0.76795
24.9752	78.5234	1.2264	0.897741
24.7277	76.3587	1.06892	0.907393
26.2439	77.6257	1.33755	0.766754
31.0572	70.658	1.07391	0.947767
30.0542	68.2649	1.09669	2.53834
32.2468	68.921	1.20792	2.29746
31.0572	70.658	1.07391	0.947767
28.75	70.3973	1.11197	0.91118
30.0542	68.2649	1.09669	2.53834
33.75	70.3973	1.16961	0.821662
31.0572	70.658	1.07391	0.947767
32.2468	68.921	1.20792	2.29746
29.9033	72.3429	1.18149	0.810614
28.75	70.3973	1.11197	0.91118
31.0572	70.658	1.07391	0.947767
30.9297	73.8705	1.2508	0.85724
29.9033	72.3429	1.18149	0.810614
32.355	72.3429	1.34358	0.884101
33.3228	74.0896	1.22209	0.896798
30.9297	73.8705	1.2508	0.85724
32.355	72.3429	1.34358	0.884101
31.9219	75.3472	1.15833	0.793746
29.3832	76.0659	1.34118	0.839129
30.9297	73.8705	1.2508	0.85724
28.5669	74.0896	1.11126	0.827052
26.189	74.0896	1.21381	0.906346
27.4517	72.3429	1.34248	0.825757
25	72.3429	1.1901	0.84384
23.75	70.3973	1.21074	0.774718
27.0253	69.2491	1.07454	2.22846
26.9661	79.8761	1.17692	0.899801
24.9752	78.5234	1.2264	0.897741
26.2439	77.6257	1.33755	0.766754
27.0253	69.2491	1.07454	2.22846
24.3347	67.1118	1.3113	2.24365
26.9568	67.2765	1.35756	2.08376
19.0904	66.7823	1.35796	2.05815
19.999	65.078	1.33493	2.441
22.2828	65.9587	1.24952	2.36734
17.4187	68.2649	1.07065	2.20375
19.0904	66.7823	1.35796	2.05815
19.193	69.7412	1.27629	2.09474
17.4187	68.2649	1.07065	2.20375
16.8484	65.9587	1.21332	2.46513
19.0904	66.7823	1.35796	2.05815
27.4517	72.3429	1.34248	0.825757
28.75	70.3973	1.11197	0.91118
29.9033	72.3429	1.18149	0.810614
28.5669	74.0896	1.11126	0.827052
27.4517	72.3429	1.34248	0.825757
29.9033	72.3429	1.18149	0.810614
26.189	74.0896	1.21381	0.906346
25	72.3429	1.1901	0.84384
27.4517	72.3429	1.34248	0.825757
27.0253	69.2491	1.07454	2.22846
26.9568	67.2765	1.35756	2.08376
30.0542	68.2649	1.09669	2.53834
27.4517	72.3429	1.34248	0.825757
27.0253	69.2491	1.07454	2.22846
28.75	70.3973	1.11197	0.91118
23.75	70.3973	1.21074	0.774718
24.3347	67.1118	1.3113	2.24365
27.0253	69.2491	1.07454	2.22846
34.8233	67.7707	1.08277	2.35229
37.4455	67.9354	1.13462	2.53906
36.25	70.3973	1.06651	0.831222
31.3712	77.1646	1.05375	0.836079
32.7403	78.0345	1.24548	0.915487
30.8485	78.89	1.13696	0.884156
23.329	78.279	1.04092	0.891933
22.3999	76.5052	1.13954	0.947728
24.7277	76.3587	1.06892	0.907393
23.0339	79.8761	1.14831	0.790843
23.329	78.279	1.04092	0.891933
24.9752	78.5234	1.2264	0.897741
21.6827	78.0345	1.03134	0.941461
22.3999	76.5052	1.13954	0.947728
23.329	78.279	1.04092	0.891933
21.6827	78.0345	1.03134	0.941461
23.329	78.279	1.04092	0.891933
23.0339	79.8761	1.14831	0.790843
25	72.3429	1.1901	0.84384
26.189	74.0896	1.21381	0.906346
23.0327	74.7883	1.10029	0.774981
27.2733	75.6267	1.31325	0.800418
26.2439	77.6257	1.33755	0.766754
24.7277	76.3587	1.06892	0.907393
25	80	1.24453	0.835494
23.0339	79.8761	1.14831	0.790843
24.9752	78.5234	1.2264	0.897741
35.7008	74.0896	1.29278	0.915568
37.3942	72.4885	1.11975	0.86497
38.0788	74.0896	1.24866	0.830238
34.5833	76.9444	1.0701	0.959829
35.7008	74.0896	1.29278	0.915568
36.3664	75.6267	1.2366	0.899792
34.8066	72.3429	1.1296	0.872537
37.3942	72.4885	1.11975	0.86497
35.7008	74.0896	1.29278	0.915568
34.5833	76.9444	1.0701	0.959829
33.3228	74.0896	1.22209	0.896798
35.7008	74.0896	1.29278	0.915568
33.75	70.3973	1.16961	0.821662
36.25	70.3973	1.06651	0.831222
34.8066	72.3429	1.1296	0.872537
35.7008	74.0896	1.29278	0.915568
38.0788	74.0896	1.24866	0.830238
36.3664	75.6267	1.2366	0.899792
37.4455	67.9354	1.13462	2.53906
38.75	70.3973	1.06492	0.888261
36.25	70.3973	1.06651	0.831222
39.7099	72.3429	1.09539	0.870464
38.0788	74.0896	1.24866	0.830238
37.3942	72.4885	1.11975	0.86497
36.25	70.3973	1.06651	0.831222
33.75	70.3973	1.16961	0.821662
34.8233	67.7707	1.08277	2.35229
37.3942	72.4885	1.11975	0.86497
36.25	70.3973	1.06651	0.831222
38.75	70.3973	1.06492	0.888261
37.3942	72.4885	1.11975	0.86497
34.8066	72.3429	1.1296	0.872537
36.25	70.3973	1.06651	0.831222
15.5575	63.4929	1.14114	2.53246
16.8484	65.9587	1.21332	2.46513
13.846	66.4528	1.13643	2.08192
11.414	65.9587	1.18086	2.55425
12.8597	63.4929	1.31396	2.03787
13.846	66.4528	1.13643	2.08192
15.0494	60.8826	1.15713	2.05383
17.5295	61.7527	1.17641	2.40607
15.5575	63.4929	1.14114	2.53246
15.5575	63.4929	1.14114	2.53246
17.5295	61.7527	1.17641	2.40607
16.8484	65.9587	1.21332	2.46513
11.6319	58.144	2.64824	2.24735
14.6026	58.144	2.48993	2.39239
12.3979	60.3349	1.29355	2.5092
14.6026	58.144	2.48993	2.39239
17.2808	59.0298	2.40004	2.40009
15.0494	60.8826	1.15713	2.05383
20.363	63.0044	1.31146	2.54146
19.999	65.078	1.33493	2.441
17.5295	61.7527	1.17641	2.40607
20.7355	60.8826	1.25345	2.56248
20.363	63.0044	1.31146	2.54146
17.5295	61.7527	1.17641	2.40607
20.7355	60.8826	1.25345	2.56248
23.0704	62.1007	1.34002	2.28784
20.363	63.0044	1.31146	2.54146
11.6319	58.144	2.64824	2.24735
10.6893	54.7417	2.21929	2.2972
14.2198	55.2938	2.356	2.3823
9.3634	60.8826	1.16477	2.14202
11.6319	58.144	2.64824	2.24735
12.3979	60.3349	1.29355	2.5092
8.66123	58.144	2.19069	2.15318
10.6893	54.7417	2.21929	2.2972
11.6319	58.144	2.64824	2.24735
5.69054	58.144	2.50899	2.28215
4.92487	55.4838	2.64671	2.44217
8.05963	55.2938	2.4209	2.08682
6.4478	61.0566	1.09491	2.13199
5.69054	58.144	2.50899	2.28215
8.66123	58.144	2.19069	2.15318
3.67737	60.8826	1.32058	2.38263
2.71986	58.144	2.59918	1.95141
5.69054	58.144	2.50899	2.28215
36.8222	64.0212	1.22168	2.12123
39.6261	63.8451	1.11763	2.15266
38.586	65.9587	1.11959	2.18987
34.1521	62.7968	1.19065	2.46252
36.8222	64.0212	1.22168	2.12123
35.8688	65.9587	1.36144	2.38781
37.7936	60.8826	1.33988	2.14752
39.6261	63.8451	1.11763	2.15266
36.8222	64.0212	1.22168	2.12123
38.75	70.3973	1.06492	0.888261
40.1627	68.2649	1.18719	1.98342
41.25	70.3973	1.21115	0.78409
37.3942	72.4885	1.11975	0.86497
38.75	70.3973	1.06492	0.888261
39.7099	72.3429	1.09539	0.870464
37.4455	67.9354	1.13462	2.53906
40.1627	68.2649	1.18719	1.98342
38.75	70.3973	1.06492	0.888261
35.8688	65.9587	1.36144	2.38781
37.4455	67.9354	1.13462	2.53906
34.8233	67.7707	1.08277	2.35229
33.1516	65.9587	1.12214	2.20272
35.8688	65.9587	1.36144	2.38781
34.8233	67.7707	1.08277	2.35229
34.1521	62.7968	1.19065	2.46252
34.9506	60.8826	1.39524	2.23005
36.8222	64.0212	1.22168	2.12123
38.75	70.3973	1.06492	0.888261
41.25	70.3973	1.21115	0.78409
39.7099	72.3429	1.09539	0.870464
38.586	65.9587	1.11959	2.18987
40.1627	68.2649	1.18719	1.98342
37.4455	67.9354	1.13462	2.53906
41.3032	65.9587	1.18397	1.99926
42.6898	68.2649	1.15331	1.99019
40.1627	68.2649	1.18719	1.98342
41.3032	65.9587	1.18397	1.99926
44.0204	65.9587	1.16648	2.35209
42.6898	68.2649	1.15331	1.99019
41.25	70.3973	1.21115	0.78409
40.1627	68.2649	1.18719	1.98342
42.6898	68.2649	1.15331	1.99019
36.8222	64.0212	1.22168	2.12123
34.9506	60.8826	1.39524	2.23005
37.7936	60.8826	1.33988	2.14752
2.71986	58.144	2.59918	1.95141
4.92487	55.4838	2.64671	2.44217
5.69054	58.144	2.50899	2.28215
8.66123	58.144	2.19069	2.15318
8.05963	55.2938	2.4209	2.08682
10.6893	54.7417	2.21929	2.2972
6.4478	61.0566	1.09491	2.13199
8.66123	58.144	2.19069	2.15318
9.3634	60.8826	1.16477	2.14202
5.69054	58.144	2.50899	2.28215
8.05963	55.2938	2.4209	2.08682
8.66123	58.144	2.19069	2.15318
1.8995	55.2938	2.66089	2.33029
4.92487	55.4838	2.64671	2.44217
2.71986	58.144	2.59918	1.95141
1.8995	55.2938	2.66089	2.33029
1.22131	52.3495	2.61481	2.28927
4.19365	52.3495	2.67012	2.4364
41.3032	65.9587	1.18397	1.99926
42.43	63.669	1.25433	2.47387
44.0204	65.9587	1.16648	2.35209
43.4796	60.8826	1.14148	2.05873
40.6366	60.8826	1.32834	2.14524
41.4664	58.5091	2.55369	2.21554
45.2338	63.4929	1.35888	2.25649
43.4796	60.8826	1.14148	2.05873
46.3226	60.8826	1.19595	2.25439
42.43	63.669	1.25433	2.47387
40.6366	60.8826	1.32834	2.14524
43.4796	60.8826	1.14148	2.05873
41.4664	58.5091	2.55369	2.21554
38.5596	58.6917	2.63134	2.33638
38.8603	55.2938	2.54412	2.03013
46.3226	60.8826	1.19595	2.25439
43.4796	60.8826	1.14148	2.05873
44.2548	57.954	2.67142	2.0292
42.43	63.669	1.25433	2.47387
39.6261	63.8451	1.11763	2.15266
40.6366	60.8826	1.32834	2.14524
44.0204	65.9587	1.16648	2.35209
42.43	63.669	1.25433	2.47387
45.2338	63.4929	1.35888	2.25649
36.8222	64.0212	1.22168	2.12123
38.586	65.9587	1.11959	2.18987
35.8688	65.9587	1.36144	2.38781
40.6366	60.8826	1.32834	2.14524
39.6261	63.8451	1.11763	2.15266
37.7936	60.8826	1.33988	2.14752
38.586	65.9587	1.11959	2.18987
37.4455	67.9354	1.13462	2.53906
35.8688	65.9587	1.36144	2.38781
41.3032	65.9587	1.18397	1.99926
38.586	65.9587	1.11959	2.18987
39.6261	63.8451	1.11763	2.15266
41.3032	65.9587	1.18397	1.99926
40.1627	68.2649	1.18719	1.98342
38.586	65.9587	1.11959	2.18987
32.2468	68.921	1.20792	2.29746
30.4344	65.9587	1.12	2.13221
33.1516	65.9587	1.12214	2.20272
21.7285	50.6506	2.5848	2.11174
19.0553	52.3495	2.45594	2.4225
18.9224	49.3292	2.26873	2.42971
21.7462	47.598	2.36961	2.4645
21.7285	50.6506	2.5848	2.11174
18.9224	49.3292	2.26873	2.42971
15.8835	49.3292	2.58957	2.08741
18.8268	46.2515	2.59528	2.06988
18.9224	49.3292	2.26873	2.42971
22.0142	44.8882	2.31161	2.09829
25	46.2515	2.21793	2.27415
21.7462	47.598	2.36961	2.4645
24.7341	50.8393	2.30631	2.31823
22.4091	54.0056	2.45135	2.13492
21.7285	50.6506	2.5848	2.11174
26.54	55.2938	2.22202	2.10608
26.4853	58.144	2.48921	2.08952
23.0771	56.6239	2.5257	1.98997
30.9447	52.3495	2.22407	2.4599
29.6201	55.2938	2.4694	2.04447
27.9723	52.3495	2.38251	2.26436
26.4853	58.144	2.48921	2.08952
26.4215	60.8826	1.31559	2.54356
24.0253	59.6046	2.25704	2.26493
29.6201	55.2938	2.4694	2.04447
26.4853	58.144	2.48921	2.08952
26.54	55.2938	2.22202	2.10608
29.6201	55.2938	2.4694	2.04447
32.1533	57.1939	2.22381	2.21115
29.839	59.2394	2.36733	2.31007
17.2808	59.0298	2.40004	2.40009
20.7355	60.8826	1.25345	2.56248
17.5295	61.7527	1.17641	2.40607
23.0771	56.6239	2.5257	1.98997
20.3936	58.6582	2.65186	2.33564
20.0518	56.4338	2.72799	1.94653
23.0771	56.6239	2.5257	1.98997
24.0253	59.6046	2.25704	2.26493
20.3936	58.6582	2.65186	2.33564
39.0601	41.8598	2.33065	2.13207
37.5191	43.9145	2.63696	2.21358
37.5	40	2.54391	0.786128
40.625	40	2.30716	0.757467
39.0601	41.8598	2.33065	2.13207
37.5	40	2.54391	0.786128
40.6201	43.7197	2.30805	2.46347
37.5191	43.9145	2.63696	2.21358
39.0601	41.8598	2.33065	2.13207
40.6201	43.7197	2.30805	2.46347
40.433	46.2515	2.36304	2.27734
37.5191	43.9145	2.63696	2.21358
43.6923	43.1354	2.35541	2.31574
40.6201	43.7197	2.30805	2.46347
40.625	40	2.30716	0.757467
43.6923	43.1354	2.35541	2.31574
43.5196	46.2515	2.7052	2.4026
40.6201	43.7197	2.30805	2.46347
46.8798	40.196	2.23011	2.15817
43.6923	43.1354	2.35541	2.31574
43.75	40	2.59414	0.873937
46.8077	43.1354	2.65566	2.42008
49.6928	46.2515	2.64031	2.42124
46.6062	46.2515	2.73564	2.303
37.5	40	2.54391	0.786128
34.399	40.9798	2.5861	2.27862
34.3221	37.8444	2.25299	0.803222
40.5769	36.8646	2.27521	0.907839
37.5	40	2.54391	0.786128
37.4615	36.8646	2.47408	0.900577
40.625	40	2.30716	0.757467
40.6201	43.7197	2.30805	2.46347
39.0601	41.8598	2.33065	2.13207
40.1224	48.7521	2.30191	2.41186
37.0597	48.5598	2.40319	2.28559
37.3464	46.2515	2.58316	1.96293
34.1165	49.3292	2.40667	2.22908
36.7564	51.5944	2.62695	2.36427
34.1289	53.2696	2.57521	2.11648
31.1732	46.2515	2.66946	2.31404
34.1165	49.3292	2.40667	2.22908
31.0776	49.3292	2.60795	2.12904
28.0866	46.2515	2.60351	2.39708
31.1732	46.2515	2.66946	2.31404
31.0776	49.3292	2.60795	2.12904
34.3294	43.6157	2.50607	2.41233
34.399	40.9798	2.5861	2.27862
37.5191	43.9145	2.63696	2.21358
31.1732	46.2515	2.66946	2.31404
31.226	43.7137	2.35012	2.01218
34.2598	46.2515	2.43554	2.45445
31.2788	41.1758	2.41007	2.40595
34.399	40.9798	2.5861	2.27862
34.3294	43.6157	2.50607	2.41233
37.0597	48.5598	2.40319	2.28559
36.7564	51.5944	2.62695	2.36427
34.1165	49.3292	2.40667	2.22908
37.3464	46.2515	2.58316	1.96293
37.0597	48.5598	2.40319	2.28559
34.2598	46.2515	2.43554	2.45445
40.433	46.2515	2.36304	2.27734
37.3464	46.2515	2.58316	1.96293
37.5191	43.9145	2.63696	2.21358
40.433	46.2515	2.36304	2.27734
40.1224	48.7521	2.30191	2.41186
37.3464	46.2515	2.58316	1.96293
40.1224	48.7521	2.30191	2.41186
36.7564	51.5944	2.62695	2.36427
37.0597	48.5598	2.40319	2.28559
46.2717	49.3292	2.42525	1.96956
45.8487	52.5335	2.74212	2.08754
43.2329	49.3292	2.56595	2.33896
34.1165	49.3292	2.40667	2.22908
34.1289	53.2696	2.57521	2.11648
30.9447	52.3495	2.22407	2.4599
7.464	63.4929	1.21147	2.37534
8.78345	65.7825	1.14592	2.44813
5.97957	65.9587	1.16981	2.38671
6.4478	61.0566	1.09491	2.13199
7.464	63.4929	1.21147	2.37534
4.76616	63.4929	1.14662	2.17745
6.4478	61.0566	1.09491	2.13199
9.3634	60.8826	1.16477	2.14202
7.464	63.4929	1.21147	2.37534
12.3979	60.3349	1.29355	2.5092
10.1618	63.4929	1.09141	2.12891
9.3634	60.8826	1.16477	2.14202
12.8597	63.4929	1.31396	2.03787
15.0494	60.8826	1.15713	2.05383
15.5575	63.4929	1.14114	2.53246
12.3644	68.2649	1.09941	2.03641
13.513	70.6966	1.2559	0.832644
11.25	70.3973	1.05094	0.782574
16.8484	65.9587	1.21332	2.46513
14.8915	68.2649	1.1538	2.25405
13.846	66.4528	1.13643	2.08192
17.4187	68.2649	1.07065	2.20375
16.25	70.3973	1.2728	0.773899
14.8915	68.2649	1.1538	2.25405
19.999	65.078	1.33493	2.441
19.0904	66.7823	1.35796	2.05815
16.8484	65.9587	1.21332	2.46513
19.193	69.7412	1.27629	2.09474
20.0967	72.3429	1.31501	0.768138
17.645	72.3429	1.26392	0.843449
9.83732	68.2649	1.22404	2.22892
8.78345	65.7825	1.14592	2.44813
11.414	65.9587	1.18086	2.55425
6.48041	46.2515	2.56605	2.14512
3.72828	49.3292	2.30419	1.97098
3.39381	46.2515	2.5064	2.02938
9.70619	49.8955	2.25073	2.0109
6.76709	49.3292	2.64754	2.4678
9.61019	45.6673	2.3396	2.03547
9.70619	49.8955	2.25073	2.0109
10.1383	52.3495	2.60229	2.16487
7.16598	52.3495	2.65705	1.98075
13.1107	52.3495	2.68767	2.15487
10.1383	52.3495	2.60229	2.16487
12.7118	50.0843	2.7213	2.25301
4.19365	52.3495	2.67012	2.4364
3.72828	49.3292	2.30419	1.97098
6.76709	49.3292	2.64754	2.4678
1.8995	55.2938	2.66089	2.33029
4.19365	52.3495	2.67012	2.4364
4.92487	55.4838	2.64671	2.44217
1.22131	52.3495	2.61481	2.28927
3.72828	49.3292	2.30419	1.97098
4.19365	52.3495	2.67012	2.4364
22.2828	65.9587	1.24952	2.36734
23.0704	62.1007	1.34002	2.28784
25.6067	64.7258	1.21304	2.38016
21.8037	69.5771	1.08397	2.47017
22.2828	65.9587	1.24952	2.36734
24.3347	67.1118	1.3113	2.24365
19.999	65.078	1.33493	2.441
20.363	63.0044	1.31146	2.54146
22.2828	65.9587	1.24952	2.36734
21.8037	69.5771	1.08397	2.47017
19.193	69.7412	1.27629	2.09474
19.0904	66.7823	1.35796	2.05815
16.8484	65.9587	1.21332	2.46513
17.5295	61.7527	1.17641	2.40607
19.999	65.078	1.33493	2.441
22.2828	65.9587	1.24952	2.36734
20.363	63.0044	1.31146	2.54146
23.0704	62.1007	1.34002	2.28784
16.25	70.3973	1.2728	0.773899
15.1934	72.3429	1.09038	0.940671
13.513	70.6966	1.2559	0.832644
7.464	63.4929	1.21147	2.37534
10.1618	63.4929	1.09141	2.12891
8.78345	65.7825	1.14592	2.44813
20.0518	56.4338	2.72799	1.94653
19.0553	52.3495	2.45594	2.4225
22.4091	54.0056	2.45135	2.13492
20.3936	58.6582	2.65186	2.33564
17.2808	59.0298	2.40004	2.40009
20.0518	56.4338	2.72799	1.94653
15.0494	60.8826	1.15713	2.05383
12.8597	63.4929	1.31396	2.03787
12.3979	60.3349	1.29355	2.5092
9.3634	60.8826	1.16477	2.14202
8.66123	58.144	2.19069	2.15318
11.6319	58.144	2.64824	2.24735
9.70619	49.8955	2.25073	2.0109
7.16598	52.3495	2.65705	1.98075
6.76709	49.3292	2.64754	2.4678
13.1107	52.3495	2.68767	2.15487
16.083	52.3495	2.26359	2.02344
14.2198	55.2938	2.356	2.3823
23.0771	56.6239	2.5257	1.98997
22.4091	54.0056	2.45135	2.13492
26.54	55.2938	2.22202	2.10608
20.7355	60.8826	1.25345	2.56248
20.3936	58.6582	2.65186	2.33564
24.0253	59.6046	2.25704	2.26493
20.0518	56.4338	2.72799	1.94653
22.4091	54.0056	2.45135	2.13492
23.0771	56.6239	2.5257	1.98997
20.7355	60.8826	1.25345	2.56248
17.2808	59.0298	2.40004	2.40009
20.3936	58.6582	2.65186	2.33564
17.0264	56.2438	2.47744	2.06015
19.0553	52.3495	2.45594	2.4225
20.0518	56.4338	2.72799	1.94653
6.30769	36.8646	2.49376	0.91819
6.24038	39.6081	2.5778	0.757396
3.19231	36.8646	2.2531	0.828548
9.49534	33.1714	2.40462	0.932292
9.42308	36.8646	2.22001	0.786763
6.43263	33.3637	2.23221	0.792299
6.31731	42.7435	2.70527	2.1837
3.125	40	2.25225	0.942592
6.24038	39.6081	2.5778	0.757396
9.4375	42.5475	2.70714	2.45535
12.5	40	2.26893	0.927609
12.5577	42.3516	2.69221	2.20909
6.30769	36.8646	2.49376	0.91819
9.36058	39.4121	2.17951	0.758176
6.24038	39.6081	2.5778	0.757396
9.42308	36.8646	2.22001	0.786763
12.5385	36.8646	2.28806	0.912054
9.36058	39.4121	2.17951	0.758176
15.8122	34.7222	2.55506	0.91563
12.5385	36.8646	2.28806	0.912054
12.7112	34.5275	2.28703	0.773424
9.4375	42.5475	2.70714	2.45535
12.5577	42.3516	2.69221	2.20909
9.61019	45.6673	2.3396	2.03547
6.24038	39.6081	2.5778	0.757396
9.4375	42.5475	2.70714	2.45535
6.31731	42.7435	2.70527	2.1837
9.36058	39.4121	2.17951	0.758176
12.5	40	2.26893	0.927609
9.4375	42.5475	2.70714	2.45535
15.601	39.0202	2.50839	0.78168
12.5	40	2.26893	0.927609
12.5385	36.8646	2.28806	0.912054
15.601	39.0202	2.50839	0.78168
15.6779	42.1556	2.28723	2.30207
12.5	40	2.26893	0.927609
6.48041	46.2515	2.56605	2.14512
6.76709	49.3292	2.64754	2.4678
3.72828	49.3292	2.30419	1.97098
6.31731	42.7435	2.70527	2.1837
6.48041	46.2515	2.56605	2.14512
3.39381	46.2515	2.5064	2.02938
9.61019	45.6673	2.3396	2.03547
6.76709	49.3292	2.64754	2.4678
6.48041	46.2515	2.56605	2.14512
12.7118	50.0843	2.7213	2.25301
9.70619	49.8955	2.25073	2.0109
11.1799	48.0735	2.40398	2.20107
3.19711	42.9395	2.4051	2.11135
0.076922	43.1354	2.5006	2.46007
-3.10282e-28	40	2.31783	2.46308
6.31731	42.7435	2.70527	2.1837
3.19711	42.9395	2.4051	2.11135
3.125	40	2.25225	0.942592
3.39381	46.2515	2.5064	2.02938
0.307214	46.2515	2.2152	2.18371
3.19711	42.9395	2.4051	2.11135
45.0204	55.2938	2.66384	2.07943
41.9404	55.2938	2.62063	1.97664
42.834	52.3495	2.66707	1.98041
48.1005	55.2938	2.51532	2.12874
45.0204	55.2938	2.66384	2.07943
45.8487	52.5335	2.74212	2.08754
44.2548	57.954	2.67142	2.0292
41.9404	55.2938	2.62063	1.97664
45.0204	55.2938	2.66384	2.07943
46.3226	60.8826	1.19595	2.25439
44.2548	57.954	2.67142	2.0292
47.2801	58.144	2.63886	2.42836
41.4664	58.5091	2.55369	2.21554
38.8603	55.2938	2.54412	2.03013
41.9404	55.2938	2.62063	1.97664
27.9723	52.3495	2.38251	2.26436
28.0388	49.3292	2.66427	2.13649
30.9447	52.3495	2.22407	2.4599
19.0553	52.3495	2.45594	2.4225
21.7285	50.6506	2.5848	2.11174
22.4091	54.0056	2.45135	2.13492
25	46.2515	2.21793	2.27415
28.0388	49.3292	2.66427	2.13649
24.7341	50.8393	2.30631	2.31823
21.7285	50.6506	2.5848	2.11174
21.7462	47.598	2.36961	2.4645
24.7341	50.8393	2.30631	2.31823
15.6779	42.1556	2.28723	2.30207
17.2523	44.2036	2.2007	2.04951
14.1489	44.3016	2.69498	2.2376
22.0142	44.8882	2.31161	2.09829
18.8268	46.2515	2.59528	2.06988
18.7981	41.9596	2.5143	2.19366
15.8835	49.3292	2.58957	2.08741
12.6536	46.2515	2.64285	1.92996
15.7402	46.2515	2.70538	2.0644
17.0264	56.2438	2.47744	2.06015
16.083	52.3495	2.26359	2.02344
19.0553	52.3495	2.45594	2.4225
4.19365	52.3495	2.67012	2.4364
7.16598	52.3495	2.65705	1.98075
4.92487	55.4838	2.64671	2.44217
21.9183	41.7637	2.60354	2.42848
25	43.1354	2.70535	2.01829
22.0142	44.8882	2.31161	2.09829
28.125	40	2.27942	0.912616
25	40	2.31511	0.798014
28.1154	36.8646	2.67541	0.888419
25	30.6708	2.30232	0.924608
25.1151	35.3065	2.37795	0.905236
21.9134	33.7485	2.43016	0.904054
31.3171	35.696	2.47236	0.925785
28.0866	33.7485	2.6829	0.891872
30.9343	31.8249	2.30352	0.773695
28.1154	36.8646	2.67541	0.888419
25.1151	35.3065	2.37795	0.905236
28.0866	33.7485	2.6829	0.891872
33.7508	28.5944	2.25708	0.866706
37.1553	30.6708	2.16467	0.92156
33.997	31.6326	2.30928	0.75673
21.8846	36.8646	2.66768	0.784489
21.9014	39.3141	2.1969	0.931005
18.7212	38.8242	2.37769	0.824206
28.1154	36.8646	2.67541	0.888419
25	40	2.31511	0.798014
25.1151	35.3065	2.37795	0.905236
28.125	40	2.27942	0.912616
28.1154	43.1354	2.75146	2.47537
25	40	2.31511	0.798014
3.72828	49.3292	2.30419	1.97098
1.22131	52.3495	2.61481	2.28927
0.68946	49.3292	2.65404	2.23381
0.307214	46.2515	2.2152	2.18371
3.39381	46.2515	2.5064	2.02938
0.68946	49.3292	2.65404	2.23381
11.1799	48.0735	2.40398	2.20107
12.6536	46.2515	2.64285	1.92996
12.7118	50.0843	2.7213	2.25301
9.61019	45.6673	2.3396	2.03547
11.1799	48.0735	2.40398	2.20107
9.70619	49.8955	2.25073	2.0109
9.61019	45.6673	2.3396	2.03547
12.6536	46.2515	2.64285	1.92996
11.1799	48.0735	2.40398	2.20107
31.3817	62.6228	1.27476	2.54642
34.1521	62.7968	1.19065	2.46252
33.1516	65.9587	1.12214	2.20272
26.9568	67.2765	1.35756	2.08376
28.4106	64.5496	1.1631	2.08456
30.4344	65.9587	1.12	2.13221
29.839	59.2394	2.36733	2.31007
33.5519	59.0383	2.40805	2.28254
31.3817	62.6228	1.27476	2.54642
28.6113	62.4488	1.14744	2.09871
29.839	59.2394	2.36733	2.31007
31.3817	62.6228	1.27476	2.54642
20.7355	60.8826	1.25345	2.56248
24.0253	59.6046	2.25704	2.26493
23.0704	62.1007	1.34002	2.28784
25.6371	53.0665	2.25037	2.34771
24.7341	50.8393	2.30631	2.31823
27.9723	52.3495	2.38251	2.26436
22.4091	54.0056	2.45135	2.13492
25.6371	53.0665	2.25037	2.34771
26.54	55.2938	2.22202	2.10608
22.4091	54.0056	2.45135	2.13492
24.7341	50.8393	2.30631	2.31823
25.6371	53.0665	2.25037	2.34771
29.6201	55.2938	2.4694	2.04447
31.8745	54.2817	2.30791	2.34925
32.1533	57.1939	2.22381	2.21115
34.2598	46.2515	2.43554	2.45445
34.3294	43.6157	2.50607	2.41233
37.3464	46.2515	2.58316	1.96293
31.1732	46.2515	2.66946	2.31404
34.2598	46.2515	2.43554	2.45445
34.1165	49.3292	2.40667	2.22908
34.2598	46.2515	2.43554	2.45445
31.226	43.7137	2.35012	2.01218
34.3294	43.6157	2.50607	2.41233
35.6527	58.8743	2.7163	1.95251
38.5596	58.6917	2.63134	2.33638
37.7936	60.8826	1.33988	2.14752
33.5519	59.0383	2.40805	2.28254
35.6527	58.8743	2.7163	1.95251
34.9506	60.8826	1.39524	2.23005
35.7802	55.2938	2.38407	2.16682
38.5596	58.6917	2.63134	2.33638
35.6527	58.8743	2.7163	1.95251
42.43	63.669	1.25433	2.47387
43.4796	60.8826	1.14148	2.05873
45.2338	63.4929	1.35888	2.25649
6.48041	46.2515	2.56605	2.14512
6.31731	42.7435	2.70527	2.1837
9.61019	45.6673	2.3396	2.03547
0.68946	49.3292	2.65404	2.23381
3.39381	46.2515	2.5064	2.02938
3.72828	49.3292	2.30419	1.97098
0.307214	46.2515	2.2152	2.18371
0.076922	43.1354	2.5006	2.46007
3.19711	42.9395	2.4051	2.11135
6.4478	61.0566	1.09491	2.13199
4.76616	63.4929	1.14662	2.17745
3.67737	60.8826	1.32058	2.38263
5.69054	58.144	2.50899	2.28215
6.4478	61.0566	1.09491	2.13199
3.67737	60.8826	1.32058	2.38263
9.3634	60.8826	1.16477	2.14202
10.1618	63.4929	1.09141	2.12891
7.464	63.4929	1.21147	2.37534
14.6026	58.144	2.48993	2.39239
15.0494	60.8826	1.15713	2.05383
12.3979	60.3349	1.29355	2.5092
14.2198	55.2938	2.356	2.3823
14.6026	58.144	2.48993	2.39239
11.6319	58.144	2.64824	2.24735
14.2198	55.2938	2.356	2.3823
17.0264	56.2438	2.47744	2.06015
14.6026	58.144	2.48993	2.39239
7.464	63.4929	1.21147	2.37534
5.97957	65.9587	1.16981	2.38671
4.76616	63.4929	1.14662	2.17745
11.414	65.9587	1.18086	2.55425
13.846	66.4528	1.13643	2.08192
12.3644	68.2649	1.09941	2.03641
10.1618	63.4929	1.09141	2.12891
11.414	65.9587	1.18086	2.55425
8.78345	65.7825	1.14592	2.44813
12.8597	63.4929	1.31396	2.03787
15.5575	63.4929	1.14114	2.53246
13.846	66.4528	1.13643	2.08192
10.1618	63.4929	1.09141	2.12891
12.8597	63.4929	1.31396	2.03787
11.414	65.9587	1.18086	2.55425
10.1618	63.4929	1.09141	2.12891
12.3979	60.3349	1.29355	2.5092
12.8597	63.4929	1.31396	2.03787
9.83732	68.2649	1.22404	2.22892
7.31021	68.2649	1.17064	2.18658
8.78345	65.7825	1.14592	2.44813
31.8745	54.2817	2.30791	2.34925
30.9447	52.3495	2.22407	2.4599
34.1289	53.2696	2.57521	2.11648
35.7802	55.2938	2.38407	2.16682
31.8745	54.2817	2.30791	2.34925
34.1289	53.2696	2.57521	2.11648
29.6201	55.2938	2.4694	2.04447
30.9447	52.3495	2.22407	2.4599
31.8745	54.2817	2.30791	2.34925
29.839	59.2394	2.36733	2.31007
26.4853	58.144	2.48921	2.08952
29.6201	55.2938	2.4694	2.04447
33.5519	59.0383	2.40805	2.28254
29.839	59.2394	2.36733	2.31007
32.1533	57.1939	2.22381	2.21115
35.7802	55.2938	2.38407	2.16682
33.5519	59.0383	2.40805	2.28254
32.1533	57.1939	2.22381	2.21115
34.9506	60.8826	1.39524	2.23005
31.3817	62.6228	1.27476	2.54642
33.5519	59.0383	2.40805	2.28254
28.6113	62.4488	1.14744	2.09871
26.4215	60.8826	1.31559	2.54356
29.839	59.2394	2.36733	2.31007
26.54	55.2938	2.22202	2.10608
27.9723	52.3495	2.38251	2.26436
29.6201	55.2938	2.4694	2.04447
25.6371	53.0665	2.25037	2.34771
27.9723	52.3495	2.38251	2.26436
26.54	55.2938	2.22202	2.10608
24.7341	50.8393	2.30631	2.31823
28.0388	49.3292	2.66427	2.13649
27.9723	52.3495	2.38251	2.26436
22.5483	72.3429	1.29933	0.85956
23.75	70.3973	1.21074	0.774718
25	72.3429	1.1901	0.84384
23.0327	74.7883	1.10029	0.774981
22.5483	72.3429	1.29933	0.85956
25	72.3429	1.1901	0.84384
21.4331	74.0896	1.03705	0.936181
19.0551	74.0896	1.13314	0.847303
20.0967	72.3429	1.31501	0.768138
19.0904	66.7823	1.35796	2.05815
22.2828	65.9587	1.24952	2.36734
21.8037	69.5771	1.08397	2.47017
24.3347	67.1118	1.3113	2.24365
23.75	70.3973	1.21074	0.774718
21.8037	69.5771	1.08397	2.47017
27.0253	69.2491	1.07454	2.22846
30.0542	68.2649	1.09669	2.53834
28.75	70.3973	1.11197	0.91118
25.6067	64.7258	1.21304	2.38016
28.4106	64.5496	1.1631	2.08456
26.9568	67.2765	1.35756	2.08376
22.2828	65.9587	1.24952	2.36734
25.6067	64.7258	1.21304	2.38016
24.3347	67.1118	1.3113	2.24365
23.0704	62.1007	1.34002	2.28784
26.4215	60.8826	1.31559	2.54356
25.6067	64.7258	1.21304	2.38016
30.4344	65.9587	1.12	2.13221
30.0542	68.2649	1.09669	2.53834
26.9568	67.2765	1.35756	2.08376
28.6113	62.4488	1.14744	2.09871
31.3817	62.6228	1.27476	2.54642
28.4106	64.5496	1.1631	2.08456
25.6067	64.7258	1.21304	2.38016
28.6113	62.4488	1.14744	2.09871
28.4106	64.5496	1.1631	2.08456
26.4215	60.8826	1.31559	2.54356
26.4853	58.144	2.48921	2.08952
29.839	59.2394	2.36733	2.31007
25.6067	64.7258	1.21304	2.38016
26.4215	60.8826	1.31559	2.54356
28.6113	62.4488	1.14744	2.09871
24.0253	59.6046	2.25704	2.26493
23.0771	56.6239	2.5257	1.98997
26.4853	58.144	2.48921	2.08952
33.1516	65.9587	1.12214	2.20272
34.8233	67.7707	1.08277	2.35229
32.2468	68.921	1.20792	2.29746
31.3817	62.6228	1.27476	2.54642
33.1516	65.9587	1.12214	2.20272
30.4344	65.9587	1.12	2.13221
34.1521	62.7968	1.19065	2.46252
35.8688	65.9587	1.36144	2.38781
33.1516	65.9587	1.12214	2.20272
32.355	72.3429	1.34358	0.884101
33.75	70.3973	1.16961	0.821662
34.8066	72.3429	1.1296	0.872537
29.3832	76.0659	1.34118	0.839129
28.5669	74.0896	1.11126	0.827052
30.9297	73.8705	1.2508	0.85724
31.0572	70.658	1.07391	0.947767
33.75	70.3973	1.16961	0.821662
32.355	72.3429	1.34358	0.884101
29.9033	72.3429	1.18149	0.810614
31.0572	70.658	1.07391	0.947767
32.355	72.3429	1.34358	0.884101
28.4106	64.5496	1.1631	2.08456
31.3817	62.6228	1.27476	2.54642
30.4344	65.9587	1.12	2.13221
24.3347	67.1118	1.3113	2.24365
25.6067	64.7258	1.21304	2.38016
26.9568	67.2765	1.35756	2.08376
23.0704	62.1007	1.34002	2.28784
24.0253	59.6046	2.25704	2.26493
26.4215	60.8826	1.31559	2.54356
30.4344	65.9587	1.12	2.13221
32.2468	68.921	1.20792	2.29746
30.0542	68.2649	1.09669	2.53834
34.8233	67.7707	1.08277	2.35229
33.75	70.3973	1.16961	0.821662
32.2468	68.921	1.20792	2.29746
43.2329	49.3292	2.56595	2.33896
40.1224	48.7521	2.30191	2.41186
40.433	46.2515	2.36304	2.27734
48.7787	52.3495	2.57143	1.96482
45.8487	52.5335	2.74212	2.08754
46.2717	49.3292	2.42525	1.96956
42.834	52.3495	2.66707	1.98041
40.1224	48.7521	2.30191	2.41186
43.2329	49.3292	2.56595	2.33896
47.2801	58.144	2.63886	2.42836
44.2548	57.954	2.67142	2.0292
45.0204	55.2938	2.66384	2.07943
38.8603	55.2938	2.54412	2.03013
35.7802	55.2938	2.38407	2.16682
36.7564	51.5944	2.62695	2.36427
41.9404	55.2938	2.62063	1.97664
38.8603	55.2938	2.54412	2.03013
39.8617	52.3495	2.53338	2.04978
45.8487	52.5335	2.74212	2.08754
45.0204	55.2938	2.66384	2.07943
42.834	52.3495	2.66707	1.98041
41.4664	58.5091	2.55369	2.21554
40.6366	60.8826	1.32834	2.14524
38.5596	58.6917	2.63134	2.33638
44.2548	57.954	2.67142	2.0292
41.4664	58.5091	2.55369	2.21554
41.9404	55.2938	2.62063	1.97664
44.2548	57.954	2.67142	2.0292
43.4796	60.8826	1.14148	2.05873
41.4664	58.5091	2.55369	2.21554
38.5596	58.6917	2.63134	2.33638
35.7802	55.2938	2.38407	2.16682
38.8603	55.2938	2.54412	2.03013
6.31731	42.7435	2.70527	2.1837
3.39381	46.2515	2.5064	2.02938
3.19711	42.9395	2.4051	2.11135
45.8487	52.5335	2.74212	2.08754
42.834	52.3495	2.66707	1.98041
43.2329	49.3292	2.56595	2.33896
48.1005	55.2938	2.51532	2.12874
45.8487	52.5335	2.74212	2.08754
48.7787	52.3495	2.57143	1.96482
48.1005	55.2938	2.51532	2.12874
47.2801	58.144	2.63886	2.42836
45.0204	55.2938	2.66384	2.07943
37.7936	60.8826	1.33988	2.14752
38.5596	58.6917	2.63134	2.33638
40.6366	60.8826	1.32834	2.14524
41.3032	65.9587	1.18397	1.99926
39.6261	63.8451	1.11763	2.15266
42.43	63.669	1.25433	2.47387
34.9506	60.8826	1.39524	2.23005
35.6527	58.8743	2.7163	1.95251
37.7936	60.8826	1.33988	2.14752
31.3817	62.6228	1.27476	2.54642
34.9506	60.8826	1.39524	2.23005
34.1521	62.7968	1.19065	2.46252
33.5519	59.0383	2.40805	2.28254
35.7802	55.2938	2.38407	2.16682
35.6527	58.8743	2.7163	1.95251
31.8745	54.2817	2.30791	2.34925
35.7802	55.2938	2.38407	2.16682
32.1533	57.1939	2.22381	2.21115
34.1165	49.3292	2.40667	2.22908
34.2598	46.2515	2.43554	2.45445
37.0597	48.5598	2.40319	2.28559
28.0388	49.3292	2.66427	2.13649
31.0776	49.3292	2.60795	2.12904
30.9447	52.3495	2.22407	2.4599
28.0388	49.3292	2.66427	2.13649
25	46.2515	2.21793	2.27415
28.0866	46.2515	2.60351	2.39708
36.7564	51.5944	2.62695	2.36427
35.7802	55.2938	2.38407	2.16682
34.1289	53.2696	2.57521	2.11648
30.9447	52.3495	2.22407	2.4599
31.0776	49.3292	2.60795	2.12904
34.1165	49.3292	2.40667	2.22908
40.1224	48.7521	2.30191	2.41186
42.834	52.3495	2.66707	1.98041
39.8617	52.3495	2.53338	2.04978
39.8617	52.3495	2.53338	2.04978
42.834	52.3495	2.66707	1.98041
41.9404	55.2938	2.62063	1.97664
36.7564	51.5944	2.62695	2.36427
39.8617	52.3495	2.53338	2.04978
38.8603	55.2938	2.54412	2.03013
36.7564	51.5944	2.62695	2.36427
40.1224	48.7521	2.30191	2.41186
39.8617	52.3495	2.53338	2.04978
18.9224	49.3292	2.26873	2.42971
19.0553	52.3495	2.45594	2.4225
16.083	52.3495	2.26359	2.02344
15.7402	46.2515	2.70538	2.0644
18.8268	46.2515	2.59528	2.06988
15.8835	49.3292	2.58957	2.08741
21.7462	47.598	2.36961	2.4645
25	46.2515	2.21793	2.27415
24.7341	50.8393	2.30631	2.31823
22.0108	14.5924	2.37099	0.903539
19.9458	11.7351	2.15023	0.875986
23.0432	12.7235	2.49839	0.768768
17.645	7.6571	1.0543	0.897743
18.75	9.60269	1.27288	0.784473
16.5822	10.0948	2.4748	0.786434
14.9215	7.36598	1.30577	0.864172
17.645	7.6571	1.0543	0.897743
16.5822	10.0948	2.4748	0.786434
16.6772	5.91038	1.13724	0.772405
19.0551	5.91038	1.07917	0.953205
17.645	7.6571	1.0543	0.897743
20.0967	7.6571	1.12977	0.873852
21.25	9.60269	1.12403	0.924364
18.75	9.60269	1.27288	0.784473
17.645	7.6571	1.0543	0.897743
19.0551	5.91038	1.07917	0.953205
20.0967	7.6571	1.12977	0.873852
24.1844	6.78374	1.13261	0.817476
26.189	5.91038	1.21027	0.849564
25.4207	8.55507	1.12184	0.811296
28.5669	5.91038	1.35216	0.902825
31.8199	4.37335	1.09549	0.939118
31.1316	6.34706	1.18093	0.949108
26.9661	0.123895	1.22062	0.91583
28.4094	2.238	1.30348	0.874851
26.0648	3.0556	1.17224	0.768487
28.9198	0.494728	1.29892	0.898098
30.8485	1.10996	1.22058	0.918155
28.4094	2.238	1.30348	0.874851
31.25	9.60269	1.27238	0.874481
33.75	9.60269	1.34229	0.763103
32.5813	11.7351	2.56633	0.818989
30.9096	13.2177	2.35215	0.85677
29.636	10.915	2.48182	0.864996
32.5813	11.7351	2.56633	0.818989
32.355	7.6571	1.31206	0.819259
33.4473	6.2015	1.3264	0.900957
34.9468	7.95642	1.33053	0.898577
29.9033	7.6571	1.15201	0.823724
32.355	7.6571	1.31206	0.819259
31.25	9.60269	1.27238	0.874481
31.1316	6.34706	1.18093	0.949108
31.8199	4.37335	1.09549	0.939118
33.4473	6.2015	1.3264	0.900957
29.9033	7.6571	1.15201	0.823724
31.1316	6.34706	1.18093	0.949108
32.355	7.6571	1.31206	0.819259
29.9033	7.6571	1.15201	0.823724
28.5669	5.91038	1.35216	0.902825
31.1316	6.34706	1.18093	0.949108
28.5669	5.91038	1.35216	0.902825
29.9033	7.6571	1.15201	0.823724
27.8022	8.40541	1.32659	0.783737
25	4.37335	1.0474	0.85886
27.2733	4.37335	1.23962	0.872946
26.189	5.91038	1.21027	0.849564
27.2733	4.37335	1.23962	0.872946
30.3241	3.0556	1.17397	0.871028
28.5669	5.91038	1.35216	0.902825
31.1316	6.34706	1.18093	0.949108
33.4473	6.2015	1.3264	0.900957
32.355	7.6571	1.31206	0.819259
27.2733	4.37335	1.23962	0.872946
28.4094	2.238	1.30348	0.874851
30.3241	3.0556	1.17397	0.871028
26.189	5.91038	1.21027	0.849564
27.2733	4.37335	1.23962	0.872946
28.5669	5.91038	1.35216	0.902825
26.0648	3.0556	1.17224	0.768487
28.4094	2.238	1.30348	0.874851
27.2733	4.37335	1.23962	0.872946
29.636	10.915	2.48182	0.864996
29.9033	7.6571	1.15201	0.823724
31.25	9.60269	1.27238	0.874481
25.4207	8.55507	1.12184	0.811296
27.8022	8.40541	1.32659	0.783737
27.0253	10.7509	2.27858	0.756295
25.4207	8.55507	1.12184	0.811296
26.189	5.91038	1.21027	0.849564
27.8022	8.40541	1.32659	0.783737
26.3489	16.5071	2.1942	0.758304
24.3933	15.2742	2.18266	0.80846
25.6653	12.8882	2.48086	0.850998
30.3241	3.0556	1.17397	0.871028
31.8199	4.37335	1.09549	0.939118
28.5669	5.91038	1.35216	0.902825
30.8485	1.10996	1.22058	0.918155
30.3241	3.0556	1.17397	0.871028
28.4094	2.238	1.30348	0.874851
30.8485	1.10996	1.22058	0.918155
32.7403	1.96546	1.19411	0.766653
30.3241	3.0556	1.17397	0.871028
30.3241	3.0556	1.17397	0.871028
32.7403	1.96546	1.19411	0.766653
31.8199	4.37335	1.09549	0.939118
23.9352	3.0556	1.26027	0.955435
25	4.37335	1.0474	0.85886
22.7267	4.37335	1.27926	0.802305
26.9661	0.123895	1.22062	0.91583
26.0648	3.0556	1.17224	0.768487
25.0248	1.47661	1.04733	0.83666
26.9661	0.123895	1.22062	0.91583
28.9198	0.494728	1.29892	0.898098
28.4094	2.238	1.30348	0.874851
25.0248	1.47661	1.04733	0.83666
25	-8.70219e-28	1.20115	0.933202
26.9661	0.123895	1.22062	0.91583
23.9352	3.0556	1.26027	0.955435
25.0248	1.47661	1.04733	0.83666
26.0648	3.0556	1.17224	0.768487
23.9352	3.0556	1.26027	0.955435
23.0835	1.59882	1.18725	0.95972
25.0248	1.47661	1.04733	0.83666
32.7403	1.96546	1.19411	0.766653
34.5833	3.0556	1.04995	0.913717
31.8199	4.37335	1.09549	0.939118
25	4.37335	1.0474	0.85886
26.0648	3.0556	1.17224	0.768487
27.2733	4.37335	1.23962	0.872946
24.1844	6.78374	1.13261	0.817476
25	4.37335	1.0474	0.85886
26.189	5.91038	1.21027	0.849564
23.9352	3.0556	1.26027	0.955435
26.0648	3.0556	1.17224	0.768487
25	4.37335	1.0474	0.85886
21.913	2.6468	1.08337	0.96807
23.9352	3.0556	1.26027	0.955435
22.7267	4.37335	1.27926	0.802305
23.0835	1.59882	1.18725	0.95972
23.0339	0.123895	1.21133	0.845764
25.0248	1.47661	1.04733	0.83666
21.913	2.6468	1.08337	0.96807
23.0835	1.59882	1.18725	0.95972
23.9352	3.0556	1.26027	0.955435
21.4331	5.91038	1.14968	0.791705
20.4534	4.37335	1.25622	0.794796
22.7267	4.37335	1.27926	0.802305
19.7476	2.78306	1.29695	0.817021
21.0802	0.494728	1.05634	0.861047
21.913	2.6468	1.08337	0.96807
23.0339	0.123895	1.21133	0.845764
25	-8.70219e-28	1.20115	0.933202
25.0248	1.47661	1.04733	0.83666
33.4473	6.2015	1.3264	0.900957
34.5833	3.0556	1.04995	0.913717
35.7008	5.91038	1.05429	0.861981
36.3664	4.37335	1.06788	0.821937
35.7008	5.91038	1.05429	0.861981
34.5833	3.0556	1.04995	0.913717
23.5785	19.1174	2.67018	0.838753
26.3489	16.5071	2.1942	0.758304
26.4215	19.1174	2.5191	0.759348
23.0771	23.3761	2.55511	0.760232
25.3391	26.1784	2.22613	0.772918
22.0277	27.6505	2.53885	0.789437
29.636	10.915	2.48182	0.864996
27.8022	8.40541	1.32659	0.783737
29.9033	7.6571	1.15201	0.823724
29.636	10.915	2.48182	0.864996
27.0253	10.7509	2.27858	0.756295
27.8022	8.40541	1.32659	0.783737
32.5813	11.7351	2.56633	0.818989
29.636	10.915	2.48182	0.864996
31.25	9.60269	1.27238	0.874481
28.2875	13.053	2.1727	0.889245
27.0253	10.7509	2.27858	0.756295
29.636	10.915	2.48182	0.864996
23.0432	12.7235	2.49839	0.768768
25.6653	12.8882	2.48086	0.850998
24.3933	15.2742	2.18266	0.80846
24.4145	10.5869	2.47819	0.833524
25.4207	8.55507	1.12184	0.811296
27.0253	10.7509	2.27858	0.756295
23.0432	12.7235	2.49839	0.768768
24.4145	10.5869	2.47819	0.833524
25.6653	12.8882	2.48086	0.850998
23.0432	12.7235	2.49839	0.768768
21.25	9.60269	1.12403	0.924364
24.4145	10.5869	2.47819	0.833524
24.1844	6.78374	1.13261	0.817476
22.5483	7.6571	1.20851	0.932691
21.4331	5.91038	1.14968	0.791705
25	4.37335	1.0474	0.85886
24.1844	6.78374	1.13261	0.817476
22.7267	4.37335	1.27926	0.802305
25.4207	8.55507	1.12184	0.811296
24.4145	10.5869	2.47819	0.833524
22.5483	7.6571	1.20851	0.932691
24.4145	10.5869	2.47819	0.833524
21.25	9.60269	1.12403	0.924364
22.5483	7.6571	1.20851	0.932691
19.5656	14.0413	2.48693	0.820119
20.9532	16.5071	2.26156	0.818284
18.2554	16.5071	2.28959	0.877731
19.9458	11.7351	2.15023	0.875986
19.5656	14.0413	2.48693	0.820119
17.7988	12.3941	2.39451	0.907408
18.75	9.60269	1.27288	0.784473
19.9458	11.7351	2.15023	0.875986
17.7988	12.3941	2.39451	0.907408
21.25	9.60269	1.12403	0.924364
23.0432	12.7235	2.49839	0.768768
19.9458	11.7351	2.15023	0.875986
22.0108	14.5924	2.37099	0.903539
20.9532	16.5071	2.26156	0.818284
19.5656	14.0413	2.48693	0.820119
19.9458	11.7351	2.15023	0.875986
22.0108	14.5924	2.37099	0.903539
19.5656	14.0413	2.48693	0.820119
23.0432	12.7235	2.49839	0.768768
24.3933	15.2742	2.18266	0.80846
22.0108	14.5924	2.37099	0.903539
17.7548	18.7251	2.12783	0.786235
20.7355	19.1174	2.48065	0.83276
17.2541	20.9431	2.61076	0.860816
16.8484	14.0413	2.47914	0.914634
18.2554	16.5071	2.28959	0.877731
15.9817	15.8026	2.50198	0.838326
20.9532	16.5071	2.26156	0.818284
20.7355	19.1174	2.48065	0.83276
18.2554	16.5071	2.28959	0.877731
14.9215	7.36598	1.30577	0.864172
16.5822	10.0948	2.4748	0.786434
13.513	9.30337	1.36252	0.893052
12.6058	7.51154	1.10151	0.802304
14.9215	7.36598	1.30577	0.864172
13.513	9.30337	1.36252	0.893052
13.6336	4.37335	1.33747	0.815845
15.4167	3.0556	1.25614	0.962765
16.6772	5.91038	1.13724	0.772405
19.7476	2.78306	1.29695	0.817021
19.1515	1.10996	1.20638	0.801225
21.0802	0.494728	1.05634	0.861047
20.4534	4.37335	1.25622	0.794796
19.0551	5.91038	1.07917	0.953205
18.1801	4.37335	1.22766	0.817773
21.913	2.6468	1.08337	0.96807
20.4534	4.37335	1.25622	0.794796
19.7476	2.78306	1.29695	0.817021
21.4331	5.91038	1.14968	0.791705
19.0551	5.91038	1.07917	0.953205
20.4534	4.37335	1.25622	0.794796
24.1844	6.78374	1.13261	0.817476
21.4331	5.91038	1.14968	0.791705
22.7267	4.37335	1.27926	0.802305
20.0967	7.6571	1.12977	0.873852
19.0551	5.91038	1.07917	0.953205
21.4331	5.91038	1.14968	0.791705
20.4534	4.37335	1.25622	0.794796
18.1801	4.37335	1.22766	0.817773
19.7476	2.78306	1.29695	0.817021
23.0835	1.59882	1.18725	0.95972
21.0802	0.494728	1.05634	0.861047
23.0339	0.123895	1.21133	0.845764
27.8022	8.40541	1.32659	0.783737
26.189	5.91038	1.21027	0.849564
28.5669	5.91038	1.35216	0.902825
25.6653	12.8882	2.48086	0.850998
24.4145	10.5869	2.47819	0.833524
27.0253	10.7509	2.27858	0.756295
22.5483	7.6571	1.20851	0.932691
20.0967	7.6571	1.12977	0.873852
21.4331	5.91038	1.14968	0.791705
25.4207	8.55507	1.12184	0.811296
22.5483	7.6571	1.20851	0.932691
24.1844	6.78374	1.13261	0.817476
21.25	9.60269	1.12403	0.924364
20.0967	7.6571	1.12977	0.873852
22.5483	7.6571	1.20851	0.932691
14.9215	7.36598	1.30577	0.864172
16.6772	5.91038	1.13724	0.772405
17.645	7.6571	1.0543	0.897743
21.913	2.6468	1.08337	0.96807
21.0802	0.494728	1.05634	0.861047
23.0835	1.59882	1.18725	0.95972
37.3284	7.80676	1.1043	0.946437
38.0788	5.91038	1.20528	0.779731
39.7099	7.6571	1.26225	0.832414
33.4473	6.2015	1.3264	0.900957
35.7008	5.91038	1.05429	0.861981
34.9468	7.95642	1.33053	0.898577
33.75	9.60269	1.34229	0.763103
32.355	7.6571	1.31206	0.819259
34.9468	7.95642	1.33053	0.898577
31.8199	4.37335	1.09549	0.939118
34.5833	3.0556	1.04995	0.913717
33.4473	6.2015	1.3264	0.900957
36.3664	4.37335	1.06788	0.821937
38.0788	5.91038	1.20528	0.779731
35.7008	5.91038	1.05429	0.861981
19.7476	2.78306	1.29695	0.817021
17.2597	1.96546	1.16004	0.861129
19.1515	1.10996	1.20638	0.801225
18.1801	4.37335	1.22766	0.817773
16.6772	5.91038	1.13724	0.772405
15.4167	3.0556	1.25614	0.962765
19.7476	2.78306	1.29695	0.817021
18.1801	4.37335	1.22766	0.817773
17.2597	1.96546	1.16004	0.861129
19.0551	5.91038	1.07917	0.953205
16.6772	5.91038	1.13724	0.772405
18.1801	4.37335	1.22766	0.817773
21.913	2.6468	1.08337	0.96807
22.7267	4.37335	1.27926	0.802305
20.4534	4.37335	1.25622	0.794796
20.0967	7.6571	1.12977	0.873852
18.75	9.60269	1.27288	0.784473
17.645	7.6571	1.0543	0.897743
14.9215	7.36598	1.30577	0.864172
13.6336	4.37335	1.33747	0.815845
16.6772	5.91038	1.13724	0.772405
32.355	7.6571	1.31206	0.819259
33.75	9.60269	1.34229	0.763103
31.25	9.60269	1.27238	0.874481
38.0788	5.91038	1.20528	0.779731
37.3284	7.80676	1.1043	0.946437
35.7008	5.91038	1.05429	0.861981
38.75	9.60269	1.23506	0.904942
41.25	9.60269	1.20911	0.95497
40.1627	11.7351	2.30487	0.770503
36.25	9.60269	1.27097	0.825955
38.75	9.60269	1.23506	0.904942
37.4683	11.4071	2.52915	0.825388
39.7099	7.6571	1.26225	0.832414
41.25	9.60269	1.20911	0.95497
38.75	9.60269	1.23506	0.904942
15.4167	3.0556	1.25614	0.962765
17.2597	1.96546	1.16004	0.861129
18.1801	4.37335	1.22766	0.817773
44.0204	14.0413	2.30537	0.878888
41.2166	14.2175	2.20851	0.798715
42.6898	11.7351	2.4104	0.917395
14.9215	7.36598	1.30577	0.864172
12.6058	7.51154	1.10151	0.802304
13.6336	4.37335	1.33747	0.815845
15.1767	12.2293	2.34551	0.928251
12.5545	12.0646	2.4613	0.813735
13.513	9.30337	1.36252	0.893052
16.5822	10.0948	2.4748	0.786434
17.7988	12.3941	2.39451	0.907408
15.1767	12.2293	2.34551	0.928251
14.1312	14.0413	2.27617	0.846738
12.5545	12.0646	2.4613	0.813735
15.1767	12.2293	2.34551	0.928251
15.9817	15.8026	2.50198	0.838326
14.7591	18.4213	2.49201	0.826642
13.1778	15.9788	2.24226	0.902012
16.5822	10.0948	2.4748	0.786434
18.75	9.60269	1.27288	0.784473
17.7988	12.3941	2.39451	0.907408
22.0108	14.5924	2.37099	0.903539
24.3933	15.2742	2.18266	0.80846
20.9532	16.5071	2.26156	0.818284
11.4404	21.3083	2.21748	0.875621
12.2064	19.1174	2.36509	0.781855
14.6026	21.856	2.51798	0.825974
8.66123	21.856	2.24528	0.857016
11.4404	21.3083	2.21748	0.875621
10.9756	24.1362	2.461	0.910276
8.66123	21.856	2.24528	0.857016
9.3634	19.1174	2.141	0.873995
11.4404	21.3083	2.21748	0.875621
6.52038	19.1174	2.59399	0.915693
7.464	16.5071	2.50105	0.925905
9.3634	19.1174	2.141	0.873995
3.67737	19.1174	2.48748	0.909908
6.52038	19.1174	2.59399	0.915693
5.62671	21.6734	2.23067	0.817496
3.67737	19.1174	2.48748	0.909908
4.76616	16.5071	2.22091	0.875504
6.52038	19.1174	2.59399	0.915693
10.1618	16.5071	2.35907	0.790524
12.2064	19.1174	2.36509	0.781855
9.3634	19.1174	2.141	0.873995
5.97957	14.0413	2.61179	0.818463
8.69678	14.0413	2.67705	0.893136
7.464	16.5071	2.50105	0.925905
11.414	14.0413	2.55601	0.894607
13.1778	15.9788	2.24226	0.902012
10.1618	16.5071	2.35907	0.790524
15.1767	12.2293	2.34551	0.928251
16.8484	14.0413	2.47914	0.914634
14.1312	14.0413	2.27617	0.846738
6.52038	19.1174	2.59399	0.915693
9.3634	19.1174	2.141	0.873995
8.66123	21.856	2.24528	0.857016
14.7591	18.4213	2.49201	0.826642
12.2064	19.1174	2.36509	0.781855
13.1778	15.9788	2.24226	0.902012
14.7591	18.4213	2.49201	0.826642
14.6026	21.856	2.51798	0.825974
12.2064	19.1174	2.36509	0.781855
12.6058	7.51154	1.10151	0.802304
11.9212	5.91038	1.09899	0.795077
13.6336	4.37335	1.33747	0.815845
11.25	9.60269	1.26544	0.872052
12.6058	7.51154	1.10151	0.802304
13.513	9.30337	1.36252	0.893052
10.2901	7.6571	1.11924	0.828311
11.9212	5.91038	1.09899	0.795077
12.6058	7.51154	1.10151	0.802304
41.2166	14.2175	2.20851	0.798715
40.1627	11.7351	2.30487	0.770503
42.6898	11.7351	2.4104	0.917395
35.1085	11.7351	2.24479	0.843379
37.4683	11.4071	2.52915	0.825388
35.6088	14.5697	2.32936	0.912592
33.1516	14.0413	2.15325	0.744556
35.1085	11.7351	2.24479	0.843379
35.6088	14.5697	2.32936	0.912592
32.5813	11.7351	2.56633	0.818989
33.75	9.60269	1.34229	0.763103
35.1085	11.7351	2.24479	0.843379
37.3284	7.80676	1.1043	0.946437
39.7099	7.6571	1.26225	0.832414
38.75	9.60269	1.23506	0.904942
36.25	9.60269	1.27097	0.825955
37.3284	7.80676	1.1043	0.946437
38.75	9.60269	1.23506	0.904942
35.1085	11.7351	2.24479	0.843379
36.25	9.60269	1.27097	0.825955
37.4683	11.4071	2.52915	0.825388
34.9468	7.95642	1.33053	0.898577
37.3284	7.80676	1.1043	0.946437
36.25	9.60269	1.27097	0.825955
34.9468	7.95642	1.33053	0.898577
35.7008	5.91038	1.05429	0.861981
37.3284	7.80676	1.1043	0.946437
42.536	16.5071	2.38465	0.764588
44.0204	14.0413	2.30537	0.878888
45.2338	16.5071	2.2127	0.817501
38.4127	14.3936	2.44459	0.749883
41.2166	14.2175	2.20851	0.798715
39.693	16.8552	2.50446	0.833577
38.4127	14.3936	2.44459	0.749883
37.4683	11.4071	2.52915	0.825388
40.1627	11.7351	2.30487	0.770503
10.2901	7.6571	1.11924	0.828311
12.6058	7.51154	1.10151	0.802304
11.25	9.60269	1.26544	0.872052
28.2875	13.053	2.1727	0.889245
30.001	14.922	2.30643	0.757624
26.3489	16.5071	2.1942	0.758304
35.1085	11.7351	2.24479	0.843379
33.1516	14.0413	2.15325	0.744556
32.5813	11.7351	2.56633	0.818989
30.001	14.922	2.30643	0.757624
28.6113	17.5512	2.44932	0.817806
26.3489	16.5071	2.1942	0.758304
30.9096	13.2177	2.35215	0.85677
30.001	14.922	2.30643	0.757624
28.2875	13.053	2.1727	0.889245
29.636	10.915	2.48182	0.864996
30.9096	13.2177	2.35215	0.85677
28.2875	13.053	2.1727	0.889245
32.5813	11.7351	2.56633	0.818989
33.1516	14.0413	2.15325	0.744556
30.9096	13.2177	2.35215	0.85677
31.7446	16.5071	2.65245	0.919965
28.6113	17.5512	2.44932	0.817806
30.001	14.922	2.30643	0.757624
34.4425	16.5071	2.26825	0.932542
31.7446	16.5071	2.65245	0.919965
33.1516	14.0413	2.15325	0.744556
34.4425	16.5071	2.26825	0.932542
34.9506	19.1174	2.4633	0.849426
32.1075	19.1174	2.55009	0.924295
37.1403	16.5071	2.50161	0.810216
34.4425	16.5071	2.26825	0.932542
35.6088	14.5697	2.32936	0.912592
37.1403	16.5071	2.50161	0.810216
37.7936	19.1174	2.40227	0.880394
34.9506	19.1174	2.4633	0.849426
11.414	14.0413	2.55601	0.894607
14.1312	14.0413	2.27617	0.846738
13.1778	15.9788	2.24226	0.902012
8.69678	14.0413	2.67705	0.893136
9.93237	11.8999	2.3294	0.790607
11.414	14.0413	2.55601	0.894607
11.25	9.60269	1.26544	0.872052
13.513	9.30337	1.36252	0.893052
12.5545	12.0646	2.4613	0.813735
10.2901	7.6571	1.11924	0.828311
11.25	9.60269	1.26544	0.872052
8.74996	9.60269	1.08741	0.833488
13.513	9.30337	1.36252	0.893052
16.5822	10.0948	2.4748	0.786434
15.1767	12.2293	2.34551	0.928251
9.93237	11.8999	2.3294	0.790607
11.25	9.60269	1.26544	0.872052
12.5545	12.0646	2.4613	0.813735
11.414	14.0413	2.55601	0.894607
9.93237	11.8999	2.3294	0.790607
12.5545	12.0646	2.4613	0.813735
8.69678	14.0413	2.67705	0.893136
7.31021	11.7351	2.27966	0.751781
9.93237	11.8999	2.3294	0.790607
37.4683	11.4071	2.52915	0.825388
38.4127	14.3936	2.44459	0.749883
35.6088	14.5697	2.32936	0.912592
42.536	16.5071	2.38465	0.764588
43.4158	19.3	2.45993	0.76848
40.5089	19.4825	2.4838	0.797988
44.0204	14.0413	2.30537	0.878888
42.536	16.5071	2.38465	0.764588
41.2166	14.2175	2.20851	0.798715
45.2338	16.5071	2.2127	0.817501
43.4158	19.3	2.45993	0.76848
42.536	16.5071	2.38465	0.764588
40.5089	19.4825	2.4838	0.797988
41.2294	22.236	2.39078	0.854331
38.204	22.4261	2.60438	0.867133
42.536	16.5071	2.38465	0.764588
40.5089	19.4825	2.4838	0.797988
39.693	16.8552	2.50446	0.833577
43.4158	19.3	2.45993	0.76848
41.2294	22.236	2.39078	0.854331
40.5089	19.4825	2.4838	0.797988
47.2801	21.856	2.5161	0.761085
44.3095	21.856	2.54071	0.869164
46.3226	19.1174	2.28763	0.803709
38.4127	14.3936	2.44459	0.749883
37.1403	16.5071	2.50161	0.810216
35.6088	14.5697	2.32936	0.912592
40.1627	11.7351	2.30487	0.770503
41.2166	14.2175	2.20851	0.798715
38.4127	14.3936	2.44459	0.749883
38.75	9.60269	1.23506	0.904942
40.1627	11.7351	2.30487	0.770503
37.4683	11.4071	2.52915	0.825388
41.25	9.60269	1.20911	0.95497
42.6898	11.7351	2.4104	0.917395
40.1627	11.7351	2.30487	0.770503
39.693	16.8552	2.50446	0.833577
37.1403	16.5071	2.50161	0.810216
38.4127	14.3936	2.44459	0.749883
40.5089	19.4825	2.4838	0.797988
37.7936	19.1174	2.40227	0.880394
39.693	16.8552	2.50446	0.833577
28.8815	20.2128	2.39177	0.754003
29.1279	22.9961	2.70638	0.818926
26.1025	23.1861	2.57165	0.920035
32.1075	19.1174	2.55009	0.924295
34.9506	19.1174	2.4633	0.849426
32.4267	21.856	2.25087	0.923957
28.8815	20.2128	2.39177	0.754003
32.1075	19.1174	2.55009	0.924295
32.4267	21.856	2.25087	0.923957
31.7446	16.5071	2.65245	0.919965
34.4425	16.5071	2.26825	0.932542
32.1075	19.1174	2.55009	0.924295
28.6113	17.5512	2.44932	0.817806
31.7446	16.5071	2.65245	0.919965
32.1075	19.1174	2.55009	0.924295
11.414	14.0413	2.55601	0.894607
12.5545	12.0646	2.4613	0.813735
14.1312	14.0413	2.27617	0.846738
12.2064	19.1174	2.36509	0.781855
10.1618	16.5071	2.35907	0.790524
13.1778	15.9788	2.24226	0.902012
9.93237	11.8999	2.3294	0.790607
8.74996	9.60269	1.08741	0.833488
11.25	9.60269	1.26544	0.872052
43.4158	19.3	2.45993	0.76848
45.2338	16.5071	2.2127	0.817501
46.3226	19.1174	2.28763	0.803709
33.1516	14.0413	2.15325	0.744556
35.6088	14.5697	2.32936	0.912592
34.4425	16.5071	2.26825	0.932542
36.25	9.60269	1.27097	0.825955
33.75	9.60269	1.34229	0.763103
34.9468	7.95642	1.33053	0.898577
21.9134	33.7485	2.43016	0.904054
18.9132	34.917	2.26431	0.88383
18.6835	32.5943	2.48401	0.768444
25	30.6708	2.30232	0.924608
21.9134	33.7485	2.43016	0.904054
21.9612	30.6708	2.68182	0.825921
21.8846	36.8646	2.66768	0.784489
18.9132	34.917	2.26431	0.88383
21.9134	33.7485	2.43016	0.904054
25	40	2.31511	0.798014
21.8846	36.8646	2.66768	0.784489
25.1151	35.3065	2.37795	0.905236
21.9134	33.7485	2.43016	0.904054
18.6835	32.5943	2.48401	0.768444
21.9612	30.6708	2.68182	0.825921
18.7212	38.8242	2.37769	0.824206
18.9132	34.917	2.26431	0.88383
21.8846	36.8646	2.66768	0.784489
17.2667	36.7732	2.5724	0.899016
15.8122	34.7222	2.55506	0.91563
18.9132	34.917	2.26431	0.88383
18.7212	38.8242	2.37769	0.824206
17.2667	36.7732	2.5724	0.899016
18.9132	34.917	2.26431	0.88383
18.7212	38.8242	2.37769	0.824206
15.601	39.0202	2.50839	0.78168
17.2667	36.7732	2.5724	0.899016
18.7981	41.9596	2.5143	2.19366
18.7212	38.8242	2.37769	0.824206
21.9014	39.3141	2.1969	0.931005
15.601	39.0202	2.50839	0.78168
15.8122	34.7222	2.55506	0.91563
17.2667	36.7732	2.5724	0.899016
14.001	23.9462	2.56118	0.914395
14.6026	21.856	2.51798	0.825974
17.2998	24.7062	2.4409	0.750886
13.1107	27.6505	2.14322	0.770666
12.8447	30.6708	2.25027	0.883637
10.1383	27.6505	2.42699	0.75445
15.2052	26.1784	2.55004	0.876749
15.7173	29.727	2.1341	0.784969
13.1107	27.6505	2.14322	0.770666
20.3799	24.7062	2.15102	0.748189
18.0114	27.1222	2.34924	0.83087
17.2998	24.7062	2.4409	0.750886
18.7229	29.5382	2.28488	0.87673
15.7173	29.727	2.1341	0.784969
18.0114	27.1222	2.34924	0.83087
18.7229	29.5382	2.28488	0.87673
18.6835	32.5943	2.48401	0.768444
15.7173	29.727	2.1341	0.784969
10.9756	24.1362	2.461	0.910276
8.05963	24.7062	2.2154	0.79679
8.66123	21.856	2.24528	0.857016
10.1383	27.6505	2.42699	0.75445
8.05963	24.7062	2.2154	0.79679
10.9756	24.1362	2.461	0.910276
10.1383	27.6505	2.42699	0.75445
9.80591	30.6708	2.68215	0.877657
7.16598	27.6505	2.57977	0.866982
6.70061	30.2933	2.26148	0.893144
7.16598	27.6505	2.57977	0.866982
9.80591	30.6708	2.68215	0.877657
4.97956	24.7062	2.26044	0.834084
5.62671	21.6734	2.23067	0.817496
8.05963	24.7062	2.2154	0.79679
3.67737	19.1174	2.48748	0.909908
5.62671	21.6734	2.23067	0.817496
2.71986	21.856	2.27691	0.910279
6.52038	19.1174	2.59399	0.915693
4.76616	16.5071	2.22091	0.875504
7.464	16.5071	2.50105	0.925905
25	30.6708	2.30232	0.924608
28.0388	30.6708	2.54145	0.88002
28.0866	33.7485	2.6829	0.891872
47.2801	21.856	2.5161	0.761085
48.1005	24.7062	2.21912	0.750385
45.0204	24.7062	2.56175	0.743237
26.4215	19.1174	2.5191	0.759348
26.3489	16.5071	2.1942	0.758304
28.6113	17.5512	2.44932	0.817806
18.0114	27.1222	2.34924	0.83087
22.0277	27.6505	2.53885	0.789437
18.7229	29.5382	2.28488	0.87673
17.2541	20.9431	2.61076	0.860816
20.544	21.856	2.38971	0.884457
17.2998	24.7062	2.4409	0.750886
23.0771	23.3761	2.55511	0.760232
26.1025	23.1861	2.57165	0.920035
25.3391	26.1784	2.22613	0.772918
17.2998	24.7062	2.4409	0.750886
20.544	21.856	2.38971	0.884457
20.3799	24.7062	2.15102	0.748189
24.8405	21.1517	2.62984	0.748553
26.1025	23.1861	2.57165	0.920035
23.0771	23.3761	2.55511	0.760232
20.544	21.856	2.38971	0.884457
24.8405	21.1517	2.62984	0.748553
23.0771	23.3761	2.55511	0.760232
23.5785	19.1174	2.67018	0.838753
26.4215	19.1174	2.5191	0.759348
24.8405	21.1517	2.62984	0.748553
31.199	26.5464	2.51803	0.829116
30.7452	28.7831	2.33068	0.741022
28.269	26.3624	2.56469	0.768731
29.1279	22.9961	2.70638	0.818926
31.199	26.5464	2.51803	0.829116
28.269	26.3624	2.56469	0.768731
32.7002	24.7062	2.28586	0.747371
33.7508	28.5944	2.25708	0.866706
31.199	26.5464	2.51803	0.829116
20.544	21.856	2.38971	0.884457
23.0771	23.3761	2.55511	0.760232
20.3799	24.7062	2.15102	0.748189
20.7355	19.1174	2.48065	0.83276
20.544	21.856	2.38971	0.884457
17.2541	20.9431	2.61076	0.860816
17.7548	18.7251	2.12783	0.786235
18.2554	16.5071	2.28959	0.877731
20.7355	19.1174	2.48065	0.83276
14.7591	18.4213	2.49201	0.826642
17.7548	18.7251	2.12783	0.786235
17.2541	20.9431	2.61076	0.860816
14.7591	18.4213	2.49201	0.826642
15.9817	15.8026	2.50198	0.838326
17.7548	18.7251	2.12783	0.786235
20.9532	16.5071	2.26156	0.818284
23.5785	19.1174	2.67018	0.838753
20.7355	19.1174	2.48065	0.83276
23.5785	19.1174	2.67018	0.838753
24.8405	21.1517	2.62984	0.748553
20.544	21.856	2.38971	0.884457
26.689	28.4246	2.36025	0.797966
22.0277	27.6505	2.53885	0.789437
25.3391	26.1784	2.22613	0.772918
21.9612	30.6708	2.68182	0.825921
18.6835	32.5943	2.48401	0.768444
18.7229	29.5382	2.28488	0.87673
20.7355	19.1174	2.48065	0.83276
23.5785	19.1174	2.67018	0.838753
20.544	21.856	2.38971	0.884457
16.8484	14.0413	2.47914	0.914634
19.5656	14.0413	2.48693	0.820119
18.2554	16.5071	2.28959	0.877731
16.8484	14.0413	2.47914	0.914634
17.7988	12.3941	2.39451	0.907408
19.5656	14.0413	2.48693	0.820119
14.1312	14.0413	2.27617	0.846738
16.8484	14.0413	2.47914	0.914634
15.9817	15.8026	2.50198	0.838326
15.1767	12.2293	2.34551	0.928251
17.7988	12.3941	2.39451	0.907408
16.8484	14.0413	2.47914	0.914634
18.75	9.60269	1.27288	0.784473
21.25	9.60269	1.12403	0.924364
19.9458	11.7351	2.15023	0.875986
24.3933	15.2742	2.18266	0.80846
23.5785	19.1174	2.67018	0.838753
20.9532	16.5071	2.26156	0.818284
4.97956	24.7062	2.26044	0.834084
4.19365	27.6505	2.59685	0.7869
1.8995	24.7062	2.43251	0.77388
8.74996	9.60269	1.08741	0.833488
9.93237	11.8999	2.3294	0.790607
7.31021	11.7351	2.27966	0.751781
46.8029	37.0605	2.16488	0.798497
43.6827	37.2565	2.41589	0.931262
46.6062	33.7485	2.20239	0.848459
41.9404	24.7062	2.2584	0.861161
45.0204	24.7062	2.56175	0.743237
42.7675	28.0281	2.61123	0.816026
38.8603	24.7062	2.22498	0.835348
41.9404	24.7062	2.2584	0.861161
39.9888	27.0985	2.22871	0.93523
41.2294	22.236	2.39078	0.854331
44.3095	21.856	2.54071	0.869164
41.9404	24.7062	2.2584	0.861161
48.7787	27.6505	2.23178	0.801853
49.3105	30.6708	2.4408	0.876988
46.2478	30.8632	2.57617	0.911306
26.1025	23.1861	2.57165	0.920035
24.8405	21.1517	2.62984	0.748553
28.8815	20.2128	2.39177	0.754003
28.269	26.3624	2.56469	0.768731
26.1025	23.1861	2.57165	0.920035
29.1279	22.9961	2.70638	0.818926
23.0771	23.3761	2.55511	0.760232
22.0277	27.6505	2.53885	0.789437
20.3799	24.7062	2.15102	0.748189
12.8447	30.6708	2.25027	0.883637
12.7112	34.5275	2.28703	0.773424
9.49534	33.1714	2.40462	0.932292
10.1383	27.6505	2.42699	0.75445
12.8447	30.6708	2.25027	0.883637
9.80591	30.6708	2.68215	0.877657
14.3285	32.6965	2.61515	0.887152
18.6835	32.5943	2.48401	0.768444
15.8122	34.7222	2.55506	0.91563
25.1151	35.3065	2.37795	0.905236
21.8846	36.8646	2.66768	0.784489
21.9134	33.7485	2.43016	0.904054
14.3285	32.6965	2.61515	0.887152
12.7112	34.5275	2.28703	0.773424
12.8447	30.6708	2.25027	0.883637
18.9132	34.917	2.26431	0.88383
15.8122	34.7222	2.55506	0.91563
18.6835	32.5943	2.48401	0.768444
15.601	39.0202	2.50839	0.78168
12.5385	36.8646	2.28806	0.912054
15.8122	34.7222	2.55506	0.91563
23.5785	19.1174	2.67018	0.838753
24.3933	15.2742	2.18266	0.80846
26.3489	16.5071	2.1942	0.758304
28.8815	20.2128	2.39177	0.754003
24.8405	21.1517	2.62984	0.748553
26.4215	19.1174	2.5191	0.759348
18.2554	16.5071	2.28959	0.877731
17.7548	18.7251	2.12783	0.786235
15.9817	15.8026	2.50198	0.838326
14.6026	21.856	2.51798	0.825974
17.2541	20.9431	2.61076	0.860816
17.2998	24.7062	2.4409	0.750886
15.9817	15.8026	2.50198	0.838326
13.1778	15.9788	2.24226	0.902012
14.1312	14.0413	2.27617	0.846738
14.6026	21.856	2.51798	0.825974
14.7591	18.4213	2.49201	0.826642
17.2541	20.9431	2.61076	0.860816
11.4404	21.3083	2.21748	0.875621
14.001	23.9462	2.56118	0.914395
10.9756	24.1362	2.461	0.910276
30.001	14.922	2.30643	0.757624
30.9096	13.2177	2.35215	0.85677
33.1516	14.0413	2.15325	0.744556
31.7446	16.5071	2.65245	0.919965
30.001	14.922	2.30643	0.757624
33.1516	14.0413	2.15325	0.744556
25.6653	12.8882	2.48086	0.850998
27.0253	10.7509	2.27858	0.756295
28.2875	13.053	2.1727	0.889245
25.6653	12.8882	2.48086	0.850998
28.2875	13.053	2.1727	0.889245
26.3489	16.5071	2.1942	0.758304
33.75	9.60269	1.34229	0.763103
36.25	9.60269	1.27097	0.825955
35.1085	11.7351	2.24479	0.843379
39.693	16.8552	2.50446	0.833577
41.2166	14.2175	2.20851	0.798715
42.536	16.5071	2.38465	0.764588
28.8815	20.2128	2.39177	0.754003
26.4215	19.1174	2.5191	0.759348
28.6113	17.5512	2.44932	0.817806
40.625	40	2.30716	0.757467
43.75	40	2.59414	0.873937
43.6923	43.1354	2.35541	2.31574
34.399	40.9798	2.5861	2.27862
37.5	40	2.54391	0.786128
37.5191	43.9145	2.63696	2.21358
40.5769	36.8646	2.27521	0.907839
43.6827	37.2565	2.41589	0.931262
40.625	40	2.30716	0.757467
37.3464	33.7485	2.21171	0.807687
33.997	31.6326	2.30928	0.75673
37.1553	30.6708	2.16467	0.92156
40.625	40	2.30716	0.757467
37.5	40	2.54391	0.786128
40.5769	36.8646	2.27521	0.907839
37.4615	36.8646	2.47408	0.900577
34.1596	34.7385	2.26396	0.754522
37.3464	33.7485	2.21171	0.807687
46.2478	30.8632	2.57617	0.911306
45.7731	27.8393	2.37401	0.932889
48.7787	27.6505	2.23178	0.801853
49.6928	33.7485	2.46028	0.868489
46.6062	33.7485	2.20239	0.848459
49.3105	30.6708	2.4408	0.876988
40.1941	30.6708	2.27259	0.896242
37.1553	30.6708	2.16467	0.92156
36.8893	27.6505	2.44548	0.926761
43.2329	30.6708	2.64326	0.82106
40.1941	30.6708	2.27259	0.896242
42.7675	28.0281	2.61123	0.816026
40.433	33.7485	2.62114	0.824364
37.3464	33.7485	2.21171	0.807687
40.1941	30.6708	2.27259	0.896242
31.3171	35.696	2.47236	0.925785
31.2019	38.0404	2.48278	0.805
28.1154	36.8646	2.67541	0.888419
33.997	31.6326	2.30928	0.75673
34.1596	34.7385	2.26396	0.754522
30.9343	31.8249	2.30352	0.773695
34.3221	37.8444	2.25299	0.803222
31.2019	38.0404	2.48278	0.805
31.3171	35.696	2.47236	0.925785
37.5	40	2.54391	0.786128
34.3221	37.8444	2.25299	0.803222
37.4615	36.8646	2.47408	0.900577
34.399	40.9798	2.5861	2.27862
31.2019	38.0404	2.48278	0.805
34.3221	37.8444	2.25299	0.803222
40.1941	30.6708	2.27259	0.896242
39.9888	27.0985	2.22871	0.93523
42.7675	28.0281	2.61123	0.816026
7.16598	27.6505	2.57977	0.866982
8.05963	24.7062	2.2154	0.79679
10.1383	27.6505	2.42699	0.75445
3.69504	30.482	2.48799	0.739834
4.19365	27.6505	2.59685	0.7869
6.70061	30.2933	2.26148	0.893144
4.97956	24.7062	2.26044	0.834084
8.05963	24.7062	2.2154	0.79679
7.16598	27.6505	2.57977	0.866982
2.71986	21.856	2.27691	0.910279
4.97956	24.7062	2.26044	0.834084
1.8995	24.7062	2.43251	0.77388
14.001	23.9462	2.56118	0.914395
11.4404	21.3083	2.21748	0.875621
14.6026	21.856	2.51798	0.825974
13.1107	27.6505	2.14322	0.770666
10.9756	24.1362	2.461	0.910276
14.001	23.9462	2.56118	0.914395
8.66123	21.856	2.24528	0.857016
5.62671	21.6734	2.23067	0.817496
6.52038	19.1174	2.59399	0.915693
12.2064	19.1174	2.36509	0.781855
11.4404	21.3083	2.21748	0.875621
9.3634	19.1174	2.141	0.873995
8.05963	24.7062	2.2154	0.79679
5.62671	21.6734	2.23067	0.817496
8.66123	21.856	2.24528	0.857016
44.3095	21.856	2.54071	0.869164
41.2294	22.236	2.39078	0.854331
43.4158	19.3	2.45993	0.76848
45.7731	27.8393	2.37401	0.932889
45.0204	24.7062	2.56175	0.743237
48.1005	24.7062	2.21912	0.750385
38.8603	24.7062	2.22498	0.835348
36.8893	27.6505	2.44548	0.926761
35.7802	24.7062	2.47394	0.752609
45.7731	27.8393	2.37401	0.932889
42.7675	28.0281	2.61123	0.816026
45.0204	24.7062	2.56175	0.743237
43.2329	30.6708	2.64326	0.82106
46.2478	30.8632	2.57617	0.911306
43.5196	33.7485	2.62105	0.761479
40.433	33.7485	2.62114	0.824364
43.2329	30.6708	2.64326	0.82106
43.5196	33.7485	2.62105	0.761479
42.7675	28.0281	2.61123	0.816026
45.7731	27.8393	2.37401	0.932889
43.2329	30.6708	2.64326	0.82106
41.9404	24.7062	2.2584	0.861161
42.7675	28.0281	2.61123	0.816026
39.9888	27.0985	2.22871	0.93523
45.7731	27.8393	2.37401	0.932889
46.2478	30.8632	2.57617	0.911306
43.2329	30.6708	2.64326	0.82106
8.69678	14.0413	2.67705	0.893136
5.97957	14.0413	2.61179	0.818463
7.31021	11.7351	2.27966	0.751781
10.1618	16.5071	2.35907	0.790524
8.69678	14.0413	2.67705	0.893136
11.414	14.0413	2.55601	0.894607
7.464	16.5071	2.50105	0.925905
4.76616	16.5071	2.22091	0.875504
5.97957	14.0413	2.61179	0.818463
10.1618	16.5071	2.35907	0.790524
7.464	16.5071	2.50105	0.925905
8.69678	14.0413	2.67705	0.893136
10.1618	16.5071	2.35907	0.790524
9.3634	19.1174	2.141	0.873995
7.464	16.5071	2.50105	0.925905
9.42308	36.8646	2.22001	0.786763
9.49534	33.1714	2.40462	0.932292
12.7112	34.5275	2.28703	0.773424
12.5	40	2.26893	0.927609
9.36058	39.4121	2.17951	0.758176
12.5385	36.8646	2.28806	0.912054
9.36058	39.4121	2.17951	0.758176
6.30769	36.8646	2.49376	0.91819
9.42308	36.8646	2.22001	0.786763
3.19231	36.8646	2.2531	0.828548
3.40821	33.9432	2.14848	0.835162
6.30769	36.8646	2.49376	0.91819
0.076922	36.8646	2.46558	0.944021
3.19231	36.8646	2.2531	0.828548
3.125	40	2.25225	0.942592
0.076922	36.8646	2.46558	0.944021
0.307214	33.7485	2.59682	0.829081
3.19231	36.8646	2.2531	0.828548
6.70061	30.2933	2.26148	0.893144
9.80591	30.6708	2.68215	0.877657
9.49534	33.1714	2.40462	0.932292
2.71986	21.856	2.27691	0.910279
5.62671	21.6734	2.23067	0.817496
4.97956	24.7062	2.26044	0.834084
18.0114	27.1222	2.34924	0.83087
15.7173	29.727	2.1341	0.784969
15.2052	26.1784	2.55004	0.876749
43.5196	33.7485	2.62105	0.761479
40.5769	36.8646	2.27521	0.907839
40.433	33.7485	2.62114	0.824364
49.9231	36.8646	2.3703	0.758139
46.8029	37.0605	2.16488	0.798497
49.6928	33.7485	2.46028	0.868489
43.75	40	2.59414	0.873937
40.625	40	2.30716	0.757467
43.6827	37.2565	2.41589	0.931262
13.1107	27.6505	2.14322	0.770666
15.7173	29.727	2.1341	0.784969
12.8447	30.6708	2.25027	0.883637
10.9756	24.1362	2.461	0.910276
13.1107	27.6505	2.14322	0.770666
10.1383	27.6505	2.42699	0.75445
15.2052	26.1784	2.55004	0.876749
17.2998	24.7062	2.4409	0.750886
18.0114	27.1222	2.34924	0.83087
14.001	23.9462	2.56118	0.914395
15.2052	26.1784	2.55004	0.876749
13.1107	27.6505	2.14322	0.770666
14.001	23.9462	2.56118	0.914395
17.2998	24.7062	2.4409	0.750886
15.2052	26.1784	2.55004	0.876749
46.6062	33.7485	2.20239	0.848459
43.6827	37.2565	2.41589	0.931262
43.5196	33.7485	2.62105	0.761479
50	40	2.17347	0.915471
46.8029	37.0605	2.16488	0.798497
49.9231	36.8646	2.3703	0.758139
46.8798	40.196	2.23011	2.15817
43.75	40	2.59414	0.873937
46.8029	37.0605	2.16488	0.798497
21.9014	39.3141	2.1969	0.931005
21.9183	41.7637	2.60354	2.42848
18.7981	41.9596	2.5143	2.19366
25	40	2.31511	0.798014
21.9014	39.3141	2.1969	0.931005
21.8846	36.8646	2.66768	0.784489
25	40	2.31511	0.798014
21.9183	41.7637	2.60354	2.42848
21.9014	39.3141	2.1969	0.931005
22.0142	44.8882	2.31161	2.09829
18.7981	41.9596	2.5143	2.19366
21.9183	41.7637	2.60354	2.42848
3.69504	30.482	2.48799	0.739834
3.40821	33.9432	2.14848	0.835162
0.68946	30.6708	2.51841	0.76912
1.22131	27.6505	2.34112	0.763642
3.69504	30.482	2.48799	0.739834
0.68946	30.6708	2.51841	0.76912
6.70061	30.2933	2.26148	0.893144
6.43263	33.3637	2.23221	0.792299
3.69504	30.482	2.48799	0.739834
43.5196	33.7485	2.62105	0.761479
43.6827	37.2565	2.41589	0.931262
40.5769	36.8646	2.27521	0.907839
40.1941	30.6708	2.27259	0.896242
43.2329	30.6708	2.64326	0.82106
40.433	33.7485	2.62114	0.824364
46.6062	33.7485	2.20239	0.848459
49.6928	33.7485	2.46028	0.868489
46.8029	37.0605	2.16488	0.798497
46.2478	30.8632	2.57617	0.911306
46.6062	33.7485	2.20239	0.848459
43.5196	33.7485	2.62105	0.761479
46.2478	30.8632	2.57617	0.911306
49.3105	30.6708	2.4408	0.876988
46.6062	33.7485	2.20239	0.848459
46.8798	40.196	2.23011	2.15817
46.8029	37.0605	2.16488	0.798497
50	40	2.17347	0.915471
9.4375	42.5475	2.70714	2.45535
6.24038	39.6081	2.5778	0.757396
9.36058	39.4121	2.17951	0.758176
9.49534	33.1714	2.40462	0.932292
9.80591	30.6708	2.68215	0.877657
12.8447	30.6708	2.25027	0.883637
12.5385	36.8646	2.28806	0.912054
9.42308	36.8646	2.22001	0.786763
12.7112	34.5275	2.28703	0.773424
6.43263	33.3637	2.23221	0.792299
6.70061	30.2933	2.26148	0.893144
9.49534	33.1714	2.40462	0.932292
4.19365	27.6505	2.59685	0.7869
4.97956	24.7062	2.26044	0.834084
7.16598	27.6505	2.57977	0.866982
1.22131	27.6505	2.34112	0.763642
4.19365	27.6505	2.59685	0.7869
3.69504	30.482	2.48799	0.739834
1.22131	27.6505	2.34112	0.763642
1.8995	24.7062	2.43251	0.77388
4.19365	27.6505	2.59685	0.7869
6.70061	30.2933	2.26148	0.893144
4.19365	27.6505	2.59685	0.7869
7.16598	27.6505	2.57977	0.866982
18.7229	29.5382	2.28488	0.87673
22.0277	27.6505	2.53885	0.789437
21.9612	30.6708	2.68182	0.825921
14.3285	32.6965	2.61515	0.887152
12.8447	30.6708	2.25027	0.883637
15.7173	29.727	2.1341	0.784969
18.6835	32.5943	2.48401	0.768444
14.3285	32.6965	2.61515	0.887152
15.7173	29.727	2.1341	0.784969
15.8122	34.7222	2.55506	0.91563
12.7112	34.5275	2.28703	0.773424
14.3285	32.6965	2.61515	0.887152
18.0114	27.1222	2.34924	0.83087
20.3799	24.7062	2.15102	0.748189
22.0277	27.6505	2.53885	0.789437
3.40821	33.9432	2.14848	0.835162
3.69504	30.482	2.48799	0.739834
6.43263	33.3637	2.23221	0.792299
46.8077	43.1354	2.65566	2.42008
43.6923	43.1354	2.35541	2.31574
46.8798	40.196	2.23011	2.15817
49.9231	43.1354	2.3043	2.33248
46.8077	43.1354	2.65566	2.42008
46.8798	40.196	2.23011	2.15817
46.2717	49.3292	2.42525	1.96956
49.3105	49.3292	2.76276	2.32718
48.7787	52.3495	2.57143	1.96482
43.5196	46.2515	2.7052	2.4026
46.2717	49.3292	2.42525	1.96956
43.2329	49.3292	2.56595	2.33896
40.433	46.2515	2.36304	2.27734
43.5196	46.2515	2.7052	2.4026
43.2329	49.3292	2.56595	2.33896
43.6923	43.1354	2.35541	2.31574
46.8077	43.1354	2.65566	2.42008
46.6062	46.2515	2.73564	2.303
46.6062	46.2515	2.73564	2.303
49.3105	49.3292	2.76276	2.32718
46.2717	49.3292	2.42525	1.96956
6.30769	36.8646	2.49376	0.91819
6.43263	33.3637	2.23221	0.792299
9.42308	36.8646	2.22001	0.786763
3.125	40	2.25225	0.942592
3.19231	36.8646	2.2531	0.828548
6.24038	39.6081	2.5778	0.757396
3.40821	33.9432	2.14848	0.835162
6.43263	33.3637	2.23221	0.792299
6.30769	36.8646	2.49376	0.91819
0.307214	33.7485	2.59682	0.829081
3.40821	33.9432	2.14848	0.835162
3.19231	36.8646	2.2531	0.828548
0.307214	33.7485	2.59682	0.829081
0.68946	30.6708	2.51841	0.76912
3.40821	33.9432	2.14848	0.835162
