25	30.6708	3.85618	0.435129
28.0866	33.7485	4.16805	0.420107
25.1151	35.3065	3.9289	0.426043
22.0277	27.6505	4.05937	0.375313
25	30.6708	3.85618	0.435129
21.9612	30.6708	4.16355	0.39128
26.689	28.4246	3.90828	0.378845
28.269	26.3624	4.08021	0.366353
30.7452	28.7831	3.87781	0.355516
25	30.6708	3.85618	0.435129
26.689	28.4246	3.90828	0.378845
28.0388	30.6708	4.06527	0.414201
25.3391	26.1784	3.77173	0.368469
28.269	26.3624	4.08021	0.366353
26.689	28.4246	3.90828	0.378845
28.0388	30.6708	4.06527	0.414201
30.9343	31.8249	3.85172	0.369075
28.0866	33.7485	4.16805	0.420107
22.0277	27.6505	4.05937	0.375313
26.689	28.4246	3.90828	0.378845
25	30.6708	3.85618	0.435129
30.7452	28.7831	3.87781	0.355516
30.9343	31.8249	3.85172	0.369075
28.0388	30.6708	4.06527	0.414201
26.689	28.4246	3.90828	0.378845
30.7452	28.7831	3.87781	0.355516
28.0388	30.6708	4.06527	0.414201
26.1025	23.1861	4.09142	0.431683
28.269	26.3624	4.08021	0.366353
25.3391	26.1784	3.77173	0.368469
29.1279	22.9961	4.18163	0.387638
32.7002	24.7062	3.83294	0.358409
31.199	26.5464	4.04495	0.391438
33.7508	28.5944	3.80581	0.408564
30.9343	31.8249	3.85172	0.369075
30.7452	28.7831	3.87781	0.355516
31.199	26.5464	4.04495	0.391438
33.7508	28.5944	3.80581	0.408564
30.7452	28.7831	3.87781	0.355516
37.4615	36.8646	4.01098	0.424862
40.433	33.7485	4.12205	0.391165
40.5769	36.8646	3.82723	0.427673
36.8893	27.6505	3.98705	0.436433
37.1553	30.6708	3.70403	0.43451
33.7508	28.5944	3.80581	0.408564
36.8893	27.6505	3.98705	0.436433
39.9888	27.0985	3.77858	0.4412
40.1941	30.6708	3.82446	0.423485
34.9506	19.1174	4.00063	0.402092
34.4425	16.5071	3.82131	0.439201
37.1403	16.5071	4.03155	0.384654
38.204	22.4261	4.11067	0.409018
35.1786	22.6161	3.68111	0.422278
36.4861	20.8667	3.80722	0.374529
32.1075	19.1174	4.07339	0.435436
28.8815	20.2128	3.93819	0.361504
28.6113	17.5512	3.98962	0.387903
38.204	22.4261	4.11067	0.409018
35.7802	24.7062	4.00595	0.36076
35.1786	22.6161	3.68111	0.422278
32.7002	24.7062	3.83294	0.358409
29.1279	22.9961	4.18163	0.387638
32.4267	21.856	3.80242	0.434968
45.7731	27.8393	3.92619	0.439821
48.1005	24.7062	3.76219	0.360404
48.7787	27.6505	3.77771	0.382626
38.8603	24.7062	3.77119	0.396086
41.2294	22.236	3.93831	0.403613
41.9404	24.7062	3.80876	0.407237
38.8603	24.7062	3.77119	0.396086
38.204	22.4261	4.11067	0.409018
41.2294	22.236	3.93831	0.403613
36.8893	27.6505	3.98705	0.436433
38.8603	24.7062	3.77119	0.396086
39.9888	27.0985	3.77858	0.4412
35.7802	24.7062	4.00595	0.36076
38.204	22.4261	4.11067	0.409018
38.8603	24.7062	3.77119	0.396086
33.7508	28.5944	3.80581	0.408564
35.7802	24.7062	4.00595	0.36076
36.8893	27.6505	3.98705	0.436433
32.7002	24.7062	3.83294	0.358409
32.4267	21.856	3.80242	0.434968
35.1786	22.6161	3.68111	0.422278
37.7936	19.1174	3.94981	0.414995
40.5089	19.4825	4.01743	0.379297
38.204	22.4261	4.11067	0.409018
35.1786	22.6161	3.68111	0.422278
32.4267	21.856	3.80242	0.434968
34.9506	19.1174	4.00063	0.402092
36.4861	20.8667	3.80722	0.374529
35.1786	22.6161	3.68111	0.422278
34.9506	19.1174	4.00063	0.402092
37.7936	19.1174	3.94981	0.414995
36.4861	20.8667	3.80722	0.374529
34.9506	19.1174	4.00063	0.402092
37.7936	19.1174	3.94981	0.414995
38.204	22.4261	4.11067	0.409018
36.4861	20.8667	3.80722	0.374529
35.7802	24.7062	4.00595	0.36076
32.7002	24.7062	3.83294	0.358409
35.1786	22.6161	3.68111	0.422278
33.7508	28.5944	3.80581	0.408564
32.7002	24.7062	3.83294	0.358409
35.7802	24.7062	4.00595	0.36076
29.1279	22.9961	4.18163	0.387638
28.8815	20.2128	3.93819	0.361504
32.4267	21.856	3.80242	0.434968
37.1403	16.5071	4.03155	0.384654
39.693	16.8552	4.03492	0.394075
37.7936	19.1174	3.94981	0.414995
44.3095	21.856	4.06418	0.409581
47.2801	21.856	4.04159	0.36391
45.0204	24.7062	4.07647	0.357364
41.9404	24.7062	3.80876	0.407237
44.3095	21.856	4.06418	0.409581
45.0204	24.7062	4.07647	0.357364
43.4158	19.3	3.99572	0.36697
46.3226	19.1174	3.83688	0.381636
44.3095	21.856	4.06418	0.409581
28.0866	46.2515	4.19693	2.88746
31.0776	49.3292	4.18999	2.45826
28.0388	49.3292	4.22721	2.47067
25	43.1354	4.24913	2.26118
28.1154	43.1354	4.29422	2.99188
28.0866	46.2515	4.19693	2.88746
37.3464	46.2515	4.16641	2.1766
34.3294	43.6157	4.12672	2.91039
37.5191	43.9145	4.21324	2.59267
31.226	43.7137	3.97961	2.26318
31.2788	41.1758	4.04696	2.88599
34.3294	43.6157	4.12672	2.91039
28.0866	46.2515	4.19693	2.88746
31.226	43.7137	3.97961	2.26318
31.1732	46.2515	4.2384	2.758
28.1154	43.1354	4.29422	2.99188
31.2788	41.1758	4.04696	2.88599
31.226	43.7137	3.97961	2.26318
25	46.2515	3.85483	2.70197
25	43.1354	4.24913	2.26118
28.0866	46.2515	4.19693	2.88746
28.125	40	3.83356	0.439748
31.2788	41.1758	4.04696	2.88599
28.1154	43.1354	4.29422	2.99188
28.125	40	3.83356	0.439748
31.2019	38.0404	4.01727	0.388544
31.2788	41.1758	4.04696	2.88599
31.2019	38.0404	4.01727	0.388544
34.399	40.9798	4.18055	2.68278
31.2788	41.1758	4.04696	2.88599
28.0866	33.7485	4.16805	0.420107
31.3171	35.696	4.01206	0.436063
28.1154	36.8646	4.1628	0.419057
37.3464	33.7485	3.75469	0.384296
37.1553	30.6708	3.70403	0.43451
40.1941	30.6708	3.82446	0.423485
37.4615	36.8646	4.01098	0.424862
37.3464	33.7485	3.75469	0.384296
40.433	33.7485	4.12205	0.391165
37.4615	36.8646	4.01098	0.424862
34.3221	37.8444	3.80138	0.386649
34.1596	34.7385	3.80934	0.362079
34.1596	34.7385	3.80934	0.362079
33.997	31.6326	3.85499	0.362419
37.3464	33.7485	3.75469	0.384296
31.3171	35.696	4.01206	0.436063
34.1596	34.7385	3.80934	0.362079
34.3221	37.8444	3.80138	0.386649
31.3171	35.696	4.01206	0.436063
30.9343	31.8249	3.85172	0.369075
34.1596	34.7385	3.80934	0.362079
30.9343	31.8249	3.85172	0.369075
33.7508	28.5944	3.80581	0.408564
33.997	31.6326	3.85499	0.362419
40.433	46.2515	4.00032	2.70413
40.6201	43.7197	3.95443	2.98298
43.5196	46.2515	4.26439	2.89555
46.8029	37.0605	3.6997	0.382684
43.75	40	4.10293	0.422035
43.6827	37.2565	3.96169	0.439054
49.9231	43.1354	3.94704	2.78895
46.8798	40.196	3.86162	2.48295
50	40	3.71334	0.444395
49.9231	43.1354	3.94704	2.78895
49.6928	46.2515	4.22587	2.92649
46.8077	43.1354	4.23228	2.91955
25	43.1354	4.24913	2.26118
25	46.2515	3.85483	2.70197
22.0142	44.8882	3.94438	2.41097
25	40	3.86474	0.386719
25	43.1354	4.24913	2.26118
21.9183	41.7637	4.19551	2.91412
25	40	3.86474	0.386719
28.1154	43.1354	4.29422	2.99188
25	43.1354	4.24913	2.26118
31.2019	38.0404	4.01727	0.388544
28.125	40	3.83356	0.439748
28.1154	36.8646	4.1628	0.419057
28.1154	43.1354	4.29422	2.99188
31.226	43.7137	3.97961	2.26318
28.0866	46.2515	4.19693	2.88746
18.7981	41.9596	4.12217	2.55283
15.601	39.0202	4.03557	0.378292
18.7212	38.8242	3.92477	0.396285
17.2523	44.2036	3.82867	2.32676
15.7402	46.2515	4.25239	2.34658
14.1489	44.3016	4.25186	2.63157
18.7981	41.9596	4.12217	2.55283
17.2523	44.2036	3.82867	2.32676
15.6779	42.1556	3.9284	2.72865
18.8268	46.2515	4.17822	2.35909
15.7402	46.2515	4.25239	2.34658
17.2523	44.2036	3.82867	2.32676
21.7462	47.598	4.01152	2.99203
18.8268	46.2515	4.17822	2.35909
22.0142	44.8882	3.94438	2.41097
21.7462	47.598	4.01152	2.99203
18.9224	49.3292	3.91474	2.94173
18.8268	46.2515	4.17822	2.35909
15.6779	42.1556	3.9284	2.72865
15.601	39.0202	4.03557	0.378292
18.7981	41.9596	4.12217	2.55283
18.8268	46.2515	4.17822	2.35909
17.2523	44.2036	3.82867	2.32676
18.7981	41.9596	4.12217	2.55283
14.1489	44.3016	4.25186	2.63157
12.6536	46.2515	4.20703	2.11804
12.5577	42.3516	4.24875	2.57472
15.6779	42.1556	3.9284	2.72865
14.1489	44.3016	4.25186	2.63157
12.5577	42.3516	4.24875	2.57472
15.7402	46.2515	4.25239	2.34658
12.6536	46.2515	4.20703	2.11804
14.1489	44.3016	4.25186	2.63157
12.7118	50.0843	4.26874	2.659
12.6536	46.2515	4.20703	2.11804
15.8835	49.3292	4.17644	2.38676
16.083	52.3495	3.89412	2.28325
13.1107	52.3495	4.2435	2.50035
15.8835	49.3292	4.17644	2.38676
18.9224	49.3292	3.91474	2.94173
16.083	52.3495	3.89412	2.28325
15.8835	49.3292	4.17644	2.38676
13.1107	52.3495	4.2435	2.50035
10.6893	54.7417	3.85884	2.73822
10.1383	52.3495	4.18648	2.51659
15.8835	49.3292	4.17644	2.38676
13.1107	52.3495	4.2435	2.50035
12.7118	50.0843	4.26874	2.659
14.2198	55.2938	3.9975	2.86777
10.6893	54.7417	3.85884	2.73822
13.1107	52.3495	4.2435	2.50035
17.0264	56.2438	4.08923	2.3427
14.2198	55.2938	3.9975	2.86777
16.083	52.3495	3.89412	2.28325
17.2808	59.0298	4.01625	2.89624
17.5295	61.7527	0.623795	3.09481
15.0494	60.8826	0.614784	2.51339
17.0264	56.2438	4.08923	2.3427
17.2808	59.0298	4.01625	2.89624
14.6026	58.144	4.09623	2.8829
17.0264	56.2438	4.08923	2.3427
20.0518	56.4338	4.26128	2.14636
17.2808	59.0298	4.01625	2.89624
7.16598	52.3495	4.21773	2.2065
8.05963	55.2938	4.04338	2.38867
4.92487	55.4838	4.22836	2.95422
6.76709	49.3292	4.22789	2.9899
7.16598	52.3495	4.21773	2.2065
4.19365	52.3495	4.24379	2.94564
10.1383	52.3495	4.18648	2.51659
8.05963	55.2938	4.04338	2.38867
7.16598	52.3495	4.21773	2.2065
12.7118	50.0843	4.26874	2.659
10.1383	52.3495	4.18648	2.51659
9.70619	49.8955	3.8803	2.26145
10.6893	54.7417	3.85884	2.73822
8.05963	55.2938	4.04338	2.38867
10.1383	52.3495	4.18648	2.51659
12.5577	42.3516	4.24875	2.57472
12.5	40	3.82193	0.446087
15.6779	42.1556	3.9284	2.72865
9.61019	45.6673	3.9699	2.30261
12.5577	42.3516	4.24875	2.57472
12.6536	46.2515	4.20703	2.11804
9.61019	45.6673	3.9699	2.30261
6.31731	42.7435	4.25682	2.5351
9.4375	42.5475	4.26697	2.95732
-3.10282e-28	40	3.96196	2.96306
3.125	40	3.80451	0.455619
3.19711	42.9395	4.03067	2.42209
-3.10282e-28	40	3.96196	2.96306
0.076922	36.8646	4.00503	0.448923
3.125	40	3.80451	0.455619
46.6062	46.2515	4.2818	2.74305
46.2717	49.3292	4.04597	2.18836
43.5196	46.2515	4.26439	2.89555
43.6923	43.1354	3.99457	2.75608
46.6062	46.2515	4.2818	2.74305
43.5196	46.2515	4.26439	2.89555
49.6928	46.2515	4.22587	2.92649
49.3105	49.3292	4.29864	2.7772
46.6062	46.2515	4.2818	2.74305
27.4517	72.3429	0.710029	0.410534
25	72.3429	0.610146	0.418676
27.0253	69.2491	0.553798	2.78732
24.7277	76.3587	0.538311	0.445696
26.189	74.0896	0.625152	0.44543
27.2733	75.6267	0.690608	0.395107
24.7277	76.3587	0.538311	0.445696
23.0327	74.7883	0.55529	0.384647
26.189	74.0896	0.625152	0.44543
23.0339	79.8761	0.583068	0.391767
21.0802	79.5053	0.614067	0.464481
21.6827	78.0345	0.516285	0.462715
19.6759	76.9444	0.561747	0.384153
19.0551	74.0896	0.574786	0.417503
21.4331	74.0896	0.520377	0.460658
19.6759	76.9444	0.561747	0.384153
18.1801	75.6267	0.55682	0.409571
19.0551	74.0896	0.574786	0.417503
21.4331	74.0896	0.520377	0.460658
23.0327	74.7883	0.55529	0.384647
22.3999	76.5052	0.577811	0.465686
20.0967	72.3429	0.690966	0.387374
22.5483	72.3429	0.680318	0.427001
21.4331	74.0896	0.520377	0.460658
16.5527	73.7985	0.551104	0.385101
17.645	72.3429	0.656932	0.418738
19.0551	74.0896	0.574786	0.417503
19.193	69.7412	0.681507	2.55885
21.8037	69.5771	0.560731	3.16633
20.0967	72.3429	0.690966	0.387374
21.8037	69.5771	0.560731	3.16633
23.75	70.3973	0.622963	0.397301
22.5483	72.3429	0.680318	0.427001
21.6827	78.0345	0.516285	0.462715
19.1515	78.89	0.572848	0.449043
19.6759	76.9444	0.561747	0.384153
22.3999	76.5052	0.577811	0.465686
19.6759	76.9444	0.561747	0.384153
21.4331	74.0896	0.520377	0.460658
22.3999	76.5052	0.577811	0.465686
21.6827	78.0345	0.516285	0.462715
19.6759	76.9444	0.561747	0.384153
24.7277	76.3587	0.538311	0.445696
22.3999	76.5052	0.577811	0.465686
23.0327	74.7883	0.55529	0.384647
24.7277	76.3587	0.538311	0.445696
24.9752	78.5234	0.63262	0.440846
23.329	78.279	0.522017	0.438528
21.0802	79.5053	0.614067	0.464481
19.1515	78.89	0.572848	0.449043
21.6827	78.0345	0.516285	0.462715
25	80	0.644114	0.41158
24.9752	78.5234	0.63262	0.440846
26.9661	79.8761	0.603123	0.441493
19.6759	76.9444	0.561747	0.384153
19.1515	78.89	0.572848	0.449043
17.2597	78.0345	0.592902	0.38692
28.3173	78.0345	0.710083	0.380388
30.8485	78.89	0.578612	0.433657
28.9198	79.5053	0.607279	0.413969
18.1801	75.6267	0.55682	0.409571
19.6759	76.9444	0.561747	0.384153
17.2597	78.0345	0.592902	0.38692
15.4167	76.9444	0.549578	0.396203
18.1801	75.6267	0.55682	0.409571
17.2597	78.0345	0.592902	0.38692
23.0327	74.7883	0.55529	0.384647
21.4331	74.0896	0.520377	0.460658
22.5483	72.3429	0.680318	0.427001
15.4167	76.9444	0.549578	0.396203
16.5527	73.7985	0.551104	0.385101
18.1801	75.6267	0.55682	0.409571
20.0967	72.3429	0.690966	0.387374
21.8037	69.5771	0.560731	3.16633
22.5483	72.3429	0.680318	0.427001
15.4167	76.9444	0.549578	0.396203
13.6336	75.6267	0.646406	0.392015
14.237	73.9441	0.677976	0.393004
29.3832	76.0659	0.710086	0.41227
31.3712	77.1646	0.530806	0.41137
28.3173	78.0345	0.710083	0.380388
31.9219	75.3472	0.590947	0.392452
34.5833	76.9444	0.539615	0.472032
32.7403	78.0345	0.645085	0.449047
14.237	73.9441	0.677976	0.393004
11.9212	74.0896	0.716124	0.421189
12.7417	72.3429	0.57153	0.422984
11.25	70.3973	0.527454	0.396237
12.7417	72.3429	0.57153	0.422984
10.2901	72.3429	0.553625	0.468867
17.645	72.3429	0.656932	0.418738
16.5527	73.7985	0.551104	0.385101
15.1934	72.3429	0.550781	0.463639
19.193	69.7412	0.681507	2.55885
17.645	72.3429	0.656932	0.418738
16.25	70.3973	0.662573	0.394502
20.0967	72.3429	0.690966	0.387374
19.0551	74.0896	0.574786	0.417503
17.645	72.3429	0.656932	0.418738
19.0551	74.0896	0.574786	0.417503
18.1801	75.6267	0.55682	0.409571
16.5527	73.7985	0.551104	0.385101
32.355	72.3429	0.710909	0.43595
34.8066	72.3429	0.57333	0.430553
33.3228	74.0896	0.630431	0.440656
33.3228	74.0896	0.630431	0.440656
31.9219	75.3472	0.590947	0.392452
30.9297	73.8705	0.649006	0.421596
35.7008	74.0896	0.676175	0.450006
33.3228	74.0896	0.630431	0.440656
34.8066	72.3429	0.57333	0.430553
34.5833	76.9444	0.539615	0.472032
31.9219	75.3472	0.590947	0.392452
33.3228	74.0896	0.630431	0.440656
17.4187	68.2649	0.551655	2.75925
14.8915	68.2649	0.600981	2.83567
16.8484	65.9587	0.639982	3.17969
16.25	70.3973	0.662573	0.394502
13.513	70.6966	0.650886	0.417274
14.8915	68.2649	0.600981	2.83567
19.193	69.7412	0.681507	2.55885
16.25	70.3973	0.662573	0.394502
17.4187	68.2649	0.551655	2.75925
15.1934	72.3429	0.550781	0.463639
14.237	73.9441	0.677976	0.393004
12.7417	72.3429	0.57153	0.422984
17.645	72.3429	0.656932	0.418738
15.1934	72.3429	0.550781	0.463639
16.25	70.3973	0.662573	0.394502
16.5527	73.7985	0.551104	0.385101
14.237	73.9441	0.677976	0.393004
15.1934	72.3429	0.550781	0.463639
12.7417	72.3429	0.57153	0.422984
11.25	70.3973	0.527454	0.396237
13.513	70.6966	0.650886	0.417274
8.74996	70.3973	0.597661	0.406691
11.25	70.3973	0.527454	0.396237
10.2901	72.3429	0.553625	0.468867
12.3644	68.2649	0.56653	2.46443
13.846	66.4528	0.589341	2.56023
14.8915	68.2649	0.600981	2.83567
9.83732	68.2649	0.645406	2.79316
12.3644	68.2649	0.56653	2.46443
11.25	70.3973	0.527454	0.396237
9.83732	68.2649	0.645406	2.79316
11.414	65.9587	0.619004	3.30212
12.3644	68.2649	0.56653	2.46443
9.83732	68.2649	0.645406	2.79316
11.25	70.3973	0.527454	0.396237
8.74996	70.3973	0.597661	0.406691
14.8915	68.2649	0.600981	2.83567
13.513	70.6966	0.650886	0.417274
12.3644	68.2649	0.56653	2.46443
15.1934	72.3429	0.550781	0.463639
12.7417	72.3429	0.57153	0.422984
13.513	70.6966	0.650886	0.417274
15.4167	76.9444	0.549578	0.396203
14.237	73.9441	0.677976	0.393004
16.5527	73.7985	0.551104	0.385101
13.6336	75.6267	0.646406	0.392015
11.9212	74.0896	0.716124	0.421189
14.237	73.9441	0.677976	0.393004
11.9212	74.0896	0.716124	0.421189
10.2901	72.3429	0.553625	0.468867
12.7417	72.3429	0.57153	0.422984
7.31021	68.2649	0.611081	2.73343
9.83732	68.2649	0.645406	2.79316
8.74996	70.3973	0.597661	0.406691
7.31021	68.2649	0.611081	2.73343
5.97957	65.9587	0.61133	3.06346
8.78345	65.7825	0.596604	3.1549
28.3173	78.0345	0.710083	0.380388
28.9198	79.5053	0.607279	0.413969
26.9661	79.8761	0.603123	0.441493
31.3712	77.1646	0.530806	0.41137
31.9219	75.3472	0.590947	0.392452
32.7403	78.0345	0.645085	0.449047
28.3173	78.0345	0.710083	0.380388
31.3712	77.1646	0.530806	0.41137
30.8485	78.89	0.578612	0.433657
29.3832	76.0659	0.710086	0.41227
31.9219	75.3472	0.590947	0.392452
31.3712	77.1646	0.530806	0.41137
27.2733	75.6267	0.690608	0.395107
29.3832	76.0659	0.710086	0.41227
28.3173	78.0345	0.710083	0.380388
28.5669	74.0896	0.563616	0.407833
29.9033	72.3429	0.604816	0.40236
30.9297	73.8705	0.649006	0.421596
27.2733	75.6267	0.690608	0.395107
28.5669	74.0896	0.563616	0.407833
29.3832	76.0659	0.710086	0.41227
27.2733	75.6267	0.690608	0.395107
26.189	74.0896	0.625152	0.44543
28.5669	74.0896	0.563616	0.407833
26.2439	77.6257	0.706854	0.380365
27.2733	75.6267	0.690608	0.395107
28.3173	78.0345	0.710083	0.380388
26.9661	79.8761	0.603123	0.441493
26.2439	77.6257	0.706854	0.380365
28.3173	78.0345	0.710083	0.380388
24.9752	78.5234	0.63262	0.440846
24.7277	76.3587	0.538311	0.445696
26.2439	77.6257	0.706854	0.380365
31.0572	70.658	0.54139	0.475539
30.0542	68.2649	0.567358	3.26831
32.2468	68.921	0.635361	2.89856
31.0572	70.658	0.54139	0.475539
28.75	70.3973	0.563099	0.460326
30.0542	68.2649	0.567358	3.26831
33.75	70.3973	0.59677	0.414647
31.0572	70.658	0.54139	0.475539
32.2468	68.921	0.635361	2.89856
29.9033	72.3429	0.604816	0.40236
28.75	70.3973	0.563099	0.460326
31.0572	70.658	0.54139	0.475539
30.9297	73.8705	0.649006	0.421596
29.9033	72.3429	0.604816	0.40236
32.355	72.3429	0.710909	0.43595
33.3228	74.0896	0.630431	0.440656
30.9297	73.8705	0.649006	0.421596
32.355	72.3429	0.710909	0.43595
31.9219	75.3472	0.590947	0.392452
29.3832	76.0659	0.710086	0.41227
30.9297	73.8705	0.649006	0.421596
28.5669	74.0896	0.563616	0.407833
26.189	74.0896	0.625152	0.44543
27.4517	72.3429	0.710029	0.410534
25	72.3429	0.610146	0.418676
23.75	70.3973	0.622963	0.397301
27.0253	69.2491	0.553798	2.78732
26.9661	79.8761	0.603123	0.441493
24.9752	78.5234	0.63262	0.440846
26.2439	77.6257	0.706854	0.380365
27.0253	69.2491	0.553798	2.78732
24.3347	67.1118	0.706944	2.82792
26.9568	67.2765	0.738827	2.55627
19.0904	66.7823	0.739296	2.51796
19.999	65.078	0.725026	3.143
22.2828	65.9587	0.664998	3.03328
17.4187	68.2649	0.551655	2.75925
19.0904	66.7823	0.739296	2.51796
19.193	69.7412	0.681507	2.55885
17.4187	68.2649	0.551655	2.75925
16.8484	65.9587	0.639982	3.17969
19.0904	66.7823	0.739296	2.51796
27.4517	72.3429	0.710029	0.410534
28.75	70.3973	0.563099	0.460326
29.9033	72.3429	0.604816	0.40236
28.5669	74.0896	0.563616	0.407833
27.4517	72.3429	0.710029	0.410534
29.9033	72.3429	0.604816	0.40236
26.189	74.0896	0.625152	0.44543
25	72.3429	0.610146	0.418676
27.4517	72.3429	0.710029	0.410534
27.0253	69.2491	0.553798	2.78732
26.9568	67.2765	0.738827	2.55627
30.0542	68.2649	0.567358	3.26831
27.4517	72.3429	0.710029	0.410534
27.0253	69.2491	0.553798	2.78732
28.75	70.3973	0.563099	0.460326
23.75	70.3973	0.622963	0.397301
24.3347	67.1118	0.706944	2.82792
27.0253	69.2491	0.553798	2.78732
34.8233	67.7707	0.558345	2.99785
37.4455	67.9354	0.59004	3.26672
36.25	70.3973	0.536155	0.417904
31.3712	77.1646	0.530806	0.41137
32.7403	78.0345	0.645085	0.449047
30.8485	78.89	0.578612	0.433657
23.329	78.279	0.522017	0.438528
22.3999	76.5052	0.577811	0.465686
24.7277	76.3587	0.538311	0.445696
23.0339	79.8761	0.583068	0.391767
23.329	78.279	0.522017	0.438528
24.9752	78.5234	0.63262	0.440846
21.6827	78.0345	0.516285	0.462715
22.3999	76.5052	0.577811	0.465686
23.329	78.279	0.522017	0.438528
21.6827	78.0345	0.516285	0.462715
23.329	78.279	0.522017	0.438528
23.0339	79.8761	0.583068	0.391767
25	72.3429	0.610146	0.418676
26.189	74.0896	0.625152	0.44543
23.0327	74.7883	0.55529	0.384647
27.2733	75.6267	0.690608	0.395107
26.2439	77.6257	0.706854	0.380365
24.7277	76.3587	0.538311	0.445696
25	80	0.644114	0.41158
23.0339	79.8761	0.583068	0.391767
24.9752	78.5234	0.63262	0.440846
35.7008	74.0896	0.676175	0.450006
37.3942	72.4885	0.567029	0.426692
38.0788	74.0896	0.646502	0.409748
34.5833	76.9444	0.539615	0.472032
35.7008	74.0896	0.676175	0.450006
36.3664	75.6267	0.639471	0.442364
34.8066	72.3429	0.57333	0.430553
37.3942	72.4885	0.567029	0.426692
35.7008	74.0896	0.676175	0.450006
34.5833	76.9444	0.539615	0.472032
33.3228	74.0896	0.630431	0.440656
35.7008	74.0896	0.676175	0.450006
33.75	70.3973	0.59677	0.414647
36.25	70.3973	0.536155	0.417904
34.8066	72.3429	0.57333	0.430553
35.7008	74.0896	0.676175	0.450006
38.0788	74.0896	0.646502	0.409748
36.3664	75.6267	0.639471	0.442364
37.4455	67.9354	0.59004	3.26672
38.75	70.3973	0.535476	0.444905
36.25	70.3973	0.536155	0.417904
39.7099	72.3429	0.552705	0.430499
38.0788	74.0896	0.646502	0.409748
37.3942	72.4885	0.567029	0.426692
36.25	70.3973	0.536155	0.417904
33.75	70.3973	0.59677	0.414647
34.8233	67.7707	0.558345	2.99785
37.3942	72.4885	0.567029	0.426692
36.25	70.3973	0.536155	0.417904
38.75	70.3973	0.535476	0.444905
37.3942	72.4885	0.567029	0.426692
34.8066	72.3429	0.57333	0.430553
36.25	70.3973	0.536155	0.417904
15.5575	63.4929	0.59587	3.27615
16.8484	65.9587	0.639982	3.17969
13.846	66.4528	0.589341	2.56023
11.414	65.9587	0.619004	3.30212
12.8597	63.4929	0.706474	2.482
13.846	66.4528	0.589341	2.56023
15.0494	60.8826	0.614784	2.51339
17.5295	61.7527	0.623795	3.09481
15.5575	63.4929	0.59587	3.27615
15.5575	63.4929	0.59587	3.27615
17.5295	61.7527	0.623795	3.09481
16.8484	65.9587	0.639982	3.17969
11.6319	58.144	4.20398	2.65448
14.6026	58.144	4.09623	2.8829
12.3979	60.3349	0.71002	3.23696
14.6026	58.144	4.09623	2.8829
17.2808	59.0298	4.01625	2.89624
15.0494	60.8826	0.614784	2.51339
20.363	63.0044	0.711669	3.28704
19.999	65.078	0.725026	3.143
17.5295	61.7527	0.623795	3.09481
20.7355	60.8826	0.685952	3.31487
20.363	63.0044	0.711669	3.28704
17.5295	61.7527	0.623795	3.09481
20.7355	60.8826	0.685952	3.31487
23.0704	62.1007	0.73616	2.90706
20.363	63.0044	0.711669	3.28704
11.6319	58.144	4.20398	2.65448
10.6893	54.7417	3.85884	2.73822
14.2198	55.2938	3.9975	2.86777
9.3634	60.8826	0.617726	2.66455
11.6319	58.144	4.20398	2.65448
12.3979	60.3349	0.71002	3.23696
8.66123	58.144	3.802	2.50476
10.6893	54.7417	3.85884	2.73822
11.6319	58.144	4.20398	2.65448
5.69054	58.144	4.10732	2.70955
4.92487	55.4838	4.22836	2.95422
8.05963	55.2938	4.04338	2.38867
6.4478	61.0566	0.574287	2.64884
5.69054	58.144	4.10732	2.70955
8.66123	58.144	3.802	2.50476
3.67737	60.8826	0.729952	3.04975
2.71986	58.144	4.16841	2.15795
5.69054	58.144	4.10732	2.70955
36.8222	64.0212	0.644297	2.6286
39.6261	63.8451	0.578766	2.68321
38.586	65.9587	0.579909	2.74451
34.1521	62.7968	0.630477	3.17489
36.8222	64.0212	0.644297	2.6286
35.8688	65.9587	0.742391	3.05784
37.7936	60.8826	0.741764	2.6684
39.6261	63.8451	0.578766	2.68321
36.8222	64.0212	0.644297	2.6286
38.75	70.3973	0.535476	0.444905
40.1627	68.2649	0.620703	2.36637
41.25	70.3973	0.622246	0.399556
37.3942	72.4885	0.567029	0.426692
38.75	70.3973	0.535476	0.444905
39.7099	72.3429	0.552705	0.430499
37.4455	67.9354	0.59004	3.26672
40.1627	68.2649	0.620703	2.36637
38.75	70.3973	0.535476	0.444905
35.8688	65.9587	0.742391	3.05784
37.4455	67.9354	0.59004	3.26672
34.8233	67.7707	0.558345	2.99785
33.1516	65.9587	0.581364	2.76997
35.8688	65.9587	0.742391	3.05784
34.8233	67.7707	0.558345	2.99785
34.1521	62.7968	0.630477	3.17489
34.9506	60.8826	0.78623	2.80729
36.8222	64.0212	0.644297	2.6286
38.75	70.3973	0.535476	0.444905
41.25	70.3973	0.622246	0.399556
39.7099	72.3429	0.552705	0.430499
38.586	65.9587	0.579909	2.74451
40.1627	68.2649	0.620703	2.36637
37.4455	67.9354	0.59004	3.26672
41.3032	65.9587	0.618885	2.41167
42.6898	68.2649	0.599701	2.38689
40.1627	68.2649	0.620703	2.36637
41.3032	65.9587	0.618885	2.41167
44.0204	65.9587	0.609719	3.00722
42.6898	68.2649	0.599701	2.38689
41.25	70.3973	0.622246	0.399556
40.1627	68.2649	0.620703	2.36637
42.6898	68.2649	0.599701	2.38689
36.8222	64.0212	0.644297	2.6286
34.9506	60.8826	0.78623	2.80729
37.7936	60.8826	0.741764	2.6684
2.71986	58.144	4.16841	2.15795
4.92487	55.4838	4.22836	2.95422
5.69054	58.144	4.10732	2.70955
8.66123	58.144	3.802	2.50476
8.05963	55.2938	4.04338	2.38867
10.6893	54.7417	3.85884	2.73822
6.4478	61.0566	0.574287	2.64884
8.66123	58.144	3.802	2.50476
9.3634	60.8826	0.617726	2.66455
5.69054	58.144	4.10732	2.70955
8.05963	55.2938	4.04338	2.38867
8.66123	58.144	3.802	2.50476
1.8995	55.2938	4.23522	2.78527
4.92487	55.4838	4.22836	2.95422
2.71986	58.144	4.16841	2.15795
1.8995	55.2938	4.23522	2.78527
1.22131	52.3495	4.20209	2.72002
4.19365	52.3495	4.24379	2.94564
41.3032	65.9587	0.618885	2.41167
42.43	63.669	0.667718	3.18762
44.0204	65.9587	0.609719	3.00722
43.4796	60.8826	0.604337	2.5192
40.6366	60.8826	0.731884	2.66527
41.4664	58.5091	4.13832	2.60023
45.2338	63.4929	0.740675	2.85286
43.4796	60.8826	0.604337	2.5192
46.3226	60.8826	0.6429	2.8505
42.43	63.669	0.667718	3.18762
40.6366	60.8826	0.731884	2.66527
43.4796	60.8826	0.604337	2.5192
41.4664	58.5091	4.13832	2.60023
38.5596	58.6917	4.19773	2.79242
38.8603	55.2938	4.14263	2.2894
46.3226	60.8826	0.6429	2.8505
43.4796	60.8826	0.604337	2.5192
44.2548	57.954	4.21636	2.28816
42.43	63.669	0.667718	3.18762
39.6261	63.8451	0.578766	2.68321
40.6366	60.8826	0.731884	2.66527
44.0204	65.9587	0.609719	3.00722
42.43	63.669	0.667718	3.18762
45.2338	63.4929	0.740675	2.85286
36.8222	64.0212	0.644297	2.6286
38.586	65.9587	0.579909	2.74451
35.8688	65.9587	0.742391	3.05784
40.6366	60.8826	0.731884	2.66527
39.6261	63.8451	0.578766	2.68321
37.7936	60.8826	0.741764	2.6684
38.586	65.9587	0.579909	2.74451
37.4455	67.9354	0.59004	3.26672
35.8688	65.9587	0.742391	3.05784
41.3032	65.9587	0.618885	2.41167
38.586	65.9587	0.579909	2.74451
39.6261	63.8451	0.578766	2.68321
41.3032	65.9587	0.618885	2.41167
40.1627	68.2649	0.620703	2.36637
38.586	65.9587	0.579909	2.74451
32.2468	68.921	0.635361	2.89856
30.4344	65.9587	0.58011	2.65007
33.1516	65.9587	0.581364	2.76997
21.7285	50.6506	4.17161	2.43136
19.0553	52.3495	4.08563	2.92599
18.9224	49.3292	3.91474	2.94173
21.7462	47.598	4.01152	2.99203
21.7285	50.6506	4.17161	2.43136
18.9224	49.3292	3.91474	2.94173
15.8835	49.3292	4.17644	2.38676
18.8268	46.2515	4.17822	2.35909
18.9224	49.3292	3.91474	2.94173
22.0142	44.8882	3.94438	2.41097
25	46.2515	3.85483	2.70197
21.7462	47.598	4.01152	2.99203
24.7341	50.8393	3.94669	2.77035
22.4091	54.0056	4.07149	2.46798
21.7285	50.6506	4.17161	2.43136
26.54	55.2938	3.85208	2.42386
26.4853	58.144	4.08964	2.39351
23.0771	56.6239	4.1249	2.22111
30.9447	52.3495	3.86821	2.98671
29.6201	55.2938	4.08246	2.31637
27.9723	52.3495	4.01558	2.68288
26.4853	58.144	4.08964	2.39351
26.4215	60.8826	0.728863	3.286
24.0253	59.6046	3.86946	2.68898
29.6201	55.2938	4.08246	2.31637
26.4853	58.144	4.08964	2.39351
26.54	55.2938	3.85208	2.42386
29.6201	55.2938	4.08246	2.31637
32.1533	57.1939	3.85557	2.6002
29.839	59.2394	3.98745	2.758
17.2808	59.0298	4.01625	2.89624
20.7355	60.8826	0.685952	3.31487
17.5295	61.7527	0.623795	3.09481
23.0771	56.6239	4.1249	2.22111
20.3936	58.6582	4.21199	2.79324
20.0518	56.4338	4.26128	2.14636
23.0771	56.6239	4.1249	2.22111
24.0253	59.6046	3.86946	2.68898
20.3936	58.6582	4.21199	2.79324
39.0601	41.8598	3.96377	2.43722
37.5191	43.9145	4.21324	2.59267
37.5	40	4.06454	0.383183
40.625	40	3.85456	0.369515
39.0601	41.8598	3.96377	2.43722
37.5	40	4.06454	0.383183
40.6201	43.7197	3.95443	2.98298
37.5191	43.9145	4.21324	2.59267
39.0601	41.8598	3.96377	2.43722
40.6201	43.7197	3.95443	2.98298
40.433	46.2515	4.00032	2.70413
37.5191	43.9145	4.21324	2.59267
43.6923	43.1354	3.99457	2.75608
40.6201	43.7197	3.95443	2.98298
40.625	40	3.85456	0.369515
43.6923	43.1354	3.99457	2.75608
43.5196	46.2515	4.26439	2.89555
40.6201	43.7197	3.95443	2.98298
46.8798	40.196	3.86162	2.48295
43.6923	43.1354	3.99457	2.75608
43.75	40	4.10293	0.422035
46.8077	43.1354	4.23228	2.91955
49.6928	46.2515	4.22587	2.92649
46.6062	46.2515	4.2818	2.74305
37.5	40	4.06454	0.383183
34.399	40.9798	4.18055	2.68278
34.3221	37.8444	3.80138	0.386649
40.5769	36.8646	3.82723	0.427673
37.5	40	4.06454	0.383183
37.4615	36.8646	4.01098	0.424862
40.625	40	3.85456	0.369515
40.6201	43.7197	3.95443	2.98298
39.0601	41.8598	3.96377	2.43722
40.1224	48.7521	3.94754	2.91336
37.0597	48.5598	4.0371	2.71594
37.3464	46.2515	4.16641	2.1766
34.1165	49.3292	4.0381	2.62537
36.7564	51.5944	4.21197	2.83579
34.1289	53.2696	4.16556	2.4379
31.1732	46.2515	4.2384	2.758
34.1165	49.3292	4.0381	2.62537
31.0776	49.3292	4.18999	2.45826
28.0866	46.2515	4.19693	2.88746
31.1732	46.2515	4.2384	2.758
31.0776	49.3292	4.18999	2.45826
34.3294	43.6157	4.12672	2.91039
34.399	40.9798	4.18055	2.68278
37.5191	43.9145	4.21324	2.59267
31.1732	46.2515	4.2384	2.758
31.226	43.7137	3.97961	2.26318
34.2598	46.2515	4.07102	2.97456
31.2788	41.1758	4.04696	2.88599
34.399	40.9798	4.18055	2.68278
34.3294	43.6157	4.12672	2.91039
37.0597	48.5598	4.0371	2.71594
36.7564	51.5944	4.21197	2.83579
34.1165	49.3292	4.0381	2.62537
37.3464	46.2515	4.16641	2.1766
37.0597	48.5598	4.0371	2.71594
34.2598	46.2515	4.07102	2.97456
40.433	46.2515	4.00032	2.70413
37.3464	46.2515	4.16641	2.1766
37.5191	43.9145	4.21324	2.59267
40.433	46.2515	4.00032	2.70413
40.1224	48.7521	3.94754	2.91336
37.3464	46.2515	4.16641	2.1766
40.1224	48.7521	3.94754	2.91336
36.7564	51.5944	4.21197	2.83579
37.0597	48.5598	4.0371	2.71594
46.2717	49.3292	4.04597	2.18836
45.8487	52.5335	4.27675	2.38409
43.2329	49.3292	4.1688	2.79705
34.1165	49.3292	4.0381	2.62537
34.1289	53.2696	4.16556	2.4379
30.9447	52.3495	3.86821	2.98671
7.464	63.4929	0.638209	3.04391
8.78345	65.7825	0.596604	3.1549
5.97957	65.9587	0.61133	3.06346
6.4478	61.0566	0.574287	2.64884
7.464	63.4929	0.638209	3.04391
4.76616	63.4929	0.59667	2.72694
6.4478	61.0566	0.574287	2.64884
9.3634	60.8826	0.617726	2.66455
7.464	63.4929	0.638209	3.04391
12.3979	60.3349	0.71002	3.23696
10.1618	63.4929	0.562408	2.64545
9.3634	60.8826	0.617726	2.66455
12.8597	63.4929	0.706474	2.482
15.0494	60.8826	0.614784	2.51339
15.5575	63.4929	0.59587	3.27615
12.3644	68.2649	0.56653	2.46443
13.513	70.6966	0.650886	0.417274
11.25	70.3973	0.527454	0.396237
16.8484	65.9587	0.639982	3.17969
14.8915	68.2649	0.600981	2.83567
13.846	66.4528	0.589341	2.56023
17.4187	68.2649	0.551655	2.75925
16.25	70.3973	0.662573	0.394502
14.8915	68.2649	0.600981	2.83567
19.999	65.078	0.725026	3.143
19.0904	66.7823	0.739296	2.51796
16.8484	65.9587	0.639982	3.17969
19.193	69.7412	0.681507	2.55885
20.0967	72.3429	0.690966	0.387374
17.645	72.3429	0.656932	0.418738
9.83732	68.2649	0.645406	2.79316
8.78345	65.7825	0.596604	3.1549
11.414	65.9587	0.619004	3.30212
6.48041	46.2515	4.16077	2.48356
3.72828	49.3292	3.93358	2.19277
3.39381	46.2515	4.11082	2.2894
9.70619	49.8955	3.8803	2.26145
6.76709	49.3292	4.22789	2.9899
9.61019	45.6673	3.9699	2.30261
9.70619	49.8955	3.8803	2.26145
10.1383	52.3495	4.18648	2.51659
7.16598	52.3495	4.21773	2.2065
13.1107	52.3495	4.2435	2.50035
10.1383	52.3495	4.18648	2.51659
12.7118	50.0843	4.26874	2.659
4.19365	52.3495	4.24379	2.94564
3.72828	49.3292	3.93358	2.19277
6.76709	49.3292	4.22789	2.9899
1.8995	55.2938	4.23522	2.78527
4.19365	52.3495	4.24379	2.94564
4.92487	55.4838	4.22836	2.95422
1.22131	52.3495	4.20209	2.72002
3.72828	49.3292	3.93358	2.19277
4.19365	52.3495	4.24379	2.94564
22.2828	65.9587	0.664998	3.03328
23.0704	62.1007	0.73616	2.90706
25.6067	64.7258	0.640202	3.05222
21.8037	69.5771	0.560731	3.16633
22.2828	65.9587	0.664998	3.03328
24.3347	67.1118	0.706944	2.82792
19.999	65.078	0.725026	3.143
20.363	63.0044	0.711669	3.28704
22.2828	65.9587	0.664998	3.03328
21.8037	69.5771	0.560731	3.16633
19.193	69.7412	0.681507	2.55885
19.0904	66.7823	0.739296	2.51796
16.8484	65.9587	0.639982	3.17969
17.5295	61.7527	0.623795	3.09481
19.999	65.078	0.725026	3.143
22.2828	65.9587	0.664998	3.03328
20.363	63.0044	0.711669	3.28704
23.0704	62.1007	0.73616	2.90706
16.25	70.3973	0.662573	0.394502
15.1934	72.3429	0.550781	0.463639
13.513	70.6966	0.650886	0.417274
7.464	63.4929	0.638209	3.04391
10.1618	63.4929	0.562408	2.64545
8.78345	65.7825	0.596604	3.1549
20.0518	56.4338	4.26128	2.14636
19.0553	52.3495	4.08563	2.92599
22.4091	54.0056	4.07149	2.46798
20.3936	58.6582	4.21199	2.79324
17.2808	59.0298	4.01625	2.89624
20.0518	56.4338	4.26128	2.14636
15.0494	60.8826	0.614784	2.51339
12.8597	63.4929	0.706474	2.482
12.3979	60.3349	0.71002	3.23696
9.3634	60.8826	0.617726	2.66455
8.66123	58.144	3.802	2.50476
11.6319	58.144	4.20398	2.65448
9.70619	49.8955	3.8803	2.26145
7.16598	52.3495	4.21773	2.2065
6.76709	49.3292	4.22789	2.9899
13.1107	52.3495	4.2435	2.50035
16.083	52.3495	3.89412	2.28325
14.2198	55.2938	3.9975	2.86777
23.0771	56.6239	4.1249	2.22111
22.4091	54.0056	4.07149	2.46798
26.54	55.2938	3.85208	2.42386
20.7355	60.8826	0.685952	3.31487
20.3936	58.6582	4.21199	2.79324
24.0253	59.6046	3.86946	2.68898
20.0518	56.4338	4.26128	2.14636
22.4091	54.0056	4.07149	2.46798
23.0771	56.6239	4.1249	2.22111
20.7355	60.8826	0.685952	3.31487
17.2808	59.0298	4.01625	2.89624
20.3936	58.6582	4.21199	2.79324
17.0264	56.2438	4.08923	2.3427
19.0553	52.3495	4.08563	2.92599
20.0518	56.4338	4.26128	2.14636
6.30769	36.8646	4.0276	0.432864
6.24038	39.6081	4.0893	0.369573
3.19231	36.8646	3.80088	0.394658
9.49534	33.1714	3.95192	0.439056
9.42308	36.8646	3.76339	0.376261
6.43263	33.3637	3.77676	0.378127
6.31731	42.7435	4.25682	2.5351
3.125	40	3.80451	0.455619
6.24038	39.6081	4.0893	0.369573
9.4375	42.5475	4.26697	2.95732
12.5	40	3.82193	0.446087
12.5577	42.3516	4.24875	2.57472
6.30769	36.8646	4.0276	0.432864
9.36058	39.4121	3.71768	0.369316
6.24038	39.6081	4.0893	0.369573
9.42308	36.8646	3.76339	0.376261
12.5385	36.8646	3.8399	0.42972
9.36058	39.4121	3.71768	0.369316
15.8122	34.7222	4.07636	0.43085
12.5385	36.8646	3.8399	0.42972
12.7112	34.5275	3.83465	0.370133
9.4375	42.5475	4.26697	2.95732
12.5577	42.3516	4.24875	2.57472
9.61019	45.6673	3.9699	2.30261
6.24038	39.6081	4.0893	0.369573
9.4375	42.5475	4.26697	2.95732
6.31731	42.7435	4.25682	2.5351
9.36058	39.4121	3.71768	0.369316
12.5	40	3.82193	0.446087
9.4375	42.5475	4.26697	2.95732
15.601	39.0202	4.03557	0.378292
12.5	40	3.82193	0.446087
12.5385	36.8646	3.8399	0.42972
15.601	39.0202	4.03557	0.378292
15.6779	42.1556	3.9284	2.72865
12.5	40	3.82193	0.446087
6.48041	46.2515	4.16077	2.48356
6.76709	49.3292	4.22789	2.9899
3.72828	49.3292	3.93358	2.19277
6.31731	42.7435	4.25682	2.5351
6.48041	46.2515	4.16077	2.48356
3.39381	46.2515	4.11082	2.2894
9.61019	45.6673	3.9699	2.30261
6.76709	49.3292	4.22789	2.9899
6.48041	46.2515	4.16077	2.48356
12.7118	50.0843	4.26874	2.659
9.70619	49.8955	3.8803	2.26145
11.1799	48.0735	4.03426	2.57688
3.19711	42.9395	4.03067	2.42209
0.076922	43.1354	4.12077	2.97996
-3.10282e-28	40	3.96196	2.96306
6.31731	42.7435	4.25682	2.5351
3.19711	42.9395	4.03067	2.42209
3.125	40	3.80451	0.455619
3.39381	46.2515	4.11082	2.2894
0.307214	46.2515	3.8489	2.55479
3.19711	42.9395	4.03067	2.42209
45.0204	55.2938	4.22728	2.37113
41.9404	55.2938	4.19498	2.19586
42.834	52.3495	4.22557	2.20327
48.1005	55.2938	4.12374	2.45597
45.0204	55.2938	4.22728	2.37113
45.8487	52.5335	4.27675	2.38409
44.2548	57.954	4.21636	2.28816
41.9404	55.2938	4.19498	2.19586
45.0204	55.2938	4.22728	2.37113
46.3226	60.8826	0.6429	2.8505
44.2548	57.954	4.21636	2.28816
47.2801	58.144	4.21195	2.93217
41.4664	58.5091	4.13832	2.60023
38.8603	55.2938	4.14263	2.2894
41.9404	55.2938	4.19498	2.19586
27.9723	52.3495	4.01558	2.68288
28.0388	49.3292	4.22721	2.47067
30.9447	52.3495	3.86821	2.98671
19.0553	52.3495	4.08563	2.92599
21.7285	50.6506	4.17161	2.43136
22.4091	54.0056	4.07149	2.46798
25	46.2515	3.85483	2.70197
28.0388	49.3292	4.22721	2.47067
24.7341	50.8393	3.94669	2.77035
21.7285	50.6506	4.17161	2.43136
21.7462	47.598	4.01152	2.99203
24.7341	50.8393	3.94669	2.77035
15.6779	42.1556	3.9284	2.72865
17.2523	44.2036	3.82867	2.32676
14.1489	44.3016	4.25186	2.63157
22.0142	44.8882	3.94438	2.41097
18.8268	46.2515	4.17822	2.35909
18.7981	41.9596	4.12217	2.55283
15.8835	49.3292	4.17644	2.38676
12.6536	46.2515	4.20703	2.11804
15.7402	46.2515	4.25239	2.34658
17.0264	56.2438	4.08923	2.3427
16.083	52.3495	3.89412	2.28325
19.0553	52.3495	4.08563	2.92599
4.19365	52.3495	4.24379	2.94564
7.16598	52.3495	4.21773	2.2065
4.92487	55.4838	4.22836	2.95422
21.9183	41.7637	4.19551	2.91412
25	43.1354	4.24913	2.26118
22.0142	44.8882	3.94438	2.41097
28.125	40	3.83356	0.439748
25	40	3.86474	0.386719
28.1154	36.8646	4.1628	0.419057
25	30.6708	3.85618	0.435129
25.1151	35.3065	3.9289	0.426043
21.9134	33.7485	3.97493	0.425798
31.3171	35.696	4.01206	0.436063
28.0866	33.7485	4.16805	0.420107
30.9343	31.8249	3.85172	0.369075
28.1154	36.8646	4.1628	0.419057
25.1151	35.3065	3.9289	0.426043
28.0866	33.7485	4.16805	0.420107
33.7508	28.5944	3.80581	0.408564
37.1553	30.6708	3.70403	0.43451
33.997	31.6326	3.85499	0.362419
21.8846	36.8646	4.15188	0.374732
21.9014	39.3141	3.7437	0.446465
18.7212	38.8242	3.92477	0.396285
28.1154	36.8646	4.1628	0.419057
25	40	3.86474	0.386719
25.1151	35.3065	3.9289	0.426043
28.125	40	3.83356	0.439748
28.1154	43.1354	4.29422	2.99188
25	40	3.86474	0.386719
3.72828	49.3292	3.93358	2.19277
1.22131	52.3495	4.20209	2.72002
0.68946	49.3292	4.22451	2.62806
0.307214	46.2515	3.8489	2.55479
3.39381	46.2515	4.11082	2.2894
0.68946	49.3292	4.22451	2.62806
11.1799	48.0735	4.03426	2.57688
12.6536	46.2515	4.20703	2.11804
12.7118	50.0843	4.26874	2.659
9.61019	45.6673	3.9699	2.30261
11.1799	48.0735	4.03426	2.57688
9.70619	49.8955	3.8803	2.26145
9.61019	45.6673	3.9699	2.30261
12.6536	46.2515	4.20703	2.11804
11.1799	48.0735	4.03426	2.57688
31.3817	62.6228	0.689555	3.29224
34.1521	62.7968	0.630477	3.17489
33.1516	65.9587	0.581364	2.76997
26.9568	67.2765	0.738827	2.55627
28.4106	64.5496	0.607879	2.56656
30.4344	65.9587	0.58011	2.65007
29.839	59.2394	3.98745	2.758
33.5519	59.0383	4.02273	2.71246
31.3817	62.6228	0.689555	3.29224
28.6113	62.4488	0.604454	2.59296
29.839	59.2394	3.98745	2.758
31.3817	62.6228	0.689555	3.29224
20.7355	60.8826	0.685952	3.31487
24.0253	59.6046	3.86946	2.68898
23.0704	62.1007	0.73616	2.90706
25.6371	53.0665	3.89114	2.81627
24.7341	50.8393	3.94669	2.77035
27.9723	52.3495	4.01558	2.68288
22.4091	54.0056	4.07149	2.46798
25.6371	53.0665	3.89114	2.81627
26.54	55.2938	3.85208	2.42386
22.4091	54.0056	4.07149	2.46798
24.7341	50.8393	3.94669	2.77035
25.6371	53.0665	3.89114	2.81627
29.6201	55.2938	4.08246	2.31637
31.8745	54.2817	3.94959	2.81765
32.1533	57.1939	3.85557	2.6002
34.2598	46.2515	4.07102	2.97456
34.3294	43.6157	4.12672	2.91039
37.3464	46.2515	4.16641	2.1766
31.1732	46.2515	4.2384	2.758
34.2598	46.2515	4.07102	2.97456
34.1165	49.3292	4.0381	2.62537
34.2598	46.2515	4.07102	2.97456
31.226	43.7137	3.97961	2.26318
34.3294	43.6157	4.12672	2.91039
35.6527	58.8743	4.23621	2.15925
38.5596	58.6917	4.19773	2.79242
37.7936	60.8826	0.741764	2.6684
33.5519	59.0383	4.02273	2.71246
35.6527	58.8743	4.23621	2.15925
34.9506	60.8826	0.78623	2.80729
35.7802	55.2938	4.01774	2.52193
38.5596	58.6917	4.19773	2.79242
35.6527	58.8743	4.23621	2.15925
42.43	63.669	0.667718	3.18762
43.4796	60.8826	0.604337	2.5192
45.2338	63.4929	0.740675	2.85286
6.48041	46.2515	4.16077	2.48356
6.31731	42.7435	4.25682	2.5351
9.61019	45.6673	3.9699	2.30261
0.68946	49.3292	4.22451	2.62806
3.39381	46.2515	4.11082	2.2894
3.72828	49.3292	3.93358	2.19277
0.307214	46.2515	3.8489	2.55479
0.076922	43.1354	4.12077	2.97996
3.19711	42.9395	4.03067	2.42209
6.4478	61.0566	0.574287	2.64884
4.76616	63.4929	0.59667	2.72694
3.67737	60.8826	0.729952	3.04975
5.69054	58.144	4.10732	2.70955
6.4478	61.0566	0.574287	2.64884
3.67737	60.8826	0.729952	3.04975
9.3634	60.8826	0.617726	2.66455
10.1618	63.4929	0.562408	2.64545
7.464	63.4929	0.638209	3.04391
14.6026	58.144	4.09623	2.8829
15.0494	60.8826	0.614784	2.51339
12.3979	60.3349	0.71002	3.23696
14.2198	55.2938	3.9975	2.86777
14.6026	58.144	4.09623	2.8829
11.6319	58.144	4.20398	2.65448
14.2198	55.2938	3.9975	2.86777
17.0264	56.2438	4.08923	2.3427
14.6026	58.144	4.09623	2.8829
7.464	63.4929	0.638209	3.04391
5.97957	65.9587	0.61133	3.06346
4.76616	63.4929	0.59667	2.72694
11.414	65.9587	0.619004	3.30212
13.846	66.4528	0.589341	2.56023
12.3644	68.2649	0.56653	2.46443
10.1618	63.4929	0.562408	2.64545
11.414	65.9587	0.619004	3.30212
8.78345	65.7825	0.596604	3.1549
12.8597	63.4929	0.706474	2.482
15.5575	63.4929	0.59587	3.27615
13.846	66.4528	0.589341	2.56023
10.1618	63.4929	0.562408	2.64545
12.8597	63.4929	0.706474	2.482
11.414	65.9587	0.619004	3.30212
10.1618	63.4929	0.562408	2.64545
12.3979	60.3349	0.71002	3.23696
12.8597	63.4929	0.706474	2.482
9.83732	68.2649	0.645406	2.79316
7.31021	68.2649	0.611081	2.73343
8.78345	65.7825	0.596604	3.1549
31.8745	54.2817	3.94959	2.81765
30.9447	52.3495	3.86821	2.98671
34.1289	53.2696	4.16556	2.4379
35.7802	55.2938	4.01774	2.52193
31.8745	54.2817	3.94959	2.81765
34.1289	53.2696	4.16556	2.4379
29.6201	55.2938	4.08246	2.31637
30.9447	52.3495	3.86821	2.98671
31.8745	54.2817	3.94959	2.81765
29.839	59.2394	3.98745	2.758
26.4853	58.144	4.08964	2.39351
29.6201	55.2938	4.08246	2.31637
33.5519	59.0383	4.02273	2.71246
29.839	59.2394	3.98745	2.758
32.1533	57.1939	3.85557	2.6002
35.7802	55.2938	4.01774	2.52193
33.5519	59.0383	4.02273	2.71246
32.1533	57.1939	3.85557	2.6002
34.9506	60.8826	0.78623	2.80729
31.3817	62.6228	0.689555	3.29224
33.5519	59.0383	4.02273	2.71246
28.6113	62.4488	0.604454	2.59296
26.4215	60.8826	0.728863	3.286
29.839	59.2394	3.98745	2.758
26.54	55.2938	3.85208	2.42386
27.9723	52.3495	4.01558	2.68288
29.6201	55.2938	4.08246	2.31637
25.6371	53.0665	3.89114	2.81627
27.9723	52.3495	4.01558	2.68288
26.54	55.2938	3.85208	2.42386
24.7341	50.8393	3.94669	2.77035
28.0388	49.3292	4.22721	2.47067
27.9723	52.3495	4.01558	2.68288
22.5483	72.3429	0.680318	0.427001
23.75	70.3973	0.622963	0.397301
25	72.3429	0.610146	0.418676
23.0327	74.7883	0.55529	0.384647
22.5483	72.3429	0.680318	0.427001
25	72.3429	0.610146	0.418676
21.4331	74.0896	0.520377	0.460658
19.0551	74.0896	0.574786	0.417503
20.0967	72.3429	0.690966	0.387374
19.0904	66.7823	0.739296	2.51796
22.2828	65.9587	0.664998	3.03328
21.8037	69.5771	0.560731	3.16633
24.3347	67.1118	0.706944	2.82792
23.75	70.3973	0.622963	0.397301
21.8037	69.5771	0.560731	3.16633
27.0253	69.2491	0.553798	2.78732
30.0542	68.2649	0.567358	3.26831
28.75	70.3973	0.563099	0.460326
25.6067	64.7258	0.640202	3.05222
28.4106	64.5496	0.607879	2.56656
26.9568	67.2765	0.738827	2.55627
22.2828	65.9587	0.664998	3.03328
25.6067	64.7258	0.640202	3.05222
24.3347	67.1118	0.706944	2.82792
23.0704	62.1007	0.73616	2.90706
26.4215	60.8826	0.728863	3.286
25.6067	64.7258	0.640202	3.05222
30.4344	65.9587	0.58011	2.65007
30.0542	68.2649	0.567358	3.26831
26.9568	67.2765	0.738827	2.55627
28.6113	62.4488	0.604454	2.59296
31.3817	62.6228	0.689555	3.29224
28.4106	64.5496	0.607879	2.56656
25.6067	64.7258	0.640202	3.05222
28.6113	62.4488	0.604454	2.59296
28.4106	64.5496	0.607879	2.56656
26.4215	60.8826	0.728863	3.286
26.4853	58.144	4.08964	2.39351
29.839	59.2394	3.98745	2.758
25.6067	64.7258	0.640202	3.05222
26.4215	60.8826	0.728863	3.286
28.6113	62.4488	0.604454	2.59296
24.0253	59.6046	3.86946	2.68898
23.0771	56.6239	4.1249	2.22111
26.4853	58.144	4.08964	2.39351
33.1516	65.9587	0.581364	2.76997
34.8233	67.7707	0.558345	2.99785
32.2468	68.921	0.635361	2.89856
31.3817	62.6228	0.689555	3.29224
33.1516	65.9587	0.581364	2.76997
30.4344	65.9587	0.58011	2.65007
34.1521	62.7968	0.630477	3.17489
35.8688	65.9587	0.742391	3.05784
33.1516	65.9587	0.581364	2.76997
32.355	72.3429	0.710909	0.43595
33.75	70.3973	0.59677	0.414647
34.8066	72.3429	0.57333	0.430553
29.3832	76.0659	0.710086	0.41227
28.5669	74.0896	0.563616	0.407833
30.9297	73.8705	0.649006	0.421596
31.0572	70.658	0.54139	0.475539
33.75	70.3973	0.59677	0.414647
32.355	72.3429	0.710909	0.43595
29.9033	72.3429	0.604816	0.40236
31.0572	70.658	0.54139	0.475539
32.355	72.3429	0.710909	0.43595
28.4106	64.5496	0.607879	2.56656
31.3817	62.6228	0.689555	3.29224
30.4344	65.9587	0.58011	2.65007
24.3347	67.1118	0.706944	2.82792
25.6067	64.7258	0.640202	3.05222
26.9568	67.2765	0.738827	2.55627
23.0704	62.1007	0.73616	2.90706
24.0253	59.6046	3.86946	2.68898
26.4215	60.8826	0.728863	3.286
30.4344	65.9587	0.58011	2.65007
32.2468	68.921	0.635361	2.89856
30.0542	68.2649	0.567358	3.26831
34.8233	67.7707	0.558345	2.99785
33.75	70.3973	0.59677	0.414647
32.2468	68.921	0.635361	2.89856
43.2329	49.3292	4.1688	2.79705
40.1224	48.7521	3.94754	2.91336
40.433	46.2515	4.00032	2.70413
48.7787	52.3495	4.15954	2.17664
45.8487	52.5335	4.27675	2.38409
46.2717	49.3292	4.04597	2.18836
42.834	52.3495	4.22557	2.20327
40.1224	48.7521	3.94754	2.91336
43.2329	49.3292	4.1688	2.79705
47.2801	58.144	4.21195	2.93217
44.2548	57.954	4.21636	2.28816
45.0204	55.2938	4.22728	2.37113
38.8603	55.2938	4.14263	2.2894
35.7802	55.2938	4.01774	2.52193
36.7564	51.5944	4.21197	2.83579
41.9404	55.2938	4.19498	2.19586
38.8603	55.2938	4.14263	2.2894
39.8617	52.3495	4.13421	2.32305
45.8487	52.5335	4.27675	2.38409
45.0204	55.2938	4.22728	2.37113
42.834	52.3495	4.22557	2.20327
41.4664	58.5091	4.13832	2.60023
40.6366	60.8826	0.731884	2.66527
38.5596	58.6917	4.19773	2.79242
44.2548	57.954	4.21636	2.28816
41.4664	58.5091	4.13832	2.60023
41.9404	55.2938	4.19498	2.19586
44.2548	57.954	4.21636	2.28816
43.4796	60.8826	0.604337	2.5192
41.4664	58.5091	4.13832	2.60023
38.5596	58.6917	4.19773	2.79242
35.7802	55.2938	4.01774	2.52193
38.8603	55.2938	4.14263	2.2894
6.31731	42.7435	4.25682	2.5351
3.39381	46.2515	4.11082	2.2894
3.19711	42.9395	4.03067	2.42209
45.8487	52.5335	4.27675	2.38409
42.834	52.3495	4.22557	2.20327
43.2329	49.3292	4.1688	2.79705
48.1005	55.2938	4.12374	2.45597
45.8487	52.5335	4.27675	2.38409
48.7787	52.3495	4.15954	2.17664
48.1005	55.2938	4.12374	2.45597
47.2801	58.144	4.21195	2.93217
45.0204	55.2938	4.22728	2.37113
37.7936	60.8826	0.741764	2.6684
38.5596	58.6917	4.19773	2.79242
40.6366	60.8826	0.731884	2.66527
41.3032	65.9587	0.618885	2.41167
39.6261	63.8451	0.578766	2.68321
42.43	63.669	0.667718	3.18762
34.9506	60.8826	0.78623	2.80729
35.6527	58.8743	4.23621	2.15925
37.7936	60.8826	0.741764	2.6684
31.3817	62.6228	0.689555	3.29224
34.9506	60.8826	0.78623	2.80729
34.1521	62.7968	0.630477	3.17489
33.5519	59.0383	4.02273	2.71246
35.7802	55.2938	4.01774	2.52193
35.6527	58.8743	4.23621	2.15925
31.8745	54.2817	3.94959	2.81765
35.7802	55.2938	4.01774	2.52193
32.1533	57.1939	3.85557	2.6002
34.1165	49.3292	4.0381	2.62537
34.2598	46.2515	4.07102	2.97456
37.0597	48.5598	4.0371	2.71594
28.0388	49.3292	4.22721	2.47067
31.0776	49.3292	4.18999	2.45826
30.9447	52.3495	3.86821	2.98671
28.0388	49.3292	4.22721	2.47067
25	46.2515	3.85483	2.70197
28.0866	46.2515	4.19693	2.88746
36.7564	51.5944	4.21197	2.83579
35.7802	55.2938	4.01774	2.52193
34.1289	53.2696	4.16556	2.4379
30.9447	52.3495	3.86821	2.98671
31.0776	49.3292	4.18999	2.45826
34.1165	49.3292	4.0381	2.62537
40.1224	48.7521	3.94754	2.91336
42.834	52.3495	4.22557	2.20327
39.8617	52.3495	4.13421	2.32305
39.8617	52.3495	4.13421	2.32305
42.834	52.3495	4.22557	2.20327
41.9404	55.2938	4.19498	2.19586
36.7564	51.5944	4.21197	2.83579
39.8617	52.3495	4.13421	2.32305
38.8603	55.2938	4.14263	2.2894
36.7564	51.5944	4.21197	2.83579
40.1224	48.7521	3.94754	2.91336
39.8617	52.3495	4.13421	2.32305
18.9224	49.3292	3.91474	2.94173
19.0553	52.3495	4.08563	2.92599
16.083	52.3495	3.89412	2.28325
15.7402	46.2515	4.25239	2.34658
18.8268	46.2515	4.17822	2.35909
15.8835	49.3292	4.17644	2.38676
21.7462	47.598	4.01152	2.99203
25	46.2515	3.85483	2.70197
24.7341	50.8393	3.94669	2.77035
22.0108	14.5924	3.92065	0.425983
19.9458	11.7351	3.66217	0.41481
23.0432	12.7235	4.02006	0.368347
17.645	7.6571	0.536951	0.44145
18.75	9.60269	0.68094	0.388948
16.5822	10.0948	3.97582	0.375929
14.9215	7.36598	0.691036	0.424715
17.645	7.6571	0.536951	0.44145
16.5822	10.0948	3.97582	0.375929
16.6772	5.91038	0.579428	0.383657
19.0551	5.91038	0.544968	0.468993
17.645	7.6571	0.536951	0.44145
20.0967	7.6571	0.575741	0.430344
21.25	9.60269	0.585299	0.454631
18.75	9.60269	0.68094	0.388948
17.645	7.6571	0.536951	0.44145
19.0551	5.91038	0.544968	0.468993
20.0967	7.6571	0.575741	0.430344
24.1844	6.78374	0.577401	0.403472
26.189	5.91038	0.623195	0.417856
25.4207	8.55507	0.582516	0.400142
28.5669	5.91038	0.718565	0.443033
31.8199	4.37335	0.553856	0.461668
31.1316	6.34706	0.606501	0.466215
26.9661	0.123895	0.629151	0.449749
28.4094	2.238	0.683471	0.429849
26.0648	3.0556	0.598708	0.381638
28.9198	0.494728	0.680477	0.441047
30.8485	1.10996	0.629055	0.45092
28.4094	2.238	0.683471	0.429849
31.25	9.60269	0.68317	0.428619
33.75	9.60269	0.725582	0.378006
32.5813	11.7351	4.06346	0.387811
30.9096	13.2177	3.8991	0.404317
29.636	10.915	3.99601	0.407948
32.5813	11.7351	4.06346	0.387811
32.355	7.6571	0.692988	0.403649
33.4473	6.2015	0.699821	0.442371
34.9468	7.95642	0.705851	0.440632
29.9033	7.6571	0.593025	0.40577
32.355	7.6571	0.692988	0.403649
31.25	9.60269	0.68317	0.428619
31.1316	6.34706	0.606501	0.466215
31.8199	4.37335	0.553856	0.461668
33.4473	6.2015	0.699821	0.442371
29.9033	7.6571	0.593025	0.40577
31.1316	6.34706	0.606501	0.466215
32.355	7.6571	0.692988	0.403649
29.9033	7.6571	0.593025	0.40577
28.5669	5.91038	0.718565	0.443033
31.1316	6.34706	0.606501	0.466215
28.5669	5.91038	0.718565	0.443033
29.9033	7.6571	0.593025	0.40577
27.8022	8.40541	0.712968	0.387315
25	4.37335	0.526634	0.422622
27.2733	4.37335	0.641704	0.428883
26.189	5.91038	0.623195	0.417856
27.2733	4.37335	0.641704	0.428883
30.3241	3.0556	0.600102	0.428362
28.5669	5.91038	0.718565	0.443033
31.1316	6.34706	0.606501	0.466215
33.4473	6.2015	0.699821	0.442371
32.355	7.6571	0.692988	0.403649
27.2733	4.37335	0.641704	0.428883
28.4094	2.238	0.683471	0.429849
30.3241	3.0556	0.600102	0.428362
26.189	5.91038	0.623195	0.417856
27.2733	4.37335	0.641704	0.428883
28.5669	5.91038	0.718565	0.443033
26.0648	3.0556	0.598708	0.381638
28.4094	2.238	0.683471	0.429849
27.2733	4.37335	0.641704	0.428883
29.636	10.915	3.99601	0.407948
29.9033	7.6571	0.593025	0.40577
31.25	9.60269	0.68317	0.428619
25.4207	8.55507	0.582516	0.400142
27.8022	8.40541	0.712968	0.387315
27.0253	10.7509	3.80534	0.362787
25.4207	8.55507	0.582516	0.400142
26.189	5.91038	0.623195	0.417856
27.8022	8.40541	0.712968	0.387315
26.3489	16.5071	3.73491	0.363719
24.3933	15.2742	3.72295	0.384705
25.6653	12.8882	4.01334	0.402253
30.3241	3.0556	0.600102	0.428362
31.8199	4.37335	0.553856	0.461668
28.5669	5.91038	0.718565	0.443033
30.8485	1.10996	0.629055	0.45092
30.3241	3.0556	0.600102	0.428362
28.4094	2.238	0.683471	0.429849
30.8485	1.10996	0.629055	0.45092
32.7403	1.96546	0.611308	0.380984
30.3241	3.0556	0.600102	0.428362
30.3241	3.0556	0.600102	0.428362
32.7403	1.96546	0.611308	0.380984
31.8199	4.37335	0.553856	0.461668
23.9352	3.0556	0.654268	0.469728
25	4.37335	0.526634	0.422622
22.7267	4.37335	0.666518	0.396824
26.9661	0.123895	0.629151	0.449749
26.0648	3.0556	0.598708	0.381638
25.0248	1.47661	0.526328	0.41261
26.9661	0.123895	0.629151	0.449749
28.9198	0.494728	0.680477	0.441047
28.4094	2.238	0.683471	0.429849
25.0248	1.47661	0.526328	0.41261
25	-8.70219e-28	0.616434	0.458559
26.9661	0.123895	0.629151	0.449749
23.9352	3.0556	0.654268	0.469728
25.0248	1.47661	0.526328	0.41261
26.0648	3.0556	0.598708	0.381638
23.9352	3.0556	0.654268	0.469728
23.0835	1.59882	0.607903	0.472354
25.0248	1.47661	0.526328	0.41261
32.7403	1.96546	0.611308	0.380984
34.5833	3.0556	0.527094	0.44909
31.8199	4.37335	0.553856	0.461668
25	4.37335	0.526634	0.422622
26.0648	3.0556	0.598708	0.381638
27.2733	4.37335	0.641704	0.428883
24.1844	6.78374	0.577401	0.403472
25	4.37335	0.526634	0.422622
26.189	5.91038	0.623195	0.417856
23.9352	3.0556	0.654268	0.469728
26.0648	3.0556	0.598708	0.381638
25	4.37335	0.526634	0.422622
21.913	2.6468	0.546884	0.476716
23.9352	3.0556	0.654268	0.469728
22.7267	4.37335	0.666518	0.396824
23.0835	1.59882	0.607903	0.472354
23.0339	0.123895	0.622483	0.417124
25.0248	1.47661	0.526328	0.41261
21.913	2.6468	0.546884	0.476716
23.0835	1.59882	0.607903	0.472354
23.9352	3.0556	0.654268	0.469728
21.4331	5.91038	0.585502	0.392356
20.4534	4.37335	0.65171	0.393579
22.7267	4.37335	0.666518	0.396824
19.7476	2.78306	0.678771	0.403504
21.0802	0.494728	0.531309	0.424465
21.913	2.6468	0.546884	0.476716
23.0339	0.123895	0.622483	0.417124
25	-8.70219e-28	0.616434	0.458559
25.0248	1.47661	0.526328	0.41261
33.4473	6.2015	0.699821	0.442371
34.5833	3.0556	0.527094	0.44909
35.7008	5.91038	0.530638	0.423948
36.3664	4.37335	0.537447	0.405474
35.7008	5.91038	0.530638	0.423948
34.5833	3.0556	0.527094	0.44909
23.5785	19.1174	4.15773	0.396501
26.3489	16.5071	3.73491	0.363719
26.4215	19.1174	4.04576	0.363313
23.0771	23.3761	4.07208	0.363032
25.3391	26.1784	3.77173	0.368469
22.0277	27.6505	4.05937	0.375313
29.636	10.915	3.99601	0.407948
27.8022	8.40541	0.712968	0.387315
29.9033	7.6571	0.593025	0.40577
29.636	10.915	3.99601	0.407948
27.0253	10.7509	3.80534	0.362787
27.8022	8.40541	0.712968	0.387315
32.5813	11.7351	4.06346	0.387811
29.636	10.915	3.99601	0.407948
31.25	9.60269	0.68317	0.428619
28.2875	13.053	3.71209	0.419222
27.0253	10.7509	3.80534	0.362787
29.636	10.915	3.99601	0.407948
23.0432	12.7235	4.02006	0.368347
25.6653	12.8882	4.01334	0.402253
24.3933	15.2742	3.72295	0.384705
24.4145	10.5869	3.98718	0.395152
25.4207	8.55507	0.582516	0.400142
27.0253	10.7509	3.80534	0.362787
23.0432	12.7235	4.02006	0.368347
24.4145	10.5869	3.98718	0.395152
25.6653	12.8882	4.01334	0.402253
23.0432	12.7235	4.02006	0.368347
21.25	9.60269	0.585299	0.454631
24.4145	10.5869	3.98718	0.395152
24.1844	6.78374	0.577401	0.403472
22.5483	7.6571	0.625863	0.458506
21.4331	5.91038	0.585502	0.392356
25	4.37335	0.526634	0.422622
24.1844	6.78374	0.577401	0.403472
22.7267	4.37335	0.666518	0.396824
25.4207	8.55507	0.582516	0.400142
24.4145	10.5869	3.98718	0.395152
22.5483	7.6571	0.625863	0.458506
24.4145	10.5869	3.98718	0.395152
21.25	9.60269	0.585299	0.454631
22.5483	7.6571	0.625863	0.458506
19.5656	14.0413	4.01638	0.389969
20.9532	16.5071	3.81021	0.388954
18.2554	16.5071	3.84066	0.414499
19.9458	11.7351	3.66217	0.41481
19.5656	14.0413	4.01638	0.389969
17.7988	12.3941	3.93451	0.42822
18.75	9.60269	0.68094	0.388948
19.9458	11.7351	3.66217	0.41481
17.7988	12.3941	3.93451	0.42822
21.25	9.60269	0.585299	0.454631
23.0432	12.7235	4.02006	0.368347
19.9458	11.7351	3.66217	0.41481
22.0108	14.5924	3.92065	0.425983
20.9532	16.5071	3.81021	0.388954
19.5656	14.0413	4.01638	0.389969
19.9458	11.7351	3.66217	0.41481
22.0108	14.5924	3.92065	0.425983
19.5656	14.0413	4.01638	0.389969
23.0432	12.7235	4.02006	0.368347
24.3933	15.2742	3.72295	0.384705
22.0108	14.5924	3.92065	0.425983
17.7548	18.7251	3.65718	0.375452
20.7355	19.1174	4.01501	0.394339
17.2541	20.9431	4.11565	0.406284
16.8484	14.0413	4.01475	0.431244
18.2554	16.5071	3.84066	0.414499
15.9817	15.8026	4.03137	0.397244
20.9532	16.5071	3.81021	0.388954
20.7355	19.1174	4.01501	0.394339
18.2554	16.5071	3.84066	0.414499
14.9215	7.36598	0.691036	0.424715
16.5822	10.0948	3.97582	0.375929
13.513	9.30337	0.741399	0.438255
12.6058	7.51154	0.560044	0.396376
14.9215	7.36598	0.691036	0.424715
13.513	9.30337	0.741399	0.438255
13.6336	4.37335	0.706837	0.402374
15.4167	3.0556	0.652664	0.473371
16.6772	5.91038	0.579428	0.383657
19.7476	2.78306	0.678771	0.403504
19.1515	1.10996	0.620119	0.396532
21.0802	0.494728	0.531309	0.424465
20.4534	4.37335	0.65171	0.393579
19.0551	5.91038	0.544968	0.468993
18.1801	4.37335	0.633727	0.403889
21.913	2.6468	0.546884	0.476716
20.4534	4.37335	0.65171	0.393579
19.7476	2.78306	0.678771	0.403504
21.4331	5.91038	0.585502	0.392356
19.0551	5.91038	0.544968	0.468993
20.4534	4.37335	0.65171	0.393579
24.1844	6.78374	0.577401	0.403472
21.4331	5.91038	0.585502	0.392356
22.7267	4.37335	0.666518	0.396824
20.0967	7.6571	0.575741	0.430344
19.0551	5.91038	0.544968	0.468993
21.4331	5.91038	0.585502	0.392356
20.4534	4.37335	0.65171	0.393579
18.1801	4.37335	0.633727	0.403889
19.7476	2.78306	0.678771	0.403504
23.0835	1.59882	0.607903	0.472354
21.0802	0.494728	0.531309	0.424465
23.0339	0.123895	0.622483	0.417124
27.8022	8.40541	0.712968	0.387315
26.189	5.91038	0.623195	0.417856
28.5669	5.91038	0.718565	0.443033
25.6653	12.8882	4.01334	0.402253
24.4145	10.5869	3.98718	0.395152
27.0253	10.7509	3.80534	0.362787
22.5483	7.6571	0.625863	0.458506
20.0967	7.6571	0.575741	0.430344
21.4331	5.91038	0.585502	0.392356
25.4207	8.55507	0.582516	0.400142
22.5483	7.6571	0.625863	0.458506
24.1844	6.78374	0.577401	0.403472
21.25	9.60269	0.585299	0.454631
20.0967	7.6571	0.575741	0.430344
22.5483	7.6571	0.625863	0.458506
14.9215	7.36598	0.691036	0.424715
16.6772	5.91038	0.579428	0.383657
17.645	7.6571	0.536951	0.44145
21.913	2.6468	0.546884	0.476716
21.0802	0.494728	0.531309	0.424465
23.0835	1.59882	0.607903	0.472354
37.3284	7.80676	0.561567	0.464639
38.0788	5.91038	0.619379	0.38627
39.7099	7.6571	0.65961	0.409869
33.4473	6.2015	0.699821	0.442371
35.7008	5.91038	0.530638	0.423948
34.9468	7.95642	0.705851	0.440632
33.75	9.60269	0.725582	0.378006
32.355	7.6571	0.692988	0.403649
34.9468	7.95642	0.705851	0.440632
31.8199	4.37335	0.553856	0.461668
34.5833	3.0556	0.527094	0.44909
33.4473	6.2015	0.699821	0.442371
36.3664	4.37335	0.537447	0.405474
38.0788	5.91038	0.619379	0.38627
35.7008	5.91038	0.530638	0.423948
19.7476	2.78306	0.678771	0.403504
17.2597	1.96546	0.592171	0.423952
19.1515	1.10996	0.620119	0.396532
18.1801	4.37335	0.633727	0.403889
16.6772	5.91038	0.579428	0.383657
15.4167	3.0556	0.652664	0.473371
19.7476	2.78306	0.678771	0.403504
18.1801	4.37335	0.633727	0.403889
17.2597	1.96546	0.592171	0.423952
19.0551	5.91038	0.544968	0.468993
16.6772	5.91038	0.579428	0.383657
18.1801	4.37335	0.633727	0.403889
21.913	2.6468	0.546884	0.476716
22.7267	4.37335	0.666518	0.396824
20.4534	4.37335	0.65171	0.393579
20.0967	7.6571	0.575741	0.430344
18.75	9.60269	0.68094	0.388948
17.645	7.6571	0.536951	0.44145
14.9215	7.36598	0.691036	0.424715
13.6336	4.37335	0.706837	0.402374
16.6772	5.91038	0.579428	0.383657
32.355	7.6571	0.692988	0.403649
33.75	9.60269	0.725582	0.378006
31.25	9.60269	0.68317	0.428619
38.0788	5.91038	0.619379	0.38627
37.3284	7.80676	0.561567	0.464639
35.7008	5.91038	0.530638	0.423948
38.75	9.60269	0.653305	0.443682
41.25	9.60269	0.642689	0.468524
40.1627	11.7351	3.83365	0.368268
36.25	9.60269	0.676721	0.406232
38.75	9.60269	0.653305	0.443682
37.4683	11.4071	4.03146	0.390618
39.7099	7.6571	0.65961	0.409869
41.25	9.60269	0.642689	0.468524
38.75	9.60269	0.653305	0.443682
15.4167	3.0556	0.652664	0.473371
17.2597	1.96546	0.592171	0.423952
18.1801	4.37335	0.633727	0.403889
44.0204	14.0413	3.85607	0.414178
41.2166	14.2175	3.75102	0.379732
42.6898	11.7351	3.94697	0.431449
14.9215	7.36598	0.691036	0.424715
12.6058	7.51154	0.560044	0.396376
13.6336	4.37335	0.706837	0.402374
15.1767	12.2293	3.88952	0.437516
12.5545	12.0646	3.98178	0.386832
13.513	9.30337	0.741399	0.438255
16.5822	10.0948	3.97582	0.375929
17.7988	12.3941	3.93451	0.42822
15.1767	12.2293	3.88952	0.437516
14.1312	14.0413	3.82528	0.401241
12.5545	12.0646	3.98178	0.386832
15.1767	12.2293	3.88952	0.437516
15.9817	15.8026	4.03137	0.397244
14.7591	18.4213	4.0237	0.391835
13.1778	15.9788	3.79247	0.425316
16.5822	10.0948	3.97582	0.375929
18.75	9.60269	0.68094	0.388948
17.7988	12.3941	3.93451	0.42822
22.0108	14.5924	3.92065	0.425983
24.3933	15.2742	3.72295	0.384705
20.9532	16.5071	3.81021	0.388954
11.4404	21.3083	3.76362	0.413803
12.2064	19.1174	3.91081	0.373356
14.6026	21.856	4.04568	0.391814
8.66123	21.856	3.79212	0.405419
11.4404	21.3083	3.76362	0.413803
10.9756	24.1362	3.99989	0.428834
8.66123	21.856	3.79212	0.405419
9.3634	19.1174	3.67474	0.413107
11.4404	21.3083	3.76362	0.413803
6.52038	19.1174	4.10369	0.431286
7.464	16.5071	4.0347	0.436027
9.3634	19.1174	3.67474	0.413107
3.67737	19.1174	4.02184	0.428698
6.52038	19.1174	4.10369	0.431286
5.62671	21.6734	3.77541	0.388359
3.67737	19.1174	4.02184	0.428698
4.76616	16.5071	3.76915	0.413873
6.52038	19.1174	4.10369	0.431286
10.1618	16.5071	3.90643	0.377139
12.2064	19.1174	3.91081	0.373356
9.3634	19.1174	3.67474	0.413107
5.97957	14.0413	4.11593	0.388635
8.69678	14.0413	4.16205	0.420852
7.464	16.5071	4.0347	0.436027
11.414	14.0413	4.07478	0.421638
13.1778	15.9788	3.79247	0.425316
10.1618	16.5071	3.90643	0.377139
15.1767	12.2293	3.88952	0.437516
16.8484	14.0413	4.01475	0.431244
14.1312	14.0413	3.82528	0.401241
6.52038	19.1174	4.10369	0.431286
9.3634	19.1174	3.67474	0.413107
8.66123	21.856	3.79212	0.405419
14.7591	18.4213	4.0237	0.391835
12.2064	19.1174	3.91081	0.373356
13.1778	15.9788	3.79247	0.425316
14.7591	18.4213	4.0237	0.391835
14.6026	21.856	4.04568	0.391814
12.2064	19.1174	3.91081	0.373356
12.6058	7.51154	0.560044	0.396376
11.9212	5.91038	0.55695	0.393108
13.6336	4.37335	0.706837	0.402374
11.25	9.60269	0.672141	0.428133
12.6058	7.51154	0.560044	0.396376
13.513	9.30337	0.741399	0.438255
10.2901	7.6571	0.570699	0.408001
11.9212	5.91038	0.55695	0.393108
12.6058	7.51154	0.560044	0.396376
41.2166	14.2175	3.75102	0.379732
40.1627	11.7351	3.83365	0.368268
42.6898	11.7351	3.94697	0.431449
35.1085	11.7351	3.77247	0.398509
37.4683	11.4071	4.03146	0.390618
35.6088	14.5697	3.88211	0.429159
33.1516	14.0413	3.68492	0.358042
35.1085	11.7351	3.77247	0.398509
35.6088	14.5697	3.88211	0.429159
32.5813	11.7351	4.06346	0.387811
33.75	9.60269	0.725582	0.378006
35.1085	11.7351	3.77247	0.398509
37.3284	7.80676	0.561567	0.464639
39.7099	7.6571	0.65961	0.409869
38.75	9.60269	0.653305	0.443682
36.25	9.60269	0.676721	0.406232
37.3284	7.80676	0.561567	0.464639
38.75	9.60269	0.653305	0.443682
35.1085	11.7351	3.77247	0.398509
36.25	9.60269	0.676721	0.406232
37.4683	11.4071	4.03146	0.390618
34.9468	7.95642	0.705851	0.440632
37.3284	7.80676	0.561567	0.464639
36.25	9.60269	0.676721	0.406232
34.9468	7.95642	0.705851	0.440632
35.7008	5.91038	0.530638	0.423948
37.3284	7.80676	0.561567	0.464639
42.536	16.5071	3.9292	0.365463
44.0204	14.0413	3.85607	0.414178
45.2338	16.5071	3.75666	0.387561
38.4127	14.3936	3.98208	0.359378
41.2166	14.2175	3.75102	0.379732
39.693	16.8552	4.03492	0.394075
38.4127	14.3936	3.98208	0.359378
37.4683	11.4071	4.03146	0.390618
40.1627	11.7351	3.83365	0.368268
10.2901	7.6571	0.570699	0.408001
12.6058	7.51154	0.560044	0.396376
11.25	9.60269	0.672141	0.428133
28.2875	13.053	3.71209	0.419222
30.001	14.922	3.85409	0.363321
26.3489	16.5071	3.73491	0.363719
35.1085	11.7351	3.77247	0.398509
33.1516	14.0413	3.68492	0.358042
32.5813	11.7351	4.06346	0.387811
30.001	14.922	3.85409	0.363321
28.6113	17.5512	3.98962	0.387903
26.3489	16.5071	3.73491	0.363719
30.9096	13.2177	3.8991	0.404317
30.001	14.922	3.85409	0.363321
28.2875	13.053	3.71209	0.419222
29.636	10.915	3.99601	0.407948
30.9096	13.2177	3.8991	0.404317
28.2875	13.053	3.71209	0.419222
32.5813	11.7351	4.06346	0.387811
33.1516	14.0413	3.68492	0.358042
30.9096	13.2177	3.8991	0.404317
31.7446	16.5071	4.14649	0.43303
28.6113	17.5512	3.98962	0.387903
30.001	14.922	3.85409	0.363321
34.4425	16.5071	3.82131	0.439201
31.7446	16.5071	4.14649	0.43303
33.1516	14.0413	3.68492	0.358042
34.4425	16.5071	3.82131	0.439201
34.9506	19.1174	4.00063	0.402092
32.1075	19.1174	4.07339	0.435436
37.1403	16.5071	4.03155	0.384654
34.4425	16.5071	3.82131	0.439201
35.6088	14.5697	3.88211	0.429159
37.1403	16.5071	4.03155	0.384654
37.7936	19.1174	3.94981	0.414995
34.9506	19.1174	4.00063	0.402092
11.414	14.0413	4.07478	0.421638
14.1312	14.0413	3.82528	0.401241
13.1778	15.9788	3.79247	0.425316
8.69678	14.0413	4.16205	0.420852
9.93237	11.8999	3.85923	0.377038
11.414	14.0413	4.07478	0.421638
11.25	9.60269	0.672141	0.428133
13.513	9.30337	0.741399	0.438255
12.5545	12.0646	3.98178	0.386832
10.2901	7.6571	0.570699	0.408001
11.25	9.60269	0.672141	0.428133
8.74996	9.60269	0.567284	0.410134
13.513	9.30337	0.741399	0.438255
16.5822	10.0948	3.97582	0.375929
15.1767	12.2293	3.88952	0.437516
9.93237	11.8999	3.85923	0.377038
11.25	9.60269	0.672141	0.428133
12.5545	12.0646	3.98178	0.386832
11.414	14.0413	4.07478	0.421638
9.93237	11.8999	3.85923	0.377038
12.5545	12.0646	3.98178	0.386832
8.69678	14.0413	4.16205	0.420852
7.31021	11.7351	3.8172	0.361151
9.93237	11.8999	3.85923	0.377038
37.4683	11.4071	4.03146	0.390618
38.4127	14.3936	3.98208	0.359378
35.6088	14.5697	3.88211	0.429159
42.536	16.5071	3.9292	0.365463
43.4158	19.3	3.99572	0.36697
40.5089	19.4825	4.01743	0.379297
44.0204	14.0413	3.85607	0.414178
42.536	16.5071	3.9292	0.365463
41.2166	14.2175	3.75102	0.379732
45.2338	16.5071	3.75666	0.387561
43.4158	19.3	3.99572	0.36697
42.536	16.5071	3.9292	0.365463
40.5089	19.4825	4.01743	0.379297
41.2294	22.236	3.93831	0.403613
38.204	22.4261	4.11067	0.409018
42.536	16.5071	3.9292	0.365463
40.5089	19.4825	4.01743	0.379297
39.693	16.8552	4.03492	0.394075
43.4158	19.3	3.99572	0.36697
41.2294	22.236	3.93831	0.403613
40.5089	19.4825	4.01743	0.379297
47.2801	21.856	4.04159	0.36391
44.3095	21.856	4.06418	0.409581
46.3226	19.1174	3.83688	0.381636
38.4127	14.3936	3.98208	0.359378
37.1403	16.5071	4.03155	0.384654
35.6088	14.5697	3.88211	0.429159
40.1627	11.7351	3.83365	0.368268
41.2166	14.2175	3.75102	0.379732
38.4127	14.3936	3.98208	0.359378
38.75	9.60269	0.653305	0.443682
40.1627	11.7351	3.83365	0.368268
37.4683	11.4071	4.03146	0.390618
41.25	9.60269	0.642689	0.468524
42.6898	11.7351	3.94697	0.431449
40.1627	11.7351	3.83365	0.368268
39.693	16.8552	4.03492	0.394075
37.1403	16.5071	4.03155	0.384654
38.4127	14.3936	3.98208	0.359378
40.5089	19.4825	4.01743	0.379297
37.7936	19.1174	3.94981	0.414995
39.693	16.8552	4.03492	0.394075
28.8815	20.2128	3.93819	0.361504
29.1279	22.9961	4.18163	0.387638
26.1025	23.1861	4.09142	0.431683
32.1075	19.1174	4.07339	0.435436
34.9506	19.1174	4.00063	0.402092
32.4267	21.856	3.80242	0.434968
28.8815	20.2128	3.93819	0.361504
32.1075	19.1174	4.07339	0.435436
32.4267	21.856	3.80242	0.434968
31.7446	16.5071	4.14649	0.43303
34.4425	16.5071	3.82131	0.439201
32.1075	19.1174	4.07339	0.435436
28.6113	17.5512	3.98962	0.387903
31.7446	16.5071	4.14649	0.43303
32.1075	19.1174	4.07339	0.435436
11.414	14.0413	4.07478	0.421638
12.5545	12.0646	3.98178	0.386832
14.1312	14.0413	3.82528	0.401241
12.2064	19.1174	3.91081	0.373356
10.1618	16.5071	3.90643	0.377139
13.1778	15.9788	3.79247	0.425316
9.93237	11.8999	3.85923	0.377038
8.74996	9.60269	0.567284	0.410134
11.25	9.60269	0.672141	0.428133
43.4158	19.3	3.99572	0.36697
45.2338	16.5071	3.75666	0.387561
46.3226	19.1174	3.83688	0.381636
33.1516	14.0413	3.68492	0.358042
35.6088	14.5697	3.88211	0.429159
34.4425	16.5071	3.82131	0.439201
36.25	9.60269	0.676721	0.406232
33.75	9.60269	0.725582	0.378006
34.9468	7.95642	0.705851	0.440632
21.9134	33.7485	3.97493	0.425798
18.9132	34.917	3.81577	0.416795
18.6835	32.5943	4.01541	0.367604
25	30.6708	3.85618	0.435129
21.9134	33.7485	3.97493	0.425798
21.9612	30.6708	4.16355	0.39128
21.8846	36.8646	4.15188	0.374732
18.9132	34.917	3.81577	0.416795
21.9134	33.7485	3.97493	0.425798
25	40	3.86474	0.386719
21.8846	36.8646	4.15188	0.374732
25.1151	35.3065	3.9289	0.426043
21.9134	33.7485	3.97493	0.425798
18.6835	32.5943	4.01541	0.367604
21.9612	30.6708	4.16355	0.39128
18.7212	38.8242	3.92477	0.396285
18.9132	34.917	3.81577	0.416795
21.8846	36.8646	4.15188	0.374732
17.2667	36.7732	4.08832	0.424723
15.8122	34.7222	4.07636	0.43085
18.9132	34.917	3.81577	0.416795
18.7212	38.8242	3.92477	0.396285
17.2667	36.7732	4.08832	0.424723
18.9132	34.917	3.81577	0.416795
18.7212	38.8242	3.92477	0.396285
15.601	39.0202	4.03557	0.378292
17.2667	36.7732	4.08832	0.424723
18.7981	41.9596	4.12217	2.55283
18.7212	38.8242	3.92477	0.396285
21.9014	39.3141	3.7437	0.446465
15.601	39.0202	4.03557	0.378292
15.8122	34.7222	4.07636	0.43085
17.2667	36.7732	4.08832	0.424723
14.001	23.9462	4.08113	0.43077
14.6026	21.856	4.04568	0.391814
17.2998	24.7062	3.97853	0.360278
13.1107	27.6505	3.67366	0.368927
12.8447	30.6708	3.79946	0.416923
10.1383	27.6505	3.96657	0.361755
15.2052	26.1784	4.06987	0.413445
15.7173	29.727	3.66241	0.374815
13.1107	27.6505	3.67366	0.368927
20.3799	24.7062	3.68355	0.358923
18.0114	27.1222	3.89712	0.393407
17.2998	24.7062	3.97853	0.360278
18.7229	29.5382	3.83553	0.413487
15.7173	29.727	3.66241	0.374815
18.0114	27.1222	3.89712	0.393407
18.7229	29.5382	3.83553	0.413487
18.6835	32.5943	4.01541	0.367604
15.7173	29.727	3.66241	0.374815
10.9756	24.1362	3.99989	0.428834
8.05963	24.7062	3.75843	0.37943
8.66123	21.856	3.79212	0.405419
10.1383	27.6505	3.96657	0.361755
8.05963	24.7062	3.75843	0.37943
10.9756	24.1362	3.99989	0.428834
10.1383	27.6505	3.96657	0.361755
9.80591	30.6708	4.16465	0.414085
7.16598	27.6505	4.09329	0.40882
6.70061	30.2933	3.81319	0.421118
7.16598	27.6505	4.09329	0.40882
9.80591	30.6708	4.16465	0.414085
4.97956	24.7062	3.80862	0.394777
5.62671	21.6734	3.77541	0.388359
8.05963	24.7062	3.75843	0.37943
3.67737	19.1174	4.02184	0.428698
5.62671	21.6734	3.77541	0.388359
2.71986	21.856	3.82778	0.428659
6.52038	19.1174	4.10369	0.431286
4.76616	16.5071	3.76915	0.413873
7.464	16.5071	4.0347	0.436027
25	30.6708	3.85618	0.435129
28.0388	30.6708	4.06527	0.414201
28.0866	33.7485	4.16805	0.420107
47.2801	21.856	4.04159	0.36391
48.1005	24.7062	3.76219	0.360404
45.0204	24.7062	4.07647	0.357364
26.4215	19.1174	4.04576	0.363313
26.3489	16.5071	3.73491	0.363719
28.6113	17.5512	3.98962	0.387903
18.0114	27.1222	3.89712	0.393407
22.0277	27.6505	4.05937	0.375313
18.7229	29.5382	3.83553	0.413487
17.2541	20.9431	4.11565	0.406284
20.544	21.856	3.93822	0.416325
17.2998	24.7062	3.97853	0.360278
23.0771	23.3761	4.07208	0.363032
26.1025	23.1861	4.09142	0.431683
25.3391	26.1784	3.77173	0.368469
17.2998	24.7062	3.97853	0.360278
20.544	21.856	3.93822	0.416325
20.3799	24.7062	3.68355	0.358923
24.8405	21.1517	4.1285	0.358678
26.1025	23.1861	4.09142	0.431683
23.0771	23.3761	4.07208	0.363032
20.544	21.856	3.93822	0.416325
24.8405	21.1517	4.1285	0.358678
23.0771	23.3761	4.07208	0.363032
23.5785	19.1174	4.15773	0.396501
26.4215	19.1174	4.04576	0.363313
24.8405	21.1517	4.1285	0.358678
31.199	26.5464	4.04495	0.391438
30.7452	28.7831	3.87781	0.355516
28.269	26.3624	4.08021	0.366353
29.1279	22.9961	4.18163	0.387638
31.199	26.5464	4.04495	0.391438
28.269	26.3624	4.08021	0.366353
32.7002	24.7062	3.83294	0.358409
33.7508	28.5944	3.80581	0.408564
31.199	26.5464	4.04495	0.391438
20.544	21.856	3.93822	0.416325
23.0771	23.3761	4.07208	0.363032
20.3799	24.7062	3.68355	0.358923
20.7355	19.1174	4.01501	0.394339
20.544	21.856	3.93822	0.416325
17.2541	20.9431	4.11565	0.406284
17.7548	18.7251	3.65718	0.375452
18.2554	16.5071	3.84066	0.414499
20.7355	19.1174	4.01501	0.394339
14.7591	18.4213	4.0237	0.391835
17.7548	18.7251	3.65718	0.375452
17.2541	20.9431	4.11565	0.406284
14.7591	18.4213	4.0237	0.391835
15.9817	15.8026	4.03137	0.397244
17.7548	18.7251	3.65718	0.375452
20.9532	16.5071	3.81021	0.388954
23.5785	19.1174	4.15773	0.396501
20.7355	19.1174	4.01501	0.394339
23.5785	19.1174	4.15773	0.396501
24.8405	21.1517	4.1285	0.358678
20.544	21.856	3.93822	0.416325
26.689	28.4246	3.90828	0.378845
22.0277	27.6505	4.05937	0.375313
25.3391	26.1784	3.77173	0.368469
21.9612	30.6708	4.16355	0.39128
18.6835	32.5943	4.01541	0.367604
18.7229	29.5382	3.83553	0.413487
20.7355	19.1174	4.01501	0.394339
23.5785	19.1174	4.15773	0.396501
20.544	21.856	3.93822	0.416325
16.8484	14.0413	4.01475	0.431244
19.5656	14.0413	4.01638	0.389969
18.2554	16.5071	3.84066	0.414499
16.8484	14.0413	4.01475	0.431244
17.7988	12.3941	3.93451	0.42822
19.5656	14.0413	4.01638	0.389969
14.1312	14.0413	3.82528	0.401241
16.8484	14.0413	4.01475	0.431244
15.9817	15.8026	4.03137	0.397244
15.1767	12.2293	3.88952	0.437516
17.7988	12.3941	3.93451	0.42822
16.8484	14.0413	4.01475	0.431244
18.75	9.60269	0.68094	0.388948
21.25	9.60269	0.585299	0.454631
19.9458	11.7351	3.66217	0.41481
24.3933	15.2742	3.72295	0.384705
23.5785	19.1174	4.15773	0.396501
20.9532	16.5071	3.81021	0.388954
4.97956	24.7062	3.80862	0.394777
4.19365	27.6505	4.10388	0.374296
1.8995	24.7062	3.97203	0.369151
8.74996	9.60269	0.567284	0.410134
9.93237	11.8999	3.85923	0.377038
7.31021	11.7351	3.8172	0.361151
46.8029	37.0605	3.6997	0.382684
43.6827	37.2565	3.96169	0.439054
46.6062	33.7485	3.74639	0.401923
41.9404	24.7062	3.80876	0.407237
45.0204	24.7062	4.07647	0.357364
42.7675	28.0281	4.11593	0.388266
38.8603	24.7062	3.77119	0.396086
41.9404	24.7062	3.80876	0.407237
39.9888	27.0985	3.77858	0.4412
41.2294	22.236	3.93831	0.403613
44.3095	21.856	4.06418	0.409581
41.9404	24.7062	3.80876	0.407237
48.7787	27.6505	3.77771	0.382626
49.3105	30.6708	3.98295	0.414515
46.2478	30.8632	4.09289	0.429913
26.1025	23.1861	4.09142	0.431683
24.8405	21.1517	4.1285	0.358678
28.8815	20.2128	3.93819	0.361504
28.269	26.3624	4.08021	0.366353
26.1025	23.1861	4.09142	0.431683
29.1279	22.9961	4.18163	0.387638
23.0771	23.3761	4.07208	0.363032
22.0277	27.6505	4.05937	0.375313
20.3799	24.7062	3.68355	0.358923
12.8447	30.6708	3.79946	0.416923
12.7112	34.5275	3.83465	0.370133
9.49534	33.1714	3.95192	0.439056
10.1383	27.6505	3.96657	0.361755
12.8447	30.6708	3.79946	0.416923
9.80591	30.6708	4.16465	0.414085
14.3285	32.6965	4.11839	0.418102
18.6835	32.5943	4.01541	0.367604
15.8122	34.7222	4.07636	0.43085
25.1151	35.3065	3.9289	0.426043
21.8846	36.8646	4.15188	0.374732
21.9134	33.7485	3.97493	0.425798
14.3285	32.6965	4.11839	0.418102
12.7112	34.5275	3.83465	0.370133
12.8447	30.6708	3.79946	0.416923
18.9132	34.917	3.81577	0.416795
15.8122	34.7222	4.07636	0.43085
18.6835	32.5943	4.01541	0.367604
15.601	39.0202	4.03557	0.378292
12.5385	36.8646	3.8399	0.42972
15.8122	34.7222	4.07636	0.43085
23.5785	19.1174	4.15773	0.396501
24.3933	15.2742	3.72295	0.384705
26.3489	16.5071	3.73491	0.363719
28.8815	20.2128	3.93819	0.361504
24.8405	21.1517	4.1285	0.358678
26.4215	19.1174	4.04576	0.363313
18.2554	16.5071	3.84066	0.414499
17.7548	18.7251	3.65718	0.375452
15.9817	15.8026	4.03137	0.397244
14.6026	21.856	4.04568	0.391814
17.2541	20.9431	4.11565	0.406284
17.2998	24.7062	3.97853	0.360278
15.9817	15.8026	4.03137	0.397244
13.1778	15.9788	3.79247	0.425316
14.1312	14.0413	3.82528	0.401241
14.6026	21.856	4.04568	0.391814
14.7591	18.4213	4.0237	0.391835
17.2541	20.9431	4.11565	0.406284
11.4404	21.3083	3.76362	0.413803
14.001	23.9462	4.08113	0.43077
10.9756	24.1362	3.99989	0.428834
30.001	14.922	3.85409	0.363321
30.9096	13.2177	3.8991	0.404317
33.1516	14.0413	3.68492	0.358042
31.7446	16.5071	4.14649	0.43303
30.001	14.922	3.85409	0.363321
33.1516	14.0413	3.68492	0.358042
25.6653	12.8882	4.01334	0.402253
27.0253	10.7509	3.80534	0.362787
28.2875	13.053	3.71209	0.419222
25.6653	12.8882	4.01334	0.402253
28.2875	13.053	3.71209	0.419222
26.3489	16.5071	3.73491	0.363719
33.75	9.60269	0.725582	0.378006
36.25	9.60269	0.676721	0.406232
35.1085	11.7351	3.77247	0.398509
39.693	16.8552	4.03492	0.394075
41.2166	14.2175	3.75102	0.379732
42.536	16.5071	3.9292	0.365463
28.8815	20.2128	3.93819	0.361504
26.4215	19.1174	4.04576	0.363313
28.6113	17.5512	3.98962	0.387903
40.625	40	3.85456	0.369515
43.75	40	4.10293	0.422035
43.6923	43.1354	3.99457	2.75608
34.399	40.9798	4.18055	2.68278
37.5	40	4.06454	0.383183
37.5191	43.9145	4.21324	2.59267
40.5769	36.8646	3.82723	0.427673
43.6827	37.2565	3.96169	0.439054
40.625	40	3.85456	0.369515
37.3464	33.7485	3.75469	0.384296
33.997	31.6326	3.85499	0.362419
37.1553	30.6708	3.70403	0.43451
40.625	40	3.85456	0.369515
37.5	40	4.06454	0.383183
40.5769	36.8646	3.82723	0.427673
37.4615	36.8646	4.01098	0.424862
34.1596	34.7385	3.80934	0.362079
37.3464	33.7485	3.75469	0.384296
46.2478	30.8632	4.09289	0.429913
45.7731	27.8393	3.92619	0.439821
48.7787	27.6505	3.77771	0.382626
49.6928	33.7485	3.99737	0.409582
46.6062	33.7485	3.74639	0.401923
49.3105	30.6708	3.98295	0.414515
40.1941	30.6708	3.82446	0.423485
37.1553	30.6708	3.70403	0.43451
36.8893	27.6505	3.98705	0.436433
43.2329	30.6708	4.13975	0.39032
40.1941	30.6708	3.82446	0.423485
42.7675	28.0281	4.11593	0.388266
40.433	33.7485	4.12205	0.391165
37.3464	33.7485	3.75469	0.384296
40.1941	30.6708	3.82446	0.423485
31.3171	35.696	4.01206	0.436063
31.2019	38.0404	4.01727	0.388544
28.1154	36.8646	4.1628	0.419057
33.997	31.6326	3.85499	0.362419
34.1596	34.7385	3.80934	0.362079
30.9343	31.8249	3.85172	0.369075
34.3221	37.8444	3.80138	0.386649
31.2019	38.0404	4.01727	0.388544
31.3171	35.696	4.01206	0.436063
37.5	40	4.06454	0.383183
34.3221	37.8444	3.80138	0.386649
37.4615	36.8646	4.01098	0.424862
34.399	40.9798	4.18055	2.68278
31.2019	38.0404	4.01727	0.388544
34.3221	37.8444	3.80138	0.386649
40.1941	30.6708	3.82446	0.423485
39.9888	27.0985	3.77858	0.4412
42.7675	28.0281	4.11593	0.388266
7.16598	27.6505	4.09329	0.40882
8.05963	24.7062	3.75843	0.37943
10.1383	27.6505	3.96657	0.361755
3.69504	30.482	4.01819	0.355458
4.19365	27.6505	4.10388	0.374296
6.70061	30.2933	3.81319	0.421118
4.97956	24.7062	3.80862	0.394777
8.05963	24.7062	3.75843	0.37943
7.16598	27.6505	4.09329	0.40882
2.71986	21.856	3.82778	0.428659
4.97956	24.7062	3.80862	0.394777
1.8995	24.7062	3.97203	0.369151
14.001	23.9462	4.08113	0.43077
11.4404	21.3083	3.76362	0.413803
14.6026	21.856	4.04568	0.391814
13.1107	27.6505	3.67366	0.368927
10.9756	24.1362	3.99989	0.428834
14.001	23.9462	4.08113	0.43077
8.66123	21.856	3.79212	0.405419
5.62671	21.6734	3.77541	0.388359
6.52038	19.1174	4.10369	0.431286
12.2064	19.1174	3.91081	0.373356
11.4404	21.3083	3.76362	0.413803
9.3634	19.1174	3.67474	0.413107
8.05963	24.7062	3.75843	0.37943
5.62671	21.6734	3.77541	0.388359
8.66123	21.856	3.79212	0.405419
44.3095	21.856	4.06418	0.409581
41.2294	22.236	3.93831	0.403613
43.4158	19.3	3.99572	0.36697
45.7731	27.8393	3.92619	0.439821
45.0204	24.7062	4.07647	0.357364
48.1005	24.7062	3.76219	0.360404
38.8603	24.7062	3.77119	0.396086
36.8893	27.6505	3.98705	0.436433
35.7802	24.7062	4.00595	0.36076
45.7731	27.8393	3.92619	0.439821
42.7675	28.0281	4.11593	0.388266
45.0204	24.7062	4.07647	0.357364
43.2329	30.6708	4.13975	0.39032
46.2478	30.8632	4.09289	0.429913
43.5196	33.7485	4.12104	0.365211
40.433	33.7485	4.12205	0.391165
43.2329	30.6708	4.13975	0.39032
43.5196	33.7485	4.12104	0.365211
42.7675	28.0281	4.11593	0.388266
45.7731	27.8393	3.92619	0.439821
43.2329	30.6708	4.13975	0.39032
41.9404	24.7062	3.80876	0.407237
42.7675	28.0281	4.11593	0.388266
39.9888	27.0985	3.77858	0.4412
45.7731	27.8393	3.92619	0.439821
46.2478	30.8632	4.09289	0.429913
43.2329	30.6708	4.13975	0.39032
8.69678	14.0413	4.16205	0.420852
5.97957	14.0413	4.11593	0.388635
7.31021	11.7351	3.8172	0.361151
10.1618	16.5071	3.90643	0.377139
8.69678	14.0413	4.16205	0.420852
11.414	14.0413	4.07478	0.421638
7.464	16.5071	4.0347	0.436027
4.76616	16.5071	3.76915	0.413873
5.97957	14.0413	4.11593	0.388635
10.1618	16.5071	3.90643	0.377139
7.464	16.5071	4.0347	0.436027
8.69678	14.0413	4.16205	0.420852
10.1618	16.5071	3.90643	0.377139
9.3634	19.1174	3.67474	0.413107
7.464	16.5071	4.0347	0.436027
9.42308	36.8646	3.76339	0.376261
9.49534	33.1714	3.95192	0.439056
12.7112	34.5275	3.83465	0.370133
12.5	40	3.82193	0.446087
9.36058	39.4121	3.71768	0.369316
12.5385	36.8646	3.8399	0.42972
9.36058	39.4121	3.71768	0.369316
6.30769	36.8646	4.0276	0.432864
9.42308	36.8646	3.76339	0.376261
3.19231	36.8646	3.80088	0.394658
3.40821	33.9432	3.68293	0.396285
6.30769	36.8646	4.0276	0.432864
0.076922	36.8646	4.00503	0.448923
3.19231	36.8646	3.80088	0.394658
3.125	40	3.80451	0.455619
0.076922	36.8646	4.00503	0.448923
0.307214	33.7485	4.10421	0.393398
3.19231	36.8646	3.80088	0.394658
6.70061	30.2933	3.81319	0.421118
9.80591	30.6708	4.16465	0.414085
9.49534	33.1714	3.95192	0.439056
2.71986	21.856	3.82778	0.428659
5.62671	21.6734	3.77541	0.388359
4.97956	24.7062	3.80862	0.394777
18.0114	27.1222	3.89712	0.393407
15.7173	29.727	3.66241	0.374815
15.2052	26.1784	4.06987	0.413445
43.5196	33.7485	4.12104	0.365211
40.5769	36.8646	3.82723	0.427673
40.433	33.7485	4.12205	0.391165
49.9231	36.8646	3.91308	0.364673
46.8029	37.0605	3.6997	0.382684
49.6928	33.7485	3.99737	0.409582
43.75	40	4.10293	0.422035
40.625	40	3.85456	0.369515
43.6827	37.2565	3.96169	0.439054
13.1107	27.6505	3.67366	0.368927
15.7173	29.727	3.66241	0.374815
12.8447	30.6708	3.79946	0.416923
10.9756	24.1362	3.99989	0.428834
13.1107	27.6505	3.67366	0.368927
10.1383	27.6505	3.96657	0.361755
15.2052	26.1784	4.06987	0.413445
17.2998	24.7062	3.97853	0.360278
18.0114	27.1222	3.89712	0.393407
14.001	23.9462	4.08113	0.43077
15.2052	26.1784	4.06987	0.413445
13.1107	27.6505	3.67366	0.368927
14.001	23.9462	4.08113	0.43077
17.2998	24.7062	3.97853	0.360278
15.2052	26.1784	4.06987	0.413445
46.6062	33.7485	3.74639	0.401923
43.6827	37.2565	3.96169	0.439054
43.5196	33.7485	4.12104	0.365211
50	40	3.71334	0.444395
46.8029	37.0605	3.6997	0.382684
49.9231	36.8646	3.91308	0.364673
46.8798	40.196	3.86162	2.48295
43.75	40	4.10293	0.422035
46.8029	37.0605	3.6997	0.382684
21.9014	39.3141	3.7437	0.446465
21.9183	41.7637	4.19551	2.91412
18.7981	41.9596	4.12217	2.55283
25	40	3.86474	0.386719
21.9014	39.3141	3.7437	0.446465
21.8846	36.8646	4.15188	0.374732
25	40	3.86474	0.386719
21.9183	41.7637	4.19551	2.91412
21.9014	39.3141	3.7437	0.446465
22.0142	44.8882	3.94438	2.41097
18.7981	41.9596	4.12217	2.55283
21.9183	41.7637	4.19551	2.91412
3.69504	30.482	4.01819	0.355458
3.40821	33.9432	3.68293	0.396285
0.68946	30.6708	4.04422	0.36702
1.22131	27.6505	3.89012	0.364538
3.69504	30.482	4.01819	0.355458
0.68946	30.6708	4.04422	0.36702
6.70061	30.2933	3.81319	0.421118
6.43263	33.3637	3.77676	0.378127
3.69504	30.482	4.01819	0.355458
43.5196	33.7485	4.12104	0.365211
43.6827	37.2565	3.96169	0.439054
40.5769	36.8646	3.82723	0.427673
40.1941	30.6708	3.82446	0.423485
43.2329	30.6708	4.13975	0.39032
40.433	33.7485	4.12205	0.391165
46.6062	33.7485	3.74639	0.401923
49.6928	33.7485	3.99737	0.409582
46.8029	37.0605	3.6997	0.382684
46.2478	30.8632	4.09289	0.429913
46.6062	33.7485	3.74639	0.401923
43.5196	33.7485	4.12104	0.365211
46.2478	30.8632	4.09289	0.429913
49.3105	30.6708	3.98295	0.414515
46.6062	33.7485	3.74639	0.401923
46.8798	40.196	3.86162	2.48295
46.8029	37.0605	3.6997	0.382684
50	40	3.71334	0.444395
9.4375	42.5475	4.26697	2.95732
6.24038	39.6081	4.0893	0.369573
9.36058	39.4121	3.71768	0.369316
9.49534	33.1714	3.95192	0.439056
9.80591	30.6708	4.16465	0.414085
12.8447	30.6708	3.79946	0.416923
12.5385	36.8646	3.8399	0.42972
9.42308	36.8646	3.76339	0.376261
12.7112	34.5275	3.83465	0.370133
6.43263	33.3637	3.77676	0.378127
6.70061	30.2933	3.81319	0.421118
9.49534	33.1714	3.95192	0.439056
4.19365	27.6505	4.10388	0.374296
4.97956	24.7062	3.80862	0.394777
7.16598	27.6505	4.09329	0.40882
1.22131	27.6505	3.89012	0.364538
4.19365	27.6505	4.10388	0.374296
3.69504	30.482	4.01819	0.355458
1.22131	27.6505	3.89012	0.364538
1.8995	24.7062	3.97203	0.369151
4.19365	27.6505	4.10388	0.374296
6.70061	30.2933	3.81319	0.421118
4.19365	27.6505	4.10388	0.374296
7.16598	27.6505	4.09329	0.40882
18.7229	29.5382	3.83553	0.413487
22.0277	27.6505	4.05937	0.375313
21.9612	30.6708	4.16355	0.39128
14.3285	32.6965	4.11839	0.418102
12.8447	30.6708	3.79946	0.416923
15.7173	29.727	3.66241	0.374815
18.6835	32.5943	4.01541	0.367604
14.3285	32.6965	4.11839	0.418102
15.7173	29.727	3.66241	0.374815
15.8122	34.7222	4.07636	0.43085
12.7112	34.5275	3.83465	0.370133
14.3285	32.6965	4.11839	0.418102
18.0114	27.1222	3.89712	0.393407
20.3799	24.7062	3.68355	0.358923
22.0277	27.6505	4.05937	0.375313
3.40821	33.9432	3.68293	0.396285
3.69504	30.482	4.01819	0.355458
6.43263	33.3637	3.77676	0.378127
46.8077	43.1354	4.23228	2.91955
43.6923	43.1354	3.99457	2.75608
46.8798	40.196	3.86162	2.48295
49.9231	43.1354	3.94704	2.78895
46.8077	43.1354	4.23228	2.91955
46.8798	40.196	3.86162	2.48295
46.2717	49.3292	4.04597	2.18836
49.3105	49.3292	4.29864	2.7772
48.7787	52.3495	4.15954	2.17664
43.5196	46.2515	4.26439	2.89555
46.2717	49.3292	4.04597	2.18836
43.2329	49.3292	4.1688	2.79705
40.433	46.2515	4.00032	2.70413
43.5196	46.2515	4.26439	2.89555
43.2329	49.3292	4.1688	2.79705
43.6923	43.1354	3.99457	2.75608
46.8077	43.1354	4.23228	2.91955
46.6062	46.2515	4.2818	2.74305
46.6062	46.2515	4.2818	2.74305
49.3105	49.3292	4.29864	2.7772
46.2717	49.3292	4.04597	2.18836
6.30769	36.8646	4.0276	0.432864
6.43263	33.3637	3.77676	0.378127
9.42308	36.8646	3.76339	0.376261
3.125	40	3.80451	0.455619
3.19231	36.8646	3.80088	0.394658
6.24038	39.6081	4.0893	0.369573
3.40821	33.9432	3.68293	0.396285
6.43263	33.3637	3.77676	0.378127
6.30769	36.8646	4.0276	0.432864
0.307214	33.7485	4.10421	0.393398
3.40821	33.9432	3.68293	0.396285
3.19231	36.8646	3.80088	0.394658
0.307214	33.7485	4.10421	0.393398
0.68946	30.6708	4.04422	0.36702
3.40821	33.9432	3.68293	0.396285
