25	30.6708	4.93127	0.00147414
28.0866	33.7485	4.91693	0.0014524
25.1151	35.3065	0.255804	0.00152015
22.0277	27.6505	4.97414	0.001467
25	30.6708	4.93127	0.00147414
21.9612	30.6708	4.92692	0.00148894
26.689	28.4246	4.97272	0.00146749
28.269	26.3624	4.98649	0.00146861
30.7452	28.7831	4.98517	0.00147932
25	30.6708	4.93127	0.00147414
26.689	28.4246	4.97272	0.00146749
28.0388	30.6708	4.96203	0.00146643
25.3391	26.1784	4.98244	0.0014586
28.269	26.3624	4.98649	0.00146861
26.689	28.4246	4.97272	0.00146749
28.0388	30.6708	4.96203	0.00146643
30.9343	31.8249	4.96949	0.00146328
28.0866	33.7485	4.91693	0.0014524
22.0277	27.6505	4.97414	0.001467
26.689	28.4246	4.97272	0.00146749
25	30.6708	4.93127	0.00147414
30.7452	28.7831	4.98517	0.00147932
30.9343	31.8249	4.96949	0.00146328
28.0388	30.6708	4.96203	0.00146643
26.689	28.4246	4.97272	0.00146749
30.7452	28.7831	4.98517	0.00147932
28.0388	30.6708	4.96203	0.00146643
26.1025	23.1861	4.98229	0.0014415
28.269	26.3624	4.98649	0.00146861
25.3391	26.1784	4.98244	0.0014586
29.1279	22.9961	4.98688	0.00145473
32.7002	24.7062	4.99247	0.00148106
31.199	26.5464	4.99067	0.00148116
33.7508	28.5944	4.99173	0.00149813
30.9343	31.8249	4.96949	0.00146328
30.7452	28.7831	4.98517	0.00147932
31.199	26.5464	4.99067	0.00148116
33.7508	28.5944	4.99173	0.00149813
30.7452	28.7831	4.98517	0.00147932
37.4615	36.8646	4.91579	0.00140259
40.433	33.7485	4.97575	0.00151798
40.5769	36.8646	4.91764	0.00144117
36.8893	27.6505	4.9945	0.00151346
37.1553	30.6708	4.98896	0.00151613
33.7508	28.5944	4.99173	0.00149813
36.8893	27.6505	4.9945	0.00151346
39.9888	27.0985	4.99582	0.00152521
40.1941	30.6708	4.99255	0.00154305
34.9506	19.1174	4.97486	0.00143205
34.4425	16.5071	4.93892	0.00138438
37.1403	16.5071	4.94163	0.0013909
38.204	22.4261	4.99179	0.00148324
35.1786	22.6161	4.99095	0.00147541
36.4861	20.8667	4.98512	0.00145995
32.1075	19.1174	4.97388	0.00142684
28.8815	20.2128	4.97459	0.00142766
28.6113	17.5512	4.94526	0.00139428
38.204	22.4261	4.99179	0.00148324
35.7802	24.7062	4.9941	0.00149346
35.1786	22.6161	4.99095	0.00147541
32.7002	24.7062	4.99247	0.00148106
29.1279	22.9961	4.98688	0.00145473
32.4267	21.856	4.9879	0.00145987
45.7731	27.8393	4.99724	0.00155581
48.1005	24.7062	4.99664	0.0015284
48.7787	27.6505	4.99757	0.00156394
38.8603	24.7062	4.9949	0.00150353
41.2294	22.236	4.9928	0.00149159
41.9404	24.7062	4.99564	0.00151273
38.8603	24.7062	4.9949	0.00150353
38.204	22.4261	4.99179	0.00148324
41.2294	22.236	4.9928	0.00149159
36.8893	27.6505	4.9945	0.00151346
38.8603	24.7062	4.9949	0.00150353
39.9888	27.0985	4.99582	0.00152521
35.7802	24.7062	4.9941	0.00149346
38.204	22.4261	4.99179	0.00148324
38.8603	24.7062	4.9949	0.00150353
33.7508	28.5944	4.99173	0.00149813
35.7802	24.7062	4.9941	0.00149346
36.8893	27.6505	4.9945	0.00151346
32.7002	24.7062	4.99247	0.00148106
32.4267	21.856	4.9879	0.00145987
35.1786	22.6161	4.99095	0.00147541
37.7936	19.1174	4.97689	0.00144196
40.5089	19.4825	4.98369	0.00146241
38.204	22.4261	4.99179	0.00148324
35.1786	22.6161	4.99095	0.00147541
32.4267	21.856	4.9879	0.00145987
34.9506	19.1174	4.97486	0.00143205
36.4861	20.8667	4.98512	0.00145995
35.1786	22.6161	4.99095	0.00147541
34.9506	19.1174	4.97486	0.00143205
37.7936	19.1174	4.97689	0.00144196
36.4861	20.8667	4.98512	0.00145995
34.9506	19.1174	4.97486	0.00143205
37.7936	19.1174	4.97689	0.00144196
38.204	22.4261	4.99179	0.00148324
36.4861	20.8667	4.98512	0.00145995
35.7802	24.7062	4.9941	0.00149346
32.7002	24.7062	4.99247	0.00148106
35.1786	22.6161	4.99095	0.00147541
33.7508	28.5944	4.99173	0.00149813
32.7002	24.7062	4.99247	0.00148106
35.7802	24.7062	4.9941	0.00149346
29.1279	22.9961	4.98688	0.00145473
28.8815	20.2128	4.97459	0.00142766
32.4267	21.856	4.9879	0.00145987
37.1403	16.5071	4.94163	0.0013909
39.693	16.8552	4.95869	0.00141799
37.7936	19.1174	4.97689	0.00144196
44.3095	21.856	4.99381	0.00149799
47.2801	21.856	4.99492	0.00150453
45.0204	24.7062	4.99627	0.00152109
41.9404	24.7062	4.99564	0.00151273
44.3095	21.856	4.99381	0.00149799
45.0204	24.7062	4.99627	0.00152109
43.4158	19.3	4.98752	0.00147657
46.3226	19.1174	4.9904	0.00148535
44.3095	21.856	4.99381	0.00149799
28.0866	46.2515	4.9009	0.00257268
31.0776	49.3292	4.85293	0.0038832
28.0388	49.3292	4.91508	0.00432552
25	43.1354	4.91463	0.00204324
28.1154	43.1354	4.86109	0.00189431
28.0866	46.2515	4.9009	0.00257268
37.3464	46.2515	0.16442	0.00204522
34.3294	43.6157	0.135227	0.00171918
37.5191	43.9145	0.144989	0.00167891
31.226	43.7137	0.189007	0.00184412
31.2788	41.1758	0.177653	0.00153801
34.3294	43.6157	0.135227	0.00171918
28.0866	46.2515	4.9009	0.00257268
31.226	43.7137	0.189007	0.00184412
31.1732	46.2515	4.78898	0.00239297
28.1154	43.1354	4.86109	0.00189431
31.2788	41.1758	0.177653	0.00153801
31.226	43.7137	0.189007	0.00184412
25	46.2515	4.94118	0.00274282
25	43.1354	4.91463	0.00204324
28.0866	46.2515	4.9009	0.00257268
28.125	40	4.84051	0.00148964
31.2788	41.1758	0.177653	0.00153801
28.1154	43.1354	4.86109	0.00189431
28.125	40	4.84051	0.00148964
31.2019	38.0404	0.203024	0.00119696
31.2788	41.1758	0.177653	0.00153801
31.2019	38.0404	0.203024	0.00119696
34.399	40.9798	0.166666	0.00148256
31.2788	41.1758	0.177653	0.00153801
28.0866	33.7485	4.91693	0.0014524
31.3171	35.696	4.89411	0.00136028
28.1154	36.8646	4.86343	0.00141502
37.3464	33.7485	4.97026	0.00148259
37.1553	30.6708	4.98896	0.00151613
40.1941	30.6708	4.99255	0.00154305
37.4615	36.8646	4.91579	0.00140259
37.3464	33.7485	4.97026	0.00148259
40.433	33.7485	4.97575	0.00151798
37.4615	36.8646	4.91579	0.00140259
34.3221	37.8444	4.84274	0.00132686
34.1596	34.7385	4.94475	0.00142532
34.1596	34.7385	4.94475	0.00142532
33.997	31.6326	4.97916	0.00148157
37.3464	33.7485	4.97026	0.00148259
31.3171	35.696	4.89411	0.00136028
34.1596	34.7385	4.94475	0.00142532
34.3221	37.8444	4.84274	0.00132686
31.3171	35.696	4.89411	0.00136028
30.9343	31.8249	4.96949	0.00146328
34.1596	34.7385	4.94475	0.00142532
30.9343	31.8249	4.96949	0.00146328
33.7508	28.5944	4.99173	0.00149813
33.997	31.6326	4.97916	0.00148157
40.433	46.2515	4.79936	0.00191877
40.6201	43.7197	0.185359	0.00164177
43.5196	46.2515	4.87593	0.00193213
46.8029	37.0605	4.97575	0.00161282
43.75	40	4.86773	0.00148711
43.6827	37.2565	4.93766	0.00151418
49.9231	43.1354	4.95646	0.00183834
46.8798	40.196	4.94106	0.00171224
50	40	4.96844	0.00166582
49.9231	43.1354	4.95646	0.00183834
49.6928	46.2515	4.96369	0.00201825
46.8077	43.1354	4.91652	0.00177974
25	43.1354	4.91463	0.00204324
25	46.2515	4.94118	0.00274282
22.0142	44.8882	4.92374	0.00255384
25	40	4.87554	0.00162954
25	43.1354	4.91463	0.00204324
21.9183	41.7637	4.85467	0.00202082
25	40	4.87554	0.00162954
28.1154	43.1354	4.86109	0.00189431
25	43.1354	4.91463	0.00204324
31.2019	38.0404	0.203024	0.00119696
28.125	40	4.84051	0.00148964
28.1154	36.8646	4.86343	0.00141502
28.1154	43.1354	4.86109	0.00189431
31.226	43.7137	0.189007	0.00184412
28.0866	46.2515	4.9009	0.00257268
18.7981	41.9596	0.23671	0.00212743
15.601	39.0202	0.244412	0.00181113
18.7212	38.8242	0.208765	0.00176437
17.2523	44.2036	4.90142	0.00253268
15.7402	46.2515	4.95672	0.00315892
14.1489	44.3016	4.95022	0.00255815
18.7981	41.9596	0.23671	0.00212743
17.2523	44.2036	4.90142	0.00253268
15.6779	42.1556	4.87966	0.00218391
18.8268	46.2515	4.94174	0.00302746
15.7402	46.2515	4.95672	0.00315892
17.2523	44.2036	4.90142	0.00253268
21.7462	47.598	4.955	0.00367187
18.8268	46.2515	4.94174	0.00302746
22.0142	44.8882	4.92374	0.00255384
21.7462	47.598	4.955	0.00367187
18.9224	49.3292	4.96571	0.00504445
18.8268	46.2515	4.94174	0.00302746
15.6779	42.1556	4.87966	0.00218391
15.601	39.0202	0.244412	0.00181113
18.7981	41.9596	0.23671	0.00212743
18.8268	46.2515	4.94174	0.00302746
17.2523	44.2036	4.90142	0.00253268
18.7981	41.9596	0.23671	0.00212743
14.1489	44.3016	4.95022	0.00255815
12.6536	46.2515	4.97494	0.00301045
12.5577	42.3516	4.95339	0.0022017
15.6779	42.1556	4.87966	0.00218391
14.1489	44.3016	4.95022	0.00255815
12.5577	42.3516	4.95339	0.0022017
15.7402	46.2515	4.95672	0.00315892
12.6536	46.2515	4.97494	0.00301045
14.1489	44.3016	4.95022	0.00255815
12.7118	50.0843	4.97864	0.00578101
12.6536	46.2515	4.97494	0.00301045
15.8835	49.3292	4.97392	0.00502918
16.083	52.3495	4.96471	0.0102384
13.1107	52.3495	4.9682	0.00971861
15.8835	49.3292	4.97392	0.00502918
18.9224	49.3292	4.96571	0.00504445
16.083	52.3495	4.96471	0.0102384
15.8835	49.3292	4.97392	0.00502918
13.1107	52.3495	4.9682	0.00971861
10.6893	54.7417	4.94012	0.0169568
10.1383	52.3495	4.97016	0.00893779
15.8835	49.3292	4.97392	0.00502918
13.1107	52.3495	4.9682	0.00971861
12.7118	50.0843	4.97864	0.00578101
14.2198	55.2938	4.9262	0.0231208
10.6893	54.7417	4.94012	0.0169568
13.1107	52.3495	4.9682	0.00971861
17.0264	56.2438	4.90282	0.0328346
14.2198	55.2938	4.9262	0.0231208
16.083	52.3495	4.96471	0.0102384
17.2808	59.0298	4.77314	0.0796935
17.5295	61.7527	0.0946314	4.66491
15.0494	60.8826	0.118585	0.107549
17.0264	56.2438	4.90282	0.0328346
17.2808	59.0298	4.77314	0.0796935
14.6026	58.144	4.81494	0.0550103
17.0264	56.2438	4.90282	0.0328346
20.0518	56.4338	4.88882	0.0357443
17.2808	59.0298	4.77314	0.0796935
7.16598	52.3495	4.97256	0.00825329
8.05963	55.2938	4.93045	0.0179035
4.92487	55.4838	4.9343	0.0184935
6.76709	49.3292	4.98724	0.0044211
7.16598	52.3495	4.97256	0.00825329
4.19365	52.3495	4.97574	0.00781428
10.1383	52.3495	4.97016	0.00893779
8.05963	55.2938	4.93045	0.0179035
7.16598	52.3495	4.97256	0.00825329
12.7118	50.0843	4.97864	0.00578101
10.1383	52.3495	4.97016	0.00893779
9.70619	49.8955	4.98261	0.0051827
10.6893	54.7417	4.94012	0.0169568
8.05963	55.2938	4.93045	0.0179035
10.1383	52.3495	4.97016	0.00893779
12.5577	42.3516	4.95339	0.0022017
12.5	40	4.93202	0.00186462
15.6779	42.1556	4.87966	0.00218391
9.61019	45.6673	4.98709	0.00275368
12.5577	42.3516	4.95339	0.0022017
12.6536	46.2515	4.97494	0.00301045
9.61019	45.6673	4.98709	0.00275368
6.31731	42.7435	4.99168	0.00223426
9.4375	42.5475	4.98177	0.00223104
-3.10282e-28	40	4.99602	0.0020179
3.125	40	4.99508	0.00189375
3.19711	42.9395	4.9948	0.00226221
-3.10282e-28	40	4.99602	0.0020179
0.076922	36.8646	4.99629	0.00175557
3.125	40	4.99508	0.00189375
46.6062	46.2515	4.9374	0.0019935
46.2717	49.3292	4.96228	0.00245545
43.5196	46.2515	4.87593	0.00193213
43.6923	43.1354	0.238324	0.00167179
46.6062	46.2515	4.9374	0.0019935
43.5196	46.2515	4.87593	0.00193213
49.6928	46.2515	4.96369	0.00201825
49.3105	49.3292	4.97295	0.00239808
46.6062	46.2515	4.9374	0.0019935
27.4517	72.3429	0.00425094	0.0249324
25	72.3429	0.00426406	0.0305514
27.0253	69.2491	0.00835983	0.0568591
24.7277	76.3587	0.0024284	0.0110252
26.189	74.0896	0.00318419	0.0174927
27.2733	75.6267	0.00262725	0.0114339
24.7277	76.3587	0.0024284	0.0110252
23.0327	74.7883	0.00292357	0.0180123
26.189	74.0896	0.00318419	0.0174927
23.0339	79.8761	0.00209791	0.00774291
21.0802	79.5053	0.00218685	0.00878401
21.6827	78.0345	0.0022294	0.009333
19.6759	76.9444	0.002436	0.011219
19.0551	74.0896	0.00341357	0.0217509
21.4331	74.0896	0.00328493	0.0229587
19.6759	76.9444	0.002436	0.011219
18.1801	75.6267	0.00288552	0.0149827
19.0551	74.0896	0.00341357	0.0217509
21.4331	74.0896	0.00328493	0.0229587
23.0327	74.7883	0.00292357	0.0180123
22.3999	76.5052	0.00244829	0.0120871
20.0967	72.3429	0.00458172	0.0394544
22.5483	72.3429	0.00443341	0.0402179
21.4331	74.0896	0.00328493	0.0229587
16.5527	73.7985	0.00377271	0.0203218
17.645	72.3429	0.00475249	0.0302877
19.0551	74.0896	0.00341357	0.0217509
19.193	69.7412	0.0086386	0.0752617
21.8037	69.5771	0.00836872	4.51447
20.0967	72.3429	0.00458172	0.0394544
21.8037	69.5771	0.00836872	4.51447
23.75	70.3973	0.00674353	0.0607812
22.5483	72.3429	0.00443341	0.0402179
21.6827	78.0345	0.0022294	0.009333
19.1515	78.89	0.00229854	0.00969388
19.6759	76.9444	0.002436	0.011219
22.3999	76.5052	0.00244829	0.0120871
19.6759	76.9444	0.002436	0.011219
21.4331	74.0896	0.00328493	0.0229587
22.3999	76.5052	0.00244829	0.0120871
21.6827	78.0345	0.0022294	0.009333
19.6759	76.9444	0.002436	0.011219
24.7277	76.3587	0.0024284	0.0110252
22.3999	76.5052	0.00244829	0.0120871
23.0327	74.7883	0.00292357	0.0180123
24.7277	76.3587	0.0024284	0.0110252
24.9752	78.5234	0.00213673	0.00778769
23.329	78.279	0.00217135	0.00854768
21.0802	79.5053	0.00218685	0.00878401
19.1515	78.89	0.00229854	0.00969388
21.6827	78.0345	0.0022294	0.009333
25	80	0.00209313	0.00732756
24.9752	78.5234	0.00213673	0.00778769
26.9661	79.8761	0.00209074	0.00682173
19.6759	76.9444	0.002436	0.011219
19.1515	78.89	0.00229854	0.00969388
17.2597	78.0345	0.00252462	0.0112394
28.3173	78.0345	0.00221222	0.00742181
30.8485	78.89	0.00229625	0.00730688
28.9198	79.5053	0.00217676	0.00701575
18.1801	75.6267	0.00288552	0.0149827
19.6759	76.9444	0.002436	0.011219
17.2597	78.0345	0.00252462	0.0112394
15.4167	76.9444	0.00286496	0.0129874
18.1801	75.6267	0.00288552	0.0149827
17.2597	78.0345	0.00252462	0.0112394
23.0327	74.7883	0.00292357	0.0180123
21.4331	74.0896	0.00328493	0.0229587
22.5483	72.3429	0.00443341	0.0402179
15.4167	76.9444	0.00286496	0.0129874
16.5527	73.7985	0.00377271	0.0203218
18.1801	75.6267	0.00288552	0.0149827
20.0967	72.3429	0.00458172	0.0394544
21.8037	69.5771	0.00836872	4.51447
22.5483	72.3429	0.00443341	0.0402179
15.4167	76.9444	0.00286496	0.0129874
13.6336	75.6267	0.00369322	0.0175525
14.237	73.9441	0.00410397	0.0201883
29.3832	76.0659	0.00255293	0.00965591
31.3712	77.1646	0.002475	0.00828016
28.3173	78.0345	0.00221222	0.00742181
31.9219	75.3472	0.0028624	0.0105249
34.5833	76.9444	0.00280983	0.0092473
32.7403	78.0345	0.00248247	0.00798305
14.237	73.9441	0.00410397	0.0201883
11.9212	74.0896	0.00482557	0.0233223
12.7417	72.3429	0.00564853	0.0279947
11.25	70.3973	0.00884096	0.0450319
12.7417	72.3429	0.00564853	0.0279947
10.2901	72.3429	0.00699595	0.0348538
17.645	72.3429	0.00475249	0.0302877
16.5527	73.7985	0.00377271	0.0203218
15.1934	72.3429	0.00505499	0.026918
19.193	69.7412	0.0086386	0.0752617
17.645	72.3429	0.00475249	0.0302877
16.25	70.3973	0.00753473	0.0447495
20.0967	72.3429	0.00458172	0.0394544
19.0551	74.0896	0.00341357	0.0217509
17.645	72.3429	0.00475249	0.0302877
19.0551	74.0896	0.00341357	0.0217509
18.1801	75.6267	0.00288552	0.0149827
16.5527	73.7985	0.00377271	0.0203218
32.355	72.3429	0.00431663	0.0196479
34.8066	72.3429	0.00464317	0.0186684
33.3228	74.0896	0.00340866	0.0130156
33.3228	74.0896	0.00340866	0.0130156
31.9219	75.3472	0.0028624	0.0105249
30.9297	73.8705	0.00334011	0.0145112
35.7008	74.0896	0.00382061	0.0138654
33.3228	74.0896	0.00340866	0.0130156
34.8066	72.3429	0.00464317	0.0186684
34.5833	76.9444	0.00280983	0.0092473
31.9219	75.3472	0.0028624	0.0105249
33.3228	74.0896	0.00340866	0.0130156
17.4187	68.2649	0.0130942	0.0912871
14.8915	68.2649	0.0128345	0.0754832
16.8484	65.9587	0.0246658	4.63763
16.25	70.3973	0.00753473	0.0447495
13.513	70.6966	0.00737772	0.0380785
14.8915	68.2649	0.0128345	0.0754832
19.193	69.7412	0.0086386	0.0752617
16.25	70.3973	0.00753473	0.0447495
17.4187	68.2649	0.0130942	0.0912871
15.1934	72.3429	0.00505499	0.026918
14.237	73.9441	0.00410397	0.0201883
12.7417	72.3429	0.00564853	0.0279947
17.645	72.3429	0.00475249	0.0302877
15.1934	72.3429	0.00505499	0.026918
16.25	70.3973	0.00753473	0.0447495
16.5527	73.7985	0.00377271	0.0203218
14.237	73.9441	0.00410397	0.0201883
15.1934	72.3429	0.00505499	0.026918
12.7417	72.3429	0.00564853	0.0279947
11.25	70.3973	0.00884096	0.0450319
13.513	70.6966	0.00737772	0.0380785
8.74996	70.3973	0.0110898	0.0580148
11.25	70.3973	0.00884096	0.0450319
10.2901	72.3429	0.00699595	0.0348538
12.3644	68.2649	0.0135786	0.0738215
13.846	66.4528	0.0213858	0.104007
14.8915	68.2649	0.0128345	0.0754832
9.83732	68.2649	0.015234	0.0877056
12.3644	68.2649	0.0135786	0.0738215
11.25	70.3973	0.00884096	0.0450319
9.83732	68.2649	0.015234	0.0877056
11.414	65.9587	0.0259268	4.5592
12.3644	68.2649	0.0135786	0.0738215
9.83732	68.2649	0.015234	0.0877056
11.25	70.3973	0.00884096	0.0450319
8.74996	70.3973	0.0110898	0.0580148
14.8915	68.2649	0.0128345	0.0754832
13.513	70.6966	0.00737772	0.0380785
12.3644	68.2649	0.0135786	0.0738215
15.1934	72.3429	0.00505499	0.026918
12.7417	72.3429	0.00564853	0.0279947
13.513	70.6966	0.00737772	0.0380785
15.4167	76.9444	0.00286496	0.0129874
14.237	73.9441	0.00410397	0.0201883
16.5527	73.7985	0.00377271	0.0203218
13.6336	75.6267	0.00369322	0.0175525
11.9212	74.0896	0.00482557	0.0233223
14.237	73.9441	0.00410397	0.0201883
11.9212	74.0896	0.00482557	0.0233223
10.2901	72.3429	0.00699595	0.0348538
12.7417	72.3429	0.00564853	0.0279947
7.31021	68.2649	0.0191146	0.109988
9.83732	68.2649	0.015234	0.0877056
8.74996	70.3973	0.0110898	0.0580148
7.31021	68.2649	0.0191146	0.109988
5.97957	65.9587	0.0362304	4.64513
8.78345	65.7825	0.0300041	4.6146
28.3173	78.0345	0.00221222	0.00742181
28.9198	79.5053	0.00217676	0.00701575
26.9661	79.8761	0.00209074	0.00682173
31.3712	77.1646	0.002475	0.00828016
31.9219	75.3472	0.0028624	0.0105249
32.7403	78.0345	0.00248247	0.00798305
28.3173	78.0345	0.00221222	0.00742181
31.3712	77.1646	0.002475	0.00828016
30.8485	78.89	0.00229625	0.00730688
29.3832	76.0659	0.00255293	0.00965591
31.9219	75.3472	0.0028624	0.0105249
31.3712	77.1646	0.002475	0.00828016
27.2733	75.6267	0.00262725	0.0114339
29.3832	76.0659	0.00255293	0.00965591
28.3173	78.0345	0.00221222	0.00742181
28.5669	74.0896	0.00318942	0.0151686
29.9033	72.3429	0.00424146	0.0225464
30.9297	73.8705	0.00334011	0.0145112
27.2733	75.6267	0.00262725	0.0114339
28.5669	74.0896	0.00318942	0.0151686
29.3832	76.0659	0.00255293	0.00965591
27.2733	75.6267	0.00262725	0.0114339
26.189	74.0896	0.00318419	0.0174927
28.5669	74.0896	0.00318942	0.0151686
26.2439	77.6257	0.00223013	0.00831276
27.2733	75.6267	0.00262725	0.0114339
28.3173	78.0345	0.00221222	0.00742181
26.9661	79.8761	0.00209074	0.00682173
26.2439	77.6257	0.00223013	0.00831276
28.3173	78.0345	0.00221222	0.00742181
24.9752	78.5234	0.00213673	0.00778769
24.7277	76.3587	0.0024284	0.0110252
26.2439	77.6257	0.00223013	0.00831276
31.0572	70.658	0.00586099	0.0341662
30.0542	68.2649	0.0104141	4.40731
32.2468	68.921	0.00853997	0.0459911
31.0572	70.658	0.00586099	0.0341662
28.75	70.3973	0.00636096	0.0415071
30.0542	68.2649	0.0104141	4.40731
33.75	70.3973	0.00642149	0.0281773
31.0572	70.658	0.00586099	0.0341662
32.2468	68.921	0.00853997	0.0459911
29.9033	72.3429	0.00424146	0.0225464
28.75	70.3973	0.00636096	0.0415071
31.0572	70.658	0.00586099	0.0341662
30.9297	73.8705	0.00334011	0.0145112
29.9033	72.3429	0.00424146	0.0225464
32.355	72.3429	0.00431663	0.0196479
33.3228	74.0896	0.00340866	0.0130156
30.9297	73.8705	0.00334011	0.0145112
32.355	72.3429	0.00431663	0.0196479
31.9219	75.3472	0.0028624	0.0105249
29.3832	76.0659	0.00255293	0.00965591
30.9297	73.8705	0.00334011	0.0145112
28.5669	74.0896	0.00318942	0.0151686
26.189	74.0896	0.00318419	0.0174927
27.4517	72.3429	0.00425094	0.0249324
25	72.3429	0.00426406	0.0305514
23.75	70.3973	0.00674353	0.0607812
27.0253	69.2491	0.00835983	0.0568591
26.9661	79.8761	0.00209074	0.00682173
24.9752	78.5234	0.00213673	0.00778769
26.2439	77.6257	0.00223013	0.00831276
27.0253	69.2491	0.00835983	0.0568591
24.3347	67.1118	0.0158308	0.115112
26.9568	67.2765	0.014045	0.083373
19.0904	66.7823	0.019936	0.138675
19.999	65.078	0.0345824	4.69259
22.2828	65.9587	0.0234565	4.66819
17.4187	68.2649	0.0130942	0.0912871
19.0904	66.7823	0.019936	0.138675
19.193	69.7412	0.0086386	0.0752617
17.4187	68.2649	0.0130942	0.0912871
16.8484	65.9587	0.0246658	4.63763
19.0904	66.7823	0.019936	0.138675
27.4517	72.3429	0.00425094	0.0249324
28.75	70.3973	0.00636096	0.0415071
29.9033	72.3429	0.00424146	0.0225464
28.5669	74.0896	0.00318942	0.0151686
27.4517	72.3429	0.00425094	0.0249324
29.9033	72.3429	0.00424146	0.0225464
26.189	74.0896	0.00318419	0.0174927
25	72.3429	0.00426406	0.0305514
27.4517	72.3429	0.00425094	0.0249324
27.0253	69.2491	0.00835983	0.0568591
26.9568	67.2765	0.014045	0.083373
30.0542	68.2649	0.0104141	4.40731
27.4517	72.3429	0.00425094	0.0249324
27.0253	69.2491	0.00835983	0.0568591
28.75	70.3973	0.00636096	0.0415071
23.75	70.3973	0.00674353	0.0607812
24.3347	67.1118	0.0158308	0.115112
27.0253	69.2491	0.00835983	0.0568591
34.8233	67.7707	0.0122579	0.0479614
37.4455	67.9354	0.0133847	4.35261
36.25	70.3973	0.00709012	0.0315346
31.3712	77.1646	0.002475	0.00828016
32.7403	78.0345	0.00248247	0.00798305
30.8485	78.89	0.00229625	0.00730688
23.329	78.279	0.00217135	0.00854768
22.3999	76.5052	0.00244829	0.0120871
24.7277	76.3587	0.0024284	0.0110252
23.0339	79.8761	0.00209791	0.00774291
23.329	78.279	0.00217135	0.00854768
24.9752	78.5234	0.00213673	0.00778769
21.6827	78.0345	0.0022294	0.009333
22.3999	76.5052	0.00244829	0.0120871
23.329	78.279	0.00217135	0.00854768
21.6827	78.0345	0.0022294	0.009333
23.329	78.279	0.00217135	0.00854768
23.0339	79.8761	0.00209791	0.00774291
25	72.3429	0.00426406	0.0305514
26.189	74.0896	0.00318419	0.0174927
23.0327	74.7883	0.00292357	0.0180123
27.2733	75.6267	0.00262725	0.0114339
26.2439	77.6257	0.00223013	0.00831276
24.7277	76.3587	0.0024284	0.0110252
25	80	0.00209313	0.00732756
23.0339	79.8761	0.00209791	0.00774291
24.9752	78.5234	0.00213673	0.00778769
35.7008	74.0896	0.00382061	0.0138654
37.3942	72.4885	0.00526805	0.0198487
38.0788	74.0896	0.00460942	0.0166152
34.5833	76.9444	0.00280983	0.0092473
35.7008	74.0896	0.00382061	0.0138654
36.3664	75.6267	0.00354026	0.0124143
34.8066	72.3429	0.00464317	0.0186684
37.3942	72.4885	0.00526805	0.0198487
35.7008	74.0896	0.00382061	0.0138654
34.5833	76.9444	0.00280983	0.0092473
33.3228	74.0896	0.00340866	0.0130156
35.7008	74.0896	0.00382061	0.0138654
33.75	70.3973	0.00642149	0.0281773
36.25	70.3973	0.00709012	0.0315346
34.8066	72.3429	0.00464317	0.0186684
35.7008	74.0896	0.00382061	0.0138654
38.0788	74.0896	0.00460942	0.0166152
36.3664	75.6267	0.00354026	0.0124143
37.4455	67.9354	0.0133847	4.35261
38.75	70.3973	0.00831003	0.0315723
36.25	70.3973	0.00709012	0.0315346
39.7099	72.3429	0.0066747	0.0233329
38.0788	74.0896	0.00460942	0.0166152
37.3942	72.4885	0.00526805	0.0198487
36.25	70.3973	0.00709012	0.0315346
33.75	70.3973	0.00642149	0.0281773
34.8233	67.7707	0.0122579	0.0479614
37.3942	72.4885	0.00526805	0.0198487
36.25	70.3973	0.00709012	0.0315346
38.75	70.3973	0.00831003	0.0315723
37.3942	72.4885	0.00526805	0.0198487
34.8066	72.3429	0.00464317	0.0186684
36.25	70.3973	0.00709012	0.0315346
15.5575	63.4929	0.0562299	4.63048
16.8484	65.9587	0.0246658	4.63763
13.846	66.4528	0.0213858	0.104007
11.414	65.9587	0.0259268	4.5592
12.8597	63.4929	0.0516245	0.11415
13.846	66.4528	0.0213858	0.104007
15.0494	60.8826	0.118585	0.107549
17.5295	61.7527	0.0946314	4.66491
15.5575	63.4929	0.0562299	4.63048
15.5575	63.4929	0.0562299	4.63048
17.5295	61.7527	0.0946314	4.66491
16.8484	65.9587	0.0246658	4.63763
11.6319	58.144	4.81144	0.049468
14.6026	58.144	4.81494	0.0550103
12.3979	60.3349	0.134785	4.48109
14.6026	58.144	4.81494	0.0550103
17.2808	59.0298	4.77314	0.0796935
15.0494	60.8826	0.118585	0.107549
20.363	63.0044	0.0672445	4.68949
19.999	65.078	0.0345824	4.69259
17.5295	61.7527	0.0946314	4.66491
20.7355	60.8826	0.128419	4.60818
20.363	63.0044	0.0672445	4.68949
17.5295	61.7527	0.0946314	4.66491
20.7355	60.8826	0.128419	4.60818
23.0704	62.1007	0.0828476	0.138262
20.363	63.0044	0.0672445	4.68949
11.6319	58.144	4.81144	0.049468
10.6893	54.7417	4.94012	0.0169568
14.2198	55.2938	4.9262	0.0231208
9.3634	60.8826	0.11816	0.0802331
11.6319	58.144	4.81144	0.049468
12.3979	60.3349	0.134785	4.48109
8.66123	58.144	4.81886	0.0388281
10.6893	54.7417	4.94012	0.0169568
11.6319	58.144	4.81144	0.049468
5.69054	58.144	4.83391	0.0417859
4.92487	55.4838	4.9343	0.0184935
8.05963	55.2938	4.93045	0.0179035
6.4478	61.0566	0.12171	0.0829236
5.69054	58.144	4.83391	0.0417859
8.66123	58.144	4.81886	0.0388281
3.67737	60.8826	0.152861	4.46071
2.71986	58.144	4.86719	0.0393362
5.69054	58.144	4.83391	0.0417859
36.8222	64.0212	0.0373371	0.049324
39.6261	63.8451	0.0447676	0.042187
38.586	65.9587	0.0233594	0.0458574
34.1521	62.7968	0.0484626	4.44892
36.8222	64.0212	0.0373371	0.049324
35.8688	65.9587	0.0203915	0.054833
37.7936	60.8826	0.105807	0.0293997
39.6261	63.8451	0.0447676	0.042187
36.8222	64.0212	0.0373371	0.049324
38.75	70.3973	0.00831003	0.0315723
40.1627	68.2649	0.0144488	0.0388737
41.25	70.3973	0.0106136	0.0285563
37.3942	72.4885	0.00526805	0.0198487
38.75	70.3973	0.00831003	0.0315723
39.7099	72.3429	0.0066747	0.0233329
37.4455	67.9354	0.0133847	4.35261
40.1627	68.2649	0.0144488	0.0388737
38.75	70.3973	0.00831003	0.0315723
35.8688	65.9587	0.0203915	0.054833
37.4455	67.9354	0.0133847	4.35261
34.8233	67.7707	0.0122579	0.0479614
33.1516	65.9587	0.0183583	0.0662635
35.8688	65.9587	0.0203915	0.054833
34.8233	67.7707	0.0122579	0.0479614
34.1521	62.7968	0.0484626	4.44892
34.9506	60.8826	0.0854791	0.0533696
36.8222	64.0212	0.0373371	0.049324
38.75	70.3973	0.00831003	0.0315723
41.25	70.3973	0.0106136	0.0285563
39.7099	72.3429	0.0066747	0.0233329
38.586	65.9587	0.0233594	0.0458574
40.1627	68.2649	0.0144488	0.0388737
37.4455	67.9354	0.0133847	4.35261
41.3032	65.9587	0.0272576	0.043694
42.6898	68.2649	0.0184401	0.0353331
40.1627	68.2649	0.0144488	0.0388737
41.3032	65.9587	0.0272576	0.043694
44.0204	65.9587	0.0345568	0.0495193
42.6898	68.2649	0.0184401	0.0353331
41.25	70.3973	0.0106136	0.0285563
40.1627	68.2649	0.0144488	0.0388737
42.6898	68.2649	0.0184401	0.0353331
36.8222	64.0212	0.0373371	0.049324
34.9506	60.8826	0.0854791	0.0533696
37.7936	60.8826	0.105807	0.0293997
2.71986	58.144	4.86719	0.0393362
4.92487	55.4838	4.9343	0.0184935
5.69054	58.144	4.83391	0.0417859
8.66123	58.144	4.81886	0.0388281
8.05963	55.2938	4.93045	0.0179035
10.6893	54.7417	4.94012	0.0169568
6.4478	61.0566	0.12171	0.0829236
8.66123	58.144	4.81886	0.0388281
9.3634	60.8826	0.11816	0.0802331
5.69054	58.144	4.83391	0.0417859
8.05963	55.2938	4.93045	0.0179035
8.66123	58.144	4.81886	0.0388281
1.8995	55.2938	4.94955	0.0154014
4.92487	55.4838	4.9343	0.0184935
2.71986	58.144	4.86719	0.0393362
1.8995	55.2938	4.94955	0.0154014
1.22131	52.3495	4.97923	0.00707369
4.19365	52.3495	4.97574	0.00781428
41.3032	65.9587	0.0272576	0.043694
42.43	63.669	0.0541452	4.35916
44.0204	65.9587	0.0345568	0.0495193
43.4796	60.8826	0.123458	0.0303574
40.6366	60.8826	0.115731	0.0304079
41.4664	58.5091	4.78919	0.0153029
45.2338	63.4929	0.0690328	0.0458018
43.4796	60.8826	0.123458	0.0303574
46.3226	60.8826	0.145368	0.0215448
42.43	63.669	0.0541452	4.35916
40.6366	60.8826	0.115731	0.0304079
43.4796	60.8826	0.123458	0.0303574
41.4664	58.5091	4.78919	0.0153029
38.5596	58.6917	4.75778	0.0178429
38.8603	55.2938	4.89394	0.00776623
46.3226	60.8826	0.145368	0.0215448
43.4796	60.8826	0.123458	0.0303574
44.2548	57.954	4.83204	0.01172
42.43	63.669	0.0541452	4.35916
39.6261	63.8451	0.0447676	0.042187
40.6366	60.8826	0.115731	0.0304079
44.0204	65.9587	0.0345568	0.0495193
42.43	63.669	0.0541452	4.35916
45.2338	63.4929	0.0690328	0.0458018
36.8222	64.0212	0.0373371	0.049324
38.586	65.9587	0.0233594	0.0458574
35.8688	65.9587	0.0203915	0.054833
40.6366	60.8826	0.115731	0.0304079
39.6261	63.8451	0.0447676	0.042187
37.7936	60.8826	0.105807	0.0293997
38.586	65.9587	0.0233594	0.0458574
37.4455	67.9354	0.0133847	4.35261
35.8688	65.9587	0.0203915	0.054833
41.3032	65.9587	0.0272576	0.043694
38.586	65.9587	0.0233594	0.0458574
39.6261	63.8451	0.0447676	0.042187
41.3032	65.9587	0.0272576	0.043694
40.1627	68.2649	0.0144488	0.0388737
38.586	65.9587	0.0233594	0.0458574
32.2468	68.921	0.00853997	0.0459911
30.4344	65.9587	0.0180068	0.0778277
33.1516	65.9587	0.0183583	0.0662635
21.7285	50.6506	4.95088	0.00685555
19.0553	52.3495	4.95723	0.0102752
18.9224	49.3292	4.96571	0.00504445
21.7462	47.598	4.955	0.00367187
21.7285	50.6506	4.95088	0.00685555
18.9224	49.3292	4.96571	0.00504445
15.8835	49.3292	4.97392	0.00502918
18.8268	46.2515	4.94174	0.00302746
18.9224	49.3292	4.96571	0.00504445
22.0142	44.8882	4.92374	0.00255384
25	46.2515	4.94118	0.00274282
21.7462	47.598	4.955	0.00367187
24.7341	50.8393	4.92338	0.0066162
22.4091	54.0056	4.90209	0.016535
21.7285	50.6506	4.95088	0.00685555
26.54	55.2938	0.234495	0.0225669
26.4853	58.144	4.72203	0.053265
23.0771	56.6239	4.84754	0.0348169
30.9447	52.3495	4.86967	0.00726031
29.6201	55.2938	4.8007	0.0168754
27.9723	52.3495	4.87567	0.00862836
26.4853	58.144	4.72203	0.053265
26.4215	60.8826	0.098604	4.53561
24.0253	59.6046	4.70167	0.0825344
29.6201	55.2938	4.8007	0.0168754
26.4853	58.144	4.72203	0.053265
26.54	55.2938	0.234495	0.0225669
29.6201	55.2938	4.8007	0.0168754
32.1533	57.1939	0.16985	0.026997
29.839	59.2394	0.114334	0.0580974
17.2808	59.0298	4.77314	0.0796935
20.7355	60.8826	0.128419	4.60818
17.5295	61.7527	0.0946314	4.66491
23.0771	56.6239	4.84754	0.0348169
20.3936	58.6582	4.79042	0.0756863
20.0518	56.4338	4.88882	0.0357443
23.0771	56.6239	4.84754	0.0348169
24.0253	59.6046	4.70167	0.0825344
20.3936	58.6582	4.79042	0.0756863
39.0601	41.8598	0.1832	0.00153266
37.5191	43.9145	0.144989	0.00167891
37.5	40	4.78356	0.00134691
40.625	40	0.221982	0.00140175
39.0601	41.8598	0.1832	0.00153266
37.5	40	4.78356	0.00134691
40.6201	43.7197	0.185359	0.00164177
37.5191	43.9145	0.144989	0.00167891
39.0601	41.8598	0.1832	0.00153266
40.6201	43.7197	0.185359	0.00164177
40.433	46.2515	4.79936	0.00191877
37.5191	43.9145	0.144989	0.00167891
43.6923	43.1354	0.238324	0.00167179
40.6201	43.7197	0.185359	0.00164177
40.625	40	0.221982	0.00140175
43.6923	43.1354	0.238324	0.00167179
43.5196	46.2515	4.87593	0.00193213
40.6201	43.7197	0.185359	0.00164177
46.8798	40.196	4.94106	0.00171224
43.6923	43.1354	0.238324	0.00167179
43.75	40	4.86773	0.00148711
46.8077	43.1354	4.91652	0.00177974
49.6928	46.2515	4.96369	0.00201825
46.6062	46.2515	4.9374	0.0019935
37.5	40	4.78356	0.00134691
34.399	40.9798	0.166666	0.00148256
34.3221	37.8444	4.84274	0.00132686
40.5769	36.8646	4.91764	0.00144117
37.5	40	4.78356	0.00134691
37.4615	36.8646	4.91579	0.00140259
40.625	40	0.221982	0.00140175
40.6201	43.7197	0.185359	0.00164177
39.0601	41.8598	0.1832	0.00153266
40.1224	48.7521	4.86482	0.00243196
37.0597	48.5598	0.204942	0.00267649
37.3464	46.2515	0.16442	0.00204522
34.1165	49.3292	0.212228	0.00322792
36.7564	51.5944	4.8584	0.00415606
34.1289	53.2696	4.854	0.00734375
31.1732	46.2515	4.78898	0.00239297
34.1165	49.3292	0.212228	0.00322792
31.0776	49.3292	4.85293	0.0038832
28.0866	46.2515	4.9009	0.00257268
31.1732	46.2515	4.78898	0.00239297
31.0776	49.3292	4.85293	0.0038832
34.3294	43.6157	0.135227	0.00171918
34.399	40.9798	0.166666	0.00148256
37.5191	43.9145	0.144989	0.00167891
31.1732	46.2515	4.78898	0.00239297
31.226	43.7137	0.189007	0.00184412
34.2598	46.2515	0.156009	0.00218369
31.2788	41.1758	0.177653	0.00153801
34.399	40.9798	0.166666	0.00148256
34.3294	43.6157	0.135227	0.00171918
37.0597	48.5598	0.204942	0.00267649
36.7564	51.5944	4.8584	0.00415606
34.1165	49.3292	0.212228	0.00322792
37.3464	46.2515	0.16442	0.00204522
37.0597	48.5598	0.204942	0.00267649
34.2598	46.2515	0.156009	0.00218369
40.433	46.2515	4.79936	0.00191877
37.3464	46.2515	0.16442	0.00204522
37.5191	43.9145	0.144989	0.00167891
40.433	46.2515	4.79936	0.00191877
40.1224	48.7521	4.86482	0.00243196
37.3464	46.2515	0.16442	0.00204522
40.1224	48.7521	4.86482	0.00243196
36.7564	51.5944	4.8584	0.00415606
37.0597	48.5598	0.204942	0.00267649
46.2717	49.3292	4.96228	0.00245545
45.8487	52.5335	4.96061	0.00354191
43.2329	49.3292	4.93428	0.00251868
34.1165	49.3292	0.212228	0.00322792
34.1289	53.2696	4.854	0.00734375
30.9447	52.3495	4.86967	0.00726031
7.464	63.4929	0.0588697	4.59323
8.78345	65.7825	0.0300041	4.6146
5.97957	65.9587	0.0362304	4.64513
6.4478	61.0566	0.12171	0.0829236
7.464	63.4929	0.0588697	4.59323
4.76616	63.4929	0.0712914	0.117693
6.4478	61.0566	0.12171	0.0829236
9.3634	60.8826	0.11816	0.0802331
7.464	63.4929	0.0588697	4.59323
12.3979	60.3349	0.134785	4.48109
10.1618	63.4929	0.052109	0.114946
9.3634	60.8826	0.11816	0.0802331
12.8597	63.4929	0.0516245	0.11415
15.0494	60.8826	0.118585	0.107549
15.5575	63.4929	0.0562299	4.63048
12.3644	68.2649	0.0135786	0.0738215
13.513	70.6966	0.00737772	0.0380785
11.25	70.3973	0.00884096	0.0450319
16.8484	65.9587	0.0246658	4.63763
14.8915	68.2649	0.0128345	0.0754832
13.846	66.4528	0.0213858	0.104007
17.4187	68.2649	0.0130942	0.0912871
16.25	70.3973	0.00753473	0.0447495
14.8915	68.2649	0.0128345	0.0754832
19.999	65.078	0.0345824	4.69259
19.0904	66.7823	0.019936	0.138675
16.8484	65.9587	0.0246658	4.63763
19.193	69.7412	0.0086386	0.0752617
20.0967	72.3429	0.00458172	0.0394544
17.645	72.3429	0.00475249	0.0302877
9.83732	68.2649	0.015234	0.0877056
8.78345	65.7825	0.0300041	4.6146
11.414	65.9587	0.0259268	4.5592
6.48041	46.2515	4.99131	0.00292948
3.72828	49.3292	4.98909	0.00422563
3.39381	46.2515	4.99363	0.00284958
9.70619	49.8955	4.98261	0.0051827
6.76709	49.3292	4.98724	0.0044211
9.61019	45.6673	4.98709	0.00275368
9.70619	49.8955	4.98261	0.0051827
10.1383	52.3495	4.97016	0.00893779
7.16598	52.3495	4.97256	0.00825329
13.1107	52.3495	4.9682	0.00971861
10.1383	52.3495	4.97016	0.00893779
12.7118	50.0843	4.97864	0.00578101
4.19365	52.3495	4.97574	0.00781428
3.72828	49.3292	4.98909	0.00422563
6.76709	49.3292	4.98724	0.0044211
1.8995	55.2938	4.94955	0.0154014
4.19365	52.3495	4.97574	0.00781428
4.92487	55.4838	4.9343	0.0184935
1.22131	52.3495	4.97923	0.00707369
3.72828	49.3292	4.98909	0.00422563
4.19365	52.3495	4.97574	0.00781428
22.2828	65.9587	0.0234565	4.66819
23.0704	62.1007	0.0828476	0.138262
25.6067	64.7258	0.0309444	4.60837
21.8037	69.5771	0.00836872	4.51447
22.2828	65.9587	0.0234565	4.66819
24.3347	67.1118	0.0158308	0.115112
19.999	65.078	0.0345824	4.69259
20.363	63.0044	0.0672445	4.68949
22.2828	65.9587	0.0234565	4.66819
21.8037	69.5771	0.00836872	4.51447
19.193	69.7412	0.0086386	0.0752617
19.0904	66.7823	0.019936	0.138675
16.8484	65.9587	0.0246658	4.63763
17.5295	61.7527	0.0946314	4.66491
19.999	65.078	0.0345824	4.69259
22.2828	65.9587	0.0234565	4.66819
20.363	63.0044	0.0672445	4.68949
23.0704	62.1007	0.0828476	0.138262
16.25	70.3973	0.00753473	0.0447495
15.1934	72.3429	0.00505499	0.026918
13.513	70.6966	0.00737772	0.0380785
7.464	63.4929	0.0588697	4.59323
10.1618	63.4929	0.052109	0.114946
8.78345	65.7825	0.0300041	4.6146
20.0518	56.4338	4.88882	0.0357443
19.0553	52.3495	4.95723	0.0102752
22.4091	54.0056	4.90209	0.016535
20.3936	58.6582	4.79042	0.0756863
17.2808	59.0298	4.77314	0.0796935
20.0518	56.4338	4.88882	0.0357443
15.0494	60.8826	0.118585	0.107549
12.8597	63.4929	0.0516245	0.11415
12.3979	60.3349	0.134785	4.48109
9.3634	60.8826	0.11816	0.0802331
8.66123	58.144	4.81886	0.0388281
11.6319	58.144	4.81144	0.049468
9.70619	49.8955	4.98261	0.0051827
7.16598	52.3495	4.97256	0.00825329
6.76709	49.3292	4.98724	0.0044211
13.1107	52.3495	4.9682	0.00971861
16.083	52.3495	4.96471	0.0102384
14.2198	55.2938	4.9262	0.0231208
23.0771	56.6239	4.84754	0.0348169
22.4091	54.0056	4.90209	0.016535
26.54	55.2938	0.234495	0.0225669
20.7355	60.8826	0.128419	4.60818
20.3936	58.6582	4.79042	0.0756863
24.0253	59.6046	4.70167	0.0825344
20.0518	56.4338	4.88882	0.0357443
22.4091	54.0056	4.90209	0.016535
23.0771	56.6239	4.84754	0.0348169
20.7355	60.8826	0.128419	4.60818
17.2808	59.0298	4.77314	0.0796935
20.3936	58.6582	4.79042	0.0756863
17.0264	56.2438	4.90282	0.0328346
19.0553	52.3495	4.95723	0.0102752
20.0518	56.4338	4.88882	0.0357443
6.30769	36.8646	4.99115	0.00174026
6.24038	39.6081	4.99093	0.00186328
3.19231	36.8646	4.99534	0.0017506
9.49534	33.1714	4.98641	0.00161517
9.42308	36.8646	4.97824	0.00172683
6.43263	33.3637	4.99355	0.00163449
6.31731	42.7435	4.99168	0.00223426
3.125	40	4.99508	0.00189375
6.24038	39.6081	4.99093	0.00186328
9.4375	42.5475	4.98177	0.00223104
12.5	40	4.93202	0.00186462
12.5577	42.3516	4.95339	0.0022017
6.30769	36.8646	4.99115	0.00174026
9.36058	39.4121	4.97739	0.00184688
6.24038	39.6081	4.99093	0.00186328
9.42308	36.8646	4.97824	0.00172683
12.5385	36.8646	4.93755	0.00170579
9.36058	39.4121	4.97739	0.00184688
15.8122	34.7222	4.90443	0.00160481
12.5385	36.8646	4.93755	0.00170579
12.7112	34.5275	4.95996	0.00162718
9.4375	42.5475	4.98177	0.00223104
12.5577	42.3516	4.95339	0.0022017
9.61019	45.6673	4.98709	0.00275368
6.24038	39.6081	4.99093	0.00186328
9.4375	42.5475	4.98177	0.00223104
6.31731	42.7435	4.99168	0.00223426
9.36058	39.4121	4.97739	0.00184688
12.5	40	4.93202	0.00186462
9.4375	42.5475	4.98177	0.00223104
15.601	39.0202	0.244412	0.00181113
12.5	40	4.93202	0.00186462
12.5385	36.8646	4.93755	0.00170579
15.601	39.0202	0.244412	0.00181113
15.6779	42.1556	4.87966	0.00218391
12.5	40	4.93202	0.00186462
6.48041	46.2515	4.99131	0.00292948
6.76709	49.3292	4.98724	0.0044211
3.72828	49.3292	4.98909	0.00422563
6.31731	42.7435	4.99168	0.00223426
6.48041	46.2515	4.99131	0.00292948
3.39381	46.2515	4.99363	0.00284958
9.61019	45.6673	4.98709	0.00275368
6.76709	49.3292	4.98724	0.0044211
6.48041	46.2515	4.99131	0.00292948
12.7118	50.0843	4.97864	0.00578101
9.70619	49.8955	4.98261	0.0051827
11.1799	48.0735	4.98204	0.00403996
3.19711	42.9395	4.9948	0.00226221
0.076922	43.1354	4.99543	0.00228753
-3.10282e-28	40	4.99602	0.0020179
6.31731	42.7435	4.99168	0.00223426
3.19711	42.9395	4.9948	0.00226221
3.125	40	4.99508	0.00189375
3.39381	46.2515	4.99363	0.00284958
0.307214	46.2515	4.99434	0.00278571
3.19711	42.9395	4.9948	0.00226221
45.0204	55.2938	4.92687	0.0059493
41.9404	55.2938	4.91301	0.00678296
42.834	52.3495	4.94699	0.00374983
48.1005	55.2938	4.94011	0.00509802
45.0204	55.2938	4.92687	0.0059493
45.8487	52.5335	4.96061	0.00354191
44.2548	57.954	4.83204	0.01172
41.9404	55.2938	4.91301	0.00678296
45.0204	55.2938	4.92687	0.0059493
46.3226	60.8826	0.145368	0.0215448
44.2548	57.954	4.83204	0.01172
47.2801	58.144	4.85679	0.00974221
41.4664	58.5091	4.78919	0.0153029
38.8603	55.2938	4.89394	0.00776623
41.9404	55.2938	4.91301	0.00678296
27.9723	52.3495	4.87567	0.00862836
28.0388	49.3292	4.91508	0.00432552
30.9447	52.3495	4.86967	0.00726031
19.0553	52.3495	4.95723	0.0102752
21.7285	50.6506	4.95088	0.00685555
22.4091	54.0056	4.90209	0.016535
25	46.2515	4.94118	0.00274282
28.0388	49.3292	4.91508	0.00432552
24.7341	50.8393	4.92338	0.0066162
21.7285	50.6506	4.95088	0.00685555
21.7462	47.598	4.955	0.00367187
24.7341	50.8393	4.92338	0.0066162
15.6779	42.1556	4.87966	0.00218391
17.2523	44.2036	4.90142	0.00253268
14.1489	44.3016	4.95022	0.00255815
22.0142	44.8882	4.92374	0.00255384
18.8268	46.2515	4.94174	0.00302746
18.7981	41.9596	0.23671	0.00212743
15.8835	49.3292	4.97392	0.00502918
12.6536	46.2515	4.97494	0.00301045
15.7402	46.2515	4.95672	0.00315892
17.0264	56.2438	4.90282	0.0328346
16.083	52.3495	4.96471	0.0102384
19.0553	52.3495	4.95723	0.0102752
4.19365	52.3495	4.97574	0.00781428
7.16598	52.3495	4.97256	0.00825329
4.92487	55.4838	4.9343	0.0184935
21.9183	41.7637	4.85467	0.00202082
25	43.1354	4.91463	0.00204324
22.0142	44.8882	4.92374	0.00255384
28.125	40	4.84051	0.00148964
25	40	4.87554	0.00162954
28.1154	36.8646	4.86343	0.00141502
25	30.6708	4.93127	0.00147414
25.1151	35.3065	0.255804	0.00152015
21.9134	33.7485	0.263737	0.00154904
31.3171	35.696	4.89411	0.00136028
28.0866	33.7485	4.91693	0.0014524
30.9343	31.8249	4.96949	0.00146328
28.1154	36.8646	4.86343	0.00141502
25.1151	35.3065	0.255804	0.00152015
28.0866	33.7485	4.91693	0.0014524
33.7508	28.5944	4.99173	0.00149813
37.1553	30.6708	4.98896	0.00151613
33.997	31.6326	4.97916	0.00148157
21.8846	36.8646	4.81109	0.00160126
21.9014	39.3141	0.241639	0.00173211
18.7212	38.8242	0.208765	0.00176437
28.1154	36.8646	4.86343	0.00141502
25	40	4.87554	0.00162954
25.1151	35.3065	0.255804	0.00152015
28.125	40	4.84051	0.00148964
28.1154	43.1354	4.86109	0.00189431
25	40	4.87554	0.00162954
3.72828	49.3292	4.98909	0.00422563
1.22131	52.3495	4.97923	0.00707369
0.68946	49.3292	4.99033	0.00398801
0.307214	46.2515	4.99434	0.00278571
3.39381	46.2515	4.99363	0.00284958
0.68946	49.3292	4.99033	0.00398801
11.1799	48.0735	4.98204	0.00403996
12.6536	46.2515	4.97494	0.00301045
12.7118	50.0843	4.97864	0.00578101
9.61019	45.6673	4.98709	0.00275368
11.1799	48.0735	4.98204	0.00403996
9.70619	49.8955	4.98261	0.0051827
9.61019	45.6673	4.98709	0.00275368
12.6536	46.2515	4.97494	0.00301045
11.1799	48.0735	4.98204	0.00403996
31.3817	62.6228	0.0413947	4.5223
34.1521	62.7968	0.0484626	4.44892
33.1516	65.9587	0.0183583	0.0662635
26.9568	67.2765	0.014045	0.083373
28.4106	64.5496	0.0285984	0.0963042
30.4344	65.9587	0.0180068	0.0778277
29.839	59.2394	0.114334	0.0580974
33.5519	59.0383	0.12527	0.0399098
31.3817	62.6228	0.0413947	4.5223
28.6113	62.4488	0.0511797	0.101074
29.839	59.2394	0.114334	0.0580974
31.3817	62.6228	0.0413947	4.5223
20.7355	60.8826	0.128419	4.60818
24.0253	59.6046	4.70167	0.0825344
23.0704	62.1007	0.0828476	0.138262
25.6371	53.0665	0.281353	0.0124254
24.7341	50.8393	4.92338	0.0066162
27.9723	52.3495	4.87567	0.00862836
22.4091	54.0056	4.90209	0.016535
25.6371	53.0665	0.281353	0.0124254
26.54	55.2938	0.234495	0.0225669
22.4091	54.0056	4.90209	0.016535
24.7341	50.8393	4.92338	0.0066162
25.6371	53.0665	0.281353	0.0124254
29.6201	55.2938	4.8007	0.0168754
31.8745	54.2817	4.82962	0.0117623
32.1533	57.1939	0.16985	0.026997
34.2598	46.2515	0.156009	0.00218369
34.3294	43.6157	0.135227	0.00171918
37.3464	46.2515	0.16442	0.00204522
31.1732	46.2515	4.78898	0.00239297
34.2598	46.2515	0.156009	0.00218369
34.1165	49.3292	0.212228	0.00322792
34.2598	46.2515	0.156009	0.00218369
31.226	43.7137	0.189007	0.00184412
34.3294	43.6157	0.135227	0.00171918
35.6527	58.8743	4.67876	0.0281732
38.5596	58.6917	4.75778	0.0178429
37.7936	60.8826	0.105807	0.0293997
33.5519	59.0383	0.12527	0.0399098
35.6527	58.8743	4.67876	0.0281732
34.9506	60.8826	0.0854791	0.0533696
35.7802	55.2938	4.85234	0.00985581
38.5596	58.6917	4.75778	0.0178429
35.6527	58.8743	4.67876	0.0281732
42.43	63.669	0.0541452	4.35916
43.4796	60.8826	0.123458	0.0303574
45.2338	63.4929	0.0690328	0.0458018
6.48041	46.2515	4.99131	0.00292948
6.31731	42.7435	4.99168	0.00223426
9.61019	45.6673	4.98709	0.00275368
0.68946	49.3292	4.99033	0.00398801
3.39381	46.2515	4.99363	0.00284958
3.72828	49.3292	4.98909	0.00422563
0.307214	46.2515	4.99434	0.00278571
0.076922	43.1354	4.99543	0.00228753
3.19711	42.9395	4.9948	0.00226221
6.4478	61.0566	0.12171	0.0829236
4.76616	63.4929	0.0712914	0.117693
3.67737	60.8826	0.152861	4.46071
5.69054	58.144	4.83391	0.0417859
6.4478	61.0566	0.12171	0.0829236
3.67737	60.8826	0.152861	4.46071
9.3634	60.8826	0.11816	0.0802331
10.1618	63.4929	0.052109	0.114946
7.464	63.4929	0.0588697	4.59323
14.6026	58.144	4.81494	0.0550103
15.0494	60.8826	0.118585	0.107549
12.3979	60.3349	0.134785	4.48109
14.2198	55.2938	4.9262	0.0231208
14.6026	58.144	4.81494	0.0550103
11.6319	58.144	4.81144	0.049468
14.2198	55.2938	4.9262	0.0231208
17.0264	56.2438	4.90282	0.0328346
14.6026	58.144	4.81494	0.0550103
7.464	63.4929	0.0588697	4.59323
5.97957	65.9587	0.0362304	4.64513
4.76616	63.4929	0.0712914	0.117693
11.414	65.9587	0.0259268	4.5592
13.846	66.4528	0.0213858	0.104007
12.3644	68.2649	0.0135786	0.0738215
10.1618	63.4929	0.052109	0.114946
11.414	65.9587	0.0259268	4.5592
8.78345	65.7825	0.0300041	4.6146
12.8597	63.4929	0.0516245	0.11415
15.5575	63.4929	0.0562299	4.63048
13.846	66.4528	0.0213858	0.104007
10.1618	63.4929	0.052109	0.114946
12.8597	63.4929	0.0516245	0.11415
11.414	65.9587	0.0259268	4.5592
10.1618	63.4929	0.052109	0.114946
12.3979	60.3349	0.134785	4.48109
12.8597	63.4929	0.0516245	0.11415
9.83732	68.2649	0.015234	0.0877056
7.31021	68.2649	0.0191146	0.109988
8.78345	65.7825	0.0300041	4.6146
31.8745	54.2817	4.82962	0.0117623
30.9447	52.3495	4.86967	0.00726031
34.1289	53.2696	4.854	0.00734375
35.7802	55.2938	4.85234	0.00985581
31.8745	54.2817	4.82962	0.0117623
34.1289	53.2696	4.854	0.00734375
29.6201	55.2938	4.8007	0.0168754
30.9447	52.3495	4.86967	0.00726031
31.8745	54.2817	4.82962	0.0117623
29.839	59.2394	0.114334	0.0580974
26.4853	58.144	4.72203	0.053265
29.6201	55.2938	4.8007	0.0168754
33.5519	59.0383	0.12527	0.0399098
29.839	59.2394	0.114334	0.0580974
32.1533	57.1939	0.16985	0.026997
35.7802	55.2938	4.85234	0.00985581
33.5519	59.0383	0.12527	0.0399098
32.1533	57.1939	0.16985	0.026997
34.9506	60.8826	0.0854791	0.0533696
31.3817	62.6228	0.0413947	4.5223
33.5519	59.0383	0.12527	0.0399098
28.6113	62.4488	0.0511797	0.101074
26.4215	60.8826	0.098604	4.53561
29.839	59.2394	0.114334	0.0580974
26.54	55.2938	0.234495	0.0225669
27.9723	52.3495	4.87567	0.00862836
29.6201	55.2938	4.8007	0.0168754
25.6371	53.0665	0.281353	0.0124254
27.9723	52.3495	4.87567	0.00862836
26.54	55.2938	0.234495	0.0225669
24.7341	50.8393	4.92338	0.0066162
28.0388	49.3292	4.91508	0.00432552
27.9723	52.3495	4.87567	0.00862836
22.5483	72.3429	0.00443341	0.0402179
23.75	70.3973	0.00674353	0.0607812
25	72.3429	0.00426406	0.0305514
23.0327	74.7883	0.00292357	0.0180123
22.5483	72.3429	0.00443341	0.0402179
25	72.3429	0.00426406	0.0305514
21.4331	74.0896	0.00328493	0.0229587
19.0551	74.0896	0.00341357	0.0217509
20.0967	72.3429	0.00458172	0.0394544
19.0904	66.7823	0.019936	0.138675
22.2828	65.9587	0.0234565	4.66819
21.8037	69.5771	0.00836872	4.51447
24.3347	67.1118	0.0158308	0.115112
23.75	70.3973	0.00674353	0.0607812
21.8037	69.5771	0.00836872	4.51447
27.0253	69.2491	0.00835983	0.0568591
30.0542	68.2649	0.0104141	4.40731
28.75	70.3973	0.00636096	0.0415071
25.6067	64.7258	0.0309444	4.60837
28.4106	64.5496	0.0285984	0.0963042
26.9568	67.2765	0.014045	0.083373
22.2828	65.9587	0.0234565	4.66819
25.6067	64.7258	0.0309444	4.60837
24.3347	67.1118	0.0158308	0.115112
23.0704	62.1007	0.0828476	0.138262
26.4215	60.8826	0.098604	4.53561
25.6067	64.7258	0.0309444	4.60837
30.4344	65.9587	0.0180068	0.0778277
30.0542	68.2649	0.0104141	4.40731
26.9568	67.2765	0.014045	0.083373
28.6113	62.4488	0.0511797	0.101074
31.3817	62.6228	0.0413947	4.5223
28.4106	64.5496	0.0285984	0.0963042
25.6067	64.7258	0.0309444	4.60837
28.6113	62.4488	0.0511797	0.101074
28.4106	64.5496	0.0285984	0.0963042
26.4215	60.8826	0.098604	4.53561
26.4853	58.144	4.72203	0.053265
29.839	59.2394	0.114334	0.0580974
25.6067	64.7258	0.0309444	4.60837
26.4215	60.8826	0.098604	4.53561
28.6113	62.4488	0.0511797	0.101074
24.0253	59.6046	4.70167	0.0825344
23.0771	56.6239	4.84754	0.0348169
26.4853	58.144	4.72203	0.053265
33.1516	65.9587	0.0183583	0.0662635
34.8233	67.7707	0.0122579	0.0479614
32.2468	68.921	0.00853997	0.0459911
31.3817	62.6228	0.0413947	4.5223
33.1516	65.9587	0.0183583	0.0662635
30.4344	65.9587	0.0180068	0.0778277
34.1521	62.7968	0.0484626	4.44892
35.8688	65.9587	0.0203915	0.054833
33.1516	65.9587	0.0183583	0.0662635
32.355	72.3429	0.00431663	0.0196479
33.75	70.3973	0.00642149	0.0281773
34.8066	72.3429	0.00464317	0.0186684
29.3832	76.0659	0.00255293	0.00965591
28.5669	74.0896	0.00318942	0.0151686
30.9297	73.8705	0.00334011	0.0145112
31.0572	70.658	0.00586099	0.0341662
33.75	70.3973	0.00642149	0.0281773
32.355	72.3429	0.00431663	0.0196479
29.9033	72.3429	0.00424146	0.0225464
31.0572	70.658	0.00586099	0.0341662
32.355	72.3429	0.00431663	0.0196479
28.4106	64.5496	0.0285984	0.0963042
31.3817	62.6228	0.0413947	4.5223
30.4344	65.9587	0.0180068	0.0778277
24.3347	67.1118	0.0158308	0.115112
25.6067	64.7258	0.0309444	4.60837
26.9568	67.2765	0.014045	0.083373
23.0704	62.1007	0.0828476	0.138262
24.0253	59.6046	4.70167	0.0825344
26.4215	60.8826	0.098604	4.53561
30.4344	65.9587	0.0180068	0.0778277
32.2468	68.921	0.00853997	0.0459911
30.0542	68.2649	0.0104141	4.40731
34.8233	67.7707	0.0122579	0.0479614
33.75	70.3973	0.00642149	0.0281773
32.2468	68.921	0.00853997	0.0459911
43.2329	49.3292	4.93428	0.00251868
40.1224	48.7521	4.86482	0.00243196
40.433	46.2515	4.79936	0.00191877
48.7787	52.3495	4.96848	0.00319946
45.8487	52.5335	4.96061	0.00354191
46.2717	49.3292	4.96228	0.00245545
42.834	52.3495	4.94699	0.00374983
40.1224	48.7521	4.86482	0.00243196
43.2329	49.3292	4.93428	0.00251868
47.2801	58.144	4.85679	0.00974221
44.2548	57.954	4.83204	0.01172
45.0204	55.2938	4.92687	0.0059493
38.8603	55.2938	4.89394	0.00776623
35.7802	55.2938	4.85234	0.00985581
36.7564	51.5944	4.8584	0.00415606
41.9404	55.2938	4.91301	0.00678296
38.8603	55.2938	4.89394	0.00776623
39.8617	52.3495	4.91613	0.00417985
45.8487	52.5335	4.96061	0.00354191
45.0204	55.2938	4.92687	0.0059493
42.834	52.3495	4.94699	0.00374983
41.4664	58.5091	4.78919	0.0153029
40.6366	60.8826	0.115731	0.0304079
38.5596	58.6917	4.75778	0.0178429
44.2548	57.954	4.83204	0.01172
41.4664	58.5091	4.78919	0.0153029
41.9404	55.2938	4.91301	0.00678296
44.2548	57.954	4.83204	0.01172
43.4796	60.8826	0.123458	0.0303574
41.4664	58.5091	4.78919	0.0153029
38.5596	58.6917	4.75778	0.0178429
35.7802	55.2938	4.85234	0.00985581
38.8603	55.2938	4.89394	0.00776623
6.31731	42.7435	4.99168	0.00223426
3.39381	46.2515	4.99363	0.00284958
3.19711	42.9395	4.9948	0.00226221
45.8487	52.5335	4.96061	0.00354191
42.834	52.3495	4.94699	0.00374983
43.2329	49.3292	4.93428	0.00251868
48.1005	55.2938	4.94011	0.00509802
45.8487	52.5335	4.96061	0.00354191
48.7787	52.3495	4.96848	0.00319946
48.1005	55.2938	4.94011	0.00509802
47.2801	58.144	4.85679	0.00974221
45.0204	55.2938	4.92687	0.0059493
37.7936	60.8826	0.105807	0.0293997
38.5596	58.6917	4.75778	0.0178429
40.6366	60.8826	0.115731	0.0304079
41.3032	65.9587	0.0272576	0.043694
39.6261	63.8451	0.0447676	0.042187
42.43	63.669	0.0541452	4.35916
34.9506	60.8826	0.0854791	0.0533696
35.6527	58.8743	4.67876	0.0281732
37.7936	60.8826	0.105807	0.0293997
31.3817	62.6228	0.0413947	4.5223
34.9506	60.8826	0.0854791	0.0533696
34.1521	62.7968	0.0484626	4.44892
33.5519	59.0383	0.12527	0.0399098
35.7802	55.2938	4.85234	0.00985581
35.6527	58.8743	4.67876	0.0281732
31.8745	54.2817	4.82962	0.0117623
35.7802	55.2938	4.85234	0.00985581
32.1533	57.1939	0.16985	0.026997
34.1165	49.3292	0.212228	0.00322792
34.2598	46.2515	0.156009	0.00218369
37.0597	48.5598	0.204942	0.00267649
28.0388	49.3292	4.91508	0.00432552
31.0776	49.3292	4.85293	0.0038832
30.9447	52.3495	4.86967	0.00726031
28.0388	49.3292	4.91508	0.00432552
25	46.2515	4.94118	0.00274282
28.0866	46.2515	4.9009	0.00257268
36.7564	51.5944	4.8584	0.00415606
35.7802	55.2938	4.85234	0.00985581
34.1289	53.2696	4.854	0.00734375
30.9447	52.3495	4.86967	0.00726031
31.0776	49.3292	4.85293	0.0038832
34.1165	49.3292	0.212228	0.00322792
40.1224	48.7521	4.86482	0.00243196
42.834	52.3495	4.94699	0.00374983
39.8617	52.3495	4.91613	0.00417985
39.8617	52.3495	4.91613	0.00417985
42.834	52.3495	4.94699	0.00374983
41.9404	55.2938	4.91301	0.00678296
36.7564	51.5944	4.8584	0.00415606
39.8617	52.3495	4.91613	0.00417985
38.8603	55.2938	4.89394	0.00776623
36.7564	51.5944	4.8584	0.00415606
40.1224	48.7521	4.86482	0.00243196
39.8617	52.3495	4.91613	0.00417985
18.9224	49.3292	4.96571	0.00504445
19.0553	52.3495	4.95723	0.0102752
16.083	52.3495	4.96471	0.0102384
15.7402	46.2515	4.95672	0.00315892
18.8268	46.2515	4.94174	0.00302746
15.8835	49.3292	4.97392	0.00502918
21.7462	47.598	4.955	0.00367187
25	46.2515	4.94118	0.00274282
24.7341	50.8393	4.92338	0.0066162
22.0108	14.5924	0.173377	0.001356
19.9458	11.7351	0.130606	0.0013669
23.0432	12.7235	0.140249	0.00135379
17.645	7.6571	0.0728191	0.00142969
18.75	9.60269	0.100944	0.00139679
16.5822	10.0948	4.66792	0.00139701
14.9215	7.36598	0.080142	0.00145762
17.645	7.6571	0.0728191	0.00142969
16.5822	10.0948	4.66792	0.00139701
16.6772	5.91038	0.0497025	0.00145453
19.0551	5.91038	0.0406077	0.00144031
17.645	7.6571	0.0728191	0.00142969
20.0967	7.6571	0.0545774	0.00141163
21.25	9.60269	0.074608	0.00137973
18.75	9.60269	0.100944	0.00139679
17.645	7.6571	0.0728191	0.00142969
19.0551	5.91038	0.0406077	0.00144031
20.0967	7.6571	0.0545774	0.00141163
24.1844	6.78374	0.0449232	0.00142499
26.189	5.91038	0.0398071	0.00144609
25.4207	8.55507	0.079192	0.00140487
28.5669	5.91038	0.0437773	0.00145503
31.8199	4.37335	0.0320807	0.00146992
31.1316	6.34706	0.0502956	0.00144607
26.9661	0.123895	0.0159608	0.00148967
28.4094	2.238	0.0201524	0.00148622
26.0648	3.0556	0.021115	0.00147624
28.9198	0.494728	0.0184822	0.00149001
30.8485	1.10996	0.0209488	0.00148975
28.4094	2.238	0.0201524	0.00148622
31.25	9.60269	0.127858	0.0013975
33.75	9.60269	0.107233	0.00137537
32.5813	11.7351	4.75427	0.00134765
30.9096	13.2177	4.85629	0.00135876
29.636	10.915	4.74058	0.0013697
32.5813	11.7351	4.75427	0.00134765
32.355	7.6571	0.0682346	0.0014188
33.4473	6.2015	0.0466025	0.00143558
34.9468	7.95642	0.0688182	0.00139092
29.9033	7.6571	0.0745014	0.00143032
32.355	7.6571	0.0682346	0.0014188
31.25	9.60269	0.127858	0.0013975
31.1316	6.34706	0.0502956	0.00144607
31.8199	4.37335	0.0320807	0.00146992
33.4473	6.2015	0.0466025	0.00143558
29.9033	7.6571	0.0745014	0.00143032
31.1316	6.34706	0.0502956	0.00144607
32.355	7.6571	0.0682346	0.0014188
29.9033	7.6571	0.0745014	0.00143032
28.5669	5.91038	0.0437773	0.00145503
31.1316	6.34706	0.0502956	0.00144607
28.5669	5.91038	0.0437773	0.00145503
29.9033	7.6571	0.0745014	0.00143032
27.8022	8.40541	0.0931522	0.00141888
25	4.37335	0.0265337	0.00146019
27.2733	4.37335	0.0288815	0.00146836
26.189	5.91038	0.0398071	0.00144609
27.2733	4.37335	0.0288815	0.00146836
30.3241	3.0556	0.0241238	0.0014837
28.5669	5.91038	0.0437773	0.00145503
31.1316	6.34706	0.0502956	0.00144607
33.4473	6.2015	0.0466025	0.00143558
32.355	7.6571	0.0682346	0.0014188
27.2733	4.37335	0.0288815	0.00146836
28.4094	2.238	0.0201524	0.00148622
30.3241	3.0556	0.0241238	0.0014837
26.189	5.91038	0.0398071	0.00144609
27.2733	4.37335	0.0288815	0.00146836
28.5669	5.91038	0.0437773	0.00145503
26.0648	3.0556	0.021115	0.00147624
28.4094	2.238	0.0201524	0.00148622
27.2733	4.37335	0.0288815	0.00146836
29.636	10.915	4.74058	0.0013697
29.9033	7.6571	0.0745014	0.00143032
31.25	9.60269	0.127858	0.0013975
25.4207	8.55507	0.079192	0.00140487
27.8022	8.40541	0.0931522	0.00141888
27.0253	10.7509	4.69835	0.00136628
25.4207	8.55507	0.079192	0.00140487
26.189	5.91038	0.0398071	0.00144609
27.8022	8.40541	0.0931522	0.00141888
26.3489	16.5071	4.89012	0.00136777
24.3933	15.2742	0.221181	0.00136534
25.6653	12.8882	4.75458	0.00134566
30.3241	3.0556	0.0241238	0.0014837
31.8199	4.37335	0.0320807	0.00146992
28.5669	5.91038	0.0437773	0.00145503
30.8485	1.10996	0.0209488	0.00148975
30.3241	3.0556	0.0241238	0.0014837
28.4094	2.238	0.0201524	0.00148622
30.8485	1.10996	0.0209488	0.00148975
32.7403	1.96546	0.0249806	0.00148257
30.3241	3.0556	0.0241238	0.0014837
30.3241	3.0556	0.0241238	0.0014837
32.7403	1.96546	0.0249806	0.00148257
31.8199	4.37335	0.0320807	0.00146992
23.9352	3.0556	0.0203601	0.00146984
25	4.37335	0.0265337	0.00146019
22.7267	4.37335	0.0253633	0.00145414
26.9661	0.123895	0.0159608	0.00148967
26.0648	3.0556	0.021115	0.00147624
25.0248	1.47661	0.0169989	0.00148174
26.9661	0.123895	0.0159608	0.00148967
28.9198	0.494728	0.0184822	0.00149001
28.4094	2.238	0.0201524	0.00148622
25.0248	1.47661	0.0169989	0.00148174
25	-8.70219e-28	0.0160272	0.00148421
26.9661	0.123895	0.0159608	0.00148967
23.9352	3.0556	0.0203601	0.00146984
25.0248	1.47661	0.0169989	0.00148174
26.0648	3.0556	0.021115	0.00147624
23.9352	3.0556	0.0203601	0.00146984
23.0835	1.59882	0.0171762	0.00147695
25.0248	1.47661	0.0169989	0.00148174
32.7403	1.96546	0.0249806	0.00148257
34.5833	3.0556	0.0303016	0.00146499
31.8199	4.37335	0.0320807	0.00146992
25	4.37335	0.0265337	0.00146019
26.0648	3.0556	0.021115	0.00147624
27.2733	4.37335	0.0288815	0.00146836
24.1844	6.78374	0.0449232	0.00142499
25	4.37335	0.0265337	0.00146019
26.189	5.91038	0.0398071	0.00144609
23.9352	3.0556	0.0203601	0.00146984
26.0648	3.0556	0.021115	0.00147624
25	4.37335	0.0265337	0.00146019
21.913	2.6468	0.0195301	0.00146945
23.9352	3.0556	0.0203601	0.00146984
22.7267	4.37335	0.0253633	0.00145414
23.0835	1.59882	0.0171762	0.00147695
23.0339	0.123895	0.0160073	0.00148034
25.0248	1.47661	0.0169989	0.00148174
21.913	2.6468	0.0195301	0.00146945
23.0835	1.59882	0.0171762	0.00147695
23.9352	3.0556	0.0203601	0.00146984
21.4331	5.91038	0.0349166	0.00143294
20.4534	4.37335	0.0271015	0.00145367
22.7267	4.37335	0.0253633	0.00145414
19.7476	2.78306	0.0222553	0.00146712
21.0802	0.494728	0.0170557	0.0014767
21.913	2.6468	0.0195301	0.00146945
23.0339	0.123895	0.0160073	0.00148034
25	-8.70219e-28	0.0160272	0.00148421
25.0248	1.47661	0.0169989	0.00148174
33.4473	6.2015	0.0466025	0.00143558
34.5833	3.0556	0.0303016	0.00146499
35.7008	5.91038	0.0476182	0.00141808
36.3664	4.37335	0.0424046	0.00142912
35.7008	5.91038	0.0476182	0.00141808
34.5833	3.0556	0.0303016	0.00146499
23.5785	19.1174	4.91736	0.00138261
26.3489	16.5071	4.89012	0.00136777
26.4215	19.1174	4.94972	0.00139922
23.0771	23.3761	4.9807	0.00143583
25.3391	26.1784	4.98244	0.0014586
22.0277	27.6505	4.97414	0.001467
29.636	10.915	4.74058	0.0013697
27.8022	8.40541	0.0931522	0.00141888
29.9033	7.6571	0.0745014	0.00143032
29.636	10.915	4.74058	0.0013697
27.0253	10.7509	4.69835	0.00136628
27.8022	8.40541	0.0931522	0.00141888
32.5813	11.7351	4.75427	0.00134765
29.636	10.915	4.74058	0.0013697
31.25	9.60269	0.127858	0.0013975
28.2875	13.053	4.84312	0.00136041
27.0253	10.7509	4.69835	0.00136628
29.636	10.915	4.74058	0.0013697
23.0432	12.7235	0.140249	0.00135379
25.6653	12.8882	4.75458	0.00134566
24.3933	15.2742	0.221181	0.00136534
24.4145	10.5869	0.1182	0.00137363
25.4207	8.55507	0.079192	0.00140487
27.0253	10.7509	4.69835	0.00136628
23.0432	12.7235	0.140249	0.00135379
24.4145	10.5869	0.1182	0.00137363
25.6653	12.8882	4.75458	0.00134566
23.0432	12.7235	0.140249	0.00135379
21.25	9.60269	0.074608	0.00137973
24.4145	10.5869	0.1182	0.00137363
24.1844	6.78374	0.0449232	0.00142499
22.5483	7.6571	0.049645	0.00140691
21.4331	5.91038	0.0349166	0.00143294
25	4.37335	0.0265337	0.00146019
24.1844	6.78374	0.0449232	0.00142499
22.7267	4.37335	0.0253633	0.00145414
25.4207	8.55507	0.079192	0.00140487
24.4145	10.5869	0.1182	0.00137363
22.5483	7.6571	0.049645	0.00140691
24.4145	10.5869	0.1182	0.00137363
21.25	9.60269	0.074608	0.00137973
22.5483	7.6571	0.049645	0.00140691
19.5656	14.0413	0.189952	0.00136693
20.9532	16.5071	0.230277	0.001372
18.2554	16.5071	4.8698	0.00137279
19.9458	11.7351	0.130606	0.0013669
19.5656	14.0413	0.189952	0.00136693
17.7988	12.3941	4.74632	0.0013667
18.75	9.60269	0.100944	0.00139679
19.9458	11.7351	0.130606	0.0013669
17.7988	12.3941	4.74632	0.0013667
21.25	9.60269	0.074608	0.00137973
23.0432	12.7235	0.140249	0.00135379
19.9458	11.7351	0.130606	0.0013669
22.0108	14.5924	0.173377	0.001356
20.9532	16.5071	0.230277	0.001372
19.5656	14.0413	0.189952	0.00136693
19.9458	11.7351	0.130606	0.0013669
22.0108	14.5924	0.173377	0.001356
19.5656	14.0413	0.189952	0.00136693
23.0432	12.7235	0.140249	0.00135379
24.3933	15.2742	0.221181	0.00136534
22.0108	14.5924	0.173377	0.001356
17.7548	18.7251	4.93907	0.00140071
20.7355	19.1174	4.91389	0.00138358
17.2541	20.9431	4.97298	0.00142867
16.8484	14.0413	4.84333	0.00137904
18.2554	16.5071	4.8698	0.00137279
15.9817	15.8026	4.9105	0.00139805
20.9532	16.5071	0.230277	0.001372
20.7355	19.1174	4.91389	0.00138358
18.2554	16.5071	4.8698	0.00137279
14.9215	7.36598	0.080142	0.00145762
16.5822	10.0948	4.66792	0.00139701
13.513	9.30337	0.136184	0.00146059
12.6058	7.51154	0.0924547	0.00147243
14.9215	7.36598	0.080142	0.00145762
13.513	9.30337	0.136184	0.00146059
13.6336	4.37335	0.0487383	0.0014723
15.4167	3.0556	0.0344498	0.00146968
16.6772	5.91038	0.0497025	0.00145453
19.7476	2.78306	0.0222553	0.00146712
19.1515	1.10996	0.0207516	0.00147145
21.0802	0.494728	0.0170557	0.0014767
20.4534	4.37335	0.0271015	0.00145367
19.0551	5.91038	0.0406077	0.00144031
18.1801	4.37335	0.0319826	0.00145901
21.913	2.6468	0.0195301	0.00146945
20.4534	4.37335	0.0271015	0.00145367
19.7476	2.78306	0.0222553	0.00146712
21.4331	5.91038	0.0349166	0.00143294
19.0551	5.91038	0.0406077	0.00144031
20.4534	4.37335	0.0271015	0.00145367
24.1844	6.78374	0.0449232	0.00142499
21.4331	5.91038	0.0349166	0.00143294
22.7267	4.37335	0.0253633	0.00145414
20.0967	7.6571	0.0545774	0.00141163
19.0551	5.91038	0.0406077	0.00144031
21.4331	5.91038	0.0349166	0.00143294
20.4534	4.37335	0.0271015	0.00145367
18.1801	4.37335	0.0319826	0.00145901
19.7476	2.78306	0.0222553	0.00146712
23.0835	1.59882	0.0171762	0.00147695
21.0802	0.494728	0.0170557	0.0014767
23.0339	0.123895	0.0160073	0.00148034
27.8022	8.40541	0.0931522	0.00141888
26.189	5.91038	0.0398071	0.00144609
28.5669	5.91038	0.0437773	0.00145503
25.6653	12.8882	4.75458	0.00134566
24.4145	10.5869	0.1182	0.00137363
27.0253	10.7509	4.69835	0.00136628
22.5483	7.6571	0.049645	0.00140691
20.0967	7.6571	0.0545774	0.00141163
21.4331	5.91038	0.0349166	0.00143294
25.4207	8.55507	0.079192	0.00140487
22.5483	7.6571	0.049645	0.00140691
24.1844	6.78374	0.0449232	0.00142499
21.25	9.60269	0.074608	0.00137973
20.0967	7.6571	0.0545774	0.00141163
22.5483	7.6571	0.049645	0.00140691
14.9215	7.36598	0.080142	0.00145762
16.6772	5.91038	0.0497025	0.00145453
17.645	7.6571	0.0728191	0.00142969
21.913	2.6468	0.0195301	0.00146945
21.0802	0.494728	0.0170557	0.0014767
23.0835	1.59882	0.0171762	0.00147695
37.3284	7.80676	0.0732392	0.00137295
38.0788	5.91038	0.0588983	0.00139047
39.7099	7.6571	0.0930717	0.00135912
33.4473	6.2015	0.0466025	0.00143558
35.7008	5.91038	0.0476182	0.00141808
34.9468	7.95642	0.0688182	0.00139092
33.75	9.60269	0.107233	0.00137537
32.355	7.6571	0.0682346	0.0014188
34.9468	7.95642	0.0688182	0.00139092
31.8199	4.37335	0.0320807	0.00146992
34.5833	3.0556	0.0303016	0.00146499
33.4473	6.2015	0.0466025	0.00143558
36.3664	4.37335	0.0424046	0.00142912
38.0788	5.91038	0.0588983	0.00139047
35.7008	5.91038	0.0476182	0.00141808
19.7476	2.78306	0.0222553	0.00146712
17.2597	1.96546	0.0257834	0.00146967
19.1515	1.10996	0.0207516	0.00147145
18.1801	4.37335	0.0319826	0.00145901
16.6772	5.91038	0.0497025	0.00145453
15.4167	3.0556	0.0344498	0.00146968
19.7476	2.78306	0.0222553	0.00146712
18.1801	4.37335	0.0319826	0.00145901
17.2597	1.96546	0.0257834	0.00146967
19.0551	5.91038	0.0406077	0.00144031
16.6772	5.91038	0.0497025	0.00145453
18.1801	4.37335	0.0319826	0.00145901
21.913	2.6468	0.0195301	0.00146945
22.7267	4.37335	0.0253633	0.00145414
20.4534	4.37335	0.0271015	0.00145367
20.0967	7.6571	0.0545774	0.00141163
18.75	9.60269	0.100944	0.00139679
17.645	7.6571	0.0728191	0.00142969
14.9215	7.36598	0.080142	0.00145762
13.6336	4.37335	0.0487383	0.0014723
16.6772	5.91038	0.0497025	0.00145453
32.355	7.6571	0.0682346	0.0014188
33.75	9.60269	0.107233	0.00137537
31.25	9.60269	0.127858	0.0013975
38.0788	5.91038	0.0588983	0.00139047
37.3284	7.80676	0.0732392	0.00137295
35.7008	5.91038	0.0476182	0.00141808
38.75	9.60269	0.121701	0.0013509
41.25	9.60269	0.16706	0.00135782
40.1627	11.7351	4.79566	0.00134471
36.25	9.60269	0.100213	0.00135604
38.75	9.60269	0.121701	0.0013509
37.4683	11.4071	0.173362	0.00134475
39.7099	7.6571	0.0930717	0.00135912
41.25	9.60269	0.16706	0.00135782
38.75	9.60269	0.121701	0.0013509
15.4167	3.0556	0.0344498	0.00146968
17.2597	1.96546	0.0257834	0.00146967
18.1801	4.37335	0.0319826	0.00145901
44.0204	14.0413	4.94681	0.0014181
41.2166	14.2175	4.92112	0.00139108
42.6898	11.7351	4.86747	0.00136911
14.9215	7.36598	0.080142	0.00145762
12.6058	7.51154	0.0924547	0.00147243
13.6336	4.37335	0.0487383	0.0014723
15.1767	12.2293	4.81788	0.00140565
12.5545	12.0646	4.82996	0.0014404
13.513	9.30337	0.136184	0.00146059
16.5822	10.0948	4.66792	0.00139701
17.7988	12.3941	4.74632	0.0013667
15.1767	12.2293	4.81788	0.00140565
14.1312	14.0413	4.89662	0.00141961
12.5545	12.0646	4.82996	0.0014404
15.1767	12.2293	4.81788	0.00140565
15.9817	15.8026	4.9105	0.00139805
14.7591	18.4213	4.96362	0.00143102
13.1778	15.9788	4.94471	0.00143657
16.5822	10.0948	4.66792	0.00139701
18.75	9.60269	0.100944	0.00139679
17.7988	12.3941	4.74632	0.0013667
22.0108	14.5924	0.173377	0.001356
24.3933	15.2742	0.221181	0.00136534
20.9532	16.5071	0.230277	0.001372
11.4404	21.3083	4.98882	0.00147496
12.2064	19.1174	4.97907	0.00145904
14.6026	21.856	4.98559	0.00145784
8.66123	21.856	4.99232	0.00148883
11.4404	21.3083	4.98882	0.00147496
10.9756	24.1362	4.9934	0.00149246
8.66123	21.856	4.99232	0.00148883
9.3634	19.1174	4.98442	0.00147628
11.4404	21.3083	4.98882	0.00147496
6.52038	19.1174	4.98813	0.00148475
7.464	16.5071	4.97364	0.001477
9.3634	19.1174	4.98442	0.00147628
3.67737	19.1174	4.99088	0.00148882
6.52038	19.1174	4.98813	0.00148475
5.62671	21.6734	4.99369	0.00149499
3.67737	19.1174	4.99088	0.00148882
4.76616	16.5071	4.98088	0.00148157
6.52038	19.1174	4.98813	0.00148475
10.1618	16.5071	4.96497	0.00146513
12.2064	19.1174	4.97907	0.00145904
9.3634	19.1174	4.98442	0.00147628
5.97957	14.0413	4.95601	0.00147591
8.69678	14.0413	4.93581	0.00146942
7.464	16.5071	4.97364	0.001477
11.414	14.0413	4.91698	0.00145148
13.1778	15.9788	4.94471	0.00143657
10.1618	16.5071	4.96497	0.00146513
15.1767	12.2293	4.81788	0.00140565
16.8484	14.0413	4.84333	0.00137904
14.1312	14.0413	4.89662	0.00141961
6.52038	19.1174	4.98813	0.00148475
9.3634	19.1174	4.98442	0.00147628
8.66123	21.856	4.99232	0.00148883
14.7591	18.4213	4.96362	0.00143102
12.2064	19.1174	4.97907	0.00145904
13.1778	15.9788	4.94471	0.00143657
14.7591	18.4213	4.96362	0.00143102
14.6026	21.856	4.98559	0.00145784
12.2064	19.1174	4.97907	0.00145904
12.6058	7.51154	0.0924547	0.00147243
11.9212	5.91038	0.0780909	0.00147483
13.6336	4.37335	0.0487383	0.0014723
11.25	9.60269	0.155045	0.00147848
12.6058	7.51154	0.0924547	0.00147243
13.513	9.30337	0.136184	0.00146059
10.2901	7.6571	0.117218	0.00148118
11.9212	5.91038	0.0780909	0.00147483
12.6058	7.51154	0.0924547	0.00147243
41.2166	14.2175	4.92112	0.00139108
40.1627	11.7351	4.79566	0.00134471
42.6898	11.7351	4.86747	0.00136911
35.1085	11.7351	0.178994	0.00134857
37.4683	11.4071	0.173362	0.00134475
35.6088	14.5697	4.87357	0.00134944
33.1516	14.0413	4.87125	0.00135121
35.1085	11.7351	0.178994	0.00134857
35.6088	14.5697	4.87357	0.00134944
32.5813	11.7351	4.75427	0.00134765
33.75	9.60269	0.107233	0.00137537
35.1085	11.7351	0.178994	0.00134857
37.3284	7.80676	0.0732392	0.00137295
39.7099	7.6571	0.0930717	0.00135912
38.75	9.60269	0.121701	0.0013509
36.25	9.60269	0.100213	0.00135604
37.3284	7.80676	0.0732392	0.00137295
38.75	9.60269	0.121701	0.0013509
35.1085	11.7351	0.178994	0.00134857
36.25	9.60269	0.100213	0.00135604
37.4683	11.4071	0.173362	0.00134475
34.9468	7.95642	0.0688182	0.00139092
37.3284	7.80676	0.0732392	0.00137295
36.25	9.60269	0.100213	0.00135604
34.9468	7.95642	0.0688182	0.00139092
35.7008	5.91038	0.0476182	0.00141808
37.3284	7.80676	0.0732392	0.00137295
42.536	16.5071	4.96821	0.00144058
44.0204	14.0413	4.94681	0.0014181
45.2338	16.5071	4.97816	0.00145931
38.4127	14.3936	4.88746	0.00136122
41.2166	14.2175	4.92112	0.00139108
39.693	16.8552	4.95869	0.00141799
38.4127	14.3936	4.88746	0.00136122
37.4683	11.4071	0.173362	0.00134475
40.1627	11.7351	4.79566	0.00134471
10.2901	7.6571	0.117218	0.00148118
12.6058	7.51154	0.0924547	0.00147243
11.25	9.60269	0.155045	0.00147848
28.2875	13.053	4.84312	0.00136041
30.001	14.922	4.91066	0.00137249
26.3489	16.5071	4.89012	0.00136777
35.1085	11.7351	0.178994	0.00134857
33.1516	14.0413	4.87125	0.00135121
32.5813	11.7351	4.75427	0.00134765
30.001	14.922	4.91066	0.00137249
28.6113	17.5512	4.94526	0.00139428
26.3489	16.5071	4.89012	0.00136777
30.9096	13.2177	4.85629	0.00135876
30.001	14.922	4.91066	0.00137249
28.2875	13.053	4.84312	0.00136041
29.636	10.915	4.74058	0.0013697
30.9096	13.2177	4.85629	0.00135876
28.2875	13.053	4.84312	0.00136041
32.5813	11.7351	4.75427	0.00134765
33.1516	14.0413	4.87125	0.00135121
30.9096	13.2177	4.85629	0.00135876
31.7446	16.5071	4.94178	0.0013883
28.6113	17.5512	4.94526	0.00139428
30.001	14.922	4.91066	0.00137249
34.4425	16.5071	4.93892	0.00138438
31.7446	16.5071	4.94178	0.0013883
33.1516	14.0413	4.87125	0.00135121
34.4425	16.5071	4.93892	0.00138438
34.9506	19.1174	4.97486	0.00143205
32.1075	19.1174	4.97388	0.00142684
37.1403	16.5071	4.94163	0.0013909
34.4425	16.5071	4.93892	0.00138438
35.6088	14.5697	4.87357	0.00134944
37.1403	16.5071	4.94163	0.0013909
37.7936	19.1174	4.97689	0.00144196
34.9506	19.1174	4.97486	0.00143205
11.414	14.0413	4.91698	0.00145148
14.1312	14.0413	4.89662	0.00141961
13.1778	15.9788	4.94471	0.00143657
8.69678	14.0413	4.93581	0.00146942
9.93237	11.8999	4.84888	0.0014621
11.414	14.0413	4.91698	0.00145148
11.25	9.60269	0.155045	0.00147848
13.513	9.30337	0.136184	0.00146059
12.5545	12.0646	4.82996	0.0014404
10.2901	7.6571	0.117218	0.00148118
11.25	9.60269	0.155045	0.00147848
8.74996	9.60269	0.190598	0.00148782
13.513	9.30337	0.136184	0.00146059
16.5822	10.0948	4.66792	0.00139701
15.1767	12.2293	4.81788	0.00140565
9.93237	11.8999	4.84888	0.0014621
11.25	9.60269	0.155045	0.00147848
12.5545	12.0646	4.82996	0.0014404
11.414	14.0413	4.91698	0.00145148
9.93237	11.8999	4.84888	0.0014621
12.5545	12.0646	4.82996	0.0014404
8.69678	14.0413	4.93581	0.00146942
7.31021	11.7351	4.89122	0.00147027
9.93237	11.8999	4.84888	0.0014621
37.4683	11.4071	0.173362	0.00134475
38.4127	14.3936	4.88746	0.00136122
35.6088	14.5697	4.87357	0.00134944
42.536	16.5071	4.96821	0.00144058
43.4158	19.3	4.98752	0.00147657
40.5089	19.4825	4.98369	0.00146241
44.0204	14.0413	4.94681	0.0014181
42.536	16.5071	4.96821	0.00144058
41.2166	14.2175	4.92112	0.00139108
45.2338	16.5071	4.97816	0.00145931
43.4158	19.3	4.98752	0.00147657
42.536	16.5071	4.96821	0.00144058
40.5089	19.4825	4.98369	0.00146241
41.2294	22.236	4.9928	0.00149159
38.204	22.4261	4.99179	0.00148324
42.536	16.5071	4.96821	0.00144058
40.5089	19.4825	4.98369	0.00146241
39.693	16.8552	4.95869	0.00141799
43.4158	19.3	4.98752	0.00147657
41.2294	22.236	4.9928	0.00149159
40.5089	19.4825	4.98369	0.00146241
47.2801	21.856	4.99492	0.00150453
44.3095	21.856	4.99381	0.00149799
46.3226	19.1174	4.9904	0.00148535
38.4127	14.3936	4.88746	0.00136122
37.1403	16.5071	4.94163	0.0013909
35.6088	14.5697	4.87357	0.00134944
40.1627	11.7351	4.79566	0.00134471
41.2166	14.2175	4.92112	0.00139108
38.4127	14.3936	4.88746	0.00136122
38.75	9.60269	0.121701	0.0013509
40.1627	11.7351	4.79566	0.00134471
37.4683	11.4071	0.173362	0.00134475
41.25	9.60269	0.16706	0.00135782
42.6898	11.7351	4.86747	0.00136911
40.1627	11.7351	4.79566	0.00134471
39.693	16.8552	4.95869	0.00141799
37.1403	16.5071	4.94163	0.0013909
38.4127	14.3936	4.88746	0.00136122
40.5089	19.4825	4.98369	0.00146241
37.7936	19.1174	4.97689	0.00144196
39.693	16.8552	4.95869	0.00141799
28.8815	20.2128	4.97459	0.00142766
29.1279	22.9961	4.98688	0.00145473
26.1025	23.1861	4.98229	0.0014415
32.1075	19.1174	4.97388	0.00142684
34.9506	19.1174	4.97486	0.00143205
32.4267	21.856	4.9879	0.00145987
28.8815	20.2128	4.97459	0.00142766
32.1075	19.1174	4.97388	0.00142684
32.4267	21.856	4.9879	0.00145987
31.7446	16.5071	4.94178	0.0013883
34.4425	16.5071	4.93892	0.00138438
32.1075	19.1174	4.97388	0.00142684
28.6113	17.5512	4.94526	0.00139428
31.7446	16.5071	4.94178	0.0013883
32.1075	19.1174	4.97388	0.00142684
11.414	14.0413	4.91698	0.00145148
12.5545	12.0646	4.82996	0.0014404
14.1312	14.0413	4.89662	0.00141961
12.2064	19.1174	4.97907	0.00145904
10.1618	16.5071	4.96497	0.00146513
13.1778	15.9788	4.94471	0.00143657
9.93237	11.8999	4.84888	0.0014621
8.74996	9.60269	0.190598	0.00148782
11.25	9.60269	0.155045	0.00147848
43.4158	19.3	4.98752	0.00147657
45.2338	16.5071	4.97816	0.00145931
46.3226	19.1174	4.9904	0.00148535
33.1516	14.0413	4.87125	0.00135121
35.6088	14.5697	4.87357	0.00134944
34.4425	16.5071	4.93892	0.00138438
36.25	9.60269	0.100213	0.00135604
33.75	9.60269	0.107233	0.00137537
34.9468	7.95642	0.0688182	0.00139092
21.9134	33.7485	0.263737	0.00154904
18.9132	34.917	4.85832	0.00158264
18.6835	32.5943	4.91924	0.00153389
25	30.6708	4.93127	0.00147414
21.9134	33.7485	0.263737	0.00154904
21.9612	30.6708	4.92692	0.00148894
21.8846	36.8646	4.81109	0.00160126
18.9132	34.917	4.85832	0.00158264
21.9134	33.7485	0.263737	0.00154904
25	40	4.87554	0.00162954
21.8846	36.8646	4.81109	0.00160126
25.1151	35.3065	0.255804	0.00152015
21.9134	33.7485	0.263737	0.00154904
18.6835	32.5943	4.91924	0.00153389
21.9612	30.6708	4.92692	0.00148894
18.7212	38.8242	0.208765	0.00176437
18.9132	34.917	4.85832	0.00158264
21.8846	36.8646	4.81109	0.00160126
17.2667	36.7732	0.251065	0.00169298
15.8122	34.7222	4.90443	0.00160481
18.9132	34.917	4.85832	0.00158264
18.7212	38.8242	0.208765	0.00176437
17.2667	36.7732	0.251065	0.00169298
18.9132	34.917	4.85832	0.00158264
18.7212	38.8242	0.208765	0.00176437
15.601	39.0202	0.244412	0.00181113
17.2667	36.7732	0.251065	0.00169298
18.7981	41.9596	0.23671	0.00212743
18.7212	38.8242	0.208765	0.00176437
21.9014	39.3141	0.241639	0.00173211
15.601	39.0202	0.244412	0.00181113
15.8122	34.7222	4.90443	0.00160481
17.2667	36.7732	0.251065	0.00169298
14.001	23.9462	4.99068	0.00147642
14.6026	21.856	4.98559	0.00145784
17.2998	24.7062	4.98777	0.00146331
13.1107	27.6505	4.99037	0.001509
12.8447	30.6708	4.98264	0.00154538
10.1383	27.6505	4.99372	0.00152349
15.2052	26.1784	4.98954	0.00148584
15.7173	29.727	4.97863	0.00151425
13.1107	27.6505	4.99037	0.001509
20.3799	24.7062	4.98247	0.00144958
18.0114	27.1222	4.98285	0.00147793
17.2998	24.7062	4.98777	0.00146331
18.7229	29.5382	4.96547	0.00149485
15.7173	29.727	4.97863	0.00151425
18.0114	27.1222	4.98285	0.00147793
18.7229	29.5382	4.96547	0.00149485
18.6835	32.5943	4.91924	0.00153389
15.7173	29.727	4.97863	0.00151425
10.9756	24.1362	4.9934	0.00149246
8.05963	24.7062	4.9951	0.00150612
8.66123	21.856	4.99232	0.00148883
10.1383	27.6505	4.99372	0.00152349
8.05963	24.7062	4.9951	0.00150612
10.9756	24.1362	4.9934	0.00149246
10.1383	27.6505	4.99372	0.00152349
9.80591	30.6708	4.99035	0.00156498
7.16598	27.6505	4.99568	0.00153458
6.70061	30.2933	4.99494	0.00157227
7.16598	27.6505	4.99568	0.00153458
9.80591	30.6708	4.99035	0.00156498
4.97956	24.7062	4.99597	0.00151354
5.62671	21.6734	4.99369	0.00149499
8.05963	24.7062	4.9951	0.00150612
3.67737	19.1174	4.99088	0.00148882
5.62671	21.6734	4.99369	0.00149499
2.71986	21.856	4.99489	0.00150036
6.52038	19.1174	4.98813	0.00148475
4.76616	16.5071	4.98088	0.00148157
7.464	16.5071	4.97364	0.001477
25	30.6708	4.93127	0.00147414
28.0388	30.6708	4.96203	0.00146643
28.0866	33.7485	4.91693	0.0014524
47.2801	21.856	4.99492	0.00150453
48.1005	24.7062	4.99664	0.0015284
45.0204	24.7062	4.99627	0.00152109
26.4215	19.1174	4.94972	0.00139922
26.3489	16.5071	4.89012	0.00136777
28.6113	17.5512	4.94526	0.00139428
18.0114	27.1222	4.98285	0.00147793
22.0277	27.6505	4.97414	0.001467
18.7229	29.5382	4.96547	0.00149485
17.2541	20.9431	4.97298	0.00142867
20.544	21.856	4.96912	0.00141954
17.2998	24.7062	4.98777	0.00146331
23.0771	23.3761	4.9807	0.00143583
26.1025	23.1861	4.98229	0.0014415
25.3391	26.1784	4.98244	0.0014586
17.2998	24.7062	4.98777	0.00146331
20.544	21.856	4.96912	0.00141954
20.3799	24.7062	4.98247	0.00144958
24.8405	21.1517	4.96426	0.00141397
26.1025	23.1861	4.98229	0.0014415
23.0771	23.3761	4.9807	0.00143583
20.544	21.856	4.96912	0.00141954
24.8405	21.1517	4.96426	0.00141397
23.0771	23.3761	4.9807	0.00143583
23.5785	19.1174	4.91736	0.00138261
26.4215	19.1174	4.94972	0.00139922
24.8405	21.1517	4.96426	0.00141397
31.199	26.5464	4.99067	0.00148116
30.7452	28.7831	4.98517	0.00147932
28.269	26.3624	4.98649	0.00146861
29.1279	22.9961	4.98688	0.00145473
31.199	26.5464	4.99067	0.00148116
28.269	26.3624	4.98649	0.00146861
32.7002	24.7062	4.99247	0.00148106
33.7508	28.5944	4.99173	0.00149813
31.199	26.5464	4.99067	0.00148116
20.544	21.856	4.96912	0.00141954
23.0771	23.3761	4.9807	0.00143583
20.3799	24.7062	4.98247	0.00144958
20.7355	19.1174	4.91389	0.00138358
20.544	21.856	4.96912	0.00141954
17.2541	20.9431	4.97298	0.00142867
17.7548	18.7251	4.93907	0.00140071
18.2554	16.5071	4.8698	0.00137279
20.7355	19.1174	4.91389	0.00138358
14.7591	18.4213	4.96362	0.00143102
17.7548	18.7251	4.93907	0.00140071
17.2541	20.9431	4.97298	0.00142867
14.7591	18.4213	4.96362	0.00143102
15.9817	15.8026	4.9105	0.00139805
17.7548	18.7251	4.93907	0.00140071
20.9532	16.5071	0.230277	0.001372
23.5785	19.1174	4.91736	0.00138261
20.7355	19.1174	4.91389	0.00138358
23.5785	19.1174	4.91736	0.00138261
24.8405	21.1517	4.96426	0.00141397
20.544	21.856	4.96912	0.00141954
26.689	28.4246	4.97272	0.00146749
22.0277	27.6505	4.97414	0.001467
25.3391	26.1784	4.98244	0.0014586
21.9612	30.6708	4.92692	0.00148894
18.6835	32.5943	4.91924	0.00153389
18.7229	29.5382	4.96547	0.00149485
20.7355	19.1174	4.91389	0.00138358
23.5785	19.1174	4.91736	0.00138261
20.544	21.856	4.96912	0.00141954
16.8484	14.0413	4.84333	0.00137904
19.5656	14.0413	0.189952	0.00136693
18.2554	16.5071	4.8698	0.00137279
16.8484	14.0413	4.84333	0.00137904
17.7988	12.3941	4.74632	0.0013667
19.5656	14.0413	0.189952	0.00136693
14.1312	14.0413	4.89662	0.00141961
16.8484	14.0413	4.84333	0.00137904
15.9817	15.8026	4.9105	0.00139805
15.1767	12.2293	4.81788	0.00140565
17.7988	12.3941	4.74632	0.0013667
16.8484	14.0413	4.84333	0.00137904
18.75	9.60269	0.100944	0.00139679
21.25	9.60269	0.074608	0.00137973
19.9458	11.7351	0.130606	0.0013669
24.3933	15.2742	0.221181	0.00136534
23.5785	19.1174	4.91736	0.00138261
20.9532	16.5071	0.230277	0.001372
4.97956	24.7062	4.99597	0.00151354
4.19365	27.6505	4.99655	0.00154334
1.8995	24.7062	4.9964	0.00151972
8.74996	9.60269	0.190598	0.00148782
9.93237	11.8999	4.84888	0.0014621
7.31021	11.7351	4.89122	0.00147027
46.8029	37.0605	4.97575	0.00161282
43.6827	37.2565	4.93766	0.00151418
46.6062	33.7485	4.99323	0.00161825
41.9404	24.7062	4.99564	0.00151273
45.0204	24.7062	4.99627	0.00152109
42.7675	28.0281	4.99657	0.00154505
38.8603	24.7062	4.9949	0.00150353
41.9404	24.7062	4.99564	0.00151273
39.9888	27.0985	4.99582	0.00152521
41.2294	22.236	4.9928	0.00149159
44.3095	21.856	4.99381	0.00149799
41.9404	24.7062	4.99564	0.00151273
48.7787	27.6505	4.99757	0.00156394
49.3105	30.6708	4.99808	0.00160871
46.2478	30.8632	4.99698	0.0015943
26.1025	23.1861	4.98229	0.0014415
24.8405	21.1517	4.96426	0.00141397
28.8815	20.2128	4.97459	0.00142766
28.269	26.3624	4.98649	0.00146861
26.1025	23.1861	4.98229	0.0014415
29.1279	22.9961	4.98688	0.00145473
23.0771	23.3761	4.9807	0.00143583
22.0277	27.6505	4.97414	0.001467
20.3799	24.7062	4.98247	0.00144958
12.8447	30.6708	4.98264	0.00154538
12.7112	34.5275	4.95996	0.00162718
9.49534	33.1714	4.98641	0.00161517
10.1383	27.6505	4.99372	0.00152349
12.8447	30.6708	4.98264	0.00154538
9.80591	30.6708	4.99035	0.00156498
14.3285	32.6965	4.95989	0.0015719
18.6835	32.5943	4.91924	0.00153389
15.8122	34.7222	4.90443	0.00160481
25.1151	35.3065	0.255804	0.00152015
21.8846	36.8646	4.81109	0.00160126
21.9134	33.7485	0.263737	0.00154904
14.3285	32.6965	4.95989	0.0015719
12.7112	34.5275	4.95996	0.00162718
12.8447	30.6708	4.98264	0.00154538
18.9132	34.917	4.85832	0.00158264
15.8122	34.7222	4.90443	0.00160481
18.6835	32.5943	4.91924	0.00153389
15.601	39.0202	0.244412	0.00181113
12.5385	36.8646	4.93755	0.00170579
15.8122	34.7222	4.90443	0.00160481
23.5785	19.1174	4.91736	0.00138261
24.3933	15.2742	0.221181	0.00136534
26.3489	16.5071	4.89012	0.00136777
28.8815	20.2128	4.97459	0.00142766
24.8405	21.1517	4.96426	0.00141397
26.4215	19.1174	4.94972	0.00139922
18.2554	16.5071	4.8698	0.00137279
17.7548	18.7251	4.93907	0.00140071
15.9817	15.8026	4.9105	0.00139805
14.6026	21.856	4.98559	0.00145784
17.2541	20.9431	4.97298	0.00142867
17.2998	24.7062	4.98777	0.00146331
15.9817	15.8026	4.9105	0.00139805
13.1778	15.9788	4.94471	0.00143657
14.1312	14.0413	4.89662	0.00141961
14.6026	21.856	4.98559	0.00145784
14.7591	18.4213	4.96362	0.00143102
17.2541	20.9431	4.97298	0.00142867
11.4404	21.3083	4.98882	0.00147496
14.001	23.9462	4.99068	0.00147642
10.9756	24.1362	4.9934	0.00149246
30.001	14.922	4.91066	0.00137249
30.9096	13.2177	4.85629	0.00135876
33.1516	14.0413	4.87125	0.00135121
31.7446	16.5071	4.94178	0.0013883
30.001	14.922	4.91066	0.00137249
33.1516	14.0413	4.87125	0.00135121
25.6653	12.8882	4.75458	0.00134566
27.0253	10.7509	4.69835	0.00136628
28.2875	13.053	4.84312	0.00136041
25.6653	12.8882	4.75458	0.00134566
28.2875	13.053	4.84312	0.00136041
26.3489	16.5071	4.89012	0.00136777
33.75	9.60269	0.107233	0.00137537
36.25	9.60269	0.100213	0.00135604
35.1085	11.7351	0.178994	0.00134857
39.693	16.8552	4.95869	0.00141799
41.2166	14.2175	4.92112	0.00139108
42.536	16.5071	4.96821	0.00144058
28.8815	20.2128	4.97459	0.00142766
26.4215	19.1174	4.94972	0.00139922
28.6113	17.5512	4.94526	0.00139428
40.625	40	0.221982	0.00140175
43.75	40	4.86773	0.00148711
43.6923	43.1354	0.238324	0.00167179
34.399	40.9798	0.166666	0.00148256
37.5	40	4.78356	0.00134691
37.5191	43.9145	0.144989	0.00167891
40.5769	36.8646	4.91764	0.00144117
43.6827	37.2565	4.93766	0.00151418
40.625	40	0.221982	0.00140175
37.3464	33.7485	4.97026	0.00148259
33.997	31.6326	4.97916	0.00148157
37.1553	30.6708	4.98896	0.00151613
40.625	40	0.221982	0.00140175
37.5	40	4.78356	0.00134691
40.5769	36.8646	4.91764	0.00144117
37.4615	36.8646	4.91579	0.00140259
34.1596	34.7385	4.94475	0.00142532
37.3464	33.7485	4.97026	0.00148259
46.2478	30.8632	4.99698	0.0015943
45.7731	27.8393	4.99724	0.00155581
48.7787	27.6505	4.99757	0.00156394
49.6928	33.7485	4.99608	0.00164504
46.6062	33.7485	4.99323	0.00161825
49.3105	30.6708	4.99808	0.00160871
40.1941	30.6708	4.99255	0.00154305
37.1553	30.6708	4.98896	0.00151613
36.8893	27.6505	4.9945	0.00151346
43.2329	30.6708	4.99498	0.00156828
40.1941	30.6708	4.99255	0.00154305
42.7675	28.0281	4.99657	0.00154505
40.433	33.7485	4.97575	0.00151798
37.3464	33.7485	4.97026	0.00148259
40.1941	30.6708	4.99255	0.00154305
31.3171	35.696	4.89411	0.00136028
31.2019	38.0404	0.203024	0.00119696
28.1154	36.8646	4.86343	0.00141502
33.997	31.6326	4.97916	0.00148157
34.1596	34.7385	4.94475	0.00142532
30.9343	31.8249	4.96949	0.00146328
34.3221	37.8444	4.84274	0.00132686
31.2019	38.0404	0.203024	0.00119696
31.3171	35.696	4.89411	0.00136028
37.5	40	4.78356	0.00134691
34.3221	37.8444	4.84274	0.00132686
37.4615	36.8646	4.91579	0.00140259
34.399	40.9798	0.166666	0.00148256
31.2019	38.0404	0.203024	0.00119696
34.3221	37.8444	4.84274	0.00132686
40.1941	30.6708	4.99255	0.00154305
39.9888	27.0985	4.99582	0.00152521
42.7675	28.0281	4.99657	0.00154505
7.16598	27.6505	4.99568	0.00153458
8.05963	24.7062	4.9951	0.00150612
10.1383	27.6505	4.99372	0.00152349
3.69504	30.482	4.99643	0.00158577
4.19365	27.6505	4.99655	0.00154334
6.70061	30.2933	4.99494	0.00157227
4.97956	24.7062	4.99597	0.00151354
8.05963	24.7062	4.9951	0.00150612
7.16598	27.6505	4.99568	0.00153458
2.71986	21.856	4.99489	0.00150036
4.97956	24.7062	4.99597	0.00151354
1.8995	24.7062	4.9964	0.00151972
14.001	23.9462	4.99068	0.00147642
11.4404	21.3083	4.98882	0.00147496
14.6026	21.856	4.98559	0.00145784
13.1107	27.6505	4.99037	0.001509
10.9756	24.1362	4.9934	0.00149246
14.001	23.9462	4.99068	0.00147642
8.66123	21.856	4.99232	0.00148883
5.62671	21.6734	4.99369	0.00149499
6.52038	19.1174	4.98813	0.00148475
12.2064	19.1174	4.97907	0.00145904
11.4404	21.3083	4.98882	0.00147496
9.3634	19.1174	4.98442	0.00147628
8.05963	24.7062	4.9951	0.00150612
5.62671	21.6734	4.99369	0.00149499
8.66123	21.856	4.99232	0.00148883
44.3095	21.856	4.99381	0.00149799
41.2294	22.236	4.9928	0.00149159
43.4158	19.3	4.98752	0.00147657
45.7731	27.8393	4.99724	0.00155581
45.0204	24.7062	4.99627	0.00152109
48.1005	24.7062	4.99664	0.0015284
38.8603	24.7062	4.9949	0.00150353
36.8893	27.6505	4.9945	0.00151346
35.7802	24.7062	4.9941	0.00149346
45.7731	27.8393	4.99724	0.00155581
42.7675	28.0281	4.99657	0.00154505
45.0204	24.7062	4.99627	0.00152109
43.2329	30.6708	4.99498	0.00156828
46.2478	30.8632	4.99698	0.0015943
43.5196	33.7485	4.98381	0.00156503
40.433	33.7485	4.97575	0.00151798
43.2329	30.6708	4.99498	0.00156828
43.5196	33.7485	4.98381	0.00156503
42.7675	28.0281	4.99657	0.00154505
45.7731	27.8393	4.99724	0.00155581
43.2329	30.6708	4.99498	0.00156828
41.9404	24.7062	4.99564	0.00151273
42.7675	28.0281	4.99657	0.00154505
39.9888	27.0985	4.99582	0.00152521
45.7731	27.8393	4.99724	0.00155581
46.2478	30.8632	4.99698	0.0015943
43.2329	30.6708	4.99498	0.00156828
8.69678	14.0413	4.93581	0.00146942
5.97957	14.0413	4.95601	0.00147591
7.31021	11.7351	4.89122	0.00147027
10.1618	16.5071	4.96497	0.00146513
8.69678	14.0413	4.93581	0.00146942
11.414	14.0413	4.91698	0.00145148
7.464	16.5071	4.97364	0.001477
4.76616	16.5071	4.98088	0.00148157
5.97957	14.0413	4.95601	0.00147591
10.1618	16.5071	4.96497	0.00146513
7.464	16.5071	4.97364	0.001477
8.69678	14.0413	4.93581	0.00146942
10.1618	16.5071	4.96497	0.00146513
9.3634	19.1174	4.98442	0.00147628
7.464	16.5071	4.97364	0.001477
9.42308	36.8646	4.97824	0.00172683
9.49534	33.1714	4.98641	0.00161517
12.7112	34.5275	4.95996	0.00162718
12.5	40	4.93202	0.00186462
9.36058	39.4121	4.97739	0.00184688
12.5385	36.8646	4.93755	0.00170579
9.36058	39.4121	4.97739	0.00184688
6.30769	36.8646	4.99115	0.00174026
9.42308	36.8646	4.97824	0.00172683
3.19231	36.8646	4.99534	0.0017506
3.40821	33.9432	4.9959	0.00166055
6.30769	36.8646	4.99115	0.00174026
0.076922	36.8646	4.99629	0.00175557
3.19231	36.8646	4.99534	0.0017506
3.125	40	4.99508	0.00189375
0.076922	36.8646	4.99629	0.00175557
0.307214	33.7485	4.9966	0.00166349
3.19231	36.8646	4.99534	0.0017506
6.70061	30.2933	4.99494	0.00157227
9.80591	30.6708	4.99035	0.00156498
9.49534	33.1714	4.98641	0.00161517
2.71986	21.856	4.99489	0.00150036
5.62671	21.6734	4.99369	0.00149499
4.97956	24.7062	4.99597	0.00151354
18.0114	27.1222	4.98285	0.00147793
15.7173	29.727	4.97863	0.00151425
15.2052	26.1784	4.98954	0.00148584
43.5196	33.7485	4.98381	0.00156503
40.5769	36.8646	4.91764	0.00144117
40.433	33.7485	4.97575	0.00151798
49.9231	36.8646	4.98433	0.00165083
46.8029	37.0605	4.97575	0.00161282
49.6928	33.7485	4.99608	0.00164504
43.75	40	4.86773	0.00148711
40.625	40	0.221982	0.00140175
43.6827	37.2565	4.93766	0.00151418
13.1107	27.6505	4.99037	0.001509
15.7173	29.727	4.97863	0.00151425
12.8447	30.6708	4.98264	0.00154538
10.9756	24.1362	4.9934	0.00149246
13.1107	27.6505	4.99037	0.001509
10.1383	27.6505	4.99372	0.00152349
15.2052	26.1784	4.98954	0.00148584
17.2998	24.7062	4.98777	0.00146331
18.0114	27.1222	4.98285	0.00147793
14.001	23.9462	4.99068	0.00147642
15.2052	26.1784	4.98954	0.00148584
13.1107	27.6505	4.99037	0.001509
14.001	23.9462	4.99068	0.00147642
17.2998	24.7062	4.98777	0.00146331
15.2052	26.1784	4.98954	0.00148584
46.6062	33.7485	4.99323	0.00161825
43.6827	37.2565	4.93766	0.00151418
43.5196	33.7485	4.98381	0.00156503
50	40	4.96844	0.00166582
46.8029	37.0605	4.97575	0.00161282
49.9231	36.8646	4.98433	0.00165083
46.8798	40.196	4.94106	0.00171224
43.75	40	4.86773	0.00148711
46.8029	37.0605	4.97575	0.00161282
21.9014	39.3141	0.241639	0.00173211
21.9183	41.7637	4.85467	0.00202082
18.7981	41.9596	0.23671	0.00212743
25	40	4.87554	0.00162954
21.9014	39.3141	0.241639	0.00173211
21.8846	36.8646	4.81109	0.00160126
25	40	4.87554	0.00162954
21.9183	41.7637	4.85467	0.00202082
21.9014	39.3141	0.241639	0.00173211
22.0142	44.8882	4.92374	0.00255384
18.7981	41.9596	0.23671	0.00212743
21.9183	41.7637	4.85467	0.00202082
3.69504	30.482	4.99643	0.00158577
3.40821	33.9432	4.9959	0.00166055
0.68946	30.6708	4.99685	0.00159725
1.22131	27.6505	4.99685	0.00155074
3.69504	30.482	4.99643	0.00158577
0.68946	30.6708	4.99685	0.00159725
6.70061	30.2933	4.99494	0.00157227
6.43263	33.3637	4.99355	0.00163449
3.69504	30.482	4.99643	0.00158577
43.5196	33.7485	4.98381	0.00156503
43.6827	37.2565	4.93766	0.00151418
40.5769	36.8646	4.91764	0.00144117
40.1941	30.6708	4.99255	0.00154305
43.2329	30.6708	4.99498	0.00156828
40.433	33.7485	4.97575	0.00151798
46.6062	33.7485	4.99323	0.00161825
49.6928	33.7485	4.99608	0.00164504
46.8029	37.0605	4.97575	0.00161282
46.2478	30.8632	4.99698	0.0015943
46.6062	33.7485	4.99323	0.00161825
43.5196	33.7485	4.98381	0.00156503
46.2478	30.8632	4.99698	0.0015943
49.3105	30.6708	4.99808	0.00160871
46.6062	33.7485	4.99323	0.00161825
46.8798	40.196	4.94106	0.00171224
46.8029	37.0605	4.97575	0.00161282
50	40	4.96844	0.00166582
9.4375	42.5475	4.98177	0.00223104
6.24038	39.6081	4.99093	0.00186328
9.36058	39.4121	4.97739	0.00184688
9.49534	33.1714	4.98641	0.00161517
9.80591	30.6708	4.99035	0.00156498
12.8447	30.6708	4.98264	0.00154538
12.5385	36.8646	4.93755	0.00170579
9.42308	36.8646	4.97824	0.00172683
12.7112	34.5275	4.95996	0.00162718
6.43263	33.3637	4.99355	0.00163449
6.70061	30.2933	4.99494	0.00157227
9.49534	33.1714	4.98641	0.00161517
4.19365	27.6505	4.99655	0.00154334
4.97956	24.7062	4.99597	0.00151354
7.16598	27.6505	4.99568	0.00153458
1.22131	27.6505	4.99685	0.00155074
4.19365	27.6505	4.99655	0.00154334
3.69504	30.482	4.99643	0.00158577
1.22131	27.6505	4.99685	0.00155074
1.8995	24.7062	4.9964	0.00151972
4.19365	27.6505	4.99655	0.00154334
6.70061	30.2933	4.99494	0.00157227
4.19365	27.6505	4.99655	0.00154334
7.16598	27.6505	4.99568	0.00153458
18.7229	29.5382	4.96547	0.00149485
22.0277	27.6505	4.97414	0.001467
21.9612	30.6708	4.92692	0.00148894
14.3285	32.6965	4.95989	0.0015719
12.8447	30.6708	4.98264	0.00154538
15.7173	29.727	4.97863	0.00151425
18.6835	32.5943	4.91924	0.00153389
14.3285	32.6965	4.95989	0.0015719
15.7173	29.727	4.97863	0.00151425
15.8122	34.7222	4.90443	0.00160481
12.7112	34.5275	4.95996	0.00162718
14.3285	32.6965	4.95989	0.0015719
18.0114	27.1222	4.98285	0.00147793
20.3799	24.7062	4.98247	0.00144958
22.0277	27.6505	4.97414	0.001467
3.40821	33.9432	4.9959	0.00166055
3.69504	30.482	4.99643	0.00158577
6.43263	33.3637	4.99355	0.00163449
46.8077	43.1354	4.91652	0.00177974
43.6923	43.1354	0.238324	0.00167179
46.8798	40.196	4.94106	0.00171224
49.9231	43.1354	4.95646	0.00183834
46.8077	43.1354	4.91652	0.00177974
46.8798	40.196	4.94106	0.00171224
46.2717	49.3292	4.96228	0.00245545
49.3105	49.3292	4.97295	0.00239808
48.7787	52.3495	4.96848	0.00319946
43.5196	46.2515	4.87593	0.00193213
46.2717	49.3292	4.96228	0.00245545
43.2329	49.3292	4.93428	0.00251868
40.433	46.2515	4.79936	0.00191877
43.5196	46.2515	4.87593	0.00193213
43.2329	49.3292	4.93428	0.00251868
43.6923	43.1354	0.238324	0.00167179
46.8077	43.1354	4.91652	0.00177974
46.6062	46.2515	4.9374	0.0019935
46.6062	46.2515	4.9374	0.0019935
49.3105	49.3292	4.97295	0.00239808
46.2717	49.3292	4.96228	0.00245545
6.30769	36.8646	4.99115	0.00174026
6.43263	33.3637	4.99355	0.00163449
9.42308	36.8646	4.97824	0.00172683
3.125	40	4.99508	0.00189375
3.19231	36.8646	4.99534	0.0017506
6.24038	39.6081	4.99093	0.00186328
3.40821	33.9432	4.9959	0.00166055
6.43263	33.3637	4.99355	0.00163449
6.30769	36.8646	4.99115	0.00174026
0.307214	33.7485	4.9966	0.00166349
3.40821	33.9432	4.9959	0.00166055
3.19231	36.8646	4.99534	0.0017506
0.307214	33.7485	4.9966	0.00166349
0.68946	30.6708	4.99685	0.00159725
3.40821	33.9432	4.9959	0.00166055
