25	30.6708	4.92985	0.00101682
28.0866	33.7485	4.91282	0.000998844
25.1151	35.3065	0.253309	0.00105289
22.0277	27.6505	4.97327	0.00101162
25	30.6708	4.92985	0.00101682
21.9612	30.6708	4.92586	0.0010297
26.689	28.4246	4.97158	0.00100919
28.269	26.3624	4.98563	0.00100787
30.7452	28.7831	4.98399	0.00101366
25	30.6708	4.92985	0.00101682
26.689	28.4246	4.97158	0.00100919
28.0388	30.6708	4.9602	0.0010078
25.3391	26.1784	4.98138	0.00100285
28.269	26.3624	4.98563	0.00100787
26.689	28.4246	4.97158	0.00100919
28.0388	30.6708	4.9602	0.0010078
30.9343	31.8249	4.96636	0.000999793
28.0866	33.7485	4.91282	0.000998844
22.0277	27.6505	4.97327	0.00101162
26.689	28.4246	4.97158	0.00100919
25	30.6708	4.92985	0.00101682
30.7452	28.7831	4.98399	0.00101366
30.9343	31.8249	4.96636	0.000999793
28.0388	30.6708	4.9602	0.0010078
26.689	28.4246	4.97158	0.00100919
30.7452	28.7831	4.98399	0.00101366
28.0388	30.6708	4.9602	0.0010078
26.1025	23.1861	4.9808	0.000990129
28.269	26.3624	4.98563	0.00100787
25.3391	26.1784	4.98138	0.00100285
29.1279	22.9961	4.98582	0.000996934
32.7002	24.7062	4.99208	0.00101467
31.199	26.5464	4.99002	0.00101501
33.7508	28.5944	4.99078	0.00102454
30.9343	31.8249	4.96636	0.000999793
30.7452	28.7831	4.98399	0.00101366
31.199	26.5464	4.99002	0.00101501
33.7508	28.5944	4.99078	0.00102454
30.7452	28.7831	4.98399	0.00101366
37.4615	36.8646	4.91137	0.000976534
40.433	33.7485	4.97256	0.0010347
40.5769	36.8646	4.9154	0.00100705
36.8893	27.6505	4.99391	0.0010357
37.1553	30.6708	4.98691	0.00103235
33.7508	28.5944	4.99078	0.00102454
36.8893	27.6505	4.99391	0.0010357
39.9888	27.0985	4.99563	0.00104597
40.1941	30.6708	4.99075	0.0010507
34.9506	19.1174	4.97405	0.000982893
34.4425	16.5071	4.93826	0.000958037
37.1403	16.5071	4.94132	0.00096299
38.204	22.4261	4.99167	0.00101754
35.1786	22.6161	4.99062	0.00101082
36.4861	20.8667	4.98466	0.00100105
32.1075	19.1174	4.9724	0.000977572
28.8815	20.2128	4.97254	0.000978511
28.6113	17.5512	4.942	0.000958478
38.204	22.4261	4.99167	0.00101754
35.7802	24.7062	4.99398	0.00102395
35.1786	22.6161	4.99062	0.00101082
32.7002	24.7062	4.99208	0.00101467
29.1279	22.9961	4.98582	0.000996934
32.4267	21.856	4.9871	0.000999057
45.7731	27.8393	4.99745	0.00106981
48.1005	24.7062	4.9973	0.00105444
48.7787	27.6505	4.99798	0.00107632
38.8603	24.7062	4.995	0.00103252
41.2294	22.236	4.99284	0.00102449
41.9404	24.7062	4.99594	0.0010407
38.8603	24.7062	4.995	0.00103252
38.204	22.4261	4.99167	0.00101754
41.2294	22.236	4.99284	0.00102449
36.8893	27.6505	4.99391	0.0010357
38.8603	24.7062	4.995	0.00103252
39.9888	27.0985	4.99563	0.00104597
35.7802	24.7062	4.99398	0.00102395
38.204	22.4261	4.99167	0.00101754
38.8603	24.7062	4.995	0.00103252
33.7508	28.5944	4.99078	0.00102454
35.7802	24.7062	4.99398	0.00102395
36.8893	27.6505	4.99391	0.0010357
32.7002	24.7062	4.99208	0.00101467
32.4267	21.856	4.9871	0.000999057
35.1786	22.6161	4.99062	0.00101082
37.7936	19.1174	4.9763	0.000990017
40.5089	19.4825	4.98315	0.00100255
38.204	22.4261	4.99167	0.00101754
35.1786	22.6161	4.99062	0.00101082
32.4267	21.856	4.9871	0.000999057
34.9506	19.1174	4.97405	0.000982893
36.4861	20.8667	4.98466	0.00100105
35.1786	22.6161	4.99062	0.00101082
34.9506	19.1174	4.97405	0.000982893
37.7936	19.1174	4.9763	0.000990017
36.4861	20.8667	4.98466	0.00100105
34.9506	19.1174	4.97405	0.000982893
37.7936	19.1174	4.9763	0.000990017
38.204	22.4261	4.99167	0.00101754
36.4861	20.8667	4.98466	0.00100105
35.7802	24.7062	4.99398	0.00102395
32.7002	24.7062	4.99208	0.00101467
35.1786	22.6161	4.99062	0.00101082
33.7508	28.5944	4.99078	0.00102454
32.7002	24.7062	4.99208	0.00101467
35.7802	24.7062	4.99398	0.00102395
29.1279	22.9961	4.98582	0.000996934
28.8815	20.2128	4.97254	0.000978511
32.4267	21.856	4.9871	0.000999057
37.1403	16.5071	4.94132	0.00096299
39.693	16.8552	4.95792	0.000975781
37.7936	19.1174	4.9763	0.000990017
44.3095	21.856	4.99401	0.00103001
47.2801	21.856	4.9953	0.00103597
45.0204	24.7062	4.99678	0.0010483
41.9404	24.7062	4.99594	0.0010407
44.3095	21.856	4.99401	0.00103001
45.0204	24.7062	4.99678	0.0010483
43.4158	19.3	4.98705	0.00101152
46.3226	19.1174	4.99015	0.00101849
44.3095	21.856	4.99401	0.00103001
28.0866	46.2515	4.89916	0.00207915
31.0776	49.3292	4.8499	0.00338435
28.0388	49.3292	4.91421	0.00383084
25	43.1354	4.91275	0.00152453
28.1154	43.1354	4.85837	0.00142477
28.0866	46.2515	4.89916	0.00207915
37.3464	46.2515	0.162591	0.0015722
34.3294	43.6157	0.133155	0.00129705
37.5191	43.9145	0.144267	0.0012652
31.226	43.7137	0.187465	0.00140675
31.2788	41.1758	0.180086	0.00115542
34.3294	43.6157	0.133155	0.00129705
28.0866	46.2515	4.89916	0.00207915
31.226	43.7137	0.187465	0.00140675
31.1732	46.2515	4.78615	0.00192211
28.1154	43.1354	4.85837	0.00142477
31.2788	41.1758	0.180086	0.00115542
31.226	43.7137	0.187465	0.00140675
25	46.2515	4.94391	0.00226195
25	43.1354	4.91275	0.00152453
28.0866	46.2515	4.89916	0.00207915
28.125	40	4.84035	0.00108782
31.2788	41.1758	0.180086	0.00115542
28.1154	43.1354	4.85837	0.00142477
28.125	40	4.84035	0.00108782
31.2019	38.0404	0.235077	0.000976972
31.2788	41.1758	0.180086	0.00115542
31.2019	38.0404	0.235077	0.000976972
34.399	40.9798	0.166448	0.00109832
31.2788	41.1758	0.180086	0.00115542
28.0866	33.7485	4.91282	0.000998844
31.3171	35.696	4.89365	0.000960826
28.1154	36.8646	4.86189	0.0010016
37.3464	33.7485	4.96635	0.00100974
37.1553	30.6708	4.98691	0.00103235
40.1941	30.6708	4.99075	0.0010507
37.4615	36.8646	4.91137	0.000976534
37.3464	33.7485	4.96635	0.00100974
40.433	33.7485	4.97256	0.0010347
37.4615	36.8646	4.91137	0.000976534
34.3221	37.8444	4.84131	0.000952051
34.1596	34.7385	4.93935	0.000975069
34.1596	34.7385	4.93935	0.000975069
33.997	31.6326	4.97636	0.00100966
37.3464	33.7485	4.96635	0.00100974
31.3171	35.696	4.89365	0.000960826
34.1596	34.7385	4.93935	0.000975069
34.3221	37.8444	4.84131	0.000952051
31.3171	35.696	4.89365	0.000960826
30.9343	31.8249	4.96636	0.000999793
34.1596	34.7385	4.93935	0.000975069
30.9343	31.8249	4.96636	0.000999793
33.7508	28.5944	4.99078	0.00102454
33.997	31.6326	4.97636	0.00100966
40.433	46.2515	4.79799	0.00144832
40.6201	43.7197	0.186693	0.00123065
43.5196	46.2515	4.87575	0.00143293
46.8029	37.0605	4.97208	0.00109612
43.75	40	4.86836	0.00106106
43.6827	37.2565	4.93566	0.00105094
49.9231	43.1354	4.95242	0.00127093
46.8798	40.196	4.93828	0.00118355
50	40	4.96376	0.00113237
49.9231	43.1354	4.95242	0.00127093
49.6928	46.2515	4.96005	0.00142961
46.8077	43.1354	4.91461	0.00125356
25	43.1354	4.91275	0.00152453
25	46.2515	4.94391	0.00226195
22.0142	44.8882	4.92185	0.00197212
25	40	4.8722	0.00115726
25	43.1354	4.91275	0.00152453
21.9183	41.7637	4.85299	0.00146834
25	40	4.8722	0.00115726
28.1154	43.1354	4.85837	0.00142477
25	43.1354	4.91275	0.00152453
31.2019	38.0404	0.235077	0.000976972
28.125	40	4.84035	0.00108782
28.1154	36.8646	4.86189	0.0010016
28.1154	43.1354	4.85837	0.00142477
31.226	43.7137	0.187465	0.00140675
28.0866	46.2515	4.89916	0.00207915
18.7981	41.9596	0.236134	0.00154202
15.601	39.0202	0.244263	0.00127717
18.7212	38.8242	0.208088	0.00124232
17.2523	44.2036	4.90132	0.00194041
15.7402	46.2515	4.95691	0.00255423
14.1489	44.3016	4.95026	0.00195054
18.7981	41.9596	0.236134	0.00154202
17.2523	44.2036	4.90132	0.00194041
15.6779	42.1556	4.87948	0.00159509
18.8268	46.2515	4.94232	0.00243956
15.7402	46.2515	4.95691	0.00255423
17.2523	44.2036	4.90132	0.00194041
21.7462	47.598	4.9218	0.002609
18.8268	46.2515	4.94232	0.00243956
22.0142	44.8882	4.92185	0.00197212
21.7462	47.598	4.9218	0.002609
18.9224	49.3292	4.93592	0.00400277
18.8268	46.2515	4.94232	0.00243956
15.6779	42.1556	4.87948	0.00159509
15.601	39.0202	0.244263	0.00127717
18.7981	41.9596	0.236134	0.00154202
18.8268	46.2515	4.94232	0.00243956
17.2523	44.2036	4.90132	0.00194041
18.7981	41.9596	0.236134	0.00154202
14.1489	44.3016	4.95026	0.00195054
12.6536	46.2515	4.97517	0.00239097
12.5577	42.3516	4.9536	0.00160316
15.6779	42.1556	4.87948	0.00159509
14.1489	44.3016	4.95026	0.00195054
12.5577	42.3516	4.9536	0.00160316
15.7402	46.2515	4.95691	0.00255423
12.6536	46.2515	4.97517	0.00239097
14.1489	44.3016	4.95026	0.00195054
12.7118	50.0843	4.97888	0.00516418
12.6536	46.2515	4.97517	0.00239097
15.8835	49.3292	4.97384	0.00441673
16.083	52.3495	4.96692	0.00967409
13.1107	52.3495	4.96851	0.00911578
15.8835	49.3292	4.97384	0.00441673
18.9224	49.3292	4.93592	0.00400277
16.083	52.3495	4.96692	0.00967409
15.8835	49.3292	4.97384	0.00441673
13.1107	52.3495	4.96851	0.00911578
10.6893	54.7417	4.94017	0.0163539
10.1383	52.3495	4.97033	0.00832093
15.8835	49.3292	4.97384	0.00441673
13.1107	52.3495	4.96851	0.00911578
12.7118	50.0843	4.97888	0.00516418
14.2198	55.2938	4.92615	0.0225348
10.6893	54.7417	4.94017	0.0163539
13.1107	52.3495	4.96851	0.00911578
17.0264	56.2438	4.90552	0.0323102
14.2198	55.2938	4.92615	0.0225348
16.083	52.3495	4.96692	0.00967409
17.2808	59.0298	4.77241	0.079115
17.5295	61.7527	0.0942828	4.66353
15.0494	60.8826	0.118335	0.106939
17.0264	56.2438	4.90552	0.0323102
17.2808	59.0298	4.77241	0.079115
14.6026	58.144	4.81455	0.0544241
17.0264	56.2438	4.90552	0.0323102
20.0518	56.4338	4.89228	0.0352563
17.2808	59.0298	4.77241	0.079115
7.16598	52.3495	4.97284	0.00762934
8.05963	55.2938	4.9306	0.0172978
4.92487	55.4838	4.9345	0.0178786
6.76709	49.3292	4.98761	0.00378631
7.16598	52.3495	4.97284	0.00762934
4.19365	52.3495	4.97606	0.00718341
10.1383	52.3495	4.97033	0.00832093
8.05963	55.2938	4.9306	0.0172978
7.16598	52.3495	4.97284	0.00762934
12.7118	50.0843	4.97888	0.00516418
10.1383	52.3495	4.97033	0.00832093
9.70619	49.8955	4.98289	0.00455551
10.6893	54.7417	4.94017	0.0163539
8.05963	55.2938	4.9306	0.0172978
10.1383	52.3495	4.97033	0.00832093
12.5577	42.3516	4.9536	0.00160316
12.5	40	4.93223	0.00132236
15.6779	42.1556	4.87948	0.00159509
9.61019	45.6673	4.98745	0.00212796
12.5577	42.3516	4.9536	0.00160316
12.6536	46.2515	4.97517	0.00239097
9.61019	45.6673	4.98745	0.00212796
6.31731	42.7435	4.99216	0.00161926
9.4375	42.5475	4.98215	0.001624
-3.10282e-28	40	4.99659	0.0014199
3.125	40	4.99563	0.00133427
3.19711	42.9395	4.99532	0.00164243
-3.10282e-28	40	4.99659	0.0014199
0.076922	36.8646	4.99688	0.00121976
3.125	40	4.99563	0.00133427
46.6062	46.2515	4.93525	0.00143628
46.2717	49.3292	4.96009	0.00185797
43.5196	46.2515	4.87575	0.00143293
43.6923	43.1354	0.239909	0.00122435
46.6062	46.2515	4.93525	0.00143628
43.5196	46.2515	4.87575	0.00143293
49.6928	46.2515	4.96005	0.00142961
49.3105	49.3292	4.9701	0.00178227
46.6062	46.2515	4.93525	0.00143628
27.4517	72.3429	0.00374331	0.0244832
25	72.3429	0.00377409	0.0301093
27.0253	69.2491	0.00780836	0.0563527
24.7277	76.3587	0.00196344	0.0106048
26.189	74.0896	0.00270121	0.0170581
27.2733	75.6267	0.00215204	0.0110014
24.7277	76.3587	0.00196344	0.0106048
23.0327	74.7883	0.00246131	0.0175913
26.189	74.0896	0.00270121	0.0170581
23.0339	79.8761	0.00164106	0.00733202
21.0802	79.5053	0.00173533	0.00837785
21.6827	78.0345	0.00177664	0.00892536
19.6759	76.9444	0.00199301	0.0108161
19.0551	74.0896	0.00297954	0.0213396
21.4331	74.0896	0.00283223	0.0225389
19.6759	76.9444	0.00199301	0.0108161
18.1801	75.6267	0.00245409	0.0145804
19.0551	74.0896	0.00297954	0.0213396
21.4331	74.0896	0.00283223	0.0225389
23.0327	74.7883	0.00246131	0.0175913
22.3999	76.5052	0.00199203	0.0116745
20.0967	72.3429	0.00414089	0.039023
22.5483	72.3429	0.00396499	0.0397779
21.4331	74.0896	0.00283223	0.0225389
16.5527	73.7985	0.00336164	0.0199176
17.645	72.3429	0.00433859	0.0298701
19.0551	74.0896	0.00297954	0.0213396
19.193	69.7412	0.0082151	0.0747648
21.8037	69.5771	0.00789208	4.51273
20.0967	72.3429	0.00414089	0.039023
21.8037	69.5771	0.00789208	4.51273
23.75	70.3973	0.00624861	0.0603178
22.5483	72.3429	0.00396499	0.0397779
21.6827	78.0345	0.00177664	0.00892536
19.1515	78.89	0.00185481	0.00929257
19.6759	76.9444	0.00199301	0.0108161
22.3999	76.5052	0.00199203	0.0116745
19.6759	76.9444	0.00199301	0.0108161
21.4331	74.0896	0.00283223	0.0225389
22.3999	76.5052	0.00199203	0.0116745
21.6827	78.0345	0.00177664	0.00892536
19.6759	76.9444	0.00199301	0.0108161
24.7277	76.3587	0.00196344	0.0106048
22.3999	76.5052	0.00199203	0.0116745
23.0327	74.7883	0.00246131	0.0175913
24.7277	76.3587	0.00196344	0.0106048
24.9752	78.5234	0.00167543	0.0073703
23.329	78.279	0.00171364	0.00813531
21.0802	79.5053	0.00173533	0.00837785
19.1515	78.89	0.00185481	0.00929257
21.6827	78.0345	0.00177664	0.00892536
25	80	0.0016325	0.00691069
24.9752	78.5234	0.00167543	0.0073703
26.9661	79.8761	0.00162793	0.00639865
19.6759	76.9444	0.00199301	0.0108161
19.1515	78.89	0.00185481	0.00929257
17.2597	78.0345	0.00209142	0.0108417
28.3173	78.0345	0.00174614	0.00699145
30.8485	78.89	0.0018303	0.00686677
28.9198	79.5053	0.00171187	0.00658483
18.1801	75.6267	0.00245409	0.0145804
19.6759	76.9444	0.00199301	0.0108161
17.2597	78.0345	0.00209142	0.0108417
15.4167	76.9444	0.00244634	0.0125923
18.1801	75.6267	0.00245409	0.0145804
17.2597	78.0345	0.00209142	0.0108417
23.0327	74.7883	0.00246131	0.0175913
21.4331	74.0896	0.00283223	0.0225389
22.5483	72.3429	0.00396499	0.0397779
15.4167	76.9444	0.00244634	0.0125923
16.5527	73.7985	0.00336164	0.0199176
18.1801	75.6267	0.00245409	0.0145804
20.0967	72.3429	0.00414089	0.039023
21.8037	69.5771	0.00789208	4.51273
22.5483	72.3429	0.00396499	0.0397779
15.4167	76.9444	0.00244634	0.0125923
13.6336	75.6267	0.00329537	0.0171546
14.237	73.9441	0.00371215	0.0197874
29.3832	76.0659	0.00207875	0.00921561
31.3712	77.1646	0.00200589	0.00783351
28.3173	78.0345	0.00174614	0.00699145
31.9219	75.3472	0.00238566	0.0100685
34.5833	76.9444	0.00234213	0.00878232
32.7403	78.0345	0.00201571	0.00753215
14.237	73.9441	0.00371215	0.0197874
11.9212	74.0896	0.00445374	0.0229186
12.7417	72.3429	0.00528593	0.0275845
11.25	70.3973	0.00851911	0.0445984
12.7417	72.3429	0.00528593	0.0275845
10.2901	72.3429	0.00665893	0.0344345
17.645	72.3429	0.00433859	0.0298701
16.5527	73.7985	0.00336164	0.0199176
15.1934	72.3429	0.00466692	0.0265077
19.193	69.7412	0.0082151	0.0747648
17.645	72.3429	0.00433859	0.0298701
16.25	70.3973	0.00715059	0.0443167
20.0967	72.3429	0.00414089	0.039023
19.0551	74.0896	0.00297954	0.0213396
17.645	72.3429	0.00433859	0.0298701
19.0551	74.0896	0.00297954	0.0213396
18.1801	75.6267	0.00245409	0.0145804
16.5527	73.7985	0.00336164	0.0199176
32.355	72.3429	0.00380954	0.019172
34.8066	72.3429	0.00414989	0.0181738
33.3228	74.0896	0.00292598	0.0125442
33.3228	74.0896	0.00292598	0.0125442
31.9219	75.3472	0.00238566	0.0100685
30.9297	73.8705	0.00284859	0.0140534
35.7008	74.0896	0.00334488	0.0133769
33.3228	74.0896	0.00292598	0.0125442
34.8066	72.3429	0.00414989	0.0181738
34.5833	76.9444	0.00234213	0.00878232
31.9219	75.3472	0.00238566	0.0100685
33.3228	74.0896	0.00292598	0.0125442
17.4187	68.2649	0.012709	0.0907728
14.8915	68.2649	0.0124927	0.0749832
16.8484	65.9587	0.0243149	4.63627
16.25	70.3973	0.00715059	0.0443167
13.513	70.6966	0.00702517	0.0376542
14.8915	68.2649	0.0124927	0.0749832
19.193	69.7412	0.0082151	0.0747648
16.25	70.3973	0.00715059	0.0443167
17.4187	68.2649	0.012709	0.0907728
15.1934	72.3429	0.00466692	0.0265077
14.237	73.9441	0.00371215	0.0197874
12.7417	72.3429	0.00528593	0.0275845
17.645	72.3429	0.00433859	0.0298701
15.1934	72.3429	0.00466692	0.0265077
16.25	70.3973	0.00715059	0.0443167
16.5527	73.7985	0.00336164	0.0199176
14.237	73.9441	0.00371215	0.0197874
15.1934	72.3429	0.00466692	0.0265077
12.7417	72.3429	0.00528593	0.0275845
11.25	70.3973	0.00851911	0.0445984
13.513	70.6966	0.00702517	0.0376542
8.74996	70.3973	0.0107969	0.0575639
11.25	70.3973	0.00851911	0.0445984
10.2901	72.3429	0.00665893	0.0344345
12.3644	68.2649	0.0132748	0.0733206
13.846	66.4528	0.0210873	0.103464
14.8915	68.2649	0.0124927	0.0749832
9.83732	68.2649	0.0149641	0.0871865
12.3644	68.2649	0.0132748	0.0733206
11.25	70.3973	0.00851911	0.0445984
9.83732	68.2649	0.0149641	0.0871865
11.414	65.9587	0.025674	4.55755
12.3644	68.2649	0.0132748	0.0733206
9.83732	68.2649	0.0149641	0.0871865
11.25	70.3973	0.00851911	0.0445984
8.74996	70.3973	0.0107969	0.0575639
14.8915	68.2649	0.0124927	0.0749832
13.513	70.6966	0.00702517	0.0376542
12.3644	68.2649	0.0132748	0.0733206
15.1934	72.3429	0.00466692	0.0265077
12.7417	72.3429	0.00528593	0.0275845
13.513	70.6966	0.00702517	0.0376542
15.4167	76.9444	0.00244634	0.0125923
14.237	73.9441	0.00371215	0.0197874
16.5527	73.7985	0.00336164	0.0199176
13.6336	75.6267	0.00329537	0.0171546
11.9212	74.0896	0.00445374	0.0229186
14.237	73.9441	0.00371215	0.0197874
11.9212	74.0896	0.00445374	0.0229186
10.2901	72.3429	0.00665893	0.0344345
12.7417	72.3429	0.00528593	0.0275845
7.31021	68.2649	0.0188761	0.109438
9.83732	68.2649	0.0149641	0.0871865
8.74996	70.3973	0.0107969	0.0575639
7.31021	68.2649	0.0188761	0.109438
5.97957	65.9587	0.0360538	4.6437
8.78345	65.7825	0.0297946	4.61312
28.3173	78.0345	0.00174614	0.00699145
28.9198	79.5053	0.00171187	0.00658483
26.9661	79.8761	0.00162793	0.00639865
31.3712	77.1646	0.00200589	0.00783351
31.9219	75.3472	0.00238566	0.0100685
32.7403	78.0345	0.00201571	0.00753215
28.3173	78.0345	0.00174614	0.00699145
31.3712	77.1646	0.00200589	0.00783351
30.8485	78.89	0.0018303	0.00686677
29.3832	76.0659	0.00207875	0.00921561
31.9219	75.3472	0.00238566	0.0100685
31.3712	77.1646	0.00200589	0.00783351
27.2733	75.6267	0.00215204	0.0110014
29.3832	76.0659	0.00207875	0.00921561
28.3173	78.0345	0.00174614	0.00699145
28.5669	74.0896	0.00269952	0.0147242
29.9033	72.3429	0.00372848	0.0220849
30.9297	73.8705	0.00284859	0.0140534
27.2733	75.6267	0.00215204	0.0110014
28.5669	74.0896	0.00269952	0.0147242
29.3832	76.0659	0.00207875	0.00921561
27.2733	75.6267	0.00215204	0.0110014
26.189	74.0896	0.00270121	0.0170581
28.5669	74.0896	0.00269952	0.0147242
26.2439	77.6257	0.00176512	0.0078896
27.2733	75.6267	0.00215204	0.0110014
28.3173	78.0345	0.00174614	0.00699145
26.9661	79.8761	0.00162793	0.00639865
26.2439	77.6257	0.00176512	0.0078896
28.3173	78.0345	0.00174614	0.00699145
24.9752	78.5234	0.00167543	0.0073703
24.7277	76.3587	0.00196344	0.0106048
26.2439	77.6257	0.00176512	0.0078896
31.0572	70.658	0.00532058	0.0336839
30.0542	68.2649	0.00981652	4.40472
32.2468	68.921	0.00797169	0.0454542
31.0572	70.658	0.00532058	0.0336839
28.75	70.3973	0.00581781	0.0410346
30.0542	68.2649	0.00981652	4.40472
33.75	70.3973	0.00589305	0.027677
31.0572	70.658	0.00532058	0.0336839
32.2468	68.921	0.00797169	0.0454542
29.9033	72.3429	0.00372848	0.0220849
28.75	70.3973	0.00581781	0.0410346
31.0572	70.658	0.00532058	0.0336839
30.9297	73.8705	0.00284859	0.0140534
29.9033	72.3429	0.00372848	0.0220849
32.355	72.3429	0.00380954	0.019172
33.3228	74.0896	0.00292598	0.0125442
30.9297	73.8705	0.00284859	0.0140534
32.355	72.3429	0.00380954	0.019172
31.9219	75.3472	0.00238566	0.0100685
29.3832	76.0659	0.00207875	0.00921561
30.9297	73.8705	0.00284859	0.0140534
28.5669	74.0896	0.00269952	0.0147242
26.189	74.0896	0.00270121	0.0170581
27.4517	72.3429	0.00374331	0.0244832
25	72.3429	0.00377409	0.0301093
23.75	70.3973	0.00624861	0.0603178
27.0253	69.2491	0.00780836	0.0563527
26.9661	79.8761	0.00162793	0.00639865
24.9752	78.5234	0.00167543	0.0073703
26.2439	77.6257	0.00176512	0.0078896
27.0253	69.2491	0.00780836	0.0563527
24.3347	67.1118	0.015295	0.114569
26.9568	67.2765	0.0134621	0.0828489
19.0904	66.7823	0.0195255	0.13811
19.999	65.078	0.0341572	4.69137
22.2828	65.9587	0.0229576	4.66694
17.4187	68.2649	0.012709	0.0907728
19.0904	66.7823	0.0195255	0.13811
19.193	69.7412	0.0082151	0.0747648
17.4187	68.2649	0.012709	0.0907728
16.8484	65.9587	0.0243149	4.63627
19.0904	66.7823	0.0195255	0.13811
27.4517	72.3429	0.00374331	0.0244832
28.75	70.3973	0.00581781	0.0410346
29.9033	72.3429	0.00372848	0.0220849
28.5669	74.0896	0.00269952	0.0147242
27.4517	72.3429	0.00374331	0.0244832
29.9033	72.3429	0.00372848	0.0220849
26.189	74.0896	0.00270121	0.0170581
25	72.3429	0.00377409	0.0301093
27.4517	72.3429	0.00374331	0.0244832
27.0253	69.2491	0.00780836	0.0563527
26.9568	67.2765	0.0134621	0.0828489
30.0542	68.2649	0.00981652	4.40472
27.4517	72.3429	0.00374331	0.0244832
27.0253	69.2491	0.00780836	0.0563527
28.75	70.3973	0.00581781	0.0410346
23.75	70.3973	0.00624861	0.0603178
24.3347	67.1118	0.015295	0.114569
27.0253	69.2491	0.00780836	0.0563527
34.8233	67.7707	0.0117073	0.0473914
37.4455	67.9354	0.0128852	4.34882
36.25	70.3973	0.0065906	0.031004
31.3712	77.1646	0.00200589	0.00783351
32.7403	78.0345	0.00201571	0.00753215
30.8485	78.89	0.0018303	0.00686677
23.329	78.279	0.00171364	0.00813531
22.3999	76.5052	0.00199203	0.0116745
24.7277	76.3587	0.00196344	0.0106048
23.0339	79.8761	0.00164106	0.00733202
23.329	78.279	0.00171364	0.00813531
24.9752	78.5234	0.00167543	0.0073703
21.6827	78.0345	0.00177664	0.00892536
22.3999	76.5052	0.00199203	0.0116745
23.329	78.279	0.00171364	0.00813531
21.6827	78.0345	0.00177664	0.00892536
23.329	78.279	0.00171364	0.00813531
23.0339	79.8761	0.00164106	0.00733202
25	72.3429	0.00377409	0.0301093
26.189	74.0896	0.00270121	0.0170581
23.0327	74.7883	0.00246131	0.0175913
27.2733	75.6267	0.00215204	0.0110014
26.2439	77.6257	0.00176512	0.0078896
24.7277	76.3587	0.00196344	0.0106048
25	80	0.0016325	0.00691069
23.0339	79.8761	0.00164106	0.00733202
24.9752	78.5234	0.00167543	0.0073703
35.7008	74.0896	0.00334488	0.0133769
37.3942	72.4885	0.00479254	0.0193324
38.0788	74.0896	0.00413831	0.0161076
34.5833	76.9444	0.00234213	0.00878232
35.7008	74.0896	0.00334488	0.0133769
36.3664	75.6267	0.00306877	0.0119303
34.8066	72.3429	0.00414989	0.0181738
37.3942	72.4885	0.00479254	0.0193324
35.7008	74.0896	0.00334488	0.0133769
34.5833	76.9444	0.00234213	0.00878232
33.3228	74.0896	0.00292598	0.0125442
35.7008	74.0896	0.00334488	0.0133769
33.75	70.3973	0.00589305	0.027677
36.25	70.3973	0.0065906	0.031004
34.8066	72.3429	0.00414989	0.0181738
35.7008	74.0896	0.00334488	0.0133769
38.0788	74.0896	0.00413831	0.0161076
36.3664	75.6267	0.00306877	0.0119303
37.4455	67.9354	0.0128852	4.34882
38.75	70.3973	0.00784202	0.0310183
36.25	70.3973	0.0065906	0.031004
39.7099	72.3429	0.00620963	0.0227954
38.0788	74.0896	0.00413831	0.0161076
37.3942	72.4885	0.00479254	0.0193324
36.25	70.3973	0.0065906	0.031004
33.75	70.3973	0.00589305	0.027677
34.8233	67.7707	0.0117073	0.0473914
37.3942	72.4885	0.00479254	0.0193324
36.25	70.3973	0.0065906	0.031004
38.75	70.3973	0.00784202	0.0310183
37.3942	72.4885	0.00479254	0.0193324
34.8066	72.3429	0.00414989	0.0181738
36.25	70.3973	0.0065906	0.031004
15.5575	63.4929	0.0559476	4.62902
16.8484	65.9587	0.0243149	4.63627
13.846	66.4528	0.0210873	0.103464
11.414	65.9587	0.025674	4.55755
12.8597	63.4929	0.0514066	0.113558
13.846	66.4528	0.0210873	0.103464
15.0494	60.8826	0.118335	0.106939
17.5295	61.7527	0.0942828	4.66353
15.5575	63.4929	0.0559476	4.62902
15.5575	63.4929	0.0559476	4.62902
17.5295	61.7527	0.0942828	4.66353
16.8484	65.9587	0.0243149	4.63627
11.6319	58.144	4.81131	0.0488739
14.6026	58.144	4.81455	0.0544241
12.3979	60.3349	0.13465	4.47879
14.6026	58.144	4.81455	0.0544241
17.2808	59.0298	4.77241	0.079115
15.0494	60.8826	0.118335	0.106939
20.363	63.0044	0.0668209	4.68825
19.999	65.078	0.0341572	4.69137
17.5295	61.7527	0.0942828	4.66353
20.7355	60.8826	0.127986	4.60669
20.363	63.0044	0.0668209	4.68825
17.5295	61.7527	0.0942828	4.66353
20.7355	60.8826	0.127986	4.60669
23.0704	62.1007	0.0823282	0.137695
20.363	63.0044	0.0668209	4.68825
11.6319	58.144	4.81131	0.0488739
10.6893	54.7417	4.94017	0.0163539
14.2198	55.2938	4.92615	0.0225348
9.3634	60.8826	0.118069	0.0796255
11.6319	58.144	4.81131	0.0488739
12.3979	60.3349	0.13465	4.47879
8.66123	58.144	4.81886	0.038235
10.6893	54.7417	4.94017	0.0163539
11.6319	58.144	4.81131	0.0488739
5.69054	58.144	4.83398	0.0411774
4.92487	55.4838	4.9345	0.0178786
8.05963	55.2938	4.9306	0.0172978
6.4478	61.0566	0.121654	0.0823024
5.69054	58.144	4.83398	0.0411774
8.66123	58.144	4.81886	0.038235
3.67737	60.8826	0.152848	4.45814
2.71986	58.144	4.86732	0.0387186
5.69054	58.144	4.83398	0.0411774
36.8222	64.0212	0.0368619	0.0487379
39.6261	63.8451	0.0444496	0.0415582
38.586	65.9587	0.0229207	0.0452364
34.1521	62.7968	0.0478759	4.44664
36.8222	64.0212	0.0368619	0.0487379
35.8688	65.9587	0.0198574	0.0542453
37.7936	60.8826	0.105502	0.0288346
39.6261	63.8451	0.0444496	0.0415582
36.8222	64.0212	0.0368619	0.0487379
38.75	70.3973	0.00784202	0.0310183
40.1627	68.2649	0.014018	0.0382483
41.25	70.3973	0.0101716	0.0279891
37.3942	72.4885	0.00479254	0.0193324
38.75	70.3973	0.00784202	0.0310183
39.7099	72.3429	0.00620963	0.0227954
37.4455	67.9354	0.0128852	4.34882
40.1627	68.2649	0.014018	0.0382483
38.75	70.3973	0.00784202	0.0310183
35.8688	65.9587	0.0198574	0.0542453
37.4455	67.9354	0.0128852	4.34882
34.8233	67.7707	0.0117073	0.0473914
33.1516	65.9587	0.017753	0.0657082
35.8688	65.9587	0.0198574	0.0542453
34.8233	67.7707	0.0117073	0.0473914
34.1521	62.7968	0.0478759	4.44664
34.9506	60.8826	0.084958	0.0528325
36.8222	64.0212	0.0368619	0.0487379
38.75	70.3973	0.00784202	0.0310183
41.25	70.3973	0.0101716	0.0279891
39.7099	72.3429	0.00620963	0.0227954
38.586	65.9587	0.0229207	0.0452364
40.1627	68.2649	0.014018	0.0382483
37.4455	67.9354	0.0128852	4.34882
41.3032	65.9587	0.0269208	0.0430406
42.6898	68.2649	0.0180601	0.0346947
40.1627	68.2649	0.014018	0.0382483
41.3032	65.9587	0.0269208	0.0430406
44.0204	65.9587	0.034314	0.0488381
42.6898	68.2649	0.0180601	0.0346947
41.25	70.3973	0.0101716	0.0279891
40.1627	68.2649	0.014018	0.0382483
42.6898	68.2649	0.0180601	0.0346947
36.8222	64.0212	0.0368619	0.0487379
34.9506	60.8826	0.084958	0.0528325
37.7936	60.8826	0.105502	0.0288346
2.71986	58.144	4.86732	0.0387186
4.92487	55.4838	4.9345	0.0178786
5.69054	58.144	4.83398	0.0411774
8.66123	58.144	4.81886	0.038235
8.05963	55.2938	4.9306	0.0172978
10.6893	54.7417	4.94017	0.0163539
6.4478	61.0566	0.121654	0.0823024
8.66123	58.144	4.81886	0.038235
9.3634	60.8826	0.118069	0.0796255
5.69054	58.144	4.83398	0.0411774
8.05963	55.2938	4.9306	0.0172978
8.66123	58.144	4.81886	0.038235
1.8995	55.2938	4.9498	0.0147797
4.92487	55.4838	4.9345	0.0178786
2.71986	58.144	4.86732	0.0387186
1.8995	55.2938	4.9498	0.0147797
1.22131	52.3495	4.97958	0.0064384
4.19365	52.3495	4.97606	0.00718341
41.3032	65.9587	0.0269208	0.0430406
42.43	63.669	0.0539939	4.35501
44.0204	65.9587	0.034314	0.0488381
43.4796	60.8826	0.123667	0.0297069
40.6366	60.8826	0.115688	0.0297902
41.4664	58.5091	4.78963	0.0147125
45.2338	63.4929	0.0690495	0.0451162
43.4796	60.8826	0.123667	0.0297069
46.3226	60.8826	0.145794	0.0208981
42.43	63.669	0.0539939	4.35501
40.6366	60.8826	0.115688	0.0297902
43.4796	60.8826	0.123667	0.0297069
41.4664	58.5091	4.78963	0.0147125
38.5596	58.6917	4.75751	0.017293
38.8603	55.2938	4.89327	0.00721713
46.3226	60.8826	0.145794	0.0208981
43.4796	60.8826	0.123667	0.0297069
44.2548	57.954	4.83303	0.0111092
42.43	63.669	0.0539939	4.35501
39.6261	63.8451	0.0444496	0.0415582
40.6366	60.8826	0.115688	0.0297902
44.0204	65.9587	0.034314	0.0488381
42.43	63.669	0.0539939	4.35501
45.2338	63.4929	0.0690495	0.0451162
36.8222	64.0212	0.0368619	0.0487379
38.586	65.9587	0.0229207	0.0452364
35.8688	65.9587	0.0198574	0.0542453
40.6366	60.8826	0.115688	0.0297902
39.6261	63.8451	0.0444496	0.0415582
37.7936	60.8826	0.105502	0.0288346
38.586	65.9587	0.0229207	0.0452364
37.4455	67.9354	0.0128852	4.34882
35.8688	65.9587	0.0198574	0.0542453
41.3032	65.9587	0.0269208	0.0430406
38.586	65.9587	0.0229207	0.0452364
39.6261	63.8451	0.0444496	0.0415582
41.3032	65.9587	0.0269208	0.0430406
40.1627	68.2649	0.014018	0.0382483
38.586	65.9587	0.0229207	0.0452364
32.2468	68.921	0.00797169	0.0454542
30.4344	65.9587	0.0173747	0.0772924
33.1516	65.9587	0.017753	0.0657082
21.7285	50.6506	0.174466	0.00333106
19.0553	52.3495	4.92779	0.00925882
18.9224	49.3292	4.93592	0.00400277
21.7462	47.598	4.9218	0.002609
21.7285	50.6506	0.174466	0.00333106
18.9224	49.3292	4.93592	0.00400277
15.8835	49.3292	4.97384	0.00441673
18.8268	46.2515	4.94232	0.00243956
18.9224	49.3292	4.93592	0.00400277
22.0142	44.8882	4.92185	0.00197212
25	46.2515	4.94391	0.00226195
21.7462	47.598	4.9218	0.002609
24.7341	50.8393	4.89041	0.0056129
22.4091	54.0056	4.87361	0.0155979
21.7285	50.6506	0.174466	0.00333106
26.54	55.2938	0.236111	0.0221232
26.4853	58.144	4.72075	0.0527944
23.0771	56.6239	4.846	0.0342984
30.9447	52.3495	4.86721	0.00676986
29.6201	55.2938	4.79891	0.0164128
27.9723	52.3495	4.87599	0.00816406
26.4853	58.144	4.72075	0.0527944
26.4215	60.8826	0.0979378	4.53403
24.0253	59.6046	4.70041	0.0820249
29.6201	55.2938	4.79891	0.0164128
26.4853	58.144	4.72075	0.0527944
26.54	55.2938	0.236111	0.0221232
29.6201	55.2938	4.79891	0.0164128
32.1533	57.1939	0.169009	0.0265208
29.839	59.2394	0.113549	0.0576205
17.2808	59.0298	4.77241	0.079115
20.7355	60.8826	0.127986	4.60669
17.5295	61.7527	0.0942828	4.66353
23.0771	56.6239	4.846	0.0342984
20.3936	58.6582	4.79037	0.0751489
20.0518	56.4338	4.89228	0.0352563
23.0771	56.6239	4.846	0.0342984
24.0253	59.6046	4.70041	0.0820249
20.3936	58.6582	4.79037	0.0751489
39.0601	41.8598	0.183775	0.00114013
37.5191	43.9145	0.144267	0.0012652
37.5	40	4.78151	0.000979831
40.625	40	0.223107	0.00102478
39.0601	41.8598	0.183775	0.00114013
37.5	40	4.78151	0.000979831
40.6201	43.7197	0.186693	0.00123065
37.5191	43.9145	0.144267	0.0012652
39.0601	41.8598	0.183775	0.00114013
40.6201	43.7197	0.186693	0.00123065
40.433	46.2515	4.79799	0.00144832
37.5191	43.9145	0.144267	0.0012652
43.6923	43.1354	0.239909	0.00122435
40.6201	43.7197	0.186693	0.00123065
40.625	40	0.223107	0.00102478
43.6923	43.1354	0.239909	0.00122435
43.5196	46.2515	4.87575	0.00143293
40.6201	43.7197	0.186693	0.00123065
46.8798	40.196	4.93828	0.00118355
43.6923	43.1354	0.239909	0.00122435
43.75	40	4.86836	0.00106106
46.8077	43.1354	4.91461	0.00125356
49.6928	46.2515	4.96005	0.00142961
46.6062	46.2515	4.93525	0.00143628
37.5	40	4.78151	0.000979831
34.399	40.9798	0.166448	0.00109832
34.3221	37.8444	4.84131	0.000952051
40.5769	36.8646	4.9154	0.00100705
37.5	40	4.78151	0.000979831
37.4615	36.8646	4.91137	0.000976534
40.625	40	0.223107	0.00102478
40.6201	43.7197	0.186693	0.00123065
39.0601	41.8598	0.183775	0.00114013
40.1224	48.7521	4.86123	0.00189662
37.0597	48.5598	0.202173	0.00215286
37.3464	46.2515	0.162591	0.0015722
34.1165	49.3292	0.209568	0.00270861
36.7564	51.5944	4.85501	0.00361921
34.1289	53.2696	4.85162	0.00683931
31.1732	46.2515	4.78615	0.00192211
34.1165	49.3292	0.209568	0.00270861
31.0776	49.3292	4.8499	0.00338435
28.0866	46.2515	4.89916	0.00207915
31.1732	46.2515	4.78615	0.00192211
31.0776	49.3292	4.8499	0.00338435
34.3294	43.6157	0.133155	0.00129705
34.399	40.9798	0.166448	0.00109832
37.5191	43.9145	0.144267	0.0012652
31.1732	46.2515	4.78615	0.00192211
31.226	43.7137	0.187465	0.00140675
34.2598	46.2515	0.153851	0.00171089
31.2788	41.1758	0.180086	0.00115542
34.399	40.9798	0.166448	0.00109832
34.3294	43.6157	0.133155	0.00129705
37.0597	48.5598	0.202173	0.00215286
36.7564	51.5944	4.85501	0.00361921
34.1165	49.3292	0.209568	0.00270861
37.3464	46.2515	0.162591	0.0015722
37.0597	48.5598	0.202173	0.00215286
34.2598	46.2515	0.153851	0.00171089
40.433	46.2515	4.79799	0.00144832
37.3464	46.2515	0.162591	0.0015722
37.5191	43.9145	0.144267	0.0012652
40.433	46.2515	4.79799	0.00144832
40.1224	48.7521	4.86123	0.00189662
37.3464	46.2515	0.162591	0.0015722
40.1224	48.7521	4.86123	0.00189662
36.7564	51.5944	4.85501	0.00361921
37.0597	48.5598	0.202173	0.00215286
46.2717	49.3292	4.96009	0.00185797
45.8487	52.5335	4.95992	0.00292942
43.2329	49.3292	4.93217	0.001953
34.1165	49.3292	0.209568	0.00270861
34.1289	53.2696	4.85162	0.00683931
30.9447	52.3495	4.86721	0.00676986
7.464	63.4929	0.0587327	4.59157
8.78345	65.7825	0.0297946	4.61312
5.97957	65.9587	0.0360538	4.6437
6.4478	61.0566	0.121654	0.0823024
7.464	63.4929	0.0587327	4.59157
4.76616	63.4929	0.0711929	0.117061
6.4478	61.0566	0.121654	0.0823024
9.3634	60.8826	0.118069	0.0796255
7.464	63.4929	0.0587327	4.59157
12.3979	60.3349	0.13465	4.47879
10.1618	63.4929	0.0519334	0.114344
9.3634	60.8826	0.118069	0.0796255
12.8597	63.4929	0.0514066	0.113558
15.0494	60.8826	0.118335	0.106939
15.5575	63.4929	0.0559476	4.62902
12.3644	68.2649	0.0132748	0.0733206
13.513	70.6966	0.00702517	0.0376542
11.25	70.3973	0.00851911	0.0445984
16.8484	65.9587	0.0243149	4.63627
14.8915	68.2649	0.0124927	0.0749832
13.846	66.4528	0.0210873	0.103464
17.4187	68.2649	0.012709	0.0907728
16.25	70.3973	0.00715059	0.0443167
14.8915	68.2649	0.0124927	0.0749832
19.999	65.078	0.0341572	4.69137
19.0904	66.7823	0.0195255	0.13811
16.8484	65.9587	0.0243149	4.63627
19.193	69.7412	0.0082151	0.0747648
20.0967	72.3429	0.00414089	0.039023
17.645	72.3429	0.00433859	0.0298701
9.83732	68.2649	0.0149641	0.0871865
8.78345	65.7825	0.0297946	4.61312
11.414	65.9587	0.025674	4.55755
6.48041	46.2515	4.99174	0.00229699
3.72828	49.3292	4.98949	0.00358548
3.39381	46.2515	4.9941	0.00221255
9.70619	49.8955	4.98289	0.00455551
6.76709	49.3292	4.98761	0.00378631
9.61019	45.6673	4.98745	0.00212796
9.70619	49.8955	4.98289	0.00455551
10.1383	52.3495	4.97033	0.00832093
7.16598	52.3495	4.97284	0.00762934
13.1107	52.3495	4.96851	0.00911578
10.1383	52.3495	4.97033	0.00832093
12.7118	50.0843	4.97888	0.00516418
4.19365	52.3495	4.97606	0.00718341
3.72828	49.3292	4.98949	0.00358548
6.76709	49.3292	4.98761	0.00378631
1.8995	55.2938	4.9498	0.0147797
4.19365	52.3495	4.97606	0.00718341
4.92487	55.4838	4.9345	0.0178786
1.22131	52.3495	4.97958	0.0064384
3.72828	49.3292	4.98949	0.00358548
4.19365	52.3495	4.97606	0.00718341
22.2828	65.9587	0.0229576	4.66694
23.0704	62.1007	0.0823282	0.137695
25.6067	64.7258	0.0303475	4.60699
21.8037	69.5771	0.00789208	4.51273
22.2828	65.9587	0.0229576	4.66694
24.3347	67.1118	0.015295	0.114569
19.999	65.078	0.0341572	4.69137
20.363	63.0044	0.0668209	4.68825
22.2828	65.9587	0.0229576	4.66694
21.8037	69.5771	0.00789208	4.51273
19.193	69.7412	0.0082151	0.0747648
19.0904	66.7823	0.0195255	0.13811
16.8484	65.9587	0.0243149	4.63627
17.5295	61.7527	0.0942828	4.66353
19.999	65.078	0.0341572	4.69137
22.2828	65.9587	0.0229576	4.66694
20.363	63.0044	0.0668209	4.68825
23.0704	62.1007	0.0823282	0.137695
16.25	70.3973	0.00715059	0.0443167
15.1934	72.3429	0.00466692	0.0265077
13.513	70.6966	0.00702517	0.0376542
7.464	63.4929	0.0587327	4.59157
10.1618	63.4929	0.0519334	0.114344
8.78345	65.7825	0.0297946	4.61312
20.0518	56.4338	4.89228	0.0352563
19.0553	52.3495	4.92779	0.00925882
22.4091	54.0056	4.87361	0.0155979
20.3936	58.6582	4.79037	0.0751489
17.2808	59.0298	4.77241	0.079115
20.0518	56.4338	4.89228	0.0352563
15.0494	60.8826	0.118335	0.106939
12.8597	63.4929	0.0514066	0.113558
12.3979	60.3349	0.13465	4.47879
9.3634	60.8826	0.118069	0.0796255
8.66123	58.144	4.81886	0.038235
11.6319	58.144	4.81131	0.0488739
9.70619	49.8955	4.98289	0.00455551
7.16598	52.3495	4.97284	0.00762934
6.76709	49.3292	4.98761	0.00378631
13.1107	52.3495	4.96851	0.00911578
16.083	52.3495	4.96692	0.00967409
14.2198	55.2938	4.92615	0.0225348
23.0771	56.6239	4.846	0.0342984
22.4091	54.0056	4.87361	0.0155979
26.54	55.2938	0.236111	0.0221232
20.7355	60.8826	0.127986	4.60669
20.3936	58.6582	4.79037	0.0751489
24.0253	59.6046	4.70041	0.0820249
20.0518	56.4338	4.89228	0.0352563
22.4091	54.0056	4.87361	0.0155979
23.0771	56.6239	4.846	0.0342984
20.7355	60.8826	0.127986	4.60669
17.2808	59.0298	4.77241	0.079115
20.3936	58.6582	4.79037	0.0751489
17.0264	56.2438	4.90552	0.0323102
19.0553	52.3495	4.92779	0.00925882
20.0518	56.4338	4.89228	0.0352563
6.30769	36.8646	4.99165	0.00121125
6.24038	39.6081	4.99143	0.00131102
3.19231	36.8646	4.99591	0.00121728
9.49534	33.1714	4.9868	0.00111907
9.42308	36.8646	4.97862	0.00120409
6.43263	33.3637	4.99406	0.00113165
6.31731	42.7435	4.99216	0.00161926
3.125	40	4.99563	0.00133427
6.24038	39.6081	4.99143	0.00131102
9.4375	42.5475	4.98215	0.001624
12.5	40	4.93223	0.00132236
12.5577	42.3516	4.9536	0.00160316
6.30769	36.8646	4.99165	0.00121125
9.36058	39.4121	4.97778	0.00130244
6.24038	39.6081	4.99143	0.00131102
9.42308	36.8646	4.97862	0.00120409
12.5385	36.8646	4.93774	0.00119069
9.36058	39.4121	4.97778	0.00130244
15.8122	34.7222	4.90421	0.0011159
12.5385	36.8646	4.93774	0.00119069
12.7112	34.5275	4.96013	0.00113028
9.4375	42.5475	4.98215	0.001624
12.5577	42.3516	4.9536	0.00160316
9.61019	45.6673	4.98745	0.00212796
6.24038	39.6081	4.99143	0.00131102
9.4375	42.5475	4.98215	0.001624
6.31731	42.7435	4.99216	0.00161926
9.36058	39.4121	4.97778	0.00130244
12.5	40	4.93223	0.00132236
9.4375	42.5475	4.98215	0.001624
15.601	39.0202	0.244263	0.00127717
12.5	40	4.93223	0.00132236
12.5385	36.8646	4.93774	0.00119069
15.601	39.0202	0.244263	0.00127717
15.6779	42.1556	4.87948	0.00159509
12.5	40	4.93223	0.00132236
6.48041	46.2515	4.99174	0.00229699
6.76709	49.3292	4.98761	0.00378631
3.72828	49.3292	4.98949	0.00358548
6.31731	42.7435	4.99216	0.00161926
6.48041	46.2515	4.99174	0.00229699
3.39381	46.2515	4.9941	0.00221255
9.61019	45.6673	4.98745	0.00212796
6.76709	49.3292	4.98761	0.00378631
6.48041	46.2515	4.99174	0.00229699
12.7118	50.0843	4.97888	0.00516418
9.70619	49.8955	4.98289	0.00455551
11.1799	48.0735	4.98229	0.00341539
3.19711	42.9395	4.99532	0.00164243
0.076922	43.1354	4.99596	0.00166631
-3.10282e-28	40	4.99659	0.0014199
6.31731	42.7435	4.99216	0.00161926
3.19711	42.9395	4.99532	0.00164243
3.125	40	4.99563	0.00133427
3.39381	46.2515	4.9941	0.00221255
0.307214	46.2515	4.99483	0.00214761
3.19711	42.9395	4.99532	0.00164243
45.0204	55.2938	4.92748	0.00534128
41.9404	55.2938	4.91303	0.00619785
42.834	52.3495	4.94576	0.00315934
48.1005	55.2938	4.94082	0.00448158
45.0204	55.2938	4.92748	0.00534128
45.8487	52.5335	4.95992	0.00292942
44.2548	57.954	4.83303	0.0111092
41.9404	55.2938	4.91303	0.00619785
45.0204	55.2938	4.92748	0.00534128
46.3226	60.8826	0.145794	0.0208981
44.2548	57.954	4.83303	0.0111092
47.2801	58.144	4.85808	0.0091252
41.4664	58.5091	4.78963	0.0147125
38.8603	55.2938	4.89327	0.00721713
41.9404	55.2938	4.91303	0.00619785
27.9723	52.3495	4.87599	0.00816406
28.0388	49.3292	4.91421	0.00383084
30.9447	52.3495	4.86721	0.00676986
19.0553	52.3495	4.92779	0.00925882
21.7285	50.6506	0.174466	0.00333106
22.4091	54.0056	4.87361	0.0155979
25	46.2515	4.94391	0.00226195
28.0388	49.3292	4.91421	0.00383084
24.7341	50.8393	4.89041	0.0056129
21.7285	50.6506	0.174466	0.00333106
21.7462	47.598	4.9218	0.002609
24.7341	50.8393	4.89041	0.0056129
15.6779	42.1556	4.87948	0.00159509
17.2523	44.2036	4.90132	0.00194041
14.1489	44.3016	4.95026	0.00195054
22.0142	44.8882	4.92185	0.00197212
18.8268	46.2515	4.94232	0.00243956
18.7981	41.9596	0.236134	0.00154202
15.8835	49.3292	4.97384	0.00441673
12.6536	46.2515	4.97517	0.00239097
15.7402	46.2515	4.95691	0.00255423
17.0264	56.2438	4.90552	0.0323102
16.083	52.3495	4.96692	0.00967409
19.0553	52.3495	4.92779	0.00925882
4.19365	52.3495	4.97606	0.00718341
7.16598	52.3495	4.97284	0.00762934
4.92487	55.4838	4.9345	0.0178786
21.9183	41.7637	4.85299	0.00146834
25	43.1354	4.91275	0.00152453
22.0142	44.8882	4.92185	0.00197212
28.125	40	4.84035	0.00108782
25	40	4.8722	0.00115726
28.1154	36.8646	4.86189	0.0010016
25	30.6708	4.92985	0.00101682
25.1151	35.3065	0.253309	0.00105289
21.9134	33.7485	0.26251	0.00107418
31.3171	35.696	4.89365	0.000960826
28.0866	33.7485	4.91282	0.000998844
30.9343	31.8249	4.96636	0.000999793
28.1154	36.8646	4.86189	0.0010016
25.1151	35.3065	0.253309	0.00105289
28.0866	33.7485	4.91282	0.000998844
33.7508	28.5944	4.99078	0.00102454
37.1553	30.6708	4.98691	0.00103235
33.997	31.6326	4.97636	0.00100966
21.8846	36.8646	4.80898	0.00111727
21.9014	39.3141	0.240233	0.00122399
18.7212	38.8242	0.208088	0.00124232
28.1154	36.8646	4.86189	0.0010016
25	40	4.8722	0.00115726
25.1151	35.3065	0.253309	0.00105289
28.125	40	4.84035	0.00108782
28.1154	43.1354	4.85837	0.00142477
25	40	4.8722	0.00115726
3.72828	49.3292	4.98949	0.00358548
1.22131	52.3495	4.97958	0.0064384
0.68946	49.3292	4.99076	0.00334534
0.307214	46.2515	4.99483	0.00214761
3.39381	46.2515	4.9941	0.00221255
0.68946	49.3292	4.99076	0.00334534
11.1799	48.0735	4.98229	0.00341539
12.6536	46.2515	4.97517	0.00239097
12.7118	50.0843	4.97888	0.00516418
9.61019	45.6673	4.98745	0.00212796
11.1799	48.0735	4.98229	0.00341539
9.70619	49.8955	4.98289	0.00455551
9.61019	45.6673	4.98745	0.00212796
12.6536	46.2515	4.97517	0.00239097
11.1799	48.0735	4.98229	0.00341539
31.3817	62.6228	0.0407336	4.5206
34.1521	62.7968	0.0478759	4.44664
33.1516	65.9587	0.017753	0.0657082
26.9568	67.2765	0.0134621	0.0828489
28.4106	64.5496	0.0279584	0.0957779
30.4344	65.9587	0.0173747	0.0772924
29.839	59.2394	0.113549	0.0576205
33.5519	59.0383	0.124639	0.0394133
31.3817	62.6228	0.0407336	4.5206
28.6113	62.4488	0.0505258	0.100556
29.839	59.2394	0.113549	0.0576205
31.3817	62.6228	0.0407336	4.5206
20.7355	60.8826	0.127986	4.60669
24.0253	59.6046	4.70041	0.0820249
23.0704	62.1007	0.0823282	0.137695
25.6371	53.0665	0.277952	0.011864
24.7341	50.8393	4.89041	0.0056129
27.9723	52.3495	4.87599	0.00816406
22.4091	54.0056	4.87361	0.0155979
25.6371	53.0665	0.277952	0.011864
26.54	55.2938	0.236111	0.0221232
22.4091	54.0056	4.87361	0.0155979
24.7341	50.8393	4.89041	0.0056129
25.6371	53.0665	0.277952	0.011864
29.6201	55.2938	4.79891	0.0164128
31.8745	54.2817	4.8276	0.0112831
32.1533	57.1939	0.169009	0.0265208
34.2598	46.2515	0.153851	0.00171089
34.3294	43.6157	0.133155	0.00129705
37.3464	46.2515	0.162591	0.0015722
31.1732	46.2515	4.78615	0.00192211
34.2598	46.2515	0.153851	0.00171089
34.1165	49.3292	0.209568	0.00270861
34.2598	46.2515	0.153851	0.00171089
31.226	43.7137	0.187465	0.00140675
34.3294	43.6157	0.133155	0.00129705
35.6527	58.8743	4.67765	0.0276618
38.5596	58.6917	4.75751	0.017293
37.7936	60.8826	0.105502	0.0288346
33.5519	59.0383	0.124639	0.0394133
35.6527	58.8743	4.67765	0.0276618
34.9506	60.8826	0.084958	0.0528325
35.7802	55.2938	4.85109	0.00934854
38.5596	58.6917	4.75751	0.017293
35.6527	58.8743	4.67765	0.0276618
42.43	63.669	0.0539939	4.35501
43.4796	60.8826	0.123667	0.0297069
45.2338	63.4929	0.0690495	0.0451162
6.48041	46.2515	4.99174	0.00229699
6.31731	42.7435	4.99216	0.00161926
9.61019	45.6673	4.98745	0.00212796
0.68946	49.3292	4.99076	0.00334534
3.39381	46.2515	4.9941	0.00221255
3.72828	49.3292	4.98949	0.00358548
0.307214	46.2515	4.99483	0.00214761
0.076922	43.1354	4.99596	0.00166631
3.19711	42.9395	4.99532	0.00164243
6.4478	61.0566	0.121654	0.0823024
4.76616	63.4929	0.0711929	0.117061
3.67737	60.8826	0.152848	4.45814
5.69054	58.144	4.83398	0.0411774
6.4478	61.0566	0.121654	0.0823024
3.67737	60.8826	0.152848	4.45814
9.3634	60.8826	0.118069	0.0796255
10.1618	63.4929	0.0519334	0.114344
7.464	63.4929	0.0587327	4.59157
14.6026	58.144	4.81455	0.0544241
15.0494	60.8826	0.118335	0.106939
12.3979	60.3349	0.13465	4.47879
14.2198	55.2938	4.92615	0.0225348
14.6026	58.144	4.81455	0.0544241
11.6319	58.144	4.81131	0.0488739
14.2198	55.2938	4.92615	0.0225348
17.0264	56.2438	4.90552	0.0323102
14.6026	58.144	4.81455	0.0544241
7.464	63.4929	0.0587327	4.59157
5.97957	65.9587	0.0360538	4.6437
4.76616	63.4929	0.0711929	0.117061
11.414	65.9587	0.025674	4.55755
13.846	66.4528	0.0210873	0.103464
12.3644	68.2649	0.0132748	0.0733206
10.1618	63.4929	0.0519334	0.114344
11.414	65.9587	0.025674	4.55755
8.78345	65.7825	0.0297946	4.61312
12.8597	63.4929	0.0514066	0.113558
15.5575	63.4929	0.0559476	4.62902
13.846	66.4528	0.0210873	0.103464
10.1618	63.4929	0.0519334	0.114344
12.8597	63.4929	0.0514066	0.113558
11.414	65.9587	0.025674	4.55755
10.1618	63.4929	0.0519334	0.114344
12.3979	60.3349	0.13465	4.47879
12.8597	63.4929	0.0514066	0.113558
9.83732	68.2649	0.0149641	0.0871865
7.31021	68.2649	0.0188761	0.109438
8.78345	65.7825	0.0297946	4.61312
31.8745	54.2817	4.8276	0.0112831
30.9447	52.3495	4.86721	0.00676986
34.1289	53.2696	4.85162	0.00683931
35.7802	55.2938	4.85109	0.00934854
31.8745	54.2817	4.8276	0.0112831
34.1289	53.2696	4.85162	0.00683931
29.6201	55.2938	4.79891	0.0164128
30.9447	52.3495	4.86721	0.00676986
31.8745	54.2817	4.8276	0.0112831
29.839	59.2394	0.113549	0.0576205
26.4853	58.144	4.72075	0.0527944
29.6201	55.2938	4.79891	0.0164128
33.5519	59.0383	0.124639	0.0394133
29.839	59.2394	0.113549	0.0576205
32.1533	57.1939	0.169009	0.0265208
35.7802	55.2938	4.85109	0.00934854
33.5519	59.0383	0.124639	0.0394133
32.1533	57.1939	0.169009	0.0265208
34.9506	60.8826	0.084958	0.0528325
31.3817	62.6228	0.0407336	4.5206
33.5519	59.0383	0.124639	0.0394133
28.6113	62.4488	0.0505258	0.100556
26.4215	60.8826	0.0979378	4.53403
29.839	59.2394	0.113549	0.0576205
26.54	55.2938	0.236111	0.0221232
27.9723	52.3495	4.87599	0.00816406
29.6201	55.2938	4.79891	0.0164128
25.6371	53.0665	0.277952	0.011864
27.9723	52.3495	4.87599	0.00816406
26.54	55.2938	0.236111	0.0221232
24.7341	50.8393	4.89041	0.0056129
28.0388	49.3292	4.91421	0.00383084
27.9723	52.3495	4.87599	0.00816406
22.5483	72.3429	0.00396499	0.0397779
23.75	70.3973	0.00624861	0.0603178
25	72.3429	0.00377409	0.0301093
23.0327	74.7883	0.00246131	0.0175913
22.5483	72.3429	0.00396499	0.0397779
25	72.3429	0.00377409	0.0301093
21.4331	74.0896	0.00283223	0.0225389
19.0551	74.0896	0.00297954	0.0213396
20.0967	72.3429	0.00414089	0.039023
19.0904	66.7823	0.0195255	0.13811
22.2828	65.9587	0.0229576	4.66694
21.8037	69.5771	0.00789208	4.51273
24.3347	67.1118	0.015295	0.114569
23.75	70.3973	0.00624861	0.0603178
21.8037	69.5771	0.00789208	4.51273
27.0253	69.2491	0.00780836	0.0563527
30.0542	68.2649	0.00981652	4.40472
28.75	70.3973	0.00581781	0.0410346
25.6067	64.7258	0.0303475	4.60699
28.4106	64.5496	0.0279584	0.0957779
26.9568	67.2765	0.0134621	0.0828489
22.2828	65.9587	0.0229576	4.66694
25.6067	64.7258	0.0303475	4.60699
24.3347	67.1118	0.015295	0.114569
23.0704	62.1007	0.0823282	0.137695
26.4215	60.8826	0.0979378	4.53403
25.6067	64.7258	0.0303475	4.60699
30.4344	65.9587	0.0173747	0.0772924
30.0542	68.2649	0.00981652	4.40472
26.9568	67.2765	0.0134621	0.0828489
28.6113	62.4488	0.0505258	0.100556
31.3817	62.6228	0.0407336	4.5206
28.4106	64.5496	0.0279584	0.0957779
25.6067	64.7258	0.0303475	4.60699
28.6113	62.4488	0.0505258	0.100556
28.4106	64.5496	0.0279584	0.0957779
26.4215	60.8826	0.0979378	4.53403
26.4853	58.144	4.72075	0.0527944
29.839	59.2394	0.113549	0.0576205
25.6067	64.7258	0.0303475	4.60699
26.4215	60.8826	0.0979378	4.53403
28.6113	62.4488	0.0505258	0.100556
24.0253	59.6046	4.70041	0.0820249
23.0771	56.6239	4.846	0.0342984
26.4853	58.144	4.72075	0.0527944
33.1516	65.9587	0.017753	0.0657082
34.8233	67.7707	0.0117073	0.0473914
32.2468	68.921	0.00797169	0.0454542
31.3817	62.6228	0.0407336	4.5206
33.1516	65.9587	0.017753	0.0657082
30.4344	65.9587	0.0173747	0.0772924
34.1521	62.7968	0.0478759	4.44664
35.8688	65.9587	0.0198574	0.0542453
33.1516	65.9587	0.017753	0.0657082
32.355	72.3429	0.00380954	0.019172
33.75	70.3973	0.00589305	0.027677
34.8066	72.3429	0.00414989	0.0181738
29.3832	76.0659	0.00207875	0.00921561
28.5669	74.0896	0.00269952	0.0147242
30.9297	73.8705	0.00284859	0.0140534
31.0572	70.658	0.00532058	0.0336839
33.75	70.3973	0.00589305	0.027677
32.355	72.3429	0.00380954	0.019172
29.9033	72.3429	0.00372848	0.0220849
31.0572	70.658	0.00532058	0.0336839
32.355	72.3429	0.00380954	0.019172
28.4106	64.5496	0.0279584	0.0957779
31.3817	62.6228	0.0407336	4.5206
30.4344	65.9587	0.0173747	0.0772924
24.3347	67.1118	0.015295	0.114569
25.6067	64.7258	0.0303475	4.60699
26.9568	67.2765	0.0134621	0.0828489
23.0704	62.1007	0.0823282	0.137695
24.0253	59.6046	4.70041	0.0820249
26.4215	60.8826	0.0979378	4.53403
30.4344	65.9587	0.0173747	0.0772924
32.2468	68.921	0.00797169	0.0454542
30.0542	68.2649	0.00981652	4.40472
34.8233	67.7707	0.0117073	0.0473914
33.75	70.3973	0.00589305	0.027677
32.2468	68.921	0.00797169	0.0454542
43.2329	49.3292	4.93217	0.001953
40.1224	48.7521	4.86123	0.00189662
40.433	46.2515	4.79799	0.00144832
48.7787	52.3495	4.96749	0.00257634
45.8487	52.5335	4.95992	0.00292942
46.2717	49.3292	4.96009	0.00185797
42.834	52.3495	4.94576	0.00315934
40.1224	48.7521	4.86123	0.00189662
43.2329	49.3292	4.93217	0.001953
47.2801	58.144	4.85808	0.0091252
44.2548	57.954	4.83303	0.0111092
45.0204	55.2938	4.92748	0.00534128
38.8603	55.2938	4.89327	0.00721713
35.7802	55.2938	4.85109	0.00934854
36.7564	51.5944	4.85501	0.00361921
41.9404	55.2938	4.91303	0.00619785
38.8603	55.2938	4.89327	0.00721713
39.8617	52.3495	4.91411	0.00361559
45.8487	52.5335	4.95992	0.00292942
45.0204	55.2938	4.92748	0.00534128
42.834	52.3495	4.94576	0.00315934
41.4664	58.5091	4.78963	0.0147125
40.6366	60.8826	0.115688	0.0297902
38.5596	58.6917	4.75751	0.017293
44.2548	57.954	4.83303	0.0111092
41.4664	58.5091	4.78963	0.0147125
41.9404	55.2938	4.91303	0.00619785
44.2548	57.954	4.83303	0.0111092
43.4796	60.8826	0.123667	0.0297069
41.4664	58.5091	4.78963	0.0147125
38.5596	58.6917	4.75751	0.017293
35.7802	55.2938	4.85109	0.00934854
38.8603	55.2938	4.89327	0.00721713
6.31731	42.7435	4.99216	0.00161926
3.39381	46.2515	4.9941	0.00221255
3.19711	42.9395	4.99532	0.00164243
45.8487	52.5335	4.95992	0.00292942
42.834	52.3495	4.94576	0.00315934
43.2329	49.3292	4.93217	0.001953
48.1005	55.2938	4.94082	0.00448158
45.8487	52.5335	4.95992	0.00292942
48.7787	52.3495	4.96749	0.00257634
48.1005	55.2938	4.94082	0.00448158
47.2801	58.144	4.85808	0.0091252
45.0204	55.2938	4.92748	0.00534128
37.7936	60.8826	0.105502	0.0288346
38.5596	58.6917	4.75751	0.017293
40.6366	60.8826	0.115688	0.0297902
41.3032	65.9587	0.0269208	0.0430406
39.6261	63.8451	0.0444496	0.0415582
42.43	63.669	0.0539939	4.35501
34.9506	60.8826	0.084958	0.0528325
35.6527	58.8743	4.67765	0.0276618
37.7936	60.8826	0.105502	0.0288346
31.3817	62.6228	0.0407336	4.5206
34.9506	60.8826	0.084958	0.0528325
34.1521	62.7968	0.0478759	4.44664
33.5519	59.0383	0.124639	0.0394133
35.7802	55.2938	4.85109	0.00934854
35.6527	58.8743	4.67765	0.0276618
31.8745	54.2817	4.8276	0.0112831
35.7802	55.2938	4.85109	0.00934854
32.1533	57.1939	0.169009	0.0265208
34.1165	49.3292	0.209568	0.00270861
34.2598	46.2515	0.153851	0.00171089
37.0597	48.5598	0.202173	0.00215286
28.0388	49.3292	4.91421	0.00383084
31.0776	49.3292	4.8499	0.00338435
30.9447	52.3495	4.86721	0.00676986
28.0388	49.3292	4.91421	0.00383084
25	46.2515	4.94391	0.00226195
28.0866	46.2515	4.89916	0.00207915
36.7564	51.5944	4.85501	0.00361921
35.7802	55.2938	4.85109	0.00934854
34.1289	53.2696	4.85162	0.00683931
30.9447	52.3495	4.86721	0.00676986
31.0776	49.3292	4.8499	0.00338435
34.1165	49.3292	0.209568	0.00270861
40.1224	48.7521	4.86123	0.00189662
42.834	52.3495	4.94576	0.00315934
39.8617	52.3495	4.91411	0.00361559
39.8617	52.3495	4.91411	0.00361559
42.834	52.3495	4.94576	0.00315934
41.9404	55.2938	4.91303	0.00619785
36.7564	51.5944	4.85501	0.00361921
39.8617	52.3495	4.91411	0.00361559
38.8603	55.2938	4.89327	0.00721713
36.7564	51.5944	4.85501	0.00361921
40.1224	48.7521	4.86123	0.00189662
39.8617	52.3495	4.91411	0.00361559
18.9224	49.3292	4.93592	0.00400277
19.0553	52.3495	4.92779	0.00925882
16.083	52.3495	4.96692	0.00967409
15.7402	46.2515	4.95691	0.00255423
18.8268	46.2515	4.94232	0.00243956
15.8835	49.3292	4.97384	0.00441673
21.7462	47.598	4.9218	0.002609
25	46.2515	4.94391	0.00226195
24.7341	50.8393	4.89041	0.0056129
22.0108	14.5924	0.16931	0.000949933
19.9458	11.7351	0.127171	0.000956294
23.0432	12.7235	0.136288	0.000948111
17.645	7.6571	0.0710156	0.000986045
18.75	9.60269	0.0984854	0.00097048
16.5822	10.0948	4.66264	0.000965933
14.9215	7.36598	0.0788058	0.000999719
17.645	7.6571	0.0710156	0.000986045
16.5822	10.0948	4.66264	0.000965933
16.6772	5.91038	0.0483389	0.000997896
19.0551	5.91038	0.0390262	0.000991192
17.645	7.6571	0.0710156	0.000986045
20.0967	7.6571	0.0524941	0.000977446
21.25	9.60269	0.0718619	0.000961982
18.75	9.60269	0.0984854	0.00097048
17.645	7.6571	0.0710156	0.000986045
19.0551	5.91038	0.0390262	0.000991192
20.0967	7.6571	0.0524941	0.000977446
24.1844	6.78374	0.0429026	0.000982545
26.189	5.91038	0.0380352	0.000991941
25.4207	8.55507	0.0766351	0.000970584
28.5669	5.91038	0.0421058	0.000994283
31.8199	4.37335	0.0306096	0.000999938
31.1316	6.34706	0.0487199	0.000987578
26.9661	0.123895	0.0149858	0.00101716
28.4094	2.238	0.0190077	0.00101376
26.0648	3.0556	0.0199226	0.00100941
28.9198	0.494728	0.0173975	0.00101599
30.8485	1.10996	0.019727	0.0010137
28.4094	2.238	0.0190077	0.00101376
31.25	9.60269	0.126316	0.000964143
33.75	9.60269	0.106605	0.000956284
32.5813	11.7351	4.75289	0.000938356
30.9096	13.2177	4.85347	0.000940893
29.636	10.915	4.73564	0.000944821
32.5813	11.7351	4.75289	0.000938356
32.355	7.6571	0.0668889	0.000974128
33.4473	6.2015	0.0451911	0.00098103
34.9468	7.95642	0.0679549	0.000961336
29.9033	7.6571	0.0726826	0.000979765
32.355	7.6571	0.0668889	0.000974128
31.25	9.60269	0.126316	0.000964143
31.1316	6.34706	0.0487199	0.000987578
31.8199	4.37335	0.0306096	0.000999938
33.4473	6.2015	0.0451911	0.00098103
29.9033	7.6571	0.0726826	0.000979765
31.1316	6.34706	0.0487199	0.000987578
32.355	7.6571	0.0668889	0.000974128
29.9033	7.6571	0.0726826	0.000979765
28.5669	5.91038	0.0421058	0.000994283
31.1316	6.34706	0.0487199	0.000987578
28.5669	5.91038	0.0421058	0.000994283
29.9033	7.6571	0.0726826	0.000979765
27.8022	8.40541	0.0908144	0.000974795
25	4.37335	0.0251054	0.00100084
27.2733	4.37335	0.0274681	0.00100371
26.189	5.91038	0.0380352	0.000991941
27.2733	4.37335	0.0274681	0.00100371
30.3241	3.0556	0.0228181	0.00100986
28.5669	5.91038	0.0421058	0.000994283
31.1316	6.34706	0.0487199	0.000987578
33.4473	6.2015	0.0451911	0.00098103
32.355	7.6571	0.0668889	0.000974128
27.2733	4.37335	0.0274681	0.00100371
28.4094	2.238	0.0190077	0.00101376
30.3241	3.0556	0.0228181	0.00100986
26.189	5.91038	0.0380352	0.000991941
27.2733	4.37335	0.0274681	0.00100371
28.5669	5.91038	0.0421058	0.000994283
26.0648	3.0556	0.0199226	0.00100941
28.4094	2.238	0.0190077	0.00101376
27.2733	4.37335	0.0274681	0.00100371
29.636	10.915	4.73564	0.000944821
29.9033	7.6571	0.0726826	0.000979765
31.25	9.60269	0.126316	0.000964143
25.4207	8.55507	0.0766351	0.000970584
27.8022	8.40541	0.0908144	0.000974795
27.0253	10.7509	4.69117	0.000944396
25.4207	8.55507	0.0766351	0.000970584
26.189	5.91038	0.0380352	0.000991941
27.8022	8.40541	0.0908144	0.000974795
26.3489	16.5071	4.88511	0.000946266
24.3933	15.2742	0.216938	0.000951948
25.6653	12.8882	4.74714	0.00093591
30.3241	3.0556	0.0228181	0.00100986
31.8199	4.37335	0.0306096	0.000999938
28.5669	5.91038	0.0421058	0.000994283
30.8485	1.10996	0.019727	0.0010137
30.3241	3.0556	0.0228181	0.00100986
28.4094	2.238	0.0190077	0.00101376
30.8485	1.10996	0.019727	0.0010137
32.7403	1.96546	0.0235517	0.00100679
30.3241	3.0556	0.0228181	0.00100986
30.3241	3.0556	0.0228181	0.00100986
32.7403	1.96546	0.0235517	0.00100679
31.8199	4.37335	0.0306096	0.000999938
23.9352	3.0556	0.0191536	0.00100651
25	4.37335	0.0251054	0.00100084
22.7267	4.37335	0.0239421	0.000998333
26.9661	0.123895	0.0149858	0.00101716
26.0648	3.0556	0.0199226	0.00100941
25.0248	1.47661	0.0159589	0.00101303
26.9661	0.123895	0.0149858	0.00101716
28.9198	0.494728	0.0173975	0.00101599
28.4094	2.238	0.0190077	0.00101376
25.0248	1.47661	0.0159589	0.00101303
25	-8.70219e-28	0.0150312	0.00101445
26.9661	0.123895	0.0149858	0.00101716
23.9352	3.0556	0.0191536	0.00100651
25.0248	1.47661	0.0159589	0.00101303
26.0648	3.0556	0.0199226	0.00100941
23.9352	3.0556	0.0191536	0.00100651
23.0835	1.59882	0.0161097	0.00101037
25.0248	1.47661	0.0159589	0.00101303
32.7403	1.96546	0.0235517	0.00100679
34.5833	3.0556	0.0287113	0.000994587
31.8199	4.37335	0.0306096	0.000999938
25	4.37335	0.0251054	0.00100084
26.0648	3.0556	0.0199226	0.00100941
27.2733	4.37335	0.0274681	0.00100371
24.1844	6.78374	0.0429026	0.000982545
25	4.37335	0.0251054	0.00100084
26.189	5.91038	0.0380352	0.000991941
23.9352	3.0556	0.0191536	0.00100651
26.0648	3.0556	0.0199226	0.00100941
25	4.37335	0.0251054	0.00100084
21.913	2.6468	0.0183703	0.00100621
23.9352	3.0556	0.0191536	0.00100651
22.7267	4.37335	0.0239421	0.000998333
23.0835	1.59882	0.0161097	0.00101037
23.0339	0.123895	0.0149947	0.00101225
25.0248	1.47661	0.0159589	0.00101303
21.913	2.6468	0.0183703	0.00100621
23.0835	1.59882	0.0161097	0.00101037
23.9352	3.0556	0.0191536	0.00100651
21.4331	5.91038	0.0331873	0.000987721
20.4534	4.37335	0.0257231	0.000997927
22.7267	4.37335	0.0239421	0.000998333
19.7476	2.78306	0.0210842	0.00100453
21.0802	0.494728	0.0160124	0.00100988
21.913	2.6468	0.0183703	0.00100621
23.0339	0.123895	0.0149947	0.00101225
25	-8.70219e-28	0.0150312	0.00101445
25.0248	1.47661	0.0159589	0.00101303
33.4473	6.2015	0.0451911	0.00098103
34.5833	3.0556	0.0287113	0.000994587
35.7008	5.91038	0.0462861	0.000971085
36.3664	4.37335	0.0409633	0.000975972
35.7008	5.91038	0.0462861	0.000971085
34.5833	3.0556	0.0287113	0.000994587
23.5785	19.1174	4.91331	0.00095745
26.3489	16.5071	4.88511	0.000946266
26.4215	19.1174	4.94643	0.000963653
23.0771	23.3761	4.97905	0.000987919
25.3391	26.1784	4.98138	0.00100285
22.0277	27.6505	4.97327	0.00101162
29.636	10.915	4.73564	0.000944821
27.8022	8.40541	0.0908144	0.000974795
29.9033	7.6571	0.0726826	0.000979765
29.636	10.915	4.73564	0.000944821
27.0253	10.7509	4.69117	0.000944396
27.8022	8.40541	0.0908144	0.000974795
32.5813	11.7351	4.75289	0.000938356
29.636	10.915	4.73564	0.000944821
31.25	9.60269	0.126316	0.000964143
28.2875	13.053	4.83799	0.000940097
27.0253	10.7509	4.69117	0.000944396
29.636	10.915	4.73564	0.000944821
23.0432	12.7235	0.136288	0.000948111
25.6653	12.8882	4.74714	0.00093591
24.3933	15.2742	0.216938	0.000951948
24.4145	10.5869	0.114719	0.000956106
25.4207	8.55507	0.0766351	0.000970584
27.0253	10.7509	4.69117	0.000944396
23.0432	12.7235	0.136288	0.000948111
24.4145	10.5869	0.114719	0.000956106
25.6653	12.8882	4.74714	0.00093591
23.0432	12.7235	0.136288	0.000948111
21.25	9.60269	0.0718619	0.000961982
24.4145	10.5869	0.114719	0.000956106
24.1844	6.78374	0.0429026	0.000982545
22.5483	7.6571	0.0473984	0.000974499
21.4331	5.91038	0.0331873	0.000987721
25	4.37335	0.0251054	0.00100084
24.1844	6.78374	0.0429026	0.000982545
22.7267	4.37335	0.0239421	0.000998333
25.4207	8.55507	0.0766351	0.000970584
24.4145	10.5869	0.114719	0.000956106
22.5483	7.6571	0.0473984	0.000974499
24.4145	10.5869	0.114719	0.000956106
21.25	9.60269	0.0718619	0.000961982
22.5483	7.6571	0.0473984	0.000974499
19.5656	14.0413	0.186176	0.000956227
20.9532	16.5071	0.226328	0.00095818
18.2554	16.5071	4.86516	0.000954516
19.9458	11.7351	0.127171	0.000956294
19.5656	14.0413	0.186176	0.000956227
17.7988	12.3941	4.74036	0.000951514
18.75	9.60269	0.0984854	0.00097048
19.9458	11.7351	0.127171	0.000956294
17.7988	12.3941	4.74036	0.000951514
21.25	9.60269	0.0718619	0.000961982
23.0432	12.7235	0.136288	0.000948111
19.9458	11.7351	0.127171	0.000956294
22.0108	14.5924	0.16931	0.000949933
20.9532	16.5071	0.226328	0.00095818
19.5656	14.0413	0.186176	0.000956227
19.9458	11.7351	0.127171	0.000956294
22.0108	14.5924	0.16931	0.000949933
19.5656	14.0413	0.186176	0.000956227
23.0432	12.7235	0.136288	0.000948111
24.3933	15.2742	0.216938	0.000951948
22.0108	14.5924	0.16931	0.000949933
17.7548	18.7251	4.93593	0.000968772
20.7355	19.1174	4.90993	0.000959396
17.2541	20.9431	4.97099	0.000984243
16.8484	14.0413	4.8388	0.000957512
18.2554	16.5071	4.86516	0.000954516
15.9817	15.8026	4.90714	0.00096714
20.9532	16.5071	0.226328	0.00095818
20.7355	19.1174	4.90993	0.000959396
18.2554	16.5071	4.86516	0.000954516
14.9215	7.36598	0.0788058	0.000999719
16.5822	10.0948	4.66264	0.000965933
13.513	9.30337	0.134863	0.00100192
12.6058	7.51154	0.0913885	0.00100765
14.9215	7.36598	0.0788058	0.000999719
13.513	9.30337	0.134863	0.00100192
13.6336	4.37335	0.0476614	0.00100661
15.4167	3.0556	0.0333284	0.00100515
16.6772	5.91038	0.0483389	0.000997896
19.7476	2.78306	0.0210842	0.00100453
19.1515	1.10996	0.0196442	0.00100669
21.0802	0.494728	0.0160124	0.00100988
20.4534	4.37335	0.0257231	0.000997927
19.0551	5.91038	0.0390262	0.000991192
18.1801	4.37335	0.0306974	0.00100016
21.913	2.6468	0.0183703	0.00100621
20.4534	4.37335	0.0257231	0.000997927
19.7476	2.78306	0.0210842	0.00100453
21.4331	5.91038	0.0331873	0.000987721
19.0551	5.91038	0.0390262	0.000991192
20.4534	4.37335	0.0257231	0.000997927
24.1844	6.78374	0.0429026	0.000982545
21.4331	5.91038	0.0331873	0.000987721
22.7267	4.37335	0.0239421	0.000998333
20.0967	7.6571	0.0524941	0.000977446
19.0551	5.91038	0.0390262	0.000991192
21.4331	5.91038	0.0331873	0.000987721
20.4534	4.37335	0.0257231	0.000997927
18.1801	4.37335	0.0306974	0.00100016
19.7476	2.78306	0.0210842	0.00100453
23.0835	1.59882	0.0161097	0.00101037
21.0802	0.494728	0.0160124	0.00100988
23.0339	0.123895	0.0149947	0.00101225
27.8022	8.40541	0.0908144	0.000974795
26.189	5.91038	0.0380352	0.000991941
28.5669	5.91038	0.0421058	0.000994283
25.6653	12.8882	4.74714	0.00093591
24.4145	10.5869	0.114719	0.000956106
27.0253	10.7509	4.69117	0.000944396
22.5483	7.6571	0.0473984	0.000974499
20.0967	7.6571	0.0524941	0.000977446
21.4331	5.91038	0.0331873	0.000987721
25.4207	8.55507	0.0766351	0.000970584
22.5483	7.6571	0.0473984	0.000974499
24.1844	6.78374	0.0429026	0.000982545
21.25	9.60269	0.0718619	0.000961982
20.0967	7.6571	0.0524941	0.000977446
22.5483	7.6571	0.0473984	0.000974499
14.9215	7.36598	0.0788058	0.000999719
16.6772	5.91038	0.0483389	0.000997896
17.645	7.6571	0.0710156	0.000986045
21.913	2.6468	0.0183703	0.00100621
21.0802	0.494728	0.0160124	0.00100988
23.0835	1.59882	0.0161097	0.00101037
37.3284	7.80676	0.0725003	0.000951904
38.0788	5.91038	0.0578113	0.000958002
39.7099	7.6571	0.0924544	0.000945378
33.4473	6.2015	0.0451911	0.00098103
35.7008	5.91038	0.0462861	0.000971085
34.9468	7.95642	0.0679549	0.000961336
33.75	9.60269	0.106605	0.000956284
32.355	7.6571	0.0668889	0.000974128
34.9468	7.95642	0.0679549	0.000961336
31.8199	4.37335	0.0306096	0.000999938
34.5833	3.0556	0.0287113	0.000994587
33.4473	6.2015	0.0451911	0.00098103
36.3664	4.37335	0.0409633	0.000975972
38.0788	5.91038	0.0578113	0.000958002
35.7008	5.91038	0.0462861	0.000971085
19.7476	2.78306	0.0210842	0.00100453
17.2597	1.96546	0.0246579	0.00100535
19.1515	1.10996	0.0196442	0.00100669
18.1801	4.37335	0.0306974	0.00100016
16.6772	5.91038	0.0483389	0.000997896
15.4167	3.0556	0.0333284	0.00100515
19.7476	2.78306	0.0210842	0.00100453
18.1801	4.37335	0.0306974	0.00100016
17.2597	1.96546	0.0246579	0.00100535
19.0551	5.91038	0.0390262	0.000991192
16.6772	5.91038	0.0483389	0.000997896
18.1801	4.37335	0.0306974	0.00100016
21.913	2.6468	0.0183703	0.00100621
22.7267	4.37335	0.0239421	0.000998333
20.4534	4.37335	0.0257231	0.000997927
20.0967	7.6571	0.0524941	0.000977446
18.75	9.60269	0.0984854	0.00097048
17.645	7.6571	0.0710156	0.000986045
14.9215	7.36598	0.0788058	0.000999719
13.6336	4.37335	0.0476614	0.00100661
16.6772	5.91038	0.0483389	0.000997896
32.355	7.6571	0.0668889	0.000974128
33.75	9.60269	0.106605	0.000956284
31.25	9.60269	0.126316	0.000964143
38.0788	5.91038	0.0578113	0.000958002
37.3284	7.80676	0.0725003	0.000951904
35.7008	5.91038	0.0462861	0.000971085
38.75	9.60269	0.12141	0.000943939
41.25	9.60269	0.166546	0.000945855
40.1627	11.7351	4.79494	0.000936647
36.25	9.60269	0.100027	0.000948146
38.75	9.60269	0.12141	0.000943939
37.4683	11.4071	0.173665	0.000945139
39.7099	7.6571	0.0924544	0.000945378
41.25	9.60269	0.166546	0.000945855
38.75	9.60269	0.12141	0.000943939
15.4167	3.0556	0.0333284	0.00100515
17.2597	1.96546	0.0246579	0.00100535
18.1801	4.37335	0.0306974	0.00100016
44.0204	14.0413	4.94518	0.000971301
41.2166	14.2175	4.91992	0.000958917
42.6898	11.7351	4.86592	0.000946229
14.9215	7.36598	0.0788058	0.000999719
12.6058	7.51154	0.0913885	0.00100765
13.6336	4.37335	0.0476614	0.00100661
15.1767	12.2293	4.81427	0.000970526
12.5545	12.0646	4.82787	0.000988798
13.513	9.30337	0.134863	0.00100192
16.5822	10.0948	4.66264	0.000965933
17.7988	12.3941	4.74036	0.000951514
15.1767	12.2293	4.81427	0.000970526
14.1312	14.0413	4.89401	0.000978095
12.5545	12.0646	4.82787	0.000988798
15.1767	12.2293	4.81427	0.000970526
15.9817	15.8026	4.90714	0.00096714
14.7591	18.4213	4.96172	0.000985166
13.1778	15.9788	4.94295	0.000987833
16.5822	10.0948	4.66264	0.000965933
18.75	9.60269	0.0984854	0.00097048
17.7988	12.3941	4.74036	0.000951514
22.0108	14.5924	0.16931	0.000949933
24.3933	15.2742	0.216938	0.000951948
20.9532	16.5071	0.226328	0.00095818
11.4404	21.3083	4.98855	0.00101369
12.2064	19.1174	4.97825	0.00100228
14.6026	21.856	4.98466	0.00100216
8.66123	21.856	4.99253	0.00102455
11.4404	21.3083	4.98855	0.00101369
10.9756	24.1362	4.9935	0.00102741
8.66123	21.856	4.99253	0.00102455
9.3634	19.1174	4.9843	0.00101429
11.4404	21.3083	4.98855	0.00101369
6.52038	19.1174	4.98838	0.00102127
7.464	16.5071	4.9736	0.00101422
9.3634	19.1174	4.9843	0.00101429
3.67737	19.1174	4.99128	0.00102496
6.52038	19.1174	4.98838	0.00102127
5.62671	21.6734	4.99412	0.00102995
3.67737	19.1174	4.99128	0.00102496
4.76616	16.5071	4.98106	0.00101824
6.52038	19.1174	4.98838	0.00102127
10.1618	16.5071	4.96439	0.00100554
12.2064	19.1174	4.97825	0.00100228
9.3634	19.1174	4.9843	0.00101429
5.97957	14.0413	4.95588	0.0010126
8.69678	14.0413	4.93532	0.00100748
7.464	16.5071	4.9736	0.00101422
11.414	14.0413	4.91569	0.000995951
13.1778	15.9788	4.94295	0.000987833
10.1618	16.5071	4.96439	0.00100554
15.1767	12.2293	4.81427	0.000970526
16.8484	14.0413	4.8388	0.000957512
14.1312	14.0413	4.89401	0.000978095
6.52038	19.1174	4.98838	0.00102127
9.3634	19.1174	4.9843	0.00101429
8.66123	21.856	4.99253	0.00102455
14.7591	18.4213	4.96172	0.000985166
12.2064	19.1174	4.97825	0.00100228
13.1778	15.9788	4.94295	0.000987833
14.7591	18.4213	4.96172	0.000985166
14.6026	21.856	4.98466	0.00100216
12.2064	19.1174	4.97825	0.00100228
12.6058	7.51154	0.0913885	0.00100765
11.9212	5.91038	0.0770665	0.00100862
13.6336	4.37335	0.0476614	0.00100661
11.25	9.60269	0.154116	0.00101205
12.6058	7.51154	0.0913885	0.00100765
13.513	9.30337	0.134863	0.00100192
10.2901	7.6571	0.116341	0.001013
11.9212	5.91038	0.0770665	0.00100862
12.6058	7.51154	0.0913885	0.00100765
41.2166	14.2175	4.91992	0.000958917
40.1627	11.7351	4.79494	0.000936647
42.6898	11.7351	4.86592	0.000946229
35.1085	11.7351	0.179235	0.000947453
37.4683	11.4071	0.173665	0.000945139
35.6088	14.5697	4.87402	0.000943548
33.1516	14.0413	4.87048	0.000941085
35.1085	11.7351	0.179235	0.000947453
35.6088	14.5697	4.87402	0.000943548
32.5813	11.7351	4.75289	0.000938356
33.75	9.60269	0.106605	0.000956284
35.1085	11.7351	0.179235	0.000947453
37.3284	7.80676	0.0725003	0.000951904
39.7099	7.6571	0.0924544	0.000945378
38.75	9.60269	0.12141	0.000943939
36.25	9.60269	0.100027	0.000948146
37.3284	7.80676	0.0725003	0.000951904
38.75	9.60269	0.12141	0.000943939
35.1085	11.7351	0.179235	0.000947453
36.25	9.60269	0.100027	0.000948146
37.4683	11.4071	0.173665	0.000945139
34.9468	7.95642	0.0679549	0.000961336
37.3284	7.80676	0.0725003	0.000951904
36.25	9.60269	0.100027	0.000948146
34.9468	7.95642	0.0679549	0.000961336
35.7008	5.91038	0.0462861	0.000971085
37.3284	7.80676	0.0725003	0.000951904
42.536	16.5071	4.967	0.000985992
44.0204	14.0413	4.94518	0.000971301
45.2338	16.5071	4.97706	0.000997236
38.4127	14.3936	4.88747	0.000948107
41.2166	14.2175	4.91992	0.000958917
39.693	16.8552	4.95792	0.000975781
38.4127	14.3936	4.88747	0.000948107
37.4683	11.4071	0.173665	0.000945139
40.1627	11.7351	4.79494	0.000936647
10.2901	7.6571	0.116341	0.001013
12.6058	7.51154	0.0913885	0.00100765
11.25	9.60269	0.154116	0.00101205
28.2875	13.053	4.83799	0.000940097
30.001	14.922	4.90736	0.000946318
26.3489	16.5071	4.88511	0.000946266
35.1085	11.7351	0.179235	0.000947453
33.1516	14.0413	4.87048	0.000941085
32.5813	11.7351	4.75289	0.000938356
30.001	14.922	4.90736	0.000946318
28.6113	17.5512	4.942	0.000958478
26.3489	16.5071	4.88511	0.000946266
30.9096	13.2177	4.85347	0.000940893
30.001	14.922	4.90736	0.000946318
28.2875	13.053	4.83799	0.000940097
29.636	10.915	4.73564	0.000944821
30.9096	13.2177	4.85347	0.000940893
28.2875	13.053	4.83799	0.000940097
32.5813	11.7351	4.75289	0.000938356
33.1516	14.0413	4.87048	0.000941085
30.9096	13.2177	4.85347	0.000940893
31.7446	16.5071	4.93983	0.000956358
28.6113	17.5512	4.942	0.000958478
30.001	14.922	4.90736	0.000946318
34.4425	16.5071	4.93826	0.000958037
31.7446	16.5071	4.93983	0.000956358
33.1516	14.0413	4.87048	0.000941085
34.4425	16.5071	4.93826	0.000958037
34.9506	19.1174	4.97405	0.000982893
32.1075	19.1174	4.9724	0.000977572
37.1403	16.5071	4.94132	0.00096299
34.4425	16.5071	4.93826	0.000958037
35.6088	14.5697	4.87402	0.000943548
37.1403	16.5071	4.94132	0.00096299
37.7936	19.1174	4.9763	0.000990017
34.9506	19.1174	4.97405	0.000982893
11.414	14.0413	4.91569	0.000995951
14.1312	14.0413	4.89401	0.000978095
13.1778	15.9788	4.94295	0.000987833
8.69678	14.0413	4.93532	0.00100748
9.93237	11.8999	4.84781	0.00100151
11.414	14.0413	4.91569	0.000995951
11.25	9.60269	0.154116	0.00101205
13.513	9.30337	0.134863	0.00100192
12.5545	12.0646	4.82787	0.000988798
10.2901	7.6571	0.116341	0.001013
11.25	9.60269	0.154116	0.00101205
8.74996	9.60269	0.189915	0.00101809
13.513	9.30337	0.134863	0.00100192
16.5822	10.0948	4.66264	0.000965933
15.1767	12.2293	4.81427	0.000970526
9.93237	11.8999	4.84781	0.00100151
11.25	9.60269	0.154116	0.00101205
12.5545	12.0646	4.82787	0.000988798
11.414	14.0413	4.91569	0.000995951
9.93237	11.8999	4.84781	0.00100151
12.5545	12.0646	4.82787	0.000988798
8.69678	14.0413	4.93532	0.00100748
7.31021	11.7351	4.89064	0.00100719
9.93237	11.8999	4.84781	0.00100151
37.4683	11.4071	0.173665	0.000945139
38.4127	14.3936	4.88747	0.000948107
35.6088	14.5697	4.87402	0.000943548
42.536	16.5071	4.967	0.000985992
43.4158	19.3	4.98705	0.00101152
40.5089	19.4825	4.98315	0.00100255
44.0204	14.0413	4.94518	0.000971301
42.536	16.5071	4.967	0.000985992
41.2166	14.2175	4.91992	0.000958917
45.2338	16.5071	4.97706	0.000997236
43.4158	19.3	4.98705	0.00101152
42.536	16.5071	4.967	0.000985992
40.5089	19.4825	4.98315	0.00100255
41.2294	22.236	4.99284	0.00102449
38.204	22.4261	4.99167	0.00101754
42.536	16.5071	4.967	0.000985992
40.5089	19.4825	4.98315	0.00100255
39.693	16.8552	4.95792	0.000975781
43.4158	19.3	4.98705	0.00101152
41.2294	22.236	4.99284	0.00102449
40.5089	19.4825	4.98315	0.00100255
47.2801	21.856	4.9953	0.00103597
44.3095	21.856	4.99401	0.00103001
46.3226	19.1174	4.99015	0.00101849
38.4127	14.3936	4.88747	0.000948107
37.1403	16.5071	4.94132	0.00096299
35.6088	14.5697	4.87402	0.000943548
40.1627	11.7351	4.79494	0.000936647
41.2166	14.2175	4.91992	0.000958917
38.4127	14.3936	4.88747	0.000948107
38.75	9.60269	0.12141	0.000943939
40.1627	11.7351	4.79494	0.000936647
37.4683	11.4071	0.173665	0.000945139
41.25	9.60269	0.166546	0.000945855
42.6898	11.7351	4.86592	0.000946229
40.1627	11.7351	4.79494	0.000936647
39.693	16.8552	4.95792	0.000975781
37.1403	16.5071	4.94132	0.00096299
38.4127	14.3936	4.88747	0.000948107
40.5089	19.4825	4.98315	0.00100255
37.7936	19.1174	4.9763	0.000990017
39.693	16.8552	4.95792	0.000975781
28.8815	20.2128	4.97254	0.000978511
29.1279	22.9961	4.98582	0.000996934
26.1025	23.1861	4.9808	0.000990129
32.1075	19.1174	4.9724	0.000977572
34.9506	19.1174	4.97405	0.000982893
32.4267	21.856	4.9871	0.000999057
28.8815	20.2128	4.97254	0.000978511
32.1075	19.1174	4.9724	0.000977572
32.4267	21.856	4.9871	0.000999057
31.7446	16.5071	4.93983	0.000956358
34.4425	16.5071	4.93826	0.000958037
32.1075	19.1174	4.9724	0.000977572
28.6113	17.5512	4.942	0.000958478
31.7446	16.5071	4.93983	0.000956358
32.1075	19.1174	4.9724	0.000977572
11.414	14.0413	4.91569	0.000995951
12.5545	12.0646	4.82787	0.000988798
14.1312	14.0413	4.89401	0.000978095
12.2064	19.1174	4.97825	0.00100228
10.1618	16.5071	4.96439	0.00100554
13.1778	15.9788	4.94295	0.000987833
9.93237	11.8999	4.84781	0.00100151
8.74996	9.60269	0.189915	0.00101809
11.25	9.60269	0.154116	0.00101205
43.4158	19.3	4.98705	0.00101152
45.2338	16.5071	4.97706	0.000997236
46.3226	19.1174	4.99015	0.00101849
33.1516	14.0413	4.87048	0.000941085
35.6088	14.5697	4.87402	0.000943548
34.4425	16.5071	4.93826	0.000958037
36.25	9.60269	0.100027	0.000948146
33.75	9.60269	0.106605	0.000956284
34.9468	7.95642	0.0679549	0.000961336
21.9134	33.7485	0.26251	0.00107418
18.9132	34.917	4.85739	0.00110084
18.6835	32.5943	4.91861	0.00106435
25	30.6708	4.92985	0.00101682
21.9134	33.7485	0.26251	0.00107418
21.9612	30.6708	4.92586	0.0010297
21.8846	36.8646	4.80898	0.00111727
18.9132	34.917	4.85739	0.00110084
21.9134	33.7485	0.26251	0.00107418
25	40	4.8722	0.00115726
21.8846	36.8646	4.80898	0.00111727
25.1151	35.3065	0.253309	0.00105289
21.9134	33.7485	0.26251	0.00107418
18.6835	32.5943	4.91861	0.00106435
21.9612	30.6708	4.92586	0.0010297
18.7212	38.8242	0.208088	0.00124232
18.9132	34.917	4.85739	0.00110084
21.8846	36.8646	4.80898	0.00111727
17.2667	36.7732	0.25067	0.00118404
15.8122	34.7222	4.90421	0.0011159
18.9132	34.917	4.85739	0.00110084
18.7212	38.8242	0.208088	0.00124232
17.2667	36.7732	0.25067	0.00118404
18.9132	34.917	4.85739	0.00110084
18.7212	38.8242	0.208088	0.00124232
15.601	39.0202	0.244263	0.00127717
17.2667	36.7732	0.25067	0.00118404
18.7981	41.9596	0.236134	0.00154202
18.7212	38.8242	0.208088	0.00124232
21.9014	39.3141	0.240233	0.00122399
15.601	39.0202	0.244263	0.00127717
15.8122	34.7222	4.90421	0.0011159
17.2667	36.7732	0.25067	0.00118404
14.001	23.9462	4.9903	0.00101553
14.6026	21.856	4.98466	0.00100216
17.2998	24.7062	4.98697	0.00100702
13.1107	27.6505	4.99046	0.00104116
12.8447	30.6708	4.98281	0.00106914
10.1383	27.6505	4.99406	0.00105151
15.2052	26.1784	4.98928	0.00102369
15.7173	29.727	4.97853	0.00104732
13.1107	27.6505	4.99046	0.00104116
20.3799	24.7062	4.98125	0.0009982
18.0114	27.1222	4.98233	0.00101938
17.2998	24.7062	4.98697	0.00100702
18.7229	29.5382	4.96498	0.00103388
15.7173	29.727	4.97853	0.00104732
18.0114	27.1222	4.98233	0.00101938
18.7229	29.5382	4.96498	0.00103388
18.6835	32.5943	4.91861	0.00106435
15.7173	29.727	4.97853	0.00104732
10.9756	24.1362	4.9935	0.00102741
8.05963	24.7062	4.99549	0.00103826
8.66123	21.856	4.99253	0.00102455
10.1383	27.6505	4.99406	0.00105151
8.05963	24.7062	4.99549	0.00103826
10.9756	24.1362	4.9935	0.00102741
10.1383	27.6505	4.99406	0.00105151
9.80591	30.6708	4.99073	0.00108231
7.16598	27.6505	4.99617	0.0010596
6.70061	30.2933	4.99546	0.00108686
7.16598	27.6505	4.99617	0.0010596
9.80591	30.6708	4.99073	0.00108231
4.97956	24.7062	4.9965	0.00104428
5.62671	21.6734	4.99412	0.00102995
8.05963	24.7062	4.99549	0.00103826
3.67737	19.1174	4.99128	0.00102496
5.62671	21.6734	4.99412	0.00102995
2.71986	21.856	4.99541	0.00103443
6.52038	19.1174	4.98838	0.00102127
4.76616	16.5071	4.98106	0.00101824
7.464	16.5071	4.9736	0.00101422
25	30.6708	4.92985	0.00101682
28.0388	30.6708	4.9602	0.0010078
28.0866	33.7485	4.91282	0.000998844
47.2801	21.856	4.9953	0.00103597
48.1005	24.7062	4.9973	0.00105444
45.0204	24.7062	4.99678	0.0010483
26.4215	19.1174	4.94643	0.000963653
26.3489	16.5071	4.88511	0.000946266
28.6113	17.5512	4.942	0.000958478
18.0114	27.1222	4.98233	0.00101938
22.0277	27.6505	4.97327	0.00101162
18.7229	29.5382	4.96498	0.00103388
17.2541	20.9431	4.97099	0.000984243
20.544	21.856	4.96682	0.000978875
17.2998	24.7062	4.98697	0.00100702
23.0771	23.3761	4.97905	0.000987919
26.1025	23.1861	4.9808	0.000990129
25.3391	26.1784	4.98138	0.00100285
17.2998	24.7062	4.98697	0.00100702
20.544	21.856	4.96682	0.000978875
20.3799	24.7062	4.98125	0.0009982
24.8405	21.1517	4.96169	0.000973919
26.1025	23.1861	4.9808	0.000990129
23.0771	23.3761	4.97905	0.000987919
20.544	21.856	4.96682	0.000978875
24.8405	21.1517	4.96169	0.000973919
23.0771	23.3761	4.97905	0.000987919
23.5785	19.1174	4.91331	0.00095745
26.4215	19.1174	4.94643	0.000963653
24.8405	21.1517	4.96169	0.000973919
31.199	26.5464	4.99002	0.00101501
30.7452	28.7831	4.98399	0.00101366
28.269	26.3624	4.98563	0.00100787
29.1279	22.9961	4.98582	0.000996934
31.199	26.5464	4.99002	0.00101501
28.269	26.3624	4.98563	0.00100787
32.7002	24.7062	4.99208	0.00101467
33.7508	28.5944	4.99078	0.00102454
31.199	26.5464	4.99002	0.00101501
20.544	21.856	4.96682	0.000978875
23.0771	23.3761	4.97905	0.000987919
20.3799	24.7062	4.98125	0.0009982
20.7355	19.1174	4.90993	0.000959396
20.544	21.856	4.96682	0.000978875
17.2541	20.9431	4.97099	0.000984243
17.7548	18.7251	4.93593	0.000968772
18.2554	16.5071	4.86516	0.000954516
20.7355	19.1174	4.90993	0.000959396
14.7591	18.4213	4.96172	0.000985166
17.7548	18.7251	4.93593	0.000968772
17.2541	20.9431	4.97099	0.000984243
14.7591	18.4213	4.96172	0.000985166
15.9817	15.8026	4.90714	0.00096714
17.7548	18.7251	4.93593	0.000968772
20.9532	16.5071	0.226328	0.00095818
23.5785	19.1174	4.91331	0.00095745
20.7355	19.1174	4.90993	0.000959396
23.5785	19.1174	4.91331	0.00095745
24.8405	21.1517	4.96169	0.000973919
20.544	21.856	4.96682	0.000978875
26.689	28.4246	4.97158	0.00100919
22.0277	27.6505	4.97327	0.00101162
25.3391	26.1784	4.98138	0.00100285
21.9612	30.6708	4.92586	0.0010297
18.6835	32.5943	4.91861	0.00106435
18.7229	29.5382	4.96498	0.00103388
20.7355	19.1174	4.90993	0.000959396
23.5785	19.1174	4.91331	0.00095745
20.544	21.856	4.96682	0.000978875
16.8484	14.0413	4.8388	0.000957512
19.5656	14.0413	0.186176	0.000956227
18.2554	16.5071	4.86516	0.000954516
16.8484	14.0413	4.8388	0.000957512
17.7988	12.3941	4.74036	0.000951514
19.5656	14.0413	0.186176	0.000956227
14.1312	14.0413	4.89401	0.000978095
16.8484	14.0413	4.8388	0.000957512
15.9817	15.8026	4.90714	0.00096714
15.1767	12.2293	4.81427	0.000970526
17.7988	12.3941	4.74036	0.000951514
16.8484	14.0413	4.8388	0.000957512
18.75	9.60269	0.0984854	0.00097048
21.25	9.60269	0.0718619	0.000961982
19.9458	11.7351	0.127171	0.000956294
24.3933	15.2742	0.216938	0.000951948
23.5785	19.1174	4.91331	0.00095745
20.9532	16.5071	0.226328	0.00095818
4.97956	24.7062	4.9965	0.00104428
4.19365	27.6505	4.99713	0.00106602
1.8995	24.7062	4.99698	0.001049
8.74996	9.60269	0.189915	0.00101809
9.93237	11.8999	4.84781	0.00100151
7.31021	11.7351	4.89064	0.00100719
46.8029	37.0605	4.97208	0.00109612
43.6827	37.2565	4.93566	0.00105094
46.6062	33.7485	4.99051	0.00109645
41.9404	24.7062	4.99594	0.0010407
45.0204	24.7062	4.99678	0.0010483
42.7675	28.0281	4.99638	0.00105997
38.8603	24.7062	4.995	0.00103252
41.9404	24.7062	4.99594	0.0010407
39.9888	27.0985	4.99563	0.00104597
41.2294	22.236	4.99284	0.00102449
44.3095	21.856	4.99401	0.00103001
41.9404	24.7062	4.99594	0.0010407
48.7787	27.6505	4.99798	0.00107632
49.3105	30.6708	4.99722	0.00109763
46.2478	30.8632	4.99596	0.00108811
26.1025	23.1861	4.9808	0.000990129
24.8405	21.1517	4.96169	0.000973919
28.8815	20.2128	4.97254	0.000978511
28.269	26.3624	4.98563	0.00100787
26.1025	23.1861	4.9808	0.000990129
29.1279	22.9961	4.98582	0.000996934
23.0771	23.3761	4.97905	0.000987919
22.0277	27.6505	4.97327	0.00101162
20.3799	24.7062	4.98125	0.0009982
12.8447	30.6708	4.98281	0.00106914
12.7112	34.5275	4.96013	0.00113028
9.49534	33.1714	4.9868	0.00111907
10.1383	27.6505	4.99406	0.00105151
12.8447	30.6708	4.98281	0.00106914
9.80591	30.6708	4.99073	0.00108231
14.3285	32.6965	4.95992	0.00109017
18.6835	32.5943	4.91861	0.00106435
15.8122	34.7222	4.90421	0.0011159
25.1151	35.3065	0.253309	0.00105289
21.8846	36.8646	4.80898	0.00111727
21.9134	33.7485	0.26251	0.00107418
14.3285	32.6965	4.95992	0.00109017
12.7112	34.5275	4.96013	0.00113028
12.8447	30.6708	4.98281	0.00106914
18.9132	34.917	4.85739	0.00110084
15.8122	34.7222	4.90421	0.0011159
18.6835	32.5943	4.91861	0.00106435
15.601	39.0202	0.244263	0.00127717
12.5385	36.8646	4.93774	0.00119069
15.8122	34.7222	4.90421	0.0011159
23.5785	19.1174	4.91331	0.00095745
24.3933	15.2742	0.216938	0.000951948
26.3489	16.5071	4.88511	0.000946266
28.8815	20.2128	4.97254	0.000978511
24.8405	21.1517	4.96169	0.000973919
26.4215	19.1174	4.94643	0.000963653
18.2554	16.5071	4.86516	0.000954516
17.7548	18.7251	4.93593	0.000968772
15.9817	15.8026	4.90714	0.00096714
14.6026	21.856	4.98466	0.00100216
17.2541	20.9431	4.97099	0.000984243
17.2998	24.7062	4.98697	0.00100702
15.9817	15.8026	4.90714	0.00096714
13.1778	15.9788	4.94295	0.000987833
14.1312	14.0413	4.89401	0.000978095
14.6026	21.856	4.98466	0.00100216
14.7591	18.4213	4.96172	0.000985166
17.2541	20.9431	4.97099	0.000984243
11.4404	21.3083	4.98855	0.00101369
14.001	23.9462	4.9903	0.00101553
10.9756	24.1362	4.9935	0.00102741
30.001	14.922	4.90736	0.000946318
30.9096	13.2177	4.85347	0.000940893
33.1516	14.0413	4.87048	0.000941085
31.7446	16.5071	4.93983	0.000956358
30.001	14.922	4.90736	0.000946318
33.1516	14.0413	4.87048	0.000941085
25.6653	12.8882	4.74714	0.00093591
27.0253	10.7509	4.69117	0.000944396
28.2875	13.053	4.83799	0.000940097
25.6653	12.8882	4.74714	0.00093591
28.2875	13.053	4.83799	0.000940097
26.3489	16.5071	4.88511	0.000946266
33.75	9.60269	0.106605	0.000956284
36.25	9.60269	0.100027	0.000948146
35.1085	11.7351	0.179235	0.000947453
39.693	16.8552	4.95792	0.000975781
41.2166	14.2175	4.91992	0.000958917
42.536	16.5071	4.967	0.000985992
28.8815	20.2128	4.97254	0.000978511
26.4215	19.1174	4.94643	0.000963653
28.6113	17.5512	4.942	0.000958478
40.625	40	0.223107	0.00102478
43.75	40	4.86836	0.00106106
43.6923	43.1354	0.239909	0.00122435
34.399	40.9798	0.166448	0.00109832
37.5	40	4.78151	0.000979831
37.5191	43.9145	0.144267	0.0012652
40.5769	36.8646	4.9154	0.00100705
43.6827	37.2565	4.93566	0.00105094
40.625	40	0.223107	0.00102478
37.3464	33.7485	4.96635	0.00100974
33.997	31.6326	4.97636	0.00100966
37.1553	30.6708	4.98691	0.00103235
40.625	40	0.223107	0.00102478
37.5	40	4.78151	0.000979831
40.5769	36.8646	4.9154	0.00100705
37.4615	36.8646	4.91137	0.000976534
34.1596	34.7385	4.93935	0.000975069
37.3464	33.7485	4.96635	0.00100974
46.2478	30.8632	4.99596	0.00108811
45.7731	27.8393	4.99745	0.00106981
48.7787	27.6505	4.99798	0.00107632
49.6928	33.7485	4.99312	0.0011106
46.6062	33.7485	4.99051	0.00109645
49.3105	30.6708	4.99722	0.00109763
40.1941	30.6708	4.99075	0.0010507
37.1553	30.6708	4.98691	0.00103235
36.8893	27.6505	4.99391	0.0010357
43.2329	30.6708	4.99361	0.00106966
40.1941	30.6708	4.99075	0.0010507
42.7675	28.0281	4.99638	0.00105997
40.433	33.7485	4.97256	0.0010347
37.3464	33.7485	4.96635	0.00100974
40.1941	30.6708	4.99075	0.0010507
31.3171	35.696	4.89365	0.000960826
31.2019	38.0404	0.235077	0.000976972
28.1154	36.8646	4.86189	0.0010016
33.997	31.6326	4.97636	0.00100966
34.1596	34.7385	4.93935	0.000975069
30.9343	31.8249	4.96636	0.000999793
34.3221	37.8444	4.84131	0.000952051
31.2019	38.0404	0.235077	0.000976972
31.3171	35.696	4.89365	0.000960826
37.5	40	4.78151	0.000979831
34.3221	37.8444	4.84131	0.000952051
37.4615	36.8646	4.91137	0.000976534
34.399	40.9798	0.166448	0.00109832
31.2019	38.0404	0.235077	0.000976972
34.3221	37.8444	4.84131	0.000952051
40.1941	30.6708	4.99075	0.0010507
39.9888	27.0985	4.99563	0.00104597
42.7675	28.0281	4.99638	0.00105997
7.16598	27.6505	4.99617	0.0010596
8.05963	24.7062	4.99549	0.00103826
10.1383	27.6505	4.99406	0.00105151
3.69504	30.482	4.99702	0.00109621
4.19365	27.6505	4.99713	0.00106602
6.70061	30.2933	4.99546	0.00108686
4.97956	24.7062	4.9965	0.00104428
8.05963	24.7062	4.99549	0.00103826
7.16598	27.6505	4.99617	0.0010596
2.71986	21.856	4.99541	0.00103443
4.97956	24.7062	4.9965	0.00104428
1.8995	24.7062	4.99698	0.001049
14.001	23.9462	4.9903	0.00101553
11.4404	21.3083	4.98855	0.00101369
14.6026	21.856	4.98466	0.00100216
13.1107	27.6505	4.99046	0.00104116
10.9756	24.1362	4.9935	0.00102741
14.001	23.9462	4.9903	0.00101553
8.66123	21.856	4.99253	0.00102455
5.62671	21.6734	4.99412	0.00102995
6.52038	19.1174	4.98838	0.00102127
12.2064	19.1174	4.97825	0.00100228
11.4404	21.3083	4.98855	0.00101369
9.3634	19.1174	4.9843	0.00101429
8.05963	24.7062	4.99549	0.00103826
5.62671	21.6734	4.99412	0.00102995
8.66123	21.856	4.99253	0.00102455
44.3095	21.856	4.99401	0.00103001
41.2294	22.236	4.99284	0.00102449
43.4158	19.3	4.98705	0.00101152
45.7731	27.8393	4.99745	0.00106981
45.0204	24.7062	4.99678	0.0010483
48.1005	24.7062	4.9973	0.00105444
38.8603	24.7062	4.995	0.00103252
36.8893	27.6505	4.99391	0.0010357
35.7802	24.7062	4.99398	0.00102395
45.7731	27.8393	4.99745	0.00106981
42.7675	28.0281	4.99638	0.00105997
45.0204	24.7062	4.99678	0.0010483
43.2329	30.6708	4.99361	0.00106966
46.2478	30.8632	4.99596	0.00108811
43.5196	33.7485	4.98109	0.00106563
40.433	33.7485	4.97256	0.0010347
43.2329	30.6708	4.99361	0.00106966
43.5196	33.7485	4.98109	0.00106563
42.7675	28.0281	4.99638	0.00105997
45.7731	27.8393	4.99745	0.00106981
43.2329	30.6708	4.99361	0.00106966
41.9404	24.7062	4.99594	0.0010407
42.7675	28.0281	4.99638	0.00105997
39.9888	27.0985	4.99563	0.00104597
45.7731	27.8393	4.99745	0.00106981
46.2478	30.8632	4.99596	0.00108811
43.2329	30.6708	4.99361	0.00106966
8.69678	14.0413	4.93532	0.00100748
5.97957	14.0413	4.95588	0.0010126
7.31021	11.7351	4.89064	0.00100719
10.1618	16.5071	4.96439	0.00100554
8.69678	14.0413	4.93532	0.00100748
11.414	14.0413	4.91569	0.000995951
7.464	16.5071	4.9736	0.00101422
4.76616	16.5071	4.98106	0.00101824
5.97957	14.0413	4.95588	0.0010126
10.1618	16.5071	4.96439	0.00100554
7.464	16.5071	4.9736	0.00101422
8.69678	14.0413	4.93532	0.00100748
10.1618	16.5071	4.96439	0.00100554
9.3634	19.1174	4.9843	0.00101429
7.464	16.5071	4.9736	0.00101422
9.42308	36.8646	4.97862	0.00120409
9.49534	33.1714	4.9868	0.00111907
12.7112	34.5275	4.96013	0.00113028
12.5	40	4.93223	0.00132236
9.36058	39.4121	4.97778	0.00130244
12.5385	36.8646	4.93774	0.00119069
9.36058	39.4121	4.97778	0.00130244
6.30769	36.8646	4.99165	0.00121125
9.42308	36.8646	4.97862	0.00120409
3.19231	36.8646	4.99591	0.00121728
3.40821	33.9432	4.99648	0.00114978
6.30769	36.8646	4.99165	0.00121125
0.076922	36.8646	4.99688	0.00121976
3.19231	36.8646	4.99591	0.00121728
3.125	40	4.99563	0.00133427
0.076922	36.8646	4.99688	0.00121976
0.307214	33.7485	4.9972	0.00115125
3.19231	36.8646	4.99591	0.00121728
6.70061	30.2933	4.99546	0.00108686
9.80591	30.6708	4.99073	0.00108231
9.49534	33.1714	4.9868	0.00111907
2.71986	21.856	4.99541	0.00103443
5.62671	21.6734	4.99412	0.00102995
4.97956	24.7062	4.9965	0.00104428
18.0114	27.1222	4.98233	0.00101938
15.7173	29.727	4.97853	0.00104732
15.2052	26.1784	4.98928	0.00102369
43.5196	33.7485	4.98109	0.00106563
40.5769	36.8646	4.9154	0.00100705
40.433	33.7485	4.97256	0.0010347
49.9231	36.8646	4.98001	0.00111378
46.8029	37.0605	4.97208	0.00109612
49.6928	33.7485	4.99312	0.0011106
43.75	40	4.86836	0.00106106
40.625	40	0.223107	0.00102478
43.6827	37.2565	4.93566	0.00105094
13.1107	27.6505	4.99046	0.00104116
15.7173	29.727	4.97853	0.00104732
12.8447	30.6708	4.98281	0.00106914
10.9756	24.1362	4.9935	0.00102741
13.1107	27.6505	4.99046	0.00104116
10.1383	27.6505	4.99406	0.00105151
15.2052	26.1784	4.98928	0.00102369
17.2998	24.7062	4.98697	0.00100702
18.0114	27.1222	4.98233	0.00101938
14.001	23.9462	4.9903	0.00101553
15.2052	26.1784	4.98928	0.00102369
13.1107	27.6505	4.99046	0.00104116
14.001	23.9462	4.9903	0.00101553
17.2998	24.7062	4.98697	0.00100702
15.2052	26.1784	4.98928	0.00102369
46.6062	33.7485	4.99051	0.00109645
43.6827	37.2565	4.93566	0.00105094
43.5196	33.7485	4.98109	0.00106563
50	40	4.96376	0.00113237
46.8029	37.0605	4.97208	0.00109612
49.9231	36.8646	4.98001	0.00111378
46.8798	40.196	4.93828	0.00118355
43.75	40	4.86836	0.00106106
46.8029	37.0605	4.97208	0.00109612
21.9014	39.3141	0.240233	0.00122399
21.9183	41.7637	4.85299	0.00146834
18.7981	41.9596	0.236134	0.00154202
25	40	4.8722	0.00115726
21.9014	39.3141	0.240233	0.00122399
21.8846	36.8646	4.80898	0.00111727
25	40	4.8722	0.00115726
21.9183	41.7637	4.85299	0.00146834
21.9014	39.3141	0.240233	0.00122399
22.0142	44.8882	4.92185	0.00197212
18.7981	41.9596	0.236134	0.00154202
21.9183	41.7637	4.85299	0.00146834
3.69504	30.482	4.99702	0.00109621
3.40821	33.9432	4.99648	0.00114978
0.68946	30.6708	4.99745	0.00110412
1.22131	27.6505	4.99745	0.00107131
3.69504	30.482	4.99702	0.00109621
0.68946	30.6708	4.99745	0.00110412
6.70061	30.2933	4.99546	0.00108686
6.43263	33.3637	4.99406	0.00113165
3.69504	30.482	4.99702	0.00109621
43.5196	33.7485	4.98109	0.00106563
43.6827	37.2565	4.93566	0.00105094
40.5769	36.8646	4.9154	0.00100705
40.1941	30.6708	4.99075	0.0010507
43.2329	30.6708	4.99361	0.00106966
40.433	33.7485	4.97256	0.0010347
46.6062	33.7485	4.99051	0.00109645
49.6928	33.7485	4.99312	0.0011106
46.8029	37.0605	4.97208	0.00109612
46.2478	30.8632	4.99596	0.00108811
46.6062	33.7485	4.99051	0.00109645
43.5196	33.7485	4.98109	0.00106563
46.2478	30.8632	4.99596	0.00108811
49.3105	30.6708	4.99722	0.00109763
46.6062	33.7485	4.99051	0.00109645
46.8798	40.196	4.93828	0.00118355
46.8029	37.0605	4.97208	0.00109612
50	40	4.96376	0.00113237
9.4375	42.5475	4.98215	0.001624
6.24038	39.6081	4.99143	0.00131102
9.36058	39.4121	4.97778	0.00130244
9.49534	33.1714	4.9868	0.00111907
9.80591	30.6708	4.99073	0.00108231
12.8447	30.6708	4.98281	0.00106914
12.5385	36.8646	4.93774	0.00119069
9.42308	36.8646	4.97862	0.00120409
12.7112	34.5275	4.96013	0.00113028
6.43263	33.3637	4.99406	0.00113165
6.70061	30.2933	4.99546	0.00108686
9.49534	33.1714	4.9868	0.00111907
4.19365	27.6505	4.99713	0.00106602
4.97956	24.7062	4.9965	0.00104428
7.16598	27.6505	4.99617	0.0010596
1.22131	27.6505	4.99745	0.00107131
4.19365	27.6505	4.99713	0.00106602
3.69504	30.482	4.99702	0.00109621
1.22131	27.6505	4.99745	0.00107131
1.8995	24.7062	4.99698	0.001049
4.19365	27.6505	4.99713	0.00106602
6.70061	30.2933	4.99546	0.00108686
4.19365	27.6505	4.99713	0.00106602
7.16598	27.6505	4.99617	0.0010596
18.7229	29.5382	4.96498	0.00103388
22.0277	27.6505	4.97327	0.00101162
21.9612	30.6708	4.92586	0.0010297
14.3285	32.6965	4.95992	0.00109017
12.8447	30.6708	4.98281	0.00106914
15.7173	29.727	4.97853	0.00104732
18.6835	32.5943	4.91861	0.00106435
14.3285	32.6965	4.95992	0.00109017
15.7173	29.727	4.97853	0.00104732
15.8122	34.7222	4.90421	0.0011159
12.7112	34.5275	4.96013	0.00113028
14.3285	32.6965	4.95992	0.00109017
18.0114	27.1222	4.98233	0.00101938
20.3799	24.7062	4.98125	0.0009982
22.0277	27.6505	4.97327	0.00101162
3.40821	33.9432	4.99648	0.00114978
3.69504	30.482	4.99702	0.00109621
6.43263	33.3637	4.99406	0.00113165
46.8077	43.1354	4.91461	0.00125356
43.6923	43.1354	0.239909	0.00122435
46.8798	40.196	4.93828	0.00118355
49.9231	43.1354	4.95242	0.00127093
46.8077	43.1354	4.91461	0.00125356
46.8798	40.196	4.93828	0.00118355
46.2717	49.3292	4.96009	0.00185797
49.3105	49.3292	4.9701	0.00178227
48.7787	52.3495	4.96749	0.00257634
43.5196	46.2515	4.87575	0.00143293
46.2717	49.3292	4.96009	0.00185797
43.2329	49.3292	4.93217	0.001953
40.433	46.2515	4.79799	0.00144832
43.5196	46.2515	4.87575	0.00143293
43.2329	49.3292	4.93217	0.001953
43.6923	43.1354	0.239909	0.00122435
46.8077	43.1354	4.91461	0.00125356
46.6062	46.2515	4.93525	0.00143628
46.6062	46.2515	4.93525	0.00143628
49.3105	49.3292	4.9701	0.00178227
46.2717	49.3292	4.96009	0.00185797
6.30769	36.8646	4.99165	0.00121125
6.43263	33.3637	4.99406	0.00113165
9.42308	36.8646	4.97862	0.00120409
3.125	40	4.99563	0.00133427
3.19231	36.8646	4.99591	0.00121728
6.24038	39.6081	4.99143	0.00131102
3.40821	33.9432	4.99648	0.00114978
6.43263	33.3637	4.99406	0.00113165
6.30769	36.8646	4.99165	0.00121125
0.307214	33.7485	4.9972	0.00115125
3.40821	33.9432	4.99648	0.00114978
3.19231	36.8646	4.99591	0.00121728
0.307214	33.7485	4.9972	0.00115125
0.68946	30.6708	4.99745	0.00110412
3.40821	33.9432	4.99648	0.00114978
