25	30.6708	4.00183	0.312436
28.0866	33.7485	4.30429	0.303488
25.1151	35.3065	4.07562	0.306999
22.0277	27.6505	4.20164	0.277078
25	30.6708	4.00183	0.312436
21.9612	30.6708	4.29919	0.286633
26.689	28.4246	4.05414	0.279139
28.269	26.3624	4.22208	0.271709
30.7452	28.7831	4.02289	0.265709
25	30.6708	4.00183	0.312436
26.689	28.4246	4.05414	0.279139
28.0388	30.6708	4.20795	0.29971
25.3391	26.1784	3.91373	0.273123
28.269	26.3624	4.22208	0.271709
26.689	28.4246	4.05414	0.279139
28.0388	30.6708	4.20795	0.29971
30.9343	31.8249	3.99625	0.273641
28.0866	33.7485	4.30429	0.303488
22.0277	27.6505	4.20164	0.277078
26.689	28.4246	4.05414	0.279139
25	30.6708	4.00183	0.312436
30.7452	28.7831	4.02289	0.265709
30.9343	31.8249	3.99625	0.273641
28.0388	30.6708	4.20795	0.29971
26.689	28.4246	4.05414	0.279139
30.7452	28.7831	4.02289	0.265709
28.0388	30.6708	4.20795	0.29971
26.1025	23.1861	4.23382	0.309663
28.269	26.3624	4.22208	0.271709
25.3391	26.1784	3.91373	0.273123
29.1279	22.9961	4.31648	0.284148
32.7002	24.7062	3.97681	0.267568
31.199	26.5464	4.18822	0.28612
33.7508	28.5944	3.94839	0.296518
30.9343	31.8249	3.99625	0.273641
30.7452	28.7831	4.02289	0.265709
31.199	26.5464	4.18822	0.28612
33.7508	28.5944	3.94839	0.296518
30.7452	28.7831	4.02289	0.265709
37.4615	36.8646	4.1554	0.306947
40.433	33.7485	4.26099	0.286861
40.5769	36.8646	3.97153	0.308253
36.8893	27.6505	4.13175	0.313385
37.1553	30.6708	3.84049	0.312453
33.7508	28.5944	3.94839	0.296518
36.8893	27.6505	4.13175	0.313385
39.9888	27.0985	3.92079	0.316613
40.1941	30.6708	3.96876	0.306211
34.9506	19.1174	4.14531	0.293316
34.4425	16.5071	3.96561	0.315046
37.1403	16.5071	4.17541	0.282834
38.204	22.4261	4.25018	0.296948
35.1786	22.6161	3.81622	0.30488
36.4861	20.8667	3.95041	0.277328
32.1075	19.1174	4.21593	0.312808
28.8815	20.2128	4.08496	0.269537
28.6113	17.5512	4.13521	0.284707
38.204	22.4261	4.25018	0.296948
35.7802	24.7062	4.14983	0.269089
35.1786	22.6161	3.81622	0.30488
32.7002	24.7062	3.97681	0.267568
29.1279	22.9961	4.31648	0.284148
32.4267	21.856	3.94579	0.312392
45.7731	27.8393	4.07294	0.315638
48.1005	24.7062	3.90303	0.269106
48.7787	27.6505	3.91952	0.282427
38.8603	24.7062	3.91265	0.289864
41.2294	22.236	4.08435	0.293886
41.9404	24.7062	3.95235	0.296321
38.8603	24.7062	3.91265	0.289864
38.204	22.4261	4.25018	0.296948
41.2294	22.236	4.08435	0.293886
36.8893	27.6505	4.13175	0.313385
38.8603	24.7062	3.91265	0.289864
39.9888	27.0985	3.92079	0.316613
35.7802	24.7062	4.14983	0.269089
38.204	22.4261	4.25018	0.296948
38.8603	24.7062	3.91265	0.289864
33.7508	28.5944	3.94839	0.296518
35.7802	24.7062	4.14983	0.269089
36.8893	27.6505	4.13175	0.313385
32.7002	24.7062	3.97681	0.267568
32.4267	21.856	3.94579	0.312392
35.1786	22.6161	3.81622	0.30488
37.7936	19.1174	4.09604	0.300494
40.5089	19.4825	4.16208	0.279619
38.204	22.4261	4.25018	0.296948
35.1786	22.6161	3.81622	0.30488
32.4267	21.856	3.94579	0.312392
34.9506	19.1174	4.14531	0.293316
36.4861	20.8667	3.95041	0.277328
35.1786	22.6161	3.81622	0.30488
34.9506	19.1174	4.14531	0.293316
37.7936	19.1174	4.09604	0.300494
36.4861	20.8667	3.95041	0.277328
34.9506	19.1174	4.14531	0.293316
37.7936	19.1174	4.09604	0.300494
38.204	22.4261	4.25018	0.296948
36.4861	20.8667	3.95041	0.277328
35.7802	24.7062	4.14983	0.269089
32.7002	24.7062	3.97681	0.267568
35.1786	22.6161	3.81622	0.30488
33.7508	28.5944	3.94839	0.296518
32.7002	24.7062	3.97681	0.267568
35.7802	24.7062	4.14983	0.269089
29.1279	22.9961	4.31648	0.284148
28.8815	20.2128	4.08496	0.269537
32.4267	21.856	3.94579	0.312392
37.1403	16.5071	4.17541	0.282834
39.693	16.8552	4.17887	0.288015
37.7936	19.1174	4.09604	0.300494
44.3095	21.856	4.2069	0.297067
47.2801	21.856	4.18499	0.270663
45.0204	24.7062	4.21818	0.267281
41.9404	24.7062	3.95235	0.296321
44.3095	21.856	4.2069	0.297067
45.0204	24.7062	4.21818	0.267281
43.4158	19.3	4.1405	0.272444
46.3226	19.1174	3.98121	0.280898
44.3095	21.856	4.2069	0.297067
28.0866	46.2515	4.35597	2.82289
31.0776	49.3292	4.34455	2.28571
28.0388	49.3292	4.37766	2.30103
25	43.1354	4.39484	2.0392
28.1154	43.1354	4.44284	2.94771
28.0866	46.2515	4.35597	2.82289
37.3464	46.2515	4.32008	1.94218
34.3294	43.6157	4.29223	2.85113
37.5191	43.9145	4.36711	2.45055
31.226	43.7137	4.1446	2.04731
31.2788	41.1758	4.21636	2.81468
34.3294	43.6157	4.29223	2.85113
28.0866	46.2515	4.35597	2.82289
31.226	43.7137	4.1446	2.04731
31.1732	46.2515	4.39152	2.66016
28.1154	43.1354	4.44284	2.94771
31.2788	41.1758	4.21636	2.81468
31.226	43.7137	4.1446	2.04731
25	46.2515	4.02296	2.59269
25	43.1354	4.39484	2.0392
28.0866	46.2515	4.35597	2.82289
28.125	40	3.97912	0.321903
31.2788	41.1758	4.21636	2.81468
28.1154	43.1354	4.44284	2.94771
28.125	40	3.97912	0.321903
31.2019	38.0404	4.16224	0.289224
31.2788	41.1758	4.21636	2.81468
31.2019	38.0404	4.16224	0.289224
34.399	40.9798	4.33867	2.55779
31.2788	41.1758	4.21636	2.81468
28.0866	33.7485	4.30429	0.303488
31.3171	35.696	4.15733	0.313376
28.1154	36.8646	4.2994	0.303396
37.3464	33.7485	3.89447	0.283004
37.1553	30.6708	3.84049	0.312453
40.1941	30.6708	3.96876	0.306211
37.4615	36.8646	4.1554	0.306947
37.3464	33.7485	3.89447	0.283004
40.433	33.7485	4.26099	0.286861
37.4615	36.8646	4.1554	0.306947
34.3221	37.8444	3.94479	0.287337
34.1596	34.7385	3.95179	0.270131
34.1596	34.7385	3.95179	0.270131
33.997	31.6326	3.99842	0.269985
37.3464	33.7485	3.89447	0.283004
31.3171	35.696	4.15733	0.313376
34.1596	34.7385	3.95179	0.270131
34.3221	37.8444	3.94479	0.287337
31.3171	35.696	4.15733	0.313376
30.9343	31.8249	3.99625	0.273641
34.1596	34.7385	3.95179	0.270131
30.9343	31.8249	3.99625	0.273641
33.7508	28.5944	3.94839	0.296518
33.997	31.6326	3.99842	0.269985
40.433	46.2515	4.16909	2.59453
40.6201	43.7197	4.12668	2.94014
43.5196	46.2515	4.41607	2.83301
46.8029	37.0605	3.83517	0.283688
43.75	40	4.24285	0.311259
43.6827	37.2565	4.10715	0.315518
49.9231	43.1354	4.1176	2.69995
46.8798	40.196	4.02644	2.3062
50	40	3.85028	0.326592
49.9231	43.1354	4.1176	2.69995
49.6928	46.2515	4.38364	2.87319
46.8077	43.1354	4.38748	2.86152
25	43.1354	4.39484	2.0392
25	46.2515	4.02296	2.59269
22.0142	44.8882	4.11042	2.22842
25	40	4.01013	0.289025
25	43.1354	4.39484	2.0392
21.9183	41.7637	4.35378	2.84725
25	40	4.01013	0.289025
28.1154	43.1354	4.44284	2.94771
25	43.1354	4.39484	2.0392
31.2019	38.0404	4.16224	0.289224
28.125	40	3.97912	0.321903
28.1154	36.8646	4.2994	0.303396
28.1154	43.1354	4.44284	2.94771
31.226	43.7137	4.1446	2.04731
28.0866	46.2515	4.35597	2.82289
18.7981	41.9596	4.28259	2.3976
15.601	39.0202	4.17913	0.283069
18.7212	38.8242	4.07063	0.293499
17.2523	44.2036	3.99259	2.12372
15.7402	46.2515	4.39931	2.14568
14.1489	44.3016	4.40189	2.49863
18.7981	41.9596	4.28259	2.3976
17.2523	44.2036	3.99259	2.12372
15.6779	42.1556	4.09807	2.61846
18.8268	46.2515	4.33246	2.1631
15.7402	46.2515	4.39931	2.14568
17.2523	44.2036	3.99259	2.12372
21.7462	47.598	4.18245	2.95494
18.8268	46.2515	4.33246	2.1631
22.0142	44.8882	4.11042	2.22842
21.7462	47.598	4.18245	2.95494
18.9224	49.3292	4.08701	2.89268
18.8268	46.2515	4.33246	2.1631
15.6779	42.1556	4.09807	2.61846
15.601	39.0202	4.17913	0.283069
18.7981	41.9596	4.28259	2.3976
18.8268	46.2515	4.33246	2.1631
17.2523	44.2036	3.99259	2.12372
18.7981	41.9596	4.28259	2.3976
14.1489	44.3016	4.40189	2.49863
12.6536	46.2515	4.35665	1.87079
12.5577	42.3516	4.39825	2.42365
15.6779	42.1556	4.09807	2.61846
14.1489	44.3016	4.40189	2.49863
12.5577	42.3516	4.39825	2.42365
15.7402	46.2515	4.39931	2.14568
12.6536	46.2515	4.35665	1.87079
14.1489	44.3016	4.40189	2.49863
12.7118	50.0843	4.41706	2.53457
12.6536	46.2515	4.35665	1.87079
15.8835	49.3292	4.33185	2.19615
16.083	52.3495	4.05892	2.07174
13.1107	52.3495	4.39272	2.33727
15.8835	49.3292	4.33185	2.19615
18.9224	49.3292	4.08701	2.89268
16.083	52.3495	4.05892	2.07174
15.8835	49.3292	4.33185	2.19615
13.1107	52.3495	4.39272	2.33727
10.6893	54.7417	4.02783	2.63794
10.1383	52.3495	4.34174	2.35727
15.8835	49.3292	4.33185	2.19615
13.1107	52.3495	4.39272	2.33727
12.7118	50.0843	4.41706	2.53457
14.2198	55.2938	4.16778	2.79948
10.6893	54.7417	4.02783	2.63794
13.1107	52.3495	4.39272	2.33727
17.0264	56.2438	4.24954	2.14313
14.2198	55.2938	4.16778	2.79948
16.083	52.3495	4.05892	2.07174
17.2808	59.0298	4.17748	2.83591
17.5295	61.7527	0.444347	3.1176
15.0494	60.8826	0.440284	2.38383
17.0264	56.2438	4.24954	2.14313
17.2808	59.0298	4.17748	2.83591
14.6026	58.144	4.25573	2.81856
17.0264	56.2438	4.24954	2.14313
20.0518	56.4338	4.40423	1.90462
17.2808	59.0298	4.17748	2.83591
7.16598	52.3495	4.36695	1.97758
8.05963	55.2938	4.20653	2.20012
4.92487	55.4838	4.38485	2.90582
6.76709	49.3292	4.38428	2.94891
7.16598	52.3495	4.36695	1.97758
4.19365	52.3495	4.39892	2.8952
10.1383	52.3495	4.34174	2.35727
8.05963	55.2938	4.20653	2.20012
7.16598	52.3495	4.36695	1.97758
12.7118	50.0843	4.41706	2.53457
10.1383	52.3495	4.34174	2.35727
9.70619	49.8955	4.04471	2.04504
10.6893	54.7417	4.02783	2.63794
8.05963	55.2938	4.20653	2.20012
10.1383	52.3495	4.34174	2.35727
12.5577	42.3516	4.39825	2.42365
12.5	40	3.96647	0.325207
15.6779	42.1556	4.09807	2.61846
9.61019	45.6673	4.13515	2.09435
12.5577	42.3516	4.39825	2.42365
12.6536	46.2515	4.35665	1.87079
9.61019	45.6673	4.13515	2.09435
6.31731	42.7435	4.40532	2.37484
9.4375	42.5475	4.4188	2.90231
-3.10282e-28	40	4.13305	2.90768
3.125	40	3.94815	0.332372
3.19711	42.9395	4.19491	2.23777
-3.10282e-28	40	4.13305	2.90768
0.076922	36.8646	4.1497	0.323632
3.125	40	3.94815	0.332372
46.6062	46.2515	4.43046	2.64261
46.2717	49.3292	4.20889	1.95627
43.5196	46.2515	4.41607	2.83301
43.6923	43.1354	4.16399	2.656
46.6062	46.2515	4.43046	2.64261
43.5196	46.2515	4.41607	2.83301
49.6928	46.2515	4.38364	2.87319
49.3105	49.3292	4.44542	2.6833
46.6062	46.2515	4.43046	2.64261
27.4517	72.3429	0.494648	0.303375
25	72.3429	0.428291	0.308094
27.0253	69.2491	0.394393	2.71889
24.7277	76.3587	0.382157	0.321641
26.189	74.0896	0.438144	0.321901
27.2733	75.6267	0.481862	0.291552
24.7277	76.3587	0.382157	0.321641
23.0327	74.7883	0.392516	0.285904
26.189	74.0896	0.438144	0.321901
23.0339	79.8761	0.409977	0.289965
21.0802	79.5053	0.42967	0.332951
21.6827	78.0345	0.367676	0.331937
19.6759	76.9444	0.396078	0.285098
19.0551	74.0896	0.404999	0.30542
21.4331	74.0896	0.370757	0.331332
19.6759	76.9444	0.396078	0.285098
18.1801	75.6267	0.393252	0.299925
19.0551	74.0896	0.404999	0.30542
21.4331	74.0896	0.370757	0.331332
23.0327	74.7883	0.392516	0.285904
22.3999	76.5052	0.406495	0.333719
20.0967	72.3429	0.481669	0.291487
22.5483	72.3429	0.474436	0.313777
21.4331	74.0896	0.370757	0.331332
16.5527	73.7985	0.39006	0.286152
17.645	72.3429	0.458888	0.308219
19.0551	74.0896	0.404999	0.30542
19.193	69.7412	0.47813	2.42994
21.8037	69.5771	0.399488	3.19417
20.0967	72.3429	0.481669	0.291487
21.8037	69.5771	0.399488	3.19417
23.75	70.3973	0.43669	0.302082
22.5483	72.3429	0.474436	0.313777
21.6827	78.0345	0.367676	0.331937
19.1515	78.89	0.40314	0.323365
19.6759	76.9444	0.396078	0.285098
22.3999	76.5052	0.406495	0.333719
19.6759	76.9444	0.396078	0.285098
21.4331	74.0896	0.370757	0.331332
22.3999	76.5052	0.406495	0.333719
21.6827	78.0345	0.367676	0.331937
19.6759	76.9444	0.396078	0.285098
24.7277	76.3587	0.382157	0.321641
22.3999	76.5052	0.406495	0.333719
23.0327	74.7883	0.392516	0.285904
24.7277	76.3587	0.382157	0.321641
24.9752	78.5234	0.442766	0.3187
23.329	78.279	0.371556	0.317491
21.0802	79.5053	0.42967	0.332951
19.1515	78.89	0.40314	0.323365
21.6827	78.0345	0.367676	0.331937
25	80	0.450318	0.301394
24.9752	78.5234	0.442766	0.3187
26.9661	79.8761	0.424236	0.318869
19.6759	76.9444	0.396078	0.285098
19.1515	78.89	0.40314	0.323365
17.2597	78.0345	0.416089	0.286399
28.3173	78.0345	0.495273	0.28273
30.8485	78.89	0.408293	0.314059
28.9198	79.5053	0.42705	0.302372
18.1801	75.6267	0.393252	0.299925
19.6759	76.9444	0.396078	0.285098
17.2597	78.0345	0.416089	0.286399
15.4167	76.9444	0.388818	0.291649
18.1801	75.6267	0.393252	0.299925
17.2597	78.0345	0.416089	0.286399
23.0327	74.7883	0.392516	0.285904
21.4331	74.0896	0.370757	0.331332
22.5483	72.3429	0.474436	0.313777
15.4167	76.9444	0.388818	0.291649
16.5527	73.7985	0.39006	0.286152
18.1801	75.6267	0.393252	0.299925
20.0967	72.3429	0.481669	0.291487
21.8037	69.5771	0.399488	3.19417
22.5483	72.3429	0.474436	0.313777
15.4167	76.9444	0.388818	0.291649
13.6336	75.6267	0.451731	0.289578
14.237	73.9441	0.472726	0.290463
29.3832	76.0659	0.495153	0.301395
31.3712	77.1646	0.378011	0.300996
28.3173	78.0345	0.495273	0.28273
31.9219	75.3472	0.416024	0.290131
34.5833	76.9444	0.383274	0.337622
32.7403	78.0345	0.451126	0.323423
14.237	73.9441	0.472726	0.290463
11.9212	74.0896	0.498555	0.307239
12.7417	72.3429	0.403117	0.309316
11.25	70.3973	0.37498	0.298351
12.7417	72.3429	0.403117	0.309316
10.2901	72.3429	0.391482	0.33762
17.645	72.3429	0.458888	0.308219
16.5527	73.7985	0.39006	0.286152
15.1934	72.3429	0.390126	0.333737
19.193	69.7412	0.47813	2.42994
17.645	72.3429	0.458888	0.308219
16.25	70.3973	0.462624	0.298698
20.0967	72.3429	0.481669	0.291487
19.0551	74.0896	0.404999	0.30542
17.645	72.3429	0.458888	0.308219
19.0551	74.0896	0.404999	0.30542
18.1801	75.6267	0.393252	0.299925
16.5527	73.7985	0.39006	0.286152
32.355	72.3429	0.49521	0.317273
34.8066	72.3429	0.40438	0.31397
33.3228	74.0896	0.441602	0.318887
33.3228	74.0896	0.441602	0.318887
31.9219	75.3472	0.416024	0.290131
30.9297	73.8705	0.453962	0.30751
35.7008	74.0896	0.471723	0.32461
33.3228	74.0896	0.441602	0.318887
34.8066	72.3429	0.40438	0.31397
34.5833	76.9444	0.383274	0.337622
31.9219	75.3472	0.416024	0.290131
33.3228	74.0896	0.441602	0.318887
17.4187	68.2649	0.393115	2.68857
14.8915	68.2649	0.424427	2.78309
16.8484	65.9587	0.450576	3.22035
16.25	70.3973	0.462624	0.298698
13.513	70.6966	0.454504	0.309673
14.8915	68.2649	0.424427	2.78309
19.193	69.7412	0.47813	2.42994
16.25	70.3973	0.462624	0.298698
17.4187	68.2649	0.393115	2.68857
15.1934	72.3429	0.390126	0.333737
14.237	73.9441	0.472726	0.290463
12.7417	72.3429	0.403117	0.309316
17.645	72.3429	0.458888	0.308219
15.1934	72.3429	0.390126	0.333737
16.25	70.3973	0.462624	0.298698
16.5527	73.7985	0.39006	0.286152
14.237	73.9441	0.472726	0.290463
15.1934	72.3429	0.390126	0.333737
12.7417	72.3429	0.403117	0.309316
11.25	70.3973	0.37498	0.298351
13.513	70.6966	0.454504	0.309673
8.74996	70.3973	0.419514	0.307359
11.25	70.3973	0.37498	0.298351
10.2901	72.3429	0.391482	0.33762
12.3644	68.2649	0.401563	2.31352
13.846	66.4528	0.416464	2.44094
14.8915	68.2649	0.424427	2.78309
9.83732	68.2649	0.453331	2.72959
12.3644	68.2649	0.401563	2.31352
11.25	70.3973	0.37498	0.298351
9.83732	68.2649	0.453331	2.72959
11.414	65.9587	0.43659	3.36621
12.3644	68.2649	0.401563	2.31352
9.83732	68.2649	0.453331	2.72959
11.25	70.3973	0.37498	0.298351
8.74996	70.3973	0.419514	0.307359
14.8915	68.2649	0.424427	2.78309
13.513	70.6966	0.454504	0.309673
12.3644	68.2649	0.401563	2.31352
15.1934	72.3429	0.390126	0.333737
12.7417	72.3429	0.403117	0.309316
13.513	70.6966	0.454504	0.309673
15.4167	76.9444	0.388818	0.291649
14.237	73.9441	0.472726	0.290463
16.5527	73.7985	0.39006	0.286152
13.6336	75.6267	0.451731	0.289578
11.9212	74.0896	0.498555	0.307239
14.237	73.9441	0.472726	0.290463
11.9212	74.0896	0.498555	0.307239
10.2901	72.3429	0.391482	0.33762
12.7417	72.3429	0.403117	0.309316
7.31021	68.2649	0.430746	2.65803
9.83732	68.2649	0.453331	2.72959
8.74996	70.3973	0.419514	0.307359
7.31021	68.2649	0.430746	2.65803
5.97957	65.9587	0.431266	3.0772
8.78345	65.7825	0.421756	3.18954
28.3173	78.0345	0.495273	0.28273
28.9198	79.5053	0.42705	0.302372
26.9661	79.8761	0.424236	0.318869
31.3712	77.1646	0.378011	0.300996
31.9219	75.3472	0.416024	0.290131
32.7403	78.0345	0.451126	0.323423
28.3173	78.0345	0.495273	0.28273
31.3712	77.1646	0.378011	0.300996
30.8485	78.89	0.408293	0.314059
29.3832	76.0659	0.495153	0.301395
31.9219	75.3472	0.416024	0.290131
31.3712	77.1646	0.378011	0.300996
27.2733	75.6267	0.481862	0.291552
29.3832	76.0659	0.495153	0.301395
28.3173	78.0345	0.495273	0.28273
28.5669	74.0896	0.398783	0.299434
29.9033	72.3429	0.424854	0.297737
30.9297	73.8705	0.453962	0.30751
27.2733	75.6267	0.481862	0.291552
28.5669	74.0896	0.398783	0.299434
29.3832	76.0659	0.495153	0.301395
27.2733	75.6267	0.481862	0.291552
26.189	74.0896	0.438144	0.321901
28.5669	74.0896	0.398783	0.299434
26.2439	77.6257	0.492663	0.282973
27.2733	75.6267	0.481862	0.291552
28.3173	78.0345	0.495273	0.28273
26.9661	79.8761	0.424236	0.318869
26.2439	77.6257	0.492663	0.282973
28.3173	78.0345	0.495273	0.28273
24.9752	78.5234	0.442766	0.3187
24.7277	76.3587	0.382157	0.321641
26.2439	77.6257	0.492663	0.282973
31.0572	70.658	0.384177	0.346132
30.0542	68.2649	0.403209	3.32021
32.2468	68.921	0.446907	2.86017
31.0572	70.658	0.384177	0.346132
28.75	70.3973	0.397916	0.338768
30.0542	68.2649	0.403209	3.32021
33.75	70.3973	0.419197	0.309692
31.0572	70.658	0.384177	0.346132
32.2468	68.921	0.446907	2.86017
29.9033	72.3429	0.424854	0.297737
28.75	70.3973	0.397916	0.338768
31.0572	70.658	0.384177	0.346132
30.9297	73.8705	0.453962	0.30751
29.9033	72.3429	0.424854	0.297737
32.355	72.3429	0.49521	0.317273
33.3228	74.0896	0.441602	0.318887
30.9297	73.8705	0.453962	0.30751
32.355	72.3429	0.49521	0.317273
31.9219	75.3472	0.416024	0.290131
29.3832	76.0659	0.495153	0.301395
30.9297	73.8705	0.453962	0.30751
28.5669	74.0896	0.398783	0.299434
26.189	74.0896	0.438144	0.321901
27.4517	72.3429	0.494648	0.303375
25	72.3429	0.428291	0.308094
23.75	70.3973	0.43669	0.302082
27.0253	69.2491	0.394393	2.71889
26.9661	79.8761	0.424236	0.318869
24.9752	78.5234	0.442766	0.3187
26.2439	77.6257	0.492663	0.282973
27.0253	69.2491	0.394393	2.71889
24.3347	67.1118	0.49591	2.77835
26.9568	67.2765	0.517243	2.43385
19.0904	66.7823	0.517758	2.38902
19.999	65.078	0.509058	3.17604
22.2828	65.9587	0.467843	3.03993
17.4187	68.2649	0.393115	2.68857
19.0904	66.7823	0.517758	2.38902
19.193	69.7412	0.47813	2.42994
17.4187	68.2649	0.393115	2.68857
16.8484	65.9587	0.450576	3.22035
19.0904	66.7823	0.517758	2.38902
27.4517	72.3429	0.494648	0.303375
28.75	70.3973	0.397916	0.338768
29.9033	72.3429	0.424854	0.297737
28.5669	74.0896	0.398783	0.299434
27.4517	72.3429	0.494648	0.303375
29.9033	72.3429	0.424854	0.297737
26.189	74.0896	0.438144	0.321901
25	72.3429	0.428291	0.308094
27.4517	72.3429	0.494648	0.303375
27.0253	69.2491	0.394393	2.71889
26.9568	67.2765	0.517243	2.43385
30.0542	68.2649	0.403209	3.32021
27.4517	72.3429	0.494648	0.303375
27.0253	69.2491	0.394393	2.71889
28.75	70.3973	0.397916	0.338768
23.75	70.3973	0.43669	0.302082
24.3347	67.1118	0.49591	2.77835
27.0253	69.2491	0.394393	2.71889
34.8233	67.7707	0.397055	2.98928
37.4455	67.9354	0.417645	3.31763
36.25	70.3973	0.380407	0.310905
31.3712	77.1646	0.378011	0.300996
32.7403	78.0345	0.451126	0.323423
30.8485	78.89	0.408293	0.314059
23.329	78.279	0.371556	0.317491
22.3999	76.5052	0.406495	0.333719
24.7277	76.3587	0.382157	0.321641
23.0339	79.8761	0.409977	0.289965
23.329	78.279	0.371556	0.317491
24.9752	78.5234	0.442766	0.3187
21.6827	78.0345	0.367676	0.331937
22.3999	76.5052	0.406495	0.333719
23.329	78.279	0.371556	0.317491
21.6827	78.0345	0.367676	0.331937
23.329	78.279	0.371556	0.317491
23.0339	79.8761	0.409977	0.289965
25	72.3429	0.428291	0.308094
26.189	74.0896	0.438144	0.321901
23.0327	74.7883	0.392516	0.285904
27.2733	75.6267	0.481862	0.291552
26.2439	77.6257	0.492663	0.282973
24.7277	76.3587	0.382157	0.321641
25	80	0.450318	0.301394
23.0339	79.8761	0.409977	0.289965
24.9752	78.5234	0.442766	0.3187
35.7008	74.0896	0.471723	0.32461
37.3942	72.4885	0.400092	0.311467
38.0788	74.0896	0.451732	0.300861
34.5833	76.9444	0.383274	0.337622
35.7008	74.0896	0.471723	0.32461
36.3664	75.6267	0.447422	0.31997
34.8066	72.3429	0.40438	0.31397
37.3942	72.4885	0.400092	0.311467
35.7008	74.0896	0.471723	0.32461
34.5833	76.9444	0.383274	0.337622
33.3228	74.0896	0.441602	0.318887
35.7008	74.0896	0.471723	0.32461
33.75	70.3973	0.419197	0.309692
36.25	70.3973	0.380407	0.310905
34.8066	72.3429	0.40438	0.31397
35.7008	74.0896	0.471723	0.32461
38.0788	74.0896	0.451732	0.300861
36.3664	75.6267	0.447422	0.31997
37.4455	67.9354	0.417645	3.31763
38.75	70.3973	0.380013	0.326939
36.25	70.3973	0.380407	0.310905
39.7099	72.3429	0.390866	0.314654
38.0788	74.0896	0.451732	0.300861
37.3942	72.4885	0.400092	0.311467
36.25	70.3973	0.380407	0.310905
33.75	70.3973	0.419197	0.309692
34.8233	67.7707	0.397055	2.98928
37.3942	72.4885	0.400092	0.311467
36.25	70.3973	0.380407	0.310905
38.75	70.3973	0.380013	0.326939
37.3942	72.4885	0.400092	0.311467
34.8066	72.3429	0.40438	0.31397
36.25	70.3973	0.380407	0.310905
15.5575	63.4929	0.422755	3.33722
16.8484	65.9587	0.450576	3.22035
13.846	66.4528	0.416464	2.44094
11.414	65.9587	0.43659	3.36621
12.8597	63.4929	0.494785	2.34351
13.846	66.4528	0.416464	2.44094
15.0494	60.8826	0.440284	2.38383
17.5295	61.7527	0.444347	3.1176
15.5575	63.4929	0.422755	3.33722
15.5575	63.4929	0.422755	3.33722
17.5295	61.7527	0.444347	3.1176
16.8484	65.9587	0.450576	3.22035
11.6319	58.144	4.35112	2.53167
14.6026	58.144	4.25573	2.81856
12.3979	60.3349	0.50625	3.28808
14.6026	58.144	4.25573	2.81856
17.2808	59.0298	4.17748	2.83591
15.0494	60.8826	0.440284	2.38383
20.363	63.0044	0.501874	3.3513
19.999	65.078	0.509058	3.17604
17.5295	61.7527	0.444347	3.1176
20.7355	60.8826	0.491672	3.38377
20.363	63.0044	0.501874	3.3513
17.5295	61.7527	0.444347	3.1176
20.7355	60.8826	0.491672	3.38377
23.0704	62.1007	0.520795	2.88248
20.363	63.0044	0.501874	3.3513
11.6319	58.144	4.35112	2.53167
10.6893	54.7417	4.02783	2.63794
14.2198	55.2938	4.16778	2.79948
9.3634	60.8826	0.441143	2.57338
11.6319	58.144	4.35112	2.53167
12.3979	60.3349	0.50625	3.28808
8.66123	58.144	3.95823	2.34572
10.6893	54.7417	4.02783	2.63794
11.6319	58.144	4.35112	2.53167
5.69054	58.144	4.26432	2.60021
4.92487	55.4838	4.38485	2.90582
8.05963	55.2938	4.20653	2.20012
6.4478	61.0566	0.412716	2.55365
5.69054	58.144	4.26432	2.60021
8.66123	58.144	3.95823	2.34572
3.67737	60.8826	0.520462	3.0577
2.71986	58.144	4.31762	1.92043
5.69054	58.144	4.26432	2.60021
36.8222	64.0212	0.45324	2.52795
39.6261	63.8451	0.410364	2.59651
38.586	65.9587	0.410757	2.67332
34.1521	62.7968	0.447434	3.21407
36.8222	64.0212	0.45324	2.52795
35.8688	65.9587	0.519956	3.06798
37.7936	60.8826	0.527719	2.57678
39.6261	63.8451	0.410364	2.59651
36.8222	64.0212	0.45324	2.52795
38.75	70.3973	0.380013	0.326939
40.1627	68.2649	0.436684	2.18963
41.25	70.3973	0.43561	0.302028
37.3942	72.4885	0.400092	0.311467
38.75	70.3973	0.380013	0.326939
39.7099	72.3429	0.390866	0.314654
37.4455	67.9354	0.417645	3.31763
40.1627	68.2649	0.436684	2.18963
38.75	70.3973	0.380013	0.326939
35.8688	65.9587	0.519956	3.06798
37.4455	67.9354	0.417645	3.31763
34.8233	67.7707	0.397055	2.98928
33.1516	65.9587	0.411714	2.70787
35.8688	65.9587	0.519956	3.06798
34.8233	67.7707	0.397055	2.98928
34.1521	62.7968	0.447434	3.21407
34.9506	60.8826	0.560362	2.75365
36.8222	64.0212	0.45324	2.52795
38.75	70.3973	0.380013	0.326939
41.25	70.3973	0.43561	0.302028
39.7099	72.3429	0.390866	0.314654
38.586	65.9587	0.410757	2.67332
40.1627	68.2649	0.436684	2.18963
37.4455	67.9354	0.417645	3.31763
41.3032	65.9587	0.435685	2.25292
42.6898	68.2649	0.423141	2.21787
40.1627	68.2649	0.436684	2.18963
41.3032	65.9587	0.435685	2.25292
44.0204	65.9587	0.430532	3.00522
42.6898	68.2649	0.423141	2.21787
41.25	70.3973	0.43561	0.302028
40.1627	68.2649	0.436684	2.18963
42.6898	68.2649	0.423141	2.21787
36.8222	64.0212	0.45324	2.52795
34.9506	60.8826	0.560362	2.75365
37.7936	60.8826	0.527719	2.57678
2.71986	58.144	4.31762	1.92043
4.92487	55.4838	4.38485	2.90582
5.69054	58.144	4.26432	2.60021
8.66123	58.144	3.95823	2.34572
8.05963	55.2938	4.20653	2.20012
10.6893	54.7417	4.02783	2.63794
6.4478	61.0566	0.412716	2.55365
8.66123	58.144	3.95823	2.34572
9.3634	60.8826	0.441143	2.57338
5.69054	58.144	4.26432	2.60021
8.05963	55.2938	4.20653	2.20012
8.66123	58.144	3.95823	2.34572
1.8995	55.2938	4.38979	2.69553
4.92487	55.4838	4.38485	2.90582
2.71986	58.144	4.31762	1.92043
1.8995	55.2938	4.38979	2.69553
1.22131	52.3495	4.35923	2.61321
4.19365	52.3495	4.39892	2.8952
41.3032	65.9587	0.435685	2.25292
42.43	63.669	0.469582	3.22808
44.0204	65.9587	0.430532	3.00522
43.4796	60.8826	0.433307	2.38911
40.6366	60.8826	0.520084	2.57322
41.4664	58.5091	4.29177	2.46167
45.2338	63.4929	0.519395	2.81198
43.4796	60.8826	0.433307	2.38911
46.3226	60.8826	0.460801	2.80805
42.43	63.669	0.469582	3.22808
40.6366	60.8826	0.520084	2.57322
43.4796	60.8826	0.433307	2.38911
41.4664	58.5091	4.29177	2.46167
38.5596	58.6917	4.34807	2.70268
38.8603	55.2938	4.30028	2.0768
46.3226	60.8826	0.460801	2.80805
43.4796	60.8826	0.433307	2.38911
44.2548	57.954	4.36071	2.07523
42.43	63.669	0.469582	3.22808
39.6261	63.8451	0.410364	2.59651
40.6366	60.8826	0.520084	2.57322
44.0204	65.9587	0.430532	3.00522
42.43	63.669	0.469582	3.22808
45.2338	63.4929	0.519395	2.81198
36.8222	64.0212	0.45324	2.52795
38.586	65.9587	0.410757	2.67332
35.8688	65.9587	0.519956	3.06798
40.6366	60.8826	0.520084	2.57322
39.6261	63.8451	0.410364	2.59651
37.7936	60.8826	0.527719	2.57678
38.586	65.9587	0.410757	2.67332
37.4455	67.9354	0.417645	3.31763
35.8688	65.9587	0.519956	3.06798
41.3032	65.9587	0.435685	2.25292
38.586	65.9587	0.410757	2.67332
39.6261	63.8451	0.410364	2.59651
41.3032	65.9587	0.435685	2.25292
40.1627	68.2649	0.436684	2.18963
38.586	65.9587	0.410757	2.67332
32.2468	68.921	0.446907	2.86017
30.4344	65.9587	0.410968	2.5556
33.1516	65.9587	0.411714	2.70787
21.7285	50.6506	4.32683	2.25346
19.0553	52.3495	4.25333	2.87096
18.9224	49.3292	4.08701	2.89268
21.7462	47.598	4.18245	2.95494
21.7285	50.6506	4.32683	2.25346
18.9224	49.3292	4.08701	2.89268
15.8835	49.3292	4.33185	2.19615
18.8268	46.2515	4.33246	2.1631
18.9224	49.3292	4.08701	2.89268
22.0142	44.8882	4.11042	2.22842
25	46.2515	4.02296	2.59269
21.7462	47.598	4.18245	2.95494
24.7341	50.8393	4.11614	2.67829
22.4091	54.0056	4.23476	2.29727
21.7285	50.6506	4.32683	2.25346
26.54	55.2938	4.01655	2.24421
26.4853	58.144	4.2461	2.2062
23.0771	56.6239	4.28174	1.99428
30.9447	52.3495	4.03984	2.94867
29.6201	55.2938	4.24296	2.11123
27.9723	52.3495	4.18283	2.56756
26.4853	58.144	4.2461	2.2062
26.4215	60.8826	0.520751	3.34803
24.0253	59.6046	4.02708	2.57733
29.6201	55.2938	4.24296	2.11123
26.4853	58.144	4.2461	2.2062
26.54	55.2938	4.01655	2.24421
29.6201	55.2938	4.24296	2.11123
32.1533	57.1939	4.02063	2.46513
29.839	59.2394	4.1492	2.66304
17.2808	59.0298	4.17748	2.83591
20.7355	60.8826	0.491672	3.38377
17.5295	61.7527	0.444347	3.1176
23.0771	56.6239	4.28174	1.99428
20.3936	58.6582	4.36116	2.70513
20.0518	56.4338	4.40423	1.90462
23.0771	56.6239	4.28174	1.99428
24.0253	59.6046	4.02708	2.57733
20.3936	58.6582	4.36116	2.70513
39.0601	41.8598	4.12982	2.24919
37.5191	43.9145	4.36711	2.45055
37.5	40	4.20723	0.287929
40.625	40	3.99904	0.278955
39.0601	41.8598	4.12982	2.24919
37.5	40	4.20723	0.287929
40.6201	43.7197	4.12668	2.94014
37.5191	43.9145	4.36711	2.45055
39.0601	41.8598	4.12982	2.24919
40.6201	43.7197	4.12668	2.94014
40.433	46.2515	4.16909	2.59453
37.5191	43.9145	4.36711	2.45055
43.6923	43.1354	4.16399	2.656
40.6201	43.7197	4.12668	2.94014
40.625	40	3.99904	0.278955
43.6923	43.1354	4.16399	2.656
43.5196	46.2515	4.41607	2.83301
40.6201	43.7197	4.12668	2.94014
46.8798	40.196	4.02644	2.3062
43.6923	43.1354	4.16399	2.656
43.75	40	4.24285	0.311259
46.8077	43.1354	4.38748	2.86152
49.6928	46.2515	4.38364	2.87319
46.6062	46.2515	4.43046	2.64261
37.5	40	4.20723	0.287929
34.399	40.9798	4.33867	2.55779
34.3221	37.8444	3.94479	0.287337
40.5769	36.8646	3.97153	0.308253
37.5	40	4.20723	0.287929
37.4615	36.8646	4.1554	0.306947
40.625	40	3.99904	0.278955
40.6201	43.7197	4.12668	2.94014
39.0601	41.8598	4.12982	2.24919
40.1224	48.7521	4.1196	2.85676
37.0597	48.5598	4.20508	2.60873
37.3464	46.2515	4.32008	1.94218
34.1165	49.3292	4.20509	2.4952
36.7564	51.5944	4.36885	2.75753
34.1289	53.2696	4.32174	2.26073
31.1732	46.2515	4.39152	2.66016
34.1165	49.3292	4.20509	2.4952
31.0776	49.3292	4.34455	2.28571
28.0866	46.2515	4.35597	2.82289
31.1732	46.2515	4.39152	2.66016
31.0776	49.3292	4.34455	2.28571
34.3294	43.6157	4.29223	2.85113
34.399	40.9798	4.33867	2.55779
37.5191	43.9145	4.36711	2.45055
31.1732	46.2515	4.39152	2.66016
31.226	43.7137	4.1446	2.04731
34.2598	46.2515	4.24062	2.9321
31.2788	41.1758	4.21636	2.81468
34.399	40.9798	4.33867	2.55779
34.3294	43.6157	4.29223	2.85113
37.0597	48.5598	4.20508	2.60873
36.7564	51.5944	4.36885	2.75753
34.1165	49.3292	4.20509	2.4952
37.3464	46.2515	4.32008	1.94218
37.0597	48.5598	4.20508	2.60873
34.2598	46.2515	4.24062	2.9321
40.433	46.2515	4.16909	2.59453
37.3464	46.2515	4.32008	1.94218
37.5191	43.9145	4.36711	2.45055
40.433	46.2515	4.16909	2.59453
40.1224	48.7521	4.1196	2.85676
37.3464	46.2515	4.32008	1.94218
40.1224	48.7521	4.1196	2.85676
36.7564	51.5944	4.36885	2.75753
37.0597	48.5598	4.20508	2.60873
46.2717	49.3292	4.20889	1.95627
45.8487	52.5335	4.42162	2.19093
43.2329	49.3292	4.32967	2.70913
34.1165	49.3292	4.20509	2.4952
34.1289	53.2696	4.32174	2.26073
30.9447	52.3495	4.03984	2.94867
7.464	63.4929	0.449302	3.05214
8.78345	65.7825	0.421756	3.18954
5.97957	65.9587	0.431266	3.0772
6.4478	61.0566	0.412716	2.55365
7.464	63.4929	0.449302	3.05214
4.76616	63.4929	0.422099	2.65337
6.4478	61.0566	0.412716	2.55365
9.3634	60.8826	0.441143	2.57338
7.464	63.4929	0.449302	3.05214
12.3979	60.3349	0.50625	3.28808
10.1618	63.4929	0.399459	2.55042
9.3634	60.8826	0.441143	2.57338
12.8597	63.4929	0.494785	2.34351
15.0494	60.8826	0.440284	2.38383
15.5575	63.4929	0.422755	3.33722
12.3644	68.2649	0.401563	2.31352
13.513	70.6966	0.454504	0.309673
11.25	70.3973	0.37498	0.298351
16.8484	65.9587	0.450576	3.22035
14.8915	68.2649	0.424427	2.78309
13.846	66.4528	0.416464	2.44094
17.4187	68.2649	0.393115	2.68857
16.25	70.3973	0.462624	0.298698
14.8915	68.2649	0.424427	2.78309
19.999	65.078	0.509058	3.17604
19.0904	66.7823	0.517758	2.38902
16.8484	65.9587	0.450576	3.22035
19.193	69.7412	0.47813	2.42994
20.0967	72.3429	0.481669	0.291487
17.645	72.3429	0.458888	0.308219
9.83732	68.2649	0.453331	2.72959
8.78345	65.7825	0.421756	3.18954
11.414	65.9587	0.43659	3.36621
6.48041	46.2515	4.31829	2.3158
3.72828	49.3292	4.098	1.96219
3.39381	46.2515	4.2696	2.07709
9.70619	49.8955	4.04471	2.04504
6.76709	49.3292	4.38428	2.94891
9.61019	45.6673	4.13515	2.09435
9.70619	49.8955	4.04471	2.04504
10.1383	52.3495	4.34174	2.35727
7.16598	52.3495	4.36695	1.97758
13.1107	52.3495	4.39272	2.33727
10.1383	52.3495	4.34174	2.35727
12.7118	50.0843	4.41706	2.53457
4.19365	52.3495	4.39892	2.8952
3.72828	49.3292	4.098	1.96219
6.76709	49.3292	4.38428	2.94891
1.8995	55.2938	4.38979	2.69553
4.19365	52.3495	4.39892	2.8952
4.92487	55.4838	4.38485	2.90582
1.22131	52.3495	4.35923	2.61321
3.72828	49.3292	4.098	1.96219
4.19365	52.3495	4.39892	2.8952
22.2828	65.9587	0.467843	3.03993
23.0704	62.1007	0.520795	2.88248
25.6067	64.7258	0.451132	3.06288
21.8037	69.5771	0.399488	3.19417
22.2828	65.9587	0.467843	3.03993
24.3347	67.1118	0.49591	2.77835
19.999	65.078	0.509058	3.17604
20.363	63.0044	0.501874	3.3513
22.2828	65.9587	0.467843	3.03993
21.8037	69.5771	0.399488	3.19417
19.193	69.7412	0.47813	2.42994
19.0904	66.7823	0.517758	2.38902
16.8484	65.9587	0.450576	3.22035
17.5295	61.7527	0.444347	3.1176
19.999	65.078	0.509058	3.17604
22.2828	65.9587	0.467843	3.03993
20.363	63.0044	0.501874	3.3513
23.0704	62.1007	0.520795	2.88248
16.25	70.3973	0.462624	0.298698
15.1934	72.3429	0.390126	0.333737
13.513	70.6966	0.454504	0.309673
7.464	63.4929	0.449302	3.05214
10.1618	63.4929	0.399459	2.55042
8.78345	65.7825	0.421756	3.18954
20.0518	56.4338	4.40423	1.90462
19.0553	52.3495	4.25333	2.87096
22.4091	54.0056	4.23476	2.29727
20.3936	58.6582	4.36116	2.70513
17.2808	59.0298	4.17748	2.83591
20.0518	56.4338	4.40423	1.90462
15.0494	60.8826	0.440284	2.38383
12.8597	63.4929	0.494785	2.34351
12.3979	60.3349	0.50625	3.28808
9.3634	60.8826	0.441143	2.57338
8.66123	58.144	3.95823	2.34572
11.6319	58.144	4.35112	2.53167
9.70619	49.8955	4.04471	2.04504
7.16598	52.3495	4.36695	1.97758
6.76709	49.3292	4.38428	2.94891
13.1107	52.3495	4.39272	2.33727
16.083	52.3495	4.05892	2.07174
14.2198	55.2938	4.16778	2.79948
23.0771	56.6239	4.28174	1.99428
22.4091	54.0056	4.23476	2.29727
26.54	55.2938	4.01655	2.24421
20.7355	60.8826	0.491672	3.38377
20.3936	58.6582	4.36116	2.70513
24.0253	59.6046	4.02708	2.57733
20.0518	56.4338	4.40423	1.90462
22.4091	54.0056	4.23476	2.29727
23.0771	56.6239	4.28174	1.99428
20.7355	60.8826	0.491672	3.38377
17.2808	59.0298	4.17748	2.83591
20.3936	58.6582	4.36116	2.70513
17.0264	56.2438	4.24954	2.14313
19.0553	52.3495	4.25333	2.87096
20.0518	56.4338	4.40423	1.90462
6.30769	36.8646	4.17135	0.311615
6.24038	39.6081	4.23054	0.278877
3.19231	36.8646	3.94352	0.290068
9.49534	33.1714	4.09748	0.314969
9.42308	36.8646	3.90373	0.278944
6.43263	33.3637	3.91789	0.279534
6.31731	42.7435	4.40532	2.37484
3.125	40	3.94815	0.332372
6.24038	39.6081	4.23054	0.278877
9.4375	42.5475	4.4188	2.90231
12.5	40	3.96647	0.325207
12.5577	42.3516	4.39825	2.42365
6.30769	36.8646	4.17135	0.311615
9.36058	39.4121	3.85583	0.278312
6.24038	39.6081	4.23054	0.278877
9.42308	36.8646	3.90373	0.278944
12.5385	36.8646	3.98406	0.309638
9.36058	39.4121	3.85583	0.278312
15.8122	34.7222	4.21853	0.309817
12.5385	36.8646	3.98406	0.309638
12.7112	34.5275	3.97846	0.274905
9.4375	42.5475	4.4188	2.90231
12.5577	42.3516	4.39825	2.42365
9.61019	45.6673	4.13515	2.09435
6.24038	39.6081	4.23054	0.278877
9.4375	42.5475	4.4188	2.90231
6.31731	42.7435	4.40532	2.37484
9.36058	39.4121	3.85583	0.278312
12.5	40	3.96647	0.325207
9.4375	42.5475	4.4188	2.90231
15.601	39.0202	4.17913	0.283069
12.5	40	3.96647	0.325207
12.5385	36.8646	3.98406	0.309638
15.601	39.0202	4.17913	0.283069
15.6779	42.1556	4.09807	2.61846
12.5	40	3.96647	0.325207
6.48041	46.2515	4.31829	2.3158
6.76709	49.3292	4.38428	2.94891
3.72828	49.3292	4.098	1.96219
6.31731	42.7435	4.40532	2.37484
6.48041	46.2515	4.31829	2.3158
3.39381	46.2515	4.2696	2.07709
9.61019	45.6673	4.13515	2.09435
6.76709	49.3292	4.38428	2.94891
6.48041	46.2515	4.31829	2.3158
12.7118	50.0843	4.41706	2.53457
9.70619	49.8955	4.04471	2.04504
11.1799	48.0735	4.20076	2.4325
3.19711	42.9395	4.19491	2.23777
0.076922	43.1354	4.28596	2.93676
-3.10282e-28	40	4.13305	2.90768
6.31731	42.7435	4.40532	2.37484
3.19711	42.9395	4.19491	2.23777
3.125	40	3.94815	0.332372
3.39381	46.2515	4.2696	2.07709
0.307214	46.2515	4.01547	2.40762
3.19711	42.9395	4.19491	2.23777
45.0204	55.2938	4.37769	2.17554
41.9404	55.2938	4.3469	1.96242
42.834	52.3495	4.37449	1.97178
48.1005	55.2938	4.28458	2.2814
45.0204	55.2938	4.37769	2.17554
45.8487	52.5335	4.42162	2.19093
44.2548	57.954	4.36071	2.07523
41.9404	55.2938	4.3469	1.96242
45.0204	55.2938	4.37769	2.17554
46.3226	60.8826	0.460801	2.80805
44.2548	57.954	4.36071	2.07523
47.2801	58.144	4.36535	2.87737
41.4664	58.5091	4.29177	2.46167
38.8603	55.2938	4.30028	2.0768
41.9404	55.2938	4.3469	1.96242
27.9723	52.3495	4.18283	2.56756
28.0388	49.3292	4.37766	2.30103
30.9447	52.3495	4.03984	2.94867
19.0553	52.3495	4.25333	2.87096
21.7285	50.6506	4.32683	2.25346
22.4091	54.0056	4.23476	2.29727
25	46.2515	4.02296	2.59269
28.0388	49.3292	4.37766	2.30103
24.7341	50.8393	4.11614	2.67829
21.7285	50.6506	4.32683	2.25346
21.7462	47.598	4.18245	2.95494
24.7341	50.8393	4.11614	2.67829
15.6779	42.1556	4.09807	2.61846
17.2523	44.2036	3.99259	2.12372
14.1489	44.3016	4.40189	2.49863
22.0142	44.8882	4.11042	2.22842
18.8268	46.2515	4.33246	2.1631
18.7981	41.9596	4.28259	2.3976
15.8835	49.3292	4.33185	2.19615
12.6536	46.2515	4.35665	1.87079
15.7402	46.2515	4.39931	2.14568
17.0264	56.2438	4.24954	2.14313
16.083	52.3495	4.05892	2.07174
19.0553	52.3495	4.25333	2.87096
4.19365	52.3495	4.39892	2.8952
7.16598	52.3495	4.36695	1.97758
4.92487	55.4838	4.38485	2.90582
21.9183	41.7637	4.35378	2.84725
25	43.1354	4.39484	2.0392
22.0142	44.8882	4.11042	2.22842
28.125	40	3.97912	0.321903
25	40	4.01013	0.289025
28.1154	36.8646	4.2994	0.303396
25	30.6708	4.00183	0.312436
25.1151	35.3065	4.07562	0.306999
21.9134	33.7485	4.12085	0.30698
31.3171	35.696	4.15733	0.313376
28.0866	33.7485	4.30429	0.303488
30.9343	31.8249	3.99625	0.273641
28.1154	36.8646	4.2994	0.303396
25.1151	35.3065	4.07562	0.306999
28.0866	33.7485	4.30429	0.303488
33.7508	28.5944	3.94839	0.296518
37.1553	30.6708	3.84049	0.312453
33.997	31.6326	3.99842	0.269985
21.8846	36.8646	4.28801	0.277817
21.9014	39.3141	3.88432	0.324589
18.7212	38.8242	4.07063	0.293499
28.1154	36.8646	4.2994	0.303396
25	40	4.01013	0.289025
25.1151	35.3065	4.07562	0.306999
28.125	40	3.97912	0.321903
28.1154	43.1354	4.44284	2.94771
25	40	4.01013	0.289025
3.72828	49.3292	4.098	1.96219
1.22131	52.3495	4.35923	2.61321
0.68946	49.3292	4.37721	2.49595
0.307214	46.2515	4.01547	2.40762
3.39381	46.2515	4.2696	2.07709
0.68946	49.3292	4.37721	2.49595
11.1799	48.0735	4.20076	2.4325
12.6536	46.2515	4.35665	1.87079
12.7118	50.0843	4.41706	2.53457
9.61019	45.6673	4.13515	2.09435
11.1799	48.0735	4.20076	2.4325
9.70619	49.8955	4.04471	2.04504
9.61019	45.6673	4.13515	2.09435
12.6536	46.2515	4.35665	1.87079
11.1799	48.0735	4.20076	2.4325
31.3817	62.6228	0.488396	3.35635
34.1521	62.7968	0.447434	3.21407
33.1516	65.9587	0.411714	2.70787
26.9568	67.2765	0.517243	2.43385
28.4106	64.5496	0.429791	2.45004
30.4344	65.9587	0.410968	2.5556
29.839	59.2394	4.1492	2.66304
33.5519	59.0383	4.18304	2.60487
31.3817	62.6228	0.488396	3.35635
28.6113	62.4488	0.431183	2.48453
29.839	59.2394	4.1492	2.66304
31.3817	62.6228	0.488396	3.35635
20.7355	60.8826	0.491672	3.38377
24.0253	59.6046	4.02708	2.57733
23.0704	62.1007	0.520795	2.88248
25.6371	53.0665	4.06087	2.73541
24.7341	50.8393	4.11614	2.67829
27.9723	52.3495	4.18283	2.56756
22.4091	54.0056	4.23476	2.29727
25.6371	53.0665	4.06087	2.73541
26.54	55.2938	4.01655	2.24421
22.4091	54.0056	4.23476	2.29727
24.7341	50.8393	4.11614	2.67829
25.6371	53.0665	4.06087	2.73541
29.6201	55.2938	4.24296	2.11123
31.8745	54.2817	4.11963	2.73691
32.1533	57.1939	4.02063	2.46513
34.2598	46.2515	4.24062	2.9321
34.3294	43.6157	4.29223	2.85113
37.3464	46.2515	4.32008	1.94218
31.1732	46.2515	4.39152	2.66016
34.2598	46.2515	4.24062	2.9321
34.1165	49.3292	4.20509	2.4952
34.2598	46.2515	4.24062	2.9321
31.226	43.7137	4.1446	2.04731
34.3294	43.6157	4.29223	2.85113
35.6527	58.8743	4.37419	1.92138
38.5596	58.6917	4.34807	2.70268
37.7936	60.8826	0.527719	2.57678
33.5519	59.0383	4.18304	2.60487
35.6527	58.8743	4.37419	1.92138
34.9506	60.8826	0.560362	2.75365
35.7802	55.2938	4.18477	2.36498
38.5596	58.6917	4.34807	2.70268
35.6527	58.8743	4.37419	1.92138
42.43	63.669	0.469582	3.22808
43.4796	60.8826	0.433307	2.38911
45.2338	63.4929	0.519395	2.81198
6.48041	46.2515	4.31829	2.3158
6.31731	42.7435	4.40532	2.37484
9.61019	45.6673	4.13515	2.09435
0.68946	49.3292	4.37721	2.49595
3.39381	46.2515	4.2696	2.07709
3.72828	49.3292	4.098	1.96219
0.307214	46.2515	4.01547	2.40762
0.076922	43.1354	4.28596	2.93676
3.19711	42.9395	4.19491	2.23777
6.4478	61.0566	0.412716	2.55365
4.76616	63.4929	0.422099	2.65337
3.67737	60.8826	0.520462	3.0577
5.69054	58.144	4.26432	2.60021
6.4478	61.0566	0.412716	2.55365
3.67737	60.8826	0.520462	3.0577
9.3634	60.8826	0.441143	2.57338
10.1618	63.4929	0.399459	2.55042
7.464	63.4929	0.449302	3.05214
14.6026	58.144	4.25573	2.81856
15.0494	60.8826	0.440284	2.38383
12.3979	60.3349	0.50625	3.28808
14.2198	55.2938	4.16778	2.79948
14.6026	58.144	4.25573	2.81856
11.6319	58.144	4.35112	2.53167
14.2198	55.2938	4.16778	2.79948
17.0264	56.2438	4.24954	2.14313
14.6026	58.144	4.25573	2.81856
7.464	63.4929	0.449302	3.05214
5.97957	65.9587	0.431266	3.0772
4.76616	63.4929	0.422099	2.65337
11.414	65.9587	0.43659	3.36621
13.846	66.4528	0.416464	2.44094
12.3644	68.2649	0.401563	2.31352
10.1618	63.4929	0.399459	2.55042
11.414	65.9587	0.43659	3.36621
8.78345	65.7825	0.421756	3.18954
12.8597	63.4929	0.494785	2.34351
15.5575	63.4929	0.422755	3.33722
13.846	66.4528	0.416464	2.44094
10.1618	63.4929	0.399459	2.55042
12.8597	63.4929	0.494785	2.34351
11.414	65.9587	0.43659	3.36621
10.1618	63.4929	0.399459	2.55042
12.3979	60.3349	0.50625	3.28808
12.8597	63.4929	0.494785	2.34351
9.83732	68.2649	0.453331	2.72959
7.31021	68.2649	0.430746	2.65803
8.78345	65.7825	0.421756	3.18954
31.8745	54.2817	4.11963	2.73691
30.9447	52.3495	4.03984	2.94867
34.1289	53.2696	4.32174	2.26073
35.7802	55.2938	4.18477	2.36498
31.8745	54.2817	4.11963	2.73691
34.1289	53.2696	4.32174	2.26073
29.6201	55.2938	4.24296	2.11123
30.9447	52.3495	4.03984	2.94867
31.8745	54.2817	4.11963	2.73691
29.839	59.2394	4.1492	2.66304
26.4853	58.144	4.2461	2.2062
29.6201	55.2938	4.24296	2.11123
33.5519	59.0383	4.18304	2.60487
29.839	59.2394	4.1492	2.66304
32.1533	57.1939	4.02063	2.46513
35.7802	55.2938	4.18477	2.36498
33.5519	59.0383	4.18304	2.60487
32.1533	57.1939	4.02063	2.46513
34.9506	60.8826	0.560362	2.75365
31.3817	62.6228	0.488396	3.35635
33.5519	59.0383	4.18304	2.60487
28.6113	62.4488	0.431183	2.48453
26.4215	60.8826	0.520751	3.34803
29.839	59.2394	4.1492	2.66304
26.54	55.2938	4.01655	2.24421
27.9723	52.3495	4.18283	2.56756
29.6201	55.2938	4.24296	2.11123
25.6371	53.0665	4.06087	2.73541
27.9723	52.3495	4.18283	2.56756
26.54	55.2938	4.01655	2.24421
24.7341	50.8393	4.11614	2.67829
28.0388	49.3292	4.37766	2.30103
27.9723	52.3495	4.18283	2.56756
22.5483	72.3429	0.474436	0.313777
23.75	70.3973	0.43669	0.302082
25	72.3429	0.428291	0.308094
23.0327	74.7883	0.392516	0.285904
22.5483	72.3429	0.474436	0.313777
25	72.3429	0.428291	0.308094
21.4331	74.0896	0.370757	0.331332
19.0551	74.0896	0.404999	0.30542
20.0967	72.3429	0.481669	0.291487
19.0904	66.7823	0.517758	2.38902
22.2828	65.9587	0.467843	3.03993
21.8037	69.5771	0.399488	3.19417
24.3347	67.1118	0.49591	2.77835
23.75	70.3973	0.43669	0.302082
21.8037	69.5771	0.399488	3.19417
27.0253	69.2491	0.394393	2.71889
30.0542	68.2649	0.403209	3.32021
28.75	70.3973	0.397916	0.338768
25.6067	64.7258	0.451132	3.06288
28.4106	64.5496	0.429791	2.45004
26.9568	67.2765	0.517243	2.43385
22.2828	65.9587	0.467843	3.03993
25.6067	64.7258	0.451132	3.06288
24.3347	67.1118	0.49591	2.77835
23.0704	62.1007	0.520795	2.88248
26.4215	60.8826	0.520751	3.34803
25.6067	64.7258	0.451132	3.06288
30.4344	65.9587	0.410968	2.5556
30.0542	68.2649	0.403209	3.32021
26.9568	67.2765	0.517243	2.43385
28.6113	62.4488	0.431183	2.48453
31.3817	62.6228	0.488396	3.35635
28.4106	64.5496	0.429791	2.45004
25.6067	64.7258	0.451132	3.06288
28.6113	62.4488	0.431183	2.48453
28.4106	64.5496	0.429791	2.45004
26.4215	60.8826	0.520751	3.34803
26.4853	58.144	4.2461	2.2062
29.839	59.2394	4.1492	2.66304
25.6067	64.7258	0.451132	3.06288
26.4215	60.8826	0.520751	3.34803
28.6113	62.4488	0.431183	2.48453
24.0253	59.6046	4.02708	2.57733
23.0771	56.6239	4.28174	1.99428
26.4853	58.144	4.2461	2.2062
33.1516	65.9587	0.411714	2.70787
34.8233	67.7707	0.397055	2.98928
32.2468	68.921	0.446907	2.86017
31.3817	62.6228	0.488396	3.35635
33.1516	65.9587	0.411714	2.70787
30.4344	65.9587	0.410968	2.5556
34.1521	62.7968	0.447434	3.21407
35.8688	65.9587	0.519956	3.06798
33.1516	65.9587	0.411714	2.70787
32.355	72.3429	0.49521	0.317273
33.75	70.3973	0.419197	0.309692
34.8066	72.3429	0.40438	0.31397
29.3832	76.0659	0.495153	0.301395
28.5669	74.0896	0.398783	0.299434
30.9297	73.8705	0.453962	0.30751
31.0572	70.658	0.384177	0.346132
33.75	70.3973	0.419197	0.309692
32.355	72.3429	0.49521	0.317273
29.9033	72.3429	0.424854	0.297737
31.0572	70.658	0.384177	0.346132
32.355	72.3429	0.49521	0.317273
28.4106	64.5496	0.429791	2.45004
31.3817	62.6228	0.488396	3.35635
30.4344	65.9587	0.410968	2.5556
24.3347	67.1118	0.49591	2.77835
25.6067	64.7258	0.451132	3.06288
26.9568	67.2765	0.517243	2.43385
23.0704	62.1007	0.520795	2.88248
24.0253	59.6046	4.02708	2.57733
26.4215	60.8826	0.520751	3.34803
30.4344	65.9587	0.410968	2.5556
32.2468	68.921	0.446907	2.86017
30.0542	68.2649	0.403209	3.32021
34.8233	67.7707	0.397055	2.98928
33.75	70.3973	0.419197	0.309692
32.2468	68.921	0.446907	2.86017
43.2329	49.3292	4.32967	2.70913
40.1224	48.7521	4.1196	2.85676
40.433	46.2515	4.16909	2.59453
48.7787	52.3495	4.31473	1.94002
45.8487	52.5335	4.42162	2.19093
46.2717	49.3292	4.20889	1.95627
42.834	52.3495	4.37449	1.97178
40.1224	48.7521	4.1196	2.85676
43.2329	49.3292	4.32967	2.70913
47.2801	58.144	4.36535	2.87737
44.2548	57.954	4.36071	2.07523
45.0204	55.2938	4.37769	2.17554
38.8603	55.2938	4.30028	2.0768
35.7802	55.2938	4.18477	2.36498
36.7564	51.5944	4.36885	2.75753
41.9404	55.2938	4.3469	1.96242
38.8603	55.2938	4.30028	2.0768
39.8617	52.3495	4.29266	2.11798
45.8487	52.5335	4.42162	2.19093
45.0204	55.2938	4.37769	2.17554
42.834	52.3495	4.37449	1.97178
41.4664	58.5091	4.29177	2.46167
40.6366	60.8826	0.520084	2.57322
38.5596	58.6917	4.34807	2.70268
44.2548	57.954	4.36071	2.07523
41.4664	58.5091	4.29177	2.46167
41.9404	55.2938	4.3469	1.96242
44.2548	57.954	4.36071	2.07523
43.4796	60.8826	0.433307	2.38911
41.4664	58.5091	4.29177	2.46167
38.5596	58.6917	4.34807	2.70268
35.7802	55.2938	4.18477	2.36498
38.8603	55.2938	4.30028	2.0768
6.31731	42.7435	4.40532	2.37484
3.39381	46.2515	4.2696	2.07709
3.19711	42.9395	4.19491	2.23777
45.8487	52.5335	4.42162	2.19093
42.834	52.3495	4.37449	1.97178
43.2329	49.3292	4.32967	2.70913
48.1005	55.2938	4.28458	2.2814
45.8487	52.5335	4.42162	2.19093
48.7787	52.3495	4.31473	1.94002
48.1005	55.2938	4.28458	2.2814
47.2801	58.144	4.36535	2.87737
45.0204	55.2938	4.37769	2.17554
37.7936	60.8826	0.527719	2.57678
38.5596	58.6917	4.34807	2.70268
40.6366	60.8826	0.520084	2.57322
41.3032	65.9587	0.435685	2.25292
39.6261	63.8451	0.410364	2.59651
42.43	63.669	0.469582	3.22808
34.9506	60.8826	0.560362	2.75365
35.6527	58.8743	4.37419	1.92138
37.7936	60.8826	0.527719	2.57678
31.3817	62.6228	0.488396	3.35635
34.9506	60.8826	0.560362	2.75365
34.1521	62.7968	0.447434	3.21407
33.5519	59.0383	4.18304	2.60487
35.7802	55.2938	4.18477	2.36498
35.6527	58.8743	4.37419	1.92138
31.8745	54.2817	4.11963	2.73691
35.7802	55.2938	4.18477	2.36498
32.1533	57.1939	4.02063	2.46513
34.1165	49.3292	4.20509	2.4952
34.2598	46.2515	4.24062	2.9321
37.0597	48.5598	4.20508	2.60873
28.0388	49.3292	4.37766	2.30103
31.0776	49.3292	4.34455	2.28571
30.9447	52.3495	4.03984	2.94867
28.0388	49.3292	4.37766	2.30103
25	46.2515	4.02296	2.59269
28.0866	46.2515	4.35597	2.82289
36.7564	51.5944	4.36885	2.75753
35.7802	55.2938	4.18477	2.36498
34.1289	53.2696	4.32174	2.26073
30.9447	52.3495	4.03984	2.94867
31.0776	49.3292	4.34455	2.28571
34.1165	49.3292	4.20509	2.4952
40.1224	48.7521	4.1196	2.85676
42.834	52.3495	4.37449	1.97178
39.8617	52.3495	4.29266	2.11798
39.8617	52.3495	4.29266	2.11798
42.834	52.3495	4.37449	1.97178
41.9404	55.2938	4.3469	1.96242
36.7564	51.5944	4.36885	2.75753
39.8617	52.3495	4.29266	2.11798
38.8603	55.2938	4.30028	2.0768
36.7564	51.5944	4.36885	2.75753
40.1224	48.7521	4.1196	2.85676
39.8617	52.3495	4.29266	2.11798
18.9224	49.3292	4.08701	2.89268
19.0553	52.3495	4.25333	2.87096
16.083	52.3495	4.05892	2.07174
15.7402	46.2515	4.39931	2.14568
18.8268	46.2515	4.33246	2.1631
15.8835	49.3292	4.33185	2.19615
21.7462	47.598	4.18245	2.95494
25	46.2515	4.02296	2.59269
24.7341	50.8393	4.11614	2.67829
22.0108	14.5924	4.066	0.307265
19.9458	11.7351	3.78647	0.30125
23.0432	12.7235	4.16047	0.273912
17.645	7.6571	0.385398	0.31933
18.75	9.60269	0.484536	0.288417
16.5822	10.0948	4.10724	0.278451
14.9215	7.36598	0.485144	0.30911
17.645	7.6571	0.385398	0.31933
16.5822	10.0948	4.10724	0.278451
16.6772	5.91038	0.409451	0.285258
19.0551	5.91038	0.386989	0.335939
17.645	7.6571	0.385398	0.31933
20.0967	7.6571	0.40774	0.312887
21.25	9.60269	0.420764	0.327335
18.75	9.60269	0.484536	0.288417
17.645	7.6571	0.385398	0.31933
19.0551	5.91038	0.386989	0.335939
20.0967	7.6571	0.40774	0.312887
24.1844	6.78374	0.408648	0.296675
26.189	5.91038	0.437368	0.304991
25.4207	8.55507	0.418103	0.294466
28.5669	5.91038	0.501513	0.319942
31.8199	4.37335	0.392256	0.331411
31.1316	6.34706	0.427145	0.333946
26.9661	0.123895	0.440601	0.324139
28.4094	2.238	0.476772	0.312223
26.0648	3.0556	0.42075	0.283978
28.9198	0.494728	0.474771	0.318915
30.8485	1.10996	0.440545	0.32485
28.4094	2.238	0.476772	0.312223
31.25	9.60269	0.487266	0.310937
33.75	9.60269	0.513592	0.281243
32.5813	11.7351	4.1977	0.284394
30.9096	13.2177	4.04297	0.294124
29.636	10.915	4.132	0.296231
32.5813	11.7351	4.1977	0.284394
32.355	7.6571	0.48555	0.296525
33.4473	6.2015	0.488263	0.319655
34.9468	7.95642	0.49424	0.318324
29.9033	7.6571	0.420921	0.297757
32.355	7.6571	0.48555	0.296525
31.25	9.60269	0.487266	0.310937
31.1316	6.34706	0.427145	0.333946
31.8199	4.37335	0.392256	0.331411
33.4473	6.2015	0.488263	0.319655
29.9033	7.6571	0.420921	0.297757
31.1316	6.34706	0.427145	0.333946
32.355	7.6571	0.48555	0.296525
29.9033	7.6571	0.420921	0.297757
28.5669	5.91038	0.501513	0.319942
31.1316	6.34706	0.427145	0.333946
28.5669	5.91038	0.501513	0.319942
29.9033	7.6571	0.420921	0.297757
27.8022	8.40541	0.503944	0.286792
25	4.37335	0.375113	0.30798
27.2733	4.37335	0.4492	0.311578
26.189	5.91038	0.437368	0.304991
27.2733	4.37335	0.4492	0.311578
30.3241	3.0556	0.42176	0.311443
28.5669	5.91038	0.501513	0.319942
31.1316	6.34706	0.427145	0.333946
33.4473	6.2015	0.488263	0.319655
32.355	7.6571	0.48555	0.296525
27.2733	4.37335	0.4492	0.311578
28.4094	2.238	0.476772	0.312223
30.3241	3.0556	0.42176	0.311443
26.189	5.91038	0.437368	0.304991
27.2733	4.37335	0.4492	0.311578
28.5669	5.91038	0.501513	0.319942
26.0648	3.0556	0.42075	0.283978
28.4094	2.238	0.476772	0.312223
27.2733	4.37335	0.4492	0.311578
29.636	10.915	4.132	0.296231
29.9033	7.6571	0.420921	0.297757
31.25	9.60269	0.487266	0.310937
25.4207	8.55507	0.418103	0.294466
27.8022	8.40541	0.503944	0.286792
27.0253	10.7509	3.9397	0.270466
25.4207	8.55507	0.418103	0.294466
26.189	5.91038	0.437368	0.304991
27.8022	8.40541	0.503944	0.286792
26.3489	16.5071	3.87424	0.270993
24.3933	15.2742	3.86123	0.283213
25.6653	12.8882	4.15611	0.293121
30.3241	3.0556	0.42176	0.311443
31.8199	4.37335	0.392256	0.331411
28.5669	5.91038	0.501513	0.319942
30.8485	1.10996	0.440545	0.32485
30.3241	3.0556	0.42176	0.311443
28.4094	2.238	0.476772	0.312223
30.8485	1.10996	0.440545	0.32485
32.7403	1.96546	0.428514	0.283692
30.3241	3.0556	0.42176	0.311443
30.3241	3.0556	0.42176	0.311443
32.7403	1.96546	0.428514	0.283692
31.8199	4.37335	0.392256	0.331411
23.9352	3.0556	0.456938	0.336287
25	4.37335	0.375113	0.30798
22.7267	4.37335	0.465131	0.292954
26.9661	0.123895	0.440601	0.324139
26.0648	3.0556	0.42075	0.283978
25.0248	1.47661	0.374712	0.302244
26.9661	0.123895	0.440601	0.324139
28.9198	0.494728	0.474771	0.318915
28.4094	2.238	0.476772	0.312223
25.0248	1.47661	0.374712	0.302244
25	-8.70219e-28	0.432038	0.329543
26.9661	0.123895	0.440601	0.324139
23.9352	3.0556	0.456938	0.336287
25.0248	1.47661	0.374712	0.302244
26.0648	3.0556	0.42075	0.283978
23.9352	3.0556	0.456938	0.336287
23.0835	1.59882	0.426493	0.33806
25.0248	1.47661	0.374712	0.302244
32.7403	1.96546	0.428514	0.283692
34.5833	3.0556	0.374799	0.323845
31.8199	4.37335	0.392256	0.331411
25	4.37335	0.375113	0.30798
26.0648	3.0556	0.42075	0.283978
27.2733	4.37335	0.4492	0.311578
24.1844	6.78374	0.408648	0.296675
25	4.37335	0.375113	0.30798
26.189	5.91038	0.437368	0.304991
23.9352	3.0556	0.456938	0.336287
26.0648	3.0556	0.42075	0.283978
25	4.37335	0.375113	0.30798
21.913	2.6468	0.387698	0.340702
23.9352	3.0556	0.456938	0.336287
22.7267	4.37335	0.465131	0.292954
23.0835	1.59882	0.426493	0.33806
23.0339	0.123895	0.435873	0.3051
25.0248	1.47661	0.374712	0.302244
21.913	2.6468	0.387698	0.340702
23.0835	1.59882	0.426493	0.33806
23.9352	3.0556	0.456938	0.336287
21.4331	5.91038	0.412577	0.290427
20.4534	4.37335	0.455446	0.291111
22.7267	4.37335	0.465131	0.292954
19.7476	2.78306	0.47348	0.296904
21.0802	0.494728	0.3778	0.309474
21.913	2.6468	0.387698	0.340702
23.0339	0.123895	0.435873	0.3051
25	-8.70219e-28	0.432038	0.329543
25.0248	1.47661	0.374712	0.302244
33.4473	6.2015	0.488263	0.319655
34.5833	3.0556	0.374799	0.323845
35.7008	5.91038	0.377749	0.308687
36.3664	4.37335	0.381595	0.29784
35.7008	5.91038	0.377749	0.308687
34.5833	3.0556	0.374799	0.323845
23.5785	19.1174	4.29452	0.289483
26.3489	16.5071	3.87424	0.270993
26.4215	19.1174	4.1897	0.270373
23.0771	23.3761	4.21413	0.26989
25.3391	26.1784	3.91373	0.273123
22.0277	27.6505	4.20164	0.277078
29.636	10.915	4.132	0.296231
27.8022	8.40541	0.503944	0.286792
29.9033	7.6571	0.420921	0.297757
29.636	10.915	4.132	0.296231
27.0253	10.7509	3.9397	0.270466
27.8022	8.40541	0.503944	0.286792
32.5813	11.7351	4.1977	0.284394
29.636	10.915	4.132	0.296231
31.25	9.60269	0.487266	0.310937
28.2875	13.053	3.84871	0.303069
27.0253	10.7509	3.9397	0.270466
29.636	10.915	4.132	0.296231
23.0432	12.7235	4.16047	0.273912
25.6653	12.8882	4.15611	0.293121
24.3933	15.2742	3.86123	0.283213
24.4145	10.5869	4.12135	0.289219
25.4207	8.55507	0.418103	0.294466
27.0253	10.7509	3.9397	0.270466
23.0432	12.7235	4.16047	0.273912
24.4145	10.5869	4.12135	0.289219
25.6653	12.8882	4.15611	0.293121
23.0432	12.7235	4.16047	0.273912
21.25	9.60269	0.420764	0.327335
24.4145	10.5869	4.12135	0.289219
24.1844	6.78374	0.408648	0.296675
22.5483	7.6571	0.441121	0.329548
21.4331	5.91038	0.412577	0.290427
25	4.37335	0.375113	0.30798
24.1844	6.78374	0.408648	0.296675
22.7267	4.37335	0.465131	0.292954
25.4207	8.55507	0.418103	0.294466
24.4145	10.5869	4.12135	0.289219
22.5483	7.6571	0.441121	0.329548
24.4145	10.5869	4.12135	0.289219
21.25	9.60269	0.420764	0.327335
22.5483	7.6571	0.441121	0.329548
19.5656	14.0413	4.15888	0.286502
20.9532	16.5071	3.95346	0.285767
18.2554	16.5071	3.98493	0.300579
19.9458	11.7351	3.78647	0.30125
19.5656	14.0413	4.15888	0.286502
17.7988	12.3941	4.07647	0.308858
18.75	9.60269	0.484536	0.288417
19.9458	11.7351	3.78647	0.30125
17.7988	12.3941	4.07647	0.308858
21.25	9.60269	0.420764	0.327335
23.0432	12.7235	4.16047	0.273912
19.9458	11.7351	3.78647	0.30125
22.0108	14.5924	4.066	0.307265
20.9532	16.5071	3.95346	0.285767
19.5656	14.0413	4.15888	0.286502
19.9458	11.7351	3.78647	0.30125
22.0108	14.5924	4.066	0.307265
19.5656	14.0413	4.15888	0.286502
23.0432	12.7235	4.16047	0.273912
24.3933	15.2742	3.86123	0.283213
22.0108	14.5924	4.066	0.307265
17.7548	18.7251	3.79047	0.277942
20.7355	19.1174	4.15944	0.288498
17.2541	20.9431	4.25515	0.295346
16.8484	14.0413	4.15844	0.310512
18.2554	16.5071	3.98493	0.300579
15.9817	15.8026	4.17467	0.290492
20.9532	16.5071	3.95346	0.285767
20.7355	19.1174	4.15944	0.288498
18.2554	16.5071	3.98493	0.300579
14.9215	7.36598	0.485144	0.30911
16.5822	10.0948	4.10724	0.278451
13.513	9.30337	0.524945	0.317096
12.6058	7.51154	0.3982	0.292373
14.9215	7.36598	0.485144	0.30911
13.513	9.30337	0.524945	0.317096
13.6336	4.37335	0.492761	0.295923
15.4167	3.0556	0.456438	0.338421
16.6772	5.91038	0.409451	0.285258
19.7476	2.78306	0.47348	0.296904
19.1515	1.10996	0.434735	0.292862
21.0802	0.494728	0.3778	0.309474
20.4534	4.37335	0.455446	0.291111
19.0551	5.91038	0.386989	0.335939
18.1801	4.37335	0.443806	0.297113
21.913	2.6468	0.387698	0.340702
20.4534	4.37335	0.455446	0.291111
19.7476	2.78306	0.47348	0.296904
21.4331	5.91038	0.412577	0.290427
19.0551	5.91038	0.386989	0.335939
20.4534	4.37335	0.455446	0.291111
24.1844	6.78374	0.408648	0.296675
21.4331	5.91038	0.412577	0.290427
22.7267	4.37335	0.465131	0.292954
20.0967	7.6571	0.40774	0.312887
19.0551	5.91038	0.386989	0.335939
21.4331	5.91038	0.412577	0.290427
20.4534	4.37335	0.455446	0.291111
18.1801	4.37335	0.443806	0.297113
19.7476	2.78306	0.47348	0.296904
23.0835	1.59882	0.426493	0.33806
21.0802	0.494728	0.3778	0.309474
23.0339	0.123895	0.435873	0.3051
27.8022	8.40541	0.503944	0.286792
26.189	5.91038	0.437368	0.304991
28.5669	5.91038	0.501513	0.319942
25.6653	12.8882	4.15611	0.293121
24.4145	10.5869	4.12135	0.289219
27.0253	10.7509	3.9397	0.270466
22.5483	7.6571	0.441121	0.329548
20.0967	7.6571	0.40774	0.312887
21.4331	5.91038	0.412577	0.290427
25.4207	8.55507	0.418103	0.294466
22.5483	7.6571	0.441121	0.329548
24.1844	6.78374	0.408648	0.296675
21.25	9.60269	0.420764	0.327335
20.0967	7.6571	0.40774	0.312887
22.5483	7.6571	0.441121	0.329548
14.9215	7.36598	0.485144	0.30911
16.6772	5.91038	0.409451	0.285258
17.645	7.6571	0.385398	0.31933
21.913	2.6468	0.387698	0.340702
21.0802	0.494728	0.3778	0.309474
23.0835	1.59882	0.426493	0.33806
37.3284	7.80676	0.398951	0.332838
38.0788	5.91038	0.434502	0.286501
39.7099	7.6571	0.463383	0.300252
33.4473	6.2015	0.488263	0.319655
35.7008	5.91038	0.377749	0.308687
34.9468	7.95642	0.49424	0.318324
33.75	9.60269	0.513592	0.281243
32.355	7.6571	0.48555	0.296525
34.9468	7.95642	0.49424	0.318324
31.8199	4.37335	0.392256	0.331411
34.5833	3.0556	0.374799	0.323845
33.4473	6.2015	0.488263	0.319655
36.3664	4.37335	0.381595	0.29784
38.0788	5.91038	0.434502	0.286501
35.7008	5.91038	0.377749	0.308687
19.7476	2.78306	0.47348	0.296904
17.2597	1.96546	0.416856	0.30893
19.1515	1.10996	0.434735	0.292862
18.1801	4.37335	0.443806	0.297113
16.6772	5.91038	0.409451	0.285258
15.4167	3.0556	0.456438	0.338421
19.7476	2.78306	0.47348	0.296904
18.1801	4.37335	0.443806	0.297113
17.2597	1.96546	0.416856	0.30893
19.0551	5.91038	0.386989	0.335939
16.6772	5.91038	0.409451	0.285258
18.1801	4.37335	0.443806	0.297113
21.913	2.6468	0.387698	0.340702
22.7267	4.37335	0.465131	0.292954
20.4534	4.37335	0.455446	0.291111
20.0967	7.6571	0.40774	0.312887
18.75	9.60269	0.484536	0.288417
17.645	7.6571	0.385398	0.31933
14.9215	7.36598	0.485144	0.30911
13.6336	4.37335	0.492761	0.295923
16.6772	5.91038	0.409451	0.285258
32.355	7.6571	0.48555	0.296525
33.75	9.60269	0.513592	0.281243
31.25	9.60269	0.487266	0.310937
38.0788	5.91038	0.434502	0.286501
37.3284	7.80676	0.398951	0.332838
35.7008	5.91038	0.377749	0.308687
38.75	9.60269	0.464821	0.320091
41.25	9.60269	0.460955	0.335034
40.1627	11.7351	3.96974	0.273449
36.25	9.60269	0.480286	0.297799
38.75	9.60269	0.464821	0.320091
37.4683	11.4071	4.1656	0.286063
39.7099	7.6571	0.463383	0.300252
41.25	9.60269	0.460955	0.335034
38.75	9.60269	0.464821	0.320091
15.4167	3.0556	0.456438	0.338421
17.2597	1.96546	0.416856	0.30893
18.1801	4.37335	0.443806	0.297113
44.0204	14.0413	4.00031	0.299869
41.2166	14.2175	3.89053	0.279911
42.6898	11.7351	4.08821	0.310035
14.9215	7.36598	0.485144	0.30911
12.6058	7.51154	0.3982	0.292373
13.6336	4.37335	0.492761	0.295923
15.1767	12.2293	4.03142	0.314248
12.5545	12.0646	4.11998	0.284486
13.513	9.30337	0.524945	0.317096
16.5822	10.0948	4.10724	0.278451
17.7988	12.3941	4.07647	0.308858
15.1767	12.2293	4.03142	0.314248
14.1312	14.0413	3.96849	0.293004
12.5545	12.0646	4.11998	0.284486
15.1767	12.2293	4.03142	0.314248
15.9817	15.8026	4.17467	0.290492
14.7591	18.4213	4.16765	0.28714
13.1778	15.9788	3.93521	0.306901
16.5822	10.0948	4.10724	0.278451
18.75	9.60269	0.484536	0.288417
17.7988	12.3941	4.07647	0.308858
22.0108	14.5924	4.066	0.307265
24.3933	15.2742	3.86123	0.283213
20.9532	16.5071	3.95346	0.285767
11.4404	21.3083	3.90443	0.300257
12.2064	19.1174	4.05587	0.27664
14.6026	21.856	4.18932	0.287218
8.66123	21.856	3.93371	0.295276
11.4404	21.3083	3.90443	0.300257
10.9756	24.1362	4.14443	0.308835
8.66123	21.856	3.93371	0.295276
9.3634	19.1174	3.80899	0.299885
11.4404	21.3083	3.90443	0.300257
6.52038	19.1174	4.2434	0.310334
7.464	16.5071	4.17888	0.313167
9.3634	19.1174	3.80899	0.299885
3.67737	19.1174	4.16576	0.308846
6.52038	19.1174	4.2434	0.310334
5.62671	21.6734	3.91623	0.285331
3.67737	19.1174	4.16576	0.308846
4.76616	16.5071	3.91123	0.300429
6.52038	19.1174	4.2434	0.310334
10.1618	16.5071	4.05194	0.278912
12.2064	19.1174	4.05587	0.27664
9.3634	19.1174	3.80899	0.299885
5.97957	14.0413	4.2555	0.285425
8.69678	14.0413	4.29756	0.304007
7.464	16.5071	4.17888	0.313167
11.414	14.0413	4.21573	0.304565
13.1778	15.9788	3.93521	0.306901
10.1618	16.5071	4.05194	0.278912
15.1767	12.2293	4.03142	0.314248
16.8484	14.0413	4.15844	0.310512
14.1312	14.0413	3.96849	0.293004
6.52038	19.1174	4.2434	0.310334
9.3634	19.1174	3.80899	0.299885
8.66123	21.856	3.93371	0.295276
14.7591	18.4213	4.16765	0.28714
12.2064	19.1174	4.05587	0.27664
13.1778	15.9788	3.93521	0.306901
14.7591	18.4213	4.16765	0.28714
14.6026	21.856	4.18932	0.287218
12.2064	19.1174	4.05587	0.27664
12.6058	7.51154	0.3982	0.292373
11.9212	5.91038	0.395207	0.290449
13.6336	4.37335	0.492761	0.295923
11.25	9.60269	0.476945	0.310961
12.6058	7.51154	0.3982	0.292373
13.513	9.30337	0.524945	0.317096
10.2901	7.6571	0.405409	0.299102
11.9212	5.91038	0.395207	0.290449
12.6058	7.51154	0.3982	0.292373
41.2166	14.2175	3.89053	0.279911
40.1627	11.7351	3.96974	0.273449
42.6898	11.7351	4.08821	0.310035
35.1085	11.7351	3.90553	0.290736
37.4683	11.4071	4.1656	0.286063
35.6088	14.5697	4.02738	0.308685
33.1516	14.0413	3.81921	0.267755
35.1085	11.7351	3.90553	0.290736
35.6088	14.5697	4.02738	0.308685
32.5813	11.7351	4.1977	0.284394
33.75	9.60269	0.513592	0.281243
35.1085	11.7351	3.90553	0.290736
37.3284	7.80676	0.398951	0.332838
39.7099	7.6571	0.463383	0.300252
38.75	9.60269	0.464821	0.320091
36.25	9.60269	0.480286	0.297799
37.3284	7.80676	0.398951	0.332838
38.75	9.60269	0.464821	0.320091
35.1085	11.7351	3.90553	0.290736
36.25	9.60269	0.480286	0.297799
37.4683	11.4071	4.1656	0.286063
34.9468	7.95642	0.49424	0.318324
37.3284	7.80676	0.398951	0.332838
36.25	9.60269	0.480286	0.297799
34.9468	7.95642	0.49424	0.318324
35.7008	5.91038	0.377749	0.308687
37.3284	7.80676	0.398951	0.332838
42.536	16.5071	4.07461	0.271601
44.0204	14.0413	4.00031	0.299869
45.2338	16.5071	3.89703	0.284358
38.4127	14.3936	4.12667	0.268112
41.2166	14.2175	3.89053	0.279911
39.693	16.8552	4.17887	0.288015
38.4127	14.3936	4.12667	0.268112
37.4683	11.4071	4.1656	0.286063
40.1627	11.7351	3.96974	0.273449
10.2901	7.6571	0.405409	0.299102
12.6058	7.51154	0.3982	0.292373
11.25	9.60269	0.476945	0.310961
28.2875	13.053	3.84871	0.303069
30.001	14.922	3.99843	0.270753
26.3489	16.5071	3.87424	0.270993
35.1085	11.7351	3.90553	0.290736
33.1516	14.0413	3.81921	0.267755
32.5813	11.7351	4.1977	0.284394
30.001	14.922	3.99843	0.270753
28.6113	17.5512	4.13521	0.284707
26.3489	16.5071	3.87424	0.270993
30.9096	13.2177	4.04297	0.294124
30.001	14.922	3.99843	0.270753
28.2875	13.053	3.84871	0.303069
29.636	10.915	4.132	0.296231
30.9096	13.2177	4.04297	0.294124
28.2875	13.053	3.84871	0.303069
32.5813	11.7351	4.1977	0.284394
33.1516	14.0413	3.81921	0.267755
30.9096	13.2177	4.04297	0.294124
31.7446	16.5071	4.28367	0.311165
28.6113	17.5512	4.13521	0.284707
30.001	14.922	3.99843	0.270753
34.4425	16.5071	3.96561	0.315046
31.7446	16.5071	4.28367	0.311165
33.1516	14.0413	3.81921	0.267755
34.4425	16.5071	3.96561	0.315046
34.9506	19.1174	4.14531	0.293316
32.1075	19.1174	4.21593	0.312808
37.1403	16.5071	4.17541	0.282834
34.4425	16.5071	3.96561	0.315046
35.6088	14.5697	4.02738	0.308685
37.1403	16.5071	4.17541	0.282834
37.7936	19.1174	4.09604	0.300494
34.9506	19.1174	4.14531	0.293316
11.414	14.0413	4.21573	0.304565
14.1312	14.0413	3.96849	0.293004
13.1778	15.9788	3.93521	0.306901
8.69678	14.0413	4.29756	0.304007
9.93237	11.8999	3.99658	0.27875
11.414	14.0413	4.21573	0.304565
11.25	9.60269	0.476945	0.310961
13.513	9.30337	0.524945	0.317096
12.5545	12.0646	4.11998	0.284486
10.2901	7.6571	0.405409	0.299102
11.25	9.60269	0.476945	0.310961
8.74996	9.60269	0.4114	0.300251
13.513	9.30337	0.524945	0.317096
16.5822	10.0948	4.10724	0.278451
15.1767	12.2293	4.03142	0.314248
9.93237	11.8999	3.99658	0.27875
11.25	9.60269	0.476945	0.310961
12.5545	12.0646	4.11998	0.284486
11.414	14.0413	4.21573	0.304565
9.93237	11.8999	3.99658	0.27875
12.5545	12.0646	4.11998	0.284486
8.69678	14.0413	4.29756	0.304007
7.31021	11.7351	3.95665	0.269642
9.93237	11.8999	3.99658	0.27875
37.4683	11.4071	4.1656	0.286063
38.4127	14.3936	4.12667	0.268112
35.6088	14.5697	4.02738	0.308685
42.536	16.5071	4.07461	0.271601
43.4158	19.3	4.1405	0.272444
40.5089	19.4825	4.16208	0.279619
44.0204	14.0413	4.00031	0.299869
42.536	16.5071	4.07461	0.271601
41.2166	14.2175	3.89053	0.279911
45.2338	16.5071	3.89703	0.284358
43.4158	19.3	4.1405	0.272444
42.536	16.5071	4.07461	0.271601
40.5089	19.4825	4.16208	0.279619
41.2294	22.236	4.08435	0.293886
38.204	22.4261	4.25018	0.296948
42.536	16.5071	4.07461	0.271601
40.5089	19.4825	4.16208	0.279619
39.693	16.8552	4.17887	0.288015
43.4158	19.3	4.1405	0.272444
41.2294	22.236	4.08435	0.293886
40.5089	19.4825	4.16208	0.279619
47.2801	21.856	4.18499	0.270663
44.3095	21.856	4.2069	0.297067
46.3226	19.1174	3.98121	0.280898
38.4127	14.3936	4.12667	0.268112
37.1403	16.5071	4.17541	0.282834
35.6088	14.5697	4.02738	0.308685
40.1627	11.7351	3.96974	0.273449
41.2166	14.2175	3.89053	0.279911
38.4127	14.3936	4.12667	0.268112
38.75	9.60269	0.464821	0.320091
40.1627	11.7351	3.96974	0.273449
37.4683	11.4071	4.1656	0.286063
41.25	9.60269	0.460955	0.335034
42.6898	11.7351	4.08821	0.310035
40.1627	11.7351	3.96974	0.273449
39.693	16.8552	4.17887	0.288015
37.1403	16.5071	4.17541	0.282834
38.4127	14.3936	4.12667	0.268112
40.5089	19.4825	4.16208	0.279619
37.7936	19.1174	4.09604	0.300494
39.693	16.8552	4.17887	0.288015
28.8815	20.2128	4.08496	0.269537
29.1279	22.9961	4.31648	0.284148
26.1025	23.1861	4.23382	0.309663
32.1075	19.1174	4.21593	0.312808
34.9506	19.1174	4.14531	0.293316
32.4267	21.856	3.94579	0.312392
28.8815	20.2128	4.08496	0.269537
32.1075	19.1174	4.21593	0.312808
32.4267	21.856	3.94579	0.312392
31.7446	16.5071	4.28367	0.311165
34.4425	16.5071	3.96561	0.315046
32.1075	19.1174	4.21593	0.312808
28.6113	17.5512	4.13521	0.284707
31.7446	16.5071	4.28367	0.311165
32.1075	19.1174	4.21593	0.312808
11.414	14.0413	4.21573	0.304565
12.5545	12.0646	4.11998	0.284486
14.1312	14.0413	3.96849	0.293004
12.2064	19.1174	4.05587	0.27664
10.1618	16.5071	4.05194	0.278912
13.1778	15.9788	3.93521	0.306901
9.93237	11.8999	3.99658	0.27875
8.74996	9.60269	0.4114	0.300251
11.25	9.60269	0.476945	0.310961
43.4158	19.3	4.1405	0.272444
45.2338	16.5071	3.89703	0.284358
46.3226	19.1174	3.98121	0.280898
33.1516	14.0413	3.81921	0.267755
35.6088	14.5697	4.02738	0.308685
34.4425	16.5071	3.96561	0.315046
36.25	9.60269	0.480286	0.297799
33.75	9.60269	0.513592	0.281243
34.9468	7.95642	0.49424	0.318324
21.9134	33.7485	4.12085	0.30698
18.9132	34.917	3.95986	0.301725
18.6835	32.5943	4.15954	0.273177
25	30.6708	4.00183	0.312436
21.9134	33.7485	4.12085	0.30698
21.9612	30.6708	4.29919	0.286633
21.8846	36.8646	4.28801	0.277817
18.9132	34.917	3.95986	0.301725
21.9134	33.7485	4.12085	0.30698
25	40	4.01013	0.289025
21.8846	36.8646	4.28801	0.277817
25.1151	35.3065	4.07562	0.306999
21.9134	33.7485	4.12085	0.30698
18.6835	32.5943	4.15954	0.273177
21.9612	30.6708	4.29919	0.286633
18.7212	38.8242	4.07063	0.293499
18.9132	34.917	3.95986	0.301725
21.8846	36.8646	4.28801	0.277817
17.2667	36.7732	4.22953	0.307284
15.8122	34.7222	4.21853	0.309817
18.9132	34.917	3.95986	0.301725
18.7212	38.8242	4.07063	0.293499
17.2667	36.7732	4.22953	0.307284
18.9132	34.917	3.95986	0.301725
18.7212	38.8242	4.07063	0.293499
15.601	39.0202	4.17913	0.283069
17.2667	36.7732	4.22953	0.307284
18.7981	41.9596	4.28259	2.3976
18.7212	38.8242	4.07063	0.293499
21.9014	39.3141	3.88432	0.324589
15.601	39.0202	4.17913	0.283069
15.8122	34.7222	4.21853	0.309817
17.2667	36.7732	4.22953	0.307284
14.001	23.9462	4.22298	0.309967
14.6026	21.856	4.18932	0.287218
17.2998	24.7062	4.12349	0.268855
13.1107	27.6505	3.80742	0.274125
12.8447	30.6708	3.942	0.301878
10.1383	27.6505	4.11161	0.269779
15.2052	26.1784	4.21145	0.299587
15.7173	29.727	3.79488	0.277482
13.1107	27.6505	3.80742	0.274125
20.3799	24.7062	3.81867	0.267915
18.0114	27.1222	4.04207	0.287861
17.2998	24.7062	4.12349	0.268855
18.7229	29.5382	3.97968	0.299628
15.7173	29.727	3.79488	0.277482
18.0114	27.1222	4.04207	0.287861
18.7229	29.5382	3.97968	0.299628
18.6835	32.5943	4.15954	0.273177
15.7173	29.727	3.79488	0.277482
10.9756	24.1362	4.14443	0.308835
8.05963	24.7062	3.89848	0.280033
8.66123	21.856	3.93371	0.295276
10.1383	27.6505	4.11161	0.269779
8.05963	24.7062	3.89848	0.280033
10.9756	24.1362	4.14443	0.308835
10.1383	27.6505	4.11161	0.269779
9.80591	30.6708	4.29997	0.300095
7.16598	27.6505	4.23417	0.296739
6.70061	30.2933	3.95723	0.304275
7.16598	27.6505	4.23417	0.296739
9.80591	30.6708	4.29997	0.300095
4.97956	24.7062	3.95151	0.288675
5.62671	21.6734	3.91623	0.285331
8.05963	24.7062	3.89848	0.280033
3.67737	19.1174	4.16576	0.308846
5.62671	21.6734	3.91623	0.285331
2.71986	21.856	3.97124	0.308654
6.52038	19.1174	4.2434	0.310334
4.76616	16.5071	3.91123	0.300429
7.464	16.5071	4.17888	0.313167
25	30.6708	4.00183	0.312436
28.0388	30.6708	4.20795	0.29971
28.0866	33.7485	4.30429	0.303488
47.2801	21.856	4.18499	0.270663
48.1005	24.7062	3.90303	0.269106
45.0204	24.7062	4.21818	0.267281
26.4215	19.1174	4.1897	0.270373
26.3489	16.5071	3.87424	0.270993
28.6113	17.5512	4.13521	0.284707
18.0114	27.1222	4.04207	0.287861
22.0277	27.6505	4.20164	0.277078
18.7229	29.5382	3.97968	0.299628
17.2541	20.9431	4.25515	0.295346
20.544	21.856	4.08444	0.301018
17.2998	24.7062	4.12349	0.268855
23.0771	23.3761	4.21413	0.26989
26.1025	23.1861	4.23382	0.309663
25.3391	26.1784	3.91373	0.273123
17.2998	24.7062	4.12349	0.268855
20.544	21.856	4.08444	0.301018
20.3799	24.7062	3.81867	0.267915
24.8405	21.1517	4.26791	0.267563
26.1025	23.1861	4.23382	0.309663
23.0771	23.3761	4.21413	0.26989
20.544	21.856	4.08444	0.301018
24.8405	21.1517	4.26791	0.267563
23.0771	23.3761	4.21413	0.26989
23.5785	19.1174	4.29452	0.289483
26.4215	19.1174	4.1897	0.270373
24.8405	21.1517	4.26791	0.267563
31.199	26.5464	4.18822	0.28612
30.7452	28.7831	4.02289	0.265709
28.269	26.3624	4.22208	0.271709
29.1279	22.9961	4.31648	0.284148
31.199	26.5464	4.18822	0.28612
28.269	26.3624	4.22208	0.271709
32.7002	24.7062	3.97681	0.267568
33.7508	28.5944	3.94839	0.296518
31.199	26.5464	4.18822	0.28612
20.544	21.856	4.08444	0.301018
23.0771	23.3761	4.21413	0.26989
20.3799	24.7062	3.81867	0.267915
20.7355	19.1174	4.15944	0.288498
20.544	21.856	4.08444	0.301018
17.2541	20.9431	4.25515	0.295346
17.7548	18.7251	3.79047	0.277942
18.2554	16.5071	3.98493	0.300579
20.7355	19.1174	4.15944	0.288498
14.7591	18.4213	4.16765	0.28714
17.7548	18.7251	3.79047	0.277942
17.2541	20.9431	4.25515	0.295346
14.7591	18.4213	4.16765	0.28714
15.9817	15.8026	4.17467	0.290492
17.7548	18.7251	3.79047	0.277942
20.9532	16.5071	3.95346	0.285767
23.5785	19.1174	4.29452	0.289483
20.7355	19.1174	4.15944	0.288498
23.5785	19.1174	4.29452	0.289483
24.8405	21.1517	4.26791	0.267563
20.544	21.856	4.08444	0.301018
26.689	28.4246	4.05414	0.279139
22.0277	27.6505	4.20164	0.277078
25.3391	26.1784	3.91373	0.273123
21.9612	30.6708	4.29919	0.286633
18.6835	32.5943	4.15954	0.273177
18.7229	29.5382	3.97968	0.299628
20.7355	19.1174	4.15944	0.288498
23.5785	19.1174	4.29452	0.289483
20.544	21.856	4.08444	0.301018
16.8484	14.0413	4.15844	0.310512
19.5656	14.0413	4.15888	0.286502
18.2554	16.5071	3.98493	0.300579
16.8484	14.0413	4.15844	0.310512
17.7988	12.3941	4.07647	0.308858
19.5656	14.0413	4.15888	0.286502
14.1312	14.0413	3.96849	0.293004
16.8484	14.0413	4.15844	0.310512
15.9817	15.8026	4.17467	0.290492
15.1767	12.2293	4.03142	0.314248
17.7988	12.3941	4.07647	0.308858
16.8484	14.0413	4.15844	0.310512
18.75	9.60269	0.484536	0.288417
21.25	9.60269	0.420764	0.327335
19.9458	11.7351	3.78647	0.30125
24.3933	15.2742	3.86123	0.283213
23.5785	19.1174	4.29452	0.289483
20.9532	16.5071	3.95346	0.285767
4.97956	24.7062	3.95151	0.288675
4.19365	27.6505	4.24406	0.276508
1.8995	24.7062	4.11707	0.273681
8.74996	9.60269	0.4114	0.300251
9.93237	11.8999	3.99658	0.27875
7.31021	11.7351	3.95665	0.269642
46.8029	37.0605	3.83517	0.283688
43.6827	37.2565	4.10715	0.315518
46.6062	33.7485	3.88637	0.293369
41.9404	24.7062	3.95235	0.296321
45.0204	24.7062	4.21818	0.267281
42.7675	28.0281	4.25573	0.285522
38.8603	24.7062	3.91265	0.289864
41.9404	24.7062	3.95235	0.296321
39.9888	27.0985	3.92079	0.316613
41.2294	22.236	4.08435	0.293886
44.3095	21.856	4.2069	0.297067
41.9404	24.7062	3.95235	0.296321
48.7787	27.6505	3.91952	0.282427
49.3105	30.6708	4.12841	0.300769
46.2478	30.8632	4.23438	0.309789
26.1025	23.1861	4.23382	0.309663
24.8405	21.1517	4.26791	0.267563
28.8815	20.2128	4.08496	0.269537
28.269	26.3624	4.22208	0.271709
26.1025	23.1861	4.23382	0.309663
29.1279	22.9961	4.31648	0.284148
23.0771	23.3761	4.21413	0.26989
22.0277	27.6505	4.20164	0.277078
20.3799	24.7062	3.81867	0.267915
12.8447	30.6708	3.942	0.301878
12.7112	34.5275	3.97846	0.274905
9.49534	33.1714	4.09748	0.314969
10.1383	27.6505	4.11161	0.269779
12.8447	30.6708	3.942	0.301878
9.80591	30.6708	4.29997	0.300095
14.3285	32.6965	4.25713	0.302362
18.6835	32.5943	4.15954	0.273177
15.8122	34.7222	4.21853	0.309817
25.1151	35.3065	4.07562	0.306999
21.8846	36.8646	4.28801	0.277817
21.9134	33.7485	4.12085	0.30698
14.3285	32.6965	4.25713	0.302362
12.7112	34.5275	3.97846	0.274905
12.8447	30.6708	3.942	0.301878
18.9132	34.917	3.95986	0.301725
15.8122	34.7222	4.21853	0.309817
18.6835	32.5943	4.15954	0.273177
15.601	39.0202	4.17913	0.283069
12.5385	36.8646	3.98406	0.309638
15.8122	34.7222	4.21853	0.309817
23.5785	19.1174	4.29452	0.289483
24.3933	15.2742	3.86123	0.283213
26.3489	16.5071	3.87424	0.270993
28.8815	20.2128	4.08496	0.269537
24.8405	21.1517	4.26791	0.267563
26.4215	19.1174	4.1897	0.270373
18.2554	16.5071	3.98493	0.300579
17.7548	18.7251	3.79047	0.277942
15.9817	15.8026	4.17467	0.290492
14.6026	21.856	4.18932	0.287218
17.2541	20.9431	4.25515	0.295346
17.2998	24.7062	4.12349	0.268855
15.9817	15.8026	4.17467	0.290492
13.1778	15.9788	3.93521	0.306901
14.1312	14.0413	3.96849	0.293004
14.6026	21.856	4.18932	0.287218
14.7591	18.4213	4.16765	0.28714
17.2541	20.9431	4.25515	0.295346
11.4404	21.3083	3.90443	0.300257
14.001	23.9462	4.22298	0.309967
10.9756	24.1362	4.14443	0.308835
30.001	14.922	3.99843	0.270753
30.9096	13.2177	4.04297	0.294124
33.1516	14.0413	3.81921	0.267755
31.7446	16.5071	4.28367	0.311165
30.001	14.922	3.99843	0.270753
33.1516	14.0413	3.81921	0.267755
25.6653	12.8882	4.15611	0.293121
27.0253	10.7509	3.9397	0.270466
28.2875	13.053	3.84871	0.303069
25.6653	12.8882	4.15611	0.293121
28.2875	13.053	3.84871	0.303069
26.3489	16.5071	3.87424	0.270993
33.75	9.60269	0.513592	0.281243
36.25	9.60269	0.480286	0.297799
35.1085	11.7351	3.90553	0.290736
39.693	16.8552	4.17887	0.288015
41.2166	14.2175	3.89053	0.279911
42.536	16.5071	4.07461	0.271601
28.8815	20.2128	4.08496	0.269537
26.4215	19.1174	4.1897	0.270373
28.6113	17.5512	4.13521	0.284707
40.625	40	3.99904	0.278955
43.75	40	4.24285	0.311259
43.6923	43.1354	4.16399	2.656
34.399	40.9798	4.33867	2.55779
37.5	40	4.20723	0.287929
37.5191	43.9145	4.36711	2.45055
40.5769	36.8646	3.97153	0.308253
43.6827	37.2565	4.10715	0.315518
40.625	40	3.99904	0.278955
37.3464	33.7485	3.89447	0.283004
33.997	31.6326	3.99842	0.269985
37.1553	30.6708	3.84049	0.312453
40.625	40	3.99904	0.278955
37.5	40	4.20723	0.287929
40.5769	36.8646	3.97153	0.308253
37.4615	36.8646	4.1554	0.306947
34.1596	34.7385	3.95179	0.270131
37.3464	33.7485	3.89447	0.283004
46.2478	30.8632	4.23438	0.309789
45.7731	27.8393	4.07294	0.315638
48.7787	27.6505	3.91952	0.282427
49.6928	33.7485	4.14154	0.297309
46.6062	33.7485	3.88637	0.293369
49.3105	30.6708	4.12841	0.300769
40.1941	30.6708	3.96876	0.306211
37.1553	30.6708	3.84049	0.312453
36.8893	27.6505	4.13175	0.313385
43.2329	30.6708	4.27837	0.286682
40.1941	30.6708	3.96876	0.306211
42.7675	28.0281	4.25573	0.285522
40.433	33.7485	4.26099	0.286861
37.3464	33.7485	3.89447	0.283004
40.1941	30.6708	3.96876	0.306211
31.3171	35.696	4.15733	0.313376
31.2019	38.0404	4.16224	0.289224
28.1154	36.8646	4.2994	0.303396
33.997	31.6326	3.99842	0.269985
34.1596	34.7385	3.95179	0.270131
30.9343	31.8249	3.99625	0.273641
34.3221	37.8444	3.94479	0.287337
31.2019	38.0404	4.16224	0.289224
31.3171	35.696	4.15733	0.313376
37.5	40	4.20723	0.287929
34.3221	37.8444	3.94479	0.287337
37.4615	36.8646	4.1554	0.306947
34.399	40.9798	4.33867	2.55779
31.2019	38.0404	4.16224	0.289224
34.3221	37.8444	3.94479	0.287337
40.1941	30.6708	3.96876	0.306211
39.9888	27.0985	3.92079	0.316613
42.7675	28.0281	4.25573	0.285522
7.16598	27.6505	4.23417	0.296739
8.05963	24.7062	3.89848	0.280033
10.1383	27.6505	4.11161	0.269779
3.69504	30.482	4.16221	0.265901
4.19365	27.6505	4.24406	0.276508
6.70061	30.2933	3.95723	0.304275
4.97956	24.7062	3.95151	0.288675
8.05963	24.7062	3.89848	0.280033
7.16598	27.6505	4.23417	0.296739
2.71986	21.856	3.97124	0.308654
4.97956	24.7062	3.95151	0.288675
1.8995	24.7062	4.11707	0.273681
14.001	23.9462	4.22298	0.309967
11.4404	21.3083	3.90443	0.300257
14.6026	21.856	4.18932	0.287218
13.1107	27.6505	3.80742	0.274125
10.9756	24.1362	4.14443	0.308835
14.001	23.9462	4.22298	0.309967
8.66123	21.856	3.93371	0.295276
5.62671	21.6734	3.91623	0.285331
6.52038	19.1174	4.2434	0.310334
12.2064	19.1174	4.05587	0.27664
11.4404	21.3083	3.90443	0.300257
9.3634	19.1174	3.80899	0.299885
8.05963	24.7062	3.89848	0.280033
5.62671	21.6734	3.91623	0.285331
8.66123	21.856	3.93371	0.295276
44.3095	21.856	4.2069	0.297067
41.2294	22.236	4.08435	0.293886
43.4158	19.3	4.1405	0.272444
45.7731	27.8393	4.07294	0.315638
45.0204	24.7062	4.21818	0.267281
48.1005	24.7062	3.90303	0.269106
38.8603	24.7062	3.91265	0.289864
36.8893	27.6505	4.13175	0.313385
35.7802	24.7062	4.14983	0.269089
45.7731	27.8393	4.07294	0.315638
42.7675	28.0281	4.25573	0.285522
45.0204	24.7062	4.21818	0.267281
43.2329	30.6708	4.27837	0.286682
46.2478	30.8632	4.23438	0.309789
43.5196	33.7485	4.26032	0.272035
40.433	33.7485	4.26099	0.286861
43.2329	30.6708	4.27837	0.286682
43.5196	33.7485	4.26032	0.272035
42.7675	28.0281	4.25573	0.285522
45.7731	27.8393	4.07294	0.315638
43.2329	30.6708	4.27837	0.286682
41.9404	24.7062	3.95235	0.296321
42.7675	28.0281	4.25573	0.285522
39.9888	27.0985	3.92079	0.316613
45.7731	27.8393	4.07294	0.315638
46.2478	30.8632	4.23438	0.309789
43.2329	30.6708	4.27837	0.286682
8.69678	14.0413	4.29756	0.304007
5.97957	14.0413	4.2555	0.285425
7.31021	11.7351	3.95665	0.269642
10.1618	16.5071	4.05194	0.278912
8.69678	14.0413	4.29756	0.304007
11.414	14.0413	4.21573	0.304565
7.464	16.5071	4.17888	0.313167
4.76616	16.5071	3.91123	0.300429
5.97957	14.0413	4.2555	0.285425
10.1618	16.5071	4.05194	0.278912
7.464	16.5071	4.17888	0.313167
8.69678	14.0413	4.29756	0.304007
10.1618	16.5071	4.05194	0.278912
9.3634	19.1174	3.80899	0.299885
7.464	16.5071	4.17888	0.313167
9.42308	36.8646	3.90373	0.278944
9.49534	33.1714	4.09748	0.314969
12.7112	34.5275	3.97846	0.274905
12.5	40	3.96647	0.325207
9.36058	39.4121	3.85583	0.278312
12.5385	36.8646	3.98406	0.309638
9.36058	39.4121	3.85583	0.278312
6.30769	36.8646	4.17135	0.311615
9.42308	36.8646	3.90373	0.278944
3.19231	36.8646	3.94352	0.290068
3.40821	33.9432	3.81803	0.290069
6.30769	36.8646	4.17135	0.311615
0.076922	36.8646	4.1497	0.323632
3.19231	36.8646	3.94352	0.290068
3.125	40	3.94815	0.332372
0.076922	36.8646	4.1497	0.323632
0.307214	33.7485	4.24401	0.288297
3.19231	36.8646	3.94352	0.290068
6.70061	30.2933	3.95723	0.304275
9.80591	30.6708	4.29997	0.300095
9.49534	33.1714	4.09748	0.314969
2.71986	21.856	3.97124	0.308654
5.62671	21.6734	3.91623	0.285331
4.97956	24.7062	3.95151	0.288675
18.0114	27.1222	4.04207	0.287861
15.7173	29.727	3.79488	0.277482
15.2052	26.1784	4.21145	0.299587
43.5196	33.7485	4.26032	0.272035
40.5769	36.8646	3.97153	0.308253
40.433	33.7485	4.26099	0.286861
49.9231	36.8646	4.05707	0.272677
46.8029	37.0605	3.83517	0.283688
49.6928	33.7485	4.14154	0.297309
43.75	40	4.24285	0.311259
40.625	40	3.99904	0.278955
43.6827	37.2565	4.10715	0.315518
13.1107	27.6505	3.80742	0.274125
15.7173	29.727	3.79488	0.277482
12.8447	30.6708	3.942	0.301878
10.9756	24.1362	4.14443	0.308835
13.1107	27.6505	3.80742	0.274125
10.1383	27.6505	4.11161	0.269779
15.2052	26.1784	4.21145	0.299587
17.2998	24.7062	4.12349	0.268855
18.0114	27.1222	4.04207	0.287861
14.001	23.9462	4.22298	0.309967
15.2052	26.1784	4.21145	0.299587
13.1107	27.6505	3.80742	0.274125
14.001	23.9462	4.22298	0.309967
17.2998	24.7062	4.12349	0.268855
15.2052	26.1784	4.21145	0.299587
46.6062	33.7485	3.88637	0.293369
43.6827	37.2565	4.10715	0.315518
43.5196	33.7485	4.26032	0.272035
50	40	3.85028	0.326592
46.8029	37.0605	3.83517	0.283688
49.9231	36.8646	4.05707	0.272677
46.8798	40.196	4.02644	2.3062
43.75	40	4.24285	0.311259
46.8029	37.0605	3.83517	0.283688
21.9014	39.3141	3.88432	0.324589
21.9183	41.7637	4.35378	2.84725
18.7981	41.9596	4.28259	2.3976
25	40	4.01013	0.289025
21.9014	39.3141	3.88432	0.324589
21.8846	36.8646	4.28801	0.277817
25	40	4.01013	0.289025
21.9183	41.7637	4.35378	2.84725
21.9014	39.3141	3.88432	0.324589
22.0142	44.8882	4.11042	2.22842
18.7981	41.9596	4.28259	2.3976
21.9183	41.7637	4.35378	2.84725
3.69504	30.482	4.16221	0.265901
3.40821	33.9432	3.81803	0.290069
0.68946	30.6708	4.18764	0.272367
1.22131	27.6505	4.03625	0.2708
3.69504	30.482	4.16221	0.265901
0.68946	30.6708	4.18764	0.272367
6.70061	30.2933	3.95723	0.304275
6.43263	33.3637	3.91789	0.279534
3.69504	30.482	4.16221	0.265901
43.5196	33.7485	4.26032	0.272035
43.6827	37.2565	4.10715	0.315518
40.5769	36.8646	3.97153	0.308253
40.1941	30.6708	3.96876	0.306211
43.2329	30.6708	4.27837	0.286682
40.433	33.7485	4.26099	0.286861
46.6062	33.7485	3.88637	0.293369
49.6928	33.7485	4.14154	0.297309
46.8029	37.0605	3.83517	0.283688
46.2478	30.8632	4.23438	0.309789
46.6062	33.7485	3.88637	0.293369
43.5196	33.7485	4.26032	0.272035
46.2478	30.8632	4.23438	0.309789
49.3105	30.6708	4.12841	0.300769
46.6062	33.7485	3.88637	0.293369
46.8798	40.196	4.02644	2.3062
46.8029	37.0605	3.83517	0.283688
50	40	3.85028	0.326592
9.4375	42.5475	4.4188	2.90231
6.24038	39.6081	4.23054	0.278877
9.36058	39.4121	3.85583	0.278312
9.49534	33.1714	4.09748	0.314969
9.80591	30.6708	4.29997	0.300095
12.8447	30.6708	3.942	0.301878
12.5385	36.8646	3.98406	0.309638
9.42308	36.8646	3.90373	0.278944
12.7112	34.5275	3.97846	0.274905
6.43263	33.3637	3.91789	0.279534
6.70061	30.2933	3.95723	0.304275
9.49534	33.1714	4.09748	0.314969
4.19365	27.6505	4.24406	0.276508
4.97956	24.7062	3.95151	0.288675
7.16598	27.6505	4.23417	0.296739
1.22131	27.6505	4.03625	0.2708
4.19365	27.6505	4.24406	0.276508
3.69504	30.482	4.16221	0.265901
1.22131	27.6505	4.03625	0.2708
1.8995	24.7062	4.11707	0.273681
4.19365	27.6505	4.24406	0.276508
6.70061	30.2933	3.95723	0.304275
4.19365	27.6505	4.24406	0.276508
7.16598	27.6505	4.23417	0.296739
18.7229	29.5382	3.97968	0.299628
22.0277	27.6505	4.20164	0.277078
21.9612	30.6708	4.29919	0.286633
14.3285	32.6965	4.25713	0.302362
12.8447	30.6708	3.942	0.301878
15.7173	29.727	3.79488	0.277482
18.6835	32.5943	4.15954	0.273177
14.3285	32.6965	4.25713	0.302362
15.7173	29.727	3.79488	0.277482
15.8122	34.7222	4.21853	0.309817
12.7112	34.5275	3.97846	0.274905
14.3285	32.6965	4.25713	0.302362
18.0114	27.1222	4.04207	0.287861
20.3799	24.7062	3.81867	0.267915
22.0277	27.6505	4.20164	0.277078
3.40821	33.9432	3.81803	0.290069
3.69504	30.482	4.16221	0.265901
6.43263	33.3637	3.91789	0.279534
46.8077	43.1354	4.38748	2.86152
43.6923	43.1354	4.16399	2.656
46.8798	40.196	4.02644	2.3062
49.9231	43.1354	4.1176	2.69995
46.8077	43.1354	4.38748	2.86152
46.8798	40.196	4.02644	2.3062
46.2717	49.3292	4.20889	1.95627
49.3105	49.3292	4.44542	2.6833
48.7787	52.3495	4.31473	1.94002
43.5196	46.2515	4.41607	2.83301
46.2717	49.3292	4.20889	1.95627
43.2329	49.3292	4.32967	2.70913
40.433	46.2515	4.16909	2.59453
43.5196	46.2515	4.41607	2.83301
43.2329	49.3292	4.32967	2.70913
43.6923	43.1354	4.16399	2.656
46.8077	43.1354	4.38748	2.86152
46.6062	46.2515	4.43046	2.64261
46.6062	46.2515	4.43046	2.64261
49.3105	49.3292	4.44542	2.6833
46.2717	49.3292	4.20889	1.95627
6.30769	36.8646	4.17135	0.311615
6.43263	33.3637	3.91789	0.279534
9.42308	36.8646	3.90373	0.278944
3.125	40	3.94815	0.332372
3.19231	36.8646	3.94352	0.290068
6.24038	39.6081	4.23054	0.278877
3.40821	33.9432	3.81803	0.290069
6.43263	33.3637	3.91789	0.279534
6.30769	36.8646	4.17135	0.311615
0.307214	33.7485	4.24401	0.288297
3.40821	33.9432	3.81803	0.290069
3.19231	36.8646	3.94352	0.290068
0.307214	33.7485	4.24401	0.288297
0.68946	30.6708	4.18764	0.272367
3.40821	33.9432	3.81803	0.290069
