25	30.6708	4.93078	0.00128305
28.0866	33.7485	4.91494	0.00125987
25.1151	35.3065	0.254713	0.00132375
22.0277	27.6505	4.97379	0.0012761
25	30.6708	4.93078	0.00128305
21.9612	30.6708	4.92648	0.0012967
26.689	28.4246	4.97226	0.00127521
28.269	26.3624	4.98616	0.00127515
30.7452	28.7831	4.98476	0.00128403
25	30.6708	4.93078	0.00128305
26.689	28.4246	4.97226	0.00127521
28.0388	30.6708	4.96143	0.00127468
25.3391	26.1784	4.98202	0.00126731
28.269	26.3624	4.98616	0.00127515
26.689	28.4246	4.97226	0.00127521
28.0388	30.6708	4.96143	0.00127468
30.9343	31.8249	4.96822	0.00126791
28.0866	33.7485	4.91494	0.00125987
22.0277	27.6505	4.97379	0.0012761
26.689	28.4246	4.97226	0.00127521
25	30.6708	4.93078	0.00128305
30.7452	28.7831	4.98476	0.00128403
30.9343	31.8249	4.96822	0.00126791
28.0388	30.6708	4.96143	0.00127468
26.689	28.4246	4.97226	0.00127521
30.7452	28.7831	4.98476	0.00128403
28.0388	30.6708	4.96143	0.00127468
26.1025	23.1861	4.98171	0.00125197
28.269	26.3624	4.98616	0.00127515
25.3391	26.1784	4.98202	0.00126731
29.1279	22.9961	4.98648	0.00126238
32.7002	24.7062	4.99235	0.00128527
31.199	26.5464	4.99044	0.00128547
33.7508	28.5944	4.9914	0.00129933
30.9343	31.8249	4.96822	0.00126791
30.7452	28.7831	4.98476	0.00128403
31.199	26.5464	4.99044	0.00128547
33.7508	28.5944	4.9914	0.00129933
30.7452	28.7831	4.98476	0.00128403
37.4615	36.8646	4.91368	0.00122237
40.433	33.7485	4.9743	0.00131318
40.5769	36.8646	4.91671	0.00125986
36.8893	27.6505	4.9943	0.00131292
37.1553	30.6708	4.98811	0.00131207
33.7508	28.5944	4.9914	0.00129933
36.8893	27.6505	4.9943	0.00131292
39.9888	27.0985	4.9958	0.0013244
40.1941	30.6708	4.99177	0.00133529
34.9506	19.1174	4.9745	0.00124298
34.4425	16.5071	4.93867	0.00120603
37.1403	16.5071	4.94152	0.00121205
38.204	22.4261	4.99176	0.00128772
35.1786	22.6161	4.99084	0.00128021
36.4861	20.8667	4.98492	0.00126694
32.1075	19.1174	4.97324	0.00123744
28.8815	20.2128	4.97375	0.00123863
28.6113	17.5512	4.94385	0.00121085
38.204	22.4261	4.99176	0.00128772
35.7802	24.7062	4.99409	0.00129655
35.1786	22.6161	4.99084	0.00128021
32.7002	24.7062	4.99235	0.00128527
29.1279	22.9961	4.98648	0.00126238
32.4267	21.856	4.98759	0.00126597
45.7731	27.8393	4.9974	0.00135254
48.1005	24.7062	4.99695	0.00133019
48.7787	27.6505	4.99783	0.00136026
38.8603	24.7062	4.995	0.00130623
41.2294	22.236	4.99284	0.00129566
41.9404	24.7062	4.99581	0.00131513
38.8603	24.7062	4.995	0.00130623
38.204	22.4261	4.99176	0.00128772
41.2294	22.236	4.99284	0.00129566
36.8893	27.6505	4.9943	0.00131292
38.8603	24.7062	4.995	0.00130623
39.9888	27.0985	4.9958	0.0013244
35.7802	24.7062	4.99409	0.00129655
38.204	22.4261	4.99176	0.00128772
38.8603	24.7062	4.995	0.00130623
33.7508	28.5944	4.9914	0.00129933
35.7802	24.7062	4.99409	0.00129655
36.8893	27.6505	4.9943	0.00131292
32.7002	24.7062	4.99235	0.00128527
32.4267	21.856	4.98759	0.00126597
35.1786	22.6161	4.99084	0.00128021
37.7936	19.1174	4.97661	0.00125184
40.5089	19.4825	4.98344	0.00126892
38.204	22.4261	4.99176	0.00128772
35.1786	22.6161	4.99084	0.00128021
32.4267	21.856	4.98759	0.00126597
34.9506	19.1174	4.9745	0.00124298
36.4861	20.8667	4.98492	0.00126694
35.1786	22.6161	4.99084	0.00128021
34.9506	19.1174	4.9745	0.00124298
37.7936	19.1174	4.97661	0.00125184
36.4861	20.8667	4.98492	0.00126694
34.9506	19.1174	4.9745	0.00124298
37.7936	19.1174	4.97661	0.00125184
38.204	22.4261	4.99176	0.00128772
36.4861	20.8667	4.98492	0.00126694
35.7802	24.7062	4.99409	0.00129655
32.7002	24.7062	4.99235	0.00128527
35.1786	22.6161	4.99084	0.00128021
33.7508	28.5944	4.9914	0.00129933
32.7002	24.7062	4.99235	0.00128527
35.7802	24.7062	4.99409	0.00129655
29.1279	22.9961	4.98648	0.00126238
28.8815	20.2128	4.97375	0.00123863
32.4267	21.856	4.98759	0.00126597
37.1403	16.5071	4.94152	0.00121205
39.693	16.8552	4.95833	0.00123217
37.7936	19.1174	4.97661	0.00125184
44.3095	21.856	4.99392	0.00130183
47.2801	21.856	4.9951	0.00130827
45.0204	24.7062	4.99652	0.00132327
41.9404	24.7062	4.99581	0.00131513
44.3095	21.856	4.99392	0.00130183
45.0204	24.7062	4.99652	0.00132327
43.4158	19.3	4.98732	0.00128101
46.3226	19.1174	4.99031	0.00128929
44.3095	21.856	4.99392	0.00130183
28.0866	46.2515	4.90023	0.00236408
31.0776	49.3292	4.8516	0.0036727
28.0388	49.3292	4.91409	0.00410937
25	43.1354	4.91391	0.0018239
28.1154	43.1354	4.85988	0.00169766
28.0866	46.2515	4.90023	0.00236408
37.3464	46.2515	0.163626	0.0018466
34.3294	43.6157	0.134107	0.00154303
37.5191	43.9145	0.144852	0.00150972
31.226	43.7137	0.188101	0.00166193
31.2788	41.1758	0.177448	0.00137554
34.3294	43.6157	0.134107	0.00154303
28.0866	46.2515	4.90023	0.00236408
31.226	43.7137	0.188101	0.00166193
31.1732	46.2515	4.78792	0.00219656
28.1154	43.1354	4.85988	0.00169766
31.2788	41.1758	0.177448	0.00137554
31.226	43.7137	0.188101	0.00166193
25	46.2515	4.94032	0.00251249
25	43.1354	4.91391	0.0018239
28.0866	46.2515	4.90023	0.00236408
28.125	40	4.8388	0.001318
31.2788	41.1758	0.177448	0.00137554
28.1154	43.1354	4.85988	0.00169766
28.125	40	4.8388	0.001318
31.2019	38.0404	0.223757	0.00115335
31.2788	41.1758	0.177448	0.00137554
31.2019	38.0404	0.223757	0.00115335
34.399	40.9798	0.165665	0.00132006
31.2788	41.1758	0.177448	0.00137554
28.0866	33.7485	4.91494	0.00125987
31.3171	35.696	4.89177	0.00118693
28.1154	36.8646	4.86106	0.00123684
37.3464	33.7485	4.96862	0.00128251
37.1553	30.6708	4.98811	0.00131207
40.1941	30.6708	4.99177	0.00133529
37.4615	36.8646	4.91368	0.00122237
37.3464	33.7485	4.96862	0.00128251
40.433	33.7485	4.9743	0.00131318
37.4615	36.8646	4.91368	0.00122237
34.3221	37.8444	4.84009	0.00116531
34.1596	34.7385	4.94175	0.00123105
34.1596	34.7385	4.94175	0.00123105
33.997	31.6326	4.97814	0.00128312
37.3464	33.7485	4.96862	0.00128251
31.3171	35.696	4.89177	0.00118693
34.1596	34.7385	4.94175	0.00123105
34.3221	37.8444	4.84009	0.00116531
31.3171	35.696	4.89177	0.00118693
30.9343	31.8249	4.96822	0.00126791
34.1596	34.7385	4.94175	0.00123105
30.9343	31.8249	4.96822	0.00126791
33.7508	28.5944	4.9914	0.00129933
33.997	31.6326	4.97814	0.00128312
40.433	46.2515	4.79869	0.00172283
40.6201	43.7197	0.186206	0.00147669
43.5196	46.2515	4.87596	0.0017249
46.8029	37.0605	4.97405	0.00139344
43.75	40	4.86827	0.00131238
43.6827	37.2565	4.93676	0.00131994
49.9231	43.1354	4.95452	0.00159657
46.8798	40.196	4.93981	0.0014894
50	40	4.96621	0.00143796
49.9231	43.1354	4.95452	0.00159657
49.6928	46.2515	4.96193	0.00176729
46.8077	43.1354	4.91572	0.00155902
25	43.1354	4.91391	0.0018239
25	46.2515	4.94032	0.00251249
22.0142	44.8882	4.92304	0.00231102
25	40	4.87402	0.00143024
25	43.1354	4.91391	0.0018239
21.9183	41.7637	4.85403	0.00178798
25	40	4.87402	0.00143024
28.1154	43.1354	4.85988	0.00169766
25	43.1354	4.91391	0.0018239
31.2019	38.0404	0.223757	0.00115335
28.125	40	4.8388	0.001318
28.1154	36.8646	4.86106	0.00123684
28.1154	43.1354	4.85988	0.00169766
31.226	43.7137	0.188101	0.00166193
28.0866	46.2515	4.90023	0.00236408
18.7981	41.9596	0.236451	0.0018803
15.601	39.0202	0.244366	0.00158738
18.7212	38.8242	0.208488	0.00154542
17.2523	44.2036	4.90129	0.00228149
15.7402	46.2515	4.95671	0.00290232
14.1489	44.3016	4.95027	0.00230307
18.7981	41.9596	0.236451	0.0018803
17.2523	44.2036	4.90129	0.00228149
15.6779	42.1556	4.87962	0.00193676
18.8268	46.2515	4.9415	0.00277472
15.7402	46.2515	4.95671	0.00290232
17.2523	44.2036	4.90129	0.00228149
21.7462	47.598	4.95446	0.00342691
18.8268	46.2515	4.9415	0.00277472
22.0142	44.8882	4.92304	0.00231102
21.7462	47.598	4.95446	0.00342691
18.9224	49.3292	4.96557	0.00479474
18.8268	46.2515	4.9415	0.00277472
15.6779	42.1556	4.87962	0.00193676
15.601	39.0202	0.244366	0.00158738
18.7981	41.9596	0.236451	0.0018803
18.8268	46.2515	4.9415	0.00277472
17.2523	44.2036	4.90129	0.00228149
18.7981	41.9596	0.236451	0.0018803
14.1489	44.3016	4.95027	0.00230307
12.6536	46.2515	4.97504	0.00274971
12.5577	42.3516	4.95349	0.0019503
15.6779	42.1556	4.87962	0.00193676
14.1489	44.3016	4.95027	0.00230307
12.5577	42.3516	4.95349	0.0019503
15.7402	46.2515	4.95671	0.00290232
12.6536	46.2515	4.97504	0.00274971
14.1489	44.3016	4.95027	0.00230307
12.7118	50.0843	4.97873	0.00552112
12.6536	46.2515	4.97504	0.00274971
15.8835	49.3292	4.97393	0.0047729
16.083	52.3495	4.96471	0.00998916
13.1107	52.3495	4.96826	0.00946352
15.8835	49.3292	4.97393	0.0047729
18.9224	49.3292	4.96557	0.00479474
16.083	52.3495	4.96471	0.00998916
15.8835	49.3292	4.97393	0.0047729
13.1107	52.3495	4.96826	0.00946352
10.6893	54.7417	4.94017	0.0167043
10.1383	52.3495	4.97025	0.00867881
15.8835	49.3292	4.97393	0.0047729
13.1107	52.3495	4.96826	0.00946352
12.7118	50.0843	4.97873	0.00552112
14.2198	55.2938	4.92619	0.0228744
10.6893	54.7417	4.94017	0.0167043
13.1107	52.3495	4.96826	0.00946352
17.0264	56.2438	4.90274	0.0325968
14.2198	55.2938	4.92619	0.0228744
16.083	52.3495	4.96471	0.00998916
17.2808	59.0298	4.77294	0.0794524
17.5295	61.7527	0.0944979	4.66433
15.0494	60.8826	0.118493	0.107295
17.0264	56.2438	4.90274	0.0325968
17.2808	59.0298	4.77294	0.0794524
14.6026	58.144	4.81484	0.0547658
17.0264	56.2438	4.90274	0.0325968
20.0518	56.4338	4.88865	0.0355185
17.2808	59.0298	4.77294	0.0794524
7.16598	52.3495	4.97268	0.00799111
8.05963	55.2938	4.93051	0.0176494
4.92487	55.4838	4.93439	0.0182357
6.76709	49.3292	4.9874	0.00415414
7.16598	52.3495	4.97268	0.00799111
4.19365	52.3495	4.97587	0.00754919
10.1383	52.3495	4.97025	0.00867881
8.05963	55.2938	4.93051	0.0176494
7.16598	52.3495	4.97268	0.00799111
12.7118	50.0843	4.97873	0.00552112
10.1383	52.3495	4.97025	0.00867881
9.70619	49.8955	4.98273	0.00491897
10.6893	54.7417	4.94017	0.0167043
8.05963	55.2938	4.93051	0.0176494
10.1383	52.3495	4.97025	0.00867881
12.5577	42.3516	4.95349	0.0019503
12.5	40	4.93211	0.00163701
15.6779	42.1556	4.87962	0.00193676
9.61019	45.6673	4.98725	0.0024906
12.5577	42.3516	4.95349	0.0019503
12.6536	46.2515	4.97504	0.00274971
9.61019	45.6673	4.98725	0.0024906
6.31731	42.7435	4.99189	0.00197587
9.4375	42.5475	4.98193	0.00197602
-3.10282e-28	40	4.99626	0.00176683
3.125	40	4.99531	0.00165888
3.19711	42.9395	4.99502	0.00200176
-3.10282e-28	40	4.99626	0.00176683
0.076922	36.8646	4.99654	0.00153085
3.125	40	4.99531	0.00165888
46.6062	46.2515	4.93643	0.00175844
46.2717	49.3292	4.96127	0.00220216
43.5196	46.2515	4.87596	0.0017249
43.6923	43.1354	0.239326	0.00149109
46.6062	46.2515	4.93643	0.00175844
43.5196	46.2515	4.87596	0.0017249
49.6928	46.2515	4.96193	0.00176729
49.3105	49.3292	4.97162	0.0021359
46.6062	46.2515	4.93643	0.00175844
27.4517	72.3429	0.00403813	0.0247445
25	72.3429	0.00405871	0.0303666
27.0253	69.2491	0.00812731	0.0566477
24.7277	76.3587	0.00223366	0.0108493
26.189	74.0896	0.00298198	0.0173109
27.2733	75.6267	0.00242845	0.0112529
24.7277	76.3587	0.00223366	0.0108493
23.0327	74.7883	0.00272988	0.0178362
26.189	74.0896	0.00298198	0.0173109
23.0339	79.8761	0.00190633	0.00757094
21.0802	79.5053	0.00199737	0.00861409
21.6827	78.0345	0.00203945	0.00916246
19.6759	76.9444	0.00225	0.0110506
19.0551	74.0896	0.00323139	0.0215792
21.4331	74.0896	0.00309514	0.0227833
19.6759	76.9444	0.00225	0.0110506
18.1801	75.6267	0.00270429	0.0148147
19.0551	74.0896	0.00323139	0.0215792
21.4331	74.0896	0.00309514	0.0227833
23.0327	74.7883	0.00272988	0.0178362
22.3999	76.5052	0.00225699	0.0119145
20.0967	72.3429	0.00439683	0.0392743
22.5483	72.3429	0.00423703	0.0400341
21.4331	74.0896	0.00309514	0.0227833
16.5527	73.7985	0.00359993	0.0201533
17.645	72.3429	0.0045787	0.0301136
19.0551	74.0896	0.00323139	0.0215792
19.193	69.7412	0.00846091	0.0750546
21.8037	69.5771	0.00816859	4.51375
20.0967	72.3429	0.00439683	0.0392743
21.8037	69.5771	0.00816859	4.51375
23.75	70.3973	0.00653567	0.0605877
22.5483	72.3429	0.00423703	0.0400341
21.6827	78.0345	0.00203945	0.00916246
19.1515	78.89	0.00211219	0.00952608
19.6759	76.9444	0.00225	0.0110506
22.3999	76.5052	0.00225699	0.0119145
19.6759	76.9444	0.00225	0.0110506
21.4331	74.0896	0.00309514	0.0227833
22.3999	76.5052	0.00225699	0.0119145
21.6827	78.0345	0.00203945	0.00916246
19.6759	76.9444	0.00225	0.0110506
24.7277	76.3587	0.00223366	0.0108493
22.3999	76.5052	0.00225699	0.0119145
23.0327	74.7883	0.00272988	0.0178362
24.7277	76.3587	0.00223366	0.0108493
24.9752	78.5234	0.00194347	0.00761298
23.329	78.279	0.00197946	0.00837511
21.0802	79.5053	0.00199737	0.00861409
19.1515	78.89	0.00211219	0.00952608
21.6827	78.0345	0.00203945	0.00916246
25	80	0.00190013	0.00715306
24.9752	78.5234	0.00194347	0.00761298
26.9661	79.8761	0.001897	0.00664461
19.6759	76.9444	0.00225	0.0110506
19.1515	78.89	0.00211219	0.00952608
17.2597	78.0345	0.00234256	0.0110732
28.3173	78.0345	0.00201731	0.00724165
30.8485	78.89	0.00210167	0.00712264
28.9198	79.5053	0.00198238	0.00683535
18.1801	75.6267	0.00270429	0.0148147
19.6759	76.9444	0.00225	0.0110506
17.2597	78.0345	0.00234256	0.0110732
15.4167	76.9444	0.00268888	0.0128225
18.1801	75.6267	0.00270429	0.0148147
17.2597	78.0345	0.00234256	0.0110732
23.0327	74.7883	0.00272988	0.0178362
21.4331	74.0896	0.00309514	0.0227833
22.5483	72.3429	0.00423703	0.0400341
15.4167	76.9444	0.00268888	0.0128225
16.5527	73.7985	0.00359993	0.0201533
18.1801	75.6267	0.00270429	0.0148147
20.0967	72.3429	0.00439683	0.0392743
21.8037	69.5771	0.00816859	4.51375
22.5483	72.3429	0.00423703	0.0400341
15.4167	76.9444	0.00268888	0.0128225
13.6336	75.6267	0.00352577	0.0173866
14.237	73.9441	0.00393907	0.0200213
29.3832	76.0659	0.00235479	0.0094716
31.3712	77.1646	0.00227923	0.00809319
28.3173	78.0345	0.00201731	0.00724165
31.9219	75.3472	0.00266349	0.0103339
34.5833	76.9444	0.0026151	0.00905267
32.7403	78.0345	0.00228784	0.00779431
14.237	73.9441	0.00393907	0.0200213
11.9212	74.0896	0.00466895	0.0231543
12.7417	72.3429	0.00549582	0.0278241
11.25	70.3973	0.00870533	0.0448518
12.7417	72.3429	0.00549582	0.0278241
10.2901	72.3429	0.00685389	0.0346796
17.645	72.3429	0.0045787	0.0301136
16.5527	73.7985	0.00359993	0.0201533
15.1934	72.3429	0.0048918	0.0267472
19.193	69.7412	0.00846091	0.0750546
17.645	72.3429	0.0045787	0.0301136
16.25	70.3973	0.00737337	0.0445693
20.0967	72.3429	0.00439683	0.0392743
19.0551	74.0896	0.00323139	0.0215792
17.645	72.3429	0.0045787	0.0301136
19.0551	74.0896	0.00323139	0.0215792
18.1801	75.6267	0.00270429	0.0148147
16.5527	73.7985	0.00359993	0.0201533
32.355	72.3429	0.00410442	0.0194487
34.8066	72.3429	0.0044371	0.0184614
33.3228	74.0896	0.00320734	0.0128183
33.3228	74.0896	0.00320734	0.0128183
31.9219	75.3472	0.00266349	0.0103339
30.9297	73.8705	0.0031347	0.0143196
35.7008	74.0896	0.00362248	0.0136609
33.3228	74.0896	0.00320734	0.0128183
34.8066	72.3429	0.0044371	0.0184614
34.5833	76.9444	0.0026151	0.00905267
31.9219	75.3472	0.00266349	0.0103339
33.3228	74.0896	0.00320734	0.0128183
17.4187	68.2649	0.0129326	0.091073
14.8915	68.2649	0.0126911	0.0752753
16.8484	65.9587	0.0245167	4.63706
16.25	70.3973	0.00737337	0.0445693
13.513	70.6966	0.00722933	0.0379021
14.8915	68.2649	0.0126911	0.0752753
19.193	69.7412	0.00846091	0.0750546
16.25	70.3973	0.00737337	0.0445693
17.4187	68.2649	0.0129326	0.091073
15.1934	72.3429	0.0048918	0.0267472
14.237	73.9441	0.00393907	0.0200213
12.7417	72.3429	0.00549582	0.0278241
17.645	72.3429	0.0045787	0.0301136
15.1934	72.3429	0.0048918	0.0267472
16.25	70.3973	0.00737337	0.0445693
16.5527	73.7985	0.00359993	0.0201533
14.237	73.9441	0.00393907	0.0200213
15.1934	72.3429	0.0048918	0.0267472
12.7417	72.3429	0.00549582	0.0278241
11.25	70.3973	0.00870533	0.0448518
13.513	70.6966	0.00722933	0.0379021
8.74996	70.3973	0.0109663	0.0578276
11.25	70.3973	0.00870533	0.0448518
10.2901	72.3429	0.00685389	0.0346796
12.3644	68.2649	0.0134507	0.0736134
13.846	66.4528	0.0212611	0.103781
14.8915	68.2649	0.0126911	0.0752753
9.83732	68.2649	0.0151202	0.0874901
12.3644	68.2649	0.0134507	0.0736134
11.25	70.3973	0.00870533	0.0448518
9.83732	68.2649	0.0151202	0.0874901
11.414	65.9587	0.0258208	4.55852
12.3644	68.2649	0.0134507	0.0736134
9.83732	68.2649	0.0151202	0.0874901
11.25	70.3973	0.00870533	0.0448518
8.74996	70.3973	0.0109663	0.0578276
14.8915	68.2649	0.0126911	0.0752753
13.513	70.6966	0.00722933	0.0379021
12.3644	68.2649	0.0134507	0.0736134
15.1934	72.3429	0.0048918	0.0267472
12.7417	72.3429	0.00549582	0.0278241
13.513	70.6966	0.00722933	0.0379021
15.4167	76.9444	0.00268888	0.0128225
14.237	73.9441	0.00393907	0.0200213
16.5527	73.7985	0.00359993	0.0201533
13.6336	75.6267	0.00352577	0.0173866
11.9212	74.0896	0.00466895	0.0231543
14.237	73.9441	0.00393907	0.0200213
11.9212	74.0896	0.00466895	0.0231543
10.2901	72.3429	0.00685389	0.0346796
12.7417	72.3429	0.00549582	0.0278241
7.31021	68.2649	0.019014	0.10976
9.83732	68.2649	0.0151202	0.0874901
8.74996	70.3973	0.0109663	0.0578276
7.31021	68.2649	0.019014	0.10976
5.97957	65.9587	0.0361559	4.64453
8.78345	65.7825	0.0299158	4.61399
28.3173	78.0345	0.00201731	0.00724165
28.9198	79.5053	0.00198238	0.00683535
26.9661	79.8761	0.001897	0.00664461
31.3712	77.1646	0.00227923	0.00809319
31.9219	75.3472	0.00266349	0.0103339
32.7403	78.0345	0.00228784	0.00779431
28.3173	78.0345	0.00201731	0.00724165
31.3712	77.1646	0.00227923	0.00809319
30.8485	78.89	0.00210167	0.00712264
29.3832	76.0659	0.00235479	0.0094716
31.9219	75.3472	0.00266349	0.0103339
31.3712	77.1646	0.00227923	0.00809319
27.2733	75.6267	0.00242845	0.0112529
29.3832	76.0659	0.00235479	0.0094716
28.3173	78.0345	0.00201731	0.00724165
28.5669	74.0896	0.00298446	0.0149826
29.9033	72.3429	0.0040265	0.0223533
30.9297	73.8705	0.0031347	0.0143196
27.2733	75.6267	0.00242845	0.0112529
28.5669	74.0896	0.00298446	0.0149826
29.3832	76.0659	0.00235479	0.0094716
27.2733	75.6267	0.00242845	0.0112529
26.189	74.0896	0.00298198	0.0173109
28.5669	74.0896	0.00298446	0.0149826
26.2439	77.6257	0.00203546	0.00813563
27.2733	75.6267	0.00242845	0.0112529
28.3173	78.0345	0.00201731	0.00724165
26.9661	79.8761	0.001897	0.00664461
26.2439	77.6257	0.00203546	0.00813563
28.3173	78.0345	0.00201731	0.00724165
24.9752	78.5234	0.00194347	0.00761298
24.7277	76.3587	0.00223366	0.0108493
26.2439	77.6257	0.00203546	0.00813563
31.0572	70.658	0.00563373	0.0339645
30.0542	68.2649	0.0101608	4.40624
32.2468	68.921	0.00829956	0.0457668
31.0572	70.658	0.00563373	0.0339645
28.75	70.3973	0.00613238	0.0413096
30.0542	68.2649	0.0101608	4.40624
33.75	70.3973	0.00619936	0.027968
31.0572	70.658	0.00563373	0.0339645
32.2468	68.921	0.00829956	0.0457668
29.9033	72.3429	0.0040265	0.0223533
28.75	70.3973	0.00613238	0.0413096
31.0572	70.658	0.00563373	0.0339645
30.9297	73.8705	0.0031347	0.0143196
29.9033	72.3429	0.0040265	0.0223533
32.355	72.3429	0.00410442	0.0194487
33.3228	74.0896	0.00320734	0.0128183
30.9297	73.8705	0.0031347	0.0143196
32.355	72.3429	0.00410442	0.0194487
31.9219	75.3472	0.00266349	0.0103339
29.3832	76.0659	0.00235479	0.0094716
30.9297	73.8705	0.0031347	0.0143196
28.5669	74.0896	0.00298446	0.0149826
26.189	74.0896	0.00298198	0.0173109
27.4517	72.3429	0.00403813	0.0247445
25	72.3429	0.00405871	0.0303666
23.75	70.3973	0.00653567	0.0605877
27.0253	69.2491	0.00812731	0.0566477
26.9661	79.8761	0.001897	0.00664461
24.9752	78.5234	0.00194347	0.00761298
26.2439	77.6257	0.00203546	0.00813563
27.0253	69.2491	0.00812731	0.0566477
24.3347	67.1118	0.0156044	0.114886
26.9568	67.2765	0.0137979	0.0831546
19.0904	66.7823	0.0197636	0.13844
19.999	65.078	0.034401	4.69208
22.2828	65.9587	0.0232461	4.66767
17.4187	68.2649	0.0129326	0.091073
19.0904	66.7823	0.0197636	0.13844
19.193	69.7412	0.00846091	0.0750546
17.4187	68.2649	0.0129326	0.091073
16.8484	65.9587	0.0245167	4.63706
19.0904	66.7823	0.0197636	0.13844
27.4517	72.3429	0.00403813	0.0247445
28.75	70.3973	0.00613238	0.0413096
29.9033	72.3429	0.0040265	0.0223533
28.5669	74.0896	0.00298446	0.0149826
27.4517	72.3429	0.00403813	0.0247445
29.9033	72.3429	0.0040265	0.0223533
26.189	74.0896	0.00298198	0.0173109
25	72.3429	0.00405871	0.0303666
27.4517	72.3429	0.00403813	0.0247445
27.0253	69.2491	0.00812731	0.0566477
26.9568	67.2765	0.0137979	0.0831546
30.0542	68.2649	0.0101608	4.40624
27.4517	72.3429	0.00403813	0.0247445
27.0253	69.2491	0.00812731	0.0566477
28.75	70.3973	0.00613238	0.0413096
23.75	70.3973	0.00653567	0.0605877
24.3347	67.1118	0.0156044	0.114886
27.0253	69.2491	0.00812731	0.0566477
34.8233	67.7707	0.0120239	0.0477231
37.4455	67.9354	0.0131728	4.35103
36.25	70.3973	0.00688047	0.0313124
31.3712	77.1646	0.00227923	0.00809319
32.7403	78.0345	0.00228784	0.00779431
30.8485	78.89	0.00210167	0.00712264
23.329	78.279	0.00197946	0.00837511
22.3999	76.5052	0.00225699	0.0119145
24.7277	76.3587	0.00223366	0.0108493
23.0339	79.8761	0.00190633	0.00757094
23.329	78.279	0.00197946	0.00837511
24.9752	78.5234	0.00194347	0.00761298
21.6827	78.0345	0.00203945	0.00916246
22.3999	76.5052	0.00225699	0.0119145
23.329	78.279	0.00197946	0.00837511
21.6827	78.0345	0.00203945	0.00916246
23.329	78.279	0.00197946	0.00837511
23.0339	79.8761	0.00190633	0.00757094
25	72.3429	0.00405871	0.0303666
26.189	74.0896	0.00298198	0.0173109
23.0327	74.7883	0.00272988	0.0178362
27.2733	75.6267	0.00242845	0.0112529
26.2439	77.6257	0.00203546	0.00813563
24.7277	76.3587	0.00223366	0.0108493
25	80	0.00190013	0.00715306
23.0339	79.8761	0.00190633	0.00757094
24.9752	78.5234	0.00194347	0.00761298
35.7008	74.0896	0.00362248	0.0136609
37.3942	72.4885	0.0050697	0.0196325
38.0788	74.0896	0.00441323	0.0164027
34.5833	76.9444	0.0026151	0.00905267
35.7008	74.0896	0.00362248	0.0136609
36.3664	75.6267	0.00334401	0.0122117
34.8066	72.3429	0.0044371	0.0184614
37.3942	72.4885	0.0050697	0.0196325
35.7008	74.0896	0.00362248	0.0136609
34.5833	76.9444	0.0026151	0.00905267
33.3228	74.0896	0.00320734	0.0128183
35.7008	74.0896	0.00362248	0.0136609
33.75	70.3973	0.00619936	0.027968
36.25	70.3973	0.00688047	0.0313124
34.8066	72.3429	0.0044371	0.0184614
35.7008	74.0896	0.00362248	0.0136609
38.0788	74.0896	0.00441323	0.0164027
36.3664	75.6267	0.00334401	0.0122117
37.4455	67.9354	0.0131728	4.35103
38.75	70.3973	0.00811367	0.0313402
36.25	70.3973	0.00688047	0.0313124
39.7099	72.3429	0.00648038	0.0231078
38.0788	74.0896	0.00441323	0.0164027
37.3942	72.4885	0.0050697	0.0196325
36.25	70.3973	0.00688047	0.0313124
33.75	70.3973	0.00619936	0.027968
34.8233	67.7707	0.0120239	0.0477231
37.3942	72.4885	0.0050697	0.0196325
36.25	70.3973	0.00688047	0.0313124
38.75	70.3973	0.00811367	0.0313402
37.3942	72.4885	0.0050697	0.0196325
34.8066	72.3429	0.0044371	0.0184614
36.25	70.3973	0.00688047	0.0313124
15.5575	63.4929	0.0561092	4.62987
16.8484	65.9587	0.0245167	4.63706
13.846	66.4528	0.0212611	0.103781
11.414	65.9587	0.0258208	4.55852
12.8597	63.4929	0.0515311	0.113903
13.846	66.4528	0.0212611	0.103781
15.0494	60.8826	0.118493	0.107295
17.5295	61.7527	0.0944979	4.66433
15.5575	63.4929	0.0561092	4.62987
15.5575	63.4929	0.0561092	4.62987
17.5295	61.7527	0.0944979	4.66433
16.8484	65.9587	0.0245167	4.63706
11.6319	58.144	4.8114	0.0492197
14.6026	58.144	4.81484	0.0547658
12.3979	60.3349	0.134725	4.48013
14.6026	58.144	4.81484	0.0547658
17.2808	59.0298	4.77294	0.0794524
15.0494	60.8826	0.118493	0.107295
20.363	63.0044	0.0670637	4.68898
19.999	65.078	0.034401	4.69208
17.5295	61.7527	0.0944979	4.66433
20.7355	60.8826	0.128239	4.60756
20.363	63.0044	0.0670637	4.68898
17.5295	61.7527	0.0944979	4.66433
20.7355	60.8826	0.128239	4.60756
23.0704	62.1007	0.0826277	0.138027
20.363	63.0044	0.0670637	4.68898
11.6319	58.144	4.8114	0.0492197
10.6893	54.7417	4.94017	0.0167043
14.2198	55.2938	4.92619	0.0228744
9.3634	60.8826	0.118121	0.0799798
11.6319	58.144	4.8114	0.0492197
12.3979	60.3349	0.134725	4.48013
8.66123	58.144	4.81886	0.03858
10.6893	54.7417	4.94017	0.0167043
11.6319	58.144	4.8114	0.0492197
5.69054	58.144	4.83394	0.0415315
4.92487	55.4838	4.93439	0.0182357
8.05963	55.2938	4.93051	0.0176494
6.4478	61.0566	0.121688	0.0826647
5.69054	58.144	4.83394	0.0415315
8.66123	58.144	4.81886	0.03858
3.67737	60.8826	0.152855	4.45964
2.71986	58.144	4.86724	0.0390778
5.69054	58.144	4.83394	0.0415315
36.8222	64.0212	0.0371309	0.0490793
39.6261	63.8451	0.0446284	0.0419235
38.586	65.9587	0.0231707	0.0455973
34.1521	62.7968	0.0482095	4.44798
36.8222	64.0212	0.0371309	0.0490793
35.8688	65.9587	0.0201622	0.0545875
37.7936	60.8826	0.10568	0.0291639
39.6261	63.8451	0.0446284	0.0419235
36.8222	64.0212	0.0371309	0.0490793
38.75	70.3973	0.00811367	0.0313402
40.1627	68.2649	0.014266	0.0386115
41.25	70.3973	0.0104275	0.0283186
37.3942	72.4885	0.0050697	0.0196325
38.75	70.3973	0.00811367	0.0313402
39.7099	72.3429	0.00648038	0.0231078
37.4455	67.9354	0.0131728	4.35103
40.1627	68.2649	0.014266	0.0386115
38.75	70.3973	0.00811367	0.0313402
35.8688	65.9587	0.0201622	0.0545875
37.4455	67.9354	0.0131728	4.35103
34.8233	67.7707	0.0120239	0.0477231
33.1516	65.9587	0.018099	0.0660322
35.8688	65.9587	0.0201622	0.0545875
34.8233	67.7707	0.0120239	0.0477231
34.1521	62.7968	0.0482095	4.44798
34.9506	60.8826	0.0852581	0.0531468
36.8222	64.0212	0.0371309	0.0490793
38.75	70.3973	0.00811367	0.0313402
41.25	70.3973	0.0104275	0.0283186
39.7099	72.3429	0.00648038	0.0231078
38.586	65.9587	0.0231707	0.0455973
40.1627	68.2649	0.014266	0.0386115
37.4455	67.9354	0.0131728	4.35103
41.3032	65.9587	0.0271117	0.0434199
42.6898	68.2649	0.0182778	0.0350653
40.1627	68.2649	0.014266	0.0386115
41.3032	65.9587	0.0271117	0.0434199
44.0204	65.9587	0.0344495	0.0492333
42.6898	68.2649	0.0182778	0.0350653
41.25	70.3973	0.0104275	0.0283186
40.1627	68.2649	0.014266	0.0386115
42.6898	68.2649	0.0182778	0.0350653
36.8222	64.0212	0.0371309	0.0490793
34.9506	60.8826	0.0852581	0.0531468
37.7936	60.8826	0.10568	0.0291639
2.71986	58.144	4.86724	0.0390778
4.92487	55.4838	4.93439	0.0182357
5.69054	58.144	4.83394	0.0415315
8.66123	58.144	4.81886	0.03858
8.05963	55.2938	4.93051	0.0176494
10.6893	54.7417	4.94017	0.0167043
6.4478	61.0566	0.121688	0.0826647
8.66123	58.144	4.81886	0.03858
9.3634	60.8826	0.118121	0.0799798
5.69054	58.144	4.83394	0.0415315
8.05963	55.2938	4.93051	0.0176494
8.66123	58.144	4.81886	0.03858
1.8995	55.2938	4.94966	0.0151406
4.92487	55.4838	4.93439	0.0182357
2.71986	58.144	4.86724	0.0390778
1.8995	55.2938	4.94966	0.0151406
1.22131	52.3495	4.97938	0.00680666
4.19365	52.3495	4.97587	0.00754919
41.3032	65.9587	0.0271117	0.0434199
42.43	63.669	0.0540761	4.35743
44.0204	65.9587	0.0344495	0.0492333
43.4796	60.8826	0.12355	0.0300843
40.6366	60.8826	0.115716	0.0301491
41.4664	58.5091	4.78942	0.0150556
45.2338	63.4929	0.0690348	0.0455138
43.4796	60.8826	0.12355	0.0300843
46.3226	60.8826	0.145557	0.0212732
42.43	63.669	0.0540761	4.35743
40.6366	60.8826	0.115716	0.0301491
43.4796	60.8826	0.12355	0.0300843
41.4664	58.5091	4.78942	0.0150556
38.5596	58.6917	4.75771	0.0176134
38.8603	55.2938	4.89374	0.00753635
46.3226	60.8826	0.145557	0.0212732
43.4796	60.8826	0.12355	0.0300843
44.2548	57.954	4.83252	0.0114638
42.43	63.669	0.0540761	4.35743
39.6261	63.8451	0.0446284	0.0419235
40.6366	60.8826	0.115716	0.0301491
44.0204	65.9587	0.0344495	0.0492333
42.43	63.669	0.0540761	4.35743
45.2338	63.4929	0.0690348	0.0455138
36.8222	64.0212	0.0371309	0.0490793
38.586	65.9587	0.0231707	0.0455973
35.8688	65.9587	0.0201622	0.0545875
40.6366	60.8826	0.115716	0.0301491
39.6261	63.8451	0.0446284	0.0419235
37.7936	60.8826	0.10568	0.0291639
38.586	65.9587	0.0231707	0.0455973
37.4455	67.9354	0.0131728	4.35103
35.8688	65.9587	0.0201622	0.0545875
41.3032	65.9587	0.0271117	0.0434199
38.586	65.9587	0.0231707	0.0455973
39.6261	63.8451	0.0446284	0.0419235
41.3032	65.9587	0.0271117	0.0434199
40.1627	68.2649	0.014266	0.0386115
38.586	65.9587	0.0231707	0.0455973
32.2468	68.921	0.00829956	0.0457668
30.4344	65.9587	0.0177367	0.0776051
33.1516	65.9587	0.018099	0.0660322
21.7285	50.6506	4.95053	0.00661838
19.0553	52.3495	4.95713	0.0100348
18.9224	49.3292	4.96557	0.00479474
21.7462	47.598	4.95446	0.00342691
21.7285	50.6506	4.95053	0.00661838
18.9224	49.3292	4.96557	0.00479474
15.8835	49.3292	4.97393	0.0047729
18.8268	46.2515	4.9415	0.00277472
18.9224	49.3292	4.96557	0.00479474
22.0142	44.8882	4.92304	0.00231102
25	46.2515	4.94032	0.00251249
21.7462	47.598	4.95446	0.00342691
24.7341	50.8393	4.92272	0.00639042
22.4091	54.0056	4.90182	0.0163143
21.7285	50.6506	4.95053	0.00661838
26.54	55.2938	0.234124	0.0223652
26.4853	58.144	4.72143	0.0530694
23.0771	56.6239	4.84722	0.0346071
30.9447	52.3495	4.86866	0.00705495
29.6201	55.2938	4.80002	0.0166842
27.9723	52.3495	4.87486	0.00842102
26.4853	58.144	4.72143	0.0530694
26.4215	60.8826	0.0983282	4.53496
24.0253	59.6046	4.70113	0.0823231
29.6201	55.2938	4.80002	0.0166842
26.4853	58.144	4.72143	0.0530694
26.54	55.2938	0.234124	0.0223652
29.6201	55.2938	4.80002	0.0166842
32.1533	57.1939	0.169516	0.0268006
29.839	59.2394	0.114016	0.0579017
17.2808	59.0298	4.77294	0.0794524
20.7355	60.8826	0.128239	4.60756
17.5295	61.7527	0.0944979	4.66433
23.0771	56.6239	4.84722	0.0346071
20.3936	58.6582	4.79014	0.0754576
20.0518	56.4338	4.88865	0.0355185
23.0771	56.6239	4.84722	0.0346071
24.0253	59.6046	4.70113	0.0823231
20.3936	58.6582	4.79014	0.0754576
39.0601	41.8598	0.183741	0.00137513
37.5191	43.9145	0.144852	0.00150972
37.5	40	4.7827	0.00119569
40.625	40	0.22279	0.00125045
39.0601	41.8598	0.183741	0.00137513
37.5	40	4.7827	0.00119569
40.6201	43.7197	0.186206	0.00147669
37.5191	43.9145	0.144852	0.00150972
39.0601	41.8598	0.183741	0.00137513
40.6201	43.7197	0.186206	0.00147669
40.433	46.2515	4.79869	0.00172283
37.5191	43.9145	0.144852	0.00150972
43.6923	43.1354	0.239326	0.00149109
40.6201	43.7197	0.186206	0.00147669
40.625	40	0.22279	0.00125045
43.6923	43.1354	0.239326	0.00149109
43.5196	46.2515	4.87596	0.0017249
40.6201	43.7197	0.186206	0.00147669
46.8798	40.196	4.93981	0.0014894
43.6923	43.1354	0.239326	0.00149109
43.75	40	4.86827	0.00131238
46.8077	43.1354	4.91572	0.00155902
49.6928	46.2515	4.96193	0.00176729
46.6062	46.2515	4.93643	0.00175844
37.5	40	4.7827	0.00119569
34.399	40.9798	0.165665	0.00132006
34.3221	37.8444	4.84009	0.00116531
40.5769	36.8646	4.91671	0.00125986
37.5	40	4.7827	0.00119569
37.4615	36.8646	4.91368	0.00122237
40.625	40	0.22279	0.00125045
40.6201	43.7197	0.186206	0.00147669
39.0601	41.8598	0.183741	0.00137513
40.1224	48.7521	4.86304	0.0022045
37.0597	48.5598	0.203593	0.00245355
37.3464	46.2515	0.163626	0.0018466
34.1165	49.3292	0.21102	0.00300775
36.7564	51.5944	4.8569	0.0039287
34.1289	53.2696	4.85303	0.00713252
31.1732	46.2515	4.78792	0.00219656
34.1165	49.3292	0.21102	0.00300775
31.0776	49.3292	4.8516	0.0036727
28.0866	46.2515	4.90023	0.00236408
31.1732	46.2515	4.78792	0.00219656
31.0776	49.3292	4.8516	0.0036727
34.3294	43.6157	0.134107	0.00154303
34.399	40.9798	0.165665	0.00132006
37.5191	43.9145	0.144852	0.00150972
31.1732	46.2515	4.78792	0.00219656
31.226	43.7137	0.188101	0.00166193
34.2598	46.2515	0.155155	0.00198549
31.2788	41.1758	0.177448	0.00137554
34.399	40.9798	0.165665	0.00132006
34.3294	43.6157	0.134107	0.00154303
37.0597	48.5598	0.203593	0.00245355
36.7564	51.5944	4.8569	0.0039287
34.1165	49.3292	0.21102	0.00300775
37.3464	46.2515	0.163626	0.0018466
37.0597	48.5598	0.203593	0.00245355
34.2598	46.2515	0.155155	0.00198549
40.433	46.2515	4.79869	0.00172283
37.3464	46.2515	0.163626	0.0018466
37.5191	43.9145	0.144852	0.00150972
40.433	46.2515	4.79869	0.00172283
40.1224	48.7521	4.86304	0.0022045
37.3464	46.2515	0.163626	0.0018466
40.1224	48.7521	4.86304	0.0022045
36.7564	51.5944	4.8569	0.0039287
37.0597	48.5598	0.203593	0.00245355
46.2717	49.3292	4.96127	0.00220216
45.8487	52.5335	4.96037	0.00328357
43.2329	49.3292	4.93328	0.00227938
34.1165	49.3292	0.21102	0.00300775
34.1289	53.2696	4.85303	0.00713252
30.9447	52.3495	4.86866	0.00705495
7.464	63.4929	0.0588124	4.59254
8.78345	65.7825	0.0299158	4.61399
5.97957	65.9587	0.0361559	4.64453
6.4478	61.0566	0.121688	0.0826647
7.464	63.4929	0.0588124	4.59254
4.76616	63.4929	0.0712498	0.11743
6.4478	61.0566	0.121688	0.0826647
9.3634	60.8826	0.118121	0.0799798
7.464	63.4929	0.0588124	4.59254
12.3979	60.3349	0.134725	4.48013
10.1618	63.4929	0.052036	0.114695
9.3634	60.8826	0.118121	0.0799798
12.8597	63.4929	0.0515311	0.113903
15.0494	60.8826	0.118493	0.107295
15.5575	63.4929	0.0561092	4.62987
12.3644	68.2649	0.0134507	0.0736134
13.513	70.6966	0.00722933	0.0379021
11.25	70.3973	0.00870533	0.0448518
16.8484	65.9587	0.0245167	4.63706
14.8915	68.2649	0.0126911	0.0752753
13.846	66.4528	0.0212611	0.103781
17.4187	68.2649	0.0129326	0.091073
16.25	70.3973	0.00737337	0.0445693
14.8915	68.2649	0.0126911	0.0752753
19.999	65.078	0.034401	4.69208
19.0904	66.7823	0.0197636	0.13844
16.8484	65.9587	0.0245167	4.63706
19.193	69.7412	0.00846091	0.0750546
20.0967	72.3429	0.00439683	0.0392743
17.645	72.3429	0.0045787	0.0301136
9.83732	68.2649	0.0151202	0.0874901
8.78345	65.7825	0.0299158	4.61399
11.414	65.9587	0.0258208	4.55852
6.48041	46.2515	4.9915	0.00266351
3.72828	49.3292	4.98926	0.0039564
3.39381	46.2515	4.99383	0.00258167
9.70619	49.8955	4.98273	0.00491897
6.76709	49.3292	4.9874	0.00415414
9.61019	45.6673	4.98725	0.0024906
9.70619	49.8955	4.98273	0.00491897
10.1383	52.3495	4.97025	0.00867881
7.16598	52.3495	4.97268	0.00799111
13.1107	52.3495	4.96826	0.00946352
10.1383	52.3495	4.97025	0.00867881
12.7118	50.0843	4.97873	0.00552112
4.19365	52.3495	4.97587	0.00754919
3.72828	49.3292	4.98926	0.0039564
6.76709	49.3292	4.9874	0.00415414
1.8995	55.2938	4.94966	0.0151406
4.19365	52.3495	4.97587	0.00754919
4.92487	55.4838	4.93439	0.0182357
1.22131	52.3495	4.97938	0.00680666
3.72828	49.3292	4.98926	0.0039564
4.19365	52.3495	4.97587	0.00754919
22.2828	65.9587	0.0232461	4.66767
23.0704	62.1007	0.0826277	0.138027
25.6067	64.7258	0.03069	4.6078
21.8037	69.5771	0.00816859	4.51375
22.2828	65.9587	0.0232461	4.66767
24.3347	67.1118	0.0156044	0.114886
19.999	65.078	0.034401	4.69208
20.363	63.0044	0.0670637	4.68898
22.2828	65.9587	0.0232461	4.66767
21.8037	69.5771	0.00816859	4.51375
19.193	69.7412	0.00846091	0.0750546
19.0904	66.7823	0.0197636	0.13844
16.8484	65.9587	0.0245167	4.63706
17.5295	61.7527	0.0944979	4.66433
19.999	65.078	0.034401	4.69208
22.2828	65.9587	0.0232461	4.66767
20.363	63.0044	0.0670637	4.68898
23.0704	62.1007	0.0826277	0.138027
16.25	70.3973	0.00737337	0.0445693
15.1934	72.3429	0.0048918	0.0267472
13.513	70.6966	0.00722933	0.0379021
7.464	63.4929	0.0588124	4.59254
10.1618	63.4929	0.052036	0.114695
8.78345	65.7825	0.0299158	4.61399
20.0518	56.4338	4.88865	0.0355185
19.0553	52.3495	4.95713	0.0100348
22.4091	54.0056	4.90182	0.0163143
20.3936	58.6582	4.79014	0.0754576
17.2808	59.0298	4.77294	0.0794524
20.0518	56.4338	4.88865	0.0355185
15.0494	60.8826	0.118493	0.107295
12.8597	63.4929	0.0515311	0.113903
12.3979	60.3349	0.134725	4.48013
9.3634	60.8826	0.118121	0.0799798
8.66123	58.144	4.81886	0.03858
11.6319	58.144	4.8114	0.0492197
9.70619	49.8955	4.98273	0.00491897
7.16598	52.3495	4.97268	0.00799111
6.76709	49.3292	4.9874	0.00415414
13.1107	52.3495	4.96826	0.00946352
16.083	52.3495	4.96471	0.00998916
14.2198	55.2938	4.92619	0.0228744
23.0771	56.6239	4.84722	0.0346071
22.4091	54.0056	4.90182	0.0163143
26.54	55.2938	0.234124	0.0223652
20.7355	60.8826	0.128239	4.60756
20.3936	58.6582	4.79014	0.0754576
24.0253	59.6046	4.70113	0.0823231
20.0518	56.4338	4.88865	0.0355185
22.4091	54.0056	4.90182	0.0163143
23.0771	56.6239	4.84722	0.0346071
20.7355	60.8826	0.128239	4.60756
17.2808	59.0298	4.77294	0.0794524
20.3936	58.6582	4.79014	0.0754576
17.0264	56.2438	4.90274	0.0325968
19.0553	52.3495	4.95713	0.0100348
20.0518	56.4338	4.88865	0.0355185
6.30769	36.8646	4.99136	0.00151844
6.24038	39.6081	4.99114	0.00163151
3.19231	36.8646	4.99558	0.00152694
9.49534	33.1714	4.98658	0.00140733
9.42308	36.8646	4.9784	0.00150768
6.43263	33.3637	4.99377	0.0014238
6.31731	42.7435	4.99189	0.00197587
3.125	40	4.99531	0.00165888
6.24038	39.6081	4.99114	0.00163151
9.4375	42.5475	4.98193	0.00197602
12.5	40	4.93211	0.00163701
12.5577	42.3516	4.95349	0.0019503
6.30769	36.8646	4.99136	0.00151844
9.36058	39.4121	4.97756	0.00161844
6.24038	39.6081	4.99114	0.00163151
9.42308	36.8646	4.9784	0.00150768
12.5385	36.8646	4.93764	0.0014899
9.36058	39.4121	4.97756	0.00161844
15.8122	34.7222	4.90435	0.00140022
12.5385	36.8646	4.93764	0.0014899
12.7112	34.5275	4.96004	0.00141908
9.4375	42.5475	4.98193	0.00197602
12.5577	42.3516	4.95349	0.0019503
9.61019	45.6673	4.98725	0.0024906
6.24038	39.6081	4.99114	0.00163151
9.4375	42.5475	4.98193	0.00197602
6.31731	42.7435	4.99189	0.00197587
9.36058	39.4121	4.97756	0.00161844
12.5	40	4.93211	0.00163701
9.4375	42.5475	4.98193	0.00197602
15.601	39.0202	0.244366	0.00158738
12.5	40	4.93211	0.00163701
12.5385	36.8646	4.93764	0.0014899
15.601	39.0202	0.244366	0.00158738
15.6779	42.1556	4.87962	0.00193676
12.5	40	4.93211	0.00163701
6.48041	46.2515	4.9915	0.00266351
6.76709	49.3292	4.9874	0.00415414
3.72828	49.3292	4.98926	0.0039564
6.31731	42.7435	4.99189	0.00197587
6.48041	46.2515	4.9915	0.00266351
3.39381	46.2515	4.99383	0.00258167
9.61019	45.6673	4.98725	0.0024906
6.76709	49.3292	4.9874	0.00415414
6.48041	46.2515	4.9915	0.00266351
12.7118	50.0843	4.97873	0.00552112
9.70619	49.8955	4.98273	0.00491897
11.1799	48.0735	4.98216	0.00377736
3.19711	42.9395	4.99502	0.00200176
0.076922	43.1354	4.99565	0.00202647
-3.10282e-28	40	4.99626	0.00176683
6.31731	42.7435	4.99189	0.00197587
3.19711	42.9395	4.99502	0.00200176
3.125	40	4.99531	0.00165888
3.39381	46.2515	4.99383	0.00258167
0.307214	46.2515	4.99454	0.00251734
3.19711	42.9395	4.99502	0.00200176
45.0204	55.2938	4.92724	0.0056941
41.9404	55.2938	4.9131	0.00653742
42.834	52.3495	4.94648	0.00350052
48.1005	55.2938	4.94054	0.00483931
45.0204	55.2938	4.92724	0.0056941
45.8487	52.5335	4.96037	0.00328357
44.2548	57.954	4.83252	0.0114638
41.9404	55.2938	4.9131	0.00653742
45.0204	55.2938	4.92724	0.0056941
46.3226	60.8826	0.145557	0.0212732
44.2548	57.954	4.83252	0.0114638
47.2801	58.144	4.85742	0.00948345
41.4664	58.5091	4.78942	0.0150556
38.8603	55.2938	4.89374	0.00753635
41.9404	55.2938	4.9131	0.00653742
27.9723	52.3495	4.87486	0.00842102
28.0388	49.3292	4.91409	0.00410937
30.9447	52.3495	4.86866	0.00705495
19.0553	52.3495	4.95713	0.0100348
21.7285	50.6506	4.95053	0.00661838
22.4091	54.0056	4.90182	0.0163143
25	46.2515	4.94032	0.00251249
28.0388	49.3292	4.91409	0.00410937
24.7341	50.8393	4.92272	0.00639042
21.7285	50.6506	4.95053	0.00661838
21.7462	47.598	4.95446	0.00342691
24.7341	50.8393	4.92272	0.00639042
15.6779	42.1556	4.87962	0.00193676
17.2523	44.2036	4.90129	0.00228149
14.1489	44.3016	4.95027	0.00230307
22.0142	44.8882	4.92304	0.00231102
18.8268	46.2515	4.9415	0.00277472
18.7981	41.9596	0.236451	0.0018803
15.8835	49.3292	4.97393	0.0047729
12.6536	46.2515	4.97504	0.00274971
15.7402	46.2515	4.95671	0.00290232
17.0264	56.2438	4.90274	0.0325968
16.083	52.3495	4.96471	0.00998916
19.0553	52.3495	4.95713	0.0100348
4.19365	52.3495	4.97587	0.00754919
7.16598	52.3495	4.97268	0.00799111
4.92487	55.4838	4.93439	0.0182357
21.9183	41.7637	4.85403	0.00178798
25	43.1354	4.91391	0.0018239
22.0142	44.8882	4.92304	0.00231102
28.125	40	4.8388	0.001318
25	40	4.87402	0.00143024
28.1154	36.8646	4.86106	0.00123684
25	30.6708	4.93078	0.00128305
25.1151	35.3065	0.254713	0.00132375
21.9134	33.7485	0.263227	0.00135028
31.3171	35.696	4.89177	0.00118693
28.0866	33.7485	4.91494	0.00125987
30.9343	31.8249	4.96822	0.00126791
28.1154	36.8646	4.86106	0.00123684
25.1151	35.3065	0.254713	0.00132375
28.0866	33.7485	4.91494	0.00125987
33.7508	28.5944	4.9914	0.00129933
37.1553	30.6708	4.98811	0.00131207
33.997	31.6326	4.97814	0.00128312
21.8846	36.8646	4.81026	0.00139846
21.9014	39.3141	0.241095	0.00151878
18.7212	38.8242	0.208488	0.00154542
28.1154	36.8646	4.86106	0.00123684
25	40	4.87402	0.00143024
25.1151	35.3065	0.254713	0.00132375
28.125	40	4.8388	0.001318
28.1154	43.1354	4.85988	0.00169766
25	40	4.87402	0.00143024
3.72828	49.3292	4.98926	0.0039564
1.22131	52.3495	4.97938	0.00680666
0.68946	49.3292	4.99051	0.00371768
0.307214	46.2515	4.99454	0.00251734
3.39381	46.2515	4.99383	0.00258167
0.68946	49.3292	4.99051	0.00371768
11.1799	48.0735	4.98216	0.00377736
12.6536	46.2515	4.97504	0.00274971
12.7118	50.0843	4.97873	0.00552112
9.61019	45.6673	4.98725	0.0024906
11.1799	48.0735	4.98216	0.00377736
9.70619	49.8955	4.98273	0.00491897
9.61019	45.6673	4.98725	0.0024906
12.6536	46.2515	4.97504	0.00274971
11.1799	48.0735	4.98216	0.00377736
31.3817	62.6228	0.0411075	4.5216
34.1521	62.7968	0.0482095	4.44798
33.1516	65.9587	0.018099	0.0660322
26.9568	67.2765	0.0137979	0.0831546
28.4106	64.5496	0.0283247	0.0960861
30.4344	65.9587	0.0177367	0.0776051
29.839	59.2394	0.114016	0.0579017
33.5519	59.0383	0.125008	0.0397047
31.3817	62.6228	0.0411075	4.5216
28.6113	62.4488	0.0508973	0.10086
29.839	59.2394	0.114016	0.0579017
31.3817	62.6228	0.0411075	4.5216
20.7355	60.8826	0.128239	4.60756
24.0253	59.6046	4.70113	0.0823231
23.0704	62.1007	0.0826277	0.138027
25.6371	53.0665	0.280899	0.0122101
24.7341	50.8393	4.92272	0.00639042
27.9723	52.3495	4.87486	0.00842102
22.4091	54.0056	4.90182	0.0163143
25.6371	53.0665	0.280899	0.0122101
26.54	55.2938	0.234124	0.0223652
22.4091	54.0056	4.90182	0.0163143
24.7341	50.8393	4.92272	0.00639042
25.6371	53.0665	0.280899	0.0122101
29.6201	55.2938	4.80002	0.0166842
31.8745	54.2817	4.82883	0.0115633
32.1533	57.1939	0.169516	0.0268006
34.2598	46.2515	0.155155	0.00198549
34.3294	43.6157	0.134107	0.00154303
37.3464	46.2515	0.163626	0.0018466
31.1732	46.2515	4.78792	0.00219656
34.2598	46.2515	0.155155	0.00198549
34.1165	49.3292	0.21102	0.00300775
34.2598	46.2515	0.155155	0.00198549
31.226	43.7137	0.188101	0.00166193
34.3294	43.6157	0.134107	0.00154303
35.6527	58.8743	4.67831	0.027961
38.5596	58.6917	4.75771	0.0176134
37.7936	60.8826	0.10568	0.0291639
33.5519	59.0383	0.125008	0.0397047
35.6527	58.8743	4.67831	0.027961
34.9506	60.8826	0.0852581	0.0531468
35.7802	55.2938	4.85189	0.00964438
38.5596	58.6917	4.75771	0.0176134
35.6527	58.8743	4.67831	0.027961
42.43	63.669	0.0540761	4.35743
43.4796	60.8826	0.12355	0.0300843
45.2338	63.4929	0.0690348	0.0455138
6.48041	46.2515	4.9915	0.00266351
6.31731	42.7435	4.99189	0.00197587
9.61019	45.6673	4.98725	0.0024906
0.68946	49.3292	4.99051	0.00371768
3.39381	46.2515	4.99383	0.00258167
3.72828	49.3292	4.98926	0.0039564
0.307214	46.2515	4.99454	0.00251734
0.076922	43.1354	4.99565	0.00202647
3.19711	42.9395	4.99502	0.00200176
6.4478	61.0566	0.121688	0.0826647
4.76616	63.4929	0.0712498	0.11743
3.67737	60.8826	0.152855	4.45964
5.69054	58.144	4.83394	0.0415315
6.4478	61.0566	0.121688	0.0826647
3.67737	60.8826	0.152855	4.45964
9.3634	60.8826	0.118121	0.0799798
10.1618	63.4929	0.052036	0.114695
7.464	63.4929	0.0588124	4.59254
14.6026	58.144	4.81484	0.0547658
15.0494	60.8826	0.118493	0.107295
12.3979	60.3349	0.134725	4.48013
14.2198	55.2938	4.92619	0.0228744
14.6026	58.144	4.81484	0.0547658
11.6319	58.144	4.8114	0.0492197
14.2198	55.2938	4.92619	0.0228744
17.0264	56.2438	4.90274	0.0325968
14.6026	58.144	4.81484	0.0547658
7.464	63.4929	0.0588124	4.59254
5.97957	65.9587	0.0361559	4.64453
4.76616	63.4929	0.0712498	0.11743
11.414	65.9587	0.0258208	4.55852
13.846	66.4528	0.0212611	0.103781
12.3644	68.2649	0.0134507	0.0736134
10.1618	63.4929	0.052036	0.114695
11.414	65.9587	0.0258208	4.55852
8.78345	65.7825	0.0299158	4.61399
12.8597	63.4929	0.0515311	0.113903
15.5575	63.4929	0.0561092	4.62987
13.846	66.4528	0.0212611	0.103781
10.1618	63.4929	0.052036	0.114695
12.8597	63.4929	0.0515311	0.113903
11.414	65.9587	0.0258208	4.55852
10.1618	63.4929	0.052036	0.114695
12.3979	60.3349	0.134725	4.48013
12.8597	63.4929	0.0515311	0.113903
9.83732	68.2649	0.0151202	0.0874901
7.31021	68.2649	0.019014	0.10976
8.78345	65.7825	0.0299158	4.61399
31.8745	54.2817	4.82883	0.0115633
30.9447	52.3495	4.86866	0.00705495
34.1289	53.2696	4.85303	0.00713252
35.7802	55.2938	4.85189	0.00964438
31.8745	54.2817	4.82883	0.0115633
34.1289	53.2696	4.85303	0.00713252
29.6201	55.2938	4.80002	0.0166842
30.9447	52.3495	4.86866	0.00705495
31.8745	54.2817	4.82883	0.0115633
29.839	59.2394	0.114016	0.0579017
26.4853	58.144	4.72143	0.0530694
29.6201	55.2938	4.80002	0.0166842
33.5519	59.0383	0.125008	0.0397047
29.839	59.2394	0.114016	0.0579017
32.1533	57.1939	0.169516	0.0268006
35.7802	55.2938	4.85189	0.00964438
33.5519	59.0383	0.125008	0.0397047
32.1533	57.1939	0.169516	0.0268006
34.9506	60.8826	0.0852581	0.0531468
31.3817	62.6228	0.0411075	4.5216
33.5519	59.0383	0.125008	0.0397047
28.6113	62.4488	0.0508973	0.10086
26.4215	60.8826	0.0983282	4.53496
29.839	59.2394	0.114016	0.0579017
26.54	55.2938	0.234124	0.0223652
27.9723	52.3495	4.87486	0.00842102
29.6201	55.2938	4.80002	0.0166842
25.6371	53.0665	0.280899	0.0122101
27.9723	52.3495	4.87486	0.00842102
26.54	55.2938	0.234124	0.0223652
24.7341	50.8393	4.92272	0.00639042
28.0388	49.3292	4.91409	0.00410937
27.9723	52.3495	4.87486	0.00842102
22.5483	72.3429	0.00423703	0.0400341
23.75	70.3973	0.00653567	0.0605877
25	72.3429	0.00405871	0.0303666
23.0327	74.7883	0.00272988	0.0178362
22.5483	72.3429	0.00423703	0.0400341
25	72.3429	0.00405871	0.0303666
21.4331	74.0896	0.00309514	0.0227833
19.0551	74.0896	0.00323139	0.0215792
20.0967	72.3429	0.00439683	0.0392743
19.0904	66.7823	0.0197636	0.13844
22.2828	65.9587	0.0232461	4.66767
21.8037	69.5771	0.00816859	4.51375
24.3347	67.1118	0.0156044	0.114886
23.75	70.3973	0.00653567	0.0605877
21.8037	69.5771	0.00816859	4.51375
27.0253	69.2491	0.00812731	0.0566477
30.0542	68.2649	0.0101608	4.40624
28.75	70.3973	0.00613238	0.0413096
25.6067	64.7258	0.03069	4.6078
28.4106	64.5496	0.0283247	0.0960861
26.9568	67.2765	0.0137979	0.0831546
22.2828	65.9587	0.0232461	4.66767
25.6067	64.7258	0.03069	4.6078
24.3347	67.1118	0.0156044	0.114886
23.0704	62.1007	0.0826277	0.138027
26.4215	60.8826	0.0983282	4.53496
25.6067	64.7258	0.03069	4.6078
30.4344	65.9587	0.0177367	0.0776051
30.0542	68.2649	0.0101608	4.40624
26.9568	67.2765	0.0137979	0.0831546
28.6113	62.4488	0.0508973	0.10086
31.3817	62.6228	0.0411075	4.5216
28.4106	64.5496	0.0283247	0.0960861
25.6067	64.7258	0.03069	4.6078
28.6113	62.4488	0.0508973	0.10086
28.4106	64.5496	0.0283247	0.0960861
26.4215	60.8826	0.0983282	4.53496
26.4853	58.144	4.72143	0.0530694
29.839	59.2394	0.114016	0.0579017
25.6067	64.7258	0.03069	4.6078
26.4215	60.8826	0.0983282	4.53496
28.6113	62.4488	0.0508973	0.10086
24.0253	59.6046	4.70113	0.0823231
23.0771	56.6239	4.84722	0.0346071
26.4853	58.144	4.72143	0.0530694
33.1516	65.9587	0.018099	0.0660322
34.8233	67.7707	0.0120239	0.0477231
32.2468	68.921	0.00829956	0.0457668
31.3817	62.6228	0.0411075	4.5216
33.1516	65.9587	0.018099	0.0660322
30.4344	65.9587	0.0177367	0.0776051
34.1521	62.7968	0.0482095	4.44798
35.8688	65.9587	0.0201622	0.0545875
33.1516	65.9587	0.018099	0.0660322
32.355	72.3429	0.00410442	0.0194487
33.75	70.3973	0.00619936	0.027968
34.8066	72.3429	0.0044371	0.0184614
29.3832	76.0659	0.00235479	0.0094716
28.5669	74.0896	0.00298446	0.0149826
30.9297	73.8705	0.0031347	0.0143196
31.0572	70.658	0.00563373	0.0339645
33.75	70.3973	0.00619936	0.027968
32.355	72.3429	0.00410442	0.0194487
29.9033	72.3429	0.0040265	0.0223533
31.0572	70.658	0.00563373	0.0339645
32.355	72.3429	0.00410442	0.0194487
28.4106	64.5496	0.0283247	0.0960861
31.3817	62.6228	0.0411075	4.5216
30.4344	65.9587	0.0177367	0.0776051
24.3347	67.1118	0.0156044	0.114886
25.6067	64.7258	0.03069	4.6078
26.9568	67.2765	0.0137979	0.0831546
23.0704	62.1007	0.0826277	0.138027
24.0253	59.6046	4.70113	0.0823231
26.4215	60.8826	0.0983282	4.53496
30.4344	65.9587	0.0177367	0.0776051
32.2468	68.921	0.00829956	0.0457668
30.0542	68.2649	0.0101608	4.40624
34.8233	67.7707	0.0120239	0.0477231
33.75	70.3973	0.00619936	0.027968
32.2468	68.921	0.00829956	0.0457668
43.2329	49.3292	4.93328	0.00227938
40.1224	48.7521	4.86304	0.0022045
40.433	46.2515	4.79869	0.00172283
48.7787	52.3495	4.96812	0.00293623
45.8487	52.5335	4.96037	0.00328357
46.2717	49.3292	4.96127	0.00220216
42.834	52.3495	4.94648	0.00350052
40.1224	48.7521	4.86304	0.0022045
43.2329	49.3292	4.93328	0.00227938
47.2801	58.144	4.85742	0.00948345
44.2548	57.954	4.83252	0.0114638
45.0204	55.2938	4.92724	0.0056941
38.8603	55.2938	4.89374	0.00753635
35.7802	55.2938	4.85189	0.00964438
36.7564	51.5944	4.8569	0.0039287
41.9404	55.2938	4.9131	0.00653742
38.8603	55.2938	4.89374	0.00753635
39.8617	52.3495	4.91527	0.00394146
45.8487	52.5335	4.96037	0.00328357
45.0204	55.2938	4.92724	0.0056941
42.834	52.3495	4.94648	0.00350052
41.4664	58.5091	4.78942	0.0150556
40.6366	60.8826	0.115716	0.0301491
38.5596	58.6917	4.75771	0.0176134
44.2548	57.954	4.83252	0.0114638
41.4664	58.5091	4.78942	0.0150556
41.9404	55.2938	4.9131	0.00653742
44.2548	57.954	4.83252	0.0114638
43.4796	60.8826	0.12355	0.0300843
41.4664	58.5091	4.78942	0.0150556
38.5596	58.6917	4.75771	0.0176134
35.7802	55.2938	4.85189	0.00964438
38.8603	55.2938	4.89374	0.00753635
6.31731	42.7435	4.99189	0.00197587
3.39381	46.2515	4.99383	0.00258167
3.19711	42.9395	4.99502	0.00200176
45.8487	52.5335	4.96037	0.00328357
42.834	52.3495	4.94648	0.00350052
43.2329	49.3292	4.93328	0.00227938
48.1005	55.2938	4.94054	0.00483931
45.8487	52.5335	4.96037	0.00328357
48.7787	52.3495	4.96812	0.00293623
48.1005	55.2938	4.94054	0.00483931
47.2801	58.144	4.85742	0.00948345
45.0204	55.2938	4.92724	0.0056941
37.7936	60.8826	0.10568	0.0291639
38.5596	58.6917	4.75771	0.0176134
40.6366	60.8826	0.115716	0.0301491
41.3032	65.9587	0.0271117	0.0434199
39.6261	63.8451	0.0446284	0.0419235
42.43	63.669	0.0540761	4.35743
34.9506	60.8826	0.0852581	0.0531468
35.6527	58.8743	4.67831	0.027961
37.7936	60.8826	0.10568	0.0291639
31.3817	62.6228	0.0411075	4.5216
34.9506	60.8826	0.0852581	0.0531468
34.1521	62.7968	0.0482095	4.44798
33.5519	59.0383	0.125008	0.0397047
35.7802	55.2938	4.85189	0.00964438
35.6527	58.8743	4.67831	0.027961
31.8745	54.2817	4.82883	0.0115633
35.7802	55.2938	4.85189	0.00964438
32.1533	57.1939	0.169516	0.0268006
34.1165	49.3292	0.21102	0.00300775
34.2598	46.2515	0.155155	0.00198549
37.0597	48.5598	0.203593	0.00245355
28.0388	49.3292	4.91409	0.00410937
31.0776	49.3292	4.8516	0.0036727
30.9447	52.3495	4.86866	0.00705495
28.0388	49.3292	4.91409	0.00410937
25	46.2515	4.94032	0.00251249
28.0866	46.2515	4.90023	0.00236408
36.7564	51.5944	4.8569	0.0039287
35.7802	55.2938	4.85189	0.00964438
34.1289	53.2696	4.85303	0.00713252
30.9447	52.3495	4.86866	0.00705495
31.0776	49.3292	4.8516	0.0036727
34.1165	49.3292	0.21102	0.00300775
40.1224	48.7521	4.86304	0.0022045
42.834	52.3495	4.94648	0.00350052
39.8617	52.3495	4.91527	0.00394146
39.8617	52.3495	4.91527	0.00394146
42.834	52.3495	4.94648	0.00350052
41.9404	55.2938	4.9131	0.00653742
36.7564	51.5944	4.8569	0.0039287
39.8617	52.3495	4.91527	0.00394146
38.8603	55.2938	4.89374	0.00753635
36.7564	51.5944	4.8569	0.0039287
40.1224	48.7521	4.86304	0.0022045
39.8617	52.3495	4.91527	0.00394146
18.9224	49.3292	4.96557	0.00479474
19.0553	52.3495	4.95713	0.0100348
16.083	52.3495	4.96471	0.00998916
15.7402	46.2515	4.95671	0.00290232
18.8268	46.2515	4.9415	0.00277472
15.8835	49.3292	4.97393	0.0047729
21.7462	47.598	4.95446	0.00342691
25	46.2515	4.94032	0.00251249
24.7341	50.8393	4.92272	0.00639042
22.0108	14.5924	0.171587	0.00118777
19.9458	11.7351	0.129109	0.0011966
23.0432	12.7235	0.138512	0.00118571
17.645	7.6571	0.0720635	0.00124379
18.75	9.60269	0.0998915	0.00121903
16.5822	10.0948	4.66569	0.00121661
14.9215	7.36598	0.0795952	0.00126511
17.645	7.6571	0.0720635	0.00124379
16.5822	10.0948	4.66569	0.00121661
16.6772	5.91038	0.0491437	0.00126259
19.0551	5.91038	0.0399522	0.0012519
17.645	7.6571	0.0720635	0.00124379
20.0967	7.6571	0.0536967	0.00123022
21.25	9.60269	0.0734255	0.00120608
18.75	9.60269	0.0998915	0.00121903
17.645	7.6571	0.0720635	0.00124379
19.0551	5.91038	0.0399522	0.0012519
20.0967	7.6571	0.0536967	0.00123022
24.1844	6.78374	0.0440737	0.00123969
26.189	5.91038	0.0390673	0.00125529
25.4207	8.55507	0.0780949	0.00122305
28.5669	5.91038	0.043073	0.00126093
31.8199	4.37335	0.0314532	0.00127149
31.1316	6.34706	0.049618	0.00125266
26.9661	0.123895	0.0155839	0.00129109
28.4094	2.238	0.0197006	0.00128755
26.0648	3.0556	0.0206388	0.00128002
28.9198	0.494728	0.0180584	0.00129071
30.8485	1.10996	0.0204586	0.00128932
28.4094	2.238	0.0197006	0.00128755
31.25	9.60269	0.127213	0.00121572
33.75	9.60269	0.107032	0.0012011
32.5813	11.7351	4.75383	0.00117748
30.9096	13.2177	4.85509	0.00118375
29.636	10.915	4.73842	0.00119113
32.5813	11.7351	4.75383	0.00117748
32.355	7.6571	0.0676628	0.00123177
33.4473	6.2015	0.0459799	0.00124372
34.9468	7.95642	0.0684653	0.0012111
29.9033	7.6571	0.0737177	0.00124044
32.355	7.6571	0.0676628	0.00123177
31.25	9.60269	0.127213	0.00121572
31.1316	6.34706	0.049618	0.00125266
31.8199	4.37335	0.0314532	0.00127149
33.4473	6.2015	0.0459799	0.00124372
29.9033	7.6571	0.0737177	0.00124044
31.1316	6.34706	0.049618	0.00125266
32.355	7.6571	0.0676628	0.00123177
29.9033	7.6571	0.0737177	0.00124044
28.5669	5.91038	0.043073	0.00126093
31.1316	6.34706	0.049618	0.00125266
28.5669	5.91038	0.043073	0.00126093
29.9033	7.6571	0.0737177	0.00124044
27.8022	8.40541	0.0921414	0.00123205
25	4.37335	0.0259508	0.00126725
27.2733	4.37335	0.0283045	0.00127294
26.189	5.91038	0.0390673	0.00125529
27.2733	4.37335	0.0283045	0.00127294
30.3241	3.0556	0.0235913	0.00128409
28.5669	5.91038	0.043073	0.00126093
31.1316	6.34706	0.049618	0.00125266
33.4473	6.2015	0.0459799	0.00124372
32.355	7.6571	0.0676628	0.00123177
27.2733	4.37335	0.0283045	0.00127294
28.4094	2.238	0.0197006	0.00128755
30.3241	3.0556	0.0235913	0.00128409
26.189	5.91038	0.0390673	0.00125529
27.2733	4.37335	0.0283045	0.00127294
28.5669	5.91038	0.043073	0.00126093
26.0648	3.0556	0.0206388	0.00128002
28.4094	2.238	0.0197006	0.00128755
27.2733	4.37335	0.0283045	0.00127294
29.636	10.915	4.73842	0.00119113
29.9033	7.6571	0.0737177	0.00124044
31.25	9.60269	0.127213	0.00121572
25.4207	8.55507	0.0780949	0.00122305
27.8022	8.40541	0.0921414	0.00123205
27.0253	10.7509	4.69523	0.00118937
25.4207	8.55507	0.0780949	0.00122305
26.189	5.91038	0.0390673	0.00125529
27.8022	8.40541	0.0921414	0.00123205
26.3489	16.5071	4.88795	0.00119126
24.3933	15.2742	0.219318	0.00119338
25.6653	12.8882	4.75134	0.00117474
30.3241	3.0556	0.0235913	0.00128409
31.8199	4.37335	0.0314532	0.00127149
28.5669	5.91038	0.043073	0.00126093
30.8485	1.10996	0.0204586	0.00128932
30.3241	3.0556	0.0235913	0.00128409
28.4094	2.238	0.0197006	0.00128755
30.8485	1.10996	0.0204586	0.00128932
32.7403	1.96546	0.0243766	0.00128168
30.3241	3.0556	0.0235913	0.00128409
30.3241	3.0556	0.0235913	0.00128409
32.7403	1.96546	0.0243766	0.00128168
31.8199	4.37335	0.0314532	0.00127149
23.9352	3.0556	0.0198746	0.00127513
25	4.37335	0.0259508	0.00126725
22.7267	4.37335	0.0247818	0.00126279
26.9661	0.123895	0.0155839	0.00129109
26.0648	3.0556	0.0206388	0.00128002
25.0248	1.47661	0.0165885	0.00128472
26.9661	0.123895	0.0155839	0.00129109
28.9198	0.494728	0.0180584	0.00129071
28.4094	2.238	0.0197006	0.00128755
25.0248	1.47661	0.0165885	0.00128472
25	-8.70219e-28	0.0156362	0.00128673
26.9661	0.123895	0.0155839	0.00129109
23.9352	3.0556	0.0198746	0.00127513
25.0248	1.47661	0.0165885	0.00128472
26.0648	3.0556	0.0206388	0.00128002
23.9352	3.0556	0.0198746	0.00127513
23.0835	1.59882	0.0167509	0.00128075
25.0248	1.47661	0.0165885	0.00128472
32.7403	1.96546	0.0243766	0.00128168
34.5833	3.0556	0.0295893	0.00126573
31.8199	4.37335	0.0314532	0.00127149
25	4.37335	0.0259508	0.00126725
26.0648	3.0556	0.0206388	0.00128002
27.2733	4.37335	0.0283045	0.00127294
24.1844	6.78374	0.0440737	0.00123969
25	4.37335	0.0259508	0.00126725
26.189	5.91038	0.0390673	0.00125529
23.9352	3.0556	0.0198746	0.00127513
26.0648	3.0556	0.0206388	0.00128002
25	4.37335	0.0259508	0.00126725
21.913	2.6468	0.0190628	0.00127469
23.9352	3.0556	0.0198746	0.00127513
22.7267	4.37335	0.0247818	0.00126279
23.0835	1.59882	0.0167509	0.00128075
23.0339	0.123895	0.0156054	0.00128348
25.0248	1.47661	0.0165885	0.00128472
21.913	2.6468	0.0190628	0.00127469
23.0835	1.59882	0.0167509	0.00128075
23.9352	3.0556	0.0198746	0.00127513
21.4331	5.91038	0.0341968	0.00124642
20.4534	4.37335	0.026537	0.00126225
22.7267	4.37335	0.0247818	0.00126279
19.7476	2.78306	0.0217819	0.00127254
21.0802	0.494728	0.0166386	0.00128029
21.913	2.6468	0.0190628	0.00127469
23.0339	0.123895	0.0156054	0.00128348
25	-8.70219e-28	0.0156362	0.00128673
25.0248	1.47661	0.0165885	0.00128472
33.4473	6.2015	0.0459799	0.00124372
34.5833	3.0556	0.0295893	0.00126573
35.7008	5.91038	0.0470048	0.00122926
36.3664	4.37335	0.0417367	0.00123736
35.7008	5.91038	0.0470048	0.00122926
34.5833	3.0556	0.0295893	0.00126573
23.5785	19.1174	4.91563	0.00120487
26.3489	16.5071	4.88795	0.00119126
26.4215	19.1174	4.94833	0.00121639
23.0771	23.3761	4.98003	0.00124778
25.3391	26.1784	4.98202	0.00126731
22.0277	27.6505	4.97379	0.0012761
29.636	10.915	4.73842	0.00119113
27.8022	8.40541	0.0921414	0.00123205
29.9033	7.6571	0.0737177	0.00124044
29.636	10.915	4.73842	0.00119113
27.0253	10.7509	4.69523	0.00118937
27.8022	8.40541	0.0921414	0.00123205
32.5813	11.7351	4.75383	0.00117748
29.636	10.915	4.73842	0.00119113
31.25	9.60269	0.127213	0.00121572
28.2875	13.053	4.84087	0.0011839
27.0253	10.7509	4.69523	0.00118937
29.636	10.915	4.73842	0.00119113
23.0432	12.7235	0.138512	0.00118571
25.6653	12.8882	4.75134	0.00117474
24.3933	15.2742	0.219318	0.00119338
24.4145	10.5869	0.116687	0.00119977
25.4207	8.55507	0.0780949	0.00122305
27.0253	10.7509	4.69523	0.00118937
23.0432	12.7235	0.138512	0.00118571
24.4145	10.5869	0.116687	0.00119977
25.6653	12.8882	4.75134	0.00117474
23.0432	12.7235	0.138512	0.00118571
21.25	9.60269	0.0734255	0.00120608
24.4145	10.5869	0.116687	0.00119977
24.1844	6.78374	0.0440737	0.00123969
22.5483	7.6571	0.0486931	0.00122634
21.4331	5.91038	0.0341968	0.00124642
25	4.37335	0.0259508	0.00126725
24.1844	6.78374	0.0440737	0.00123969
22.7267	4.37335	0.0247818	0.00126279
25.4207	8.55507	0.0780949	0.00122305
24.4145	10.5869	0.116687	0.00119977
22.5483	7.6571	0.0486931	0.00122634
24.4145	10.5869	0.116687	0.00119977
21.25	9.60269	0.0734255	0.00120608
22.5483	7.6571	0.0486931	0.00122634
19.5656	14.0413	0.188295	0.00119651
20.9532	16.5071	0.22854	0.00120007
18.2554	16.5071	4.86778	0.00119833
19.9458	11.7351	0.129109	0.0011966
19.5656	14.0413	0.188295	0.00119651
17.7988	12.3941	4.74375	0.00119375
18.75	9.60269	0.0998915	0.00121903
19.9458	11.7351	0.129109	0.0011966
17.7988	12.3941	4.74375	0.00119375
21.25	9.60269	0.0734255	0.00120608
23.0432	12.7235	0.138512	0.00118571
19.9458	11.7351	0.129109	0.0011966
22.0108	14.5924	0.171587	0.00118777
20.9532	16.5071	0.22854	0.00120007
19.5656	14.0413	0.188295	0.00119651
19.9458	11.7351	0.129109	0.0011966
22.0108	14.5924	0.171587	0.00118777
19.5656	14.0413	0.188295	0.00119651
23.0432	12.7235	0.138512	0.00118571
24.3933	15.2742	0.219318	0.00119338
22.0108	14.5924	0.171587	0.00118777
17.7548	18.7251	4.93773	0.00121984
20.7355	19.1174	4.91218	0.00120632
17.2541	20.9431	4.97215	0.00124208
16.8484	14.0413	4.84138	0.00120305
18.2554	16.5071	4.86778	0.00119833
15.9817	15.8026	4.90907	0.00121766
20.9532	16.5071	0.22854	0.00120007
20.7355	19.1174	4.91218	0.00120632
18.2554	16.5071	4.86778	0.00119833
14.9215	7.36598	0.0795952	0.00126511
16.5822	10.0948	4.66569	0.00121661
13.513	9.30337	0.135643	0.00126778
12.6058	7.51154	0.0920267	0.00127685
14.9215	7.36598	0.0795952	0.00126511
13.513	9.30337	0.135643	0.00126778
13.6336	4.37335	0.0483068	0.00127621
15.4167	3.0556	0.0339987	0.0012741
16.6772	5.91038	0.0491437	0.00126259
19.7476	2.78306	0.0217819	0.00127254
19.1515	1.10996	0.0203061	0.00127588
21.0802	0.494728	0.0166386	0.00128029
20.4534	4.37335	0.026537	0.00126225
19.0551	5.91038	0.0399522	0.0012519
18.1801	4.37335	0.0314588	0.00126608
21.913	2.6468	0.0190628	0.00127469
20.4534	4.37335	0.026537	0.00126225
19.7476	2.78306	0.0217819	0.00127254
21.4331	5.91038	0.0341968	0.00124642
19.0551	5.91038	0.0399522	0.0012519
20.4534	4.37335	0.026537	0.00126225
24.1844	6.78374	0.0440737	0.00123969
21.4331	5.91038	0.0341968	0.00124642
22.7267	4.37335	0.0247818	0.00126279
20.0967	7.6571	0.0536967	0.00123022
19.0551	5.91038	0.0399522	0.0012519
21.4331	5.91038	0.0341968	0.00124642
20.4534	4.37335	0.026537	0.00126225
18.1801	4.37335	0.0314588	0.00126608
19.7476	2.78306	0.0217819	0.00127254
23.0835	1.59882	0.0167509	0.00128075
21.0802	0.494728	0.0166386	0.00128029
23.0339	0.123895	0.0156054	0.00128348
27.8022	8.40541	0.0921414	0.00123205
26.189	5.91038	0.0390673	0.00125529
28.5669	5.91038	0.043073	0.00126093
25.6653	12.8882	4.75134	0.00117474
24.4145	10.5869	0.116687	0.00119977
27.0253	10.7509	4.69523	0.00118937
22.5483	7.6571	0.0486931	0.00122634
20.0967	7.6571	0.0536967	0.00123022
21.4331	5.91038	0.0341968	0.00124642
25.4207	8.55507	0.0780949	0.00122305
22.5483	7.6571	0.0486931	0.00122634
24.1844	6.78374	0.0440737	0.00123969
21.25	9.60269	0.0734255	0.00120608
20.0967	7.6571	0.0536967	0.00123022
22.5483	7.6571	0.0486931	0.00122634
14.9215	7.36598	0.0795952	0.00126511
16.6772	5.91038	0.0491437	0.00126259
17.645	7.6571	0.0720635	0.00124379
21.913	2.6468	0.0190628	0.00127469
21.0802	0.494728	0.0166386	0.00128029
23.0835	1.59882	0.0167509	0.00128075
37.3284	7.80676	0.0729146	0.0011967
38.0788	5.91038	0.0583846	0.00120827
39.7099	7.6571	0.092788	0.00118611
33.4473	6.2015	0.0459799	0.00124372
35.7008	5.91038	0.0470048	0.00122926
34.9468	7.95642	0.0684653	0.0012111
33.75	9.60269	0.107032	0.0012011
32.355	7.6571	0.0676628	0.00123177
34.9468	7.95642	0.0684653	0.0012111
31.8199	4.37335	0.0314532	0.00127149
34.5833	3.0556	0.0295893	0.00126573
33.4473	6.2015	0.0459799	0.00124372
36.3664	4.37335	0.0417367	0.00123736
38.0788	5.91038	0.0583846	0.00120827
35.7008	5.91038	0.0470048	0.00122926
19.7476	2.78306	0.0217819	0.00127254
17.2597	1.96546	0.0253301	0.00127423
19.1515	1.10996	0.0203061	0.00127588
18.1801	4.37335	0.0314588	0.00126608
16.6772	5.91038	0.0491437	0.00126259
15.4167	3.0556	0.0339987	0.0012741
19.7476	2.78306	0.0217819	0.00127254
18.1801	4.37335	0.0314588	0.00126608
17.2597	1.96546	0.0253301	0.00127423
19.0551	5.91038	0.0399522	0.0012519
16.6772	5.91038	0.0491437	0.00126259
18.1801	4.37335	0.0314588	0.00126608
21.913	2.6468	0.0190628	0.00127469
22.7267	4.37335	0.0247818	0.00126279
20.4534	4.37335	0.026537	0.00126225
20.0967	7.6571	0.0536967	0.00123022
18.75	9.60269	0.0998915	0.00121903
17.645	7.6571	0.0720635	0.00124379
14.9215	7.36598	0.0795952	0.00126511
13.6336	4.37335	0.0483068	0.00127621
16.6772	5.91038	0.0491437	0.00126259
32.355	7.6571	0.0676628	0.00123177
33.75	9.60269	0.107032	0.0012011
31.25	9.60269	0.127213	0.00121572
38.0788	5.91038	0.0583846	0.00120827
37.3284	7.80676	0.0729146	0.0011967
35.7008	5.91038	0.0470048	0.00122926
38.75	9.60269	0.121605	0.00118179
41.25	9.60269	0.166821	0.00118577
40.1627	11.7351	4.79536	0.00117462
36.25	9.60269	0.100213	0.00118726
38.75	9.60269	0.121605	0.00118179
37.4683	11.4071	0.173629	0.00118035
39.7099	7.6571	0.092788	0.00118611
41.25	9.60269	0.166821	0.00118577
38.75	9.60269	0.121605	0.00118179
15.4167	3.0556	0.0339987	0.0012741
17.2597	1.96546	0.0253301	0.00127423
18.1801	4.37335	0.0314588	0.00126608
44.0204	14.0413	4.94601	0.0012293
41.2166	14.2175	4.92054	0.00120939
42.6898	11.7351	4.86669	0.00119134
14.9215	7.36598	0.0795952	0.00126511
12.6058	7.51154	0.0920267	0.00127685
13.6336	4.37335	0.0483068	0.00127621
15.1767	12.2293	4.81635	0.00122334
12.5545	12.0646	4.82911	0.00125063
13.513	9.30337	0.135643	0.00126778
16.5822	10.0948	4.66569	0.00121661
17.7988	12.3941	4.74375	0.00119375
15.1767	12.2293	4.81635	0.00122334
14.1312	14.0413	4.89553	0.00123437
12.5545	12.0646	4.82911	0.00125063
15.1767	12.2293	4.81635	0.00122334
15.9817	15.8026	4.90907	0.00121766
14.7591	18.4213	4.96283	0.00124381
13.1778	15.9788	4.94398	0.00124809
16.5822	10.0948	4.66569	0.00121661
18.75	9.60269	0.0998915	0.00121903
17.7988	12.3941	4.74375	0.00119375
22.0108	14.5924	0.171587	0.00118777
24.3933	15.2742	0.219318	0.00119338
20.9532	16.5071	0.22854	0.00120007
11.4404	21.3083	4.98873	0.00128128
12.2064	19.1174	4.97874	0.00126715
14.6026	21.856	4.98522	0.00126639
8.66123	21.856	4.99243	0.0012941
11.4404	21.3083	4.98873	0.00128128
10.9756	24.1362	4.99345	0.00129738
8.66123	21.856	4.99243	0.0012941
9.3634	19.1174	4.98439	0.00128236
11.4404	21.3083	4.98873	0.00128128
6.52038	19.1174	4.98825	0.00129038
7.464	16.5071	4.97365	0.00128279
9.3634	19.1174	4.98439	0.00128236
3.67737	19.1174	4.99106	0.00129437
6.52038	19.1174	4.98825	0.00129038
5.62671	21.6734	4.99388	0.00130007
3.67737	19.1174	4.99106	0.00129437
4.76616	16.5071	4.98098	0.00128724
6.52038	19.1174	4.98825	0.00129038
10.1618	16.5071	4.96475	0.00127207
12.2064	19.1174	4.97874	0.00126715
9.3634	19.1174	4.98439	0.00128236
5.97957	14.0413	4.95598	0.00128144
8.69678	14.0413	4.93563	0.00127539
7.464	16.5071	4.97365	0.00128279
11.414	14.0413	4.91646	0.00126005
13.1778	15.9788	4.94398	0.00124809
10.1618	16.5071	4.96475	0.00127207
15.1767	12.2293	4.81635	0.00122334
16.8484	14.0413	4.84138	0.00120305
14.1312	14.0413	4.89553	0.00123437
6.52038	19.1174	4.98825	0.00129038
9.3634	19.1174	4.98439	0.00128236
8.66123	21.856	4.99243	0.0012941
14.7591	18.4213	4.96283	0.00124381
12.2064	19.1174	4.97874	0.00126715
13.1778	15.9788	4.94398	0.00124809
14.7591	18.4213	4.96283	0.00124381
14.6026	21.856	4.98522	0.00126639
12.2064	19.1174	4.97874	0.00126715
12.6058	7.51154	0.0920267	0.00127685
11.9212	5.91038	0.0776816	0.00127858
13.6336	4.37335	0.0483068	0.00127621
11.25	9.60269	0.154676	0.00128228
12.6058	7.51154	0.0920267	0.00127685
13.513	9.30337	0.135643	0.00126778
10.2901	7.6571	0.116872	0.00128417
11.9212	5.91038	0.0776816	0.00127858
12.6058	7.51154	0.0920267	0.00127685
41.2166	14.2175	4.92054	0.00120939
40.1627	11.7351	4.79536	0.00117462
42.6898	11.7351	4.86669	0.00119134
35.1085	11.7351	0.179264	0.0011837
37.4683	11.4071	0.173629	0.00118035
35.6088	14.5697	4.87395	0.00118159
33.1516	14.0413	4.87103	0.00118067
35.1085	11.7351	0.179264	0.0011837
35.6088	14.5697	4.87395	0.00118159
32.5813	11.7351	4.75383	0.00117748
33.75	9.60269	0.107032	0.0012011
35.1085	11.7351	0.179264	0.0011837
37.3284	7.80676	0.0729146	0.0011967
39.7099	7.6571	0.092788	0.00118611
38.75	9.60269	0.121605	0.00118179
36.25	9.60269	0.100213	0.00118726
37.3284	7.80676	0.0729146	0.0011967
38.75	9.60269	0.121605	0.00118179
35.1085	11.7351	0.179264	0.0011837
36.25	9.60269	0.100213	0.00118726
37.4683	11.4071	0.173629	0.00118035
34.9468	7.95642	0.0684653	0.0012111
37.3284	7.80676	0.0729146	0.0011967
36.25	9.60269	0.100213	0.00118726
34.9468	7.95642	0.0684653	0.0012111
35.7008	5.91038	0.0470048	0.00122926
37.3284	7.80676	0.0729146	0.0011967
42.536	16.5071	4.96764	0.00124879
44.0204	14.0413	4.94601	0.0012293
45.2338	16.5071	4.97766	0.0012644
38.4127	14.3936	4.88755	0.00118954
41.2166	14.2175	4.92054	0.00120939
39.693	16.8552	4.95833	0.00123217
38.4127	14.3936	4.88755	0.00118954
37.4683	11.4071	0.173629	0.00118035
40.1627	11.7351	4.79536	0.00117462
10.2901	7.6571	0.116872	0.00128417
12.6058	7.51154	0.0920267	0.00127685
11.25	9.60269	0.154676	0.00128228
28.2875	13.053	4.84087	0.0011839
30.001	14.922	4.90921	0.00119322
26.3489	16.5071	4.88795	0.00119126
35.1085	11.7351	0.179264	0.0011837
33.1516	14.0413	4.87103	0.00118067
32.5813	11.7351	4.75383	0.00117748
30.001	14.922	4.90921	0.00119322
28.6113	17.5512	4.94385	0.00121085
26.3489	16.5071	4.88795	0.00119126
30.9096	13.2177	4.85509	0.00118375
30.001	14.922	4.90921	0.00119322
28.2875	13.053	4.84087	0.0011839
29.636	10.915	4.73842	0.00119113
30.9096	13.2177	4.85509	0.00118375
28.2875	13.053	4.84087	0.0011839
32.5813	11.7351	4.75383	0.00117748
33.1516	14.0413	4.87103	0.00118067
30.9096	13.2177	4.85509	0.00118375
31.7446	16.5071	4.94094	0.00120668
28.6113	17.5512	4.94385	0.00121085
30.001	14.922	4.90921	0.00119322
34.4425	16.5071	4.93867	0.00120603
31.7446	16.5071	4.94094	0.00120668
33.1516	14.0413	4.87103	0.00118067
34.4425	16.5071	4.93867	0.00120603
34.9506	19.1174	4.9745	0.00124298
32.1075	19.1174	4.97324	0.00123744
37.1403	16.5071	4.94152	0.00121205
34.4425	16.5071	4.93867	0.00120603
35.6088	14.5697	4.87395	0.00118159
37.1403	16.5071	4.94152	0.00121205
37.7936	19.1174	4.97661	0.00125184
34.9506	19.1174	4.9745	0.00124298
11.414	14.0413	4.91646	0.00126005
14.1312	14.0413	4.89553	0.00123437
13.1778	15.9788	4.94398	0.00124809
8.69678	14.0413	4.93563	0.00127539
9.93237	11.8999	4.84847	0.00126849
11.414	14.0413	4.91646	0.00126005
11.25	9.60269	0.154676	0.00128228
13.513	9.30337	0.135643	0.00126778
12.5545	12.0646	4.82911	0.00125063
10.2901	7.6571	0.116872	0.00128417
11.25	9.60269	0.154676	0.00128228
8.74996	9.60269	0.190336	0.00129029
13.513	9.30337	0.135643	0.00126778
16.5822	10.0948	4.66569	0.00121661
15.1767	12.2293	4.81635	0.00122334
9.93237	11.8999	4.84847	0.00126849
11.25	9.60269	0.154676	0.00128228
12.5545	12.0646	4.82911	0.00125063
11.414	14.0413	4.91646	0.00126005
9.93237	11.8999	4.84847	0.00126849
12.5545	12.0646	4.82911	0.00125063
8.69678	14.0413	4.93563	0.00127539
7.31021	11.7351	4.89101	0.00127571
9.93237	11.8999	4.84847	0.00126849
37.4683	11.4071	0.173629	0.00118035
38.4127	14.3936	4.88755	0.00118954
35.6088	14.5697	4.87395	0.00118159
42.536	16.5071	4.96764	0.00124879
43.4158	19.3	4.98732	0.00128101
40.5089	19.4825	4.98344	0.00126892
44.0204	14.0413	4.94601	0.0012293
42.536	16.5071	4.96764	0.00124879
41.2166	14.2175	4.92054	0.00120939
45.2338	16.5071	4.97766	0.0012644
43.4158	19.3	4.98732	0.00128101
42.536	16.5071	4.96764	0.00124879
40.5089	19.4825	4.98344	0.00126892
41.2294	22.236	4.99284	0.00129566
38.204	22.4261	4.99176	0.00128772
42.536	16.5071	4.96764	0.00124879
40.5089	19.4825	4.98344	0.00126892
39.693	16.8552	4.95833	0.00123217
43.4158	19.3	4.98732	0.00128101
41.2294	22.236	4.99284	0.00129566
40.5089	19.4825	4.98344	0.00126892
47.2801	21.856	4.9951	0.00130827
44.3095	21.856	4.99392	0.00130183
46.3226	19.1174	4.99031	0.00128929
38.4127	14.3936	4.88755	0.00118954
37.1403	16.5071	4.94152	0.00121205
35.6088	14.5697	4.87395	0.00118159
40.1627	11.7351	4.79536	0.00117462
41.2166	14.2175	4.92054	0.00120939
38.4127	14.3936	4.88755	0.00118954
38.75	9.60269	0.121605	0.00118179
40.1627	11.7351	4.79536	0.00117462
37.4683	11.4071	0.173629	0.00118035
41.25	9.60269	0.166821	0.00118577
42.6898	11.7351	4.86669	0.00119134
40.1627	11.7351	4.79536	0.00117462
39.693	16.8552	4.95833	0.00123217
37.1403	16.5071	4.94152	0.00121205
38.4127	14.3936	4.88755	0.00118954
40.5089	19.4825	4.98344	0.00126892
37.7936	19.1174	4.97661	0.00125184
39.693	16.8552	4.95833	0.00123217
28.8815	20.2128	4.97375	0.00123863
29.1279	22.9961	4.98648	0.00126238
26.1025	23.1861	4.98171	0.00125197
32.1075	19.1174	4.97324	0.00123744
34.9506	19.1174	4.9745	0.00124298
32.4267	21.856	4.98759	0.00126597
28.8815	20.2128	4.97375	0.00123863
32.1075	19.1174	4.97324	0.00123744
32.4267	21.856	4.98759	0.00126597
31.7446	16.5071	4.94094	0.00120668
34.4425	16.5071	4.93867	0.00120603
32.1075	19.1174	4.97324	0.00123744
28.6113	17.5512	4.94385	0.00121085
31.7446	16.5071	4.94094	0.00120668
32.1075	19.1174	4.97324	0.00123744
11.414	14.0413	4.91646	0.00126005
12.5545	12.0646	4.82911	0.00125063
14.1312	14.0413	4.89553	0.00123437
12.2064	19.1174	4.97874	0.00126715
10.1618	16.5071	4.96475	0.00127207
13.1778	15.9788	4.94398	0.00124809
9.93237	11.8999	4.84847	0.00126849
8.74996	9.60269	0.190336	0.00129029
11.25	9.60269	0.154676	0.00128228
43.4158	19.3	4.98732	0.00128101
45.2338	16.5071	4.97766	0.0012644
46.3226	19.1174	4.99031	0.00128929
33.1516	14.0413	4.87103	0.00118067
35.6088	14.5697	4.87395	0.00118159
34.4425	16.5071	4.93867	0.00120603
36.25	9.60269	0.100213	0.00118726
33.75	9.60269	0.107032	0.0012011
34.9468	7.95642	0.0684653	0.0012111
21.9134	33.7485	0.263227	0.00135028
18.9132	34.917	4.85792	0.00138096
18.6835	32.5943	4.91899	0.0013376
25	30.6708	4.93078	0.00128305
21.9134	33.7485	0.263227	0.00135028
21.9612	30.6708	4.92648	0.0012967
21.8846	36.8646	4.81026	0.00139846
18.9132	34.917	4.85792	0.00138096
21.9134	33.7485	0.263227	0.00135028
25	40	4.87402	0.00143024
21.8846	36.8646	4.81026	0.00139846
25.1151	35.3065	0.254713	0.00132375
21.9134	33.7485	0.263227	0.00135028
18.6835	32.5943	4.91899	0.0013376
21.9612	30.6708	4.92648	0.0012967
18.7212	38.8242	0.208488	0.00154542
18.9132	34.917	4.85792	0.00138096
21.8846	36.8646	4.81026	0.00139846
17.2667	36.7732	0.250902	0.00147975
15.8122	34.7222	4.90435	0.00140022
18.9132	34.917	4.85792	0.00138096
18.7212	38.8242	0.208488	0.00154542
17.2667	36.7732	0.250902	0.00147975
18.9132	34.917	4.85792	0.00138096
18.7212	38.8242	0.208488	0.00154542
15.601	39.0202	0.244366	0.00158738
17.2667	36.7732	0.250902	0.00147975
18.7981	41.9596	0.236451	0.0018803
18.7212	38.8242	0.208488	0.00154542
21.9014	39.3141	0.241095	0.00151878
15.601	39.0202	0.244366	0.00158738
15.8122	34.7222	4.90435	0.00140022
17.2667	36.7732	0.250902	0.00147975
14.001	23.9462	4.99054	0.0012829
14.6026	21.856	4.98522	0.00126639
17.2998	24.7062	4.98746	0.00127169
13.1107	27.6505	4.99042	0.00131289
12.8447	30.6708	4.98272	0.00134593
10.1383	27.6505	4.99387	0.0013257
15.2052	26.1784	4.98945	0.00129195
15.7173	29.727	4.9786	0.00131877
13.1107	27.6505	4.99042	0.00131289
20.3799	24.7062	4.98198	0.00126012
18.0114	27.1222	4.98266	0.0012857
17.2998	24.7062	4.98746	0.00127169
18.7229	29.5382	4.96529	0.00130195
15.7173	29.727	4.9786	0.00131877
18.0114	27.1222	4.98266	0.0012857
18.7229	29.5382	4.96529	0.00130195
18.6835	32.5943	4.91899	0.0013376
15.7173	29.727	4.9786	0.00131877
10.9756	24.1362	4.99345	0.00129738
8.05963	24.7062	4.99527	0.00131002
8.66123	21.856	4.99243	0.0012941
10.1383	27.6505	4.99387	0.0013257
8.05963	24.7062	4.99527	0.00131002
10.9756	24.1362	4.99345	0.00129738
10.1383	27.6505	4.99387	0.0013257
9.80591	30.6708	4.99051	0.00136278
7.16598	27.6505	4.99589	0.00133559
6.70061	30.2933	4.99516	0.00136893
7.16598	27.6505	4.99589	0.00133559
9.80591	30.6708	4.99051	0.00136278
4.97956	24.7062	4.9962	0.00131693
5.62671	21.6734	4.99388	0.00130007
8.05963	24.7062	4.99527	0.00131002
3.67737	19.1174	4.99106	0.00129437
5.62671	21.6734	4.99388	0.00130007
2.71986	21.856	4.99511	0.00130512
6.52038	19.1174	4.98825	0.00129038
4.76616	16.5071	4.98098	0.00128724
7.464	16.5071	4.97365	0.00128279
25	30.6708	4.93078	0.00128305
28.0388	30.6708	4.96143	0.00127468
28.0866	33.7485	4.91494	0.00125987
47.2801	21.856	4.9951	0.00130827
48.1005	24.7062	4.99695	0.00133019
45.0204	24.7062	4.99652	0.00132327
26.4215	19.1174	4.94833	0.00121639
26.3489	16.5071	4.88795	0.00119126
28.6113	17.5512	4.94385	0.00121085
18.0114	27.1222	4.98266	0.0012857
22.0277	27.6505	4.97379	0.0012761
18.7229	29.5382	4.96529	0.00130195
17.2541	20.9431	4.97215	0.00124208
20.544	21.856	4.96816	0.00123466
17.2998	24.7062	4.98746	0.00127169
23.0771	23.3761	4.98003	0.00124778
26.1025	23.1861	4.98171	0.00125197
25.3391	26.1784	4.98202	0.00126731
17.2998	24.7062	4.98746	0.00127169
20.544	21.856	4.96816	0.00123466
20.3799	24.7062	4.98198	0.00126012
24.8405	21.1517	4.96319	0.00122938
26.1025	23.1861	4.98171	0.00125197
23.0771	23.3761	4.98003	0.00124778
20.544	21.856	4.96816	0.00123466
24.8405	21.1517	4.96319	0.00122938
23.0771	23.3761	4.98003	0.00124778
23.5785	19.1174	4.91563	0.00120487
26.4215	19.1174	4.94833	0.00121639
24.8405	21.1517	4.96319	0.00122938
31.199	26.5464	4.99044	0.00128547
30.7452	28.7831	4.98476	0.00128403
28.269	26.3624	4.98616	0.00127515
29.1279	22.9961	4.98648	0.00126238
31.199	26.5464	4.99044	0.00128547
28.269	26.3624	4.98616	0.00127515
32.7002	24.7062	4.99235	0.00128527
33.7508	28.5944	4.9914	0.00129933
31.199	26.5464	4.99044	0.00128547
20.544	21.856	4.96816	0.00123466
23.0771	23.3761	4.98003	0.00124778
20.3799	24.7062	4.98198	0.00126012
20.7355	19.1174	4.91218	0.00120632
20.544	21.856	4.96816	0.00123466
17.2541	20.9431	4.97215	0.00124208
17.7548	18.7251	4.93773	0.00121984
18.2554	16.5071	4.86778	0.00119833
20.7355	19.1174	4.91218	0.00120632
14.7591	18.4213	4.96283	0.00124381
17.7548	18.7251	4.93773	0.00121984
17.2541	20.9431	4.97215	0.00124208
14.7591	18.4213	4.96283	0.00124381
15.9817	15.8026	4.90907	0.00121766
17.7548	18.7251	4.93773	0.00121984
20.9532	16.5071	0.22854	0.00120007
23.5785	19.1174	4.91563	0.00120487
20.7355	19.1174	4.91218	0.00120632
23.5785	19.1174	4.91563	0.00120487
24.8405	21.1517	4.96319	0.00122938
20.544	21.856	4.96816	0.00123466
26.689	28.4246	4.97226	0.00127521
22.0277	27.6505	4.97379	0.0012761
25.3391	26.1784	4.98202	0.00126731
21.9612	30.6708	4.92648	0.0012967
18.6835	32.5943	4.91899	0.0013376
18.7229	29.5382	4.96529	0.00130195
20.7355	19.1174	4.91218	0.00120632
23.5785	19.1174	4.91563	0.00120487
20.544	21.856	4.96816	0.00123466
16.8484	14.0413	4.84138	0.00120305
19.5656	14.0413	0.188295	0.00119651
18.2554	16.5071	4.86778	0.00119833
16.8484	14.0413	4.84138	0.00120305
17.7988	12.3941	4.74375	0.00119375
19.5656	14.0413	0.188295	0.00119651
14.1312	14.0413	4.89553	0.00123437
16.8484	14.0413	4.84138	0.00120305
15.9817	15.8026	4.90907	0.00121766
15.1767	12.2293	4.81635	0.00122334
17.7988	12.3941	4.74375	0.00119375
16.8484	14.0413	4.84138	0.00120305
18.75	9.60269	0.0998915	0.00121903
21.25	9.60269	0.0734255	0.00120608
19.9458	11.7351	0.129109	0.0011966
24.3933	15.2742	0.219318	0.00119338
23.5785	19.1174	4.91563	0.00120487
20.9532	16.5071	0.22854	0.00120007
4.97956	24.7062	4.9962	0.00131693
4.19365	27.6505	4.99679	0.00134339
1.8995	24.7062	4.99665	0.00132252
8.74996	9.60269	0.190336	0.00129029
9.93237	11.8999	4.84847	0.00126849
7.31021	11.7351	4.89101	0.00127571
46.8029	37.0605	4.97405	0.00139344
43.6827	37.2565	4.93676	0.00131994
46.6062	33.7485	4.99204	0.00139749
41.9404	24.7062	4.99581	0.00131513
45.0204	24.7062	4.99652	0.00132327
42.7675	28.0281	4.99655	0.00134183
38.8603	24.7062	4.995	0.00130623
41.9404	24.7062	4.99581	0.00131513
39.9888	27.0985	4.9958	0.0013244
41.2294	22.236	4.99284	0.00129566
44.3095	21.856	4.99392	0.00130183
41.9404	24.7062	4.99581	0.00131513
48.7787	27.6505	4.99783	0.00136026
49.3105	30.6708	4.99783	0.00139446
46.2478	30.8632	4.99662	0.00138177
26.1025	23.1861	4.98171	0.00125197
24.8405	21.1517	4.96319	0.00122938
28.8815	20.2128	4.97375	0.00123863
28.269	26.3624	4.98616	0.00127515
26.1025	23.1861	4.98171	0.00125197
29.1279	22.9961	4.98648	0.00126238
23.0771	23.3761	4.98003	0.00124778
22.0277	27.6505	4.97379	0.0012761
20.3799	24.7062	4.98198	0.00126012
12.8447	30.6708	4.98272	0.00134593
12.7112	34.5275	4.96004	0.00141908
9.49534	33.1714	4.98658	0.00140733
10.1383	27.6505	4.99387	0.0013257
12.8447	30.6708	4.98272	0.00134593
9.80591	30.6708	4.99051	0.00136278
14.3285	32.6965	4.95991	0.00137029
18.6835	32.5943	4.91899	0.0013376
15.8122	34.7222	4.90435	0.00140022
25.1151	35.3065	0.254713	0.00132375
21.8846	36.8646	4.81026	0.00139846
21.9134	33.7485	0.263227	0.00135028
14.3285	32.6965	4.95991	0.00137029
12.7112	34.5275	4.96004	0.00141908
12.8447	30.6708	4.98272	0.00134593
18.9132	34.917	4.85792	0.00138096
15.8122	34.7222	4.90435	0.00140022
18.6835	32.5943	4.91899	0.0013376
15.601	39.0202	0.244366	0.00158738
12.5385	36.8646	4.93764	0.0014899
15.8122	34.7222	4.90435	0.00140022
23.5785	19.1174	4.91563	0.00120487
24.3933	15.2742	0.219318	0.00119338
26.3489	16.5071	4.88795	0.00119126
28.8815	20.2128	4.97375	0.00123863
24.8405	21.1517	4.96319	0.00122938
26.4215	19.1174	4.94833	0.00121639
18.2554	16.5071	4.86778	0.00119833
17.7548	18.7251	4.93773	0.00121984
15.9817	15.8026	4.90907	0.00121766
14.6026	21.856	4.98522	0.00126639
17.2541	20.9431	4.97215	0.00124208
17.2998	24.7062	4.98746	0.00127169
15.9817	15.8026	4.90907	0.00121766
13.1778	15.9788	4.94398	0.00124809
14.1312	14.0413	4.89553	0.00123437
14.6026	21.856	4.98522	0.00126639
14.7591	18.4213	4.96283	0.00124381
17.2541	20.9431	4.97215	0.00124208
11.4404	21.3083	4.98873	0.00128128
14.001	23.9462	4.99054	0.0012829
10.9756	24.1362	4.99345	0.00129738
30.001	14.922	4.90921	0.00119322
30.9096	13.2177	4.85509	0.00118375
33.1516	14.0413	4.87103	0.00118067
31.7446	16.5071	4.94094	0.00120668
30.001	14.922	4.90921	0.00119322
33.1516	14.0413	4.87103	0.00118067
25.6653	12.8882	4.75134	0.00117474
27.0253	10.7509	4.69523	0.00118937
28.2875	13.053	4.84087	0.0011839
25.6653	12.8882	4.75134	0.00117474
28.2875	13.053	4.84087	0.0011839
26.3489	16.5071	4.88795	0.00119126
33.75	9.60269	0.107032	0.0012011
36.25	9.60269	0.100213	0.00118726
35.1085	11.7351	0.179264	0.0011837
39.693	16.8552	4.95833	0.00123217
41.2166	14.2175	4.92054	0.00120939
42.536	16.5071	4.96764	0.00124879
28.8815	20.2128	4.97375	0.00123863
26.4215	19.1174	4.94833	0.00121639
28.6113	17.5512	4.94385	0.00121085
40.625	40	0.22279	0.00125045
43.75	40	4.86827	0.00131238
43.6923	43.1354	0.239326	0.00149109
34.399	40.9798	0.165665	0.00132006
37.5	40	4.7827	0.00119569
37.5191	43.9145	0.144852	0.00150972
40.5769	36.8646	4.91671	0.00125986
43.6827	37.2565	4.93676	0.00131994
40.625	40	0.22279	0.00125045
37.3464	33.7485	4.96862	0.00128251
33.997	31.6326	4.97814	0.00128312
37.1553	30.6708	4.98811	0.00131207
40.625	40	0.22279	0.00125045
37.5	40	4.7827	0.00119569
40.5769	36.8646	4.91671	0.00125986
37.4615	36.8646	4.91368	0.00122237
34.1596	34.7385	4.94175	0.00123105
37.3464	33.7485	4.96862	0.00128251
46.2478	30.8632	4.99662	0.00138177
45.7731	27.8393	4.9974	0.00135254
48.7787	27.6505	4.99783	0.00136026
49.6928	33.7485	4.99483	0.00141879
46.6062	33.7485	4.99204	0.00139749
49.3105	30.6708	4.99783	0.00139446
40.1941	30.6708	4.99177	0.00133529
37.1553	30.6708	4.98811	0.00131207
36.8893	27.6505	4.9943	0.00131292
43.2329	30.6708	4.99441	0.00135835
40.1941	30.6708	4.99177	0.00133529
42.7675	28.0281	4.99655	0.00134183
40.433	33.7485	4.9743	0.00131318
37.3464	33.7485	4.96862	0.00128251
40.1941	30.6708	4.99177	0.00133529
31.3171	35.696	4.89177	0.00118693
31.2019	38.0404	0.223757	0.00115335
28.1154	36.8646	4.86106	0.00123684
33.997	31.6326	4.97814	0.00128312
34.1596	34.7385	4.94175	0.00123105
30.9343	31.8249	4.96822	0.00126791
34.3221	37.8444	4.84009	0.00116531
31.2019	38.0404	0.223757	0.00115335
31.3171	35.696	4.89177	0.00118693
37.5	40	4.7827	0.00119569
34.3221	37.8444	4.84009	0.00116531
37.4615	36.8646	4.91368	0.00122237
34.399	40.9798	0.165665	0.00132006
31.2019	38.0404	0.223757	0.00115335
34.3221	37.8444	4.84009	0.00116531
40.1941	30.6708	4.99177	0.00133529
39.9888	27.0985	4.9958	0.0013244
42.7675	28.0281	4.99655	0.00134183
7.16598	27.6505	4.99589	0.00133559
8.05963	24.7062	4.99527	0.00131002
10.1383	27.6505	4.99387	0.0013257
3.69504	30.482	4.99668	0.0013807
4.19365	27.6505	4.99679	0.00134339
6.70061	30.2933	4.99516	0.00136893
4.97956	24.7062	4.9962	0.00131693
8.05963	24.7062	4.99527	0.00131002
7.16598	27.6505	4.99589	0.00133559
2.71986	21.856	4.99511	0.00130512
4.97956	24.7062	4.9962	0.00131693
1.8995	24.7062	4.99665	0.00132252
14.001	23.9462	4.99054	0.0012829
11.4404	21.3083	4.98873	0.00128128
14.6026	21.856	4.98522	0.00126639
13.1107	27.6505	4.99042	0.00131289
10.9756	24.1362	4.99345	0.00129738
14.001	23.9462	4.99054	0.0012829
8.66123	21.856	4.99243	0.0012941
5.62671	21.6734	4.99388	0.00130007
6.52038	19.1174	4.98825	0.00129038
12.2064	19.1174	4.97874	0.00126715
11.4404	21.3083	4.98873	0.00128128
9.3634	19.1174	4.98439	0.00128236
8.05963	24.7062	4.99527	0.00131002
5.62671	21.6734	4.99388	0.00130007
8.66123	21.856	4.99243	0.0012941
44.3095	21.856	4.99392	0.00130183
41.2294	22.236	4.99284	0.00129566
43.4158	19.3	4.98732	0.00128101
45.7731	27.8393	4.9974	0.00135254
45.0204	24.7062	4.99652	0.00132327
48.1005	24.7062	4.99695	0.00133019
38.8603	24.7062	4.995	0.00130623
36.8893	27.6505	4.9943	0.00131292
35.7802	24.7062	4.99409	0.00129655
45.7731	27.8393	4.9974	0.00135254
42.7675	28.0281	4.99655	0.00134183
45.0204	24.7062	4.99652	0.00132327
43.2329	30.6708	4.99441	0.00135835
46.2478	30.8632	4.99662	0.00138177
43.5196	33.7485	4.98255	0.00135354
40.433	33.7485	4.9743	0.00131318
43.2329	30.6708	4.99441	0.00135835
43.5196	33.7485	4.98255	0.00135354
42.7675	28.0281	4.99655	0.00134183
45.7731	27.8393	4.9974	0.00135254
43.2329	30.6708	4.99441	0.00135835
41.9404	24.7062	4.99581	0.00131513
42.7675	28.0281	4.99655	0.00134183
39.9888	27.0985	4.9958	0.0013244
45.7731	27.8393	4.9974	0.00135254
46.2478	30.8632	4.99662	0.00138177
43.2329	30.6708	4.99441	0.00135835
8.69678	14.0413	4.93563	0.00127539
5.97957	14.0413	4.95598	0.00128144
7.31021	11.7351	4.89101	0.00127571
10.1618	16.5071	4.96475	0.00127207
8.69678	14.0413	4.93563	0.00127539
11.414	14.0413	4.91646	0.00126005
7.464	16.5071	4.97365	0.00128279
4.76616	16.5071	4.98098	0.00128724
5.97957	14.0413	4.95598	0.00128144
10.1618	16.5071	4.96475	0.00127207
7.464	16.5071	4.97365	0.00128279
8.69678	14.0413	4.93563	0.00127539
10.1618	16.5071	4.96475	0.00127207
9.3634	19.1174	4.98439	0.00128236
7.464	16.5071	4.97365	0.00128279
9.42308	36.8646	4.9784	0.00150768
9.49534	33.1714	4.98658	0.00140733
12.7112	34.5275	4.96004	0.00141908
12.5	40	4.93211	0.00163701
9.36058	39.4121	4.97756	0.00161844
12.5385	36.8646	4.93764	0.0014899
9.36058	39.4121	4.97756	0.00161844
6.30769	36.8646	4.99136	0.00151844
9.42308	36.8646	4.9784	0.00150768
3.19231	36.8646	4.99558	0.00152694
3.40821	33.9432	4.99614	0.0014465
6.30769	36.8646	4.99136	0.00151844
0.076922	36.8646	4.99654	0.00153085
3.19231	36.8646	4.99558	0.00152694
3.125	40	4.99531	0.00165888
0.076922	36.8646	4.99654	0.00153085
0.307214	33.7485	4.99685	0.00144882
3.19231	36.8646	4.99558	0.00152694
6.70061	30.2933	4.99516	0.00136893
9.80591	30.6708	4.99051	0.00136278
9.49534	33.1714	4.98658	0.00140733
2.71986	21.856	4.99511	0.00130512
5.62671	21.6734	4.99388	0.00130007
4.97956	24.7062	4.9962	0.00131693
18.0114	27.1222	4.98266	0.0012857
15.7173	29.727	4.9786	0.00131877
15.2052	26.1784	4.98945	0.00129195
43.5196	33.7485	4.98255	0.00135354
40.5769	36.8646	4.91671	0.00125986
40.433	33.7485	4.9743	0.00131318
49.9231	36.8646	4.98233	0.00142185
46.8029	37.0605	4.97405	0.00139344
49.6928	33.7485	4.99483	0.00141879
43.75	40	4.86827	0.00131238
40.625	40	0.22279	0.00125045
43.6827	37.2565	4.93676	0.00131994
13.1107	27.6505	4.99042	0.00131289
15.7173	29.727	4.9786	0.00131877
12.8447	30.6708	4.98272	0.00134593
10.9756	24.1362	4.99345	0.00129738
13.1107	27.6505	4.99042	0.00131289
10.1383	27.6505	4.99387	0.0013257
15.2052	26.1784	4.98945	0.00129195
17.2998	24.7062	4.98746	0.00127169
18.0114	27.1222	4.98266	0.0012857
14.001	23.9462	4.99054	0.0012829
15.2052	26.1784	4.98945	0.00129195
13.1107	27.6505	4.99042	0.00131289
14.001	23.9462	4.99054	0.0012829
17.2998	24.7062	4.98746	0.00127169
15.2052	26.1784	4.98945	0.00129195
46.6062	33.7485	4.99204	0.00139749
43.6827	37.2565	4.93676	0.00131994
43.5196	33.7485	4.98255	0.00135354
50	40	4.96621	0.00143796
46.8029	37.0605	4.97405	0.00139344
49.9231	36.8646	4.98233	0.00142185
46.8798	40.196	4.93981	0.0014894
43.75	40	4.86827	0.00131238
46.8029	37.0605	4.97405	0.00139344
21.9014	39.3141	0.241095	0.00151878
21.9183	41.7637	4.85403	0.00178798
18.7981	41.9596	0.236451	0.0018803
25	40	4.87402	0.00143024
21.9014	39.3141	0.241095	0.00151878
21.8846	36.8646	4.81026	0.00139846
25	40	4.87402	0.00143024
21.9183	41.7637	4.85403	0.00178798
21.9014	39.3141	0.241095	0.00151878
22.0142	44.8882	4.92304	0.00231102
18.7981	41.9596	0.236451	0.0018803
21.9183	41.7637	4.85403	0.00178798
3.69504	30.482	4.99668	0.0013807
3.40821	33.9432	4.99614	0.0014465
0.68946	30.6708	4.9971	0.00139067
1.22131	27.6505	4.9971	0.00134991
3.69504	30.482	4.99668	0.0013807
0.68946	30.6708	4.9971	0.00139067
6.70061	30.2933	4.99516	0.00136893
6.43263	33.3637	4.99377	0.0014238
3.69504	30.482	4.99668	0.0013807
43.5196	33.7485	4.98255	0.00135354
43.6827	37.2565	4.93676	0.00131994
40.5769	36.8646	4.91671	0.00125986
40.1941	30.6708	4.99177	0.00133529
43.2329	30.6708	4.99441	0.00135835
40.433	33.7485	4.9743	0.00131318
46.6062	33.7485	4.99204	0.00139749
49.6928	33.7485	4.99483	0.00141879
46.8029	37.0605	4.97405	0.00139344
46.2478	30.8632	4.99662	0.00138177
46.6062	33.7485	4.99204	0.00139749
43.5196	33.7485	4.98255	0.00135354
46.2478	30.8632	4.99662	0.00138177
49.3105	30.6708	4.99783	0.00139446
46.6062	33.7485	4.99204	0.00139749
46.8798	40.196	4.93981	0.0014894
46.8029	37.0605	4.97405	0.00139344
50	40	4.96621	0.00143796
9.4375	42.5475	4.98193	0.00197602
6.24038	39.6081	4.99114	0.00163151
9.36058	39.4121	4.97756	0.00161844
9.49534	33.1714	4.98658	0.00140733
9.80591	30.6708	4.99051	0.00136278
12.8447	30.6708	4.98272	0.00134593
12.5385	36.8646	4.93764	0.0014899
9.42308	36.8646	4.9784	0.00150768
12.7112	34.5275	4.96004	0.00141908
6.43263	33.3637	4.99377	0.0014238
6.70061	30.2933	4.99516	0.00136893
9.49534	33.1714	4.98658	0.00140733
4.19365	27.6505	4.99679	0.00134339
4.97956	24.7062	4.9962	0.00131693
7.16598	27.6505	4.99589	0.00133559
1.22131	27.6505	4.9971	0.00134991
4.19365	27.6505	4.99679	0.00134339
3.69504	30.482	4.99668	0.0013807
1.22131	27.6505	4.9971	0.00134991
1.8995	24.7062	4.99665	0.00132252
4.19365	27.6505	4.99679	0.00134339
6.70061	30.2933	4.99516	0.00136893
4.19365	27.6505	4.99679	0.00134339
7.16598	27.6505	4.99589	0.00133559
18.7229	29.5382	4.96529	0.00130195
22.0277	27.6505	4.97379	0.0012761
21.9612	30.6708	4.92648	0.0012967
14.3285	32.6965	4.95991	0.00137029
12.8447	30.6708	4.98272	0.00134593
15.7173	29.727	4.9786	0.00131877
18.6835	32.5943	4.91899	0.0013376
14.3285	32.6965	4.95991	0.00137029
15.7173	29.727	4.9786	0.00131877
15.8122	34.7222	4.90435	0.00140022
12.7112	34.5275	4.96004	0.00141908
14.3285	32.6965	4.95991	0.00137029
18.0114	27.1222	4.98266	0.0012857
20.3799	24.7062	4.98198	0.00126012
22.0277	27.6505	4.97379	0.0012761
3.40821	33.9432	4.99614	0.0014465
3.69504	30.482	4.99668	0.0013807
6.43263	33.3637	4.99377	0.0014238
46.8077	43.1354	4.91572	0.00155902
43.6923	43.1354	0.239326	0.00149109
46.8798	40.196	4.93981	0.0014894
49.9231	43.1354	4.95452	0.00159657
46.8077	43.1354	4.91572	0.00155902
46.8798	40.196	4.93981	0.0014894
46.2717	49.3292	4.96127	0.00220216
49.3105	49.3292	4.97162	0.0021359
48.7787	52.3495	4.96812	0.00293623
43.5196	46.2515	4.87596	0.0017249
46.2717	49.3292	4.96127	0.00220216
43.2329	49.3292	4.93328	0.00227938
40.433	46.2515	4.79869	0.00172283
43.5196	46.2515	4.87596	0.0017249
43.2329	49.3292	4.93328	0.00227938
43.6923	43.1354	0.239326	0.00149109
46.8077	43.1354	4.91572	0.00155902
46.6062	46.2515	4.93643	0.00175844
46.6062	46.2515	4.93643	0.00175844
49.3105	49.3292	4.97162	0.0021359
46.2717	49.3292	4.96127	0.00220216
6.30769	36.8646	4.99136	0.00151844
6.43263	33.3637	4.99377	0.0014238
9.42308	36.8646	4.9784	0.00150768
3.125	40	4.99531	0.00165888
3.19231	36.8646	4.99558	0.00152694
6.24038	39.6081	4.99114	0.00163151
3.40821	33.9432	4.99614	0.0014465
6.43263	33.3637	4.99377	0.0014238
6.30769	36.8646	4.99136	0.00151844
0.307214	33.7485	4.99685	0.00144882
3.40821	33.9432	4.99614	0.0014465
3.19231	36.8646	4.99558	0.00152694
0.307214	33.7485	4.99685	0.00144882
0.68946	30.6708	4.9971	0.00139067
3.40821	33.9432	4.99614	0.0014465
