25	30.6708	4.92844	0.00070068
28.0866	33.7485	4.91184	0.00069507
25.1151	35.3065	0.252523	0.000735347
22.0277	27.6505	4.97231	0.0006972
25	30.6708	4.92844	0.00070068
21.9612	30.6708	4.92504	0.000711854
26.689	28.4246	4.97235	0.000697385
28.269	26.3624	4.97669	0.000676357
30.7452	28.7831	4.97359	0.000677103
25	30.6708	4.92844	0.00070068
26.689	28.4246	4.97235	0.000697385
28.0388	30.6708	4.95985	0.00069562
25.3391	26.1784	4.98102	0.000690887
28.269	26.3624	4.97669	0.000676357
26.689	28.4246	4.97235	0.000697385
28.0388	30.6708	4.95985	0.00069562
30.9343	31.8249	4.96622	0.000690688
28.0866	33.7485	4.91184	0.00069507
22.0277	27.6505	4.97231	0.0006972
26.689	28.4246	4.97235	0.000697385
25	30.6708	4.92844	0.00070068
30.7452	28.7831	4.97359	0.000677103
30.9343	31.8249	4.96622	0.000690688
28.0388	30.6708	4.95985	0.00069562
26.689	28.4246	4.97235	0.000697385
30.7452	28.7831	4.97359	0.000677103
28.0388	30.6708	4.95985	0.00069562
26.1025	23.1861	4.98112	0.00068365
28.269	26.3624	4.97669	0.000676357
25.3391	26.1784	4.98102	0.000690887
29.1279	22.9961	4.98071	0.000676079
32.7002	24.7062	4.9803	0.00067366
31.199	26.5464	0.882697	0.000238202
33.7508	28.5944	4.98621	0.000693863
30.9343	31.8249	4.96622	0.000690688
30.7452	28.7831	4.97359	0.000677103
31.199	26.5464	0.882697	0.000238202
33.7508	28.5944	4.98621	0.000693863
30.7452	28.7831	4.97359	0.000677103
37.4615	36.8646	4.91012	0.000688217
40.433	33.7485	4.97079	0.00071054
40.5769	36.8646	4.91395	0.000704859
36.8893	27.6505	4.99344	0.000708914
37.1553	30.6708	4.986	0.000706643
33.7508	28.5944	4.98621	0.000693863
36.8893	27.6505	4.99344	0.000708914
39.9888	27.0985	4.99524	0.000716535
40.1941	30.6708	4.98947	0.000717731
34.9506	19.1174	4.97319	0.000675483
34.4425	16.5071	4.93766	0.000662285
37.1403	16.5071	4.94099	0.000665664
38.204	22.4261	4.99121	0.000697768
35.1786	22.6161	4.99136	0.000695245
36.4861	20.8667	4.9843	0.000687429
32.1075	19.1174	4.97129	0.000671774
28.8815	20.2128	4.9711	0.000672399
28.6113	17.5512	4.93996	0.000660766
38.204	22.4261	4.99121	0.000697768
35.7802	24.7062	4.99547	0.000705094
35.1786	22.6161	4.99136	0.000695245
32.7002	24.7062	4.9803	0.00067366
29.1279	22.9961	4.98071	0.000676079
32.4267	21.856	4.98796	0.000688009
45.7731	27.8393	4.99726	0.000733718
48.1005	24.7062	4.99749	0.000725434
48.7787	27.6505	4.99781	0.000738074
38.8603	24.7062	4.99462	0.00070777
41.2294	22.236	4.99281	0.000703609
41.9404	24.7062	4.99594	0.000714731
38.8603	24.7062	4.99462	0.00070777
38.204	22.4261	4.99121	0.000697768
41.2294	22.236	4.99281	0.000703609
36.8893	27.6505	4.99344	0.000708914
38.8603	24.7062	4.99462	0.00070777
39.9888	27.0985	4.99524	0.000716535
35.7802	24.7062	4.99547	0.000705094
38.204	22.4261	4.99121	0.000697768
38.8603	24.7062	4.99462	0.00070777
33.7508	28.5944	4.98621	0.000693863
35.7802	24.7062	4.99547	0.000705094
36.8893	27.6505	4.99344	0.000708914
32.7002	24.7062	4.9803	0.00067366
32.4267	21.856	4.98796	0.000688009
35.1786	22.6161	4.99136	0.000695245
37.7936	19.1174	4.97602	0.000681053
40.5089	19.4825	4.98288	0.000688723
38.204	22.4261	4.99121	0.000697768
35.1786	22.6161	4.99136	0.000695245
32.4267	21.856	4.98796	0.000688009
34.9506	19.1174	4.97319	0.000675483
36.4861	20.8667	4.9843	0.000687429
35.1786	22.6161	4.99136	0.000695245
34.9506	19.1174	4.97319	0.000675483
37.7936	19.1174	4.97602	0.000681053
36.4861	20.8667	4.9843	0.000687429
34.9506	19.1174	4.97319	0.000675483
37.7936	19.1174	4.97602	0.000681053
38.204	22.4261	4.99121	0.000697768
36.4861	20.8667	4.9843	0.000687429
35.7802	24.7062	4.99547	0.000705094
32.7002	24.7062	4.9803	0.00067366
35.1786	22.6161	4.99136	0.000695245
33.7508	28.5944	4.98621	0.000693863
32.7002	24.7062	4.9803	0.00067366
35.7802	24.7062	4.99547	0.000705094
29.1279	22.9961	4.98071	0.000676079
28.8815	20.2128	4.9711	0.000672399
32.4267	21.856	4.98796	0.000688009
37.1403	16.5071	4.94099	0.000665664
39.693	16.8552	4.9575	0.000672429
37.7936	19.1174	4.97602	0.000681053
44.3095	21.856	4.99401	0.00070779
47.2801	21.856	4.99543	0.000712492
45.0204	24.7062	4.99691	0.000720838
41.9404	24.7062	4.99594	0.000714731
44.3095	21.856	4.99401	0.00070779
45.0204	24.7062	4.99691	0.000720838
43.4158	19.3	4.98676	0.000694226
46.3226	19.1174	4.98996	0.000699107
44.3095	21.856	4.99401	0.00070779
28.0866	46.2515	4.89652	0.00171518
31.0776	49.3292	4.84746	0.00303609
28.0388	49.3292	4.90571	0.00339747
25	43.1354	4.91061	0.00115126
28.1154	43.1354	4.85827	0.00110543
28.0866	46.2515	4.89652	0.00171518
37.3464	46.2515	0.160818	0.00123657
34.3294	43.6157	0.133149	0.00100244
37.5191	43.9145	0.143745	0.000963876
31.226	43.7137	0.187773	0.0011043
31.2788	41.1758	0.182142	0.000872253
34.3294	43.6157	0.133149	0.00100244
28.0866	46.2515	4.89652	0.00171518
31.226	43.7137	0.187773	0.0011043
31.1732	46.2515	4.78518	0.0016035
28.1154	43.1354	4.85827	0.00110543
31.2788	41.1758	0.182142	0.000872253
31.226	43.7137	0.187773	0.0011043
25	46.2515	4.92984	0.00172826
25	43.1354	4.91061	0.00115126
28.0866	46.2515	4.89652	0.00171518
28.125	40	4.84265	0.000804511
31.2788	41.1758	0.182142	0.000872253
28.1154	43.1354	4.85827	0.00110543
28.125	40	4.84265	0.000804511
31.2019	38.0404	0.239005	0.000714707
31.2788	41.1758	0.182142	0.000872253
31.2019	38.0404	0.239005	0.000714707
34.399	40.9798	0.167609	0.000820922
31.2788	41.1758	0.182142	0.000872253
28.0866	33.7485	4.91184	0.00069507
31.3171	35.696	4.89585	0.000682748
28.1154	36.8646	4.86374	0.000715951
37.3464	33.7485	4.96438	0.000694928
37.1553	30.6708	4.986	0.000706643
40.1941	30.6708	4.98947	0.000717731
37.4615	36.8646	4.91012	0.000688217
37.3464	33.7485	4.96438	0.000694928
40.433	33.7485	4.97079	0.00071054
37.4615	36.8646	4.91012	0.000688217
34.3221	37.8444	4.84348	0.000687846
34.1596	34.7385	4.93859	0.000680446
34.1596	34.7385	4.93859	0.000680446
33.997	31.6326	4.97508	0.000693129
37.3464	33.7485	4.96438	0.000694928
31.3171	35.696	4.89585	0.000682748
34.1596	34.7385	4.93859	0.000680446
34.3221	37.8444	4.84348	0.000687846
31.3171	35.696	4.89585	0.000682748
30.9343	31.8249	4.96622	0.000690688
34.1596	34.7385	4.93859	0.000680446
30.9343	31.8249	4.96622	0.000690688
33.7508	28.5944	4.98621	0.000693863
33.997	31.6326	4.97508	0.000693129
40.433	46.2515	4.79671	0.0011136
40.6201	43.7197	0.18653	0.000918382
43.5196	46.2515	4.87512	0.00108105
46.8029	37.0605	4.97017	0.000751593
43.75	40	4.86764	0.00075212
43.6827	37.2565	4.9343	0.000730602
49.9231	43.1354	4.95053	0.00089496
46.8798	40.196	4.93665	0.000824089
50	40	4.96159	0.000781463
49.9231	43.1354	4.95053	0.00089496
49.6928	46.2515	4.95839	0.00104073
46.8077	43.1354	4.91329	0.000891931
25	43.1354	4.91061	0.00115126
25	46.2515	4.92984	0.00172826
22.0142	44.8882	4.91149	0.00149312
25	40	4.87147	0.000839963
25	43.1354	4.91061	0.00115126
21.9183	41.7637	4.85079	0.00108172
25	40	4.87147	0.000839963
28.1154	43.1354	4.85827	0.00110543
25	43.1354	4.91061	0.00115126
31.2019	38.0404	0.239005	0.000714707
28.125	40	4.84265	0.000804511
28.1154	36.8646	4.86374	0.000715951
28.1154	43.1354	4.85827	0.00110543
31.226	43.7137	0.187773	0.0011043
28.0866	46.2515	4.89652	0.00171518
18.7981	41.9596	0.235917	0.0011418
15.601	39.0202	0.244182	0.000911639
18.7212	38.8242	0.20776	0.000887067
17.2523	44.2036	4.89823	0.00149901
15.7402	46.2515	4.95401	0.00209992
14.1489	44.3016	4.95027	0.0015359
18.7981	41.9596	0.235917	0.0011418
17.2523	44.2036	4.89823	0.00149901
15.6779	42.1556	4.87932	0.00119312
18.8268	46.2515	4.92849	0.00189237
15.7402	46.2515	4.95401	0.00209992
17.2523	44.2036	4.89823	0.00149901
21.7462	47.598	4.91186	0.00240416
18.8268	46.2515	4.92849	0.00189237
22.0142	44.8882	4.91149	0.00149312
21.7462	47.598	4.91186	0.00240416
18.9224	49.3292	4.92554	0.00375343
18.8268	46.2515	4.92849	0.00189237
15.6779	42.1556	4.87932	0.00119312
15.601	39.0202	0.244182	0.000911639
18.7981	41.9596	0.235917	0.0011418
18.8268	46.2515	4.92849	0.00189237
17.2523	44.2036	4.89823	0.00149901
18.7981	41.9596	0.235917	0.0011418
14.1489	44.3016	4.95027	0.0015359
12.6536	46.2515	4.97563	0.00197067
12.5577	42.3516	4.95376	0.00119482
15.6779	42.1556	4.87932	0.00119312
14.1489	44.3016	4.95027	0.0015359
12.5577	42.3516	4.95376	0.00119482
15.7402	46.2515	4.95401	0.00209992
12.6536	46.2515	4.97563	0.00197067
14.1489	44.3016	4.95027	0.0015359
12.7118	50.0843	4.97799	0.00472876
12.6536	46.2515	4.97563	0.00197067
15.8835	49.3292	4.96551	0.00391277
16.083	52.3495	4.95489	0.00912821
13.1107	52.3495	4.96766	0.00868383
15.8835	49.3292	4.96551	0.00391277
18.9224	49.3292	4.92554	0.00375343
16.083	52.3495	4.95489	0.00912821
15.8835	49.3292	4.96551	0.00391277
13.1107	52.3495	4.96766	0.00868383
10.6893	54.7417	4.94048	0.015944
10.1383	52.3495	4.97061	0.00790132
15.8835	49.3292	4.96551	0.00391277
13.1107	52.3495	4.96766	0.00868383
12.7118	50.0843	4.97799	0.00472876
14.2198	55.2938	4.926	0.0221234
10.6893	54.7417	4.94048	0.015944
13.1107	52.3495	4.96766	0.00868383
17.0264	56.2438	4.90004	0.0318337
14.2198	55.2938	4.926	0.0221234
16.083	52.3495	4.95489	0.00912821
17.2808	59.0298	4.77296	0.0787164
17.5295	61.7527	0.0942294	4.66256
15.0494	60.8826	0.118353	0.106516
17.0264	56.2438	4.90004	0.0318337
17.2808	59.0298	4.77296	0.0787164
14.6026	58.144	4.81498	0.0540239
17.0264	56.2438	4.90004	0.0318337
20.0518	56.4338	4.87953	0.0347285
17.2808	59.0298	4.77296	0.0787164
7.16598	52.3495	4.97303	0.00720264
8.05963	55.2938	4.9307	0.0168807
4.92487	55.4838	4.93463	0.0174551
6.76709	49.3292	4.98785	0.00335345
7.16598	52.3495	4.97303	0.00720264
4.19365	52.3495	4.97627	0.006752
10.1383	52.3495	4.97061	0.00790132
8.05963	55.2938	4.9307	0.0168807
7.16598	52.3495	4.97303	0.00720264
12.7118	50.0843	4.97799	0.00472876
10.1383	52.3495	4.97061	0.00790132
9.70619	49.8955	4.98312	0.00412847
10.6893	54.7417	4.94048	0.015944
8.05963	55.2938	4.9307	0.0168807
10.1383	52.3495	4.97061	0.00790132
12.5577	42.3516	4.95376	0.00119482
12.5	40	4.93233	0.000950013
15.6779	42.1556	4.87932	0.00119312
9.61019	45.6673	4.98775	0.00170237
12.5577	42.3516	4.95376	0.00119482
12.6536	46.2515	4.97563	0.00197067
9.61019	45.6673	4.98775	0.00170237
6.31731	42.7435	4.99247	0.00119866
9.4375	42.5475	4.98239	0.00120883
-3.10282e-28	40	4.99697	0.00100997
3.125	40	4.996	0.00095064
3.19711	42.9395	4.99567	0.00121883
-3.10282e-28	40	4.99697	0.00100997
0.076922	36.8646	4.99727	0.000851208
3.125	40	4.996	0.00095064
46.6062	46.2515	4.93401	0.0010587
46.2717	49.3292	4.95895	0.00145913
43.5196	46.2515	4.87512	0.00108105
43.6923	43.1354	0.239725	0.000890193
46.6062	46.2515	4.93401	0.0010587
43.5196	46.2515	4.87512	0.00108105
49.6928	46.2515	4.95839	0.00104073
49.3105	49.3292	4.96872	0.00137575
46.6062	46.2515	4.93401	0.0010587
27.4517	72.3429	0.00339467	0.0241709
25	72.3429	0.00343722	0.0298015
27.0253	69.2491	0.00743663	0.0559983
24.7277	76.3587	0.0016422	0.0103131
26.189	74.0896	0.00236762	0.0167564
27.2733	75.6267	0.00182269	0.0107017
24.7277	76.3587	0.0016422	0.0103131
23.0327	74.7883	0.00214263	0.0172985
26.189	74.0896	0.00236762	0.0167564
23.0339	79.8761	0.00132635	0.00704708
21.0802	79.5053	0.00142504	0.0080958
21.6827	78.0345	0.00146531	0.00864227
19.6759	76.9444	0.00168919	0.0105356
19.0551	74.0896	0.00268188	0.0210521
21.4331	74.0896	0.00252078	0.0222462
19.6759	76.9444	0.00168919	0.0105356
18.1801	75.6267	0.00215877	0.0142995
19.0551	74.0896	0.00268188	0.0210521
21.4331	74.0896	0.00252078	0.0222462
23.0327	74.7883	0.00214263	0.0172985
22.3999	76.5052	0.00167784	0.0113879
20.0967	72.3429	0.00383819	0.038721
22.5483	72.3429	0.0036431	0.0394708
21.4331	74.0896	0.00252078	0.0222462
16.5527	73.7985	0.00308086	0.0196339
17.645	72.3429	0.00405522	0.029577
19.0551	74.0896	0.00268188	0.0210521
19.193	69.7412	0.00792467	0.0744156
21.8037	69.5771	0.00756621	4.5115
20.0967	72.3429	0.00383819	0.038721
21.8037	69.5771	0.00756621	4.5115
23.75	70.3973	0.00591061	0.0599938
22.5483	72.3429	0.0036431	0.0394708
21.6827	78.0345	0.00146531	0.00864227
19.1515	78.89	0.00155064	0.00901334
19.6759	76.9444	0.00168919	0.0105356
22.3999	76.5052	0.00167784	0.0113879
19.6759	76.9444	0.00168919	0.0105356
21.4331	74.0896	0.00252078	0.0222462
22.3999	76.5052	0.00167784	0.0113879
21.6827	78.0345	0.00146531	0.00864227
19.6759	76.9444	0.00168919	0.0105356
24.7277	76.3587	0.0016422	0.0103131
22.3999	76.5052	0.00167784	0.0113879
23.0327	74.7883	0.00214263	0.0172985
24.7277	76.3587	0.0016422	0.0103131
24.9752	78.5234	0.00135674	0.00708102
23.329	78.279	0.00139818	0.00784928
21.0802	79.5053	0.00142504	0.0080958
19.1515	78.89	0.00155064	0.00901334
21.6827	78.0345	0.00146531	0.00864227
25	80	0.00131431	0.00662182
24.9752	78.5234	0.00135674	0.00708102
26.9661	79.8761	0.00130726	0.00610562
19.6759	76.9444	0.00168919	0.0105356
19.1515	78.89	0.00155064	0.00901334
17.2597	78.0345	0.0017952	0.0105641
28.3173	78.0345	0.00142229	0.00669337
30.8485	78.89	0.00150513	0.00656196
28.9198	79.5053	0.00138866	0.00628639
18.1801	75.6267	0.00215877	0.0142995
19.6759	76.9444	0.00168919	0.0105356
17.2597	78.0345	0.0017952	0.0105641
15.4167	76.9444	0.00216084	0.0123157
18.1801	75.6267	0.00215877	0.0142995
17.2597	78.0345	0.0017952	0.0105641
23.0327	74.7883	0.00214263	0.0172985
21.4331	74.0896	0.00252078	0.0222462
22.5483	72.3429	0.0036431	0.0394708
15.4167	76.9444	0.00216084	0.0123157
16.5527	73.7985	0.00308086	0.0196339
18.1801	75.6267	0.00215877	0.0142995
20.0967	72.3429	0.00383819	0.038721
21.8037	69.5771	0.00756621	4.5115
22.5483	72.3429	0.0036431	0.0394708
15.4167	76.9444	0.00216084	0.0123157
13.6336	75.6267	0.00302462	0.0168747
14.237	73.9441	0.0034455	0.0195051
29.3832	76.0659	0.00174879	0.00891058
31.3712	77.1646	0.00167804	0.00752416
28.3173	78.0345	0.00142229	0.00669337
31.9219	75.3472	0.00205261	0.00975244
34.5833	76.9444	0.00201332	0.00846032
32.7403	78.0345	0.00168866	0.00721985
14.237	73.9441	0.0034455	0.0195051
11.9212	74.0896	0.00420134	0.0226333
12.7417	72.3429	0.00503976	0.0272943
11.25	70.3973	0.00830107	0.0442904
12.7417	72.3429	0.00503976	0.0272943
10.2901	72.3429	0.00643067	0.0341369
17.645	72.3429	0.00405522	0.029577
16.5527	73.7985	0.00308086	0.0196339
15.1934	72.3429	0.00440236	0.0262185
19.193	69.7412	0.00792467	0.0744156
17.645	72.3429	0.00405522	0.029577
16.25	70.3973	0.0068879	0.0440115
20.0967	72.3429	0.00383819	0.038721
19.0551	74.0896	0.00268188	0.0210521
17.645	72.3429	0.00405522	0.029577
19.0551	74.0896	0.00268188	0.0210521
18.1801	75.6267	0.00215877	0.0142995
16.5527	73.7985	0.00308086	0.0196339
32.355	72.3429	0.00345959	0.0188419
34.8066	72.3429	0.00380802	0.0178313
33.3228	74.0896	0.00258897	0.0122177
33.3228	74.0896	0.00258897	0.0122177
31.9219	75.3472	0.00205261	0.00975244
30.9297	73.8705	0.00250735	0.0137361
35.7008	74.0896	0.00301165	0.0130388
33.3228	74.0896	0.00258897	0.0122177
34.8066	72.3429	0.00380802	0.0178313
34.5833	76.9444	0.00201332	0.00846032
31.9219	75.3472	0.00205261	0.00975244
33.3228	74.0896	0.00258897	0.0122177
17.4187	68.2649	0.0124434	0.09041
14.8915	68.2649	0.0122585	0.0746292
16.8484	65.9587	0.0240594	4.63531
16.25	70.3973	0.0068879	0.0440115
13.513	70.6966	0.00678546	0.0373537
14.8915	68.2649	0.0122585	0.0746292
19.193	69.7412	0.00792467	0.0744156
16.25	70.3973	0.0068879	0.0440115
17.4187	68.2649	0.0124434	0.09041
15.1934	72.3429	0.00440236	0.0262185
14.237	73.9441	0.0034455	0.0195051
12.7417	72.3429	0.00503976	0.0272943
17.645	72.3429	0.00405522	0.029577
15.1934	72.3429	0.00440236	0.0262185
16.25	70.3973	0.0068879	0.0440115
16.5527	73.7985	0.00308086	0.0196339
14.237	73.9441	0.0034455	0.0195051
15.1934	72.3429	0.00440236	0.0262185
12.7417	72.3429	0.00503976	0.0272943
11.25	70.3973	0.00830107	0.0442904
13.513	70.6966	0.00678546	0.0373537
8.74996	70.3973	0.0105989	0.0572427
11.25	70.3973	0.00830107	0.0442904
10.2901	72.3429	0.00643067	0.0341369
12.3644	68.2649	0.0130681	0.0729648
13.846	66.4528	0.0208805	0.10308
14.8915	68.2649	0.0122585	0.0746292
9.83732	68.2649	0.0147816	0.0868169
12.3644	68.2649	0.0130681	0.0729648
11.25	70.3973	0.00830107	0.0442904
9.83732	68.2649	0.0147816	0.0868169
11.414	65.9587	0.0255009	4.55638
12.3644	68.2649	0.0130681	0.0729648
9.83732	68.2649	0.0147816	0.0868169
11.25	70.3973	0.00830107	0.0442904
8.74996	70.3973	0.0105989	0.0572427
14.8915	68.2649	0.0122585	0.0746292
13.513	70.6966	0.00678546	0.0373537
12.3644	68.2649	0.0130681	0.0729648
15.1934	72.3429	0.00440236	0.0262185
12.7417	72.3429	0.00503976	0.0272943
13.513	70.6966	0.00678546	0.0373537
15.4167	76.9444	0.00216084	0.0123157
14.237	73.9441	0.0034455	0.0195051
16.5527	73.7985	0.00308086	0.0196339
13.6336	75.6267	0.00302462	0.0168747
11.9212	74.0896	0.00420134	0.0226333
14.237	73.9441	0.0034455	0.0195051
11.9212	74.0896	0.00420134	0.0226333
10.2901	72.3429	0.00643067	0.0341369
12.7417	72.3429	0.00503976	0.0272943
7.31021	68.2649	0.0187151	0.109046
9.83732	68.2649	0.0147816	0.0868169
8.74996	70.3973	0.0105989	0.0572427
7.31021	68.2649	0.0187151	0.109046
5.97957	65.9587	0.0359345	4.64267
8.78345	65.7825	0.0296525	4.61205
28.3173	78.0345	0.00142229	0.00669337
28.9198	79.5053	0.00138866	0.00628639
26.9661	79.8761	0.00130726	0.00610562
31.3712	77.1646	0.00167804	0.00752416
31.9219	75.3472	0.00205261	0.00975244
32.7403	78.0345	0.00168866	0.00721985
28.3173	78.0345	0.00142229	0.00669337
31.3712	77.1646	0.00167804	0.00752416
30.8485	78.89	0.00150513	0.00656196
29.3832	76.0659	0.00174879	0.00891058
31.9219	75.3472	0.00205261	0.00975244
31.3712	77.1646	0.00167804	0.00752416
27.2733	75.6267	0.00182269	0.0107017
29.3832	76.0659	0.00174879	0.00891058
28.3173	78.0345	0.00142229	0.00669337
28.5669	74.0896	0.0023604	0.014416
29.9033	72.3429	0.0033757	0.0217645
30.9297	73.8705	0.00250735	0.0137361
27.2733	75.6267	0.00182269	0.0107017
28.5669	74.0896	0.0023604	0.014416
29.3832	76.0659	0.00174879	0.00891058
27.2733	75.6267	0.00182269	0.0107017
26.189	74.0896	0.00236762	0.0167564
28.5669	74.0896	0.0023604	0.014416
26.2439	77.6257	0.00144317	0.00759637
27.2733	75.6267	0.00182269	0.0107017
28.3173	78.0345	0.00142229	0.00669337
26.9661	79.8761	0.00130726	0.00610562
26.2439	77.6257	0.00144317	0.00759637
28.3173	78.0345	0.00142229	0.00669337
24.9752	78.5234	0.00135674	0.00708102
24.7277	76.3587	0.0016422	0.0103131
26.2439	77.6257	0.00144317	0.00759637
31.0572	70.658	0.00495368	0.0333484
30.0542	68.2649	0.00942084	4.40289
32.2468	68.921	0.00759392	0.0450796
31.0572	70.658	0.00495368	0.0333484
28.75	70.3973	0.00544968	0.0407051
30.0542	68.2649	0.00942084	4.40289
33.75	70.3973	0.00553427	0.0273297
31.0572	70.658	0.00495368	0.0333484
32.2468	68.921	0.00759392	0.0450796
29.9033	72.3429	0.0033757	0.0217645
28.75	70.3973	0.00544968	0.0407051
31.0572	70.658	0.00495368	0.0333484
30.9297	73.8705	0.00250735	0.0137361
29.9033	72.3429	0.0033757	0.0217645
32.355	72.3429	0.00345959	0.0188419
33.3228	74.0896	0.00258897	0.0122177
30.9297	73.8705	0.00250735	0.0137361
32.355	72.3429	0.00345959	0.0188419
31.9219	75.3472	0.00205261	0.00975244
29.3832	76.0659	0.00174879	0.00891058
30.9297	73.8705	0.00250735	0.0137361
28.5669	74.0896	0.0023604	0.014416
26.189	74.0896	0.00236762	0.0167564
27.4517	72.3429	0.00339467	0.0241709
25	72.3429	0.00343722	0.0298015
23.75	70.3973	0.00591061	0.0599938
27.0253	69.2491	0.00743663	0.0559983
26.9661	79.8761	0.00130726	0.00610562
24.9752	78.5234	0.00135674	0.00708102
26.2439	77.6257	0.00144317	0.00759637
27.0253	69.2491	0.00743663	0.0559983
24.3347	67.1118	0.0149356	0.114186
26.9568	67.2765	0.0130754	0.0824793
19.0904	66.7823	0.019242	0.137712
19.999	65.078	0.0338608	4.69051
22.2828	65.9587	0.0226246	4.66605
17.4187	68.2649	0.0124434	0.09041
19.0904	66.7823	0.019242	0.137712
19.193	69.7412	0.00792467	0.0744156
17.4187	68.2649	0.0124434	0.09041
16.8484	65.9587	0.0240594	4.63531
19.0904	66.7823	0.019242	0.137712
27.4517	72.3429	0.00339467	0.0241709
28.75	70.3973	0.00544968	0.0407051
29.9033	72.3429	0.0033757	0.0217645
28.5669	74.0896	0.0023604	0.014416
27.4517	72.3429	0.00339467	0.0241709
29.9033	72.3429	0.0033757	0.0217645
26.189	74.0896	0.00236762	0.0167564
25	72.3429	0.00343722	0.0298015
27.4517	72.3429	0.00339467	0.0241709
27.0253	69.2491	0.00743663	0.0559983
26.9568	67.2765	0.0130754	0.0824793
30.0542	68.2649	0.00942084	4.40289
27.4517	72.3429	0.00339467	0.0241709
27.0253	69.2491	0.00743663	0.0559983
28.75	70.3973	0.00544968	0.0407051
23.75	70.3973	0.00591061	0.0599938
24.3347	67.1118	0.0149356	0.114186
27.0253	69.2491	0.00743663	0.0559983
34.8233	67.7707	0.0113467	0.0469941
37.4455	67.9354	0.0125573	4.34614
36.25	70.3973	0.00625036	0.0306363
31.3712	77.1646	0.00167804	0.00752416
32.7403	78.0345	0.00168866	0.00721985
30.8485	78.89	0.00150513	0.00656196
23.329	78.279	0.00139818	0.00784928
22.3999	76.5052	0.00167784	0.0113879
24.7277	76.3587	0.0016422	0.0103131
23.0339	79.8761	0.00132635	0.00704708
23.329	78.279	0.00139818	0.00784928
24.9752	78.5234	0.00135674	0.00708102
21.6827	78.0345	0.00146531	0.00864227
22.3999	76.5052	0.00167784	0.0113879
23.329	78.279	0.00139818	0.00784928
21.6827	78.0345	0.00146531	0.00864227
23.329	78.279	0.00139818	0.00784928
23.0339	79.8761	0.00132635	0.00704708
25	72.3429	0.00343722	0.0298015
26.189	74.0896	0.00236762	0.0167564
23.0327	74.7883	0.00214263	0.0172985
27.2733	75.6267	0.00182269	0.0107017
26.2439	77.6257	0.00144317	0.00759637
24.7277	76.3587	0.0016422	0.0103131
25	80	0.00131431	0.00662182
23.0339	79.8761	0.00132635	0.00704708
24.9752	78.5234	0.00135674	0.00708102
35.7008	74.0896	0.00301165	0.0130388
37.3942	72.4885	0.00446209	0.0189753
38.0788	74.0896	0.00380892	0.0157565
34.5833	76.9444	0.00201332	0.00846032
35.7008	74.0896	0.00301165	0.0130388
36.3664	75.6267	0.00273771	0.0115952
34.8066	72.3429	0.00380802	0.0178313
37.3942	72.4885	0.00446209	0.0189753
35.7008	74.0896	0.00301165	0.0130388
34.5833	76.9444	0.00201332	0.00846032
33.3228	74.0896	0.00258897	0.0122177
35.7008	74.0896	0.00301165	0.0130388
33.75	70.3973	0.00553427	0.0273297
36.25	70.3973	0.00625036	0.0306363
34.8066	72.3429	0.00380802	0.0178313
35.7008	74.0896	0.00301165	0.0130388
38.0788	74.0896	0.00380892	0.0157565
36.3664	75.6267	0.00273771	0.0115952
37.4455	67.9354	0.0125573	4.34614
38.75	70.3973	0.00752365	0.0306353
36.25	70.3973	0.00625036	0.0306363
39.7099	72.3429	0.00588888	0.022424
38.0788	74.0896	0.00380892	0.0157565
37.3942	72.4885	0.00446209	0.0189753
36.25	70.3973	0.00625036	0.0306363
33.75	70.3973	0.00553427	0.0273297
34.8233	67.7707	0.0113467	0.0469941
37.3942	72.4885	0.00446209	0.0189753
36.25	70.3973	0.00625036	0.0306363
38.75	70.3973	0.00752365	0.0306353
37.3942	72.4885	0.00446209	0.0189753
34.8066	72.3429	0.00380802	0.0178313
36.25	70.3973	0.00625036	0.0306363
15.5575	63.4929	0.0557691	4.62799
16.8484	65.9587	0.0240594	4.63531
13.846	66.4528	0.0208805	0.10308
11.414	65.9587	0.0255009	4.55638
12.8597	63.4929	0.0512417	0.113139
13.846	66.4528	0.0208805	0.10308
15.0494	60.8826	0.118353	0.106516
17.5295	61.7527	0.0942294	4.66256
15.5575	63.4929	0.0557691	4.62799
15.5575	63.4929	0.0557691	4.62799
17.5295	61.7527	0.0942294	4.66256
16.8484	65.9587	0.0240594	4.63531
11.6319	58.144	4.81141	0.0484644
14.6026	58.144	4.81498	0.0540239
12.3979	60.3349	0.134588	4.47716
14.6026	58.144	4.81498	0.0540239
17.2808	59.0298	4.77296	0.0787164
15.0494	60.8826	0.118353	0.106516
20.363	63.0044	0.0665466	4.68736
19.999	65.078	0.0338608	4.69051
17.5295	61.7527	0.0942294	4.66256
20.7355	60.8826	0.127576	4.60563
20.363	63.0044	0.0665466	4.68736
17.5295	61.7527	0.0942294	4.66256
20.7355	60.8826	0.127576	4.60563
23.0704	62.1007	0.0819609	0.137292
20.363	63.0044	0.0665466	4.68736
11.6319	58.144	4.81141	0.0484644
10.6893	54.7417	4.94048	0.015944
14.2198	55.2938	4.926	0.0221234
9.3634	60.8826	0.117986	0.0791987
11.6319	58.144	4.81141	0.0484644
12.3979	60.3349	0.134588	4.47716
8.66123	58.144	4.81882	0.0378223
10.6893	54.7417	4.94048	0.015944
11.6319	58.144	4.81141	0.0484644
5.69054	58.144	4.83401	0.0407545
4.92487	55.4838	4.93463	0.0174551
8.05963	55.2938	4.9307	0.0168807
6.4478	61.0566	0.121615	0.0818661
5.69054	58.144	4.83401	0.0407545
8.66123	58.144	4.81882	0.0378223
3.67737	60.8826	0.152837	4.45631
2.71986	58.144	4.8674	0.0382904
5.69054	58.144	4.83401	0.0407545
36.8222	64.0212	0.0365528	0.048328
39.6261	63.8451	0.04424	0.0411231
38.586	65.9587	0.0226421	0.0448064
34.1521	62.7968	0.0474991	4.44499
36.8222	64.0212	0.0365528	0.048328
35.8688	65.9587	0.0195158	0.053835
37.7936	60.8826	0.105336	0.0284396
39.6261	63.8451	0.04424	0.0411231
36.8222	64.0212	0.0365528	0.048328
38.75	70.3973	0.00752365	0.0306353
40.1627	68.2649	0.0137358	0.0378168
41.25	70.3973	0.00987476	0.0275979
37.3942	72.4885	0.00446209	0.0189753
38.75	70.3973	0.00752365	0.0306353
39.7099	72.3429	0.00588888	0.022424
37.4455	67.9354	0.0125573	4.34614
40.1627	68.2649	0.0137358	0.0378168
38.75	70.3973	0.00752365	0.0306353
35.8688	65.9587	0.0195158	0.053835
37.4455	67.9354	0.0125573	4.34614
34.8233	67.7707	0.0113467	0.0469941
33.1516	65.9587	0.0173648	0.0653169
35.8688	65.9587	0.0195158	0.053835
34.8233	67.7707	0.0113467	0.0469941
34.1521	62.7968	0.0474991	4.44499
34.9506	60.8826	0.0846502	0.0524503
36.8222	64.0212	0.0365528	0.048328
38.75	70.3973	0.00752365	0.0306353
41.25	70.3973	0.00987476	0.0275979
39.7099	72.3429	0.00588888	0.022424
38.586	65.9587	0.0226421	0.0448064
40.1627	68.2649	0.0137358	0.0378168
37.4455	67.9354	0.0125573	4.34614
41.3032	65.9587	0.0267128	0.0425907
42.6898	68.2649	0.017817	0.0342554
40.1627	68.2649	0.0137358	0.0378168
41.3032	65.9587	0.0267128	0.0425907
44.0204	65.9587	0.0341728	0.0483702
42.6898	68.2649	0.017817	0.0342554
41.25	70.3973	0.00987476	0.0275979
40.1627	68.2649	0.0137358	0.0378168
42.6898	68.2649	0.017817	0.0342554
36.8222	64.0212	0.0365528	0.048328
34.9506	60.8826	0.0846502	0.0524503
37.7936	60.8826	0.105336	0.0284396
2.71986	58.144	4.8674	0.0382904
4.92487	55.4838	4.93463	0.0174551
5.69054	58.144	4.83401	0.0407545
8.66123	58.144	4.81882	0.0378223
8.05963	55.2938	4.9307	0.0168807
10.6893	54.7417	4.94048	0.015944
6.4478	61.0566	0.121615	0.0818661
8.66123	58.144	4.81882	0.0378223
9.3634	60.8826	0.117986	0.0791987
5.69054	58.144	4.83401	0.0407545
8.05963	55.2938	4.9307	0.0168807
8.66123	58.144	4.81882	0.0378223
1.8995	55.2938	4.94996	0.0143525
4.92487	55.4838	4.93463	0.0174551
2.71986	58.144	4.8674	0.0382904
1.8995	55.2938	4.94996	0.0143525
1.22131	52.3495	4.97981	0.00600434
4.19365	52.3495	4.97627	0.006752
41.3032	65.9587	0.0267128	0.0425907
42.43	63.669	0.0538979	4.35209
44.0204	65.9587	0.0341728	0.0483702
43.4796	60.8826	0.123738	0.0292599
40.6366	60.8826	0.115658	0.0293635
41.4664	58.5091	4.79013	0.0143089
45.2338	63.4929	0.0690627	0.044646
43.4796	60.8826	0.123738	0.0292599
46.3226	60.8826	0.145967	0.0204543
42.43	63.669	0.0538979	4.35209
40.6366	60.8826	0.115658	0.0293635
43.4796	60.8826	0.123738	0.0292599
41.4664	58.5091	4.79013	0.0143089
38.5596	58.6917	4.75764	0.0169123
38.8603	55.2938	4.88787	0.00679653
46.3226	60.8826	0.145967	0.0204543
43.4796	60.8826	0.123738	0.0292599
44.2548	57.954	4.83336	0.0106901
42.43	63.669	0.0538979	4.35209
39.6261	63.8451	0.04424	0.0411231
40.6366	60.8826	0.115658	0.0293635
44.0204	65.9587	0.0341728	0.0483702
42.43	63.669	0.0538979	4.35209
45.2338	63.4929	0.0690627	0.044646
36.8222	64.0212	0.0365528	0.048328
38.586	65.9587	0.0226421	0.0448064
35.8688	65.9587	0.0195158	0.053835
40.6366	60.8826	0.115658	0.0293635
39.6261	63.8451	0.04424	0.0411231
37.7936	60.8826	0.105336	0.0284396
38.586	65.9587	0.0226421	0.0448064
37.4455	67.9354	0.0125573	4.34614
35.8688	65.9587	0.0195158	0.053835
41.3032	65.9587	0.0267128	0.0425907
38.586	65.9587	0.0226421	0.0448064
39.6261	63.8451	0.04424	0.0411231
41.3032	65.9587	0.0267128	0.0425907
40.1627	68.2649	0.0137358	0.0378168
38.586	65.9587	0.0226421	0.0448064
32.2468	68.921	0.00759392	0.0450796
30.4344	65.9587	0.0169659	0.0769129
33.1516	65.9587	0.0173648	0.0653169
21.7285	50.6506	0.287448	0.00555733
19.0553	52.3495	4.91648	0.00901099
18.9224	49.3292	4.92554	0.00375343
21.7462	47.598	4.91186	0.00240416
21.7285	50.6506	0.287448	0.00555733
18.9224	49.3292	4.92554	0.00375343
15.8835	49.3292	4.96551	0.00391277
18.8268	46.2515	4.92849	0.00189237
18.9224	49.3292	4.92554	0.00375343
22.0142	44.8882	4.91149	0.00149312
25	46.2515	4.92984	0.00172826
21.7462	47.598	4.91186	0.00240416
24.7341	50.8393	4.87708	0.00540607
22.4091	54.0056	4.86021	0.0153563
21.7285	50.6506	0.287448	0.00555733
26.54	55.2938	0.229226	0.0216745
26.4853	58.144	4.71927	0.0524396
23.0771	56.6239	4.83565	0.0338586
30.9447	52.3495	4.86633	0.00643204
29.6201	55.2938	4.79792	0.0160805
27.9723	52.3495	4.86668	0.00772025
26.4853	58.144	4.71927	0.0524396
26.4215	60.8826	0.097539	4.53288
24.0253	59.6046	4.69854	0.0816483
29.6201	55.2938	4.79792	0.0160805
26.4853	58.144	4.71927	0.0524396
26.54	55.2938	0.229226	0.0216745
29.6201	55.2938	4.79792	0.0160805
32.1533	57.1939	0.168756	0.0261822
29.839	59.2394	0.113191	0.0572755
17.2808	59.0298	4.77296	0.0787164
20.7355	60.8826	0.127576	4.60563
17.5295	61.7527	0.0942294	4.66256
23.0771	56.6239	4.83565	0.0338586
20.3936	58.6582	4.78729	0.0747261
20.0518	56.4338	4.87953	0.0347285
23.0771	56.6239	4.83565	0.0338586
24.0253	59.6046	4.69854	0.0816483
20.3936	58.6582	4.78729	0.0747261
39.0601	41.8598	0.183527	0.000843075
37.5191	43.9145	0.143745	0.000963876
37.5	40	4.78114	0.000714059
40.625	40	0.222811	0.000738896
39.0601	41.8598	0.183527	0.000843075
37.5	40	4.78114	0.000714059
40.6201	43.7197	0.18653	0.000918382
37.5191	43.9145	0.143745	0.000963876
39.0601	41.8598	0.183527	0.000843075
40.6201	43.7197	0.18653	0.000918382
40.433	46.2515	4.79671	0.0011136
37.5191	43.9145	0.143745	0.000963876
43.6923	43.1354	0.239725	0.000890193
40.6201	43.7197	0.18653	0.000918382
40.625	40	0.222811	0.000738896
43.6923	43.1354	0.239725	0.000890193
43.5196	46.2515	4.87512	0.00108105
40.6201	43.7197	0.18653	0.000918382
46.8798	40.196	4.93665	0.000824089
43.6923	43.1354	0.239725	0.000890193
43.75	40	4.86764	0.00075212
46.8077	43.1354	4.91329	0.000891931
49.6928	46.2515	4.95839	0.00104073
46.6062	46.2515	4.93401	0.0010587
37.5	40	4.78114	0.000714059
34.399	40.9798	0.167609	0.000820922
34.3221	37.8444	4.84348	0.000687846
40.5769	36.8646	4.91395	0.000704859
37.5	40	4.78114	0.000714059
37.4615	36.8646	4.91012	0.000688217
40.625	40	0.222811	0.000738896
40.6201	43.7197	0.18653	0.000918382
39.0601	41.8598	0.183527	0.000843075
40.1224	48.7521	4.85581	0.00150335
37.0597	48.5598	0.193173	0.00172174
37.3464	46.2515	0.160818	0.00123657
34.1165	49.3292	0.203606	0.00231232
36.7564	51.5944	4.3778	0.00295558
34.1289	53.2696	4.84122	0.0064185
31.1732	46.2515	4.78518	0.0016035
34.1165	49.3292	0.203606	0.00231232
31.0776	49.3292	4.84746	0.00303609
28.0866	46.2515	4.89652	0.00171518
31.1732	46.2515	4.78518	0.0016035
31.0776	49.3292	4.84746	0.00303609
34.3294	43.6157	0.133149	0.00100244
34.399	40.9798	0.167609	0.000820922
37.5191	43.9145	0.143745	0.000963876
31.1732	46.2515	4.78518	0.0016035
31.226	43.7137	0.187773	0.0011043
34.2598	46.2515	0.152925	0.0013877
31.2788	41.1758	0.182142	0.000872253
34.399	40.9798	0.167609	0.000820922
34.3294	43.6157	0.133149	0.00100244
37.0597	48.5598	0.193173	0.00172174
36.7564	51.5944	4.3778	0.00295558
34.1165	49.3292	0.203606	0.00231232
37.3464	46.2515	0.160818	0.00123657
37.0597	48.5598	0.193173	0.00172174
34.2598	46.2515	0.152925	0.0013877
40.433	46.2515	4.79671	0.0011136
37.3464	46.2515	0.160818	0.00123657
37.5191	43.9145	0.143745	0.000963876
40.433	46.2515	4.79671	0.0011136
40.1224	48.7521	4.85581	0.00150335
37.3464	46.2515	0.160818	0.00123657
40.1224	48.7521	4.85581	0.00150335
36.7564	51.5944	4.3778	0.00295558
37.0597	48.5598	0.193173	0.00172174
46.2717	49.3292	4.95895	0.00145913
45.8487	52.5335	4.95935	0.00251721
43.2329	49.3292	4.93107	0.00157146
34.1165	49.3292	0.203606	0.00231232
34.1289	53.2696	4.84122	0.0064185
30.9447	52.3495	4.86633	0.00643204
7.464	63.4929	0.0586395	4.59038
8.78345	65.7825	0.0296525	4.61205
5.97957	65.9587	0.0359345	4.64267
6.4478	61.0566	0.121615	0.0818661
7.464	63.4929	0.0586395	4.59038
4.76616	63.4929	0.0711259	0.116614
6.4478	61.0566	0.121615	0.0818661
9.3634	60.8826	0.117986	0.0791987
7.464	63.4929	0.0586395	4.59038
12.3979	60.3349	0.134588	4.47716
10.1618	63.4929	0.0518056	0.113917
9.3634	60.8826	0.117986	0.0791987
12.8597	63.4929	0.0512417	0.113139
15.0494	60.8826	0.118353	0.106516
15.5575	63.4929	0.0557691	4.62799
12.3644	68.2649	0.0130681	0.0729648
13.513	70.6966	0.00678546	0.0373537
11.25	70.3973	0.00830107	0.0442904
16.8484	65.9587	0.0240594	4.63531
14.8915	68.2649	0.0122585	0.0746292
13.846	66.4528	0.0208805	0.10308
17.4187	68.2649	0.0124434	0.09041
16.25	70.3973	0.0068879	0.0440115
14.8915	68.2649	0.0122585	0.0746292
19.999	65.078	0.0338608	4.69051
19.0904	66.7823	0.019242	0.137712
16.8484	65.9587	0.0240594	4.63531
19.193	69.7412	0.00792467	0.0744156
20.0967	72.3429	0.00383819	0.038721
17.645	72.3429	0.00405522	0.029577
9.83732	68.2649	0.0147816	0.0868169
8.78345	65.7825	0.0296525	4.61205
11.414	65.9587	0.0255009	4.55638
6.48041	46.2515	4.99203	0.00186573
3.72828	49.3292	4.98977	0.00314906
3.39381	46.2515	4.99442	0.00177825
9.70619	49.8955	4.98312	0.00412847
6.76709	49.3292	4.98785	0.00335345
9.61019	45.6673	4.98775	0.00170237
9.70619	49.8955	4.98312	0.00412847
10.1383	52.3495	4.97061	0.00790132
7.16598	52.3495	4.97303	0.00720264
13.1107	52.3495	4.96766	0.00868383
10.1383	52.3495	4.97061	0.00790132
12.7118	50.0843	4.97799	0.00472876
4.19365	52.3495	4.97627	0.006752
3.72828	49.3292	4.98977	0.00314906
6.76709	49.3292	4.98785	0.00335345
1.8995	55.2938	4.94996	0.0143525
4.19365	52.3495	4.97627	0.006752
4.92487	55.4838	4.93463	0.0174551
1.22131	52.3495	4.97981	0.00600434
3.72828	49.3292	4.98977	0.00314906
4.19365	52.3495	4.97627	0.006752
22.2828	65.9587	0.0226246	4.66605
23.0704	62.1007	0.0819609	0.137292
25.6067	64.7258	0.0299639	4.60599
21.8037	69.5771	0.00756621	4.5115
22.2828	65.9587	0.0226246	4.66605
24.3347	67.1118	0.0149356	0.114186
19.999	65.078	0.0338608	4.69051
20.363	63.0044	0.0665466	4.68736
22.2828	65.9587	0.0226246	4.66605
21.8037	69.5771	0.00756621	4.5115
19.193	69.7412	0.00792467	0.0744156
19.0904	66.7823	0.019242	0.137712
16.8484	65.9587	0.0240594	4.63531
17.5295	61.7527	0.0942294	4.66256
19.999	65.078	0.0338608	4.69051
22.2828	65.9587	0.0226246	4.66605
20.363	63.0044	0.0665466	4.68736
23.0704	62.1007	0.0819609	0.137292
16.25	70.3973	0.0068879	0.0440115
15.1934	72.3429	0.00440236	0.0262185
13.513	70.6966	0.00678546	0.0373537
7.464	63.4929	0.0586395	4.59038
10.1618	63.4929	0.0518056	0.113917
8.78345	65.7825	0.0296525	4.61205
20.0518	56.4338	4.87953	0.0347285
19.0553	52.3495	4.91648	0.00901099
22.4091	54.0056	4.86021	0.0153563
20.3936	58.6582	4.78729	0.0747261
17.2808	59.0298	4.77296	0.0787164
20.0518	56.4338	4.87953	0.0347285
15.0494	60.8826	0.118353	0.106516
12.8597	63.4929	0.0512417	0.113139
12.3979	60.3349	0.134588	4.47716
9.3634	60.8826	0.117986	0.0791987
8.66123	58.144	4.81882	0.0378223
11.6319	58.144	4.81141	0.0484644
9.70619	49.8955	4.98312	0.00412847
7.16598	52.3495	4.97303	0.00720264
6.76709	49.3292	4.98785	0.00335345
13.1107	52.3495	4.96766	0.00868383
16.083	52.3495	4.95489	0.00912821
14.2198	55.2938	4.926	0.0221234
23.0771	56.6239	4.83565	0.0338586
22.4091	54.0056	4.86021	0.0153563
26.54	55.2938	0.229226	0.0216745
20.7355	60.8826	0.127576	4.60563
20.3936	58.6582	4.78729	0.0747261
24.0253	59.6046	4.69854	0.0816483
20.0518	56.4338	4.87953	0.0347285
22.4091	54.0056	4.86021	0.0153563
23.0771	56.6239	4.83565	0.0338586
20.7355	60.8826	0.127576	4.60563
17.2808	59.0298	4.77296	0.0787164
20.3936	58.6582	4.78729	0.0747261
17.0264	56.2438	4.90004	0.0318337
19.0553	52.3495	4.91648	0.00901099
20.0518	56.4338	4.87953	0.0347285
6.30769	36.8646	4.99199	0.000847134
6.24038	39.6081	4.99175	0.000931999
3.19231	36.8646	4.99629	0.00085034
9.49534	33.1714	4.98705	0.000776533
9.42308	36.8646	4.97886	0.000844051
6.43263	33.3637	4.9944	0.000784654
6.31731	42.7435	4.99247	0.00119866
3.125	40	4.996	0.00095064
6.24038	39.6081	4.99175	0.000931999
9.4375	42.5475	4.98239	0.00120883
12.5	40	4.93233	0.000950013
12.5577	42.3516	4.95376	0.00119482
6.30769	36.8646	4.99199	0.000847134
9.36058	39.4121	4.97802	0.000928541
6.24038	39.6081	4.99175	0.000931999
9.42308	36.8646	4.97886	0.000844051
12.5385	36.8646	4.93782	0.000835243
9.36058	39.4121	4.97802	0.000928541
15.8122	34.7222	4.90399	0.000777103
12.5385	36.8646	4.93782	0.000835243
12.7112	34.5275	4.96021	0.000786846
9.4375	42.5475	4.98239	0.00120883
12.5577	42.3516	4.95376	0.00119482
9.61019	45.6673	4.98775	0.00170237
6.24038	39.6081	4.99175	0.000931999
9.4375	42.5475	4.98239	0.00120883
6.31731	42.7435	4.99247	0.00119866
9.36058	39.4121	4.97802	0.000928541
12.5	40	4.93233	0.000950013
9.4375	42.5475	4.98239	0.00120883
15.601	39.0202	0.244182	0.000911639
12.5	40	4.93233	0.000950013
12.5385	36.8646	4.93782	0.000835243
15.601	39.0202	0.244182	0.000911639
15.6779	42.1556	4.87932	0.00119312
12.5	40	4.93233	0.000950013
6.48041	46.2515	4.99203	0.00186573
6.76709	49.3292	4.98785	0.00335345
3.72828	49.3292	4.98977	0.00314906
6.31731	42.7435	4.99247	0.00119866
6.48041	46.2515	4.99203	0.00186573
3.39381	46.2515	4.99442	0.00177825
9.61019	45.6673	4.98775	0.00170237
6.76709	49.3292	4.98785	0.00335345
6.48041	46.2515	4.99203	0.00186573
12.7118	50.0843	4.97799	0.00472876
9.70619	49.8955	4.98312	0.00412847
11.1799	48.0735	4.98251	0.00299024
3.19711	42.9395	4.99567	0.00121883
0.076922	43.1354	4.99632	0.00124182
-3.10282e-28	40	4.99697	0.00100997
6.31731	42.7435	4.99247	0.00119866
3.19711	42.9395	4.99567	0.00121883
3.125	40	4.996	0.00095064
3.39381	46.2515	4.99442	0.00177825
0.307214	46.2515	4.99516	0.00171262
3.19711	42.9395	4.99567	0.00121883
45.0204	55.2938	4.92754	0.00492676
41.9404	55.2938	4.91299	0.00579846
42.834	52.3495	4.94492	0.00275994
48.1005	55.2938	4.94075	0.00406046
45.0204	55.2938	4.92754	0.00492676
45.8487	52.5335	4.95935	0.00251721
44.2548	57.954	4.83336	0.0106901
41.9404	55.2938	4.91299	0.00579846
45.0204	55.2938	4.92754	0.00492676
46.3226	60.8826	0.145967	0.0204543
44.2548	57.954	4.83336	0.0106901
47.2801	58.144	4.85846	0.00870099
41.4664	58.5091	4.79013	0.0143089
38.8603	55.2938	4.88787	0.00679653
41.9404	55.2938	4.91299	0.00579846
27.9723	52.3495	4.86668	0.00772025
28.0388	49.3292	4.90571	0.00339747
30.9447	52.3495	4.86633	0.00643204
19.0553	52.3495	4.91648	0.00901099
21.7285	50.6506	0.287448	0.00555733
22.4091	54.0056	4.86021	0.0153563
25	46.2515	4.92984	0.00172826
28.0388	49.3292	4.90571	0.00339747
24.7341	50.8393	4.87708	0.00540607
21.7285	50.6506	0.287448	0.00555733
21.7462	47.598	4.91186	0.00240416
24.7341	50.8393	4.87708	0.00540607
15.6779	42.1556	4.87932	0.00119312
17.2523	44.2036	4.89823	0.00149901
14.1489	44.3016	4.95027	0.0015359
22.0142	44.8882	4.91149	0.00149312
18.8268	46.2515	4.92849	0.00189237
18.7981	41.9596	0.235917	0.0011418
15.8835	49.3292	4.96551	0.00391277
12.6536	46.2515	4.97563	0.00197067
15.7402	46.2515	4.95401	0.00209992
17.0264	56.2438	4.90004	0.0318337
16.083	52.3495	4.95489	0.00912821
19.0553	52.3495	4.91648	0.00901099
4.19365	52.3495	4.97627	0.006752
7.16598	52.3495	4.97303	0.00720264
4.92487	55.4838	4.93463	0.0174551
21.9183	41.7637	4.85079	0.00108172
25	43.1354	4.91061	0.00115126
22.0142	44.8882	4.91149	0.00149312
28.125	40	4.84265	0.000804511
25	40	4.87147	0.000839963
28.1154	36.8646	4.86374	0.000715951
25	30.6708	4.92844	0.00070068
25.1151	35.3065	0.252523	0.000735347
21.9134	33.7485	0.261665	0.000745995
31.3171	35.696	4.89585	0.000682748
28.0866	33.7485	4.91184	0.00069507
30.9343	31.8249	4.96622	0.000690688
28.1154	36.8646	4.86374	0.000715951
25.1151	35.3065	0.252523	0.000735347
28.0866	33.7485	4.91184	0.00069507
33.7508	28.5944	4.98621	0.000693863
37.1553	30.6708	4.986	0.000706643
33.997	31.6326	4.97508	0.000693129
21.8846	36.8646	4.80744	0.000784644
21.9014	39.3141	0.239357	0.000878251
18.7212	38.8242	0.20776	0.000887067
28.1154	36.8646	4.86374	0.000715951
25	40	4.87147	0.000839963
25.1151	35.3065	0.252523	0.000735347
28.125	40	4.84265	0.000804511
28.1154	43.1354	4.85827	0.00110543
25	40	4.87147	0.000839963
3.72828	49.3292	4.98977	0.00314906
1.22131	52.3495	4.97981	0.00600434
0.68946	49.3292	4.99105	0.00290738
0.307214	46.2515	4.99516	0.00171262
3.39381	46.2515	4.99442	0.00177825
0.68946	49.3292	4.99105	0.00290738
11.1799	48.0735	4.98251	0.00299024
12.6536	46.2515	4.97563	0.00197067
12.7118	50.0843	4.97799	0.00472876
9.61019	45.6673	4.98775	0.00170237
11.1799	48.0735	4.98251	0.00299024
9.70619	49.8955	4.98312	0.00412847
9.61019	45.6673	4.98775	0.00170237
12.6536	46.2515	4.97563	0.00197067
11.1799	48.0735	4.98251	0.00299024
31.3817	62.6228	0.0402835	4.51935
34.1521	62.7968	0.0474991	4.44499
33.1516	65.9587	0.0173648	0.0653169
26.9568	67.2765	0.0130754	0.0824793
28.4106	64.5496	0.0275455	0.0954013
30.4344	65.9587	0.0169659	0.0769129
29.839	59.2394	0.113191	0.0572755
33.5519	59.0383	0.124521	0.0390592
31.3817	62.6228	0.0402835	4.51935
28.6113	62.4488	0.0501028	0.100181
29.839	59.2394	0.113191	0.0572755
31.3817	62.6228	0.0402835	4.51935
20.7355	60.8826	0.127576	4.60563
24.0253	59.6046	4.69854	0.0816483
23.0704	62.1007	0.0819609	0.137292
25.6371	53.0665	0.262993	0.0113679
24.7341	50.8393	4.87708	0.00540607
27.9723	52.3495	4.86668	0.00772025
22.4091	54.0056	4.86021	0.0153563
25.6371	53.0665	0.262993	0.0113679
26.54	55.2938	0.229226	0.0216745
22.4091	54.0056	4.86021	0.0153563
24.7341	50.8393	4.87708	0.00540607
25.6371	53.0665	0.262993	0.0113679
29.6201	55.2938	4.79792	0.0160805
31.8745	54.2817	4.82588	0.0109425
32.1533	57.1939	0.168756	0.0261822
34.2598	46.2515	0.152925	0.0013877
34.3294	43.6157	0.133149	0.00100244
37.3464	46.2515	0.160818	0.00123657
31.1732	46.2515	4.78518	0.0016035
34.2598	46.2515	0.152925	0.0013877
34.1165	49.3292	0.203606	0.00231232
34.2598	46.2515	0.152925	0.0013877
31.226	43.7137	0.187773	0.0011043
34.3294	43.6157	0.133149	0.00100244
35.6527	58.8743	4.67681	0.0272982
38.5596	58.6917	4.75764	0.0169123
37.7936	60.8826	0.105336	0.0284396
33.5519	59.0383	0.124521	0.0390592
35.6527	58.8743	4.67681	0.0272982
34.9506	60.8826	0.0846502	0.0524503
35.7802	55.2938	4.84461	0.0089468
38.5596	58.6917	4.75764	0.0169123
35.6527	58.8743	4.67681	0.0272982
42.43	63.669	0.0538979	4.35209
43.4796	60.8826	0.123738	0.0292599
45.2338	63.4929	0.0690627	0.044646
6.48041	46.2515	4.99203	0.00186573
6.31731	42.7435	4.99247	0.00119866
9.61019	45.6673	4.98775	0.00170237
0.68946	49.3292	4.99105	0.00290738
3.39381	46.2515	4.99442	0.00177825
3.72828	49.3292	4.98977	0.00314906
0.307214	46.2515	4.99516	0.00171262
0.076922	43.1354	4.99632	0.00124182
3.19711	42.9395	4.99567	0.00121883
6.4478	61.0566	0.121615	0.0818661
4.76616	63.4929	0.0711259	0.116614
3.67737	60.8826	0.152837	4.45631
5.69054	58.144	4.83401	0.0407545
6.4478	61.0566	0.121615	0.0818661
3.67737	60.8826	0.152837	4.45631
9.3634	60.8826	0.117986	0.0791987
10.1618	63.4929	0.0518056	0.113917
7.464	63.4929	0.0586395	4.59038
14.6026	58.144	4.81498	0.0540239
15.0494	60.8826	0.118353	0.106516
12.3979	60.3349	0.134588	4.47716
14.2198	55.2938	4.926	0.0221234
14.6026	58.144	4.81498	0.0540239
11.6319	58.144	4.81141	0.0484644
14.2198	55.2938	4.926	0.0221234
17.0264	56.2438	4.90004	0.0318337
14.6026	58.144	4.81498	0.0540239
7.464	63.4929	0.0586395	4.59038
5.97957	65.9587	0.0359345	4.64267
4.76616	63.4929	0.0711259	0.116614
11.414	65.9587	0.0255009	4.55638
13.846	66.4528	0.0208805	0.10308
12.3644	68.2649	0.0130681	0.0729648
10.1618	63.4929	0.0518056	0.113917
11.414	65.9587	0.0255009	4.55638
8.78345	65.7825	0.0296525	4.61205
12.8597	63.4929	0.0512417	0.113139
15.5575	63.4929	0.0557691	4.62799
13.846	66.4528	0.0208805	0.10308
10.1618	63.4929	0.0518056	0.113917
12.8597	63.4929	0.0512417	0.113139
11.414	65.9587	0.0255009	4.55638
10.1618	63.4929	0.0518056	0.113917
12.3979	60.3349	0.134588	4.47716
12.8597	63.4929	0.0512417	0.113139
9.83732	68.2649	0.0147816	0.0868169
7.31021	68.2649	0.0187151	0.109046
8.78345	65.7825	0.0296525	4.61205
31.8745	54.2817	4.82588	0.0109425
30.9447	52.3495	4.86633	0.00643204
34.1289	53.2696	4.84122	0.0064185
35.7802	55.2938	4.84461	0.0089468
31.8745	54.2817	4.82588	0.0109425
34.1289	53.2696	4.84122	0.0064185
29.6201	55.2938	4.79792	0.0160805
30.9447	52.3495	4.86633	0.00643204
31.8745	54.2817	4.82588	0.0109425
29.839	59.2394	0.113191	0.0572755
26.4853	58.144	4.71927	0.0524396
29.6201	55.2938	4.79792	0.0160805
33.5519	59.0383	0.124521	0.0390592
29.839	59.2394	0.113191	0.0572755
32.1533	57.1939	0.168756	0.0261822
35.7802	55.2938	4.84461	0.0089468
33.5519	59.0383	0.124521	0.0390592
32.1533	57.1939	0.168756	0.0261822
34.9506	60.8826	0.0846502	0.0524503
31.3817	62.6228	0.0402835	4.51935
33.5519	59.0383	0.124521	0.0390592
28.6113	62.4488	0.0501028	0.100181
26.4215	60.8826	0.097539	4.53288
29.839	59.2394	0.113191	0.0572755
26.54	55.2938	0.229226	0.0216745
27.9723	52.3495	4.86668	0.00772025
29.6201	55.2938	4.79792	0.0160805
25.6371	53.0665	0.262993	0.0113679
27.9723	52.3495	4.86668	0.00772025
26.54	55.2938	0.229226	0.0216745
24.7341	50.8393	4.87708	0.00540607
28.0388	49.3292	4.90571	0.00339747
27.9723	52.3495	4.86668	0.00772025
22.5483	72.3429	0.0036431	0.0394708
23.75	70.3973	0.00591061	0.0599938
25	72.3429	0.00343722	0.0298015
23.0327	74.7883	0.00214263	0.0172985
22.5483	72.3429	0.0036431	0.0394708
25	72.3429	0.00343722	0.0298015
21.4331	74.0896	0.00252078	0.0222462
19.0551	74.0896	0.00268188	0.0210521
20.0967	72.3429	0.00383819	0.038721
19.0904	66.7823	0.019242	0.137712
22.2828	65.9587	0.0226246	4.66605
21.8037	69.5771	0.00756621	4.5115
24.3347	67.1118	0.0149356	0.114186
23.75	70.3973	0.00591061	0.0599938
21.8037	69.5771	0.00756621	4.5115
27.0253	69.2491	0.00743663	0.0559983
30.0542	68.2649	0.00942084	4.40289
28.75	70.3973	0.00544968	0.0407051
25.6067	64.7258	0.0299639	4.60599
28.4106	64.5496	0.0275455	0.0954013
26.9568	67.2765	0.0130754	0.0824793
22.2828	65.9587	0.0226246	4.66605
25.6067	64.7258	0.0299639	4.60599
24.3347	67.1118	0.0149356	0.114186
23.0704	62.1007	0.0819609	0.137292
26.4215	60.8826	0.097539	4.53288
25.6067	64.7258	0.0299639	4.60599
30.4344	65.9587	0.0169659	0.0769129
30.0542	68.2649	0.00942084	4.40289
26.9568	67.2765	0.0130754	0.0824793
28.6113	62.4488	0.0501028	0.100181
31.3817	62.6228	0.0402835	4.51935
28.4106	64.5496	0.0275455	0.0954013
25.6067	64.7258	0.0299639	4.60599
28.6113	62.4488	0.0501028	0.100181
28.4106	64.5496	0.0275455	0.0954013
26.4215	60.8826	0.097539	4.53288
26.4853	58.144	4.71927	0.0524396
29.839	59.2394	0.113191	0.0572755
25.6067	64.7258	0.0299639	4.60599
26.4215	60.8826	0.097539	4.53288
28.6113	62.4488	0.0501028	0.100181
24.0253	59.6046	4.69854	0.0816483
23.0771	56.6239	4.83565	0.0338586
26.4853	58.144	4.71927	0.0524396
33.1516	65.9587	0.0173648	0.0653169
34.8233	67.7707	0.0113467	0.0469941
32.2468	68.921	0.00759392	0.0450796
31.3817	62.6228	0.0402835	4.51935
33.1516	65.9587	0.0173648	0.0653169
30.4344	65.9587	0.0169659	0.0769129
34.1521	62.7968	0.0474991	4.44499
35.8688	65.9587	0.0195158	0.053835
33.1516	65.9587	0.0173648	0.0653169
32.355	72.3429	0.00345959	0.0188419
33.75	70.3973	0.00553427	0.0273297
34.8066	72.3429	0.00380802	0.0178313
29.3832	76.0659	0.00174879	0.00891058
28.5669	74.0896	0.0023604	0.014416
30.9297	73.8705	0.00250735	0.0137361
31.0572	70.658	0.00495368	0.0333484
33.75	70.3973	0.00553427	0.0273297
32.355	72.3429	0.00345959	0.0188419
29.9033	72.3429	0.0033757	0.0217645
31.0572	70.658	0.00495368	0.0333484
32.355	72.3429	0.00345959	0.0188419
28.4106	64.5496	0.0275455	0.0954013
31.3817	62.6228	0.0402835	4.51935
30.4344	65.9587	0.0169659	0.0769129
24.3347	67.1118	0.0149356	0.114186
25.6067	64.7258	0.0299639	4.60599
26.9568	67.2765	0.0130754	0.0824793
23.0704	62.1007	0.0819609	0.137292
24.0253	59.6046	4.69854	0.0816483
26.4215	60.8826	0.097539	4.53288
30.4344	65.9587	0.0169659	0.0769129
32.2468	68.921	0.00759392	0.0450796
30.0542	68.2649	0.00942084	4.40289
34.8233	67.7707	0.0113467	0.0469941
33.75	70.3973	0.00553427	0.0273297
32.2468	68.921	0.00759392	0.0450796
43.2329	49.3292	4.93107	0.00157146
40.1224	48.7521	4.85581	0.00150335
40.433	46.2515	4.79671	0.0011136
48.7787	52.3495	4.96671	0.00215845
45.8487	52.5335	4.95935	0.00251721
46.2717	49.3292	4.95895	0.00145913
42.834	52.3495	4.94492	0.00275994
40.1224	48.7521	4.85581	0.00150335
43.2329	49.3292	4.93107	0.00157146
47.2801	58.144	4.85846	0.00870099
44.2548	57.954	4.83336	0.0106901
45.0204	55.2938	4.92754	0.00492676
38.8603	55.2938	4.88787	0.00679653
35.7802	55.2938	4.84461	0.0089468
36.7564	51.5944	4.3778	0.00295558
41.9404	55.2938	4.91299	0.00579846
38.8603	55.2938	4.88787	0.00679653
39.8617	52.3495	4.90359	0.0031534
45.8487	52.5335	4.95935	0.00251721
45.0204	55.2938	4.92754	0.00492676
42.834	52.3495	4.94492	0.00275994
41.4664	58.5091	4.79013	0.0143089
40.6366	60.8826	0.115658	0.0293635
38.5596	58.6917	4.75764	0.0169123
44.2548	57.954	4.83336	0.0106901
41.4664	58.5091	4.79013	0.0143089
41.9404	55.2938	4.91299	0.00579846
44.2548	57.954	4.83336	0.0106901
43.4796	60.8826	0.123738	0.0292599
41.4664	58.5091	4.79013	0.0143089
38.5596	58.6917	4.75764	0.0169123
35.7802	55.2938	4.84461	0.0089468
38.8603	55.2938	4.88787	0.00679653
6.31731	42.7435	4.99247	0.00119866
3.39381	46.2515	4.99442	0.00177825
3.19711	42.9395	4.99567	0.00121883
45.8487	52.5335	4.95935	0.00251721
42.834	52.3495	4.94492	0.00275994
43.2329	49.3292	4.93107	0.00157146
48.1005	55.2938	4.94075	0.00406046
45.8487	52.5335	4.95935	0.00251721
48.7787	52.3495	4.96671	0.00215845
48.1005	55.2938	4.94075	0.00406046
47.2801	58.144	4.85846	0.00870099
45.0204	55.2938	4.92754	0.00492676
37.7936	60.8826	0.105336	0.0284396
38.5596	58.6917	4.75764	0.0169123
40.6366	60.8826	0.115658	0.0293635
41.3032	65.9587	0.0267128	0.0425907
39.6261	63.8451	0.04424	0.0411231
42.43	63.669	0.0538979	4.35209
34.9506	60.8826	0.0846502	0.0524503
35.6527	58.8743	4.67681	0.0272982
37.7936	60.8826	0.105336	0.0284396
31.3817	62.6228	0.0402835	4.51935
34.9506	60.8826	0.0846502	0.0524503
34.1521	62.7968	0.0474991	4.44499
33.5519	59.0383	0.124521	0.0390592
35.7802	55.2938	4.84461	0.0089468
35.6527	58.8743	4.67681	0.0272982
31.8745	54.2817	4.82588	0.0109425
35.7802	55.2938	4.84461	0.0089468
32.1533	57.1939	0.168756	0.0261822
34.1165	49.3292	0.203606	0.00231232
34.2598	46.2515	0.152925	0.0013877
37.0597	48.5598	0.193173	0.00172174
28.0388	49.3292	4.90571	0.00339747
31.0776	49.3292	4.84746	0.00303609
30.9447	52.3495	4.86633	0.00643204
28.0388	49.3292	4.90571	0.00339747
25	46.2515	4.92984	0.00172826
28.0866	46.2515	4.89652	0.00171518
36.7564	51.5944	4.3778	0.00295558
35.7802	55.2938	4.84461	0.0089468
34.1289	53.2696	4.84122	0.0064185
30.9447	52.3495	4.86633	0.00643204
31.0776	49.3292	4.84746	0.00303609
34.1165	49.3292	0.203606	0.00231232
40.1224	48.7521	4.85581	0.00150335
42.834	52.3495	4.94492	0.00275994
39.8617	52.3495	4.90359	0.0031534
39.8617	52.3495	4.90359	0.0031534
42.834	52.3495	4.94492	0.00275994
41.9404	55.2938	4.91299	0.00579846
36.7564	51.5944	4.3778	0.00295558
39.8617	52.3495	4.90359	0.0031534
38.8603	55.2938	4.88787	0.00679653
36.7564	51.5944	4.3778	0.00295558
40.1224	48.7521	4.85581	0.00150335
39.8617	52.3495	4.90359	0.0031534
18.9224	49.3292	4.92554	0.00375343
19.0553	52.3495	4.91648	0.00901099
16.083	52.3495	4.95489	0.00912821
15.7402	46.2515	4.95401	0.00209992
18.8268	46.2515	4.92849	0.00189237
15.8835	49.3292	4.96551	0.00391277
21.7462	47.598	4.91186	0.00240416
25	46.2515	4.92984	0.00172826
24.7341	50.8393	4.87708	0.00540607
22.0108	14.5924	0.166911	0.000661424
19.9458	11.7351	0.125081	0.000665202
23.0432	12.7235	0.133934	0.000659991
17.645	7.6571	0.0697762	0.000679846
18.75	9.60269	0.0969046	0.000672256
16.5822	10.0948	4.65908	0.000667225
14.9215	7.36598	0.0778218	0.000686726
17.645	7.6571	0.0697762	0.000679846
16.5822	10.0948	4.65908	0.000667225
16.6772	5.91038	0.0473376	0.000685585
19.0551	5.91038	0.0379035	0.000682267
17.645	7.6571	0.0697762	0.000679846
20.0967	7.6571	0.0511043	0.00067546
21.25	9.60269	0.0701351	0.000667625
18.75	9.60269	0.0969046	0.000672256
17.645	7.6571	0.0697762	0.000679846
19.0551	5.91038	0.0379035	0.000682267
20.0967	7.6571	0.0511043	0.00067546
24.1844	6.78374	0.0415417	0.00067702
26.189	5.91038	0.0368152	0.000681102
25.4207	8.55507	0.0750132	0.000670151
28.5669	5.91038	0.0409733	0.00068123
31.8199	4.37335	0.0296498	0.000683005
31.1316	6.34706	0.0476961	0.000676871
26.9661	0.123895	0.0141644	0.000694894
28.4094	2.238	0.018106	0.000692229
26.0648	3.0556	0.0189927	0.000690765
28.9198	0.494728	0.0165251	0.000693422
30.8485	1.10996	0.0188151	0.000691182
28.4094	2.238	0.018106	0.000692229
31.25	9.60269	0.125234	0.000665448
33.75	9.60269	0.105939	0.000662152
32.5813	11.7351	4.75136	0.00065058
30.9096	13.2177	4.85151	0.00065134
29.636	10.915	4.73256	0.000652789
32.5813	11.7351	4.75136	0.00065058
32.355	7.6571	0.0659765	0.000670118
33.4473	6.2015	0.0443232	0.000673103
34.9468	7.95642	0.0673099	0.000664007
29.9033	7.6571	0.0715049	0.000673173
32.355	7.6571	0.0659765	0.000670118
31.25	9.60269	0.125234	0.000665448
31.1316	6.34706	0.0476961	0.000676871
31.8199	4.37335	0.0296498	0.000683005
33.4473	6.2015	0.0443232	0.000673103
29.9033	7.6571	0.0715049	0.000673173
31.1316	6.34706	0.0476961	0.000676871
32.355	7.6571	0.0659765	0.000670118
29.9033	7.6571	0.0715049	0.000673173
28.5669	5.91038	0.0409733	0.00068123
31.1316	6.34706	0.0476961	0.000676871
28.5669	5.91038	0.0409733	0.00068123
29.9033	7.6571	0.0715049	0.000673173
27.8022	8.40541	0.0893413	0.000671152
25	4.37335	0.0240532	0.000686427
27.2733	4.37335	0.0264332	0.000687046
26.189	5.91038	0.0368152	0.000681102
27.2733	4.37335	0.0264332	0.000687046
30.3241	3.0556	0.021875	0.000689041
28.5669	5.91038	0.0409733	0.00068123
31.1316	6.34706	0.0476961	0.000676871
33.4473	6.2015	0.0443232	0.000673103
32.355	7.6571	0.0659765	0.000670118
27.2733	4.37335	0.0264332	0.000687046
28.4094	2.238	0.018106	0.000692229
30.3241	3.0556	0.021875	0.000689041
26.189	5.91038	0.0368152	0.000681102
27.2733	4.37335	0.0264332	0.000687046
28.5669	5.91038	0.0409733	0.00068123
26.0648	3.0556	0.0189927	0.000690765
28.4094	2.238	0.018106	0.000692229
27.2733	4.37335	0.0264332	0.000687046
29.636	10.915	4.73256	0.000652789
29.9033	7.6571	0.0715049	0.000673173
31.25	9.60269	0.125234	0.000665448
25.4207	8.55507	0.0750132	0.000670151
27.8022	8.40541	0.0893413	0.000671152
27.0253	10.7509	4.68675	0.000653133
25.4207	8.55507	0.0750132	0.000670151
26.189	5.91038	0.0368152	0.000681102
27.8022	8.40541	0.0893413	0.000671152
26.3489	16.5071	4.88204	0.000654676
24.3933	15.2742	0.214428	0.000661235
25.6653	12.8882	4.74265	0.000649484
30.3241	3.0556	0.021875	0.000689041
31.8199	4.37335	0.0296498	0.000683005
28.5669	5.91038	0.0409733	0.00068123
30.8485	1.10996	0.0188151	0.000691182
30.3241	3.0556	0.021875	0.000689041
28.4094	2.238	0.018106	0.000692229
30.8485	1.10996	0.0188151	0.000691182
32.7403	1.96546	0.0226104	0.000686491
30.3241	3.0556	0.021875	0.000689041
30.3241	3.0556	0.021875	0.000689041
32.7403	1.96546	0.0226104	0.000686491
31.8199	4.37335	0.0296498	0.000683005
23.9352	3.0556	0.0182218	0.000689783
25	4.37335	0.0240532	0.000686427
22.7267	4.37335	0.0228965	0.000685668
26.9661	0.123895	0.0141644	0.000694894
26.0648	3.0556	0.0189927	0.000690765
25.0248	1.47661	0.0151127	0.000693122
26.9661	0.123895	0.0141644	0.000694894
28.9198	0.494728	0.0165251	0.000693422
28.4094	2.238	0.018106	0.000692229
25.0248	1.47661	0.0151127	0.000693122
25	-8.70219e-28	0.0142088	0.000693909
26.9661	0.123895	0.0141644	0.000694894
23.9352	3.0556	0.0182218	0.000689783
25.0248	1.47661	0.0151127	0.000693122
26.0648	3.0556	0.0189927	0.000690765
23.9352	3.0556	0.0182218	0.000689783
23.0835	1.59882	0.0152594	0.00069196
25.0248	1.47661	0.0151127	0.000693122
32.7403	1.96546	0.0226104	0.000686491
34.5833	3.0556	0.027796	0.000679439
31.8199	4.37335	0.0296498	0.000683005
25	4.37335	0.0240532	0.000686427
26.0648	3.0556	0.0189927	0.000690765
27.2733	4.37335	0.0264332	0.000687046
24.1844	6.78374	0.0415417	0.00067702
25	4.37335	0.0240532	0.000686427
26.189	5.91038	0.0368152	0.000681102
23.9352	3.0556	0.0182218	0.000689783
26.0648	3.0556	0.0189927	0.000690765
25	4.37335	0.0240532	0.000686427
21.913	2.6468	0.0174724	0.000689828
23.9352	3.0556	0.0182218	0.000689783
22.7267	4.37335	0.0228965	0.000685668
23.0835	1.59882	0.0152594	0.00069196
23.0339	0.123895	0.0141744	0.000692974
25.0248	1.47661	0.0151127	0.000693122
21.913	2.6468	0.0174724	0.000689828
23.0835	1.59882	0.0152594	0.00069196
23.9352	3.0556	0.0182218	0.000689783
21.4331	5.91038	0.0319791	0.00068041
20.4534	4.37335	0.0247076	0.000685601
22.7267	4.37335	0.0228965	0.000685668
19.7476	2.78306	0.0201856	0.000688917
21.0802	0.494728	0.0151829	0.000691741
21.913	2.6468	0.0174724	0.000689828
23.0339	0.123895	0.0141744	0.000692974
25	-8.70219e-28	0.0142088	0.000693909
25.0248	1.47661	0.0151127	0.000693122
33.4473	6.2015	0.0443232	0.000673103
34.5833	3.0556	0.027796	0.000679439
35.7008	5.91038	0.0455409	0.000667945
36.3664	4.37335	0.0401801	0.00067019
35.7008	5.91038	0.0455409	0.000667945
34.5833	3.0556	0.027796	0.000679439
23.5785	19.1174	4.91073	0.000662262
26.3489	16.5071	4.88204	0.000654676
26.4215	19.1174	4.94429	0.00066447
23.0771	23.3761	4.97763	0.000680118
25.3391	26.1784	4.98102	0.000690887
22.0277	27.6505	4.97231	0.0006972
29.636	10.915	4.73256	0.000652789
27.8022	8.40541	0.0893413	0.000671152
29.9033	7.6571	0.0715049	0.000673173
29.636	10.915	4.73256	0.000652789
27.0253	10.7509	4.68675	0.000653133
27.8022	8.40541	0.0893413	0.000671152
32.5813	11.7351	4.75136	0.00065058
29.636	10.915	4.73256	0.000652789
31.25	9.60269	0.125234	0.000665448
28.2875	13.053	4.8349	0.000650562
27.0253	10.7509	4.68675	0.000653133
29.636	10.915	4.73256	0.000652789
23.0432	12.7235	0.133934	0.000659991
25.6653	12.8882	4.74265	0.000649484
24.3933	15.2742	0.214428	0.000661235
24.4145	10.5869	0.112596	0.000663248
25.4207	8.55507	0.0750132	0.000670151
27.0253	10.7509	4.68675	0.000653133
23.0432	12.7235	0.133934	0.000659991
24.4145	10.5869	0.112596	0.000663248
25.6653	12.8882	4.74265	0.000649484
23.0432	12.7235	0.133934	0.000659991
21.25	9.60269	0.0701351	0.000667625
24.4145	10.5869	0.112596	0.000663248
24.1844	6.78374	0.0415417	0.00067702
22.5483	7.6571	0.045919	0.00067347
21.4331	5.91038	0.0319791	0.00068041
25	4.37335	0.0240532	0.000686427
24.1844	6.78374	0.0415417	0.00067702
22.7267	4.37335	0.0228965	0.000685668
25.4207	8.55507	0.0750132	0.000670151
24.4145	10.5869	0.112596	0.000663248
22.5483	7.6571	0.045919	0.00067347
24.4145	10.5869	0.112596	0.000663248
21.25	9.60269	0.0701351	0.000667625
22.5483	7.6571	0.045919	0.00067347
19.5656	14.0413	0.18392	0.000665321
20.9532	16.5071	0.223979	0.000666085
18.2554	16.5071	4.8623	0.000662006
19.9458	11.7351	0.125081	0.000665202
19.5656	14.0413	0.18392	0.000665321
17.7988	12.3941	4.73663	0.000660185
18.75	9.60269	0.0969046	0.000672256
19.9458	11.7351	0.125081	0.000665202
17.7988	12.3941	4.73663	0.000660185
21.25	9.60269	0.0701351	0.000667625
23.0432	12.7235	0.133934	0.000659991
19.9458	11.7351	0.125081	0.000665202
22.0108	14.5924	0.166911	0.000661424
20.9532	16.5071	0.223979	0.000666085
19.5656	14.0413	0.18392	0.000665321
19.9458	11.7351	0.125081	0.000665202
22.0108	14.5924	0.166911	0.000661424
19.5656	14.0413	0.18392	0.000665321
23.0432	12.7235	0.133934	0.000659991
24.3933	15.2742	0.214428	0.000661235
22.0108	14.5924	0.166911	0.000661424
17.7548	18.7251	4.93392	0.000669838
20.7355	19.1174	4.90744	0.000664297
17.2541	20.9431	4.96963	0.000678881
16.8484	14.0413	4.83595	0.00066342
18.2554	16.5071	4.8623	0.000662006
15.9817	15.8026	4.90498	0.000668669
20.9532	16.5071	0.223979	0.000666085
20.7355	19.1174	4.90744	0.000664297
18.2554	16.5071	4.8623	0.000662006
14.9215	7.36598	0.0778218	0.000686726
16.5822	10.0948	4.65908	0.000667225
13.513	9.30337	0.13389	0.000688309
12.6058	7.51154	0.0905601	0.00069099
14.9215	7.36598	0.0778218	0.000686726
13.513	9.30337	0.13389	0.000688309
13.6336	4.37335	0.0468201	0.000689904
15.4167	3.0556	0.0324601	0.000689054
16.6772	5.91038	0.0473376	0.000685585
19.7476	2.78306	0.0201856	0.000688917
19.1515	1.10996	0.0187818	0.000690003
21.0802	0.494728	0.0151829	0.000691741
20.4534	4.37335	0.0247076	0.000685601
19.0551	5.91038	0.0379035	0.000682267
18.1801	4.37335	0.0297372	0.000686659
21.913	2.6468	0.0174724	0.000689828
20.4534	4.37335	0.0247076	0.000685601
19.7476	2.78306	0.0201856	0.000688917
21.4331	5.91038	0.0319791	0.00068041
19.0551	5.91038	0.0379035	0.000682267
20.4534	4.37335	0.0247076	0.000685601
24.1844	6.78374	0.0415417	0.00067702
21.4331	5.91038	0.0319791	0.00068041
22.7267	4.37335	0.0228965	0.000685668
20.0967	7.6571	0.0511043	0.00067546
19.0551	5.91038	0.0379035	0.000682267
21.4331	5.91038	0.0319791	0.00068041
20.4534	4.37335	0.0247076	0.000685601
18.1801	4.37335	0.0297372	0.000686659
19.7476	2.78306	0.0201856	0.000688917
23.0835	1.59882	0.0152594	0.00069196
21.0802	0.494728	0.0151829	0.000691741
23.0339	0.123895	0.0141744	0.000692974
27.8022	8.40541	0.0893413	0.000671152
26.189	5.91038	0.0368152	0.000681102
28.5669	5.91038	0.0409733	0.00068123
25.6653	12.8882	4.74265	0.000649484
24.4145	10.5869	0.112596	0.000663248
27.0253	10.7509	4.68675	0.000653133
22.5483	7.6571	0.045919	0.00067347
20.0967	7.6571	0.0511043	0.00067546
21.4331	5.91038	0.0319791	0.00068041
25.4207	8.55507	0.0750132	0.000670151
22.5483	7.6571	0.045919	0.00067347
24.1844	6.78374	0.0415417	0.00067702
21.25	9.60269	0.0701351	0.000667625
20.0967	7.6571	0.0511043	0.00067546
22.5483	7.6571	0.045919	0.00067347
14.9215	7.36598	0.0778218	0.000686726
16.6772	5.91038	0.0473376	0.000685585
17.645	7.6571	0.0697762	0.000679846
21.913	2.6468	0.0174724	0.000689828
21.0802	0.494728	0.0151829	0.000691741
23.0835	1.59882	0.0152594	0.00069196
37.3284	7.80676	0.0720029	0.000659482
38.0788	5.91038	0.0572197	0.000661862
39.7099	7.6571	0.0920576	0.000656628
33.4473	6.2015	0.0443232	0.000673103
35.7008	5.91038	0.0455409	0.000667945
34.9468	7.95642	0.0673099	0.000664007
33.75	9.60269	0.105939	0.000662152
32.355	7.6571	0.0659765	0.000670118
34.9468	7.95642	0.0673099	0.000664007
31.8199	4.37335	0.0296498	0.000683005
34.5833	3.0556	0.027796	0.000679439
33.4473	6.2015	0.0443232	0.000673103
36.3664	4.37335	0.0401801	0.00067019
38.0788	5.91038	0.0572197	0.000661862
35.7008	5.91038	0.0455409	0.000667945
19.7476	2.78306	0.0201856	0.000688917
17.2597	1.96546	0.0237867	0.000689204
19.1515	1.10996	0.0187818	0.000690003
18.1801	4.37335	0.0297372	0.000686659
16.6772	5.91038	0.0473376	0.000685585
15.4167	3.0556	0.0324601	0.000689054
19.7476	2.78306	0.0201856	0.000688917
18.1801	4.37335	0.0297372	0.000686659
17.2597	1.96546	0.0237867	0.000689204
19.0551	5.91038	0.0379035	0.000682267
16.6772	5.91038	0.0473376	0.000685585
18.1801	4.37335	0.0297372	0.000686659
21.913	2.6468	0.0174724	0.000689828
22.7267	4.37335	0.0228965	0.000685668
20.4534	4.37335	0.0247076	0.000685601
20.0967	7.6571	0.0511043	0.00067546
18.75	9.60269	0.0969046	0.000672256
17.645	7.6571	0.0697762	0.000679846
14.9215	7.36598	0.0778218	0.000686726
13.6336	4.37335	0.0468201	0.000689904
16.6772	5.91038	0.0473376	0.000685585
32.355	7.6571	0.0659765	0.000670118
33.75	9.60269	0.105939	0.000662152
31.25	9.60269	0.125234	0.000665448
38.0788	5.91038	0.0572197	0.000661862
37.3284	7.80676	0.0720029	0.000659482
35.7008	5.91038	0.0455409	0.000667945
38.75	9.60269	0.121084	0.000656552
41.25	9.60269	0.166217	0.000657542
40.1627	11.7351	4.7944	0.000650553
36.25	9.60269	0.0996166	0.000658597
38.75	9.60269	0.121084	0.000656552
37.4683	11.4071	0.173396	0.000658067
39.7099	7.6571	0.0920576	0.000656628
41.25	9.60269	0.166217	0.000657542
38.75	9.60269	0.121084	0.000656552
15.4167	3.0556	0.0324601	0.000689054
17.2597	1.96546	0.0237867	0.000689204
18.1801	4.37335	0.0297372	0.000686659
44.0204	14.0413	4.9445	0.000668611
41.2166	14.2175	4.91935	0.0006623
42.6898	11.7351	4.86526	0.000655121
14.9215	7.36598	0.0778218	0.000686726
12.6058	7.51154	0.0905601	0.00069099
13.6336	4.37335	0.0468201	0.000689904
15.1767	12.2293	4.81186	0.000669916
12.5545	12.0646	4.82631	0.000679645
13.513	9.30337	0.13389	0.000688309
16.5822	10.0948	4.65908	0.000667225
17.7988	12.3941	4.73663	0.000660185
15.1767	12.2293	4.81186	0.000669916
14.1312	14.0413	4.89223	0.000674268
12.5545	12.0646	4.82631	0.000679645
15.1767	12.2293	4.81186	0.000669916
15.9817	15.8026	4.90498	0.000668669
14.7591	18.4213	4.9604	0.000679021
13.1778	15.9788	4.9417	0.000680069
16.5822	10.0948	4.65908	0.000667225
18.75	9.60269	0.0969046	0.000672256
17.7988	12.3941	4.73663	0.000660185
22.0108	14.5924	0.166911	0.000661424
24.3933	15.2742	0.214428	0.000661235
20.9532	16.5071	0.223979	0.000666085
11.4404	21.3083	4.98826	0.000697385
12.2064	19.1174	4.97759	0.000689437
14.6026	21.856	4.98394	0.000690007
8.66123	21.856	4.99259	0.000705245
11.4404	21.3083	4.98826	0.000697385
10.9756	24.1362	4.99347	0.000707675
8.66123	21.856	4.99259	0.000705245
9.3634	19.1174	4.98411	0.000697324
11.4404	21.3083	4.98826	0.000697385
6.52038	19.1174	4.98846	0.000702463
7.464	16.5071	4.97344	0.000696662
9.3634	19.1174	4.98411	0.000697324
3.67737	19.1174	4.99147	0.000705452
6.52038	19.1174	4.98846	0.000702463
5.62671	21.6734	4.99436	0.000709451
3.67737	19.1174	4.99147	0.000705452
4.76616	16.5071	4.98107	0.000699777
6.52038	19.1174	4.98846	0.000702463
10.1618	16.5071	4.96387	0.000690824
12.2064	19.1174	4.97759	0.000689437
9.3634	19.1174	4.98411	0.000697324
5.97957	14.0413	4.95563	0.000694972
8.69678	14.0413	4.93483	0.000691333
7.464	16.5071	4.97344	0.000696662
11.414	14.0413	4.91468	0.00068426
13.1778	15.9788	4.9417	0.000680069
10.1618	16.5071	4.96387	0.000690824
15.1767	12.2293	4.81186	0.000669916
16.8484	14.0413	4.83595	0.00066342
14.1312	14.0413	4.89223	0.000674268
6.52038	19.1174	4.98846	0.000702463
9.3634	19.1174	4.98411	0.000697324
8.66123	21.856	4.99259	0.000705245
14.7591	18.4213	4.9604	0.000679021
12.2064	19.1174	4.97759	0.000689437
13.1778	15.9788	4.9417	0.000680069
14.7591	18.4213	4.9604	0.000679021
14.6026	21.856	4.98394	0.000690007
12.2064	19.1174	4.97759	0.000689437
12.6058	7.51154	0.0905601	0.00069099
11.9212	5.91038	0.0762603	0.000691329
13.6336	4.37335	0.0468201	0.000689904
11.25	9.60269	0.153372	0.000693981
12.6058	7.51154	0.0905601	0.00069099
13.513	9.30337	0.13389	0.000688309
10.2901	7.6571	0.115626	0.000694176
11.9212	5.91038	0.0762603	0.000691329
12.6058	7.51154	0.0905601	0.00069099
41.2166	14.2175	4.91935	0.0006623
40.1627	11.7351	4.7944	0.000650553
42.6898	11.7351	4.86526	0.000655121
35.1085	11.7351	0.178815	0.00065908
37.4683	11.4071	0.173396	0.000658067
35.6088	14.5697	4.8736	0.000655052
33.1516	14.0413	4.86947	0.000652627
35.1085	11.7351	0.178815	0.00065908
35.6088	14.5697	4.8736	0.000655052
32.5813	11.7351	4.75136	0.00065058
33.75	9.60269	0.105939	0.000662152
35.1085	11.7351	0.178815	0.00065908
37.3284	7.80676	0.0720029	0.000659482
39.7099	7.6571	0.0920576	0.000656628
38.75	9.60269	0.121084	0.000656552
36.25	9.60269	0.0996166	0.000658597
37.3284	7.80676	0.0720029	0.000659482
38.75	9.60269	0.121084	0.000656552
35.1085	11.7351	0.178815	0.00065908
36.25	9.60269	0.0996166	0.000658597
37.4683	11.4071	0.173396	0.000658067
34.9468	7.95642	0.0673099	0.000664007
37.3284	7.80676	0.0720029	0.000659482
36.25	9.60269	0.0996166	0.000658597
34.9468	7.95642	0.0673099	0.000664007
35.7008	5.91038	0.0455409	0.000667945
37.3284	7.80676	0.0720029	0.000659482
42.536	16.5071	4.96645	0.000677587
44.0204	14.0413	4.9445	0.000668611
45.2338	16.5071	4.97654	0.000684241
38.4127	14.3936	4.88713	0.000657426
41.2166	14.2175	4.91935	0.0006623
39.693	16.8552	4.9575	0.000672429
38.4127	14.3936	4.88713	0.000657426
37.4683	11.4071	0.173396	0.000658067
40.1627	11.7351	4.7944	0.000650553
10.2901	7.6571	0.115626	0.000694176
12.6058	7.51154	0.0905601	0.00069099
11.25	9.60269	0.153372	0.000693981
28.2875	13.053	4.8349	0.000650562
30.001	14.922	4.90529	0.000653937
26.3489	16.5071	4.88204	0.000654676
35.1085	11.7351	0.178815	0.00065908
33.1516	14.0413	4.86947	0.000652627
32.5813	11.7351	4.75136	0.00065058
30.001	14.922	4.90529	0.000653937
28.6113	17.5512	4.93996	0.000660766
26.3489	16.5071	4.88204	0.000654676
30.9096	13.2177	4.85151	0.00065134
30.001	14.922	4.90529	0.000653937
28.2875	13.053	4.8349	0.000650562
29.636	10.915	4.73256	0.000652789
30.9096	13.2177	4.85151	0.00065134
28.2875	13.053	4.8349	0.000650562
32.5813	11.7351	4.75136	0.00065058
33.1516	14.0413	4.86947	0.000652627
30.9096	13.2177	4.85151	0.00065134
31.7446	16.5071	4.93853	0.000660044
28.6113	17.5512	4.93996	0.000660766
30.001	14.922	4.90529	0.000653937
34.4425	16.5071	4.93766	0.000662285
31.7446	16.5071	4.93853	0.000660044
33.1516	14.0413	4.86947	0.000652627
34.4425	16.5071	4.93766	0.000662285
34.9506	19.1174	4.97319	0.000675483
32.1075	19.1174	4.97129	0.000671774
37.1403	16.5071	4.94099	0.000665664
34.4425	16.5071	4.93766	0.000662285
35.6088	14.5697	4.8736	0.000655052
37.1403	16.5071	4.94099	0.000665664
37.7936	19.1174	4.97602	0.000681053
34.9506	19.1174	4.97319	0.000675483
11.414	14.0413	4.91468	0.00068426
14.1312	14.0413	4.89223	0.000674268
13.1778	15.9788	4.9417	0.000680069
8.69678	14.0413	4.93483	0.000691333
9.93237	11.8999	4.84688	0.000686915
11.414	14.0413	4.91468	0.00068426
11.25	9.60269	0.153372	0.000693981
13.513	9.30337	0.13389	0.000688309
12.5545	12.0646	4.82631	0.000679645
10.2901	7.6571	0.115626	0.000694176
11.25	9.60269	0.153372	0.000693981
8.74996	9.60269	0.18932	0.000697712
13.513	9.30337	0.13389	0.000688309
16.5822	10.0948	4.65908	0.000667225
15.1767	12.2293	4.81186	0.000669916
9.93237	11.8999	4.84688	0.000686915
11.25	9.60269	0.153372	0.000693981
12.5545	12.0646	4.82631	0.000679645
11.414	14.0413	4.91468	0.00068426
9.93237	11.8999	4.84688	0.000686915
12.5545	12.0646	4.82631	0.000679645
8.69678	14.0413	4.93483	0.000691333
7.31021	11.7351	4.89005	0.000690599
9.93237	11.8999	4.84688	0.000686915
37.4683	11.4071	0.173396	0.000658067
38.4127	14.3936	4.88713	0.000657426
35.6088	14.5697	4.8736	0.000655052
42.536	16.5071	4.96645	0.000677587
43.4158	19.3	4.98676	0.000694226
40.5089	19.4825	4.98288	0.000688723
44.0204	14.0413	4.9445	0.000668611
42.536	16.5071	4.96645	0.000677587
41.2166	14.2175	4.91935	0.0006623
45.2338	16.5071	4.97654	0.000684241
43.4158	19.3	4.98676	0.000694226
42.536	16.5071	4.96645	0.000677587
40.5089	19.4825	4.98288	0.000688723
41.2294	22.236	4.99281	0.000703609
38.204	22.4261	4.99121	0.000697768
42.536	16.5071	4.96645	0.000677587
40.5089	19.4825	4.98288	0.000688723
39.693	16.8552	4.9575	0.000672429
43.4158	19.3	4.98676	0.000694226
41.2294	22.236	4.99281	0.000703609
40.5089	19.4825	4.98288	0.000688723
47.2801	21.856	4.99543	0.000712492
44.3095	21.856	4.99401	0.00070779
46.3226	19.1174	4.98996	0.000699107
38.4127	14.3936	4.88713	0.000657426
37.1403	16.5071	4.94099	0.000665664
35.6088	14.5697	4.8736	0.000655052
40.1627	11.7351	4.7944	0.000650553
41.2166	14.2175	4.91935	0.0006623
38.4127	14.3936	4.88713	0.000657426
38.75	9.60269	0.121084	0.000656552
40.1627	11.7351	4.7944	0.000650553
37.4683	11.4071	0.173396	0.000658067
41.25	9.60269	0.166217	0.000657542
42.6898	11.7351	4.86526	0.000655121
40.1627	11.7351	4.7944	0.000650553
39.693	16.8552	4.9575	0.000672429
37.1403	16.5071	4.94099	0.000665664
38.4127	14.3936	4.88713	0.000657426
40.5089	19.4825	4.98288	0.000688723
37.7936	19.1174	4.97602	0.000681053
39.693	16.8552	4.9575	0.000672429
28.8815	20.2128	4.9711	0.000672399
29.1279	22.9961	4.98071	0.000676079
26.1025	23.1861	4.98112	0.00068365
32.1075	19.1174	4.97129	0.000671774
34.9506	19.1174	4.97319	0.000675483
32.4267	21.856	4.98796	0.000688009
28.8815	20.2128	4.9711	0.000672399
32.1075	19.1174	4.97129	0.000671774
32.4267	21.856	4.98796	0.000688009
31.7446	16.5071	4.93853	0.000660044
34.4425	16.5071	4.93766	0.000662285
32.1075	19.1174	4.97129	0.000671774
28.6113	17.5512	4.93996	0.000660766
31.7446	16.5071	4.93853	0.000660044
32.1075	19.1174	4.97129	0.000671774
11.414	14.0413	4.91468	0.00068426
12.5545	12.0646	4.82631	0.000679645
14.1312	14.0413	4.89223	0.000674268
12.2064	19.1174	4.97759	0.000689437
10.1618	16.5071	4.96387	0.000690824
13.1778	15.9788	4.9417	0.000680069
9.93237	11.8999	4.84688	0.000686915
8.74996	9.60269	0.18932	0.000697712
11.25	9.60269	0.153372	0.000693981
43.4158	19.3	4.98676	0.000694226
45.2338	16.5071	4.97654	0.000684241
46.3226	19.1174	4.98996	0.000699107
33.1516	14.0413	4.86947	0.000652627
35.6088	14.5697	4.8736	0.000655052
34.4425	16.5071	4.93766	0.000662285
36.25	9.60269	0.0996166	0.000658597
33.75	9.60269	0.105939	0.000662152
34.9468	7.95642	0.0673099	0.000664007
21.9134	33.7485	0.261665	0.000745995
18.9132	34.917	4.85668	0.00076718
18.6835	32.5943	4.91809	0.000738481
25	30.6708	4.92844	0.00070068
21.9134	33.7485	0.261665	0.000745995
21.9612	30.6708	4.92504	0.000711854
21.8846	36.8646	4.80744	0.000784644
18.9132	34.917	4.85668	0.00076718
21.9134	33.7485	0.261665	0.000745995
25	40	4.87147	0.000839963
21.8846	36.8646	4.80744	0.000784644
25.1151	35.3065	0.252523	0.000735347
21.9134	33.7485	0.261665	0.000745995
18.6835	32.5943	4.91809	0.000738481
21.9612	30.6708	4.92504	0.000711854
18.7212	38.8242	0.20776	0.000887067
18.9132	34.917	4.85668	0.00076718
21.8846	36.8646	4.80744	0.000784644
17.2667	36.7732	0.250368	0.000833117
15.8122	34.7222	4.90399	0.000777103
18.9132	34.917	4.85668	0.00076718
18.7212	38.8242	0.20776	0.000887067
17.2667	36.7732	0.250368	0.000833117
18.9132	34.917	4.85668	0.00076718
18.7212	38.8242	0.20776	0.000887067
15.601	39.0202	0.244182	0.000911639
17.2667	36.7732	0.250368	0.000833117
18.7981	41.9596	0.235917	0.0011418
18.7212	38.8242	0.20776	0.000887067
21.9014	39.3141	0.239357	0.000878251
15.601	39.0202	0.244182	0.000911639
15.8122	34.7222	4.90399	0.000777103
17.2667	36.7732	0.250368	0.000833117
14.001	23.9462	4.98994	0.000699367
14.6026	21.856	4.98394	0.000690007
17.2998	24.7062	4.9863	0.000693956
13.1107	27.6505	4.99044	0.000718677
12.8447	30.6708	4.98289	0.000739931
10.1383	27.6505	4.99424	0.000725926
15.2052	26.1784	4.98899	0.000705875
15.7173	29.727	4.97837	0.000724325
13.1107	27.6505	4.99044	0.000718677
20.3799	24.7062	4.98036	0.000688174
18.0114	27.1222	4.98189	0.000703487
17.2998	24.7062	4.9863	0.000693956
18.7229	29.5382	4.96457	0.000714881
15.7173	29.727	4.97837	0.000724325
18.0114	27.1222	4.98189	0.000703487
18.7229	29.5382	4.96457	0.000714881
18.6835	32.5943	4.91809	0.000738481
15.7173	29.727	4.97837	0.000724325
10.9756	24.1362	4.99347	0.000707675
8.05963	24.7062	4.9957	0.000715779
8.66123	21.856	4.99259	0.000705245
10.1383	27.6505	4.99424	0.000725926
8.05963	24.7062	4.9957	0.000715779
10.9756	24.1362	4.99347	0.000707675
10.1383	27.6505	4.99424	0.000725926
9.80591	30.6708	4.99096	0.000748945
7.16598	27.6505	4.99648	0.000731681
6.70061	30.2933	4.99579	0.000751605
7.16598	27.6505	4.99648	0.000731681
9.80591	30.6708	4.99096	0.000748945
4.97956	24.7062	4.99683	0.000720399
5.62671	21.6734	4.99436	0.000709451
8.05963	24.7062	4.9957	0.000715779
3.67737	19.1174	4.99147	0.000705452
5.62671	21.6734	4.99436	0.000709451
2.71986	21.856	4.99572	0.000713009
6.52038	19.1174	4.98846	0.000702463
4.76616	16.5071	4.98107	0.000699777
7.464	16.5071	4.97344	0.000696662
25	30.6708	4.92844	0.00070068
28.0388	30.6708	4.95985	0.00069562
28.0866	33.7485	4.91184	0.00069507
47.2801	21.856	4.99543	0.000712492
48.1005	24.7062	4.99749	0.000725434
45.0204	24.7062	4.99691	0.000720838
26.4215	19.1174	4.94429	0.00066447
26.3489	16.5071	4.88204	0.000654676
28.6113	17.5512	4.93996	0.000660766
18.0114	27.1222	4.98189	0.000703487
22.0277	27.6505	4.97231	0.0006972
18.7229	29.5382	4.96457	0.000714881
17.2541	20.9431	4.96963	0.000678881
20.544	21.856	4.96527	0.000675557
17.2998	24.7062	4.9863	0.000693956
23.0771	23.3761	4.97763	0.000680118
26.1025	23.1861	4.98112	0.00068365
25.3391	26.1784	4.98102	0.000690887
17.2998	24.7062	4.9863	0.000693956
20.544	21.856	4.96527	0.000675557
20.3799	24.7062	4.98036	0.000688174
24.8405	21.1517	4.9598	0.000671042
26.1025	23.1861	4.98112	0.00068365
23.0771	23.3761	4.97763	0.000680118
20.544	21.856	4.96527	0.000675557
24.8405	21.1517	4.9598	0.000671042
23.0771	23.3761	4.97763	0.000680118
23.5785	19.1174	4.91073	0.000662262
26.4215	19.1174	4.94429	0.00066447
24.8405	21.1517	4.9598	0.000671042
31.199	26.5464	0.882697	0.000238202
30.7452	28.7831	4.97359	0.000677103
28.269	26.3624	4.97669	0.000676357
29.1279	22.9961	4.98071	0.000676079
31.199	26.5464	0.882697	0.000238202
28.269	26.3624	4.97669	0.000676357
32.7002	24.7062	4.9803	0.00067366
33.7508	28.5944	4.98621	0.000693863
31.199	26.5464	0.882697	0.000238202
20.544	21.856	4.96527	0.000675557
23.0771	23.3761	4.97763	0.000680118
20.3799	24.7062	4.98036	0.000688174
20.7355	19.1174	4.90744	0.000664297
20.544	21.856	4.96527	0.000675557
17.2541	20.9431	4.96963	0.000678881
17.7548	18.7251	4.93392	0.000669838
18.2554	16.5071	4.8623	0.000662006
20.7355	19.1174	4.90744	0.000664297
14.7591	18.4213	4.9604	0.000679021
17.7548	18.7251	4.93392	0.000669838
17.2541	20.9431	4.96963	0.000678881
14.7591	18.4213	4.9604	0.000679021
15.9817	15.8026	4.90498	0.000668669
17.7548	18.7251	4.93392	0.000669838
20.9532	16.5071	0.223979	0.000666085
23.5785	19.1174	4.91073	0.000662262
20.7355	19.1174	4.90744	0.000664297
23.5785	19.1174	4.91073	0.000662262
24.8405	21.1517	4.9598	0.000671042
20.544	21.856	4.96527	0.000675557
26.689	28.4246	4.97235	0.000697385
22.0277	27.6505	4.97231	0.0006972
25.3391	26.1784	4.98102	0.000690887
21.9612	30.6708	4.92504	0.000711854
18.6835	32.5943	4.91809	0.000738481
18.7229	29.5382	4.96457	0.000714881
20.7355	19.1174	4.90744	0.000664297
23.5785	19.1174	4.91073	0.000662262
20.544	21.856	4.96527	0.000675557
16.8484	14.0413	4.83595	0.00066342
19.5656	14.0413	0.18392	0.000665321
18.2554	16.5071	4.8623	0.000662006
16.8484	14.0413	4.83595	0.00066342
17.7988	12.3941	4.73663	0.000660185
19.5656	14.0413	0.18392	0.000665321
14.1312	14.0413	4.89223	0.000674268
16.8484	14.0413	4.83595	0.00066342
15.9817	15.8026	4.90498	0.000668669
15.1767	12.2293	4.81186	0.000669916
17.7988	12.3941	4.73663	0.000660185
16.8484	14.0413	4.83595	0.00066342
18.75	9.60269	0.0969046	0.000672256
21.25	9.60269	0.0701351	0.000667625
19.9458	11.7351	0.125081	0.000665202
24.3933	15.2742	0.214428	0.000661235
23.5785	19.1174	4.91073	0.000662262
20.9532	16.5071	0.223979	0.000666085
4.97956	24.7062	4.99683	0.000720399
4.19365	27.6505	4.9975	0.000736314
1.8995	24.7062	4.99735	0.000723956
8.74996	9.60269	0.18932	0.000697712
9.93237	11.8999	4.84688	0.000686915
7.31021	11.7351	4.89005	0.000690599
46.8029	37.0605	4.97017	0.000751593
43.6827	37.2565	4.9343	0.000730602
46.6062	33.7485	4.98889	0.000747005
41.9404	24.7062	4.99594	0.000714731
45.0204	24.7062	4.99691	0.000720838
42.7675	28.0281	4.99601	0.000726296
38.8603	24.7062	4.99462	0.00070777
41.9404	24.7062	4.99594	0.000714731
39.9888	27.0985	4.99524	0.000716535
41.2294	22.236	4.99281	0.000703609
44.3095	21.856	4.99401	0.00070779
41.9404	24.7062	4.99594	0.000714731
48.7787	27.6505	4.99781	0.000738074
49.3105	30.6708	4.99627	0.000748321
46.2478	30.8632	4.99506	0.000742791
26.1025	23.1861	4.98112	0.00068365
24.8405	21.1517	4.9598	0.000671042
28.8815	20.2128	4.9711	0.000672399
28.269	26.3624	4.97669	0.000676357
26.1025	23.1861	4.98112	0.00068365
29.1279	22.9961	4.98071	0.000676079
23.0771	23.3761	4.97763	0.000680118
22.0277	27.6505	4.97231	0.0006972
20.3799	24.7062	4.98036	0.000688174
12.8447	30.6708	4.98289	0.000739931
12.7112	34.5275	4.96021	0.000786846
9.49534	33.1714	4.98705	0.000776533
10.1383	27.6505	4.99424	0.000725926
12.8447	30.6708	4.98289	0.000739931
9.80591	30.6708	4.99096	0.000748945
14.3285	32.6965	4.95989	0.00075666
18.6835	32.5943	4.91809	0.000738481
15.8122	34.7222	4.90399	0.000777103
25.1151	35.3065	0.252523	0.000735347
21.8846	36.8646	4.80744	0.000784644
21.9134	33.7485	0.261665	0.000745995
14.3285	32.6965	4.95989	0.00075666
12.7112	34.5275	4.96021	0.000786846
12.8447	30.6708	4.98289	0.000739931
18.9132	34.917	4.85668	0.00076718
15.8122	34.7222	4.90399	0.000777103
18.6835	32.5943	4.91809	0.000738481
15.601	39.0202	0.244182	0.000911639
12.5385	36.8646	4.93782	0.000835243
15.8122	34.7222	4.90399	0.000777103
23.5785	19.1174	4.91073	0.000662262
24.3933	15.2742	0.214428	0.000661235
26.3489	16.5071	4.88204	0.000654676
28.8815	20.2128	4.9711	0.000672399
24.8405	21.1517	4.9598	0.000671042
26.4215	19.1174	4.94429	0.00066447
18.2554	16.5071	4.8623	0.000662006
17.7548	18.7251	4.93392	0.000669838
15.9817	15.8026	4.90498	0.000668669
14.6026	21.856	4.98394	0.000690007
17.2541	20.9431	4.96963	0.000678881
17.2998	24.7062	4.9863	0.000693956
15.9817	15.8026	4.90498	0.000668669
13.1778	15.9788	4.9417	0.000680069
14.1312	14.0413	4.89223	0.000674268
14.6026	21.856	4.98394	0.000690007
14.7591	18.4213	4.9604	0.000679021
17.2541	20.9431	4.96963	0.000678881
11.4404	21.3083	4.98826	0.000697385
14.001	23.9462	4.98994	0.000699367
10.9756	24.1362	4.99347	0.000707675
30.001	14.922	4.90529	0.000653937
30.9096	13.2177	4.85151	0.00065134
33.1516	14.0413	4.86947	0.000652627
31.7446	16.5071	4.93853	0.000660044
30.001	14.922	4.90529	0.000653937
33.1516	14.0413	4.86947	0.000652627
25.6653	12.8882	4.74265	0.000649484
27.0253	10.7509	4.68675	0.000653133
28.2875	13.053	4.8349	0.000650562
25.6653	12.8882	4.74265	0.000649484
28.2875	13.053	4.8349	0.000650562
26.3489	16.5071	4.88204	0.000654676
33.75	9.60269	0.105939	0.000662152
36.25	9.60269	0.0996166	0.000658597
35.1085	11.7351	0.178815	0.00065908
39.693	16.8552	4.9575	0.000672429
41.2166	14.2175	4.91935	0.0006623
42.536	16.5071	4.96645	0.000677587
28.8815	20.2128	4.9711	0.000672399
26.4215	19.1174	4.94429	0.00066447
28.6113	17.5512	4.93996	0.000660766
40.625	40	0.222811	0.000738896
43.75	40	4.86764	0.00075212
43.6923	43.1354	0.239725	0.000890193
34.399	40.9798	0.167609	0.000820922
37.5	40	4.78114	0.000714059
37.5191	43.9145	0.143745	0.000963876
40.5769	36.8646	4.91395	0.000704859
43.6827	37.2565	4.9343	0.000730602
40.625	40	0.222811	0.000738896
37.3464	33.7485	4.96438	0.000694928
33.997	31.6326	4.97508	0.000693129
37.1553	30.6708	4.986	0.000706643
40.625	40	0.222811	0.000738896
37.5	40	4.78114	0.000714059
40.5769	36.8646	4.91395	0.000704859
37.4615	36.8646	4.91012	0.000688217
34.1596	34.7385	4.93859	0.000680446
37.3464	33.7485	4.96438	0.000694928
46.2478	30.8632	4.99506	0.000742791
45.7731	27.8393	4.99726	0.000733718
48.7787	27.6505	4.99781	0.000738074
49.6928	33.7485	4.99132	0.000754408
46.6062	33.7485	4.98889	0.000747005
49.3105	30.6708	4.99627	0.000748321
40.1941	30.6708	4.98947	0.000717731
37.1553	30.6708	4.986	0.000706643
36.8893	27.6505	4.99344	0.000708914
43.2329	30.6708	4.99266	0.000731014
40.1941	30.6708	4.98947	0.000717731
42.7675	28.0281	4.99601	0.000726296
40.433	33.7485	4.97079	0.00071054
37.3464	33.7485	4.96438	0.000694928
40.1941	30.6708	4.98947	0.000717731
31.3171	35.696	4.89585	0.000682748
31.2019	38.0404	0.239005	0.000714707
28.1154	36.8646	4.86374	0.000715951
33.997	31.6326	4.97508	0.000693129
34.1596	34.7385	4.93859	0.000680446
30.9343	31.8249	4.96622	0.000690688
34.3221	37.8444	4.84348	0.000687846
31.2019	38.0404	0.239005	0.000714707
31.3171	35.696	4.89585	0.000682748
37.5	40	4.78114	0.000714059
34.3221	37.8444	4.84348	0.000687846
37.4615	36.8646	4.91012	0.000688217
34.399	40.9798	0.167609	0.000820922
31.2019	38.0404	0.239005	0.000714707
34.3221	37.8444	4.84348	0.000687846
40.1941	30.6708	4.98947	0.000717731
39.9888	27.0985	4.99524	0.000716535
42.7675	28.0281	4.99601	0.000726296
7.16598	27.6505	4.99648	0.000731681
8.05963	24.7062	4.9957	0.000715779
10.1383	27.6505	4.99424	0.000725926
3.69504	30.482	4.9974	0.000758074
4.19365	27.6505	4.9975	0.000736314
6.70061	30.2933	4.99579	0.000751605
4.97956	24.7062	4.99683	0.000720399
8.05963	24.7062	4.9957	0.000715779
7.16598	27.6505	4.99648	0.000731681
2.71986	21.856	4.99572	0.000713009
4.97956	24.7062	4.99683	0.000720399
1.8995	24.7062	4.99735	0.000723956
14.001	23.9462	4.98994	0.000699367
11.4404	21.3083	4.98826	0.000697385
14.6026	21.856	4.98394	0.000690007
13.1107	27.6505	4.99044	0.000718677
10.9756	24.1362	4.99347	0.000707675
14.001	23.9462	4.98994	0.000699367
8.66123	21.856	4.99259	0.000705245
5.62671	21.6734	4.99436	0.000709451
6.52038	19.1174	4.98846	0.000702463
12.2064	19.1174	4.97759	0.000689437
11.4404	21.3083	4.98826	0.000697385
9.3634	19.1174	4.98411	0.000697324
8.05963	24.7062	4.9957	0.000715779
5.62671	21.6734	4.99436	0.000709451
8.66123	21.856	4.99259	0.000705245
44.3095	21.856	4.99401	0.00070779
41.2294	22.236	4.99281	0.000703609
43.4158	19.3	4.98676	0.000694226
45.7731	27.8393	4.99726	0.000733718
45.0204	24.7062	4.99691	0.000720838
48.1005	24.7062	4.99749	0.000725434
38.8603	24.7062	4.99462	0.00070777
36.8893	27.6505	4.99344	0.000708914
35.7802	24.7062	4.99547	0.000705094
45.7731	27.8393	4.99726	0.000733718
42.7675	28.0281	4.99601	0.000726296
45.0204	24.7062	4.99691	0.000720838
43.2329	30.6708	4.99266	0.000731014
46.2478	30.8632	4.99506	0.000742791
43.5196	33.7485	4.97958	0.000729811
40.433	33.7485	4.97079	0.00071054
43.2329	30.6708	4.99266	0.000731014
43.5196	33.7485	4.97958	0.000729811
42.7675	28.0281	4.99601	0.000726296
45.7731	27.8393	4.99726	0.000733718
43.2329	30.6708	4.99266	0.000731014
41.9404	24.7062	4.99594	0.000714731
42.7675	28.0281	4.99601	0.000726296
39.9888	27.0985	4.99524	0.000716535
45.7731	27.8393	4.99726	0.000733718
46.2478	30.8632	4.99506	0.000742791
43.2329	30.6708	4.99266	0.000731014
8.69678	14.0413	4.93483	0.000691333
5.97957	14.0413	4.95563	0.000694972
7.31021	11.7351	4.89005	0.000690599
10.1618	16.5071	4.96387	0.000690824
8.69678	14.0413	4.93483	0.000691333
11.414	14.0413	4.91468	0.00068426
7.464	16.5071	4.97344	0.000696662
4.76616	16.5071	4.98107	0.000699777
5.97957	14.0413	4.95563	0.000694972
10.1618	16.5071	4.96387	0.000690824
7.464	16.5071	4.97344	0.000696662
8.69678	14.0413	4.93483	0.000691333
10.1618	16.5071	4.96387	0.000690824
9.3634	19.1174	4.98411	0.000697324
7.464	16.5071	4.97344	0.000696662
9.42308	36.8646	4.97886	0.000844051
9.49534	33.1714	4.98705	0.000776533
12.7112	34.5275	4.96021	0.000786846
12.5	40	4.93233	0.000950013
9.36058	39.4121	4.97802	0.000928541
12.5385	36.8646	4.93782	0.000835243
9.36058	39.4121	4.97802	0.000928541
6.30769	36.8646	4.99199	0.000847134
9.42308	36.8646	4.97886	0.000844051
3.19231	36.8646	4.99629	0.00085034
3.40821	33.9432	4.99686	0.000797509
6.30769	36.8646	4.99199	0.000847134
0.076922	36.8646	4.99727	0.000851208
3.19231	36.8646	4.99629	0.00085034
3.125	40	4.996	0.00095064
0.076922	36.8646	4.99727	0.000851208
0.307214	33.7485	4.9976	0.000797995
3.19231	36.8646	4.99629	0.00085034
6.70061	30.2933	4.99579	0.000751605
9.80591	30.6708	4.99096	0.000748945
9.49534	33.1714	4.98705	0.000776533
2.71986	21.856	4.99572	0.000713009
5.62671	21.6734	4.99436	0.000709451
4.97956	24.7062	4.99683	0.000720399
18.0114	27.1222	4.98189	0.000703487
15.7173	29.727	4.97837	0.000724325
15.2052	26.1784	4.98899	0.000705875
43.5196	33.7485	4.97958	0.000729811
40.5769	36.8646	4.91395	0.000704859
40.433	33.7485	4.97079	0.00071054
49.9231	36.8646	4.97784	0.000760343
46.8029	37.0605	4.97017	0.000751593
49.6928	33.7485	4.99132	0.000754408
43.75	40	4.86764	0.00075212
40.625	40	0.222811	0.000738896
43.6827	37.2565	4.9343	0.000730602
13.1107	27.6505	4.99044	0.000718677
15.7173	29.727	4.97837	0.000724325
12.8447	30.6708	4.98289	0.000739931
10.9756	24.1362	4.99347	0.000707675
13.1107	27.6505	4.99044	0.000718677
10.1383	27.6505	4.99424	0.000725926
15.2052	26.1784	4.98899	0.000705875
17.2998	24.7062	4.9863	0.000693956
18.0114	27.1222	4.98189	0.000703487
14.001	23.9462	4.98994	0.000699367
15.2052	26.1784	4.98899	0.000705875
13.1107	27.6505	4.99044	0.000718677
14.001	23.9462	4.98994	0.000699367
17.2998	24.7062	4.9863	0.000693956
15.2052	26.1784	4.98899	0.000705875
46.6062	33.7485	4.98889	0.000747005
43.6827	37.2565	4.9343	0.000730602
43.5196	33.7485	4.97958	0.000729811
50	40	4.96159	0.000781463
46.8029	37.0605	4.97017	0.000751593
49.9231	36.8646	4.97784	0.000760343
46.8798	40.196	4.93665	0.000824089
43.75	40	4.86764	0.00075212
46.8029	37.0605	4.97017	0.000751593
21.9014	39.3141	0.239357	0.000878251
21.9183	41.7637	4.85079	0.00108172
18.7981	41.9596	0.235917	0.0011418
25	40	4.87147	0.000839963
21.9014	39.3141	0.239357	0.000878251
21.8846	36.8646	4.80744	0.000784644
25	40	4.87147	0.000839963
21.9183	41.7637	4.85079	0.00108172
21.9014	39.3141	0.239357	0.000878251
22.0142	44.8882	4.91149	0.00149312
18.7981	41.9596	0.235917	0.0011418
21.9183	41.7637	4.85079	0.00108172
3.69504	30.482	4.9974	0.000758074
3.40821	33.9432	4.99686	0.000797509
0.68946	30.6708	4.99786	0.000763568
1.22131	27.6505	4.99785	0.000740096
3.69504	30.482	4.9974	0.000758074
0.68946	30.6708	4.99786	0.000763568
6.70061	30.2933	4.99579	0.000751605
6.43263	33.3637	4.9944	0.000784654
3.69504	30.482	4.9974	0.000758074
43.5196	33.7485	4.97958	0.000729811
43.6827	37.2565	4.9343	0.000730602
40.5769	36.8646	4.91395	0.000704859
40.1941	30.6708	4.98947	0.000717731
43.2329	30.6708	4.99266	0.000731014
40.433	33.7485	4.97079	0.00071054
46.6062	33.7485	4.98889	0.000747005
49.6928	33.7485	4.99132	0.000754408
46.8029	37.0605	4.97017	0.000751593
46.2478	30.8632	4.99506	0.000742791
46.6062	33.7485	4.98889	0.000747005
43.5196	33.7485	4.97958	0.000729811
46.2478	30.8632	4.99506	0.000742791
49.3105	30.6708	4.99627	0.000748321
46.6062	33.7485	4.98889	0.000747005
46.8798	40.196	4.93665	0.000824089
46.8029	37.0605	4.97017	0.000751593
50	40	4.96159	0.000781463
9.4375	42.5475	4.98239	0.00120883
6.24038	39.6081	4.99175	0.000931999
9.36058	39.4121	4.97802	0.000928541
9.49534	33.1714	4.98705	0.000776533
9.80591	30.6708	4.99096	0.000748945
12.8447	30.6708	4.98289	0.000739931
12.5385	36.8646	4.93782	0.000835243
9.42308	36.8646	4.97886	0.000844051
12.7112	34.5275	4.96021	0.000786846
6.43263	33.3637	4.9944	0.000784654
6.70061	30.2933	4.99579	0.000751605
9.49534	33.1714	4.98705	0.000776533
4.19365	27.6505	4.9975	0.000736314
4.97956	24.7062	4.99683	0.000720399
7.16598	27.6505	4.99648	0.000731681
1.22131	27.6505	4.99785	0.000740096
4.19365	27.6505	4.9975	0.000736314
3.69504	30.482	4.9974	0.000758074
1.22131	27.6505	4.99785	0.000740096
1.8995	24.7062	4.99735	0.000723956
4.19365	27.6505	4.9975	0.000736314
6.70061	30.2933	4.99579	0.000751605
4.19365	27.6505	4.9975	0.000736314
7.16598	27.6505	4.99648	0.000731681
18.7229	29.5382	4.96457	0.000714881
22.0277	27.6505	4.97231	0.0006972
21.9612	30.6708	4.92504	0.000711854
14.3285	32.6965	4.95989	0.00075666
12.8447	30.6708	4.98289	0.000739931
15.7173	29.727	4.97837	0.000724325
18.6835	32.5943	4.91809	0.000738481
14.3285	32.6965	4.95989	0.00075666
15.7173	29.727	4.97837	0.000724325
15.8122	34.7222	4.90399	0.000777103
12.7112	34.5275	4.96021	0.000786846
14.3285	32.6965	4.95989	0.00075666
18.0114	27.1222	4.98189	0.000703487
20.3799	24.7062	4.98036	0.000688174
22.0277	27.6505	4.97231	0.0006972
3.40821	33.9432	4.99686	0.000797509
3.69504	30.482	4.9974	0.000758074
6.43263	33.3637	4.9944	0.000784654
46.8077	43.1354	4.91329	0.000891931
43.6923	43.1354	0.239725	0.000890193
46.8798	40.196	4.93665	0.000824089
49.9231	43.1354	4.95053	0.00089496
46.8077	43.1354	4.91329	0.000891931
46.8798	40.196	4.93665	0.000824089
46.2717	49.3292	4.95895	0.00145913
49.3105	49.3292	4.96872	0.00137575
48.7787	52.3495	4.96671	0.00215845
43.5196	46.2515	4.87512	0.00108105
46.2717	49.3292	4.95895	0.00145913
43.2329	49.3292	4.93107	0.00157146
40.433	46.2515	4.79671	0.0011136
43.5196	46.2515	4.87512	0.00108105
43.2329	49.3292	4.93107	0.00157146
43.6923	43.1354	0.239725	0.000890193
46.8077	43.1354	4.91329	0.000891931
46.6062	46.2515	4.93401	0.0010587
46.6062	46.2515	4.93401	0.0010587
49.3105	49.3292	4.96872	0.00137575
46.2717	49.3292	4.95895	0.00145913
6.30769	36.8646	4.99199	0.000847134
6.43263	33.3637	4.9944	0.000784654
9.42308	36.8646	4.97886	0.000844051
3.125	40	4.996	0.00095064
3.19231	36.8646	4.99629	0.00085034
6.24038	39.6081	4.99175	0.000931999
3.40821	33.9432	4.99686	0.000797509
6.43263	33.3637	4.9944	0.000784654
6.30769	36.8646	4.99199	0.000847134
0.307214	33.7485	4.9976	0.000797995
3.40821	33.9432	4.99686	0.000797509
3.19231	36.8646	4.99629	0.00085034
0.307214	33.7485	4.9976	0.000797995
0.68946	30.6708	4.99786	0.000763568
3.40821	33.9432	4.99686	0.000797509
