25	30.6708	4.92915	0.000844076
28.0866	33.7485	4.91224	0.000832804
25.1151	35.3065	0.252758	0.000878935
22.0277	27.6505	4.97289	0.000840087
25	30.6708	4.92915	0.000844076
21.9612	30.6708	4.9254	0.00085608
26.689	28.4246	4.97104	0.000836788
28.269	26.3624	4.98521	0.000835001
30.7452	28.7831	4.98341	0.000839087
25	30.6708	4.92915	0.000844076
26.689	28.4246	4.97104	0.000836788
28.0388	30.6708	4.95944	0.000835796
25.3391	26.1784	4.98091	0.000831716
28.269	26.3624	4.98521	0.000835001
26.689	28.4246	4.97104	0.000836788
28.0388	30.6708	4.95944	0.000835796
30.9343	31.8249	4.96555	0.000828968
28.0866	33.7485	4.91224	0.000832804
22.0277	27.6505	4.97289	0.000840087
26.689	28.4246	4.97104	0.000836788
25	30.6708	4.92915	0.000844076
30.7452	28.7831	4.98341	0.000839087
30.9343	31.8249	4.96555	0.000828968
28.0388	30.6708	4.95944	0.000835796
26.689	28.4246	4.97104	0.000836788
30.7452	28.7831	4.98341	0.000839087
28.0388	30.6708	4.95944	0.000835796
26.1025	23.1861	4.98017	0.000820915
28.269	26.3624	4.98521	0.000835001
25.3391	26.1784	4.98091	0.000831716
29.1279	22.9961	4.98533	0.000825687
32.7002	24.7062	4.99182	0.000839842
31.199	26.5464	4.98965	0.000840162
33.7508	28.5944	4.99024	0.000847096
30.9343	31.8249	4.96555	0.000828968
30.7452	28.7831	4.98341	0.000839087
31.199	26.5464	4.98965	0.000840162
33.7508	28.5944	4.99024	0.000847096
30.7452	28.7831	4.98341	0.000839087
37.4615	36.8646	4.91052	0.000819004
40.433	33.7485	4.97154	0.000856769
40.5769	36.8646	4.91457	0.000842235
36.8893	27.6505	4.99358	0.000856601
37.1553	30.6708	4.98611	0.000853012
33.7508	28.5944	4.99024	0.000847096
36.8893	27.6505	4.99358	0.000856601
39.9888	27.0985	4.99544	0.000865757
40.1941	30.6708	4.99008	0.000868126
34.9506	19.1174	4.97377	0.000815079
34.4425	16.5071	4.93793	0.00079661
37.1403	16.5071	4.94114	0.000800732
38.204	22.4261	4.99158	0.000842906
35.1786	22.6161	4.99044	0.000836962
36.4861	20.8667	4.98448	0.000829471
32.1075	19.1174	4.97186	0.000810311
28.8815	20.2128	4.97175	0.000810937
28.6113	17.5512	4.94086	0.00079564
38.204	22.4261	4.99158	0.000842906
35.7802	24.7062	4.99383	0.00084761
35.1786	22.6161	4.99044	0.000836962
32.7002	24.7062	4.99182	0.000839842
29.1279	22.9961	4.98533	0.000825687
32.4267	21.856	4.98675	0.000827143
45.7731	27.8393	4.99738	0.00088615
48.1005	24.7062	4.99744	0.000874878
48.7787	27.6505	4.99793	0.000891536
38.8603	24.7062	4.99494	0.00085517
41.2294	22.236	4.99281	0.000848977
41.9404	24.7062	4.99595	0.000862559
38.8603	24.7062	4.99494	0.00085517
38.204	22.4261	4.99158	0.000842906
41.2294	22.236	4.99281	0.000848977
36.8893	27.6505	4.99358	0.000856601
38.8603	24.7062	4.99494	0.00085517
39.9888	27.0985	4.99544	0.000865757
35.7802	24.7062	4.99383	0.00084761
38.204	22.4261	4.99158	0.000842906
38.8603	24.7062	4.99494	0.00085517
33.7508	28.5944	4.99024	0.000847096
35.7802	24.7062	4.99383	0.00084761
36.8893	27.6505	4.99358	0.000856601
32.7002	24.7062	4.99182	0.000839842
32.4267	21.856	4.98675	0.000827143
35.1786	22.6161	4.99044	0.000836962
37.7936	19.1174	4.97611	0.000820968
40.5089	19.4825	4.98298	0.000830777
38.204	22.4261	4.99158	0.000842906
35.1786	22.6161	4.99044	0.000836962
32.4267	21.856	4.98675	0.000827143
34.9506	19.1174	4.97377	0.000815079
36.4861	20.8667	4.98448	0.000829471
35.1786	22.6161	4.99044	0.000836962
34.9506	19.1174	4.97377	0.000815079
37.7936	19.1174	4.97611	0.000820968
36.4861	20.8667	4.98448	0.000829471
34.9506	19.1174	4.97377	0.000815079
37.7936	19.1174	4.97611	0.000820968
38.204	22.4261	4.99158	0.000842906
36.4861	20.8667	4.98448	0.000829471
35.7802	24.7062	4.99383	0.00084761
32.7002	24.7062	4.99182	0.000839842
35.1786	22.6161	4.99044	0.000836962
33.7508	28.5944	4.99024	0.000847096
32.7002	24.7062	4.99182	0.000839842
35.7802	24.7062	4.99383	0.00084761
29.1279	22.9961	4.98533	0.000825687
28.8815	20.2128	4.97175	0.000810937
32.4267	21.856	4.98675	0.000827143
37.1403	16.5071	4.94114	0.000800732
39.693	16.8552	4.95769	0.000809969
37.7936	19.1174	4.97611	0.000820968
44.3095	21.856	4.99403	0.000853885
47.2801	21.856	4.99539	0.000859255
45.0204	24.7062	4.99688	0.000869496
41.9404	24.7062	4.99595	0.000862559
44.3095	21.856	4.99403	0.000853885
45.0204	24.7062	4.99688	0.000869496
43.4158	19.3	4.98689	0.00083783
46.3226	19.1174	4.99004	0.000843693
44.3095	21.856	4.99403	0.000853885
28.0866	46.2515	4.89874	0.00189256
31.0776	49.3292	4.84897	0.00319923
28.0388	49.3292	4.90975	0.00358313
25	43.1354	4.91251	0.00133255
28.1154	43.1354	4.85835	0.00125411
28.0866	46.2515	4.89874	0.00189256
37.3464	46.2515	0.161978	0.00139395
34.3294	43.6157	0.132998	0.00113598
37.5191	43.9145	0.143943	0.00110206
31.226	43.7137	0.1875	0.00124136
31.2788	41.1758	0.181374	0.0010029
34.3294	43.6157	0.132998	0.00113598
28.0866	46.2515	4.89874	0.00189256
31.226	43.7137	0.1875	0.00124136
31.1732	46.2515	4.78531	0.00174764
28.1154	43.1354	4.85835	0.00125411
31.2788	41.1758	0.181374	0.0010029
31.226	43.7137	0.1875	0.00124136
25	46.2515	4.93561	0.0019337
25	43.1354	4.91251	0.00133255
28.0866	46.2515	4.89874	0.00189256
28.125	40	4.8417	0.000934041
31.2788	41.1758	0.181374	0.0010029
28.1154	43.1354	4.85835	0.00125411
28.125	40	4.8417	0.000934041
31.2019	38.0404	0.237802	0.000837406
31.2788	41.1758	0.181374	0.0010029
31.2019	38.0404	0.237802	0.000837406
34.399	40.9798	0.167154	0.000949219
31.2788	41.1758	0.181374	0.0010029
28.0866	33.7485	4.91224	0.000832804
31.3171	35.696	4.89512	0.000810535
28.1154	36.8646	4.86297	0.000846568
37.3464	33.7485	4.96517	0.00083671
37.1553	30.6708	4.98611	0.000853012
40.1941	30.6708	4.99008	0.000868126
37.4615	36.8646	4.91052	0.000819004
37.3464	33.7485	4.96517	0.00083671
40.433	33.7485	4.97154	0.000856769
37.4615	36.8646	4.91052	0.000819004
34.3221	37.8444	4.8426	0.000809519
34.1596	34.7385	4.93888	0.000813902
34.1596	34.7385	4.93888	0.000813902
33.997	31.6326	4.97542	0.000835454
37.3464	33.7485	4.96517	0.00083671
31.3171	35.696	4.89512	0.000810535
34.1596	34.7385	4.93888	0.000813902
34.3221	37.8444	4.8426	0.000809519
31.3171	35.696	4.89512	0.000810535
30.9343	31.8249	4.96555	0.000828968
34.1596	34.7385	4.93888	0.000813902
30.9343	31.8249	4.96555	0.000828968
33.7508	28.5944	4.99024	0.000847096
33.997	31.6326	4.97542	0.000835454
40.433	46.2515	4.79746	0.00126776
40.6201	43.7197	0.186667	0.00106231
43.5196	46.2515	4.87545	0.00124117
46.8029	37.0605	4.97099	0.00090688
43.75	40	4.86806	0.000893452
43.6827	37.2565	4.93493	0.000876065
49.9231	43.1354	4.95132	0.00106433
46.8798	40.196	4.93737	0.000986734
50	40	4.9625	0.000939304
49.9231	43.1354	4.95132	0.00106433
49.6928	46.2515	4.95908	0.00121574
46.8077	43.1354	4.91389	0.00105584
25	43.1354	4.91251	0.00133255
25	46.2515	4.93561	0.0019337
22.0142	44.8882	4.91572	0.00168823
25	40	4.87167	0.000984166
25	43.1354	4.91251	0.00133255
21.9183	41.7637	4.85217	0.00126115
25	40	4.87167	0.000984166
28.1154	43.1354	4.85835	0.00125411
25	43.1354	4.91251	0.00133255
31.2019	38.0404	0.237802	0.000837406
28.125	40	4.8417	0.000934041
28.1154	36.8646	4.86297	0.000846568
28.1154	43.1354	4.85835	0.00125411
31.226	43.7137	0.1875	0.00124136
28.0866	46.2515	4.89874	0.00189256
18.7981	41.9596	0.236721	0.00133485
15.601	39.0202	0.244139	0.0010761
18.7212	38.8242	0.207904	0.00104826
17.2523	44.2036	4.90036	0.00170357
15.7402	46.2515	4.95635	0.0023151
14.1489	44.3016	4.95053	0.00172802
18.7981	41.9596	0.236721	0.00133485
17.2523	44.2036	4.90036	0.00170357
15.6779	42.1556	4.87951	0.00137715
18.8268	46.2515	4.93333	0.00209626
15.7402	46.2515	4.95635	0.0023151
17.2523	44.2036	4.90036	0.00170357
21.7462	47.598	4.90853	0.00242233
18.8268	46.2515	4.93333	0.00209626
22.0142	44.8882	4.91572	0.00168823
21.7462	47.598	4.90853	0.00242233
18.9224	49.3292	4.92274	0.00378811
18.8268	46.2515	4.93333	0.00209626
15.6779	42.1556	4.87951	0.00137715
15.601	39.0202	0.244139	0.0010761
18.7981	41.9596	0.236721	0.00133485
18.8268	46.2515	4.93333	0.00209626
17.2523	44.2036	4.90036	0.00170357
18.7981	41.9596	0.236721	0.00133485
14.1489	44.3016	4.95053	0.00172802
12.6536	46.2515	4.97573	0.00216626
12.5577	42.3516	4.95365	0.00137908
15.6779	42.1556	4.87951	0.00137715
14.1489	44.3016	4.95053	0.00172802
12.5577	42.3516	4.95365	0.00137908
15.7402	46.2515	4.95635	0.0023151
12.6536	46.2515	4.97573	0.00216626
14.1489	44.3016	4.95053	0.00172802
12.7118	50.0843	4.97885	0.00493128
12.6536	46.2515	4.97573	0.00216626
15.8835	49.3292	4.96897	0.00412311
16.083	52.3495	4.95923	0.00933724
13.1107	52.3495	4.96888	0.00889004
15.8835	49.3292	4.96897	0.00412311
18.9224	49.3292	4.92274	0.00378811
16.083	52.3495	4.95923	0.00933724
15.8835	49.3292	4.96897	0.00412311
13.1107	52.3495	4.96888	0.00889004
10.6893	54.7417	4.94029	0.01613
10.1383	52.3495	4.9705	0.00809211
15.8835	49.3292	4.96897	0.00412311
13.1107	52.3495	4.96888	0.00889004
12.7118	50.0843	4.97885	0.00493128
14.2198	55.2938	4.92699	0.0223233
10.6893	54.7417	4.94029	0.01613
13.1107	52.3495	4.96888	0.00889004
17.0264	56.2438	4.90361	0.0320518
14.2198	55.2938	4.92699	0.0223233
16.083	52.3495	4.95923	0.00933724
17.2808	59.0298	4.77358	0.0789119
17.5295	61.7527	0.0942321	4.663
15.0494	60.8826	0.118292	0.106708
17.0264	56.2438	4.90361	0.0320518
17.2808	59.0298	4.77358	0.0789119
14.6026	58.144	4.81504	0.0542115
17.0264	56.2438	4.90361	0.0320518
20.0518	56.4338	4.88489	0.0349359
17.2808	59.0298	4.77358	0.0789119
7.16598	52.3495	4.97293	0.00739558
8.05963	55.2938	4.93062	0.0170693
4.92487	55.4838	4.93457	0.0176472
6.76709	49.3292	4.98774	0.00354917
7.16598	52.3495	4.97293	0.00739558
4.19365	52.3495	4.97617	0.00694733
10.1383	52.3495	4.9705	0.00809211
8.05963	55.2938	4.93062	0.0170693
7.16598	52.3495	4.97293	0.00739558
12.7118	50.0843	4.97885	0.00493128
10.1383	52.3495	4.9705	0.00809211
9.70619	49.8955	4.98301	0.0043218
10.6893	54.7417	4.94029	0.01613
8.05963	55.2938	4.93062	0.0170693
10.1383	52.3495	4.9705	0.00809211
12.5577	42.3516	4.95365	0.00137908
12.5	40	4.93227	0.00111822
15.6779	42.1556	4.87951	0.00137715
9.61019	45.6673	4.98759	0.00189456
12.5577	42.3516	4.95365	0.00137908
12.6536	46.2515	4.97573	0.00216626
9.61019	45.6673	4.98759	0.00189456
6.31731	42.7435	4.99233	0.00138906
9.4375	42.5475	4.98228	0.00139664
-3.10282e-28	40	4.9968	0.00119564
3.125	40	4.99584	0.00112442
3.19711	42.9395	4.99551	0.00141056
-3.10282e-28	40	4.9968	0.00119564
0.076922	36.8646	4.99709	0.00101829
3.125	40	4.99584	0.00112442
46.6062	46.2515	4.93456	0.00122938
46.2717	49.3292	4.95944	0.00163877
43.5196	46.2515	4.87545	0.00124117
43.6923	43.1354	0.239902	0.00104368
46.6062	46.2515	4.93456	0.00122938
43.5196	46.2515	4.87545	0.00124117
49.6928	46.2515	4.95908	0.00121574
49.3105	49.3292	4.9693	0.00155849
46.6062	46.2515	4.93456	0.00122938
27.4517	72.3429	0.00355254	0.0243129
25	72.3429	0.00358979	0.0299415
27.0253	69.2491	0.00760427	0.0561598
24.7277	76.3587	0.00178799	0.0104456
26.189	74.0896	0.00251895	0.0168936
27.2733	75.6267	0.00197226	0.0108379
24.7277	76.3587	0.00178799	0.0104456
23.0327	74.7883	0.00228716	0.0174317
26.189	74.0896	0.00251895	0.0168936
23.0339	79.8761	0.00146911	0.00717657
21.0802	79.5053	0.00156571	0.00822403
21.6827	78.0345	0.00160647	0.00877097
19.6759	76.9444	0.00182685	0.0106632
19.0551	74.0896	0.0028167	0.0211831
21.4331	74.0896	0.00266194	0.0223794
19.6759	76.9444	0.00182685	0.0106632
18.1801	75.6267	0.0022925	0.0144274
19.0551	74.0896	0.0028167	0.0211831
21.4331	74.0896	0.00266194	0.0223794
23.0327	74.7883	0.00228716	0.0174317
22.3999	76.5052	0.00182033	0.0115182
20.0967	72.3429	0.00397514	0.0388585
22.5483	72.3429	0.0037888	0.0396106
21.4331	74.0896	0.00266194	0.0223794
16.5527	73.7985	0.00320792	0.0197633
17.645	72.3429	0.00418342	0.0297106
19.0551	74.0896	0.0028167	0.0211831
19.193	69.7412	0.00805654	0.0745748
21.8037	69.5771	0.00771419	4.51206
20.0967	72.3429	0.00397514	0.0388585
21.8037	69.5771	0.00771419	4.51206
23.75	70.3973	0.00606345	0.0601414
22.5483	72.3429	0.0037888	0.0396106
21.6827	78.0345	0.00160647	0.00877097
19.1515	78.89	0.00168844	0.00914036
19.6759	76.9444	0.00182685	0.0106632
22.3999	76.5052	0.00182033	0.0115182
19.6759	76.9444	0.00182685	0.0106632
21.4331	74.0896	0.00266194	0.0223794
22.3999	76.5052	0.00182033	0.0115182
21.6827	78.0345	0.00160647	0.00877097
19.6759	76.9444	0.00182685	0.0106632
24.7277	76.3587	0.00178799	0.0104456
22.3999	76.5052	0.00182033	0.0115182
23.0327	74.7883	0.00228716	0.0174317
24.7277	76.3587	0.00178799	0.0104456
24.9752	78.5234	0.00150141	0.00721246
23.329	78.279	0.00154129	0.00797928
21.0802	79.5053	0.00156571	0.00822403
19.1515	78.89	0.00168844	0.00914036
21.6827	78.0345	0.00160647	0.00877097
25	80	0.00145875	0.00675307
24.9752	78.5234	0.00150141	0.00721246
26.9661	79.8761	0.00145294	0.00623874
19.6759	76.9444	0.00182685	0.0106632
19.1515	78.89	0.00168844	0.00914036
17.2597	78.0345	0.00192932	0.0106905
28.3173	78.0345	0.0015695	0.00682877
30.8485	78.89	0.0016531	0.00670042
28.9198	79.5053	0.00153561	0.00642195
18.1801	75.6267	0.0022925	0.0144274
19.6759	76.9444	0.00182685	0.0106632
17.2597	78.0345	0.00192932	0.0106905
15.4167	76.9444	0.00229002	0.0124417
18.1801	75.6267	0.0022925	0.0144274
17.2597	78.0345	0.00192932	0.0106905
23.0327	74.7883	0.00228716	0.0174317
21.4331	74.0896	0.00266194	0.0223794
22.5483	72.3429	0.0037888	0.0396106
15.4167	76.9444	0.00229002	0.0124417
16.5527	73.7985	0.00320792	0.0197633
18.1801	75.6267	0.0022925	0.0144274
20.0967	72.3429	0.00397514	0.0388585
21.8037	69.5771	0.00771419	4.51206
22.5483	72.3429	0.0037888	0.0396106
15.4167	76.9444	0.00229002	0.0124417
13.6336	75.6267	0.00314706	0.0170024
14.237	73.9441	0.00356607	0.0196339
29.3832	76.0659	0.00189879	0.00904916
31.3712	77.1646	0.00182725	0.00766468
28.3173	78.0345	0.0015695	0.00682877
31.9219	75.3472	0.00220412	0.00989604
34.5833	76.9444	0.00216312	0.00860657
32.7403	78.0345	0.00183759	0.0073617
14.237	73.9441	0.00356607	0.0196339
11.9212	74.0896	0.00431541	0.0227636
12.7417	72.3429	0.00515098	0.0274269
11.25	70.3973	0.00839945	0.0444313
12.7417	72.3429	0.00515098	0.0274269
10.2901	72.3429	0.00653379	0.0342729
17.645	72.3429	0.00418342	0.0297106
16.5527	73.7985	0.00320792	0.0197633
15.1934	72.3429	0.00452198	0.0263505
19.193	69.7412	0.00805654	0.0745748
17.645	72.3429	0.00418342	0.0297106
16.25	70.3973	0.00700683	0.0441508
20.0967	72.3429	0.00397514	0.0388585
19.0551	74.0896	0.0028167	0.0211831
17.645	72.3429	0.00418342	0.0297106
19.0551	74.0896	0.0028167	0.0211831
18.1801	75.6267	0.0022925	0.0144274
16.5527	73.7985	0.00320792	0.0197633
32.355	72.3429	0.00361821	0.0189919
34.8066	72.3429	0.00396308	0.0179869
33.3228	74.0896	0.0027422	0.012366
33.3228	74.0896	0.0027422	0.012366
31.9219	75.3472	0.00220412	0.00989604
30.9297	73.8705	0.00266231	0.0138803
35.7008	74.0896	0.00316321	0.0131924
33.3228	74.0896	0.0027422	0.012366
34.8066	72.3429	0.00396308	0.0179869
34.5833	76.9444	0.00216312	0.00860657
31.9219	75.3472	0.00220412	0.00989604
33.3228	74.0896	0.0027422	0.012366
17.4187	68.2649	0.0125657	0.0905756
14.8915	68.2649	0.0123667	0.074791
16.8484	65.9587	0.0241692	4.63575
16.25	70.3973	0.00700683	0.0441508
13.513	70.6966	0.00689358	0.037491
14.8915	68.2649	0.0123667	0.074791
19.193	69.7412	0.00805654	0.0745748
16.25	70.3973	0.00700683	0.0441508
17.4187	68.2649	0.0125657	0.0905756
15.1934	72.3429	0.00452198	0.0263505
14.237	73.9441	0.00356607	0.0196339
12.7417	72.3429	0.00515098	0.0274269
17.645	72.3429	0.00418342	0.0297106
15.1934	72.3429	0.00452198	0.0263505
16.25	70.3973	0.00700683	0.0441508
16.5527	73.7985	0.00320792	0.0197633
14.237	73.9441	0.00356607	0.0196339
15.1934	72.3429	0.00452198	0.0263505
12.7417	72.3429	0.00515098	0.0274269
11.25	70.3973	0.00839945	0.0444313
13.513	70.6966	0.00689358	0.037491
8.74996	70.3973	0.0106883	0.0573897
11.25	70.3973	0.00839945	0.0444313
10.2901	72.3429	0.00653379	0.0342729
12.3644	68.2649	0.0131617	0.0731275
13.846	66.4528	0.0209797	0.103255
14.8915	68.2649	0.0123667	0.074791
9.83732	68.2649	0.0148636	0.086986
12.3644	68.2649	0.0131617	0.0731275
11.25	70.3973	0.00839945	0.0444313
9.83732	68.2649	0.0148636	0.086986
11.414	65.9587	0.0255821	4.55692
12.3644	68.2649	0.0131617	0.0731275
9.83732	68.2649	0.0148636	0.086986
11.25	70.3973	0.00839945	0.0444313
8.74996	70.3973	0.0106883	0.0573897
14.8915	68.2649	0.0123667	0.074791
13.513	70.6966	0.00689358	0.037491
12.3644	68.2649	0.0131617	0.0731275
15.1934	72.3429	0.00452198	0.0263505
12.7417	72.3429	0.00515098	0.0274269
13.513	70.6966	0.00689358	0.037491
15.4167	76.9444	0.00229002	0.0124417
14.237	73.9441	0.00356607	0.0196339
16.5527	73.7985	0.00320792	0.0197633
13.6336	75.6267	0.00314706	0.0170024
11.9212	74.0896	0.00431541	0.0227636
14.237	73.9441	0.00356607	0.0196339
11.9212	74.0896	0.00431541	0.0227636
10.2901	72.3429	0.00653379	0.0342729
12.7417	72.3429	0.00515098	0.0274269
7.31021	68.2649	0.0187875	0.109225
9.83732	68.2649	0.0148636	0.086986
8.74996	70.3973	0.0106883	0.0573897
7.31021	68.2649	0.0187875	0.109225
5.97957	65.9587	0.0359874	4.64314
8.78345	65.7825	0.0297169	4.61254
28.3173	78.0345	0.0015695	0.00682877
28.9198	79.5053	0.00153561	0.00642195
26.9661	79.8761	0.00145294	0.00623874
31.3712	77.1646	0.00182725	0.00766468
31.9219	75.3472	0.00220412	0.00989604
32.7403	78.0345	0.00183759	0.0073617
28.3173	78.0345	0.0015695	0.00682877
31.3712	77.1646	0.00182725	0.00766468
30.8485	78.89	0.0016531	0.00670042
29.3832	76.0659	0.00189879	0.00904916
31.9219	75.3472	0.00220412	0.00989604
31.3712	77.1646	0.00182725	0.00766468
27.2733	75.6267	0.00197226	0.0108379
29.3832	76.0659	0.00189879	0.00904916
28.3173	78.0345	0.0015695	0.00682877
28.5669	74.0896	0.00251431	0.014556
29.9033	72.3429	0.00353549	0.0219102
30.9297	73.8705	0.00266231	0.0138803
27.2733	75.6267	0.00197226	0.0108379
28.5669	74.0896	0.00251431	0.014556
29.3832	76.0659	0.00189879	0.00904916
27.2733	75.6267	0.00197226	0.0108379
26.189	74.0896	0.00251895	0.0168936
28.5669	74.0896	0.00251431	0.014556
26.2439	77.6257	0.00158939	0.00772959
27.2733	75.6267	0.00197226	0.0108379
28.3173	78.0345	0.0015695	0.00682877
26.9661	79.8761	0.00145294	0.00623874
26.2439	77.6257	0.00158939	0.00772959
28.3173	78.0345	0.0015695	0.00682877
24.9752	78.5234	0.00150141	0.00721246
24.7277	76.3587	0.00178799	0.0104456
26.2439	77.6257	0.00158939	0.00772959
31.0572	70.658	0.00511922	0.0335011
30.0542	68.2649	0.00959836	4.40373
32.2468	68.921	0.00776296	0.0452502
31.0572	70.658	0.00511922	0.0335011
28.75	70.3973	0.00561577	0.0408551
30.0542	68.2649	0.00959836	4.40373
33.75	70.3973	0.00569611	0.0274876
31.0572	70.658	0.00511922	0.0335011
32.2468	68.921	0.00776296	0.0452502
29.9033	72.3429	0.00353549	0.0219102
28.75	70.3973	0.00561577	0.0408551
31.0572	70.658	0.00511922	0.0335011
30.9297	73.8705	0.00266231	0.0138803
29.9033	72.3429	0.00353549	0.0219102
32.355	72.3429	0.00361821	0.0189919
33.3228	74.0896	0.0027422	0.012366
30.9297	73.8705	0.00266231	0.0138803
32.355	72.3429	0.00361821	0.0189919
31.9219	75.3472	0.00220412	0.00989604
29.3832	76.0659	0.00189879	0.00904916
30.9297	73.8705	0.00266231	0.0138803
28.5669	74.0896	0.00251431	0.014556
26.189	74.0896	0.00251895	0.0168936
27.4517	72.3429	0.00355254	0.0243129
25	72.3429	0.00358979	0.0299415
23.75	70.3973	0.00606345	0.0601414
27.0253	69.2491	0.00760427	0.0561598
26.9661	79.8761	0.00145294	0.00623874
24.9752	78.5234	0.00150141	0.00721246
26.2439	77.6257	0.00158939	0.00772959
27.0253	69.2491	0.00760427	0.0561598
24.3347	67.1118	0.0150977	0.11436
26.9568	67.2765	0.0132492	0.082648
19.0904	66.7823	0.0193723	0.137894
19.999	65.078	0.0339837	4.6909
22.2828	65.9587	0.0227722	4.66645
17.4187	68.2649	0.0125657	0.0905756
19.0904	66.7823	0.0193723	0.137894
19.193	69.7412	0.00805654	0.0745748
17.4187	68.2649	0.0125657	0.0905756
16.8484	65.9587	0.0241692	4.63575
19.0904	66.7823	0.0193723	0.137894
27.4517	72.3429	0.00355254	0.0243129
28.75	70.3973	0.00561577	0.0408551
29.9033	72.3429	0.00353549	0.0219102
28.5669	74.0896	0.00251431	0.014556
27.4517	72.3429	0.00355254	0.0243129
29.9033	72.3429	0.00353549	0.0219102
26.189	74.0896	0.00251895	0.0168936
25	72.3429	0.00358979	0.0299415
27.4517	72.3429	0.00355254	0.0243129
27.0253	69.2491	0.00760427	0.0561598
26.9568	67.2765	0.0132492	0.082648
30.0542	68.2649	0.00959836	4.40373
27.4517	72.3429	0.00355254	0.0243129
27.0253	69.2491	0.00760427	0.0561598
28.75	70.3973	0.00561577	0.0408551
23.75	70.3973	0.00606345	0.0601414
24.3347	67.1118	0.0150977	0.11436
27.0253	69.2491	0.00760427	0.0561598
34.8233	67.7707	0.0115078	0.0471749
37.4455	67.9354	0.0127039	4.34736
36.25	70.3973	0.00640394	0.0308034
31.3712	77.1646	0.00182725	0.00766468
32.7403	78.0345	0.00183759	0.0073617
30.8485	78.89	0.0016531	0.00670042
23.329	78.279	0.00154129	0.00797928
22.3999	76.5052	0.00182033	0.0115182
24.7277	76.3587	0.00178799	0.0104456
23.0339	79.8761	0.00146911	0.00717657
23.329	78.279	0.00154129	0.00797928
24.9752	78.5234	0.00150141	0.00721246
21.6827	78.0345	0.00160647	0.00877097
22.3999	76.5052	0.00182033	0.0115182
23.329	78.279	0.00154129	0.00797928
21.6827	78.0345	0.00160647	0.00877097
23.329	78.279	0.00154129	0.00797928
23.0339	79.8761	0.00146911	0.00717657
25	72.3429	0.00358979	0.0299415
26.189	74.0896	0.00251895	0.0168936
23.0327	74.7883	0.00228716	0.0174317
27.2733	75.6267	0.00197226	0.0108379
26.2439	77.6257	0.00158939	0.00772959
24.7277	76.3587	0.00178799	0.0104456
25	80	0.00145875	0.00675307
23.0339	79.8761	0.00146911	0.00717657
24.9752	78.5234	0.00150141	0.00721246
35.7008	74.0896	0.00316321	0.0131924
37.3942	72.4885	0.00461198	0.0191375
38.0788	74.0896	0.00395859	0.0159159
34.5833	76.9444	0.00216312	0.00860657
35.7008	74.0896	0.00316321	0.0131924
36.3664	75.6267	0.0028884	0.0117474
34.8066	72.3429	0.00396308	0.0179869
37.3942	72.4885	0.00461198	0.0191375
35.7008	74.0896	0.00316321	0.0131924
34.5833	76.9444	0.00216312	0.00860657
33.3228	74.0896	0.0027422	0.012366
35.7008	74.0896	0.00316321	0.0131924
33.75	70.3973	0.00569611	0.0274876
36.25	70.3973	0.00640394	0.0308034
34.8066	72.3429	0.00396308	0.0179869
35.7008	74.0896	0.00316321	0.0131924
38.0788	74.0896	0.00395859	0.0159159
36.3664	75.6267	0.0028884	0.0117474
37.4455	67.9354	0.0127039	4.34736
38.75	70.3973	0.00766722	0.0308092
36.25	70.3973	0.00640394	0.0308034
39.7099	72.3429	0.00603401	0.0225926
38.0788	74.0896	0.00395859	0.0159159
37.3942	72.4885	0.00461198	0.0191375
36.25	70.3973	0.00640394	0.0308034
33.75	70.3973	0.00569611	0.0274876
34.8233	67.7707	0.0115078	0.0471749
37.3942	72.4885	0.00461198	0.0191375
36.25	70.3973	0.00640394	0.0308034
38.75	70.3973	0.00766722	0.0308092
37.3942	72.4885	0.00461198	0.0191375
34.8066	72.3429	0.00396308	0.0179869
36.25	70.3973	0.00640394	0.0308034
15.5575	63.4929	0.0558195	4.62846
16.8484	65.9587	0.0241692	4.63575
13.846	66.4528	0.0209797	0.103255
11.414	65.9587	0.0255821	4.55692
12.8597	63.4929	0.0513088	0.11333
13.846	66.4528	0.0209797	0.103255
15.0494	60.8826	0.118292	0.106708
17.5295	61.7527	0.0942321	4.663
15.5575	63.4929	0.0558195	4.62846
15.5575	63.4929	0.0558195	4.62846
17.5295	61.7527	0.0942321	4.663
16.8484	65.9587	0.0241692	4.63575
11.6319	58.144	4.81123	0.0486492
14.6026	58.144	4.81504	0.0542115
12.3979	60.3349	0.134554	4.4779
14.6026	58.144	4.81504	0.0542115
17.2808	59.0298	4.77358	0.0789119
15.0494	60.8826	0.118292	0.106708
20.363	63.0044	0.0666666	4.68777
19.999	65.078	0.0339837	4.6909
17.5295	61.7527	0.0942321	4.663
20.7355	60.8826	0.127957	4.60612
20.363	63.0044	0.0666666	4.68777
17.5295	61.7527	0.0942321	4.663
20.7355	60.8826	0.127957	4.60612
23.0704	62.1007	0.0821474	0.137477
20.363	63.0044	0.0666666	4.68777
11.6319	58.144	4.81123	0.0486492
10.6893	54.7417	4.94029	0.01613
14.2198	55.2938	4.92699	0.0223233
9.3634	60.8826	0.118024	0.0793932
11.6319	58.144	4.81123	0.0486492
12.3979	60.3349	0.134554	4.4779
8.66123	58.144	4.81882	0.0380094
10.6893	54.7417	4.94029	0.01613
11.6319	58.144	4.81123	0.0486492
5.69054	58.144	4.83401	0.0409469
4.92487	55.4838	4.93457	0.0176472
8.05963	55.2938	4.93062	0.0170693
6.4478	61.0566	0.121639	0.0820651
5.69054	58.144	4.83401	0.0409469
8.66123	58.144	4.81882	0.0380094
3.67737	60.8826	0.152841	4.45715
2.71986	58.144	4.86736	0.038485
5.69054	58.144	4.83401	0.0409469
36.8222	64.0212	0.0366958	0.0485148
39.6261	63.8451	0.04434	0.0413209
38.586	65.9587	0.0227662	0.0450018
34.1521	62.7968	0.0476689	4.44575
36.8222	64.0212	0.0366958	0.0485148
35.8688	65.9587	0.0196683	0.0540218
37.7936	60.8826	0.105378	0.028619
39.6261	63.8451	0.04434	0.0413209
36.8222	64.0212	0.0366958	0.0485148
38.75	70.3973	0.00766722	0.0308092
40.1627	68.2649	0.0138618	0.0380126
41.25	70.3973	0.0100081	0.0277754
37.3942	72.4885	0.00461198	0.0191375
38.75	70.3973	0.00766722	0.0308092
39.7099	72.3429	0.00603401	0.0225926
37.4455	67.9354	0.0127039	4.34736
40.1627	68.2649	0.0138618	0.0380126
38.75	70.3973	0.00766722	0.0308092
35.8688	65.9587	0.0196683	0.0540218
37.4455	67.9354	0.0127039	4.34736
34.8233	67.7707	0.0115078	0.0471749
33.1516	65.9587	0.0175396	0.0654955
35.8688	65.9587	0.0196683	0.0540218
34.8233	67.7707	0.0115078	0.0471749
34.1521	62.7968	0.0476689	4.44575
34.9506	60.8826	0.0847643	0.0526248
36.8222	64.0212	0.0366958	0.0485148
38.75	70.3973	0.00766722	0.0308092
41.25	70.3973	0.0100081	0.0277754
39.7099	72.3429	0.00603401	0.0225926
38.586	65.9587	0.0227662	0.0450018
40.1627	68.2649	0.0138618	0.0380126
37.4455	67.9354	0.0127039	4.34736
41.3032	65.9587	0.0268047	0.0427948
42.6898	68.2649	0.017925	0.0344547
40.1627	68.2649	0.0138618	0.0380126
41.3032	65.9587	0.0268047	0.0427948
44.0204	65.9587	0.0342342	0.0485823
42.6898	68.2649	0.017925	0.0344547
41.25	70.3973	0.0100081	0.0277754
40.1627	68.2649	0.0138618	0.0380126
42.6898	68.2649	0.017925	0.0344547
36.8222	64.0212	0.0366958	0.0485148
34.9506	60.8826	0.0847643	0.0526248
37.7936	60.8826	0.105378	0.028619
2.71986	58.144	4.86736	0.038485
4.92487	55.4838	4.93457	0.0176472
5.69054	58.144	4.83401	0.0409469
8.66123	58.144	4.81882	0.0380094
8.05963	55.2938	4.93062	0.0170693
10.6893	54.7417	4.94029	0.01613
6.4478	61.0566	0.121639	0.0820651
8.66123	58.144	4.81882	0.0380094
9.3634	60.8826	0.118024	0.0793932
5.69054	58.144	4.83401	0.0409469
8.05963	55.2938	4.93062	0.0170693
8.66123	58.144	4.81882	0.0380094
1.8995	55.2938	4.94989	0.0145462
4.92487	55.4838	4.93457	0.0176472
2.71986	58.144	4.86736	0.038485
1.8995	55.2938	4.94989	0.0145462
1.22131	52.3495	4.97971	0.00620081
4.19365	52.3495	4.97617	0.00694733
41.3032	65.9587	0.0268047	0.0427948
42.43	63.669	0.0539456	4.35342
44.0204	65.9587	0.0342342	0.0485823
43.4796	60.8826	0.123723	0.0294627
40.6366	60.8826	0.115656	0.029557
41.4664	58.5091	4.78967	0.0144898
45.2338	63.4929	0.0690594	0.0448591
43.4796	60.8826	0.123723	0.0294627
46.3226	60.8826	0.145913	0.0206556
42.43	63.669	0.0539456	4.35342
40.6366	60.8826	0.115656	0.029557
43.4796	60.8826	0.123723	0.0294627
41.4664	58.5091	4.78967	0.0144898
38.5596	58.6917	4.75731	0.0170837
38.8603	55.2938	4.89288	0.00701021
46.3226	60.8826	0.145913	0.0206556
43.4796	60.8826	0.123723	0.0294627
44.2548	57.954	4.83324	0.0108797
42.43	63.669	0.0539456	4.35342
39.6261	63.8451	0.04434	0.0413209
40.6366	60.8826	0.115656	0.029557
44.0204	65.9587	0.0342342	0.0485823
42.43	63.669	0.0539456	4.35342
45.2338	63.4929	0.0690594	0.0448591
36.8222	64.0212	0.0366958	0.0485148
38.586	65.9587	0.0227662	0.0450018
35.8688	65.9587	0.0196683	0.0540218
40.6366	60.8826	0.115656	0.029557
39.6261	63.8451	0.04434	0.0413209
37.7936	60.8826	0.105378	0.028619
38.586	65.9587	0.0227662	0.0450018
37.4455	67.9354	0.0127039	4.34736
35.8688	65.9587	0.0196683	0.0540218
41.3032	65.9587	0.0268047	0.0427948
38.586	65.9587	0.0227662	0.0450018
39.6261	63.8451	0.04434	0.0413209
41.3032	65.9587	0.0268047	0.0427948
40.1627	68.2649	0.0138618	0.0380126
38.586	65.9587	0.0227662	0.0450018
32.2468	68.921	0.00776296	0.0452502
30.4344	65.9587	0.0171504	0.0770864
33.1516	65.9587	0.0175396	0.0654955
21.7285	50.6506	0.260816	0.00522615
19.0553	52.3495	4.91394	0.00904205
18.9224	49.3292	4.92274	0.00378811
21.7462	47.598	4.90853	0.00242233
21.7285	50.6506	0.260816	0.00522615
18.9224	49.3292	4.92274	0.00378811
15.8835	49.3292	4.96897	0.00412311
18.8268	46.2515	4.93333	0.00209626
18.9224	49.3292	4.92274	0.00378811
22.0142	44.8882	4.91572	0.00168823
25	46.2515	4.93561	0.0019337
21.7462	47.598	4.90853	0.00242233
24.7341	50.8393	4.87483	0.00541835
22.4091	54.0056	4.85898	0.0153933
21.7285	50.6506	0.260816	0.00522615
26.54	55.2938	0.232789	0.0218748
26.4853	58.144	4.72083	0.0526128
23.0771	56.6239	4.83975	0.0340365
30.9447	52.3495	4.86697	0.00659185
29.6201	55.2938	4.79906	0.0162429
27.9723	52.3495	4.87143	0.00791122
26.4853	58.144	4.72083	0.0526128
26.4215	60.8826	0.0977783	4.53341
24.0253	59.6046	4.69984	0.0818252
29.6201	55.2938	4.79906	0.0162429
26.4853	58.144	4.72083	0.0526128
26.54	55.2938	0.232789	0.0218748
29.6201	55.2938	4.79906	0.0162429
32.1533	57.1939	0.168677	0.0263351
29.839	59.2394	0.1133	0.0574334
17.2808	59.0298	4.77358	0.0789119
20.7355	60.8826	0.127957	4.60612
17.5295	61.7527	0.0942321	4.663
23.0771	56.6239	4.83975	0.0340365
20.3936	58.6582	4.78986	0.0749281
20.0518	56.4338	4.88489	0.0349359
23.0771	56.6239	4.83975	0.0340365
24.0253	59.6046	4.69984	0.0818252
20.3936	58.6582	4.78986	0.0749281
39.0601	41.8598	0.183647	0.000979989
37.5191	43.9145	0.143943	0.00110206
37.5	40	4.78121	0.000836275
40.625	40	0.222994	0.00087063
39.0601	41.8598	0.183647	0.000979989
37.5	40	4.78121	0.000836275
40.6201	43.7197	0.186667	0.00106231
37.5191	43.9145	0.143943	0.00110206
39.0601	41.8598	0.183647	0.000979989
40.6201	43.7197	0.186667	0.00106231
40.433	46.2515	4.79746	0.00126776
37.5191	43.9145	0.143943	0.00110206
43.6923	43.1354	0.239902	0.00104368
40.6201	43.7197	0.186667	0.00106231
40.625	40	0.222994	0.00087063
43.6923	43.1354	0.239902	0.00104368
43.5196	46.2515	4.87545	0.00124117
40.6201	43.7197	0.186667	0.00106231
46.8798	40.196	4.93737	0.000986734
43.6923	43.1354	0.239902	0.00104368
43.75	40	4.86806	0.000893452
46.8077	43.1354	4.91389	0.00105584
49.6928	46.2515	4.95908	0.00121574
46.6062	46.2515	4.93456	0.00122938
37.5	40	4.78121	0.000836275
34.399	40.9798	0.167154	0.000949219
34.3221	37.8444	4.8426	0.000809519
40.5769	36.8646	4.91457	0.000842235
37.5	40	4.78121	0.000836275
37.4615	36.8646	4.91052	0.000819004
40.625	40	0.222994	0.00087063
40.6201	43.7197	0.186667	0.00106231
39.0601	41.8598	0.183647	0.000979989
40.1224	48.7521	4.86031	0.00169997
37.0597	48.5598	0.201387	0.00196087
37.3464	46.2515	0.161978	0.00139395
34.1165	49.3292	0.2087	0.0025174
36.7564	51.5944	3.84647	0.00271129
34.1289	53.2696	4.85074	0.00665001
31.1732	46.2515	4.78531	0.00174764
34.1165	49.3292	0.2087	0.0025174
31.0776	49.3292	4.84897	0.00319923
28.0866	46.2515	4.89874	0.00189256
31.1732	46.2515	4.78531	0.00174764
31.0776	49.3292	4.84897	0.00319923
34.3294	43.6157	0.132998	0.00113598
34.399	40.9798	0.167154	0.000949219
37.5191	43.9145	0.143943	0.00110206
31.1732	46.2515	4.78531	0.00174764
31.226	43.7137	0.1875	0.00124136
34.2598	46.2515	0.15315	0.0015331
31.2788	41.1758	0.181374	0.0010029
34.399	40.9798	0.167154	0.000949219
34.3294	43.6157	0.132998	0.00113598
37.0597	48.5598	0.201387	0.00196087
36.7564	51.5944	3.84647	0.00271129
34.1165	49.3292	0.2087	0.0025174
37.3464	46.2515	0.161978	0.00139395
37.0597	48.5598	0.201387	0.00196087
34.2598	46.2515	0.15315	0.0015331
40.433	46.2515	4.79746	0.00126776
37.3464	46.2515	0.161978	0.00139395
37.5191	43.9145	0.143943	0.00110206
40.433	46.2515	4.79746	0.00126776
40.1224	48.7521	4.86031	0.00169997
37.3464	46.2515	0.161978	0.00139395
40.1224	48.7521	4.86031	0.00169997
36.7564	51.5944	3.84647	0.00271129
37.0597	48.5598	0.201387	0.00196087
46.2717	49.3292	4.95944	0.00163877
45.8487	52.5335	4.95959	0.00270272
43.2329	49.3292	4.93157	0.00174408
34.1165	49.3292	0.2087	0.0025174
34.1289	53.2696	4.85074	0.00665001
30.9447	52.3495	4.86697	0.00659185
7.464	63.4929	0.0586839	4.59092
8.78345	65.7825	0.0297169	4.61254
5.97957	65.9587	0.0359874	4.64314
6.4478	61.0566	0.121639	0.0820651
7.464	63.4929	0.0586839	4.59092
4.76616	63.4929	0.0711546	0.116818
6.4478	61.0566	0.121639	0.0820651
9.3634	60.8826	0.118024	0.0793932
7.464	63.4929	0.0586839	4.59092
12.3979	60.3349	0.134554	4.4779
10.1618	63.4929	0.0518726	0.114112
9.3634	60.8826	0.118024	0.0793932
12.8597	63.4929	0.0513088	0.11333
15.0494	60.8826	0.118292	0.106708
15.5575	63.4929	0.0558195	4.62846
12.3644	68.2649	0.0131617	0.0731275
13.513	70.6966	0.00689358	0.037491
11.25	70.3973	0.00839945	0.0444313
16.8484	65.9587	0.0241692	4.63575
14.8915	68.2649	0.0123667	0.074791
13.846	66.4528	0.0209797	0.103255
17.4187	68.2649	0.0125657	0.0905756
16.25	70.3973	0.00700683	0.0441508
14.8915	68.2649	0.0123667	0.074791
19.999	65.078	0.0339837	4.6909
19.0904	66.7823	0.0193723	0.137894
16.8484	65.9587	0.0241692	4.63575
19.193	69.7412	0.00805654	0.0745748
20.0967	72.3429	0.00397514	0.0388585
17.645	72.3429	0.00418342	0.0297106
9.83732	68.2649	0.0148636	0.086986
8.78345	65.7825	0.0297169	4.61254
11.414	65.9587	0.0255821	4.55692
6.48041	46.2515	4.9919	0.00206074
3.72828	49.3292	4.98965	0.0033465
3.39381	46.2515	4.99428	0.0019747
9.70619	49.8955	4.98301	0.0043218
6.76709	49.3292	4.98774	0.00354917
9.61019	45.6673	4.98759	0.00189456
9.70619	49.8955	4.98301	0.0043218
10.1383	52.3495	4.9705	0.00809211
7.16598	52.3495	4.97293	0.00739558
13.1107	52.3495	4.96888	0.00889004
10.1383	52.3495	4.9705	0.00809211
12.7118	50.0843	4.97885	0.00493128
4.19365	52.3495	4.97617	0.00694733
3.72828	49.3292	4.98965	0.0033465
6.76709	49.3292	4.98774	0.00354917
1.8995	55.2938	4.94989	0.0145462
4.19365	52.3495	4.97617	0.00694733
4.92487	55.4838	4.93457	0.0176472
1.22131	52.3495	4.97971	0.00620081
3.72828	49.3292	4.98965	0.0033465
4.19365	52.3495	4.97617	0.00694733
22.2828	65.9587	0.0227722	4.66645
23.0704	62.1007	0.0821474	0.137477
25.6067	64.7258	0.0301245	4.60645
21.8037	69.5771	0.00771419	4.51206
22.2828	65.9587	0.0227722	4.66645
24.3347	67.1118	0.0150977	0.11436
19.999	65.078	0.0339837	4.6909
20.363	63.0044	0.0666666	4.68777
22.2828	65.9587	0.0227722	4.66645
21.8037	69.5771	0.00771419	4.51206
19.193	69.7412	0.00805654	0.0745748
19.0904	66.7823	0.0193723	0.137894
16.8484	65.9587	0.0241692	4.63575
17.5295	61.7527	0.0942321	4.663
19.999	65.078	0.0339837	4.6909
22.2828	65.9587	0.0227722	4.66645
20.363	63.0044	0.0666666	4.68777
23.0704	62.1007	0.0821474	0.137477
16.25	70.3973	0.00700683	0.0441508
15.1934	72.3429	0.00452198	0.0263505
13.513	70.6966	0.00689358	0.037491
7.464	63.4929	0.0586839	4.59092
10.1618	63.4929	0.0518726	0.114112
8.78345	65.7825	0.0297169	4.61254
20.0518	56.4338	4.88489	0.0349359
19.0553	52.3495	4.91394	0.00904205
22.4091	54.0056	4.85898	0.0153933
20.3936	58.6582	4.78986	0.0749281
17.2808	59.0298	4.77358	0.0789119
20.0518	56.4338	4.88489	0.0349359
15.0494	60.8826	0.118292	0.106708
12.8597	63.4929	0.0513088	0.11333
12.3979	60.3349	0.134554	4.4779
9.3634	60.8826	0.118024	0.0793932
8.66123	58.144	4.81882	0.0380094
11.6319	58.144	4.81123	0.0486492
9.70619	49.8955	4.98301	0.0043218
7.16598	52.3495	4.97293	0.00739558
6.76709	49.3292	4.98774	0.00354917
13.1107	52.3495	4.96888	0.00889004
16.083	52.3495	4.95923	0.00933724
14.2198	55.2938	4.92699	0.0223233
23.0771	56.6239	4.83975	0.0340365
22.4091	54.0056	4.85898	0.0153933
26.54	55.2938	0.232789	0.0218748
20.7355	60.8826	0.127957	4.60612
20.3936	58.6582	4.78986	0.0749281
24.0253	59.6046	4.69984	0.0818252
20.0518	56.4338	4.88489	0.0349359
22.4091	54.0056	4.85898	0.0153933
23.0771	56.6239	4.83975	0.0340365
20.7355	60.8826	0.127957	4.60612
17.2808	59.0298	4.77358	0.0789119
20.3936	58.6582	4.78986	0.0749281
17.0264	56.2438	4.90361	0.0320518
19.0553	52.3495	4.91394	0.00904205
20.0518	56.4338	4.88489	0.0349359
6.30769	36.8646	4.99184	0.00101223
6.24038	39.6081	4.99161	0.00110375
3.19231	36.8646	4.99612	0.0010167
9.49534	33.1714	4.98694	0.000931976
9.42308	36.8646	4.97876	0.00100736
6.43263	33.3637	4.99425	0.000942095
6.31731	42.7435	4.99233	0.00138906
3.125	40	4.99584	0.00112442
6.24038	39.6081	4.99161	0.00110375
9.4375	42.5475	4.98228	0.00139664
12.5	40	4.93227	0.00111822
12.5577	42.3516	4.95365	0.00137908
6.30769	36.8646	4.99184	0.00101223
9.36058	39.4121	4.97792	0.00109805
6.24038	39.6081	4.99161	0.00110375
9.42308	36.8646	4.97876	0.00100736
12.5385	36.8646	4.93779	0.000996471
9.36058	39.4121	4.97792	0.00109805
15.8122	34.7222	4.90411	0.000930969
12.5385	36.8646	4.93779	0.000996471
12.7112	34.5275	4.96018	0.000942788
9.4375	42.5475	4.98228	0.00139664
12.5577	42.3516	4.95365	0.00137908
9.61019	45.6673	4.98759	0.00189456
6.24038	39.6081	4.99161	0.00110375
9.4375	42.5475	4.98228	0.00139664
6.31731	42.7435	4.99233	0.00138906
9.36058	39.4121	4.97792	0.00109805
12.5	40	4.93227	0.00111822
9.4375	42.5475	4.98228	0.00139664
15.601	39.0202	0.244139	0.0010761
12.5	40	4.93227	0.00111822
12.5385	36.8646	4.93779	0.000996471
15.601	39.0202	0.244139	0.0010761
15.6779	42.1556	4.87951	0.00137715
12.5	40	4.93227	0.00111822
6.48041	46.2515	4.9919	0.00206074
6.76709	49.3292	4.98774	0.00354917
3.72828	49.3292	4.98965	0.0033465
6.31731	42.7435	4.99233	0.00138906
6.48041	46.2515	4.9919	0.00206074
3.39381	46.2515	4.99428	0.0019747
9.61019	45.6673	4.98759	0.00189456
6.76709	49.3292	4.98774	0.00354917
6.48041	46.2515	4.9919	0.00206074
12.7118	50.0843	4.97885	0.00493128
9.70619	49.8955	4.98301	0.0043218
11.1799	48.0735	4.9825	0.00318424
3.19711	42.9395	4.99551	0.00141056
0.076922	43.1354	4.99616	0.00143394
-3.10282e-28	40	4.9968	0.00119564
6.31731	42.7435	4.99233	0.00138906
3.19711	42.9395	4.99551	0.00141056
3.125	40	4.99584	0.00112442
3.39381	46.2515	4.99428	0.0019747
0.307214	46.2515	4.99501	0.00190938
3.19711	42.9395	4.99551	0.00141056
45.0204	55.2938	4.92751	0.00511362
41.9404	55.2938	4.91288	0.00597855
42.834	52.3495	4.94531	0.002941
48.1005	55.2938	4.94084	0.00425096
45.0204	55.2938	4.92751	0.00511362
45.8487	52.5335	4.95959	0.00270272
44.2548	57.954	4.83324	0.0108797
41.9404	55.2938	4.91288	0.00597855
45.0204	55.2938	4.92751	0.00511362
46.3226	60.8826	0.145913	0.0206556
44.2548	57.954	4.83324	0.0108797
47.2801	58.144	4.85836	0.00889337
41.4664	58.5091	4.78967	0.0144898
38.8603	55.2938	4.89288	0.00701021
41.9404	55.2938	4.91288	0.00597855
27.9723	52.3495	4.87143	0.00791122
28.0388	49.3292	4.90975	0.00358313
30.9447	52.3495	4.86697	0.00659185
19.0553	52.3495	4.91394	0.00904205
21.7285	50.6506	0.260816	0.00522615
22.4091	54.0056	4.85898	0.0153933
25	46.2515	4.93561	0.0019337
28.0388	49.3292	4.90975	0.00358313
24.7341	50.8393	4.87483	0.00541835
21.7285	50.6506	0.260816	0.00522615
21.7462	47.598	4.90853	0.00242233
24.7341	50.8393	4.87483	0.00541835
15.6779	42.1556	4.87951	0.00137715
17.2523	44.2036	4.90036	0.00170357
14.1489	44.3016	4.95053	0.00172802
22.0142	44.8882	4.91572	0.00168823
18.8268	46.2515	4.93333	0.00209626
18.7981	41.9596	0.236721	0.00133485
15.8835	49.3292	4.96897	0.00412311
12.6536	46.2515	4.97573	0.00216626
15.7402	46.2515	4.95635	0.0023151
17.0264	56.2438	4.90361	0.0320518
16.083	52.3495	4.95923	0.00933724
19.0553	52.3495	4.91394	0.00904205
4.19365	52.3495	4.97617	0.00694733
7.16598	52.3495	4.97293	0.00739558
4.92487	55.4838	4.93457	0.0176472
21.9183	41.7637	4.85217	0.00126115
25	43.1354	4.91251	0.00133255
22.0142	44.8882	4.91572	0.00168823
28.125	40	4.8417	0.000934041
25	40	4.87167	0.000984166
28.1154	36.8646	4.86297	0.000846568
25	30.6708	4.92915	0.000844076
25.1151	35.3065	0.252758	0.000878935
21.9134	33.7485	0.262031	0.00089491
31.3171	35.696	4.89512	0.000810535
28.0866	33.7485	4.91224	0.000832804
30.9343	31.8249	4.96555	0.000828968
28.1154	36.8646	4.86297	0.000846568
25.1151	35.3065	0.252758	0.000878935
28.0866	33.7485	4.91224	0.000832804
33.7508	28.5944	4.99024	0.000847096
37.1553	30.6708	4.98611	0.000853012
33.997	31.6326	4.97542	0.000835454
21.8846	36.8646	4.80807	0.000934691
21.9014	39.3141	0.239692	0.00103442
18.7212	38.8242	0.207904	0.00104826
28.1154	36.8646	4.86297	0.000846568
25	40	4.87167	0.000984166
25.1151	35.3065	0.252758	0.000878935
28.125	40	4.8417	0.000934041
28.1154	43.1354	4.85835	0.00125411
25	40	4.87167	0.000984166
3.72828	49.3292	4.98965	0.0033465
1.22131	52.3495	4.97971	0.00620081
0.68946	49.3292	4.99092	0.00310548
0.307214	46.2515	4.99501	0.00190938
3.39381	46.2515	4.99428	0.0019747
0.68946	49.3292	4.99092	0.00310548
11.1799	48.0735	4.9825	0.00318424
12.6536	46.2515	4.97573	0.00216626
12.7118	50.0843	4.97885	0.00493128
9.61019	45.6673	4.98759	0.00189456
11.1799	48.0735	4.9825	0.00318424
9.70619	49.8955	4.98301	0.0043218
9.61019	45.6673	4.98759	0.00189456
12.6536	46.2515	4.97573	0.00216626
11.1799	48.0735	4.9825	0.00318424
31.3817	62.6228	0.0404893	4.51993
34.1521	62.7968	0.0476689	4.44575
33.1516	65.9587	0.0175396	0.0654955
26.9568	67.2765	0.0132492	0.082648
28.4106	64.5496	0.0277292	0.0955738
30.4344	65.9587	0.0171504	0.0770864
29.839	59.2394	0.1133	0.0574334
33.5519	59.0383	0.124364	0.0392189
31.3817	62.6228	0.0404893	4.51993
28.6113	62.4488	0.0502777	0.100353
29.839	59.2394	0.1133	0.0574334
31.3817	62.6228	0.0404893	4.51993
20.7355	60.8826	0.127957	4.60612
24.0253	59.6046	4.69984	0.0818252
23.0704	62.1007	0.0821474	0.137477
25.6371	53.0665	0.266011	0.011516
24.7341	50.8393	4.87483	0.00541835
27.9723	52.3495	4.87143	0.00791122
22.4091	54.0056	4.85898	0.0153933
25.6371	53.0665	0.266011	0.011516
26.54	55.2938	0.232789	0.0218748
22.4091	54.0056	4.85898	0.0153933
24.7341	50.8393	4.87483	0.00541835
25.6371	53.0665	0.266011	0.011516
29.6201	55.2938	4.79906	0.0162429
31.8745	54.2817	4.82701	0.0111031
32.1533	57.1939	0.168677	0.0263351
34.2598	46.2515	0.15315	0.0015331
34.3294	43.6157	0.132998	0.00113598
37.3464	46.2515	0.161978	0.00139395
31.1732	46.2515	4.78531	0.00174764
34.2598	46.2515	0.15315	0.0015331
34.1165	49.3292	0.2087	0.0025174
34.2598	46.2515	0.15315	0.0015331
31.226	43.7137	0.1875	0.00124136
34.3294	43.6157	0.132998	0.00113598
35.6527	58.8743	4.67718	0.0274645
38.5596	58.6917	4.75731	0.0170837
37.7936	60.8826	0.105378	0.028619
33.5519	59.0383	0.124364	0.0392189
35.6527	58.8743	4.67718	0.0274645
34.9506	60.8826	0.0847643	0.0526248
35.7802	55.2938	4.85047	0.00915465
38.5596	58.6917	4.75731	0.0170837
35.6527	58.8743	4.67718	0.0274645
42.43	63.669	0.0539456	4.35342
43.4796	60.8826	0.123723	0.0294627
45.2338	63.4929	0.0690594	0.0448591
6.48041	46.2515	4.9919	0.00206074
6.31731	42.7435	4.99233	0.00138906
9.61019	45.6673	4.98759	0.00189456
0.68946	49.3292	4.99092	0.00310548
3.39381	46.2515	4.99428	0.0019747
3.72828	49.3292	4.98965	0.0033465
0.307214	46.2515	4.99501	0.00190938
0.076922	43.1354	4.99616	0.00143394
3.19711	42.9395	4.99551	0.00141056
6.4478	61.0566	0.121639	0.0820651
4.76616	63.4929	0.0711546	0.116818
3.67737	60.8826	0.152841	4.45715
5.69054	58.144	4.83401	0.0409469
6.4478	61.0566	0.121639	0.0820651
3.67737	60.8826	0.152841	4.45715
9.3634	60.8826	0.118024	0.0793932
10.1618	63.4929	0.0518726	0.114112
7.464	63.4929	0.0586839	4.59092
14.6026	58.144	4.81504	0.0542115
15.0494	60.8826	0.118292	0.106708
12.3979	60.3349	0.134554	4.4779
14.2198	55.2938	4.92699	0.0223233
14.6026	58.144	4.81504	0.0542115
11.6319	58.144	4.81123	0.0486492
14.2198	55.2938	4.92699	0.0223233
17.0264	56.2438	4.90361	0.0320518
14.6026	58.144	4.81504	0.0542115
7.464	63.4929	0.0586839	4.59092
5.97957	65.9587	0.0359874	4.64314
4.76616	63.4929	0.0711546	0.116818
11.414	65.9587	0.0255821	4.55692
13.846	66.4528	0.0209797	0.103255
12.3644	68.2649	0.0131617	0.0731275
10.1618	63.4929	0.0518726	0.114112
11.414	65.9587	0.0255821	4.55692
8.78345	65.7825	0.0297169	4.61254
12.8597	63.4929	0.0513088	0.11333
15.5575	63.4929	0.0558195	4.62846
13.846	66.4528	0.0209797	0.103255
10.1618	63.4929	0.0518726	0.114112
12.8597	63.4929	0.0513088	0.11333
11.414	65.9587	0.0255821	4.55692
10.1618	63.4929	0.0518726	0.114112
12.3979	60.3349	0.134554	4.4779
12.8597	63.4929	0.0513088	0.11333
9.83732	68.2649	0.0148636	0.086986
7.31021	68.2649	0.0187875	0.109225
8.78345	65.7825	0.0297169	4.61254
31.8745	54.2817	4.82701	0.0111031
30.9447	52.3495	4.86697	0.00659185
34.1289	53.2696	4.85074	0.00665001
35.7802	55.2938	4.85047	0.00915465
31.8745	54.2817	4.82701	0.0111031
34.1289	53.2696	4.85074	0.00665001
29.6201	55.2938	4.79906	0.0162429
30.9447	52.3495	4.86697	0.00659185
31.8745	54.2817	4.82701	0.0111031
29.839	59.2394	0.1133	0.0574334
26.4853	58.144	4.72083	0.0526128
29.6201	55.2938	4.79906	0.0162429
33.5519	59.0383	0.124364	0.0392189
29.839	59.2394	0.1133	0.0574334
32.1533	57.1939	0.168677	0.0263351
35.7802	55.2938	4.85047	0.00915465
33.5519	59.0383	0.124364	0.0392189
32.1533	57.1939	0.168677	0.0263351
34.9506	60.8826	0.0847643	0.0526248
31.3817	62.6228	0.0404893	4.51993
33.5519	59.0383	0.124364	0.0392189
28.6113	62.4488	0.0502777	0.100353
26.4215	60.8826	0.0977783	4.53341
29.839	59.2394	0.1133	0.0574334
26.54	55.2938	0.232789	0.0218748
27.9723	52.3495	4.87143	0.00791122
29.6201	55.2938	4.79906	0.0162429
25.6371	53.0665	0.266011	0.011516
27.9723	52.3495	4.87143	0.00791122
26.54	55.2938	0.232789	0.0218748
24.7341	50.8393	4.87483	0.00541835
28.0388	49.3292	4.90975	0.00358313
27.9723	52.3495	4.87143	0.00791122
22.5483	72.3429	0.0037888	0.0396106
23.75	70.3973	0.00606345	0.0601414
25	72.3429	0.00358979	0.0299415
23.0327	74.7883	0.00228716	0.0174317
22.5483	72.3429	0.0037888	0.0396106
25	72.3429	0.00358979	0.0299415
21.4331	74.0896	0.00266194	0.0223794
19.0551	74.0896	0.0028167	0.0211831
20.0967	72.3429	0.00397514	0.0388585
19.0904	66.7823	0.0193723	0.137894
22.2828	65.9587	0.0227722	4.66645
21.8037	69.5771	0.00771419	4.51206
24.3347	67.1118	0.0150977	0.11436
23.75	70.3973	0.00606345	0.0601414
21.8037	69.5771	0.00771419	4.51206
27.0253	69.2491	0.00760427	0.0561598
30.0542	68.2649	0.00959836	4.40373
28.75	70.3973	0.00561577	0.0408551
25.6067	64.7258	0.0301245	4.60645
28.4106	64.5496	0.0277292	0.0955738
26.9568	67.2765	0.0132492	0.082648
22.2828	65.9587	0.0227722	4.66645
25.6067	64.7258	0.0301245	4.60645
24.3347	67.1118	0.0150977	0.11436
23.0704	62.1007	0.0821474	0.137477
26.4215	60.8826	0.0977783	4.53341
25.6067	64.7258	0.0301245	4.60645
30.4344	65.9587	0.0171504	0.0770864
30.0542	68.2649	0.00959836	4.40373
26.9568	67.2765	0.0132492	0.082648
28.6113	62.4488	0.0502777	0.100353
31.3817	62.6228	0.0404893	4.51993
28.4106	64.5496	0.0277292	0.0955738
25.6067	64.7258	0.0301245	4.60645
28.6113	62.4488	0.0502777	0.100353
28.4106	64.5496	0.0277292	0.0955738
26.4215	60.8826	0.0977783	4.53341
26.4853	58.144	4.72083	0.0526128
29.839	59.2394	0.1133	0.0574334
25.6067	64.7258	0.0301245	4.60645
26.4215	60.8826	0.0977783	4.53341
28.6113	62.4488	0.0502777	0.100353
24.0253	59.6046	4.69984	0.0818252
23.0771	56.6239	4.83975	0.0340365
26.4853	58.144	4.72083	0.0526128
33.1516	65.9587	0.0175396	0.0654955
34.8233	67.7707	0.0115078	0.0471749
32.2468	68.921	0.00776296	0.0452502
31.3817	62.6228	0.0404893	4.51993
33.1516	65.9587	0.0175396	0.0654955
30.4344	65.9587	0.0171504	0.0770864
34.1521	62.7968	0.0476689	4.44575
35.8688	65.9587	0.0196683	0.0540218
33.1516	65.9587	0.0175396	0.0654955
32.355	72.3429	0.00361821	0.0189919
33.75	70.3973	0.00569611	0.0274876
34.8066	72.3429	0.00396308	0.0179869
29.3832	76.0659	0.00189879	0.00904916
28.5669	74.0896	0.00251431	0.014556
30.9297	73.8705	0.00266231	0.0138803
31.0572	70.658	0.00511922	0.0335011
33.75	70.3973	0.00569611	0.0274876
32.355	72.3429	0.00361821	0.0189919
29.9033	72.3429	0.00353549	0.0219102
31.0572	70.658	0.00511922	0.0335011
32.355	72.3429	0.00361821	0.0189919
28.4106	64.5496	0.0277292	0.0955738
31.3817	62.6228	0.0404893	4.51993
30.4344	65.9587	0.0171504	0.0770864
24.3347	67.1118	0.0150977	0.11436
25.6067	64.7258	0.0301245	4.60645
26.9568	67.2765	0.0132492	0.082648
23.0704	62.1007	0.0821474	0.137477
24.0253	59.6046	4.69984	0.0818252
26.4215	60.8826	0.0977783	4.53341
30.4344	65.9587	0.0171504	0.0770864
32.2468	68.921	0.00776296	0.0452502
30.0542	68.2649	0.00959836	4.40373
34.8233	67.7707	0.0115078	0.0471749
33.75	70.3973	0.00569611	0.0274876
32.2468	68.921	0.00776296	0.0452502
43.2329	49.3292	4.93157	0.00174408
40.1224	48.7521	4.86031	0.00169997
40.433	46.2515	4.79746	0.00126776
48.7787	52.3495	4.96707	0.0023467
45.8487	52.5335	4.95959	0.00270272
46.2717	49.3292	4.95944	0.00163877
42.834	52.3495	4.94531	0.002941
40.1224	48.7521	4.86031	0.00169997
43.2329	49.3292	4.93157	0.00174408
47.2801	58.144	4.85836	0.00889337
44.2548	57.954	4.83324	0.0108797
45.0204	55.2938	4.92751	0.00511362
38.8603	55.2938	4.89288	0.00701021
35.7802	55.2938	4.85047	0.00915465
36.7564	51.5944	3.84647	0.00271129
41.9404	55.2938	4.91288	0.00597855
38.8603	55.2938	4.89288	0.00701021
39.8617	52.3495	4.91343	0.00340716
45.8487	52.5335	4.95959	0.00270272
45.0204	55.2938	4.92751	0.00511362
42.834	52.3495	4.94531	0.002941
41.4664	58.5091	4.78967	0.0144898
40.6366	60.8826	0.115656	0.029557
38.5596	58.6917	4.75731	0.0170837
44.2548	57.954	4.83324	0.0108797
41.4664	58.5091	4.78967	0.0144898
41.9404	55.2938	4.91288	0.00597855
44.2548	57.954	4.83324	0.0108797
43.4796	60.8826	0.123723	0.0294627
41.4664	58.5091	4.78967	0.0144898
38.5596	58.6917	4.75731	0.0170837
35.7802	55.2938	4.85047	0.00915465
38.8603	55.2938	4.89288	0.00701021
6.31731	42.7435	4.99233	0.00138906
3.39381	46.2515	4.99428	0.0019747
3.19711	42.9395	4.99551	0.00141056
45.8487	52.5335	4.95959	0.00270272
42.834	52.3495	4.94531	0.002941
43.2329	49.3292	4.93157	0.00174408
48.1005	55.2938	4.94084	0.00425096
45.8487	52.5335	4.95959	0.00270272
48.7787	52.3495	4.96707	0.0023467
48.1005	55.2938	4.94084	0.00425096
47.2801	58.144	4.85836	0.00889337
45.0204	55.2938	4.92751	0.00511362
37.7936	60.8826	0.105378	0.028619
38.5596	58.6917	4.75731	0.0170837
40.6366	60.8826	0.115656	0.029557
41.3032	65.9587	0.0268047	0.0427948
39.6261	63.8451	0.04434	0.0413209
42.43	63.669	0.0539456	4.35342
34.9506	60.8826	0.0847643	0.0526248
35.6527	58.8743	4.67718	0.0274645
37.7936	60.8826	0.105378	0.028619
31.3817	62.6228	0.0404893	4.51993
34.9506	60.8826	0.0847643	0.0526248
34.1521	62.7968	0.0476689	4.44575
33.5519	59.0383	0.124364	0.0392189
35.7802	55.2938	4.85047	0.00915465
35.6527	58.8743	4.67718	0.0274645
31.8745	54.2817	4.82701	0.0111031
35.7802	55.2938	4.85047	0.00915465
32.1533	57.1939	0.168677	0.0263351
34.1165	49.3292	0.2087	0.0025174
34.2598	46.2515	0.15315	0.0015331
37.0597	48.5598	0.201387	0.00196087
28.0388	49.3292	4.90975	0.00358313
31.0776	49.3292	4.84897	0.00319923
30.9447	52.3495	4.86697	0.00659185
28.0388	49.3292	4.90975	0.00358313
25	46.2515	4.93561	0.0019337
28.0866	46.2515	4.89874	0.00189256
36.7564	51.5944	3.84647	0.00271129
35.7802	55.2938	4.85047	0.00915465
34.1289	53.2696	4.85074	0.00665001
30.9447	52.3495	4.86697	0.00659185
31.0776	49.3292	4.84897	0.00319923
34.1165	49.3292	0.2087	0.0025174
40.1224	48.7521	4.86031	0.00169997
42.834	52.3495	4.94531	0.002941
39.8617	52.3495	4.91343	0.00340716
39.8617	52.3495	4.91343	0.00340716
42.834	52.3495	4.94531	0.002941
41.9404	55.2938	4.91288	0.00597855
36.7564	51.5944	3.84647	0.00271129
39.8617	52.3495	4.91343	0.00340716
38.8603	55.2938	4.89288	0.00701021
36.7564	51.5944	3.84647	0.00271129
40.1224	48.7521	4.86031	0.00169997
39.8617	52.3495	4.91343	0.00340716
18.9224	49.3292	4.92274	0.00378811
19.0553	52.3495	4.91394	0.00904205
16.083	52.3495	4.95923	0.00933724
15.7402	46.2515	4.95635	0.0023151
18.8268	46.2515	4.93333	0.00209626
15.8835	49.3292	4.96897	0.00412311
21.7462	47.598	4.90853	0.00242233
25	46.2515	4.93561	0.0019337
24.7341	50.8393	4.87483	0.00541835
22.0108	14.5924	0.167958	0.000793085
19.9458	11.7351	0.126	0.000798
23.0432	12.7235	0.134962	0.000791459
17.645	7.6571	0.0703374	0.000818794
18.75	9.60269	0.0976091	0.000807963
16.5822	10.0948	4.66068	0.0008029
14.9215	7.36598	0.0782745	0.000828451
17.645	7.6571	0.0703374	0.000818794
16.5822	10.0948	4.66068	0.0008029
16.6772	5.91038	0.047798	0.000827021
19.0551	5.91038	0.0384157	0.000822341
17.645	7.6571	0.0703374	0.000818794
20.0967	7.6571	0.0517287	0.000812704
21.25	9.60269	0.0708998	0.00080174
18.75	9.60269	0.0976091	0.000807963
17.645	7.6571	0.0703374	0.000818794
19.0551	5.91038	0.0384157	0.000822341
20.0967	7.6571	0.0517287	0.000812704
24.1844	6.78374	0.0421538	0.000815648
26.189	5.91038	0.037367	0.000821869
25.4207	8.55507	0.075733	0.000806553
28.5669	5.91038	0.0414848	0.000822792
31.8199	4.37335	0.0300802	0.000826059
31.1316	6.34706	0.048156	0.000817331
26.9661	0.123895	0.0145513	0.000840622
28.4094	2.238	0.0185241	0.000837539
26.0648	3.0556	0.0194246	0.00083492
28.9198	0.494728	0.016931	0.000839183
30.8485	1.10996	0.0192326	0.000836779
28.4094	2.238	0.0185241	0.000837539
31.25	9.60269	0.125727	0.000800992
33.75	9.60269	0.106259	0.000795979
32.5813	11.7351	4.7521	0.000781596
30.9096	13.2177	4.8524	0.000782917
29.636	10.915	4.73394	0.000785311
32.5813	11.7351	4.7521	0.000781596
32.355	7.6571	0.0663905	0.000807821
33.4473	6.2015	0.0447107	0.000812338
34.9468	7.95642	0.0676083	0.00079901
29.9033	7.6571	0.0720335	0.000811938
32.355	7.6571	0.0663905	0.000807821
31.25	9.60269	0.125727	0.000800992
31.1316	6.34706	0.048156	0.000817331
31.8199	4.37335	0.0300802	0.000826059
33.4473	6.2015	0.0447107	0.000812338
29.9033	7.6571	0.0720335	0.000811938
31.1316	6.34706	0.048156	0.000817331
32.355	7.6571	0.0663905	0.000807821
29.9033	7.6571	0.0720335	0.000811938
28.5669	5.91038	0.0414848	0.000822792
31.1316	6.34706	0.048156	0.000817331
28.5669	5.91038	0.0414848	0.000822792
29.9033	7.6571	0.0720335	0.000811938
27.8022	8.40541	0.0899965	0.000808729
25	4.37335	0.0245364	0.000828786
27.2733	4.37335	0.0269073	0.00083027
26.189	5.91038	0.037367	0.000821869
27.2733	4.37335	0.0269073	0.00083027
30.3241	3.0556	0.0223048	0.000833886
28.5669	5.91038	0.0414848	0.000822792
31.1316	6.34706	0.048156	0.000817331
33.4473	6.2015	0.0447107	0.000812338
32.355	7.6571	0.0663905	0.000807821
27.2733	4.37335	0.0269073	0.00083027
28.4094	2.238	0.0185241	0.000837539
30.3241	3.0556	0.0223048	0.000833886
26.189	5.91038	0.037367	0.000821869
27.2733	4.37335	0.0269073	0.00083027
28.5669	5.91038	0.0414848	0.000822792
26.0648	3.0556	0.0194246	0.00083492
28.4094	2.238	0.0185241	0.000837539
27.2733	4.37335	0.0269073	0.00083027
29.636	10.915	4.73394	0.000785311
29.9033	7.6571	0.0720335	0.000811938
31.25	9.60269	0.125727	0.000800992
25.4207	8.55507	0.075733	0.000806553
27.8022	8.40541	0.0899965	0.000808729
27.0253	10.7509	4.6887	0.000785392
25.4207	8.55507	0.075733	0.000806553
26.189	5.91038	0.037367	0.000821869
27.8022	8.40541	0.0899965	0.000808729
26.3489	16.5071	4.88339	0.000787098
24.3933	15.2742	0.215524	0.000793647
25.6653	12.8882	4.74462	0.000779831
30.3241	3.0556	0.0223048	0.000833886
31.8199	4.37335	0.0300802	0.000826059
28.5669	5.91038	0.0414848	0.000822792
30.8485	1.10996	0.0192326	0.000836779
30.3241	3.0556	0.0223048	0.000833886
28.4094	2.238	0.0185241	0.000837539
30.8485	1.10996	0.0192326	0.000836779
32.7403	1.96546	0.0230322	0.00083096
30.3241	3.0556	0.0223048	0.000833886
30.3241	3.0556	0.0223048	0.000833886
32.7403	1.96546	0.0230322	0.00083096
31.8199	4.37335	0.0300802	0.000826059
23.9352	3.0556	0.0186548	0.000833153
25	4.37335	0.0245364	0.000828786
22.7267	4.37335	0.0233771	0.000827326
26.9661	0.123895	0.0145513	0.000840622
26.0648	3.0556	0.0194246	0.00083492
25.0248	1.47661	0.01551	0.000837855
26.9661	0.123895	0.0145513	0.000840622
28.9198	0.494728	0.016931	0.000839183
28.4094	2.238	0.0185241	0.000837539
25.0248	1.47661	0.01551	0.000837855
25	-8.70219e-28	0.0145962	0.000838916
26.9661	0.123895	0.0145513	0.000840622
23.9352	3.0556	0.0186548	0.000833153
25.0248	1.47661	0.01551	0.000837855
26.0648	3.0556	0.0194246	0.00083492
23.9352	3.0556	0.0186548	0.000833153
23.0835	1.59882	0.0156579	0.000836041
25.0248	1.47661	0.01551	0.000837855
32.7403	1.96546	0.0230322	0.00083096
34.5833	3.0556	0.0281979	0.000821582
31.8199	4.37335	0.0300802	0.000826059
25	4.37335	0.0245364	0.000828786
26.0648	3.0556	0.0194246	0.00083492
27.2733	4.37335	0.0269073	0.00083027
24.1844	6.78374	0.0421538	0.000815648
25	4.37335	0.0245364	0.000828786
26.189	5.91038	0.037367	0.000821869
23.9352	3.0556	0.0186548	0.000833153
26.0648	3.0556	0.0194246	0.00083492
25	4.37335	0.0245364	0.000828786
21.913	2.6468	0.0178905	0.000833036
23.9352	3.0556	0.0186548	0.000833153
22.7267	4.37335	0.0233771	0.000827326
23.0835	1.59882	0.0156579	0.000836041
23.0339	0.123895	0.0145603	0.000837425
25.0248	1.47661	0.01551	0.000837855
21.913	2.6468	0.0178905	0.000833036
23.0835	1.59882	0.0156579	0.000836041
23.9352	3.0556	0.0186548	0.000833153
21.4331	5.91038	0.0325278	0.000819842
20.4534	4.37335	0.025175	0.000827094
22.7267	4.37335	0.0233771	0.000827326
19.7476	2.78306	0.0206033	0.000831759
21.0802	0.494728	0.0155718	0.000835672
21.913	2.6468	0.0178905	0.000833036
23.0339	0.123895	0.0145603	0.000837425
25	-8.70219e-28	0.0145962	0.000838916
25.0248	1.47661	0.01551	0.000837855
33.4473	6.2015	0.0447107	0.000812338
34.5833	3.0556	0.0281979	0.000821582
35.7008	5.91038	0.0458703	0.000805142
36.3664	4.37335	0.0405236	0.00080844
35.7008	5.91038	0.0458703	0.000805142
34.5833	3.0556	0.0281979	0.000821582
23.5785	19.1174	4.91187	0.00079637
26.3489	16.5071	4.88339	0.000787098
26.4215	19.1174	4.94524	0.000800104
23.0771	23.3761	4.97838	0.000819825
25.3391	26.1784	4.98091	0.000831716
22.0277	27.6505	4.97289	0.000840087
29.636	10.915	4.73394	0.000785311
27.8022	8.40541	0.0899965	0.000808729
29.9033	7.6571	0.0720335	0.000811938
29.636	10.915	4.73394	0.000785311
27.0253	10.7509	4.6887	0.000785392
27.8022	8.40541	0.0899965	0.000808729
32.5813	11.7351	4.7521	0.000781596
29.636	10.915	4.73394	0.000785311
31.25	9.60269	0.125727	0.000800992
28.2875	13.053	4.83626	0.000782026
27.0253	10.7509	4.6887	0.000785392
29.636	10.915	4.73394	0.000785311
23.0432	12.7235	0.134962	0.000791459
25.6653	12.8882	4.74462	0.000779831
24.3933	15.2742	0.215524	0.000793647
24.4145	10.5869	0.113529	0.000796572
25.4207	8.55507	0.075733	0.000806553
27.0253	10.7509	4.6887	0.000785392
23.0432	12.7235	0.134962	0.000791459
24.4145	10.5869	0.113529	0.000796572
25.6653	12.8882	4.74462	0.000779831
23.0432	12.7235	0.134962	0.000791459
21.25	9.60269	0.0708998	0.00080174
24.4145	10.5869	0.113529	0.000796572
24.1844	6.78374	0.0421538	0.000815648
22.5483	7.6571	0.0465809	0.000810289
21.4331	5.91038	0.0325278	0.000819842
25	4.37335	0.0245364	0.000828786
24.1844	6.78374	0.0421538	0.000815648
22.7267	4.37335	0.0233771	0.000827326
25.4207	8.55507	0.075733	0.000806553
24.4145	10.5869	0.113529	0.000796572
22.5483	7.6571	0.0465809	0.000810289
24.4145	10.5869	0.113529	0.000796572
21.25	9.60269	0.0708998	0.00080174
22.5483	7.6571	0.0465809	0.000810289
19.5656	14.0413	0.184909	0.000798023
20.9532	16.5071	0.225007	0.000799231
18.2554	16.5071	4.86356	0.000795127
19.9458	11.7351	0.126	0.000798
19.5656	14.0413	0.184909	0.000798023
17.7988	12.3941	4.73828	0.000792851
18.75	9.60269	0.0976091	0.000807963
19.9458	11.7351	0.126	0.000798
17.7988	12.3941	4.73828	0.000792851
21.25	9.60269	0.0708998	0.00080174
23.0432	12.7235	0.134962	0.000791459
19.9458	11.7351	0.126	0.000798
22.0108	14.5924	0.167958	0.000793085
20.9532	16.5071	0.225007	0.000799231
19.5656	14.0413	0.184909	0.000798023
19.9458	11.7351	0.126	0.000798
22.0108	14.5924	0.167958	0.000793085
19.5656	14.0413	0.184909	0.000798023
23.0432	12.7235	0.134962	0.000791459
24.3933	15.2742	0.215524	0.000793647
22.0108	14.5924	0.167958	0.000793085
17.7548	18.7251	4.93481	0.000805601
20.7355	19.1174	4.90855	0.00079845
17.2541	20.9431	4.97025	0.000817353
16.8484	14.0413	4.83722	0.000797201
18.2554	16.5071	4.86356	0.000795127
15.9817	15.8026	4.90595	0.000804246
20.9532	16.5071	0.225007	0.000799231
20.7355	19.1174	4.90855	0.00079845
18.2554	16.5071	4.86356	0.000795127
14.9215	7.36598	0.0782745	0.000828451
16.5822	10.0948	4.66068	0.0008029
13.513	9.30337	0.134337	0.000830325
12.6058	7.51154	0.0909456	0.000834253
14.9215	7.36598	0.0782745	0.000828451
13.513	9.30337	0.134337	0.000830325
13.6336	4.37335	0.0472122	0.000833135
15.4167	3.0556	0.0328642	0.000832031
16.6772	5.91038	0.047798	0.000827021
19.7476	2.78306	0.0206033	0.000831759
19.1515	1.10996	0.0191841	0.000833288
21.0802	0.494728	0.0155718	0.000835672
20.4534	4.37335	0.025175	0.000827094
19.0551	5.91038	0.0384157	0.000822341
18.1801	4.37335	0.0301807	0.000828598
21.913	2.6468	0.0178905	0.000833036
20.4534	4.37335	0.025175	0.000827094
19.7476	2.78306	0.0206033	0.000831759
21.4331	5.91038	0.0325278	0.000819842
19.0551	5.91038	0.0384157	0.000822341
20.4534	4.37335	0.025175	0.000827094
24.1844	6.78374	0.0421538	0.000815648
21.4331	5.91038	0.0325278	0.000819842
22.7267	4.37335	0.0233771	0.000827326
20.0967	7.6571	0.0517287	0.000812704
19.0551	5.91038	0.0384157	0.000822341
21.4331	5.91038	0.0325278	0.000819842
20.4534	4.37335	0.025175	0.000827094
18.1801	4.37335	0.0301807	0.000828598
19.7476	2.78306	0.0206033	0.000831759
23.0835	1.59882	0.0156579	0.000836041
21.0802	0.494728	0.0155718	0.000835672
23.0339	0.123895	0.0145603	0.000837425
27.8022	8.40541	0.0899965	0.000808729
26.189	5.91038	0.037367	0.000821869
28.5669	5.91038	0.0414848	0.000822792
25.6653	12.8882	4.74462	0.000779831
24.4145	10.5869	0.113529	0.000796572
27.0253	10.7509	4.6887	0.000785392
22.5483	7.6571	0.0465809	0.000810289
20.0967	7.6571	0.0517287	0.000812704
21.4331	5.91038	0.0325278	0.000819842
25.4207	8.55507	0.075733	0.000806553
22.5483	7.6571	0.0465809	0.000810289
24.1844	6.78374	0.0421538	0.000815648
21.25	9.60269	0.0708998	0.00080174
20.0967	7.6571	0.0517287	0.000812704
22.5483	7.6571	0.0465809	0.000810289
14.9215	7.36598	0.0782745	0.000828451
16.6772	5.91038	0.047798	0.000827021
17.645	7.6571	0.0703374	0.000818794
21.913	2.6468	0.0178905	0.000833036
21.0802	0.494728	0.0155718	0.000835672
23.0835	1.59882	0.0156579	0.000836041
37.3284	7.80676	0.0722327	0.000792443
38.0788	5.91038	0.0574831	0.000796219
39.7099	7.6571	0.0922424	0.000788101
33.4473	6.2015	0.0447107	0.000812338
35.7008	5.91038	0.0458703	0.000805142
34.9468	7.95642	0.0676083	0.00079901
33.75	9.60269	0.106259	0.000795979
32.355	7.6571	0.0663905	0.000807821
34.9468	7.95642	0.0676083	0.00079901
31.8199	4.37335	0.0300802	0.000826059
34.5833	3.0556	0.0281979	0.000821582
33.4473	6.2015	0.0447107	0.000812338
36.3664	4.37335	0.0405236	0.00080844
38.0788	5.91038	0.0574831	0.000796219
35.7008	5.91038	0.0458703	0.000805142
19.7476	2.78306	0.0206033	0.000831759
17.2597	1.96546	0.0241923	0.000832226
19.1515	1.10996	0.0191841	0.000833288
18.1801	4.37335	0.0301807	0.000828598
16.6772	5.91038	0.047798	0.000827021
15.4167	3.0556	0.0328642	0.000832031
19.7476	2.78306	0.0206033	0.000831759
18.1801	4.37335	0.0301807	0.000828598
17.2597	1.96546	0.0241923	0.000832226
19.0551	5.91038	0.0384157	0.000822341
16.6772	5.91038	0.047798	0.000827021
18.1801	4.37335	0.0301807	0.000828598
21.913	2.6468	0.0178905	0.000833036
22.7267	4.37335	0.0233771	0.000827326
20.4534	4.37335	0.025175	0.000827094
20.0967	7.6571	0.0517287	0.000812704
18.75	9.60269	0.0976091	0.000807963
17.645	7.6571	0.0703374	0.000818794
14.9215	7.36598	0.0782745	0.000828451
13.6336	4.37335	0.0472122	0.000833135
16.6772	5.91038	0.047798	0.000827021
32.355	7.6571	0.0663905	0.000807821
33.75	9.60269	0.106259	0.000795979
31.25	9.60269	0.125727	0.000800992
38.0788	5.91038	0.0574831	0.000796219
37.3284	7.80676	0.0722327	0.000792443
35.7008	5.91038	0.0458703	0.000805142
38.75	9.60269	0.121245	0.00078759
41.25	9.60269	0.166371	0.000788879
40.1627	11.7351	4.79466	0.000780844
36.25	9.60269	0.0998235	0.000790608
38.75	9.60269	0.121245	0.00078759
37.4683	11.4071	0.173551	0.000789183
39.7099	7.6571	0.0922424	0.000788101
41.25	9.60269	0.166371	0.000788879
38.75	9.60269	0.121245	0.00078759
15.4167	3.0556	0.0328642	0.000832031
17.2597	1.96546	0.0241923	0.000832226
18.1801	4.37335	0.0301807	0.000828598
44.0204	14.0413	4.94478	0.000805586
41.2166	14.2175	4.91959	0.000796854
42.6898	11.7351	4.86554	0.000787328
14.9215	7.36598	0.0782745	0.000828451
12.6058	7.51154	0.0909456	0.000834253
13.6336	4.37335	0.0472122	0.000833135
15.1767	12.2293	4.81294	0.000806378
12.5545	12.0646	4.82703	0.00081968
13.513	9.30337	0.134337	0.000830325
16.5822	10.0948	4.66068	0.0008029
17.7988	12.3941	4.73828	0.000792851
15.1767	12.2293	4.81294	0.000806378
14.1312	14.0413	4.89304	0.000812076
12.5545	12.0646	4.82703	0.00081968
15.1767	12.2293	4.81294	0.000806378
15.9817	15.8026	4.90595	0.000804246
14.7591	18.4213	4.961	0.000817819
13.1778	15.9788	4.94227	0.000819553
16.5822	10.0948	4.66068	0.0008029
18.75	9.60269	0.0976091	0.000807963
17.7988	12.3941	4.73828	0.000792851
22.0108	14.5924	0.167958	0.000793085
24.3933	15.2742	0.215524	0.000793647
20.9532	16.5071	0.225007	0.000799231
11.4404	21.3083	4.9884	0.000840695
12.2064	19.1174	4.9779	0.000831161
14.6026	21.856	4.98427	0.000831439
8.66123	21.856	4.99257	0.000849998
11.4404	21.3083	4.9884	0.000840695
10.9756	24.1362	4.99349	0.000852622
8.66123	21.856	4.99257	0.000849998
9.3634	19.1174	4.98421	0.000840938
11.4404	21.3083	4.9884	0.000840695
6.52038	19.1174	4.98843	0.000846986
7.464	16.5071	4.97353	0.00084053
9.3634	19.1174	4.98421	0.000840938
3.67737	19.1174	4.99139	0.000850342
6.52038	19.1174	4.98843	0.000846986
5.62671	21.6734	4.99426	0.000854819
3.67737	19.1174	4.99139	0.000850342
4.76616	16.5071	4.98108	0.000844108
6.52038	19.1174	4.98843	0.000846986
10.1618	16.5071	4.96412	0.000833367
12.2064	19.1174	4.9779	0.000831161
9.3634	19.1174	4.98421	0.000840938
5.97957	14.0413	4.95576	0.000838827
8.69678	14.0413	4.93507	0.000834479
7.464	16.5071	4.97353	0.00084053
11.414	14.0413	4.91515	0.00082542
13.1778	15.9788	4.94227	0.000819553
10.1618	16.5071	4.96412	0.000833367
15.1767	12.2293	4.81294	0.000806378
16.8484	14.0413	4.83722	0.000797201
14.1312	14.0413	4.89304	0.000812076
6.52038	19.1174	4.98843	0.000846986
9.3634	19.1174	4.98421	0.000840938
8.66123	21.856	4.99257	0.000849998
14.7591	18.4213	4.961	0.000817819
12.2064	19.1174	4.9779	0.000831161
13.1778	15.9788	4.94227	0.000819553
14.7591	18.4213	4.961	0.000817819
14.6026	21.856	4.98427	0.000831439
12.2064	19.1174	4.9779	0.000831161
12.6058	7.51154	0.0909456	0.000834253
11.9212	5.91038	0.0766365	0.00083484
13.6336	4.37335	0.0472122	0.000833135
11.25	9.60269	0.153721	0.000837898
12.6058	7.51154	0.0909456	0.000834253
13.513	9.30337	0.134337	0.000830325
10.2901	7.6571	0.115962	0.000838385
11.9212	5.91038	0.0766365	0.00083484
12.6058	7.51154	0.0909456	0.000834253
41.2166	14.2175	4.91959	0.000796854
40.1627	11.7351	4.79466	0.000780844
42.6898	11.7351	4.86554	0.000787328
35.1085	11.7351	0.179045	0.000790761
37.4683	11.4071	0.173551	0.000789183
35.6088	14.5697	4.87385	0.000786594
33.1516	14.0413	4.86997	0.000783979
35.1085	11.7351	0.179045	0.000790761
35.6088	14.5697	4.87385	0.000786594
32.5813	11.7351	4.7521	0.000781596
33.75	9.60269	0.106259	0.000795979
35.1085	11.7351	0.179045	0.000790761
37.3284	7.80676	0.0722327	0.000792443
39.7099	7.6571	0.0922424	0.000788101
38.75	9.60269	0.121245	0.00078759
36.25	9.60269	0.0998235	0.000790608
37.3284	7.80676	0.0722327	0.000792443
38.75	9.60269	0.121245	0.00078759
35.1085	11.7351	0.179045	0.000790761
36.25	9.60269	0.0998235	0.000790608
37.4683	11.4071	0.173551	0.000789183
34.9468	7.95642	0.0676083	0.00079901
37.3284	7.80676	0.0722327	0.000792443
36.25	9.60269	0.0998235	0.000790608
34.9468	7.95642	0.0676083	0.00079901
35.7008	5.91038	0.0458703	0.000805142
37.3284	7.80676	0.0722327	0.000792443
42.536	16.5071	4.96668	0.000817102
44.0204	14.0413	4.94478	0.000805586
45.2338	16.5071	4.97675	0.000825726
38.4127	14.3936	4.88732	0.000789779
41.2166	14.2175	4.91959	0.000796854
39.693	16.8552	4.95769	0.000809969
38.4127	14.3936	4.88732	0.000789779
37.4683	11.4071	0.173551	0.000789183
40.1627	11.7351	4.79466	0.000780844
10.2901	7.6571	0.115962	0.000838385
12.6058	7.51154	0.0909456	0.000834253
11.25	9.60269	0.153721	0.000837898
28.2875	13.053	4.83626	0.000782026
30.001	14.922	4.90622	0.000786589
26.3489	16.5071	4.88339	0.000787098
35.1085	11.7351	0.179045	0.000790761
33.1516	14.0413	4.86997	0.000783979
32.5813	11.7351	4.7521	0.000781596
30.001	14.922	4.90622	0.000786589
28.6113	17.5512	4.94086	0.00079564
26.3489	16.5071	4.88339	0.000787098
30.9096	13.2177	4.8524	0.000782917
30.001	14.922	4.90622	0.000786589
28.2875	13.053	4.83626	0.000782026
29.636	10.915	4.73394	0.000785311
30.9096	13.2177	4.8524	0.000782917
28.2875	13.053	4.83626	0.000782026
32.5813	11.7351	4.7521	0.000781596
33.1516	14.0413	4.86997	0.000783979
30.9096	13.2177	4.8524	0.000782917
31.7446	16.5071	4.93912	0.000794431
28.6113	17.5512	4.94086	0.00079564
30.001	14.922	4.90622	0.000786589
34.4425	16.5071	4.93793	0.00079661
31.7446	16.5071	4.93912	0.000794431
33.1516	14.0413	4.86997	0.000783979
34.4425	16.5071	4.93793	0.00079661
34.9506	19.1174	4.97377	0.000815079
32.1075	19.1174	4.97186	0.000810311
37.1403	16.5071	4.94114	0.000800732
34.4425	16.5071	4.93793	0.00079661
35.6088	14.5697	4.87385	0.000786594
37.1403	16.5071	4.94114	0.000800732
37.7936	19.1174	4.97611	0.000820968
34.9506	19.1174	4.97377	0.000815079
11.414	14.0413	4.91515	0.00082542
14.1312	14.0413	4.89304	0.000812076
13.1778	15.9788	4.94227	0.000819553
8.69678	14.0413	4.93507	0.000834479
9.93237	11.8999	4.84732	0.000829303
11.414	14.0413	4.91515	0.00082542
11.25	9.60269	0.153721	0.000837898
13.513	9.30337	0.134337	0.000830325
12.5545	12.0646	4.82703	0.00081968
10.2901	7.6571	0.115962	0.000838385
11.25	9.60269	0.153721	0.000837898
8.74996	9.60269	0.189604	0.000842657
13.513	9.30337	0.134337	0.000830325
16.5822	10.0948	4.66068	0.0008029
15.1767	12.2293	4.81294	0.000806378
9.93237	11.8999	4.84732	0.000829303
11.25	9.60269	0.153721	0.000837898
12.5545	12.0646	4.82703	0.00081968
11.414	14.0413	4.91515	0.00082542
9.93237	11.8999	4.84732	0.000829303
12.5545	12.0646	4.82703	0.00081968
8.69678	14.0413	4.93507	0.000834479
7.31021	11.7351	4.89034	0.000833897
9.93237	11.8999	4.84732	0.000829303
37.4683	11.4071	0.173551	0.000789183
38.4127	14.3936	4.88732	0.000789779
35.6088	14.5697	4.87385	0.000786594
42.536	16.5071	4.96668	0.000817102
43.4158	19.3	4.98689	0.00083783
40.5089	19.4825	4.98298	0.000830777
44.0204	14.0413	4.94478	0.000805586
42.536	16.5071	4.96668	0.000817102
41.2166	14.2175	4.91959	0.000796854
45.2338	16.5071	4.97675	0.000825726
43.4158	19.3	4.98689	0.00083783
42.536	16.5071	4.96668	0.000817102
40.5089	19.4825	4.98298	0.000830777
41.2294	22.236	4.99281	0.000848977
38.204	22.4261	4.99158	0.000842906
42.536	16.5071	4.96668	0.000817102
40.5089	19.4825	4.98298	0.000830777
39.693	16.8552	4.95769	0.000809969
43.4158	19.3	4.98689	0.00083783
41.2294	22.236	4.99281	0.000848977
40.5089	19.4825	4.98298	0.000830777
47.2801	21.856	4.99539	0.000859255
44.3095	21.856	4.99403	0.000853885
46.3226	19.1174	4.99004	0.000843693
38.4127	14.3936	4.88732	0.000789779
37.1403	16.5071	4.94114	0.000800732
35.6088	14.5697	4.87385	0.000786594
40.1627	11.7351	4.79466	0.000780844
41.2166	14.2175	4.91959	0.000796854
38.4127	14.3936	4.88732	0.000789779
38.75	9.60269	0.121245	0.00078759
40.1627	11.7351	4.79466	0.000780844
37.4683	11.4071	0.173551	0.000789183
41.25	9.60269	0.166371	0.000788879
42.6898	11.7351	4.86554	0.000787328
40.1627	11.7351	4.79466	0.000780844
39.693	16.8552	4.95769	0.000809969
37.1403	16.5071	4.94114	0.000800732
38.4127	14.3936	4.88732	0.000789779
40.5089	19.4825	4.98298	0.000830777
37.7936	19.1174	4.97611	0.000820968
39.693	16.8552	4.95769	0.000809969
28.8815	20.2128	4.97175	0.000810937
29.1279	22.9961	4.98533	0.000825687
26.1025	23.1861	4.98017	0.000820915
32.1075	19.1174	4.97186	0.000810311
34.9506	19.1174	4.97377	0.000815079
32.4267	21.856	4.98675	0.000827143
28.8815	20.2128	4.97175	0.000810937
32.1075	19.1174	4.97186	0.000810311
32.4267	21.856	4.98675	0.000827143
31.7446	16.5071	4.93912	0.000794431
34.4425	16.5071	4.93793	0.00079661
32.1075	19.1174	4.97186	0.000810311
28.6113	17.5512	4.94086	0.00079564
31.7446	16.5071	4.93912	0.000794431
32.1075	19.1174	4.97186	0.000810311
11.414	14.0413	4.91515	0.00082542
12.5545	12.0646	4.82703	0.00081968
14.1312	14.0413	4.89304	0.000812076
12.2064	19.1174	4.9779	0.000831161
10.1618	16.5071	4.96412	0.000833367
13.1778	15.9788	4.94227	0.000819553
9.93237	11.8999	4.84732	0.000829303
8.74996	9.60269	0.189604	0.000842657
11.25	9.60269	0.153721	0.000837898
43.4158	19.3	4.98689	0.00083783
45.2338	16.5071	4.97675	0.000825726
46.3226	19.1174	4.99004	0.000843693
33.1516	14.0413	4.86997	0.000783979
35.6088	14.5697	4.87385	0.000786594
34.4425	16.5071	4.93793	0.00079661
36.25	9.60269	0.0998235	0.000790608
33.75	9.60269	0.106259	0.000795979
34.9468	7.95642	0.0676083	0.00079901
21.9134	33.7485	0.262031	0.00089491
18.9132	34.917	4.85701	0.000918517
18.6835	32.5943	4.91834	0.000886539
25	30.6708	4.92915	0.000844076
21.9134	33.7485	0.262031	0.00089491
21.9612	30.6708	4.9254	0.00085608
21.8846	36.8646	4.80807	0.000934691
18.9132	34.917	4.85701	0.000918517
21.9134	33.7485	0.262031	0.00089491
25	40	4.87167	0.000984166
21.8846	36.8646	4.80807	0.000934691
25.1151	35.3065	0.252758	0.000878935
21.9134	33.7485	0.262031	0.00089491
18.6835	32.5943	4.91834	0.000886539
21.9612	30.6708	4.9254	0.00085608
18.7212	38.8242	0.207904	0.00104826
18.9132	34.917	4.85701	0.000918517
21.8846	36.8646	4.80807	0.000934691
17.2667	36.7732	0.250483	0.000991813
15.8122	34.7222	4.90411	0.000930969
18.9132	34.917	4.85701	0.000918517
18.7212	38.8242	0.207904	0.00104826
17.2667	36.7732	0.250483	0.000991813
18.9132	34.917	4.85701	0.000918517
18.7212	38.8242	0.207904	0.00104826
15.601	39.0202	0.244139	0.0010761
17.2667	36.7732	0.250483	0.000991813
18.7981	41.9596	0.236721	0.00133485
18.7212	38.8242	0.207904	0.00104826
21.9014	39.3141	0.239692	0.00103442
15.601	39.0202	0.244139	0.0010761
15.8122	34.7222	4.90411	0.000930969
17.2667	36.7732	0.250483	0.000991813
14.001	23.9462	4.99012	0.000842641
14.6026	21.856	4.98427	0.000831439
17.2998	24.7062	4.98662	0.00083586
13.1107	27.6505	4.99046	0.000864968
12.8447	30.6708	4.98286	0.000889369
10.1383	27.6505	4.99416	0.000873646
15.2052	26.1784	4.98913	0.00084998
15.7173	29.727	4.97846	0.000870952
13.1107	27.6505	4.99046	0.000864968
20.3799	24.7062	4.98075	0.000828689
18.0114	27.1222	4.98209	0.000846748
17.2998	24.7062	4.98662	0.00083586
18.7229	29.5382	4.96476	0.000859678
15.7173	29.727	4.97846	0.000870952
18.0114	27.1222	4.98209	0.000846748
18.7229	29.5382	4.96476	0.000859678
18.6835	32.5943	4.91834	0.000886539
15.7173	29.727	4.97846	0.000870952
10.9756	24.1362	4.99349	0.000852622
8.05963	24.7062	4.99562	0.000862054
8.66123	21.856	4.99257	0.000849998
10.1383	27.6505	4.99416	0.000873646
8.05963	24.7062	4.99562	0.000862054
10.9756	24.1362	4.99349	0.000852622
10.1383	27.6505	4.99416	0.000873646
9.80591	30.6708	4.99086	0.000900241
7.16598	27.6505	4.99635	0.00088049
6.70061	30.2933	4.99564	0.000903757
7.16598	27.6505	4.99635	0.00088049
9.80591	30.6708	4.99086	0.000900241
4.97956	24.7062	4.99669	0.000867364
5.62671	21.6734	4.99426	0.000854819
8.05963	24.7062	4.99562	0.000862054
3.67737	19.1174	4.99139	0.000850342
5.62671	21.6734	4.99426	0.000854819
2.71986	21.856	4.99558	0.000858834
6.52038	19.1174	4.98843	0.000846986
4.76616	16.5071	4.98108	0.000844108
7.464	16.5071	4.97353	0.00084053
25	30.6708	4.92915	0.000844076
28.0388	30.6708	4.95944	0.000835796
28.0866	33.7485	4.91224	0.000832804
47.2801	21.856	4.99539	0.000859255
48.1005	24.7062	4.99744	0.000874878
45.0204	24.7062	4.99688	0.000869496
26.4215	19.1174	4.94524	0.000800104
26.3489	16.5071	4.88339	0.000787098
28.6113	17.5512	4.94086	0.00079564
18.0114	27.1222	4.98209	0.000846748
22.0277	27.6505	4.97289	0.000840087
18.7229	29.5382	4.96476	0.000859678
17.2541	20.9431	4.97025	0.000817353
20.544	21.856	4.96596	0.000813131
17.2998	24.7062	4.98662	0.00083586
23.0771	23.3761	4.97838	0.000819825
26.1025	23.1861	4.98017	0.000820915
25.3391	26.1784	4.98091	0.000831716
17.2998	24.7062	4.98662	0.00083586
20.544	21.856	4.96596	0.000813131
20.3799	24.7062	4.98075	0.000828689
24.8405	21.1517	4.96071	0.000808479
26.1025	23.1861	4.98017	0.000820915
23.0771	23.3761	4.97838	0.000819825
20.544	21.856	4.96596	0.000813131
24.8405	21.1517	4.96071	0.000808479
23.0771	23.3761	4.97838	0.000819825
23.5785	19.1174	4.91187	0.00079637
26.4215	19.1174	4.94524	0.000800104
24.8405	21.1517	4.96071	0.000808479
31.199	26.5464	4.98965	0.000840162
30.7452	28.7831	4.98341	0.000839087
28.269	26.3624	4.98521	0.000835001
29.1279	22.9961	4.98533	0.000825687
31.199	26.5464	4.98965	0.000840162
28.269	26.3624	4.98521	0.000835001
32.7002	24.7062	4.99182	0.000839842
33.7508	28.5944	4.99024	0.000847096
31.199	26.5464	4.98965	0.000840162
20.544	21.856	4.96596	0.000813131
23.0771	23.3761	4.97838	0.000819825
20.3799	24.7062	4.98075	0.000828689
20.7355	19.1174	4.90855	0.00079845
20.544	21.856	4.96596	0.000813131
17.2541	20.9431	4.97025	0.000817353
17.7548	18.7251	4.93481	0.000805601
18.2554	16.5071	4.86356	0.000795127
20.7355	19.1174	4.90855	0.00079845
14.7591	18.4213	4.961	0.000817819
17.7548	18.7251	4.93481	0.000805601
17.2541	20.9431	4.97025	0.000817353
14.7591	18.4213	4.961	0.000817819
15.9817	15.8026	4.90595	0.000804246
17.7548	18.7251	4.93481	0.000805601
20.9532	16.5071	0.225007	0.000799231
23.5785	19.1174	4.91187	0.00079637
20.7355	19.1174	4.90855	0.00079845
23.5785	19.1174	4.91187	0.00079637
24.8405	21.1517	4.96071	0.000808479
20.544	21.856	4.96596	0.000813131
26.689	28.4246	4.97104	0.000836788
22.0277	27.6505	4.97289	0.000840087
25.3391	26.1784	4.98091	0.000831716
21.9612	30.6708	4.9254	0.00085608
18.6835	32.5943	4.91834	0.000886539
18.7229	29.5382	4.96476	0.000859678
20.7355	19.1174	4.90855	0.00079845
23.5785	19.1174	4.91187	0.00079637
20.544	21.856	4.96596	0.000813131
16.8484	14.0413	4.83722	0.000797201
19.5656	14.0413	0.184909	0.000798023
18.2554	16.5071	4.86356	0.000795127
16.8484	14.0413	4.83722	0.000797201
17.7988	12.3941	4.73828	0.000792851
19.5656	14.0413	0.184909	0.000798023
14.1312	14.0413	4.89304	0.000812076
16.8484	14.0413	4.83722	0.000797201
15.9817	15.8026	4.90595	0.000804246
15.1767	12.2293	4.81294	0.000806378
17.7988	12.3941	4.73828	0.000792851
16.8484	14.0413	4.83722	0.000797201
18.75	9.60269	0.0976091	0.000807963
21.25	9.60269	0.0708998	0.00080174
19.9458	11.7351	0.126	0.000798
24.3933	15.2742	0.215524	0.000793647
23.5785	19.1174	4.91187	0.00079637
20.9532	16.5071	0.225007	0.000799231
4.97956	24.7062	4.99669	0.000867364
4.19365	27.6505	4.99733	0.000885953
1.8995	24.7062	4.99718	0.00087147
8.74996	9.60269	0.189604	0.000842657
9.93237	11.8999	4.84732	0.000829303
7.31021	11.7351	4.89034	0.000833897
46.8029	37.0605	4.97099	0.00090688
43.6827	37.2565	4.93493	0.000876065
46.6062	33.7485	4.9896	0.000904467
41.9404	24.7062	4.99595	0.000862559
45.0204	24.7062	4.99688	0.000869496
42.7675	28.0281	4.9962	0.000877466
38.8603	24.7062	4.99494	0.00085517
41.9404	24.7062	4.99595	0.000862559
39.9888	27.0985	4.99544	0.000865757
41.2294	22.236	4.99281	0.000848977
44.3095	21.856	4.99403	0.000853885
41.9404	24.7062	4.99595	0.000862559
48.7787	27.6505	4.99793	0.000891536
49.3105	30.6708	4.99671	0.000906175
46.2478	30.8632	4.99548	0.000898887
26.1025	23.1861	4.98017	0.000820915
24.8405	21.1517	4.96071	0.000808479
28.8815	20.2128	4.97175	0.000810937
28.269	26.3624	4.98521	0.000835001
26.1025	23.1861	4.98017	0.000820915
29.1279	22.9961	4.98533	0.000825687
23.0771	23.3761	4.97838	0.000819825
22.0277	27.6505	4.97289	0.000840087
20.3799	24.7062	4.98075	0.000828689
12.8447	30.6708	4.98286	0.000889369
12.7112	34.5275	4.96018	0.000942788
9.49534	33.1714	4.98694	0.000931976
10.1383	27.6505	4.99416	0.000873646
12.8447	30.6708	4.98286	0.000889369
9.80591	30.6708	4.99086	0.000900241
14.3285	32.6965	4.95991	0.000908133
18.6835	32.5943	4.91834	0.000886539
15.8122	34.7222	4.90411	0.000930969
25.1151	35.3065	0.252758	0.000878935
21.8846	36.8646	4.80807	0.000934691
21.9134	33.7485	0.262031	0.00089491
14.3285	32.6965	4.95991	0.000908133
12.7112	34.5275	4.96018	0.000942788
12.8447	30.6708	4.98286	0.000889369
18.9132	34.917	4.85701	0.000918517
15.8122	34.7222	4.90411	0.000930969
18.6835	32.5943	4.91834	0.000886539
15.601	39.0202	0.244139	0.0010761
12.5385	36.8646	4.93779	0.000996471
15.8122	34.7222	4.90411	0.000930969
23.5785	19.1174	4.91187	0.00079637
24.3933	15.2742	0.215524	0.000793647
26.3489	16.5071	4.88339	0.000787098
28.8815	20.2128	4.97175	0.000810937
24.8405	21.1517	4.96071	0.000808479
26.4215	19.1174	4.94524	0.000800104
18.2554	16.5071	4.86356	0.000795127
17.7548	18.7251	4.93481	0.000805601
15.9817	15.8026	4.90595	0.000804246
14.6026	21.856	4.98427	0.000831439
17.2541	20.9431	4.97025	0.000817353
17.2998	24.7062	4.98662	0.00083586
15.9817	15.8026	4.90595	0.000804246
13.1778	15.9788	4.94227	0.000819553
14.1312	14.0413	4.89304	0.000812076
14.6026	21.856	4.98427	0.000831439
14.7591	18.4213	4.961	0.000817819
17.2541	20.9431	4.97025	0.000817353
11.4404	21.3083	4.9884	0.000840695
14.001	23.9462	4.99012	0.000842641
10.9756	24.1362	4.99349	0.000852622
30.001	14.922	4.90622	0.000786589
30.9096	13.2177	4.8524	0.000782917
33.1516	14.0413	4.86997	0.000783979
31.7446	16.5071	4.93912	0.000794431
30.001	14.922	4.90622	0.000786589
33.1516	14.0413	4.86997	0.000783979
25.6653	12.8882	4.74462	0.000779831
27.0253	10.7509	4.6887	0.000785392
28.2875	13.053	4.83626	0.000782026
25.6653	12.8882	4.74462	0.000779831
28.2875	13.053	4.83626	0.000782026
26.3489	16.5071	4.88339	0.000787098
33.75	9.60269	0.106259	0.000795979
36.25	9.60269	0.0998235	0.000790608
35.1085	11.7351	0.179045	0.000790761
39.693	16.8552	4.95769	0.000809969
41.2166	14.2175	4.91959	0.000796854
42.536	16.5071	4.96668	0.000817102
28.8815	20.2128	4.97175	0.000810937
26.4215	19.1174	4.94524	0.000800104
28.6113	17.5512	4.94086	0.00079564
40.625	40	0.222994	0.00087063
43.75	40	4.86806	0.000893452
43.6923	43.1354	0.239902	0.00104368
34.399	40.9798	0.167154	0.000949219
37.5	40	4.78121	0.000836275
37.5191	43.9145	0.143943	0.00110206
40.5769	36.8646	4.91457	0.000842235
43.6827	37.2565	4.93493	0.000876065
40.625	40	0.222994	0.00087063
37.3464	33.7485	4.96517	0.00083671
33.997	31.6326	4.97542	0.000835454
37.1553	30.6708	4.98611	0.000853012
40.625	40	0.222994	0.00087063
37.5	40	4.78121	0.000836275
40.5769	36.8646	4.91457	0.000842235
37.4615	36.8646	4.91052	0.000819004
34.1596	34.7385	4.93888	0.000813902
37.3464	33.7485	4.96517	0.00083671
46.2478	30.8632	4.99548	0.000898887
45.7731	27.8393	4.99738	0.00088615
48.7787	27.6505	4.99793	0.000891536
49.6928	33.7485	4.9921	0.000914642
46.6062	33.7485	4.9896	0.000904467
49.3105	30.6708	4.99671	0.000906175
40.1941	30.6708	4.99008	0.000868126
37.1553	30.6708	4.98611	0.000853012
36.8893	27.6505	4.99358	0.000856601
43.2329	30.6708	4.9931	0.000884067
40.1941	30.6708	4.99008	0.000868126
42.7675	28.0281	4.9962	0.000877466
40.433	33.7485	4.97154	0.000856769
37.3464	33.7485	4.96517	0.00083671
40.1941	30.6708	4.99008	0.000868126
31.3171	35.696	4.89512	0.000810535
31.2019	38.0404	0.237802	0.000837406
28.1154	36.8646	4.86297	0.000846568
33.997	31.6326	4.97542	0.000835454
34.1596	34.7385	4.93888	0.000813902
30.9343	31.8249	4.96555	0.000828968
34.3221	37.8444	4.8426	0.000809519
31.2019	38.0404	0.237802	0.000837406
31.3171	35.696	4.89512	0.000810535
37.5	40	4.78121	0.000836275
34.3221	37.8444	4.8426	0.000809519
37.4615	36.8646	4.91052	0.000819004
34.399	40.9798	0.167154	0.000949219
31.2019	38.0404	0.237802	0.000837406
34.3221	37.8444	4.8426	0.000809519
40.1941	30.6708	4.99008	0.000868126
39.9888	27.0985	4.99544	0.000865757
42.7675	28.0281	4.9962	0.000877466
7.16598	27.6505	4.99635	0.00088049
8.05963	24.7062	4.99562	0.000862054
10.1383	27.6505	4.99416	0.000873646
3.69504	30.482	4.99723	0.000911535
4.19365	27.6505	4.99733	0.000885953
6.70061	30.2933	4.99564	0.000903757
4.97956	24.7062	4.99669	0.000867364
8.05963	24.7062	4.99562	0.000862054
7.16598	27.6505	4.99635	0.00088049
2.71986	21.856	4.99558	0.000858834
4.97956	24.7062	4.99669	0.000867364
1.8995	24.7062	4.99718	0.00087147
14.001	23.9462	4.99012	0.000842641
11.4404	21.3083	4.9884	0.000840695
14.6026	21.856	4.98427	0.000831439
13.1107	27.6505	4.99046	0.000864968
10.9756	24.1362	4.99349	0.000852622
14.001	23.9462	4.99012	0.000842641
8.66123	21.856	4.99257	0.000849998
5.62671	21.6734	4.99426	0.000854819
6.52038	19.1174	4.98843	0.000846986
12.2064	19.1174	4.9779	0.000831161
11.4404	21.3083	4.9884	0.000840695
9.3634	19.1174	4.98421	0.000840938
8.05963	24.7062	4.99562	0.000862054
5.62671	21.6734	4.99426	0.000854819
8.66123	21.856	4.99257	0.000849998
44.3095	21.856	4.99403	0.000853885
41.2294	22.236	4.99281	0.000848977
43.4158	19.3	4.98689	0.00083783
45.7731	27.8393	4.99738	0.00088615
45.0204	24.7062	4.99688	0.000869496
48.1005	24.7062	4.99744	0.000874878
38.8603	24.7062	4.99494	0.00085517
36.8893	27.6505	4.99358	0.000856601
35.7802	24.7062	4.99383	0.00084761
45.7731	27.8393	4.99738	0.00088615
42.7675	28.0281	4.9962	0.000877466
45.0204	24.7062	4.99688	0.000869496
43.2329	30.6708	4.9931	0.000884067
46.2478	30.8632	4.99548	0.000898887
43.5196	33.7485	4.98025	0.000881429
40.433	33.7485	4.97154	0.000856769
43.2329	30.6708	4.9931	0.000884067
43.5196	33.7485	4.98025	0.000881429
42.7675	28.0281	4.9962	0.000877466
45.7731	27.8393	4.99738	0.00088615
43.2329	30.6708	4.9931	0.000884067
41.9404	24.7062	4.99595	0.000862559
42.7675	28.0281	4.9962	0.000877466
39.9888	27.0985	4.99544	0.000865757
45.7731	27.8393	4.99738	0.00088615
46.2478	30.8632	4.99548	0.000898887
43.2329	30.6708	4.9931	0.000884067
8.69678	14.0413	4.93507	0.000834479
5.97957	14.0413	4.95576	0.000838827
7.31021	11.7351	4.89034	0.000833897
10.1618	16.5071	4.96412	0.000833367
8.69678	14.0413	4.93507	0.000834479
11.414	14.0413	4.91515	0.00082542
7.464	16.5071	4.97353	0.00084053
4.76616	16.5071	4.98108	0.000844108
5.97957	14.0413	4.95576	0.000838827
10.1618	16.5071	4.96412	0.000833367
7.464	16.5071	4.97353	0.00084053
8.69678	14.0413	4.93507	0.000834479
10.1618	16.5071	4.96412	0.000833367
9.3634	19.1174	4.98421	0.000840938
7.464	16.5071	4.97353	0.00084053
9.42308	36.8646	4.97876	0.00100736
9.49534	33.1714	4.98694	0.000931976
12.7112	34.5275	4.96018	0.000942788
12.5	40	4.93227	0.00111822
9.36058	39.4121	4.97792	0.00109805
12.5385	36.8646	4.93779	0.000996471
9.36058	39.4121	4.97792	0.00109805
6.30769	36.8646	4.99184	0.00101223
9.42308	36.8646	4.97876	0.00100736
3.19231	36.8646	4.99612	0.0010167
3.40821	33.9432	4.99669	0.000957322
6.30769	36.8646	4.99184	0.00101223
0.076922	36.8646	4.99709	0.00101829
3.19231	36.8646	4.99612	0.0010167
3.125	40	4.99584	0.00112442
0.076922	36.8646	4.99709	0.00101829
0.307214	33.7485	4.99742	0.000958254
3.19231	36.8646	4.99612	0.0010167
6.70061	30.2933	4.99564	0.000903757
9.80591	30.6708	4.99086	0.000900241
9.49534	33.1714	4.98694	0.000931976
2.71986	21.856	4.99558	0.000858834
5.62671	21.6734	4.99426	0.000854819
4.97956	24.7062	4.99669	0.000867364
18.0114	27.1222	4.98209	0.000846748
15.7173	29.727	4.97846	0.000870952
15.2052	26.1784	4.98913	0.00084998
43.5196	33.7485	4.98025	0.000881429
40.5769	36.8646	4.91457	0.000842235
40.433	33.7485	4.97154	0.000856769
49.9231	36.8646	4.97875	0.000919181
46.8029	37.0605	4.97099	0.00090688
49.6928	33.7485	4.9921	0.000914642
43.75	40	4.86806	0.000893452
40.625	40	0.222994	0.00087063
43.6827	37.2565	4.93493	0.000876065
13.1107	27.6505	4.99046	0.000864968
15.7173	29.727	4.97846	0.000870952
12.8447	30.6708	4.98286	0.000889369
10.9756	24.1362	4.99349	0.000852622
13.1107	27.6505	4.99046	0.000864968
10.1383	27.6505	4.99416	0.000873646
15.2052	26.1784	4.98913	0.00084998
17.2998	24.7062	4.98662	0.00083586
18.0114	27.1222	4.98209	0.000846748
14.001	23.9462	4.99012	0.000842641
15.2052	26.1784	4.98913	0.00084998
13.1107	27.6505	4.99046	0.000864968
14.001	23.9462	4.99012	0.000842641
17.2998	24.7062	4.98662	0.00083586
15.2052	26.1784	4.98913	0.00084998
46.6062	33.7485	4.9896	0.000904467
43.6827	37.2565	4.93493	0.000876065
43.5196	33.7485	4.98025	0.000881429
50	40	4.9625	0.000939304
46.8029	37.0605	4.97099	0.00090688
49.9231	36.8646	4.97875	0.000919181
46.8798	40.196	4.93737	0.000986734
43.75	40	4.86806	0.000893452
46.8029	37.0605	4.97099	0.00090688
21.9014	39.3141	0.239692	0.00103442
21.9183	41.7637	4.85217	0.00126115
18.7981	41.9596	0.236721	0.00133485
25	40	4.87167	0.000984166
21.9014	39.3141	0.239692	0.00103442
21.8846	36.8646	4.80807	0.000934691
25	40	4.87167	0.000984166
21.9183	41.7637	4.85217	0.00126115
21.9014	39.3141	0.239692	0.00103442
22.0142	44.8882	4.91572	0.00168823
18.7981	41.9596	0.236721	0.00133485
21.9183	41.7637	4.85217	0.00126115
3.69504	30.482	4.99723	0.000911535
3.40821	33.9432	4.99669	0.000957322
0.68946	30.6708	4.99768	0.000918125
1.22131	27.6505	4.99767	0.000890426
3.69504	30.482	4.99723	0.000911535
0.68946	30.6708	4.99768	0.000918125
6.70061	30.2933	4.99564	0.000903757
6.43263	33.3637	4.99425	0.000942095
3.69504	30.482	4.99723	0.000911535
43.5196	33.7485	4.98025	0.000881429
43.6827	37.2565	4.93493	0.000876065
40.5769	36.8646	4.91457	0.000842235
40.1941	30.6708	4.99008	0.000868126
43.2329	30.6708	4.9931	0.000884067
40.433	33.7485	4.97154	0.000856769
46.6062	33.7485	4.9896	0.000904467
49.6928	33.7485	4.9921	0.000914642
46.8029	37.0605	4.97099	0.00090688
46.2478	30.8632	4.99548	0.000898887
46.6062	33.7485	4.9896	0.000904467
43.5196	33.7485	4.98025	0.000881429
46.2478	30.8632	4.99548	0.000898887
49.3105	30.6708	4.99671	0.000906175
46.6062	33.7485	4.9896	0.000904467
46.8798	40.196	4.93737	0.000986734
46.8029	37.0605	4.97099	0.00090688
50	40	4.9625	0.000939304
9.4375	42.5475	4.98228	0.00139664
6.24038	39.6081	4.99161	0.00110375
9.36058	39.4121	4.97792	0.00109805
9.49534	33.1714	4.98694	0.000931976
9.80591	30.6708	4.99086	0.000900241
12.8447	30.6708	4.98286	0.000889369
12.5385	36.8646	4.93779	0.000996471
9.42308	36.8646	4.97876	0.00100736
12.7112	34.5275	4.96018	0.000942788
6.43263	33.3637	4.99425	0.000942095
6.70061	30.2933	4.99564	0.000903757
9.49534	33.1714	4.98694	0.000931976
4.19365	27.6505	4.99733	0.000885953
4.97956	24.7062	4.99669	0.000867364
7.16598	27.6505	4.99635	0.00088049
1.22131	27.6505	4.99767	0.000890426
4.19365	27.6505	4.99733	0.000885953
3.69504	30.482	4.99723	0.000911535
1.22131	27.6505	4.99767	0.000890426
1.8995	24.7062	4.99718	0.00087147
4.19365	27.6505	4.99733	0.000885953
6.70061	30.2933	4.99564	0.000903757
4.19365	27.6505	4.99733	0.000885953
7.16598	27.6505	4.99635	0.00088049
18.7229	29.5382	4.96476	0.000859678
22.0277	27.6505	4.97289	0.000840087
21.9612	30.6708	4.9254	0.00085608
14.3285	32.6965	4.95991	0.000908133
12.8447	30.6708	4.98286	0.000889369
15.7173	29.727	4.97846	0.000870952
18.6835	32.5943	4.91834	0.000886539
14.3285	32.6965	4.95991	0.000908133
15.7173	29.727	4.97846	0.000870952
15.8122	34.7222	4.90411	0.000930969
12.7112	34.5275	4.96018	0.000942788
14.3285	32.6965	4.95991	0.000908133
18.0114	27.1222	4.98209	0.000846748
20.3799	24.7062	4.98075	0.000828689
22.0277	27.6505	4.97289	0.000840087
3.40821	33.9432	4.99669	0.000957322
3.69504	30.482	4.99723	0.000911535
6.43263	33.3637	4.99425	0.000942095
46.8077	43.1354	4.91389	0.00105584
43.6923	43.1354	0.239902	0.00104368
46.8798	40.196	4.93737	0.000986734
49.9231	43.1354	4.95132	0.00106433
46.8077	43.1354	4.91389	0.00105584
46.8798	40.196	4.93737	0.000986734
46.2717	49.3292	4.95944	0.00163877
49.3105	49.3292	4.9693	0.00155849
48.7787	52.3495	4.96707	0.0023467
43.5196	46.2515	4.87545	0.00124117
46.2717	49.3292	4.95944	0.00163877
43.2329	49.3292	4.93157	0.00174408
40.433	46.2515	4.79746	0.00126776
43.5196	46.2515	4.87545	0.00124117
43.2329	49.3292	4.93157	0.00174408
43.6923	43.1354	0.239902	0.00104368
46.8077	43.1354	4.91389	0.00105584
46.6062	46.2515	4.93456	0.00122938
46.6062	46.2515	4.93456	0.00122938
49.3105	49.3292	4.9693	0.00155849
46.2717	49.3292	4.95944	0.00163877
6.30769	36.8646	4.99184	0.00101223
6.43263	33.3637	4.99425	0.000942095
9.42308	36.8646	4.97876	0.00100736
3.125	40	4.99584	0.00112442
3.19231	36.8646	4.99612	0.0010167
6.24038	39.6081	4.99161	0.00110375
3.40821	33.9432	4.99669	0.000957322
6.43263	33.3637	4.99425	0.000942095
6.30769	36.8646	4.99184	0.00101223
0.307214	33.7485	4.99742	0.000958254
3.40821	33.9432	4.99669	0.000957322
3.19231	36.8646	4.99612	0.0010167
0.307214	33.7485	4.99742	0.000958254
0.68946	30.6708	4.99768	0.000918125
3.40821	33.9432	4.99669	0.000957322
