25	30.6708	4.9139	0.00040256
28.0866	33.7485	3.56123	0.00032659
25.1151	35.3065	0.184501	0.000346002
22.0277	27.6505	4.97257	0.00041951
25	30.6708	4.9139	0.00040256
21.9612	30.6708	4.92342	0.000427498
26.689	28.4246	4.95796	0.000403022
28.269	26.3624	4.95038	0.000392266
30.7452	28.7831	4.94555	0.000392888
25	30.6708	4.9139	0.00040256
26.689	28.4246	4.95796	0.000403022
28.0388	30.6708	4.93306	0.000389267
25.3391	26.1784	4.97201	0.000405059
28.269	26.3624	4.95038	0.000392266
26.689	28.4246	4.95796	0.000403022
28.0388	30.6708	4.93306	0.000389267
30.9343	31.8249	4.94665	0.000395472
28.0866	33.7485	3.56123	0.00032659
22.0277	27.6505	4.97257	0.00041951
26.689	28.4246	4.95796	0.000403022
25	30.6708	4.9139	0.00040256
30.7452	28.7831	4.94555	0.000392888
30.9343	31.8249	4.94665	0.000395472
28.0388	30.6708	4.93306	0.000389267
26.689	28.4246	4.95796	0.000403022
30.7452	28.7831	4.94555	0.000392888
28.0388	30.6708	4.93306	0.000389267
26.1025	23.1861	4.97102	0.000399155
28.269	26.3624	4.95038	0.000392266
25.3391	26.1784	4.97201	0.000405059
29.1279	22.9961	4.95915	0.000391094
32.7002	24.7062	4.95193	0.000390827
31.199	26.5464	0.343031	0.000392677
33.7508	28.5944	4.9642	0.00040001
30.9343	31.8249	4.94665	0.000395472
30.7452	28.7831	4.94555	0.000392888
31.199	26.5464	0.343031	0.000392677
33.7508	28.5944	4.9642	0.00040001
30.7452	28.7831	4.94555	0.000392888
37.4615	36.8646	4.90984	0.000429487
40.433	33.7485	4.96974	0.000427413
40.5769	36.8646	4.91295	0.000433852
36.8893	27.6505	4.9871	0.000415202
37.1553	30.6708	4.98241	0.000418156
33.7508	28.5944	4.9642	0.00040001
36.8893	27.6505	4.9871	0.000415202
39.9888	27.0985	4.9942	0.000425288
40.1941	30.6708	4.98879	0.000427369
34.9506	19.1174	4.97248	0.000403491
34.4425	16.5071	4.93701	0.00039802
37.1403	16.5071	4.94061	0.000400079
38.204	22.4261	4.99059	0.000415125
35.1786	22.6161	4.98282	0.000405181
36.4861	20.8667	4.98228	0.000408211
32.1075	19.1174	4.96792	0.000398986
28.8815	20.2128	4.96388	0.00039628
28.6113	17.5512	4.93741	0.000395691
38.204	22.4261	4.99059	0.000415125
35.7802	24.7062	4.98377	0.000407506
35.1786	22.6161	4.98282	0.000405181
32.7002	24.7062	4.95193	0.000390827
29.1279	22.9961	4.95915	0.000391094
32.4267	21.856	4.97364	0.000397035
45.7731	27.8393	4.99687	0.000436259
48.1005	24.7062	4.9974	0.000432473
48.7787	27.6505	4.99742	0.000438563
38.8603	24.7062	4.99355	0.000420023
41.2294	22.236	4.9927	0.000419705
41.9404	24.7062	4.99577	0.000425849
38.8603	24.7062	4.99355	0.000420023
38.204	22.4261	4.99059	0.000415125
41.2294	22.236	4.9927	0.000419705
36.8893	27.6505	4.9871	0.000415202
38.8603	24.7062	4.99355	0.000420023
39.9888	27.0985	4.9942	0.000425288
35.7802	24.7062	4.98377	0.000407506
38.204	22.4261	4.99059	0.000415125
38.8603	24.7062	4.99355	0.000420023
33.7508	28.5944	4.9642	0.00040001
35.7802	24.7062	4.98377	0.000407506
36.8893	27.6505	4.9871	0.000415202
32.7002	24.7062	4.95193	0.000390827
32.4267	21.856	4.97364	0.000397035
35.1786	22.6161	4.98282	0.000405181
37.7936	19.1174	4.97551	0.000407158
40.5089	19.4825	4.9827	0.000411645
38.204	22.4261	4.99059	0.000415125
35.1786	22.6161	4.98282	0.000405181
32.4267	21.856	4.97364	0.000397035
34.9506	19.1174	4.97248	0.000403491
36.4861	20.8667	4.98228	0.000408211
35.1786	22.6161	4.98282	0.000405181
34.9506	19.1174	4.97248	0.000403491
37.7936	19.1174	4.97551	0.000407158
36.4861	20.8667	4.98228	0.000408211
34.9506	19.1174	4.97248	0.000403491
37.7936	19.1174	4.97551	0.000407158
38.204	22.4261	4.99059	0.000415125
36.4861	20.8667	4.98228	0.000408211
35.7802	24.7062	4.98377	0.000407506
32.7002	24.7062	4.95193	0.000390827
35.1786	22.6161	4.98282	0.000405181
33.7508	28.5944	4.9642	0.00040001
32.7002	24.7062	4.95193	0.000390827
35.7802	24.7062	4.98377	0.000407506
29.1279	22.9961	4.95915	0.000391094
28.8815	20.2128	4.96388	0.00039628
32.4267	21.856	4.97364	0.000397035
37.1403	16.5071	4.94061	0.000400079
39.693	16.8552	4.95717	0.000403313
37.7936	19.1174	4.97551	0.000407158
44.3095	21.856	4.99394	0.00042239
47.2801	21.856	4.99538	0.000425244
45.0204	24.7062	4.99682	0.000429774
41.9404	24.7062	4.99577	0.000425849
44.3095	21.856	4.99394	0.00042239
45.0204	24.7062	4.99682	0.000429774
43.4158	19.3	4.98656	0.000414558
46.3226	19.1174	4.98978	0.000417295
44.3095	21.856	4.99394	0.00042239
28.0866	46.2515	4.89277	0.00139871
31.0776	49.3292	4.84241	0.00271384
28.0388	49.3292	4.90179	0.00310247
25	43.1354	4.90737	0.000825761
28.1154	43.1354	4.8576	0.000804013
28.0866	46.2515	4.89277	0.00139871
37.3464	46.2515	0.158905	0.000933923
34.3294	43.6157	0.132647	0.000722319
37.5191	43.9145	0.14265	0.000678173
31.226	43.7137	0.187461	0.000815618
31.2788	41.1758	0.182861	0.000601593
34.3294	43.6157	0.132647	0.000722319
28.0866	46.2515	4.89277	0.00139871
31.226	43.7137	0.187461	0.000815618
31.1732	46.2515	4.78141	0.00129301
28.1154	43.1354	4.8576	0.000804013
31.2788	41.1758	0.182861	0.000601593
31.226	43.7137	0.187461	0.000815618
25	46.2515	4.9269	0.00144583
25	43.1354	4.90737	0.000825761
28.0866	46.2515	4.89277	0.00139871
28.125	40	4.8271	0.000518399
31.2788	41.1758	0.182861	0.000601593
28.1154	43.1354	4.8576	0.000804013
28.125	40	4.8271	0.000518399
31.2019	38.0404	0.230359	0.000448187
31.2788	41.1758	0.182861	0.000601593
31.2019	38.0404	0.230359	0.000448187
34.399	40.9798	0.169043	0.000558541
31.2788	41.1758	0.182861	0.000601593
28.0866	33.7485	3.56123	0.00032659
31.3171	35.696	4.87626	0.000402541
28.1154	36.8646	3.40445	0.000354146
37.3464	33.7485	4.96364	0.000420675
37.1553	30.6708	4.98241	0.000418156
40.1941	30.6708	4.98879	0.000427369
37.4615	36.8646	4.90984	0.000429487
37.3464	33.7485	4.96364	0.000420675
40.433	33.7485	4.96974	0.000427413
37.4615	36.8646	4.90984	0.000429487
34.3221	37.8444	4.84549	0.000441734
34.1596	34.7385	4.93857	0.000418244
34.1596	34.7385	4.93857	0.000418244
33.997	31.6326	4.96737	0.00040945
37.3464	33.7485	4.96364	0.000420675
31.3171	35.696	4.87626	0.000402541
34.1596	34.7385	4.93857	0.000418244
34.3221	37.8444	4.84549	0.000441734
31.3171	35.696	4.87626	0.000402541
30.9343	31.8249	4.94665	0.000395472
34.1596	34.7385	4.93857	0.000418244
30.9343	31.8249	4.94665	0.000395472
33.7508	28.5944	4.9642	0.00040001
33.997	31.6326	4.96737	0.00040945
40.433	46.2515	4.7938	0.000803879
40.6201	43.7197	0.185683	0.00062324
43.5196	46.2515	4.87365	0.000760586
46.8029	37.0605	4.96874	0.000451817
43.75	40	4.86659	0.000471005
43.6827	37.2565	4.9331	0.000445368
49.9231	43.1354	4.9492	0.000567815
46.8798	40.196	4.93532	0.000507455
50	40	4.96009	0.000477536
49.9231	43.1354	4.9492	0.000567815
49.6928	46.2515	4.95723	0.000703662
46.8077	43.1354	4.91209	0.00057172
25	43.1354	4.90737	0.000825761
25	46.2515	4.9269	0.00144583
22.0142	44.8882	4.90901	0.00119554
25	40	4.85917	0.000533118
25	43.1354	4.90737	0.000825761
21.9183	41.7637	4.8484	0.000744674
25	40	4.85917	0.000533118
28.1154	43.1354	4.8576	0.000804013
25	43.1354	4.90737	0.000825761
31.2019	38.0404	0.230359	0.000448187
28.125	40	4.8271	0.000518399
28.1154	36.8646	3.40445	0.000354146
28.1154	43.1354	4.8576	0.000804013
31.226	43.7137	0.187461	0.000815618
28.0866	46.2515	4.89277	0.00139871
18.7981	41.9596	0.233956	0.000773736
15.601	39.0202	0.243891	0.0005848
18.7212	38.8242	0.207396	0.000566932
17.2523	44.2036	4.89539	0.00114089
15.7402	46.2515	4.95119	0.00173276
14.1489	44.3016	4.94873	0.00115989
18.7981	41.9596	0.233956	0.000773736
17.2523	44.2036	4.89539	0.00114089
15.6779	42.1556	4.87788	0.000829548
18.8268	46.2515	4.92688	0.00159731
15.7402	46.2515	4.95119	0.00173276
17.2523	44.2036	4.89539	0.00114089
21.7462	47.598	4.91833	0.00225698
18.8268	46.2515	4.92688	0.00159731
22.0142	44.8882	4.90901	0.00119554
21.7462	47.598	4.91833	0.00225698
18.9224	49.3292	4.93189	0.00359216
18.8268	46.2515	4.92688	0.00159731
15.6779	42.1556	4.87788	0.000829548
15.601	39.0202	0.243891	0.0005848
18.7981	41.9596	0.233956	0.000773736
18.8268	46.2515	4.92688	0.00159731
17.2523	44.2036	4.89539	0.00114089
18.7981	41.9596	0.233956	0.000773736
14.1489	44.3016	4.94873	0.00115989
12.6536	46.2515	4.97427	0.00158533
12.5577	42.3516	4.95344	0.000829759
15.6779	42.1556	4.87788	0.000829548
14.1489	44.3016	4.94873	0.00115989
12.5577	42.3516	4.95344	0.000829759
15.7402	46.2515	4.95119	0.00173276
12.6536	46.2515	4.97427	0.00158533
14.1489	44.3016	4.94873	0.00115989
12.7118	50.0843	4.97623	0.00434889
12.6536	46.2515	4.97427	0.00158533
15.8835	49.3292	4.96362	0.0035823
16.083	52.3495	4.95345	0.00881835
13.1107	52.3495	4.96546	0.00830557
15.8835	49.3292	4.96362	0.0035823
18.9224	49.3292	4.93189	0.00359216
16.083	52.3495	4.95345	0.00881835
15.8835	49.3292	4.96362	0.0035823
13.1107	52.3495	4.96546	0.00830557
10.6893	54.7417	4.93989	0.0155691
10.1383	52.3495	4.97006	0.00752216
15.8835	49.3292	4.96362	0.0035823
13.1107	52.3495	4.96546	0.00830557
12.7118	50.0843	4.97623	0.00434889
14.2198	55.2938	4.92348	0.0217471
10.6893	54.7417	4.93989	0.0155691
13.1107	52.3495	4.96546	0.00830557
17.0264	56.2438	4.89658	0.0314818
14.2198	55.2938	4.92348	0.0217471
16.083	52.3495	4.95345	0.00881835
17.2808	59.0298	4.76994	0.0783337
17.5295	61.7527	0.0936469	4.66168
15.0494	60.8826	0.117895	0.106124
17.0264	56.2438	4.89658	0.0314818
17.2808	59.0298	4.76994	0.0783337
14.6026	58.144	4.81315	0.0536447
17.0264	56.2438	4.89658	0.0314818
20.0518	56.4338	4.87673	0.034428
17.2808	59.0298	4.76994	0.0783337
7.16598	52.3495	4.97312	0.00682521
8.05963	55.2938	4.93073	0.016509
4.92487	55.4838	4.93475	0.0170791
6.76709	49.3292	4.98802	0.00297252
7.16598	52.3495	4.97312	0.00682521
4.19365	52.3495	4.97645	0.00637167
10.1383	52.3495	4.97006	0.00752216
8.05963	55.2938	4.93073	0.016509
7.16598	52.3495	4.97312	0.00682521
12.7118	50.0843	4.97623	0.00434889
10.1383	52.3495	4.97006	0.00752216
9.70619	49.8955	4.98277	0.00374707
10.6893	54.7417	4.93989	0.0155691
8.05963	55.2938	4.93073	0.016509
10.1383	52.3495	4.97006	0.00752216
12.5577	42.3516	4.95344	0.000829759
12.5	40	4.93234	0.000620144
15.6779	42.1556	4.87788	0.000829548
9.61019	45.6673	4.98773	0.00132466
12.5577	42.3516	4.95344	0.000829759
12.6536	46.2515	4.97427	0.00158533
9.61019	45.6673	4.98773	0.00132466
6.31731	42.7435	4.99276	0.000828582
9.4375	42.5475	4.98255	0.000842519
-3.10282e-28	40	4.9973	0.000647964
3.125	40	4.99632	0.00061181
3.19711	42.9395	4.99597	0.000845947
-3.10282e-28	40	4.9973	0.000647964
0.076922	36.8646	4.99761	0.000524638
3.125	40	4.99632	0.00061181
46.6062	46.2515	4.93291	0.00072673
46.2717	49.3292	4.95781	0.00111086
43.5196	46.2515	4.87365	0.000760586
43.6923	43.1354	0.239031	0.000582128
46.6062	46.2515	4.93291	0.00072673
43.5196	46.2515	4.87365	0.000760586
49.6928	46.2515	4.95723	0.000703662
49.3105	49.3292	4.96772	0.00102518
46.6062	46.2515	4.93291	0.00072673
27.4517	72.3429	0.0030879	0.02389
25	72.3429	0.00314036	0.0295242
27.0253	69.2491	0.00711718	0.0556769
24.7277	76.3587	0.00135645	0.0100516
26.189	74.0896	0.00207183	0.0164856
27.2733	75.6267	0.00152921	0.0104331
24.7277	76.3587	0.00135645	0.0100516
23.0327	74.7883	0.00186013	0.0170353
26.189	74.0896	0.00207183	0.0164856
23.0339	79.8761	0.00104666	0.00679172
21.0802	79.5053	0.00114999	0.00784257
21.6827	78.0345	0.00118925	0.00838813
19.6759	76.9444	0.00142057	0.010283
19.0551	74.0896	0.00241908	0.0207922
21.4331	74.0896	0.00224523	0.0219824
19.6759	76.9444	0.00142057	0.010283
18.1801	75.6267	0.00189824	0.0140456
19.0551	74.0896	0.00241908	0.0207922
21.4331	74.0896	0.00224523	0.0219824
23.0327	74.7883	0.00186013	0.0170353
22.3999	76.5052	0.00139914	0.0111305
20.0967	72.3429	0.00357092	0.0384477
22.5483	72.3429	0.0033593	0.0391936
21.4331	74.0896	0.00224523	0.0219824
16.5527	73.7985	0.0028337	0.0193764
17.645	72.3429	0.00380537	0.0293108
19.0551	74.0896	0.00241908	0.0207922
19.193	69.7412	0.00767097	0.0740981
21.8037	69.5771	0.00728463	4.51037
20.0967	72.3429	0.00357092	0.0384477
21.8037	69.5771	0.00728463	4.51037
23.75	70.3973	0.0056164	0.0597004
22.5483	72.3429	0.0033593	0.0391936
21.6827	78.0345	0.00118925	0.00838813
19.1515	78.89	0.00128169	0.00876208
19.6759	76.9444	0.00142057	0.010283
22.3999	76.5052	0.00139914	0.0111305
19.6759	76.9444	0.00142057	0.010283
21.4331	74.0896	0.00224523	0.0219824
22.3999	76.5052	0.00139914	0.0111305
21.6827	78.0345	0.00118925	0.00838813
19.6759	76.9444	0.00142057	0.010283
24.7277	76.3587	0.00135645	0.0100516
22.3999	76.5052	0.00139914	0.0111305
23.0327	74.7883	0.00186013	0.0170353
24.7277	76.3587	0.00135645	0.0100516
24.9752	78.5234	0.00107282	0.00682201
23.329	78.279	0.0011178	0.00759288
21.0802	79.5053	0.00114999	0.00784257
19.1515	78.89	0.00128169	0.00876208
21.6827	78.0345	0.00118925	0.00838813
25	80	0.00103077	0.00636322
24.9752	78.5234	0.00107282	0.00682201
26.9661	79.8761	0.0010207	0.00584351
19.6759	76.9444	0.00142057	0.010283
19.1515	78.89	0.00128169	0.00876208
17.2597	78.0345	0.00153395	0.0103137
28.3173	78.0345	0.00113235	0.00642678
30.8485	78.89	0.00121306	0.00628949
28.9198	79.5053	0.00109907	0.00601953
18.1801	75.6267	0.00189824	0.0140456
19.6759	76.9444	0.00142057	0.010283
17.2597	78.0345	0.00153395	0.0103137
15.4167	76.9444	0.00190971	0.012065
18.1801	75.6267	0.00189824	0.0140456
17.2597	78.0345	0.00153395	0.0103137
23.0327	74.7883	0.00186013	0.0170353
21.4331	74.0896	0.00224523	0.0219824
22.5483	72.3429	0.0033593	0.0391936
15.4167	76.9444	0.00190971	0.012065
16.5527	73.7985	0.0028337	0.0193764
18.1801	75.6267	0.00189824	0.0140456
20.0967	72.3429	0.00357092	0.0384477
21.8037	69.5771	0.00728463	4.51037
22.5483	72.3429	0.0033593	0.0391936
15.4167	76.9444	0.00190971	0.012065
13.6336	75.6267	0.00278696	0.0166201
14.237	73.9441	0.00321145	0.0192479
29.3832	76.0659	0.00145365	0.00863765
31.3712	77.1646	0.00138358	0.00724758
28.3173	78.0345	0.00113235	0.00642678
31.9219	75.3472	0.00175431	0.00946971
34.5833	76.9444	0.00171736	0.00817256
32.7403	78.0345	0.00139433	0.00694073
14.237	73.9441	0.00321145	0.0192479
11.9212	74.0896	0.00398024	0.0223726
12.7417	72.3429	0.00482396	0.0270287
11.25	70.3973	0.00811	0.0440076
12.7417	72.3429	0.00482396	0.0270287
10.2901	72.3429	0.006231	0.0338637
17.645	72.3429	0.00380537	0.0293108
16.5527	73.7985	0.0028337	0.0193764
15.1934	72.3429	0.00416977	0.0259549
19.193	69.7412	0.00767097	0.0740981
17.645	72.3429	0.00380537	0.0293108
16.25	70.3973	0.00665752	0.0437332
20.0967	72.3429	0.00357092	0.0384477
19.0551	74.0896	0.00241908	0.0207922
17.645	72.3429	0.00380537	0.0293108
19.0551	74.0896	0.00241908	0.0207922
18.1801	75.6267	0.00189824	0.0140456
16.5527	73.7985	0.0028337	0.0193764
32.355	72.3429	0.00315104	0.018546
34.8066	72.3429	0.00350625	0.0175246
33.3228	74.0896	0.0022882	0.0119256
33.3228	74.0896	0.0022882	0.0119256
31.9219	75.3472	0.00175431	0.00946971
30.9297	73.8705	0.00220389	0.0134519
35.7008	74.0896	0.00271434	0.0127365
33.3228	74.0896	0.0022882	0.0119256
34.8066	72.3429	0.00350625	0.0175246
34.5833	76.9444	0.00171736	0.00817256
31.9219	75.3472	0.00175431	0.00946971
33.3228	74.0896	0.0022882	0.0119256
17.4187	68.2649	0.0122182	0.0900794
14.8915	68.2649	0.012059	0.0743057
16.8484	65.9587	0.0238722	4.63442
16.25	70.3973	0.00665752	0.0437332
13.513	70.6966	0.00657482	0.0370787
14.8915	68.2649	0.012059	0.0743057
19.193	69.7412	0.00767097	0.0740981
16.25	70.3973	0.00665752	0.0437332
17.4187	68.2649	0.0122182	0.0900794
15.1934	72.3429	0.00416977	0.0259549
14.237	73.9441	0.00321145	0.0192479
12.7417	72.3429	0.00482396	0.0270287
17.645	72.3429	0.00380537	0.0293108
15.1934	72.3429	0.00416977	0.0259549
16.25	70.3973	0.00665752	0.0437332
16.5527	73.7985	0.0028337	0.0193764
14.237	73.9441	0.00321145	0.0192479
15.1934	72.3429	0.00416977	0.0259549
12.7417	72.3429	0.00482396	0.0270287
11.25	70.3973	0.00811	0.0440076
13.513	70.6966	0.00657482	0.0370787
8.74996	70.3973	0.0104256	0.0569473
11.25	70.3973	0.00811	0.0440076
10.2901	72.3429	0.006231	0.0338637
12.3644	68.2649	0.0128884	0.0726384
13.846	66.4528	0.0207168	0.102728
14.8915	68.2649	0.012059	0.0743057
9.83732	68.2649	0.0146212	0.086477
12.3644	68.2649	0.0128884	0.0726384
11.25	70.3973	0.00811	0.0440076
9.83732	68.2649	0.0146212	0.086477
11.414	65.9587	0.0253575	4.5553
12.3644	68.2649	0.0128884	0.0726384
9.83732	68.2649	0.0146212	0.086477
11.25	70.3973	0.00811	0.0440076
8.74996	70.3973	0.0104256	0.0569473
14.8915	68.2649	0.012059	0.0743057
13.513	70.6966	0.00657482	0.0370787
12.3644	68.2649	0.0128884	0.0726384
15.1934	72.3429	0.00416977	0.0259549
12.7417	72.3429	0.00482396	0.0270287
13.513	70.6966	0.00657482	0.0370787
15.4167	76.9444	0.00190971	0.012065
14.237	73.9441	0.00321145	0.0192479
16.5527	73.7985	0.0028337	0.0193764
13.6336	75.6267	0.00278696	0.0166201
11.9212	74.0896	0.00398024	0.0223726
14.237	73.9441	0.00321145	0.0192479
11.9212	74.0896	0.00398024	0.0223726
10.2901	72.3429	0.006231	0.0338637
12.7417	72.3429	0.00482396	0.0270287
7.31021	68.2649	0.0185732	0.108685
9.83732	68.2649	0.0146212	0.086477
8.74996	70.3973	0.0104256	0.0569473
7.31021	68.2649	0.0185732	0.108685
5.97957	65.9587	0.0358273	4.64173
8.78345	65.7825	0.0295287	4.61107
28.3173	78.0345	0.00113235	0.00642678
28.9198	79.5053	0.00109907	0.00601953
26.9661	79.8761	0.0010207	0.00584351
31.3712	77.1646	0.00138358	0.00724758
31.9219	75.3472	0.00175431	0.00946971
32.7403	78.0345	0.00139433	0.00694073
28.3173	78.0345	0.00113235	0.00642678
31.3712	77.1646	0.00138358	0.00724758
30.8485	78.89	0.00121306	0.00628949
29.3832	76.0659	0.00145365	0.00863765
31.9219	75.3472	0.00175431	0.00946971
31.3712	77.1646	0.00138358	0.00724758
27.2733	75.6267	0.00152921	0.0104331
29.3832	76.0659	0.00145365	0.00863765
28.3173	78.0345	0.00113235	0.00642678
28.5669	74.0896	0.00205928	0.0141396
29.9033	72.3429	0.00306514	0.0214767
30.9297	73.8705	0.00220389	0.0134519
27.2733	75.6267	0.00152921	0.0104331
28.5669	74.0896	0.00205928	0.0141396
29.3832	76.0659	0.00145365	0.00863765
27.2733	75.6267	0.00152921	0.0104331
26.189	74.0896	0.00207183	0.0164856
28.5669	74.0896	0.00205928	0.0141396
26.2439	77.6257	0.00115593	0.0073339
27.2733	75.6267	0.00152921	0.0104331
28.3173	78.0345	0.00113235	0.00642678
26.9661	79.8761	0.0010207	0.00584351
26.2439	77.6257	0.00115593	0.0073339
28.3173	78.0345	0.00113235	0.00642678
24.9752	78.5234	0.00107282	0.00682201
24.7277	76.3587	0.00135645	0.0100516
26.2439	77.6257	0.00115593	0.0073339
31.0572	70.658	0.00463479	0.0330463
30.0542	68.2649	0.00908511	4.40121
32.2468	68.921	0.0072703	0.0447411
31.0572	70.658	0.00463479	0.0330463
28.75	70.3973	0.00513039	0.0404075
30.0542	68.2649	0.00908511	4.40121
33.75	70.3973	0.00522318	0.0270176
31.0572	70.658	0.00463479	0.0330463
32.2468	68.921	0.0072703	0.0447411
29.9033	72.3429	0.00306514	0.0214767
28.75	70.3973	0.00513039	0.0404075
31.0572	70.658	0.00463479	0.0330463
30.9297	73.8705	0.00220389	0.0134519
29.9033	72.3429	0.00306514	0.0214767
32.355	72.3429	0.00315104	0.018546
33.3228	74.0896	0.0022882	0.0119256
30.9297	73.8705	0.00220389	0.0134519
32.355	72.3429	0.00315104	0.018546
31.9219	75.3472	0.00175431	0.00946971
29.3832	76.0659	0.00145365	0.00863765
30.9297	73.8705	0.00220389	0.0134519
28.5669	74.0896	0.00205928	0.0141396
26.189	74.0896	0.00207183	0.0164856
27.4517	72.3429	0.0030879	0.02389
25	72.3429	0.00314036	0.0295242
23.75	70.3973	0.0056164	0.0597004
27.0253	69.2491	0.00711718	0.0556769
26.9661	79.8761	0.0010207	0.00584351
24.9752	78.5234	0.00107282	0.00682201
26.2439	77.6257	0.00115593	0.0073339
27.0253	69.2491	0.00711718	0.0556769
24.3347	67.1118	0.0146289	0.113836
26.9568	67.2765	0.0127479	0.0821418
19.0904	66.7823	0.0189942	0.13735
19.999	65.078	0.0335443	4.68972
22.2828	65.9587	0.0223248	4.66523
17.4187	68.2649	0.0122182	0.0900794
19.0904	66.7823	0.0189942	0.13735
19.193	69.7412	0.00767097	0.0740981
17.4187	68.2649	0.0122182	0.0900794
16.8484	65.9587	0.0238722	4.63442
19.0904	66.7823	0.0189942	0.13735
27.4517	72.3429	0.0030879	0.02389
28.75	70.3973	0.00513039	0.0404075
29.9033	72.3429	0.00306514	0.0214767
28.5669	74.0896	0.00205928	0.0141396
27.4517	72.3429	0.0030879	0.02389
29.9033	72.3429	0.00306514	0.0214767
26.189	74.0896	0.00207183	0.0164856
25	72.3429	0.00314036	0.0295242
27.4517	72.3429	0.0030879	0.02389
27.0253	69.2491	0.00711718	0.0556769
26.9568	67.2765	0.0127479	0.0821418
30.0542	68.2649	0.00908511	4.40121
27.4517	72.3429	0.0030879	0.02389
27.0253	69.2491	0.00711718	0.0556769
28.75	70.3973	0.00513039	0.0404075
23.75	70.3973	0.0056164	0.0597004
24.3347	67.1118	0.0146289	0.113836
27.0253	69.2491	0.00711718	0.0556769
34.8233	67.7707	0.0110434	0.0466358
37.4455	67.9354	0.0122821	4.3437
36.25	70.3973	0.0059557	0.0303071
31.3712	77.1646	0.00138358	0.00724758
32.7403	78.0345	0.00139433	0.00694073
30.8485	78.89	0.00121306	0.00628949
23.329	78.279	0.0011178	0.00759288
22.3999	76.5052	0.00139914	0.0111305
24.7277	76.3587	0.00135645	0.0100516
23.0339	79.8761	0.00104666	0.00679172
23.329	78.279	0.0011178	0.00759288
24.9752	78.5234	0.00107282	0.00682201
21.6827	78.0345	0.00118925	0.00838813
22.3999	76.5052	0.00139914	0.0111305
23.329	78.279	0.0011178	0.00759288
21.6827	78.0345	0.00118925	0.00838813
23.329	78.279	0.0011178	0.00759288
23.0339	79.8761	0.00104666	0.00679172
25	72.3429	0.00314036	0.0295242
26.189	74.0896	0.00207183	0.0164856
23.0327	74.7883	0.00186013	0.0170353
27.2733	75.6267	0.00152921	0.0104331
26.2439	77.6257	0.00115593	0.0073339
24.7277	76.3587	0.00135645	0.0100516
25	80	0.00103077	0.00636322
23.0339	79.8761	0.00104666	0.00679172
24.9752	78.5234	0.00107282	0.00682201
35.7008	74.0896	0.00271434	0.0127365
37.3942	72.4885	0.00417085	0.0186562
38.0788	74.0896	0.00351667	0.0154428
34.5833	76.9444	0.00171736	0.00817256
35.7008	74.0896	0.00271434	0.0127365
36.3664	75.6267	0.00244138	0.0112958
34.8066	72.3429	0.00350625	0.0175246
37.3942	72.4885	0.00417085	0.0186562
35.7008	74.0896	0.00271434	0.0127365
34.5833	76.9444	0.00171736	0.00817256
33.3228	74.0896	0.0022882	0.0119256
35.7008	74.0896	0.00271434	0.0127365
33.75	70.3973	0.00522318	0.0270176
36.25	70.3973	0.0059557	0.0303071
34.8066	72.3429	0.00350625	0.0175246
35.7008	74.0896	0.00271434	0.0127365
38.0788	74.0896	0.00351667	0.0154428
36.3664	75.6267	0.00244138	0.0112958
37.4455	67.9354	0.0122821	4.3437
38.75	70.3973	0.00724933	0.0302933
36.25	70.3973	0.0059557	0.0303071
39.7099	72.3429	0.00560903	0.0220924
38.0788	74.0896	0.00351667	0.0154428
37.3942	72.4885	0.00417085	0.0186562
36.25	70.3973	0.0059557	0.0303071
33.75	70.3973	0.00522318	0.0270176
34.8233	67.7707	0.0110434	0.0466358
37.3942	72.4885	0.00417085	0.0186562
36.25	70.3973	0.0059557	0.0303071
38.75	70.3973	0.00724933	0.0302933
37.3942	72.4885	0.00417085	0.0186562
34.8066	72.3429	0.00350625	0.0175246
36.25	70.3973	0.0059557	0.0303071
15.5575	63.4929	0.055538	4.62705
16.8484	65.9587	0.0238722	4.63442
13.846	66.4528	0.0207168	0.102728
11.414	65.9587	0.0253575	4.5553
12.8597	63.4929	0.0511281	0.112759
13.846	66.4528	0.0207168	0.102728
15.0494	60.8826	0.117895	0.106124
17.5295	61.7527	0.0936469	4.66168
15.5575	63.4929	0.055538	4.62705
15.5575	63.4929	0.055538	4.62705
17.5295	61.7527	0.0936469	4.66168
16.8484	65.9587	0.0238722	4.63442
11.6319	58.144	4.81101	0.0480897
14.6026	58.144	4.81315	0.0536447
12.3979	60.3349	0.134412	4.47568
14.6026	58.144	4.81315	0.0536447
17.2808	59.0298	4.76994	0.0783337
15.0494	60.8826	0.117895	0.106124
20.363	63.0044	0.0659825	4.68656
19.999	65.078	0.0335443	4.68972
17.5295	61.7527	0.0936469	4.66168
20.7355	60.8826	0.126369	4.60467
20.363	63.0044	0.0659825	4.68656
17.5295	61.7527	0.0936469	4.66168
20.7355	60.8826	0.126369	4.60467
23.0704	62.1007	0.0811992	0.136913
20.363	63.0044	0.0659825	4.68656
11.6319	58.144	4.81101	0.0480897
10.6893	54.7417	4.93989	0.0155691
14.2198	55.2938	4.92348	0.0217471
9.3634	60.8826	0.117961	0.0788129
11.6319	58.144	4.81101	0.0480897
12.3979	60.3349	0.134412	4.47568
8.66123	58.144	4.81886	0.0374526
10.6893	54.7417	4.93989	0.0155691
11.6319	58.144	4.81101	0.0480897
5.69054	58.144	4.83407	0.0403758
4.92487	55.4838	4.93475	0.0170791
8.05963	55.2938	4.93073	0.016509
6.4478	61.0566	0.121589	0.0814711
5.69054	58.144	4.83407	0.0403758
8.66123	58.144	4.81886	0.0374526
3.67737	60.8826	0.152824	4.45465
2.71986	58.144	4.86746	0.0379075
5.69054	58.144	4.83407	0.0403758
36.8222	64.0212	0.0362983	0.0479574
39.6261	63.8451	0.0440746	0.0407339
38.586	65.9587	0.0224154	0.0444212
34.1521	62.7968	0.0471214	4.44346
36.8222	64.0212	0.0362983	0.0479574
35.8688	65.9587	0.0192372	0.0534643
37.7936	60.8826	0.104752	0.0280779
39.6261	63.8451	0.0440746	0.0407339
36.8222	64.0212	0.0362983	0.0479574
38.75	70.3973	0.00724933	0.0302933
40.1627	68.2649	0.0134996	0.037432
41.25	70.3973	0.00962215	0.0272491
37.3942	72.4885	0.00417085	0.0186562
38.75	70.3973	0.00724933	0.0302933
39.7099	72.3429	0.00560903	0.0220924
37.4455	67.9354	0.0122821	4.3437
40.1627	68.2649	0.0134996	0.037432
38.75	70.3973	0.00724933	0.0302933
35.8688	65.9587	0.0192372	0.0534643
37.4455	67.9354	0.0122821	4.3437
34.8233	67.7707	0.0110434	0.0466358
33.1516	65.9587	0.0170484	0.0649604
35.8688	65.9587	0.0192372	0.0534643
34.8233	67.7707	0.0110434	0.0466358
34.1521	62.7968	0.0471214	4.44346
34.9506	60.8826	0.084022	0.0520957
36.8222	64.0212	0.0362983	0.0479574
38.75	70.3973	0.00724933	0.0302933
41.25	70.3973	0.00962215	0.0272491
39.7099	72.3429	0.00560903	0.0220924
38.586	65.9587	0.0224154	0.0444212
40.1627	68.2649	0.0134996	0.037432
37.4455	67.9354	0.0122821	4.3437
41.3032	65.9587	0.0265432	0.0421901
42.6898	68.2649	0.0176156	0.0338645
40.1627	68.2649	0.0134996	0.037432
41.3032	65.9587	0.0265432	0.0421901
44.0204	65.9587	0.034054	0.0479545
42.6898	68.2649	0.0176156	0.0338645
41.25	70.3973	0.00962215	0.0272491
40.1627	68.2649	0.0134996	0.037432
42.6898	68.2649	0.0176156	0.0338645
36.8222	64.0212	0.0362983	0.0479574
34.9506	60.8826	0.084022	0.0520957
37.7936	60.8826	0.104752	0.0280779
2.71986	58.144	4.86746	0.0379075
4.92487	55.4838	4.93475	0.0170791
5.69054	58.144	4.83407	0.0403758
8.66123	58.144	4.81886	0.0374526
8.05963	55.2938	4.93073	0.016509
10.6893	54.7417	4.93989	0.0155691
6.4478	61.0566	0.121589	0.0814711
8.66123	58.144	4.81886	0.0374526
9.3634	60.8826	0.117961	0.0788129
5.69054	58.144	4.83407	0.0403758
8.05963	55.2938	4.93073	0.016509
8.66123	58.144	4.81886	0.0374526
1.8995	55.2938	4.9501	0.0139737
4.92487	55.4838	4.93475	0.0170791
2.71986	58.144	4.86746	0.0379075
1.8995	55.2938	4.9501	0.0139737
1.22131	52.3495	4.98001	0.00562195
4.19365	52.3495	4.97645	0.00637167
41.3032	65.9587	0.0265432	0.0421901
42.43	63.669	0.053823	4.34944
44.0204	65.9587	0.034054	0.0479545
43.4796	60.8826	0.123724	0.0288631
40.6366	60.8826	0.115353	0.0289795
41.4664	58.5091	4.78867	0.013937
45.2338	63.4929	0.0690545	0.044229
43.4796	60.8826	0.123724	0.0288631
46.3226	60.8826	0.146069	0.0200623
42.43	63.669	0.053823	4.34944
40.6366	60.8826	0.115353	0.0289795
43.4796	60.8826	0.123724	0.0288631
41.4664	58.5091	4.78867	0.013937
38.5596	58.6917	4.75486	0.016554
38.8603	55.2938	4.88705	0.00647571
46.3226	60.8826	0.146069	0.0200623
43.4796	60.8826	0.123724	0.0288631
44.2548	57.954	4.83311	0.010317
42.43	63.669	0.053823	4.34944
39.6261	63.8451	0.0440746	0.0407339
40.6366	60.8826	0.115353	0.0289795
44.0204	65.9587	0.034054	0.0479545
42.43	63.669	0.053823	4.34944
45.2338	63.4929	0.0690545	0.044229
36.8222	64.0212	0.0362983	0.0479574
38.586	65.9587	0.0224154	0.0444212
35.8688	65.9587	0.0192372	0.0534643
40.6366	60.8826	0.115353	0.0289795
39.6261	63.8451	0.0440746	0.0407339
37.7936	60.8826	0.104752	0.0280779
38.586	65.9587	0.0224154	0.0444212
37.4455	67.9354	0.0122821	4.3437
35.8688	65.9587	0.0192372	0.0534643
41.3032	65.9587	0.0265432	0.0421901
38.586	65.9587	0.0224154	0.0444212
39.6261	63.8451	0.0440746	0.0407339
41.3032	65.9587	0.0265432	0.0421901
40.1627	68.2649	0.0134996	0.037432
38.586	65.9587	0.0224154	0.0444212
32.2468	68.921	0.0072703	0.0447411
30.4344	65.9587	0.0166325	0.0765651
33.1516	65.9587	0.0170484	0.0649604
21.7285	50.6506	0.301005	0.00553403
19.0553	52.3495	4.92303	0.00886069
18.9224	49.3292	4.93189	0.00359216
21.7462	47.598	4.91833	0.00225698
21.7285	50.6506	0.301005	0.00553403
18.9224	49.3292	4.93189	0.00359216
15.8835	49.3292	4.96362	0.0035823
18.8268	46.2515	4.92688	0.00159731
18.9224	49.3292	4.93189	0.00359216
22.0142	44.8882	4.90901	0.00119554
25	46.2515	4.9269	0.00144583
21.7462	47.598	4.91833	0.00225698
24.7341	50.8393	4.88385	0.00528498
22.4091	54.0056	4.86597	0.0152121
21.7285	50.6506	0.301005	0.00553403
26.54	55.2938	0.226543	0.0213689
26.4853	58.144	4.71518	0.0521067
23.0771	56.6239	4.83295	0.0335737
30.9447	52.3495	4.86036	0.00609688
29.6201	55.2938	4.79343	0.0157554
27.9723	52.3495	4.86225	0.00742699
26.4853	58.144	4.71518	0.0521067
26.4215	60.8826	0.0966038	4.53179
24.0253	59.6046	4.69513	0.0813017
29.6201	55.2938	4.79343	0.0157554
26.4853	58.144	4.71518	0.0521067
26.54	55.2938	0.226543	0.0213689
29.6201	55.2938	4.79343	0.0157554
32.1533	57.1939	0.166694	0.0258492
29.839	59.2394	0.112231	0.0569422
17.2808	59.0298	4.76994	0.0783337
20.7355	60.8826	0.126369	4.60467
17.5295	61.7527	0.0936469	4.66168
23.0771	56.6239	4.83295	0.0335737
20.3936	58.6582	4.78344	0.0743706
20.0518	56.4338	4.87673	0.034428
23.0771	56.6239	4.83295	0.0335737
24.0253	59.6046	4.69513	0.0813017
20.3936	58.6582	4.78344	0.0743706
39.0601	41.8598	0.182979	0.000562416
37.5191	43.9145	0.14265	0.000678173
37.5	40	4.78105	0.000465224
40.625	40	0.222306	0.00047205
39.0601	41.8598	0.182979	0.000562416
37.5	40	4.78105	0.000465224
40.6201	43.7197	0.185683	0.00062324
37.5191	43.9145	0.14265	0.000678173
39.0601	41.8598	0.182979	0.000562416
40.6201	43.7197	0.185683	0.00062324
40.433	46.2515	4.7938	0.000803879
37.5191	43.9145	0.14265	0.000678173
43.6923	43.1354	0.239031	0.000582128
40.6201	43.7197	0.185683	0.00062324
40.625	40	0.222306	0.00047205
43.6923	43.1354	0.239031	0.000582128
43.5196	46.2515	4.87365	0.000760586
40.6201	43.7197	0.185683	0.00062324
46.8798	40.196	4.93532	0.000507455
43.6923	43.1354	0.239031	0.000582128
43.75	40	4.86659	0.000471005
46.8077	43.1354	4.91209	0.00057172
49.6928	46.2515	4.95723	0.000703662
46.6062	46.2515	4.93291	0.00072673
37.5	40	4.78105	0.000465224
34.399	40.9798	0.169043	0.000558541
34.3221	37.8444	4.84549	0.000441734
40.5769	36.8646	4.91295	0.000433852
37.5	40	4.78105	0.000465224
37.4615	36.8646	4.90984	0.000429487
40.625	40	0.222306	0.00047205
40.6201	43.7197	0.185683	0.00062324
39.0601	41.8598	0.182979	0.000562416
40.1224	48.7521	4.85383	0.00119656
37.0597	48.5598	0.195866	0.00146204
37.3464	46.2515	0.158905	0.000933923
34.1165	49.3292	0.203262	0.00202187
36.7564	51.5944	4.83335	0.00289804
34.1289	53.2696	4.84226	0.00614782
31.1732	46.2515	4.78141	0.00129301
34.1165	49.3292	0.203262	0.00202187
31.0776	49.3292	4.84241	0.00271384
28.0866	46.2515	4.89277	0.00139871
31.1732	46.2515	4.78141	0.00129301
31.0776	49.3292	4.84241	0.00271384
34.3294	43.6157	0.132647	0.000722319
34.399	40.9798	0.169043	0.000558541
37.5191	43.9145	0.14265	0.000678173
31.1732	46.2515	4.78141	0.00129301
31.226	43.7137	0.187461	0.000815618
34.2598	46.2515	0.150476	0.00108026
31.2788	41.1758	0.182861	0.000601593
34.399	40.9798	0.169043	0.000558541
34.3294	43.6157	0.132647	0.000722319
37.0597	48.5598	0.195866	0.00146204
36.7564	51.5944	4.83335	0.00289804
34.1165	49.3292	0.203262	0.00202187
37.3464	46.2515	0.158905	0.000933923
37.0597	48.5598	0.195866	0.00146204
34.2598	46.2515	0.150476	0.00108026
40.433	46.2515	4.7938	0.000803879
37.3464	46.2515	0.158905	0.000933923
37.5191	43.9145	0.14265	0.000678173
40.433	46.2515	4.7938	0.000803879
40.1224	48.7521	4.85383	0.00119656
37.3464	46.2515	0.158905	0.000933923
40.1224	48.7521	4.85383	0.00119656
36.7564	51.5944	4.83335	0.00289804
37.0597	48.5598	0.195866	0.00146204
46.2717	49.3292	4.95781	0.00111086
45.8487	52.5335	4.95832	0.00215474
43.2329	49.3292	4.92874	0.00122784
34.1165	49.3292	0.203262	0.00202187
34.1289	53.2696	4.84226	0.00614782
30.9447	52.3495	4.86036	0.00609688
7.464	63.4929	0.0585603	4.5893
8.78345	65.7825	0.0295287	4.61107
5.97957	65.9587	0.0358273	4.64173
6.4478	61.0566	0.121589	0.0814711
7.464	63.4929	0.0585603	4.5893
4.76616	63.4929	0.0710627	0.116207
6.4478	61.0566	0.121589	0.0814711
9.3634	60.8826	0.117961	0.0788129
7.464	63.4929	0.0585603	4.5893
12.3979	60.3349	0.134412	4.47568
10.1618	63.4929	0.0517255	0.113529
9.3634	60.8826	0.117961	0.0788129
12.8597	63.4929	0.0511281	0.112759
15.0494	60.8826	0.117895	0.106124
15.5575	63.4929	0.055538	4.62705
12.3644	68.2649	0.0128884	0.0726384
13.513	70.6966	0.00657482	0.0370787
11.25	70.3973	0.00811	0.0440076
16.8484	65.9587	0.0238722	4.63442
14.8915	68.2649	0.012059	0.0743057
13.846	66.4528	0.0207168	0.102728
17.4187	68.2649	0.0122182	0.0900794
16.25	70.3973	0.00665752	0.0437332
14.8915	68.2649	0.012059	0.0743057
19.999	65.078	0.0335443	4.68972
19.0904	66.7823	0.0189942	0.13735
16.8484	65.9587	0.0238722	4.63442
19.193	69.7412	0.00767097	0.0740981
20.0967	72.3429	0.00357092	0.0384477
17.645	72.3429	0.00380537	0.0293108
9.83732	68.2649	0.0146212	0.086477
8.78345	65.7825	0.0295287	4.61107
11.414	65.9587	0.0253575	4.5553
6.48041	46.2515	4.99226	0.0014866
3.72828	49.3292	4.99	0.00276565
3.39381	46.2515	4.99469	0.00139677
9.70619	49.8955	4.98277	0.00374707
6.76709	49.3292	4.98802	0.00297252
9.61019	45.6673	4.98773	0.00132466
9.70619	49.8955	4.98277	0.00374707
10.1383	52.3495	4.97006	0.00752216
7.16598	52.3495	4.97312	0.00682521
13.1107	52.3495	4.96546	0.00830557
10.1383	52.3495	4.97006	0.00752216
12.7118	50.0843	4.97623	0.00434889
4.19365	52.3495	4.97645	0.00637167
3.72828	49.3292	4.99	0.00276565
6.76709	49.3292	4.98802	0.00297252
1.8995	55.2938	4.9501	0.0139737
4.19365	52.3495	4.97645	0.00637167
4.92487	55.4838	4.93475	0.0170791
1.22131	52.3495	4.98001	0.00562195
3.72828	49.3292	4.99	0.00276565
4.19365	52.3495	4.97645	0.00637167
22.2828	65.9587	0.0223248	4.66523
23.0704	62.1007	0.0811992	0.136913
25.6067	64.7258	0.0295872	4.60507
21.8037	69.5771	0.00728463	4.51037
22.2828	65.9587	0.0223248	4.66523
24.3347	67.1118	0.0146289	0.113836
19.999	65.078	0.0335443	4.68972
20.363	63.0044	0.0659825	4.68656
22.2828	65.9587	0.0223248	4.66523
21.8037	69.5771	0.00728463	4.51037
19.193	69.7412	0.00767097	0.0740981
19.0904	66.7823	0.0189942	0.13735
16.8484	65.9587	0.0238722	4.63442
17.5295	61.7527	0.0936469	4.66168
19.999	65.078	0.0335443	4.68972
22.2828	65.9587	0.0223248	4.66523
20.363	63.0044	0.0659825	4.68656
23.0704	62.1007	0.0811992	0.136913
16.25	70.3973	0.00665752	0.0437332
15.1934	72.3429	0.00416977	0.0259549
13.513	70.6966	0.00657482	0.0370787
7.464	63.4929	0.0585603	4.5893
10.1618	63.4929	0.0517255	0.113529
8.78345	65.7825	0.0295287	4.61107
20.0518	56.4338	4.87673	0.034428
19.0553	52.3495	4.92303	0.00886069
22.4091	54.0056	4.86597	0.0152121
20.3936	58.6582	4.78344	0.0743706
17.2808	59.0298	4.76994	0.0783337
20.0518	56.4338	4.87673	0.034428
15.0494	60.8826	0.117895	0.106124
12.8597	63.4929	0.0511281	0.112759
12.3979	60.3349	0.134412	4.47568
9.3634	60.8826	0.117961	0.0788129
8.66123	58.144	4.81886	0.0374526
11.6319	58.144	4.81101	0.0480897
9.70619	49.8955	4.98277	0.00374707
7.16598	52.3495	4.97312	0.00682521
6.76709	49.3292	4.98802	0.00297252
13.1107	52.3495	4.96546	0.00830557
16.083	52.3495	4.95345	0.00881835
14.2198	55.2938	4.92348	0.0217471
23.0771	56.6239	4.83295	0.0335737
22.4091	54.0056	4.86597	0.0152121
26.54	55.2938	0.226543	0.0213689
20.7355	60.8826	0.126369	4.60467
20.3936	58.6582	4.78344	0.0743706
24.0253	59.6046	4.69513	0.0813017
20.0518	56.4338	4.87673	0.034428
22.4091	54.0056	4.86597	0.0152121
23.0771	56.6239	4.83295	0.0335737
20.7355	60.8826	0.126369	4.60467
17.2808	59.0298	4.76994	0.0783337
20.3936	58.6582	4.78344	0.0743706
17.0264	56.2438	4.89658	0.0314818
19.0553	52.3495	4.92303	0.00886069
20.0518	56.4338	4.87673	0.034428
6.30769	36.8646	4.99227	0.000524291
6.24038	39.6081	4.99204	0.000597119
3.19231	36.8646	4.99662	0.000525111
9.49534	33.1714	4.98725	0.000471745
9.42308	36.8646	4.97907	0.000524695
6.43263	33.3637	4.99469	0.000476089
6.31731	42.7435	4.99276	0.000828582
3.125	40	4.99632	0.00061181
6.24038	39.6081	4.99204	0.000597119
9.4375	42.5475	4.98255	0.000842519
12.5	40	4.93234	0.000620144
12.5577	42.3516	4.95344	0.000829759
6.30769	36.8646	4.99227	0.000524291
9.36058	39.4121	4.97823	0.000597982
6.24038	39.6081	4.99204	0.000597119
9.42308	36.8646	4.97907	0.000524695
12.5385	36.8646	4.93788	0.000520126
9.36058	39.4121	4.97823	0.000597982
15.8122	34.7222	4.90382	0.000475992
12.5385	36.8646	4.93788	0.000520126
12.7112	34.5275	4.96024	0.000481274
9.4375	42.5475	4.98255	0.000842519
12.5577	42.3516	4.95344	0.000829759
9.61019	45.6673	4.98773	0.00132466
6.24038	39.6081	4.99204	0.000597119
9.4375	42.5475	4.98255	0.000842519
6.31731	42.7435	4.99276	0.000828582
9.36058	39.4121	4.97823	0.000597982
12.5	40	4.93234	0.000620144
9.4375	42.5475	4.98255	0.000842519
15.601	39.0202	0.243891	0.0005848
12.5	40	4.93234	0.000620144
12.5385	36.8646	4.93788	0.000520126
15.601	39.0202	0.243891	0.0005848
15.6779	42.1556	4.87788	0.000829548
12.5	40	4.93234	0.000620144
6.48041	46.2515	4.99226	0.0014866
6.76709	49.3292	4.98802	0.00297252
3.72828	49.3292	4.99	0.00276565
6.31731	42.7435	4.99276	0.000828582
6.48041	46.2515	4.99226	0.0014866
3.39381	46.2515	4.99469	0.00139677
9.61019	45.6673	4.98773	0.00132466
6.76709	49.3292	4.98802	0.00297252
6.48041	46.2515	4.99226	0.0014866
12.7118	50.0843	4.97623	0.00434889
9.70619	49.8955	4.98277	0.00374707
11.1799	48.0735	4.98172	0.00260742
3.19711	42.9395	4.99597	0.000845947
0.076922	43.1354	4.99663	0.000868137
-3.10282e-28	40	4.9973	0.000647964
6.31731	42.7435	4.99276	0.000828582
3.19711	42.9395	4.99597	0.000845947
3.125	40	4.99632	0.00061181
3.39381	46.2515	4.99469	0.00139677
0.307214	46.2515	4.99544	0.00133052
3.19711	42.9395	4.99597	0.000845947
45.0204	55.2938	4.92679	0.00455802
41.9404	55.2938	4.91017	0.00543062
42.834	52.3495	4.94209	0.00239974
48.1005	55.2938	4.94049	0.00369275
45.0204	55.2938	4.92679	0.00455802
45.8487	52.5335	4.95832	0.00215474
44.2548	57.954	4.83311	0.010317
41.9404	55.2938	4.91017	0.00543062
45.0204	55.2938	4.92679	0.00455802
46.3226	60.8826	0.146069	0.0200623
44.2548	57.954	4.83311	0.010317
47.2801	58.144	4.85859	0.008328
41.4664	58.5091	4.78867	0.013937
38.8603	55.2938	4.88705	0.00647571
41.9404	55.2938	4.91017	0.00543062
27.9723	52.3495	4.86225	0.00742699
28.0388	49.3292	4.90179	0.00310247
30.9447	52.3495	4.86036	0.00609688
19.0553	52.3495	4.92303	0.00886069
21.7285	50.6506	0.301005	0.00553403
22.4091	54.0056	4.86597	0.0152121
25	46.2515	4.9269	0.00144583
28.0388	49.3292	4.90179	0.00310247
24.7341	50.8393	4.88385	0.00528498
21.7285	50.6506	0.301005	0.00553403
21.7462	47.598	4.91833	0.00225698
24.7341	50.8393	4.88385	0.00528498
15.6779	42.1556	4.87788	0.000829548
17.2523	44.2036	4.89539	0.00114089
14.1489	44.3016	4.94873	0.00115989
22.0142	44.8882	4.90901	0.00119554
18.8268	46.2515	4.92688	0.00159731
18.7981	41.9596	0.233956	0.000773736
15.8835	49.3292	4.96362	0.0035823
12.6536	46.2515	4.97427	0.00158533
15.7402	46.2515	4.95119	0.00173276
17.0264	56.2438	4.89658	0.0314818
16.083	52.3495	4.95345	0.00881835
19.0553	52.3495	4.92303	0.00886069
4.19365	52.3495	4.97645	0.00637167
7.16598	52.3495	4.97312	0.00682521
4.92487	55.4838	4.93475	0.0170791
21.9183	41.7637	4.8484	0.000744674
25	43.1354	4.90737	0.000825761
22.0142	44.8882	4.90901	0.00119554
28.125	40	4.8271	0.000518399
25	40	4.85917	0.000533118
28.1154	36.8646	3.40445	0.000354146
25	30.6708	4.9139	0.00040256
25.1151	35.3065	0.184501	0.000346002
21.9134	33.7485	0.253036	0.000438818
31.3171	35.696	4.87626	0.000402541
28.0866	33.7485	3.56123	0.00032659
30.9343	31.8249	4.94665	0.000395472
28.1154	36.8646	3.40445	0.000354146
25.1151	35.3065	0.184501	0.000346002
28.0866	33.7485	3.56123	0.00032659
33.7508	28.5944	4.9642	0.00040001
37.1553	30.6708	4.98241	0.000418156
33.997	31.6326	4.96737	0.00040945
21.8846	36.8646	4.7969	0.000474689
21.9014	39.3141	0.237051	0.000564816
18.7212	38.8242	0.207396	0.000566932
28.1154	36.8646	3.40445	0.000354146
25	40	4.85917	0.000533118
25.1151	35.3065	0.184501	0.000346002
28.125	40	4.8271	0.000518399
28.1154	43.1354	4.8576	0.000804013
25	40	4.85917	0.000533118
3.72828	49.3292	4.99	0.00276565
1.22131	52.3495	4.98001	0.00562195
0.68946	49.3292	4.9913	0.00252267
0.307214	46.2515	4.99544	0.00133052
3.39381	46.2515	4.99469	0.00139677
0.68946	49.3292	4.9913	0.00252267
11.1799	48.0735	4.98172	0.00260742
12.6536	46.2515	4.97427	0.00158533
12.7118	50.0843	4.97623	0.00434889
9.61019	45.6673	4.98773	0.00132466
11.1799	48.0735	4.98172	0.00260742
9.70619	49.8955	4.98277	0.00374707
9.61019	45.6673	4.98773	0.00132466
12.6536	46.2515	4.97427	0.00158533
11.1799	48.0735	4.98172	0.00260742
31.3817	62.6228	0.0399644	4.51818
34.1521	62.7968	0.0471214	4.44346
33.1516	65.9587	0.0170484	0.0649604
26.9568	67.2765	0.0127479	0.0821418
28.4106	64.5496	0.0271852	0.0950531
30.4344	65.9587	0.0166325	0.0765651
29.839	59.2394	0.112231	0.0569422
33.5519	59.0383	0.123175	0.0387185
31.3817	62.6228	0.0399644	4.51818
28.6113	62.4488	0.0496449	0.0998292
29.839	59.2394	0.112231	0.0569422
31.3817	62.6228	0.0399644	4.51818
20.7355	60.8826	0.126369	4.60467
24.0253	59.6046	4.69513	0.0813017
23.0704	62.1007	0.0811992	0.136913
25.6371	53.0665	0.26343	0.0111487
24.7341	50.8393	4.88385	0.00528498
27.9723	52.3495	4.86225	0.00742699
22.4091	54.0056	4.86597	0.0152121
25.6371	53.0665	0.26343	0.0111487
26.54	55.2938	0.226543	0.0213689
22.4091	54.0056	4.86597	0.0152121
24.7341	50.8393	4.88385	0.00528498
25.6371	53.0665	0.26343	0.0111487
29.6201	55.2938	4.79343	0.0157554
31.8745	54.2817	4.82121	0.0106175
32.1533	57.1939	0.166694	0.0258492
34.2598	46.2515	0.150476	0.00108026
34.3294	43.6157	0.132647	0.000722319
37.3464	46.2515	0.158905	0.000933923
31.1732	46.2515	4.78141	0.00129301
34.2598	46.2515	0.150476	0.00108026
34.1165	49.3292	0.203262	0.00202187
34.2598	46.2515	0.150476	0.00108026
31.226	43.7137	0.187461	0.000815618
34.3294	43.6157	0.132647	0.000722319
35.6527	58.8743	4.67401	0.026958
38.5596	58.6917	4.75486	0.016554
37.7936	60.8826	0.104752	0.0280779
33.5519	59.0383	0.123175	0.0387185
35.6527	58.8743	4.67401	0.026958
34.9506	60.8826	0.084022	0.0520957
35.7802	55.2938	4.84348	0.00864577
38.5596	58.6917	4.75486	0.016554
35.6527	58.8743	4.67401	0.026958
42.43	63.669	0.053823	4.34944
43.4796	60.8826	0.123724	0.0288631
45.2338	63.4929	0.0690545	0.044229
6.48041	46.2515	4.99226	0.0014866
6.31731	42.7435	4.99276	0.000828582
9.61019	45.6673	4.98773	0.00132466
0.68946	49.3292	4.9913	0.00252267
3.39381	46.2515	4.99469	0.00139677
3.72828	49.3292	4.99	0.00276565
0.307214	46.2515	4.99544	0.00133052
0.076922	43.1354	4.99663	0.000868137
3.19711	42.9395	4.99597	0.000845947
6.4478	61.0566	0.121589	0.0814711
4.76616	63.4929	0.0710627	0.116207
3.67737	60.8826	0.152824	4.45465
5.69054	58.144	4.83407	0.0403758
6.4478	61.0566	0.121589	0.0814711
3.67737	60.8826	0.152824	4.45465
9.3634	60.8826	0.117961	0.0788129
10.1618	63.4929	0.0517255	0.113529
7.464	63.4929	0.0585603	4.5893
14.6026	58.144	4.81315	0.0536447
15.0494	60.8826	0.117895	0.106124
12.3979	60.3349	0.134412	4.47568
14.2198	55.2938	4.92348	0.0217471
14.6026	58.144	4.81315	0.0536447
11.6319	58.144	4.81101	0.0480897
14.2198	55.2938	4.92348	0.0217471
17.0264	56.2438	4.89658	0.0314818
14.6026	58.144	4.81315	0.0536447
7.464	63.4929	0.0585603	4.5893
5.97957	65.9587	0.0358273	4.64173
4.76616	63.4929	0.0710627	0.116207
11.414	65.9587	0.0253575	4.5553
13.846	66.4528	0.0207168	0.102728
12.3644	68.2649	0.0128884	0.0726384
10.1618	63.4929	0.0517255	0.113529
11.414	65.9587	0.0253575	4.5553
8.78345	65.7825	0.0295287	4.61107
12.8597	63.4929	0.0511281	0.112759
15.5575	63.4929	0.055538	4.62705
13.846	66.4528	0.0207168	0.102728
10.1618	63.4929	0.0517255	0.113529
12.8597	63.4929	0.0511281	0.112759
11.414	65.9587	0.0253575	4.5553
10.1618	63.4929	0.0517255	0.113529
12.3979	60.3349	0.134412	4.47568
12.8597	63.4929	0.0511281	0.112759
9.83732	68.2649	0.0146212	0.086477
7.31021	68.2649	0.0185732	0.108685
8.78345	65.7825	0.0295287	4.61107
31.8745	54.2817	4.82121	0.0106175
30.9447	52.3495	4.86036	0.00609688
34.1289	53.2696	4.84226	0.00614782
35.7802	55.2938	4.84348	0.00864577
31.8745	54.2817	4.82121	0.0106175
34.1289	53.2696	4.84226	0.00614782
29.6201	55.2938	4.79343	0.0157554
30.9447	52.3495	4.86036	0.00609688
31.8745	54.2817	4.82121	0.0106175
29.839	59.2394	0.112231	0.0569422
26.4853	58.144	4.71518	0.0521067
29.6201	55.2938	4.79343	0.0157554
33.5519	59.0383	0.123175	0.0387185
29.839	59.2394	0.112231	0.0569422
32.1533	57.1939	0.166694	0.0258492
35.7802	55.2938	4.84348	0.00864577
33.5519	59.0383	0.123175	0.0387185
32.1533	57.1939	0.166694	0.0258492
34.9506	60.8826	0.084022	0.0520957
31.3817	62.6228	0.0399644	4.51818
33.5519	59.0383	0.123175	0.0387185
28.6113	62.4488	0.0496449	0.0998292
26.4215	60.8826	0.0966038	4.53179
29.839	59.2394	0.112231	0.0569422
26.54	55.2938	0.226543	0.0213689
27.9723	52.3495	4.86225	0.00742699
29.6201	55.2938	4.79343	0.0157554
25.6371	53.0665	0.26343	0.0111487
27.9723	52.3495	4.86225	0.00742699
26.54	55.2938	0.226543	0.0213689
24.7341	50.8393	4.88385	0.00528498
28.0388	49.3292	4.90179	0.00310247
27.9723	52.3495	4.86225	0.00742699
22.5483	72.3429	0.0033593	0.0391936
23.75	70.3973	0.0056164	0.0597004
25	72.3429	0.00314036	0.0295242
23.0327	74.7883	0.00186013	0.0170353
22.5483	72.3429	0.0033593	0.0391936
25	72.3429	0.00314036	0.0295242
21.4331	74.0896	0.00224523	0.0219824
19.0551	74.0896	0.00241908	0.0207922
20.0967	72.3429	0.00357092	0.0384477
19.0904	66.7823	0.0189942	0.13735
22.2828	65.9587	0.0223248	4.66523
21.8037	69.5771	0.00728463	4.51037
24.3347	67.1118	0.0146289	0.113836
23.75	70.3973	0.0056164	0.0597004
21.8037	69.5771	0.00728463	4.51037
27.0253	69.2491	0.00711718	0.0556769
30.0542	68.2649	0.00908511	4.40121
28.75	70.3973	0.00513039	0.0404075
25.6067	64.7258	0.0295872	4.60507
28.4106	64.5496	0.0271852	0.0950531
26.9568	67.2765	0.0127479	0.0821418
22.2828	65.9587	0.0223248	4.66523
25.6067	64.7258	0.0295872	4.60507
24.3347	67.1118	0.0146289	0.113836
23.0704	62.1007	0.0811992	0.136913
26.4215	60.8826	0.0966038	4.53179
25.6067	64.7258	0.0295872	4.60507
30.4344	65.9587	0.0166325	0.0765651
30.0542	68.2649	0.00908511	4.40121
26.9568	67.2765	0.0127479	0.0821418
28.6113	62.4488	0.0496449	0.0998292
31.3817	62.6228	0.0399644	4.51818
28.4106	64.5496	0.0271852	0.0950531
25.6067	64.7258	0.0295872	4.60507
28.6113	62.4488	0.0496449	0.0998292
28.4106	64.5496	0.0271852	0.0950531
26.4215	60.8826	0.0966038	4.53179
26.4853	58.144	4.71518	0.0521067
29.839	59.2394	0.112231	0.0569422
25.6067	64.7258	0.0295872	4.60507
26.4215	60.8826	0.0966038	4.53179
28.6113	62.4488	0.0496449	0.0998292
24.0253	59.6046	4.69513	0.0813017
23.0771	56.6239	4.83295	0.0335737
26.4853	58.144	4.71518	0.0521067
33.1516	65.9587	0.0170484	0.0649604
34.8233	67.7707	0.0110434	0.0466358
32.2468	68.921	0.0072703	0.0447411
31.3817	62.6228	0.0399644	4.51818
33.1516	65.9587	0.0170484	0.0649604
30.4344	65.9587	0.0166325	0.0765651
34.1521	62.7968	0.0471214	4.44346
35.8688	65.9587	0.0192372	0.0534643
33.1516	65.9587	0.0170484	0.0649604
32.355	72.3429	0.00315104	0.018546
33.75	70.3973	0.00522318	0.0270176
34.8066	72.3429	0.00350625	0.0175246
29.3832	76.0659	0.00145365	0.00863765
28.5669	74.0896	0.00205928	0.0141396
30.9297	73.8705	0.00220389	0.0134519
31.0572	70.658	0.00463479	0.0330463
33.75	70.3973	0.00522318	0.0270176
32.355	72.3429	0.00315104	0.018546
29.9033	72.3429	0.00306514	0.0214767
31.0572	70.658	0.00463479	0.0330463
32.355	72.3429	0.00315104	0.018546
28.4106	64.5496	0.0271852	0.0950531
31.3817	62.6228	0.0399644	4.51818
30.4344	65.9587	0.0166325	0.0765651
24.3347	67.1118	0.0146289	0.113836
25.6067	64.7258	0.0295872	4.60507
26.9568	67.2765	0.0127479	0.0821418
23.0704	62.1007	0.0811992	0.136913
24.0253	59.6046	4.69513	0.0813017
26.4215	60.8826	0.0966038	4.53179
30.4344	65.9587	0.0166325	0.0765651
32.2468	68.921	0.0072703	0.0447411
30.0542	68.2649	0.00908511	4.40121
34.8233	67.7707	0.0110434	0.0466358
33.75	70.3973	0.00522318	0.0270176
32.2468	68.921	0.0072703	0.0447411
43.2329	49.3292	4.92874	0.00122784
40.1224	48.7521	4.85383	0.00119656
40.433	46.2515	4.7938	0.000803879
48.7787	52.3495	4.96603	0.00179675
45.8487	52.5335	4.95832	0.00215474
46.2717	49.3292	4.95781	0.00111086
42.834	52.3495	4.94209	0.00239974
40.1224	48.7521	4.85383	0.00119656
43.2329	49.3292	4.92874	0.00122784
47.2801	58.144	4.85859	0.008328
44.2548	57.954	4.83311	0.010317
45.0204	55.2938	4.92679	0.00455802
38.8603	55.2938	4.88705	0.00647571
35.7802	55.2938	4.84348	0.00864577
36.7564	51.5944	4.83335	0.00289804
41.9404	55.2938	4.91017	0.00543062
38.8603	55.2938	4.88705	0.00647571
39.8617	52.3495	4.90612	0.00287043
45.8487	52.5335	4.95832	0.00215474
45.0204	55.2938	4.92679	0.00455802
42.834	52.3495	4.94209	0.00239974
41.4664	58.5091	4.78867	0.013937
40.6366	60.8826	0.115353	0.0289795
38.5596	58.6917	4.75486	0.016554
44.2548	57.954	4.83311	0.010317
41.4664	58.5091	4.78867	0.013937
41.9404	55.2938	4.91017	0.00543062
44.2548	57.954	4.83311	0.010317
43.4796	60.8826	0.123724	0.0288631
41.4664	58.5091	4.78867	0.013937
38.5596	58.6917	4.75486	0.016554
35.7802	55.2938	4.84348	0.00864577
38.8603	55.2938	4.88705	0.00647571
6.31731	42.7435	4.99276	0.000828582
3.39381	46.2515	4.99469	0.00139677
3.19711	42.9395	4.99597	0.000845947
45.8487	52.5335	4.95832	0.00215474
42.834	52.3495	4.94209	0.00239974
43.2329	49.3292	4.92874	0.00122784
48.1005	55.2938	4.94049	0.00369275
45.8487	52.5335	4.95832	0.00215474
48.7787	52.3495	4.96603	0.00179675
48.1005	55.2938	4.94049	0.00369275
47.2801	58.144	4.85859	0.008328
45.0204	55.2938	4.92679	0.00455802
37.7936	60.8826	0.104752	0.0280779
38.5596	58.6917	4.75486	0.016554
40.6366	60.8826	0.115353	0.0289795
41.3032	65.9587	0.0265432	0.0421901
39.6261	63.8451	0.0440746	0.0407339
42.43	63.669	0.053823	4.34944
34.9506	60.8826	0.084022	0.0520957
35.6527	58.8743	4.67401	0.026958
37.7936	60.8826	0.104752	0.0280779
31.3817	62.6228	0.0399644	4.51818
34.9506	60.8826	0.084022	0.0520957
34.1521	62.7968	0.0471214	4.44346
33.5519	59.0383	0.123175	0.0387185
35.7802	55.2938	4.84348	0.00864577
35.6527	58.8743	4.67401	0.026958
31.8745	54.2817	4.82121	0.0106175
35.7802	55.2938	4.84348	0.00864577
32.1533	57.1939	0.166694	0.0258492
34.1165	49.3292	0.203262	0.00202187
34.2598	46.2515	0.150476	0.00108026
37.0597	48.5598	0.195866	0.00146204
28.0388	49.3292	4.90179	0.00310247
31.0776	49.3292	4.84241	0.00271384
30.9447	52.3495	4.86036	0.00609688
28.0388	49.3292	4.90179	0.00310247
25	46.2515	4.9269	0.00144583
28.0866	46.2515	4.89277	0.00139871
36.7564	51.5944	4.83335	0.00289804
35.7802	55.2938	4.84348	0.00864577
34.1289	53.2696	4.84226	0.00614782
30.9447	52.3495	4.86036	0.00609688
31.0776	49.3292	4.84241	0.00271384
34.1165	49.3292	0.203262	0.00202187
40.1224	48.7521	4.85383	0.00119656
42.834	52.3495	4.94209	0.00239974
39.8617	52.3495	4.90612	0.00287043
39.8617	52.3495	4.90612	0.00287043
42.834	52.3495	4.94209	0.00239974
41.9404	55.2938	4.91017	0.00543062
36.7564	51.5944	4.83335	0.00289804
39.8617	52.3495	4.90612	0.00287043
38.8603	55.2938	4.88705	0.00647571
36.7564	51.5944	4.83335	0.00289804
40.1224	48.7521	4.85383	0.00119656
39.8617	52.3495	4.90612	0.00287043
18.9224	49.3292	4.93189	0.00359216
19.0553	52.3495	4.92303	0.00886069
16.083	52.3495	4.95345	0.00881835
15.7402	46.2515	4.95119	0.00173276
18.8268	46.2515	4.92688	0.00159731
15.8835	49.3292	4.96362	0.0035823
21.7462	47.598	4.91833	0.00225698
25	46.2515	4.9269	0.00144583
24.7341	50.8393	4.88385	0.00528498
22.0108	14.5924	0.165069	0.000400031
19.9458	11.7351	0.123425	0.000401767
23.0432	12.7235	0.132119	0.000399048
17.645	7.6571	0.068686	0.000407493
18.75	9.60269	0.0955931	0.000404559
16.5822	10.0948	4.65603	0.000400653
14.9215	7.36598	0.0769055	0.000410344
17.645	7.6571	0.068686	0.000407493
16.5822	10.0948	4.65603	0.000400653
16.6772	5.91038	0.0464061	0.00040968
19.0551	5.91038	0.036889	0.000408269
17.645	7.6571	0.068686	0.000407493
20.0967	7.6571	0.0499177	0.000405571
21.25	9.60269	0.068737	0.000402381
18.75	9.60269	0.0955931	0.000404559
17.645	7.6571	0.068686	0.000407493
19.0551	5.91038	0.036889	0.000408269
20.0967	7.6571	0.0499177	0.000405571
24.1844	6.78374	0.0403765	0.00040547
26.189	5.91038	0.0357485	0.000406645
25.4207	8.55507	0.0736861	0.000402364
28.5669	5.91038	0.0399842	0.000406102
31.8199	4.37335	0.0288235	0.00040619
31.1316	6.34706	0.0468108	0.000403891
26.9661	0.123895	0.013345	0.000412355
28.4094	2.238	0.0172526	0.000410807
26.0648	3.0556	0.018104	0.000410743
28.9198	0.494728	0.0156909	0.000411278
30.8485	1.10996	0.0179847	0.000409864
28.4094	2.238	0.0172526	0.000410807
31.25	9.60269	0.124262	0.000399601
33.75	9.60269	0.10525	0.00039845
32.5813	11.7351	4.74973	0.000391986
30.9096	13.2177	4.84976	0.000392286
29.636	10.915	4.72996	0.000392578
32.5813	11.7351	4.74973	0.000391986
32.355	7.6571	0.0651614	0.00040122
33.4473	6.2015	0.0435771	0.000402192
34.9468	7.95642	0.0666931	0.000398936
29.9033	7.6571	0.0704938	0.00040262
32.355	7.6571	0.0651614	0.00040122
31.25	9.60269	0.124262	0.000399601
31.1316	6.34706	0.0468108	0.000403891
31.8199	4.37335	0.0288235	0.00040619
33.4473	6.2015	0.0435771	0.000402192
29.9033	7.6571	0.0704938	0.00040262
31.1316	6.34706	0.0468108	0.000403891
32.355	7.6571	0.0651614	0.00040122
29.9033	7.6571	0.0704938	0.00040262
28.5669	5.91038	0.0399842	0.000406102
31.1316	6.34706	0.0468108	0.000403891
28.5669	5.91038	0.0399842	0.000406102
29.9033	7.6571	0.0704938	0.00040262
27.8022	8.40541	0.0881201	0.000402166
25	4.37335	0.0230845	0.000409153
27.2733	4.37335	0.025489	0.000408857
26.189	5.91038	0.0357485	0.000406645
27.2733	4.37335	0.025489	0.000408857
30.3241	3.0556	0.0210272	0.000408973
28.5669	5.91038	0.0399842	0.000406102
31.1316	6.34706	0.0468108	0.000403891
33.4473	6.2015	0.0435771	0.000402192
32.355	7.6571	0.0651614	0.00040122
27.2733	4.37335	0.025489	0.000408857
28.4094	2.238	0.0172526	0.000410807
30.3241	3.0556	0.0210272	0.000408973
26.189	5.91038	0.0357485	0.000406645
27.2733	4.37335	0.025489	0.000408857
28.5669	5.91038	0.0399842	0.000406102
26.0648	3.0556	0.018104	0.000410743
28.4094	2.238	0.0172526	0.000410807
27.2733	4.37335	0.025489	0.000408857
29.636	10.915	4.72996	0.000392578
29.9033	7.6571	0.0704938	0.00040262
31.25	9.60269	0.124262	0.000399601
25.4207	8.55507	0.0736861	0.000402364
27.8022	8.40541	0.0881201	0.000402166
27.0253	10.7509	4.68322	0.000393075
25.4207	8.55507	0.0736861	0.000402364
26.189	5.91038	0.0357485	0.000406645
27.8022	8.40541	0.0881201	0.000402166
26.3489	16.5071	4.87947	0.00039408
24.3933	15.2742	0.212502	0.000399341
25.6653	12.8882	4.73916	0.00039202
30.3241	3.0556	0.0210272	0.000408973
31.8199	4.37335	0.0288235	0.00040619
28.5669	5.91038	0.0399842	0.000406102
30.8485	1.10996	0.0179847	0.000409864
30.3241	3.0556	0.0210272	0.000408973
28.4094	2.238	0.0172526	0.000410807
30.8485	1.10996	0.0179847	0.000409864
32.7403	1.96546	0.0218019	0.000407536
30.3241	3.0556	0.0210272	0.000408973
30.3241	3.0556	0.0210272	0.000408973
32.7403	1.96546	0.0218019	0.000407536
31.8199	4.37335	0.0288235	0.00040619
23.9352	3.0556	0.0173264	0.000410761
25	4.37335	0.0230845	0.000409153
22.7267	4.37335	0.0219281	0.00040926
26.9661	0.123895	0.013345	0.000412355
26.0648	3.0556	0.018104	0.000410743
25.0248	1.47661	0.0142722	0.000411977
26.9661	0.123895	0.013345	0.000412355
28.9198	0.494728	0.0156909	0.000411278
28.4094	2.238	0.0172526	0.000410807
25.0248	1.47661	0.0142722	0.000411977
25	-8.70219e-28	0.0133833	0.000412314
26.9661	0.123895	0.013345	0.000412355
23.9352	3.0556	0.0173264	0.000410761
25.0248	1.47661	0.0142722	0.000411977
26.0648	3.0556	0.018104	0.000410743
23.9352	3.0556	0.0173264	0.000410761
23.0835	1.59882	0.014416	0.000411781
25.0248	1.47661	0.0142722	0.000411977
32.7403	1.96546	0.0218019	0.000407536
34.5833	3.0556	0.0270466	0.000404472
31.8199	4.37335	0.0288235	0.00040619
25	4.37335	0.0230845	0.000409153
26.0648	3.0556	0.018104	0.000410743
27.2733	4.37335	0.025489	0.000408857
24.1844	6.78374	0.0403765	0.00040547
25	4.37335	0.0230845	0.000409153
26.189	5.91038	0.0357485	0.000406645
23.9352	3.0556	0.0173264	0.000410761
26.0648	3.0556	0.018104	0.000410743
25	4.37335	0.0230845	0.000409153
21.913	2.6468	0.0165995	0.000411033
23.9352	3.0556	0.0173264	0.000410761
22.7267	4.37335	0.0219281	0.00040926
23.0835	1.59882	0.014416	0.000411781
23.0339	0.123895	0.01335	0.000412198
25.0248	1.47661	0.0142722	0.000411977
21.913	2.6468	0.0165995	0.000411033
23.0835	1.59882	0.014416	0.000411781
23.9352	3.0556	0.0173264	0.000410761
21.4331	5.91038	0.0309075	0.000407329
20.4534	4.37335	0.0237607	0.000409462
22.7267	4.37335	0.0219281	0.00040926
19.7476	2.78306	0.0193156	0.000410795
21.0802	0.494728	0.0143553	0.000411851
21.913	2.6468	0.0165995	0.000411033
23.0339	0.123895	0.01335	0.000412198
25	-8.70219e-28	0.0133833	0.000412314
25.0248	1.47661	0.0142722	0.000411977
33.4473	6.2015	0.0435771	0.000402192
34.5833	3.0556	0.0270466	0.000404472
35.7008	5.91038	0.0449073	0.00040016
36.3664	4.37335	0.0395298	0.000400958
35.7008	5.91038	0.0449073	0.00040016
34.5833	3.0556	0.0270466	0.000404472
23.5785	19.1174	4.90847	0.000398241
26.3489	16.5071	4.87947	0.00039408
26.4215	19.1174	4.9413	0.00039739
23.0771	23.3761	4.97564	0.000406309
25.3391	26.1784	4.97201	0.000405059
22.0277	27.6505	4.97257	0.00041951
29.636	10.915	4.72996	0.000392578
27.8022	8.40541	0.0881201	0.000402166
29.9033	7.6571	0.0704938	0.00040262
29.636	10.915	4.72996	0.000392578
27.0253	10.7509	4.68322	0.000393075
27.8022	8.40541	0.0881201	0.000402166
32.5813	11.7351	4.74973	0.000391986
29.636	10.915	4.72996	0.000392578
31.25	9.60269	0.124262	0.000399601
28.2875	13.053	4.83242	0.000391953
27.0253	10.7509	4.68322	0.000393075
29.636	10.915	4.72996	0.000392578
23.0432	12.7235	0.132119	0.000399048
25.6653	12.8882	4.73916	0.00039202
24.3933	15.2742	0.212502	0.000399341
24.4145	10.5869	0.110924	0.00039988
25.4207	8.55507	0.0736861	0.000402364
27.0253	10.7509	4.68322	0.000393075
23.0432	12.7235	0.132119	0.000399048
24.4145	10.5869	0.110924	0.00039988
25.6653	12.8882	4.73916	0.00039202
23.0432	12.7235	0.132119	0.000399048
21.25	9.60269	0.068737	0.000402381
24.4145	10.5869	0.110924	0.00039988
24.1844	6.78374	0.0403765	0.00040547
22.5483	7.6571	0.0446768	0.000404396
21.4331	5.91038	0.0309075	0.000407329
25	4.37335	0.0230845	0.000409153
24.1844	6.78374	0.0403765	0.00040547
22.7267	4.37335	0.0219281	0.00040926
25.4207	8.55507	0.0736861	0.000402364
24.4145	10.5869	0.110924	0.00039988
22.5483	7.6571	0.0446768	0.000404396
24.4145	10.5869	0.110924	0.00039988
21.25	9.60269	0.068737	0.000402381
22.5483	7.6571	0.0446768	0.000404396
19.5656	14.0413	0.182156	0.000402057
20.9532	16.5071	0.222174	0.000402399
18.2554	16.5071	4.86001	0.000399169
19.9458	11.7351	0.123425	0.000401767
19.5656	14.0413	0.182156	0.000402057
17.7988	12.3941	4.73359	0.00039797
18.75	9.60269	0.0955931	0.000404559
19.9458	11.7351	0.123425	0.000401767
17.7988	12.3941	4.73359	0.00039797
21.25	9.60269	0.068737	0.000402381
23.0432	12.7235	0.132119	0.000399048
19.9458	11.7351	0.123425	0.000401767
22.0108	14.5924	0.165069	0.000400031
20.9532	16.5071	0.222174	0.000402399
19.5656	14.0413	0.182156	0.000402057
19.9458	11.7351	0.123425	0.000401767
22.0108	14.5924	0.165069	0.000400031
19.5656	14.0413	0.182156	0.000402057
23.0432	12.7235	0.132119	0.000399048
24.3933	15.2742	0.212502	0.000399341
22.0108	14.5924	0.165069	0.000400031
17.7548	18.7251	4.93226	0.000402986
20.7355	19.1174	4.90546	0.00040015
17.2541	20.9431	4.96846	0.000407683
16.8484	14.0413	4.83362	0.000399561
18.2554	16.5071	4.86001	0.000399169
15.9817	15.8026	4.90319	0.000402103
20.9532	16.5071	0.222174	0.000402399
20.7355	19.1174	4.90546	0.00040015
18.2554	16.5071	4.86001	0.000399169
14.9215	7.36598	0.0769055	0.000410344
16.5822	10.0948	4.65603	0.000400653
13.513	9.30337	0.132985	0.000411332
12.6058	7.51154	0.0897565	0.000412248
14.9215	7.36598	0.0769055	0.000410344
13.513	9.30337	0.132985	0.000411332
13.6336	4.37335	0.0459999	0.000411428
15.4167	3.0556	0.0316171	0.000410959
16.6772	5.91038	0.0464061	0.00040968
19.7476	2.78306	0.0193156	0.000410795
19.1515	1.10996	0.0179359	0.000411227
21.0802	0.494728	0.0143553	0.000411851
20.4534	4.37335	0.0237607	0.000409462
19.0551	5.91038	0.036889	0.000408269
18.1801	4.37335	0.0288298	0.000409981
21.913	2.6468	0.0165995	0.000411033
20.4534	4.37335	0.0237607	0.000409462
19.7476	2.78306	0.0193156	0.000410795
21.4331	5.91038	0.0309075	0.000407329
19.0551	5.91038	0.036889	0.000408269
20.4534	4.37335	0.0237607	0.000409462
24.1844	6.78374	0.0403765	0.00040547
21.4331	5.91038	0.0309075	0.000407329
22.7267	4.37335	0.0219281	0.00040926
20.0967	7.6571	0.0499177	0.000405571
19.0551	5.91038	0.036889	0.000408269
21.4331	5.91038	0.0309075	0.000407329
20.4534	4.37335	0.0237607	0.000409462
18.1801	4.37335	0.0288298	0.000409981
19.7476	2.78306	0.0193156	0.000410795
23.0835	1.59882	0.014416	0.000411781
21.0802	0.494728	0.0143553	0.000411851
23.0339	0.123895	0.01335	0.000412198
27.8022	8.40541	0.0881201	0.000402166
26.189	5.91038	0.0357485	0.000406645
28.5669	5.91038	0.0399842	0.000406102
25.6653	12.8882	4.73916	0.00039202
24.4145	10.5869	0.110924	0.00039988
27.0253	10.7509	4.68322	0.000393075
22.5483	7.6571	0.0446768	0.000404396
20.0967	7.6571	0.0499177	0.000405571
21.4331	5.91038	0.0309075	0.000407329
25.4207	8.55507	0.0736861	0.000402364
22.5483	7.6571	0.0446768	0.000404396
24.1844	6.78374	0.0403765	0.00040547
21.25	9.60269	0.068737	0.000402381
20.0967	7.6571	0.0499177	0.000405571
22.5483	7.6571	0.0446768	0.000404396
14.9215	7.36598	0.0769055	0.000410344
16.6772	5.91038	0.0464061	0.00040968
17.645	7.6571	0.068686	0.000407493
21.913	2.6468	0.0165995	0.000411033
21.0802	0.494728	0.0143553	0.000411851
23.0835	1.59882	0.014416	0.000411781
37.3284	7.80676	0.0715163	0.000397353
38.0788	5.91038	0.0566953	0.000398036
39.7099	7.6571	0.0916519	0.000396523
33.4473	6.2015	0.0435771	0.000402192
35.7008	5.91038	0.0449073	0.00040016
34.9468	7.95642	0.0666931	0.000398936
33.75	9.60269	0.10525	0.00039845
32.355	7.6571	0.0651614	0.00040122
34.9468	7.95642	0.0666931	0.000398936
31.8199	4.37335	0.0288235	0.00040619
34.5833	3.0556	0.0270466	0.000404472
33.4473	6.2015	0.0435771	0.000402192
36.3664	4.37335	0.0395298	0.000400958
38.0788	5.91038	0.0566953	0.000398036
35.7008	5.91038	0.0449073	0.00040016
19.7476	2.78306	0.0193156	0.000410795
17.2597	1.96546	0.022938	0.000410955
19.1515	1.10996	0.0179359	0.000411227
18.1801	4.37335	0.0288298	0.000409981
16.6772	5.91038	0.0464061	0.00040968
15.4167	3.0556	0.0316171	0.000410959
19.7476	2.78306	0.0193156	0.000410795
18.1801	4.37335	0.0288298	0.000409981
17.2597	1.96546	0.022938	0.000410955
19.0551	5.91038	0.036889	0.000408269
16.6772	5.91038	0.0464061	0.00040968
18.1801	4.37335	0.0288298	0.000409981
21.913	2.6468	0.0165995	0.000411033
22.7267	4.37335	0.0219281	0.00040926
20.4534	4.37335	0.0237607	0.000409462
20.0967	7.6571	0.0499177	0.000405571
18.75	9.60269	0.0955931	0.000404559
17.645	7.6571	0.068686	0.000407493
14.9215	7.36598	0.0769055	0.000410344
13.6336	4.37335	0.0459999	0.000411428
16.6772	5.91038	0.0464061	0.00040968
32.355	7.6571	0.0651614	0.00040122
33.75	9.60269	0.10525	0.00039845
31.25	9.60269	0.124262	0.000399601
38.0788	5.91038	0.0566953	0.000398036
37.3284	7.80676	0.0715163	0.000397353
35.7008	5.91038	0.0449073	0.00040016
38.75	9.60269	0.120701	0.000396765
41.25	9.60269	0.165873	0.000397416
40.1627	11.7351	4.7938	0.000392817
36.25	9.60269	0.0991281	0.00039732
38.75	9.60269	0.120701	0.000396765
37.4683	11.4071	0.172964	0.00039767
39.7099	7.6571	0.0916519	0.000396523
41.25	9.60269	0.165873	0.000397416
38.75	9.60269	0.120701	0.000396765
15.4167	3.0556	0.0316171	0.000410959
17.2597	1.96546	0.022938	0.000410955
18.1801	4.37335	0.0288298	0.000409981
44.0204	14.0413	4.94406	0.000401119
41.2166	14.2175	4.91889	0.000398247
42.6898	11.7351	4.86474	0.00039485
14.9215	7.36598	0.0769055	0.000410344
12.6058	7.51154	0.0897565	0.000412248
13.6336	4.37335	0.0459999	0.000411428
15.1767	12.2293	4.80978	0.000402102
12.5545	12.0646	4.82486	0.000406345
13.513	9.30337	0.132985	0.000411332
16.5822	10.0948	4.65603	0.000400653
17.7988	12.3941	4.73359	0.00039797
15.1767	12.2293	4.80978	0.000402102
14.1312	14.0413	4.89068	0.000404319
12.5545	12.0646	4.82486	0.000406345
15.1767	12.2293	4.80978	0.000402102
15.9817	15.8026	4.90319	0.000402103
14.7591	18.4213	4.95925	0.00040733
13.1778	15.9788	4.94058	0.000407355
16.5822	10.0948	4.65603	0.000400653
18.75	9.60269	0.0955931	0.000404559
17.7988	12.3941	4.73359	0.00039797
22.0108	14.5924	0.165069	0.000400031
24.3933	15.2742	0.212502	0.000399341
20.9532	16.5071	0.222174	0.000402399
11.4404	21.3083	4.98791	0.000417513
12.2064	19.1174	4.97695	0.000412695
14.6026	21.856	4.98324	0.000413617
8.66123	21.856	4.99255	0.000422263
11.4404	21.3083	4.98791	0.000417513
10.9756	24.1362	4.99337	0.000424235
8.66123	21.856	4.99255	0.000422263
9.3634	19.1174	4.98384	0.000416962
11.4404	21.3083	4.98791	0.000417513
6.52038	19.1174	4.98843	0.000420056
7.464	16.5071	4.97318	0.000416
9.3634	19.1174	4.98384	0.000416962
3.67737	19.1174	4.99155	0.000422079
6.52038	19.1174	4.98843	0.000420056
5.62671	21.6734	4.99449	0.000424941
3.67737	19.1174	4.99155	0.000422079
4.76616	16.5071	4.98097	0.000417993
6.52038	19.1174	4.98843	0.000420056
10.1618	16.5071	4.96331	0.000412786
12.2064	19.1174	4.97695	0.000412695
9.3634	19.1174	4.98384	0.000416962
5.97957	14.0413	4.95528	0.000414604
8.69678	14.0413	4.93425	0.000412467
7.464	16.5071	4.97318	0.000416
11.414	14.0413	4.91371	0.000408915
13.1778	15.9788	4.94058	0.000407355
10.1618	16.5071	4.96331	0.000412786
15.1767	12.2293	4.80978	0.000402102
16.8484	14.0413	4.83362	0.000399561
14.1312	14.0413	4.89068	0.000404319
6.52038	19.1174	4.98843	0.000420056
9.3634	19.1174	4.98384	0.000416962
8.66123	21.856	4.99255	0.000422263
14.7591	18.4213	4.95925	0.00040733
12.2064	19.1174	4.97695	0.000412695
13.1778	15.9788	4.94058	0.000407355
14.7591	18.4213	4.95925	0.00040733
14.6026	21.856	4.98324	0.000413617
12.2064	19.1174	4.97695	0.000412695
12.6058	7.51154	0.0897565	0.000412248
11.9212	5.91038	0.0754705	0.000412282
13.6336	4.37335	0.0459999	0.000411428
11.25	9.60269	0.152634	0.000413951
12.6058	7.51154	0.0897565	0.000412248
13.513	9.30337	0.132985	0.000411332
10.2901	7.6571	0.114907	0.000413828
11.9212	5.91038	0.0754705	0.000412282
12.6058	7.51154	0.0897565	0.000412248
41.2166	14.2175	4.91889	0.000398247
40.1627	11.7351	4.7938	0.000392817
42.6898	11.7351	4.86474	0.00039485
35.1085	11.7351	0.178224	0.000397874
37.4683	11.4071	0.172964	0.00039767
35.6088	14.5697	4.87297	0.000394942
33.1516	14.0413	4.86837	0.000393333
35.1085	11.7351	0.178224	0.000397874
35.6088	14.5697	4.87297	0.000394942
32.5813	11.7351	4.74973	0.000391986
33.75	9.60269	0.10525	0.00039845
35.1085	11.7351	0.178224	0.000397874
37.3284	7.80676	0.0715163	0.000397353
39.7099	7.6571	0.0916519	0.000396523
38.75	9.60269	0.120701	0.000396765
36.25	9.60269	0.0991281	0.00039732
37.3284	7.80676	0.0715163	0.000397353
38.75	9.60269	0.120701	0.000396765
35.1085	11.7351	0.178224	0.000397874
36.25	9.60269	0.0991281	0.00039732
37.4683	11.4071	0.172964	0.00039767
34.9468	7.95642	0.0666931	0.000398936
37.3284	7.80676	0.0715163	0.000397353
36.25	9.60269	0.0991281	0.00039732
34.9468	7.95642	0.0666931	0.000398936
35.7008	5.91038	0.0449073	0.00040016
37.3284	7.80676	0.0715163	0.000397353
42.536	16.5071	4.96608	0.000405644
44.0204	14.0413	4.94406	0.000401119
45.2338	16.5071	4.9762	0.000408984
38.4127	14.3936	4.88666	0.000396155
41.2166	14.2175	4.91889	0.000398247
39.693	16.8552	4.95717	0.000403313
38.4127	14.3936	4.88666	0.000396155
37.4683	11.4071	0.172964	0.00039767
40.1627	11.7351	4.7938	0.000392817
10.2901	7.6571	0.114907	0.000413828
12.6058	7.51154	0.0897565	0.000412248
11.25	9.60269	0.152634	0.000413951
28.2875	13.053	4.83242	0.000391953
30.001	14.922	4.90348	0.000393389
26.3489	16.5071	4.87947	0.00039408
35.1085	11.7351	0.178224	0.000397874
33.1516	14.0413	4.86837	0.000393333
32.5813	11.7351	4.74973	0.000391986
30.001	14.922	4.90348	0.000393389
28.6113	17.5512	4.93741	0.000395691
26.3489	16.5071	4.87947	0.00039408
30.9096	13.2177	4.84976	0.000392286
30.001	14.922	4.90348	0.000393389
28.2875	13.053	4.83242	0.000391953
29.636	10.915	4.72996	0.000392578
30.9096	13.2177	4.84976	0.000392286
28.2875	13.053	4.83242	0.000391953
32.5813	11.7351	4.74973	0.000391986
33.1516	14.0413	4.86837	0.000393333
30.9096	13.2177	4.84976	0.000392286
31.7446	16.5071	4.937	0.000396034
28.6113	17.5512	4.93741	0.000395691
30.001	14.922	4.90348	0.000393389
34.4425	16.5071	4.93701	0.00039802
31.7446	16.5071	4.937	0.000396034
33.1516	14.0413	4.86837	0.000393333
34.4425	16.5071	4.93701	0.00039802
34.9506	19.1174	4.97248	0.000403491
32.1075	19.1174	4.96792	0.000398986
37.1403	16.5071	4.94061	0.000400079
34.4425	16.5071	4.93701	0.00039802
35.6088	14.5697	4.87297	0.000394942
37.1403	16.5071	4.94061	0.000400079
37.7936	19.1174	4.97551	0.000407158
34.9506	19.1174	4.97248	0.000403491
11.414	14.0413	4.91371	0.000408915
14.1312	14.0413	4.89068	0.000404319
13.1778	15.9788	4.94058	0.000407355
8.69678	14.0413	4.93425	0.000412467
9.93237	11.8999	4.84591	0.000409733
11.414	14.0413	4.91371	0.000408915
11.25	9.60269	0.152634	0.000413951
13.513	9.30337	0.132985	0.000411332
12.5545	12.0646	4.82486	0.000406345
10.2901	7.6571	0.114907	0.000413828
11.25	9.60269	0.152634	0.000413951
8.74996	9.60269	0.188693	0.000415855
13.513	9.30337	0.132985	0.000411332
16.5822	10.0948	4.65603	0.000400653
15.1767	12.2293	4.80978	0.000402102
9.93237	11.8999	4.84591	0.000409733
11.25	9.60269	0.152634	0.000413951
12.5545	12.0646	4.82486	0.000406345
11.414	14.0413	4.91371	0.000408915
9.93237	11.8999	4.84591	0.000409733
12.5545	12.0646	4.82486	0.000406345
8.69678	14.0413	4.93425	0.000412467
7.31021	11.7351	4.88937	0.000411703
9.93237	11.8999	4.84591	0.000409733
37.4683	11.4071	0.172964	0.00039767
38.4127	14.3936	4.88666	0.000396155
35.6088	14.5697	4.87297	0.000394942
42.536	16.5071	4.96608	0.000405644
43.4158	19.3	4.98656	0.000414558
40.5089	19.4825	4.9827	0.000411645
44.0204	14.0413	4.94406	0.000401119
42.536	16.5071	4.96608	0.000405644
41.2166	14.2175	4.91889	0.000398247
45.2338	16.5071	4.9762	0.000408984
43.4158	19.3	4.98656	0.000414558
42.536	16.5071	4.96608	0.000405644
40.5089	19.4825	4.9827	0.000411645
41.2294	22.236	4.9927	0.000419705
38.204	22.4261	4.99059	0.000415125
42.536	16.5071	4.96608	0.000405644
40.5089	19.4825	4.9827	0.000411645
39.693	16.8552	4.95717	0.000403313
43.4158	19.3	4.98656	0.000414558
41.2294	22.236	4.9927	0.000419705
40.5089	19.4825	4.9827	0.000411645
47.2801	21.856	4.99538	0.000425244
44.3095	21.856	4.99394	0.00042239
46.3226	19.1174	4.98978	0.000417295
38.4127	14.3936	4.88666	0.000396155
37.1403	16.5071	4.94061	0.000400079
35.6088	14.5697	4.87297	0.000394942
40.1627	11.7351	4.7938	0.000392817
41.2166	14.2175	4.91889	0.000398247
38.4127	14.3936	4.88666	0.000396155
38.75	9.60269	0.120701	0.000396765
40.1627	11.7351	4.7938	0.000392817
37.4683	11.4071	0.172964	0.00039767
41.25	9.60269	0.165873	0.000397416
42.6898	11.7351	4.86474	0.00039485
40.1627	11.7351	4.7938	0.000392817
39.693	16.8552	4.95717	0.000403313
37.1403	16.5071	4.94061	0.000400079
38.4127	14.3936	4.88666	0.000396155
40.5089	19.4825	4.9827	0.000411645
37.7936	19.1174	4.97551	0.000407158
39.693	16.8552	4.95717	0.000403313
28.8815	20.2128	4.96388	0.00039628
29.1279	22.9961	4.95915	0.000391094
26.1025	23.1861	4.97102	0.000399155
32.1075	19.1174	4.96792	0.000398986
34.9506	19.1174	4.97248	0.000403491
32.4267	21.856	4.97364	0.000397035
28.8815	20.2128	4.96388	0.00039628
32.1075	19.1174	4.96792	0.000398986
32.4267	21.856	4.97364	0.000397035
31.7446	16.5071	4.937	0.000396034
34.4425	16.5071	4.93701	0.00039802
32.1075	19.1174	4.96792	0.000398986
28.6113	17.5512	4.93741	0.000395691
31.7446	16.5071	4.937	0.000396034
32.1075	19.1174	4.96792	0.000398986
11.414	14.0413	4.91371	0.000408915
12.5545	12.0646	4.82486	0.000406345
14.1312	14.0413	4.89068	0.000404319
12.2064	19.1174	4.97695	0.000412695
10.1618	16.5071	4.96331	0.000412786
13.1778	15.9788	4.94058	0.000407355
9.93237	11.8999	4.84591	0.000409733
8.74996	9.60269	0.188693	0.000415855
11.25	9.60269	0.152634	0.000413951
43.4158	19.3	4.98656	0.000414558
45.2338	16.5071	4.9762	0.000408984
46.3226	19.1174	4.98978	0.000417295
33.1516	14.0413	4.86837	0.000393333
35.6088	14.5697	4.87297	0.000394942
34.4425	16.5071	4.93701	0.00039802
36.25	9.60269	0.0991281	0.00039732
33.75	9.60269	0.10525	0.00039845
34.9468	7.95642	0.0666931	0.000398936
21.9134	33.7485	0.253036	0.000438818
18.9132	34.917	4.8565	0.000471274
18.6835	32.5943	4.91802	0.000448821
25	30.6708	4.9139	0.00040256
21.9134	33.7485	0.253036	0.000438818
21.9612	30.6708	4.92342	0.000427498
21.8846	36.8646	4.7969	0.000474689
18.9132	34.917	4.8565	0.000471274
21.9134	33.7485	0.253036	0.000438818
25	40	4.85917	0.000533118
21.8846	36.8646	4.7969	0.000474689
25.1151	35.3065	0.184501	0.000346002
21.9134	33.7485	0.253036	0.000438818
18.6835	32.5943	4.91802	0.000448821
21.9612	30.6708	4.92342	0.000427498
18.7212	38.8242	0.207396	0.000566932
18.9132	34.917	4.8565	0.000471274
21.8846	36.8646	4.7969	0.000474689
17.2667	36.7732	0.250186	0.000520943
15.8122	34.7222	4.90382	0.000475992
18.9132	34.917	4.8565	0.000471274
18.7212	38.8242	0.207396	0.000566932
17.2667	36.7732	0.250186	0.000520943
18.9132	34.917	4.8565	0.000471274
18.7212	38.8242	0.207396	0.000566932
15.601	39.0202	0.243891	0.0005848
17.2667	36.7732	0.250186	0.000520943
18.7981	41.9596	0.233956	0.000773736
18.7212	38.8242	0.207396	0.000566932
21.9014	39.3141	0.237051	0.000564816
15.601	39.0202	0.243891	0.0005848
15.8122	34.7222	4.90382	0.000475992
17.2667	36.7732	0.250186	0.000520943
14.001	23.9462	4.98954	0.000419325
14.6026	21.856	4.98324	0.000413617
17.2998	24.7062	4.98565	0.000416475
13.1107	27.6505	4.99035	0.000432067
12.8447	30.6708	4.98288	0.000446666
10.1383	27.6505	4.99434	0.000436454
15.2052	26.1784	4.98864	0.000423843
15.7173	29.727	4.97812	0.000436558
13.1107	27.6505	4.99035	0.000432067
20.3799	24.7062	4.97951	0.000413001
18.0114	27.1222	4.98136	0.000422755
17.2998	24.7062	4.98565	0.000416475
18.7229	29.5382	4.96425	0.000431071
15.7173	29.727	4.97812	0.000436558
18.0114	27.1222	4.98136	0.000422755
18.7229	29.5382	4.96425	0.000431071
18.6835	32.5943	4.91802	0.000448821
15.7173	29.727	4.97812	0.000436558
10.9756	24.1362	4.99337	0.000424235
8.05963	24.7062	4.99583	0.000429368
8.66123	21.856	4.99255	0.000422263
10.1383	27.6505	4.99434	0.000436454
8.05963	24.7062	4.99583	0.000429368
10.9756	24.1362	4.99337	0.000424235
10.1383	27.6505	4.99434	0.000436454
9.80591	30.6708	4.99112	0.000452203
7.16598	27.6505	4.99671	0.000439934
6.70061	30.2933	4.99606	0.000453208
7.16598	27.6505	4.99671	0.000439934
9.80591	30.6708	4.99112	0.000452203
4.97956	24.7062	4.99708	0.000432362
5.62671	21.6734	4.99449	0.000424941
8.05963	24.7062	4.99583	0.000429368
3.67737	19.1174	4.99155	0.000422079
5.62671	21.6734	4.99449	0.000424941
2.71986	21.856	4.99593	0.000427373
6.52038	19.1174	4.98843	0.000420056
4.76616	16.5071	4.98097	0.000417993
7.464	16.5071	4.97318	0.000416
25	30.6708	4.9139	0.00040256
28.0388	30.6708	4.93306	0.000389267
28.0866	33.7485	3.56123	0.00032659
47.2801	21.856	4.99538	0.000425244
48.1005	24.7062	4.9974	0.000432473
45.0204	24.7062	4.99682	0.000429774
26.4215	19.1174	4.9413	0.00039739
26.3489	16.5071	4.87947	0.00039408
28.6113	17.5512	4.93741	0.000395691
18.0114	27.1222	4.98136	0.000422755
22.0277	27.6505	4.97257	0.00041951
18.7229	29.5382	4.96425	0.000431071
17.2541	20.9431	4.96846	0.000407683
20.544	21.856	4.96401	0.000405877
17.2998	24.7062	4.98565	0.000416475
23.0771	23.3761	4.97564	0.000406309
26.1025	23.1861	4.97102	0.000399155
25.3391	26.1784	4.97201	0.000405059
17.2998	24.7062	4.98565	0.000416475
20.544	21.856	4.96401	0.000405877
20.3799	24.7062	4.97951	0.000413001
24.8405	21.1517	4.95696	0.000400602
26.1025	23.1861	4.97102	0.000399155
23.0771	23.3761	4.97564	0.000406309
20.544	21.856	4.96401	0.000405877
24.8405	21.1517	4.95696	0.000400602
23.0771	23.3761	4.97564	0.000406309
23.5785	19.1174	4.90847	0.000398241
26.4215	19.1174	4.9413	0.00039739
24.8405	21.1517	4.95696	0.000400602
31.199	26.5464	0.343031	0.000392677
30.7452	28.7831	4.94555	0.000392888
28.269	26.3624	4.95038	0.000392266
29.1279	22.9961	4.95915	0.000391094
31.199	26.5464	0.343031	0.000392677
28.269	26.3624	4.95038	0.000392266
32.7002	24.7062	4.95193	0.000390827
33.7508	28.5944	4.9642	0.00040001
31.199	26.5464	0.343031	0.000392677
20.544	21.856	4.96401	0.000405877
23.0771	23.3761	4.97564	0.000406309
20.3799	24.7062	4.97951	0.000413001
20.7355	19.1174	4.90546	0.00040015
20.544	21.856	4.96401	0.000405877
17.2541	20.9431	4.96846	0.000407683
17.7548	18.7251	4.93226	0.000402986
18.2554	16.5071	4.86001	0.000399169
20.7355	19.1174	4.90546	0.00040015
14.7591	18.4213	4.95925	0.00040733
17.7548	18.7251	4.93226	0.000402986
17.2541	20.9431	4.96846	0.000407683
14.7591	18.4213	4.95925	0.00040733
15.9817	15.8026	4.90319	0.000402103
17.7548	18.7251	4.93226	0.000402986
20.9532	16.5071	0.222174	0.000402399
23.5785	19.1174	4.90847	0.000398241
20.7355	19.1174	4.90546	0.00040015
23.5785	19.1174	4.90847	0.000398241
24.8405	21.1517	4.95696	0.000400602
20.544	21.856	4.96401	0.000405877
26.689	28.4246	4.95796	0.000403022
22.0277	27.6505	4.97257	0.00041951
25.3391	26.1784	4.97201	0.000405059
21.9612	30.6708	4.92342	0.000427498
18.6835	32.5943	4.91802	0.000448821
18.7229	29.5382	4.96425	0.000431071
20.7355	19.1174	4.90546	0.00040015
23.5785	19.1174	4.90847	0.000398241
20.544	21.856	4.96401	0.000405877
16.8484	14.0413	4.83362	0.000399561
19.5656	14.0413	0.182156	0.000402057
18.2554	16.5071	4.86001	0.000399169
16.8484	14.0413	4.83362	0.000399561
17.7988	12.3941	4.73359	0.00039797
19.5656	14.0413	0.182156	0.000402057
14.1312	14.0413	4.89068	0.000404319
16.8484	14.0413	4.83362	0.000399561
15.9817	15.8026	4.90319	0.000402103
15.1767	12.2293	4.80978	0.000402102
17.7988	12.3941	4.73359	0.00039797
16.8484	14.0413	4.83362	0.000399561
18.75	9.60269	0.0955931	0.000404559
21.25	9.60269	0.068737	0.000402381
19.9458	11.7351	0.123425	0.000401767
24.3933	15.2742	0.212502	0.000399341
23.5785	19.1174	4.90847	0.000398241
20.9532	16.5071	0.222174	0.000402399
4.97956	24.7062	4.99708	0.000432362
4.19365	27.6505	4.99781	0.000442819
1.8995	24.7062	4.99764	0.000434705
8.74996	9.60269	0.188693	0.000415855
9.93237	11.8999	4.84591	0.000409733
7.31021	11.7351	4.88937	0.000411703
46.8029	37.0605	4.96874	0.000451817
43.6827	37.2565	4.9331	0.000445368
46.6062	33.7485	4.98763	0.000443809
41.9404	24.7062	4.99577	0.000425849
45.0204	24.7062	4.99682	0.000429774
42.7675	28.0281	4.99557	0.000431926
38.8603	24.7062	4.99355	0.000420023
41.9404	24.7062	4.99577	0.000425849
39.9888	27.0985	4.9942	0.000425288
41.2294	22.236	4.9927	0.000419705
44.3095	21.856	4.99394	0.00042239
41.9404	24.7062	4.99577	0.000425849
48.7787	27.6505	4.99742	0.000438563
49.3105	30.6708	4.99538	0.000443121
46.2478	30.8632	4.9942	0.000440543
26.1025	23.1861	4.97102	0.000399155
24.8405	21.1517	4.95696	0.000400602
28.8815	20.2128	4.96388	0.00039628
28.269	26.3624	4.95038	0.000392266
26.1025	23.1861	4.97102	0.000399155
29.1279	22.9961	4.95915	0.000391094
23.0771	23.3761	4.97564	0.000406309
22.0277	27.6505	4.97257	0.00041951
20.3799	24.7062	4.97951	0.000413001
12.8447	30.6708	4.98288	0.000446666
12.7112	34.5275	4.96024	0.000481274
9.49534	33.1714	4.98725	0.000471745
10.1383	27.6505	4.99434	0.000436454
12.8447	30.6708	4.98288	0.000446666
9.80591	30.6708	4.99112	0.000452203
14.3285	32.6965	4.95977	0.000459438
18.6835	32.5943	4.91802	0.000448821
15.8122	34.7222	4.90382	0.000475992
25.1151	35.3065	0.184501	0.000346002
21.8846	36.8646	4.7969	0.000474689
21.9134	33.7485	0.253036	0.000438818
14.3285	32.6965	4.95977	0.000459438
12.7112	34.5275	4.96024	0.000481274
12.8447	30.6708	4.98288	0.000446666
18.9132	34.917	4.8565	0.000471274
15.8122	34.7222	4.90382	0.000475992
18.6835	32.5943	4.91802	0.000448821
15.601	39.0202	0.243891	0.0005848
12.5385	36.8646	4.93788	0.000520126
15.8122	34.7222	4.90382	0.000475992
23.5785	19.1174	4.90847	0.000398241
24.3933	15.2742	0.212502	0.000399341
26.3489	16.5071	4.87947	0.00039408
28.8815	20.2128	4.96388	0.00039628
24.8405	21.1517	4.95696	0.000400602
26.4215	19.1174	4.9413	0.00039739
18.2554	16.5071	4.86001	0.000399169
17.7548	18.7251	4.93226	0.000402986
15.9817	15.8026	4.90319	0.000402103
14.6026	21.856	4.98324	0.000413617
17.2541	20.9431	4.96846	0.000407683
17.2998	24.7062	4.98565	0.000416475
15.9817	15.8026	4.90319	0.000402103
13.1778	15.9788	4.94058	0.000407355
14.1312	14.0413	4.89068	0.000404319
14.6026	21.856	4.98324	0.000413617
14.7591	18.4213	4.95925	0.00040733
17.2541	20.9431	4.96846	0.000407683
11.4404	21.3083	4.98791	0.000417513
14.001	23.9462	4.98954	0.000419325
10.9756	24.1362	4.99337	0.000424235
30.001	14.922	4.90348	0.000393389
30.9096	13.2177	4.84976	0.000392286
33.1516	14.0413	4.86837	0.000393333
31.7446	16.5071	4.937	0.000396034
30.001	14.922	4.90348	0.000393389
33.1516	14.0413	4.86837	0.000393333
25.6653	12.8882	4.73916	0.00039202
27.0253	10.7509	4.68322	0.000393075
28.2875	13.053	4.83242	0.000391953
25.6653	12.8882	4.73916	0.00039202
28.2875	13.053	4.83242	0.000391953
26.3489	16.5071	4.87947	0.00039408
33.75	9.60269	0.10525	0.00039845
36.25	9.60269	0.0991281	0.00039732
35.1085	11.7351	0.178224	0.000397874
39.693	16.8552	4.95717	0.000403313
41.2166	14.2175	4.91889	0.000398247
42.536	16.5071	4.96608	0.000405644
28.8815	20.2128	4.96388	0.00039628
26.4215	19.1174	4.9413	0.00039739
28.6113	17.5512	4.93741	0.000395691
40.625	40	0.222306	0.00047205
43.75	40	4.86659	0.000471005
43.6923	43.1354	0.239031	0.000582128
34.399	40.9798	0.169043	0.000558541
37.5	40	4.78105	0.000465224
37.5191	43.9145	0.14265	0.000678173
40.5769	36.8646	4.91295	0.000433852
43.6827	37.2565	4.9331	0.000445368
40.625	40	0.222306	0.00047205
37.3464	33.7485	4.96364	0.000420675
33.997	31.6326	4.96737	0.00040945
37.1553	30.6708	4.98241	0.000418156
40.625	40	0.222306	0.00047205
37.5	40	4.78105	0.000465224
40.5769	36.8646	4.91295	0.000433852
37.4615	36.8646	4.90984	0.000429487
34.1596	34.7385	4.93857	0.000418244
37.3464	33.7485	4.96364	0.000420675
46.2478	30.8632	4.9942	0.000440543
45.7731	27.8393	4.99687	0.000436259
48.7787	27.6505	4.99742	0.000438563
49.6928	33.7485	4.98997	0.000447106
46.6062	33.7485	4.98763	0.000443809
49.3105	30.6708	4.99538	0.000443121
40.1941	30.6708	4.98879	0.000427369
37.1553	30.6708	4.98241	0.000418156
36.8893	27.6505	4.9871	0.000415202
43.2329	30.6708	4.99188	0.000434558
40.1941	30.6708	4.98879	0.000427369
42.7675	28.0281	4.99557	0.000431926
40.433	33.7485	4.96974	0.000427413
37.3464	33.7485	4.96364	0.000420675
40.1941	30.6708	4.98879	0.000427369
31.3171	35.696	4.87626	0.000402541
31.2019	38.0404	0.230359	0.000448187
28.1154	36.8646	3.40445	0.000354146
33.997	31.6326	4.96737	0.00040945
34.1596	34.7385	4.93857	0.000418244
30.9343	31.8249	4.94665	0.000395472
34.3221	37.8444	4.84549	0.000441734
31.2019	38.0404	0.230359	0.000448187
31.3171	35.696	4.87626	0.000402541
37.5	40	4.78105	0.000465224
34.3221	37.8444	4.84549	0.000441734
37.4615	36.8646	4.90984	0.000429487
34.399	40.9798	0.169043	0.000558541
31.2019	38.0404	0.230359	0.000448187
34.3221	37.8444	4.84549	0.000441734
40.1941	30.6708	4.98879	0.000427369
39.9888	27.0985	4.9942	0.000425288
42.7675	28.0281	4.99557	0.000431926
7.16598	27.6505	4.99671	0.000439934
8.05963	24.7062	4.99583	0.000429368
10.1383	27.6505	4.99434	0.000436454
3.69504	30.482	4.99773	0.000457114
4.19365	27.6505	4.99781	0.000442819
6.70061	30.2933	4.99606	0.000453208
4.97956	24.7062	4.99708	0.000432362
8.05963	24.7062	4.99583	0.000429368
7.16598	27.6505	4.99671	0.000439934
2.71986	21.856	4.99593	0.000427373
4.97956	24.7062	4.99708	0.000432362
1.8995	24.7062	4.99764	0.000434705
14.001	23.9462	4.98954	0.000419325
11.4404	21.3083	4.98791	0.000417513
14.6026	21.856	4.98324	0.000413617
13.1107	27.6505	4.99035	0.000432067
10.9756	24.1362	4.99337	0.000424235
14.001	23.9462	4.98954	0.000419325
8.66123	21.856	4.99255	0.000422263
5.62671	21.6734	4.99449	0.000424941
6.52038	19.1174	4.98843	0.000420056
12.2064	19.1174	4.97695	0.000412695
11.4404	21.3083	4.98791	0.000417513
9.3634	19.1174	4.98384	0.000416962
8.05963	24.7062	4.99583	0.000429368
5.62671	21.6734	4.99449	0.000424941
8.66123	21.856	4.99255	0.000422263
44.3095	21.856	4.99394	0.00042239
41.2294	22.236	4.9927	0.000419705
43.4158	19.3	4.98656	0.000414558
45.7731	27.8393	4.99687	0.000436259
45.0204	24.7062	4.99682	0.000429774
48.1005	24.7062	4.9974	0.000432473
38.8603	24.7062	4.99355	0.000420023
36.8893	27.6505	4.9871	0.000415202
35.7802	24.7062	4.98377	0.000407506
45.7731	27.8393	4.99687	0.000436259
42.7675	28.0281	4.99557	0.000431926
45.0204	24.7062	4.99682	0.000429774
43.2329	30.6708	4.99188	0.000434558
46.2478	30.8632	4.9942	0.000440543
43.5196	33.7485	4.97842	0.000436339
40.433	33.7485	4.96974	0.000427413
43.2329	30.6708	4.99188	0.000434558
43.5196	33.7485	4.97842	0.000436339
42.7675	28.0281	4.99557	0.000431926
45.7731	27.8393	4.99687	0.000436259
43.2329	30.6708	4.99188	0.000434558
41.9404	24.7062	4.99577	0.000425849
42.7675	28.0281	4.99557	0.000431926
39.9888	27.0985	4.9942	0.000425288
45.7731	27.8393	4.99687	0.000436259
46.2478	30.8632	4.9942	0.000440543
43.2329	30.6708	4.99188	0.000434558
8.69678	14.0413	4.93425	0.000412467
5.97957	14.0413	4.95528	0.000414604
7.31021	11.7351	4.88937	0.000411703
10.1618	16.5071	4.96331	0.000412786
8.69678	14.0413	4.93425	0.000412467
11.414	14.0413	4.91371	0.000408915
7.464	16.5071	4.97318	0.000416
4.76616	16.5071	4.98097	0.000417993
5.97957	14.0413	4.95528	0.000414604
10.1618	16.5071	4.96331	0.000412786
7.464	16.5071	4.97318	0.000416
8.69678	14.0413	4.93425	0.000412467
10.1618	16.5071	4.96331	0.000412786
9.3634	19.1174	4.98384	0.000416962
7.464	16.5071	4.97318	0.000416
9.42308	36.8646	4.97907	0.000524695
9.49534	33.1714	4.98725	0.000471745
12.7112	34.5275	4.96024	0.000481274
12.5	40	4.93234	0.000620144
9.36058	39.4121	4.97823	0.000597982
12.5385	36.8646	4.93788	0.000520126
9.36058	39.4121	4.97823	0.000597982
6.30769	36.8646	4.99227	0.000524291
9.42308	36.8646	4.97907	0.000524695
3.19231	36.8646	4.99662	0.000525111
3.40821	33.9432	4.9972	0.000484482
6.30769	36.8646	4.99227	0.000524291
0.076922	36.8646	4.99761	0.000524638
3.19231	36.8646	4.99662	0.000525111
3.125	40	4.99632	0.00061181
0.076922	36.8646	4.99761	0.000524638
0.307214	33.7485	4.99795	0.000484129
3.19231	36.8646	4.99662	0.000525111
6.70061	30.2933	4.99606	0.000453208
9.80591	30.6708	4.99112	0.000452203
9.49534	33.1714	4.98725	0.000471745
2.71986	21.856	4.99593	0.000427373
5.62671	21.6734	4.99449	0.000424941
4.97956	24.7062	4.99708	0.000432362
18.0114	27.1222	4.98136	0.000422755
15.7173	29.727	4.97812	0.000436558
15.2052	26.1784	4.98864	0.000423843
43.5196	33.7485	4.97842	0.000436339
40.5769	36.8646	4.91295	0.000433852
40.433	33.7485	4.96974	0.000427413
49.9231	36.8646	4.97632	0.000455569
46.8029	37.0605	4.96874	0.000451817
49.6928	33.7485	4.98997	0.000447106
43.75	40	4.86659	0.000471005
40.625	40	0.222306	0.00047205
43.6827	37.2565	4.9331	0.000445368
13.1107	27.6505	4.99035	0.000432067
15.7173	29.727	4.97812	0.000436558
12.8447	30.6708	4.98288	0.000446666
10.9756	24.1362	4.99337	0.000424235
13.1107	27.6505	4.99035	0.000432067
10.1383	27.6505	4.99434	0.000436454
15.2052	26.1784	4.98864	0.000423843
17.2998	24.7062	4.98565	0.000416475
18.0114	27.1222	4.98136	0.000422755
14.001	23.9462	4.98954	0.000419325
15.2052	26.1784	4.98864	0.000423843
13.1107	27.6505	4.99035	0.000432067
14.001	23.9462	4.98954	0.000419325
17.2998	24.7062	4.98565	0.000416475
15.2052	26.1784	4.98864	0.000423843
46.6062	33.7485	4.98763	0.000443809
43.6827	37.2565	4.9331	0.000445368
43.5196	33.7485	4.97842	0.000436339
50	40	4.96009	0.000477536
46.8029	37.0605	4.96874	0.000451817
49.9231	36.8646	4.97632	0.000455569
46.8798	40.196	4.93532	0.000507455
43.75	40	4.86659	0.000471005
46.8029	37.0605	4.96874	0.000451817
21.9014	39.3141	0.237051	0.000564816
21.9183	41.7637	4.8484	0.000744674
18.7981	41.9596	0.233956	0.000773736
25	40	4.85917	0.000533118
21.9014	39.3141	0.237051	0.000564816
21.8846	36.8646	4.7969	0.000474689
25	40	4.85917	0.000533118
21.9183	41.7637	4.8484	0.000744674
21.9014	39.3141	0.237051	0.000564816
22.0142	44.8882	4.90901	0.00119554
18.7981	41.9596	0.233956	0.000773736
21.9183	41.7637	4.8484	0.000744674
3.69504	30.482	4.99773	0.000457114
3.40821	33.9432	4.9972	0.000484482
0.68946	30.6708	4.99821	0.000460484
1.22131	27.6505	4.99818	0.000445197
3.69504	30.482	4.99773	0.000457114
0.68946	30.6708	4.99821	0.000460484
6.70061	30.2933	4.99606	0.000453208
6.43263	33.3637	4.99469	0.000476089
3.69504	30.482	4.99773	0.000457114
43.5196	33.7485	4.97842	0.000436339
43.6827	37.2565	4.9331	0.000445368
40.5769	36.8646	4.91295	0.000433852
40.1941	30.6708	4.98879	0.000427369
43.2329	30.6708	4.99188	0.000434558
40.433	33.7485	4.96974	0.000427413
46.6062	33.7485	4.98763	0.000443809
49.6928	33.7485	4.98997	0.000447106
46.8029	37.0605	4.96874	0.000451817
46.2478	30.8632	4.9942	0.000440543
46.6062	33.7485	4.98763	0.000443809
43.5196	33.7485	4.97842	0.000436339
46.2478	30.8632	4.9942	0.000440543
49.3105	30.6708	4.99538	0.000443121
46.6062	33.7485	4.98763	0.000443809
46.8798	40.196	4.93532	0.000507455
46.8029	37.0605	4.96874	0.000451817
50	40	4.96009	0.000477536
9.4375	42.5475	4.98255	0.000842519
6.24038	39.6081	4.99204	0.000597119
9.36058	39.4121	4.97823	0.000597982
9.49534	33.1714	4.98725	0.000471745
9.80591	30.6708	4.99112	0.000452203
12.8447	30.6708	4.98288	0.000446666
12.5385	36.8646	4.93788	0.000520126
9.42308	36.8646	4.97907	0.000524695
12.7112	34.5275	4.96024	0.000481274
6.43263	33.3637	4.99469	0.000476089
6.70061	30.2933	4.99606	0.000453208
9.49534	33.1714	4.98725	0.000471745
4.19365	27.6505	4.99781	0.000442819
4.97956	24.7062	4.99708	0.000432362
7.16598	27.6505	4.99671	0.000439934
1.22131	27.6505	4.99818	0.000445197
4.19365	27.6505	4.99781	0.000442819
3.69504	30.482	4.99773	0.000457114
1.22131	27.6505	4.99818	0.000445197
1.8995	24.7062	4.99764	0.000434705
4.19365	27.6505	4.99781	0.000442819
6.70061	30.2933	4.99606	0.000453208
4.19365	27.6505	4.99781	0.000442819
7.16598	27.6505	4.99671	0.000439934
18.7229	29.5382	4.96425	0.000431071
22.0277	27.6505	4.97257	0.00041951
21.9612	30.6708	4.92342	0.000427498
14.3285	32.6965	4.95977	0.000459438
12.8447	30.6708	4.98288	0.000446666
15.7173	29.727	4.97812	0.000436558
18.6835	32.5943	4.91802	0.000448821
14.3285	32.6965	4.95977	0.000459438
15.7173	29.727	4.97812	0.000436558
15.8122	34.7222	4.90382	0.000475992
12.7112	34.5275	4.96024	0.000481274
14.3285	32.6965	4.95977	0.000459438
18.0114	27.1222	4.98136	0.000422755
20.3799	24.7062	4.97951	0.000413001
22.0277	27.6505	4.97257	0.00041951
3.40821	33.9432	4.9972	0.000484482
3.69504	30.482	4.99773	0.000457114
6.43263	33.3637	4.99469	0.000476089
46.8077	43.1354	4.91209	0.00057172
43.6923	43.1354	0.239031	0.000582128
46.8798	40.196	4.93532	0.000507455
49.9231	43.1354	4.9492	0.000567815
46.8077	43.1354	4.91209	0.00057172
46.8798	40.196	4.93532	0.000507455
46.2717	49.3292	4.95781	0.00111086
49.3105	49.3292	4.96772	0.00102518
48.7787	52.3495	4.96603	0.00179675
43.5196	46.2515	4.87365	0.000760586
46.2717	49.3292	4.95781	0.00111086
43.2329	49.3292	4.92874	0.00122784
40.433	46.2515	4.7938	0.000803879
43.5196	46.2515	4.87365	0.000760586
43.2329	49.3292	4.92874	0.00122784
43.6923	43.1354	0.239031	0.000582128
46.8077	43.1354	4.91209	0.00057172
46.6062	46.2515	4.93291	0.00072673
46.6062	46.2515	4.93291	0.00072673
49.3105	49.3292	4.96772	0.00102518
46.2717	49.3292	4.95781	0.00111086
6.30769	36.8646	4.99227	0.000524291
6.43263	33.3637	4.99469	0.000476089
9.42308	36.8646	4.97907	0.000524695
3.125	40	4.99632	0.00061181
3.19231	36.8646	4.99662	0.000525111
6.24038	39.6081	4.99204	0.000597119
3.40821	33.9432	4.9972	0.000484482
6.43263	33.3637	4.99469	0.000476089
6.30769	36.8646	4.99227	0.000524291
0.307214	33.7485	4.99795	0.000484129
3.40821	33.9432	4.9972	0.000484482
3.19231	36.8646	4.99662	0.000525111
0.307214	33.7485	4.99795	0.000484129
0.68946	30.6708	4.99821	0.000460484
3.40821	33.9432	4.9972	0.000484482
