25	30.6708	4.92151	0.000452131
28.0866	33.7485	3.3616	0.00032881
25.1151	35.3065	0.170665	0.000347506
22.0277	27.6505	4.97263	0.000460261
25	30.6708	4.92151	0.000452131
21.9612	30.6708	4.92486	0.000471281
26.689	28.4246	4.96083	0.000445642
28.269	26.3624	4.94871	0.000427218
30.7452	28.7831	4.94449	0.000428861
25	30.6708	4.92151	0.000452131
26.689	28.4246	4.96083	0.000445642
28.0388	30.6708	4.9429	0.000438062
25.3391	26.1784	4.97301	0.000445228
28.269	26.3624	4.94871	0.000427218
26.689	28.4246	4.96083	0.000445642
28.0388	30.6708	4.9429	0.000438062
30.9343	31.8249	4.95376	0.000441677
28.0866	33.7485	3.3616	0.00032881
22.0277	27.6505	4.97263	0.000460261
26.689	28.4246	4.96083	0.000445642
25	30.6708	4.92151	0.000452131
30.7452	28.7831	4.94449	0.000428861
30.9343	31.8249	4.95376	0.000441677
28.0388	30.6708	4.9429	0.000438062
26.689	28.4246	4.96083	0.000445642
30.7452	28.7831	4.94449	0.000428861
28.0388	30.6708	4.9429	0.000438062
26.1025	23.1861	4.97215	0.00043891
28.269	26.3624	4.94871	0.000427218
25.3391	26.1784	4.97301	0.000445228
29.1279	22.9961	4.95869	0.000427652
32.7002	24.7062	4.94974	0.000425274
31.199	26.5464	0.343351	0.000423925
33.7508	28.5944	4.96325	0.000436819
30.9343	31.8249	4.95376	0.000441677
30.7452	28.7831	4.94449	0.000428861
31.199	26.5464	0.343351	0.000423925
33.7508	28.5944	4.96325	0.000436819
30.7452	28.7831	4.94449	0.000428861
37.4615	36.8646	4.90963	0.000467249
40.433	33.7485	4.96992	0.00046862
40.5769	36.8646	4.9131	0.000473646
36.8893	27.6505	4.98813	0.000457175
37.1553	30.6708	4.98329	0.000459933
33.7508	28.5944	4.96325	0.000436819
36.8893	27.6505	4.98813	0.000457175
39.9888	27.0985	4.99461	0.000467882
40.1941	30.6708	4.98912	0.000469793
34.9506	19.1174	4.97315	0.000443822
34.4425	16.5071	4.93724	0.000436877
37.1403	16.5071	4.94067	0.000438952
38.204	22.4261	4.99119	0.000456855
35.1786	22.6161	4.98394	0.00044601
36.4861	20.8667	4.98298	0.000449151
32.1075	19.1174	4.96883	0.00043891
28.8815	20.2128	4.96488	0.000435769
28.6113	17.5512	4.93799	0.000434588
38.204	22.4261	4.99119	0.000456855
35.7802	24.7062	4.98482	0.000448391
35.1786	22.6161	4.98394	0.00044601
32.7002	24.7062	4.94974	0.000425274
29.1279	22.9961	4.95869	0.000427652
32.4267	21.856	4.97453	0.000436257
45.7731	27.8393	4.99693	0.000479504
48.1005	24.7062	4.99743	0.000475193
48.7787	27.6505	4.99749	0.00048211
38.8603	24.7062	4.9942	0.000462387
41.2294	22.236	4.99276	0.000461132
41.9404	24.7062	4.99585	0.000467988
38.8603	24.7062	4.9942	0.000462387
38.204	22.4261	4.99119	0.000456855
41.2294	22.236	4.99276	0.000461132
36.8893	27.6505	4.98813	0.000457175
38.8603	24.7062	4.9942	0.000462387
39.9888	27.0985	4.99461	0.000467882
35.7802	24.7062	4.98482	0.000448391
38.204	22.4261	4.99119	0.000456855
38.8603	24.7062	4.9942	0.000462387
33.7508	28.5944	4.96325	0.000436819
35.7802	24.7062	4.98482	0.000448391
36.8893	27.6505	4.98813	0.000457175
32.7002	24.7062	4.94974	0.000425274
32.4267	21.856	4.97453	0.000436257
35.1786	22.6161	4.98394	0.00044601
37.7936	19.1174	4.97573	0.000447288
40.5089	19.4825	4.98271	0.000452007
38.204	22.4261	4.99119	0.000456855
35.1786	22.6161	4.98394	0.00044601
32.4267	21.856	4.97453	0.000436257
34.9506	19.1174	4.97315	0.000443822
36.4861	20.8667	4.98298	0.000449151
35.1786	22.6161	4.98394	0.00044601
34.9506	19.1174	4.97315	0.000443822
37.7936	19.1174	4.97573	0.000447288
36.4861	20.8667	4.98298	0.000449151
34.9506	19.1174	4.97315	0.000443822
37.7936	19.1174	4.97573	0.000447288
38.204	22.4261	4.99119	0.000456855
36.4861	20.8667	4.98298	0.000449151
35.7802	24.7062	4.98482	0.000448391
32.7002	24.7062	4.94974	0.000425274
35.1786	22.6161	4.98394	0.00044601
33.7508	28.5944	4.96325	0.000436819
32.7002	24.7062	4.94974	0.000425274
35.7802	24.7062	4.98482	0.000448391
29.1279	22.9961	4.95869	0.000427652
28.8815	20.2128	4.96488	0.000435769
32.4267	21.856	4.97453	0.000436257
37.1403	16.5071	4.94067	0.000438952
39.693	16.8552	4.9572	0.000442567
37.7936	19.1174	4.97573	0.000447288
44.3095	21.856	4.99394	0.000463945
47.2801	21.856	4.9954	0.000467116
45.0204	24.7062	4.99683	0.000472183
41.9404	24.7062	4.99585	0.000467988
44.3095	21.856	4.99394	0.000463945
45.0204	24.7062	4.99683	0.000472183
43.4158	19.3	4.98657	0.00045523
46.3226	19.1174	4.98981	0.000458306
44.3095	21.856	4.99394	0.000463945
28.0866	46.2515	4.89306	0.00144189
31.0776	49.3292	4.84289	0.00275756
28.0388	49.3292	4.90216	0.0031428
25	43.1354	4.90791	0.000870835
28.1154	43.1354	4.85799	0.000848383
28.0866	46.2515	4.89306	0.00144189
37.3464	46.2515	0.158887	0.00097545
34.3294	43.6157	0.132574	0.000763667
37.5191	43.9145	0.142814	0.000720109
31.226	43.7137	0.187443	0.000858696
31.2788	41.1758	0.183535	0.000644207
34.3294	43.6157	0.132574	0.000763667
28.0866	46.2515	4.89306	0.00144189
31.226	43.7137	0.187443	0.000858696
31.1732	46.2515	4.78196	0.00133698
28.1154	43.1354	4.85799	0.000848383
31.2788	41.1758	0.183535	0.000644207
31.226	43.7137	0.187443	0.000858696
25	46.2515	4.92698	0.0014841
25	43.1354	4.90791	0.000870835
28.0866	46.2515	4.89306	0.00144189
28.125	40	4.836	0.000566867
31.2788	41.1758	0.183535	0.000644207
28.1154	43.1354	4.85799	0.000848383
28.125	40	4.836	0.000566867
31.2019	38.0404	0.236107	0.000493796
31.2788	41.1758	0.183535	0.000644207
31.2019	38.0404	0.236107	0.000493796
34.399	40.9798	0.168481	0.00059773
31.2788	41.1758	0.183535	0.000644207
28.0866	33.7485	3.3616	0.00032881
31.3171	35.696	4.88746	0.000451355
28.1154	36.8646	3.27868	0.000351706
37.3464	33.7485	4.96382	0.000460682
37.1553	30.6708	4.98329	0.000459933
40.1941	30.6708	4.98912	0.000469793
37.4615	36.8646	4.90963	0.000467249
37.3464	33.7485	4.96382	0.000460682
40.433	33.7485	4.96992	0.00046862
37.4615	36.8646	4.90963	0.000467249
34.3221	37.8444	4.84542	0.00047924
34.1596	34.7385	4.93957	0.00045834
34.1596	34.7385	4.93957	0.00045834
33.997	31.6326	4.96871	0.000450163
37.3464	33.7485	4.96382	0.000460682
31.3171	35.696	4.88746	0.000451355
34.1596	34.7385	4.93957	0.00045834
34.3221	37.8444	4.84542	0.00047924
31.3171	35.696	4.88746	0.000451355
30.9343	31.8249	4.95376	0.000441677
34.1596	34.7385	4.93957	0.00045834
30.9343	31.8249	4.95376	0.000441677
33.7508	28.5944	4.96325	0.000436819
33.997	31.6326	4.96871	0.000450163
40.433	46.2515	4.79398	0.000847442
40.6201	43.7197	0.185821	0.000666922
43.5196	46.2515	4.8739	0.000807409
46.8029	37.0605	4.96893	0.000495214
43.75	40	4.86676	0.000512362
43.6827	37.2565	4.93326	0.000486994
49.9231	43.1354	4.94938	0.000615222
46.8798	40.196	4.93551	0.000553509
50	40	4.96029	0.000521505
49.9231	43.1354	4.94938	0.000615222
49.6928	46.2515	4.95739	0.000752468
46.8077	43.1354	4.91227	0.000618418
25	43.1354	4.90791	0.000870835
25	46.2515	4.92698	0.0014841
22.0142	44.8882	4.90902	0.00123609
25	40	4.86602	0.000583801
25	43.1354	4.90791	0.000870835
21.9183	41.7637	4.84866	0.00079203
25	40	4.86602	0.000583801
28.1154	43.1354	4.85799	0.000848383
25	43.1354	4.90791	0.000870835
31.2019	38.0404	0.236107	0.000493796
28.125	40	4.836	0.000566867
28.1154	36.8646	3.27868	0.000351706
28.1154	43.1354	4.85799	0.000848383
31.226	43.7137	0.187443	0.000858696
28.0866	46.2515	4.89306	0.00144189
18.7981	41.9596	0.234	0.000824581
15.601	39.0202	0.243966	0.000632706
18.7212	38.8242	0.207415	0.000613529
17.2523	44.2036	4.89563	0.00119006
15.7402	46.2515	4.95139	0.00178249
14.1489	44.3016	4.94893	0.00121318
18.7981	41.9596	0.234	0.000824581
17.2523	44.2036	4.89563	0.00119006
15.6779	42.1556	4.87812	0.000881639
18.8268	46.2515	4.92687	0.00163836
15.7402	46.2515	4.95139	0.00178249
17.2523	44.2036	4.89563	0.00119006
21.7462	47.598	4.91776	0.00228644
18.8268	46.2515	4.92687	0.00163836
22.0142	44.8882	4.90902	0.00123609
21.7462	47.598	4.91776	0.00228644
18.9224	49.3292	4.9313	0.00362336
18.8268	46.2515	4.92687	0.00163836
15.6779	42.1556	4.87812	0.000881639
15.601	39.0202	0.243966	0.000632706
18.7981	41.9596	0.234	0.000824581
18.8268	46.2515	4.92687	0.00163836
17.2523	44.2036	4.89563	0.00119006
18.7981	41.9596	0.234	0.000824581
14.1489	44.3016	4.94893	0.00121318
12.6536	46.2515	4.97446	0.00164007
12.5577	42.3516	4.95353	0.000882945
15.6779	42.1556	4.87812	0.000881639
14.1489	44.3016	4.94893	0.00121318
12.5577	42.3516	4.95353	0.000882945
15.7402	46.2515	4.95139	0.00178249
12.6536	46.2515	4.97446	0.00164007
14.1489	44.3016	4.94893	0.00121318
12.7118	50.0843	4.97641	0.00440208
12.6536	46.2515	4.97446	0.00164007
15.8835	49.3292	4.96365	0.00362752
16.083	52.3495	4.95342	0.00886149
13.1107	52.3495	4.96566	0.00835801
15.8835	49.3292	4.96365	0.00362752
18.9224	49.3292	4.9313	0.00362336
16.083	52.3495	4.95342	0.00886149
15.8835	49.3292	4.96365	0.00362752
13.1107	52.3495	4.96566	0.00835801
10.6893	54.7417	4.94002	0.0156237
10.1383	52.3495	4.97017	0.00757715
15.8835	49.3292	4.96365	0.00362752
13.1107	52.3495	4.96566	0.00835801
12.7118	50.0843	4.97641	0.00440208
14.2198	55.2938	4.92374	0.0217994
10.6893	54.7417	4.94002	0.0156237
13.1107	52.3495	4.96566	0.00835801
17.0264	56.2438	4.89681	0.0315294
14.2198	55.2938	4.92374	0.0217994
16.083	52.3495	4.95342	0.00886149
17.2808	59.0298	4.77032	0.0783876
17.5295	61.7527	0.093757	4.66181
15.0494	60.8826	0.117991	0.106182
17.0264	56.2438	4.89681	0.0315294
17.2808	59.0298	4.77032	0.0783876
14.6026	58.144	4.81343	0.0536992
17.0264	56.2438	4.89681	0.0315294
20.0518	56.4338	4.8768	0.0344693
17.2808	59.0298	4.77032	0.0783876
7.16598	52.3495	4.97313	0.00688034
8.05963	55.2938	4.93075	0.0165636
4.92487	55.4838	4.93473	0.017134
6.76709	49.3292	4.98801	0.00302801
7.16598	52.3495	4.97313	0.00688034
4.19365	52.3495	4.97643	0.00642701
10.1383	52.3495	4.97017	0.00757715
8.05963	55.2938	4.93075	0.0165636
7.16598	52.3495	4.97313	0.00688034
12.7118	50.0843	4.97641	0.00440208
10.1383	52.3495	4.97017	0.00757715
9.70619	49.8955	4.98286	0.00380247
10.6893	54.7417	4.94002	0.0156237
8.05963	55.2938	4.93075	0.0165636
10.1383	52.3495	4.97017	0.00757715
12.5577	42.3516	4.95353	0.000882945
12.5	40	4.93237	0.000668454
15.6779	42.1556	4.87812	0.000881639
9.61019	45.6673	4.98777	0.00137974
12.5577	42.3516	4.95353	0.000882945
12.6536	46.2515	4.97446	0.00164007
9.61019	45.6673	4.98777	0.00137974
6.31731	42.7435	4.99272	0.000882401
9.4375	42.5475	4.98255	0.000895968
-3.10282e-28	40	4.99725	0.000700623
3.125	40	4.99627	0.000661092
3.19711	42.9395	4.99593	0.000900108
-3.10282e-28	40	4.99725	0.000700623
0.076922	36.8646	4.99757	0.000572229
3.125	40	4.99627	0.000661092
46.6062	46.2515	4.93309	0.000775109
46.2717	49.3292	4.95801	0.00116139
43.5196	46.2515	4.8739	0.000807409
43.6923	43.1354	0.239167	0.000627709
46.6062	46.2515	4.93309	0.000775109
43.5196	46.2515	4.8739	0.000807409
49.6928	46.2515	4.95739	0.000752468
49.3105	49.3292	4.96788	0.00107591
46.6062	46.2515	4.93309	0.000775109
27.4517	72.3429	0.00313233	0.0239312
25	72.3429	0.0031833	0.029565
27.0253	69.2491	0.00716302	0.0557244
24.7277	76.3587	0.00139816	0.01009
26.189	74.0896	0.00211488	0.0165253
27.2733	75.6267	0.00157205	0.0104725
24.7277	76.3587	0.00139816	0.01009
23.0327	74.7883	0.00190126	0.017074
26.189	74.0896	0.00211488	0.0165253
23.0339	79.8761	0.00108748	0.00682918
21.0802	79.5053	0.00119008	0.00787976
21.6827	78.0345	0.0012295	0.00842544
19.6759	76.9444	0.00145969	0.0103202
19.0551	74.0896	0.00245727	0.0208305
21.4331	74.0896	0.0022853	0.0220213
19.6759	76.9444	0.00145969	0.0103202
18.1801	75.6267	0.00193613	0.014083
19.0551	74.0896	0.00245727	0.0208305
21.4331	74.0896	0.0022853	0.0220213
23.0327	74.7883	0.00190126	0.017074
22.3999	76.5052	0.00143978	0.0111683
20.0967	72.3429	0.0036095	0.038488
22.5483	72.3429	0.00340028	0.0392345
21.4331	74.0896	0.0022853	0.0220213
16.5527	73.7985	0.00286958	0.0194144
17.645	72.3429	0.00384148	0.0293501
19.0551	74.0896	0.00245727	0.0208305
19.193	69.7412	0.00770743	0.074145
21.8037	69.5771	0.00732495	4.51054
20.0967	72.3429	0.0036095	0.038488
21.8037	69.5771	0.00732495	4.51054
23.75	70.3973	0.00565865	0.0597437
22.5483	72.3429	0.00340028	0.0392345
21.6827	78.0345	0.0012295	0.00842544
19.1515	78.89	0.00132085	0.00879902
19.6759	76.9444	0.00145969	0.0103202
22.3999	76.5052	0.00143978	0.0111683
19.6759	76.9444	0.00145969	0.0103202
21.4331	74.0896	0.0022853	0.0220213
22.3999	76.5052	0.00143978	0.0111683
21.6827	78.0345	0.0012295	0.00842544
19.6759	76.9444	0.00145969	0.0103202
24.7277	76.3587	0.00139816	0.01009
22.3999	76.5052	0.00143978	0.0111683
23.0327	74.7883	0.00190126	0.017074
24.7277	76.3587	0.00139816	0.01009
24.9752	78.5234	0.0011143	0.00685998
23.329	78.279	0.00115872	0.0076305
21.0802	79.5053	0.00119008	0.00787976
19.1515	78.89	0.00132085	0.00879902
21.6827	78.0345	0.0012295	0.00842544
25	80	0.00107221	0.00640113
24.9752	78.5234	0.0011143	0.00685998
26.9661	79.8761	0.00106262	0.00588192
19.6759	76.9444	0.00145969	0.0103202
19.1515	78.89	0.00132085	0.00879902
17.2597	78.0345	0.00157195	0.0103506
28.3173	78.0345	0.0011748	0.00646584
30.8485	78.89	0.00125586	0.0063294
28.9198	79.5053	0.00114148	0.00605863
18.1801	75.6267	0.00193613	0.014083
19.6759	76.9444	0.00145969	0.0103202
17.2597	78.0345	0.00157195	0.0103506
15.4167	76.9444	0.0019462	0.012102
18.1801	75.6267	0.00193613	0.014083
17.2597	78.0345	0.00157195	0.0103506
23.0327	74.7883	0.00190126	0.017074
21.4331	74.0896	0.0022853	0.0220213
22.5483	72.3429	0.00340028	0.0392345
15.4167	76.9444	0.0019462	0.012102
16.5527	73.7985	0.00286958	0.0194144
18.1801	75.6267	0.00193613	0.014083
20.0967	72.3429	0.0036095	0.038488
21.8037	69.5771	0.00732495	4.51054
22.5483	72.3429	0.00340028	0.0392345
15.4167	76.9444	0.0019462	0.012102
13.6336	75.6267	0.00282146	0.0166577
14.237	73.9441	0.00324541	0.0192859
29.3832	76.0659	0.0014968	0.00867765
31.3712	77.1646	0.00142671	0.0072881
28.3173	78.0345	0.0011748	0.00646584
31.9219	75.3472	0.00179792	0.00951114
34.5833	76.9444	0.0017607	0.0082147
32.7403	78.0345	0.00143747	0.00698161
14.237	73.9441	0.00324541	0.0192859
11.9212	74.0896	0.00401232	0.0224112
12.7417	72.3429	0.0048552	0.0270681
11.25	70.3973	0.00813751	0.0440496
12.7417	72.3429	0.0048552	0.0270681
10.2901	72.3429	0.00625996	0.0339042
17.645	72.3429	0.00384148	0.0293501
16.5527	73.7985	0.00286958	0.0194144
15.1934	72.3429	0.0042034	0.0259939
19.193	69.7412	0.00770743	0.074145
17.645	72.3429	0.00384148	0.0293501
16.25	70.3973	0.00669042	0.0437744
20.0967	72.3429	0.0036095	0.038488
19.0551	74.0896	0.00245727	0.0208305
17.645	72.3429	0.00384148	0.0293501
19.0551	74.0896	0.00245727	0.0208305
18.1801	75.6267	0.00193613	0.014083
16.5527	73.7985	0.00286958	0.0194144
32.355	72.3429	0.00319582	0.0185894
34.8066	72.3429	0.00355003	0.0175696
33.3228	74.0896	0.00233208	0.0119684
33.3228	74.0896	0.00233208	0.0119684
31.9219	75.3472	0.00179792	0.00951114
30.9297	73.8705	0.00224812	0.0134936
35.7008	74.0896	0.00275766	0.0127808
33.3228	74.0896	0.00233208	0.0119684
34.8066	72.3429	0.00355003	0.0175696
34.5833	76.9444	0.0017607	0.0082147
31.9219	75.3472	0.00179792	0.00951114
33.3228	74.0896	0.00233208	0.0119684
17.4187	68.2649	0.0122516	0.0901284
14.8915	68.2649	0.0120872	0.0743536
16.8484	65.9587	0.0239079	4.63456
16.25	70.3973	0.00669042	0.0437744
13.513	70.6966	0.00660496	0.0371194
14.8915	68.2649	0.0120872	0.0743536
19.193	69.7412	0.00770743	0.074145
16.25	70.3973	0.00669042	0.0437744
17.4187	68.2649	0.0122516	0.0901284
15.1934	72.3429	0.0042034	0.0259939
14.237	73.9441	0.00324541	0.0192859
12.7417	72.3429	0.0048552	0.0270681
17.645	72.3429	0.00384148	0.0293501
15.1934	72.3429	0.0042034	0.0259939
16.25	70.3973	0.00669042	0.0437744
16.5527	73.7985	0.00286958	0.0194144
14.237	73.9441	0.00324541	0.0192859
15.1934	72.3429	0.0042034	0.0259939
12.7417	72.3429	0.0048552	0.0270681
11.25	70.3973	0.00813751	0.0440496
13.513	70.6966	0.00660496	0.0371194
8.74996	70.3973	0.0104507	0.0569912
11.25	70.3973	0.00813751	0.0440496
10.2901	72.3429	0.00625996	0.0339042
12.3644	68.2649	0.0129135	0.0726868
13.846	66.4528	0.0207416	0.10278
14.8915	68.2649	0.0120872	0.0743536
9.83732	68.2649	0.0146439	0.0865274
12.3644	68.2649	0.0129135	0.0726868
11.25	70.3973	0.00813751	0.0440496
9.83732	68.2649	0.0146439	0.0865274
11.414	65.9587	0.0253775	4.55546
12.3644	68.2649	0.0129135	0.0726868
9.83732	68.2649	0.0146439	0.0865274
11.25	70.3973	0.00813751	0.0440496
8.74996	70.3973	0.0104507	0.0569912
14.8915	68.2649	0.0120872	0.0743536
13.513	70.6966	0.00660496	0.0371194
12.3644	68.2649	0.0129135	0.0726868
15.1934	72.3429	0.0042034	0.0259939
12.7417	72.3429	0.0048552	0.0270681
13.513	70.6966	0.00660496	0.0371194
15.4167	76.9444	0.0019462	0.012102
14.237	73.9441	0.00324541	0.0192859
16.5527	73.7985	0.00286958	0.0194144
13.6336	75.6267	0.00282146	0.0166577
11.9212	74.0896	0.00401232	0.0224112
14.237	73.9441	0.00324541	0.0192859
11.9212	74.0896	0.00401232	0.0224112
10.2901	72.3429	0.00625996	0.0339042
12.7417	72.3429	0.0048552	0.0270681
7.31021	68.2649	0.0185935	0.108738
9.83732	68.2649	0.0146439	0.0865274
8.74996	70.3973	0.0104507	0.0569912
7.31021	68.2649	0.0185935	0.108738
5.97957	65.9587	0.0358421	4.64187
8.78345	65.7825	0.0295453	4.61122
28.3173	78.0345	0.0011748	0.00646584
28.9198	79.5053	0.00114148	0.00605863
26.9661	79.8761	0.00106262	0.00588192
31.3712	77.1646	0.00142671	0.0072881
31.9219	75.3472	0.00179792	0.00951114
32.7403	78.0345	0.00143747	0.00698161
28.3173	78.0345	0.0011748	0.00646584
31.3712	77.1646	0.00142671	0.0072881
30.8485	78.89	0.00125586	0.0063294
29.3832	76.0659	0.0014968	0.00867765
31.9219	75.3472	0.00179792	0.00951114
31.3712	77.1646	0.00142671	0.0072881
27.2733	75.6267	0.00157205	0.0104725
29.3832	76.0659	0.0014968	0.00867765
28.3173	78.0345	0.0011748	0.00646584
28.5669	74.0896	0.00210315	0.0141802
29.9033	72.3429	0.00311016	0.021519
30.9297	73.8705	0.00224812	0.0134936
27.2733	75.6267	0.00157205	0.0104725
28.5669	74.0896	0.00210315	0.0141802
29.3832	76.0659	0.0014968	0.00867765
27.2733	75.6267	0.00157205	0.0104725
26.189	74.0896	0.00211488	0.0165253
28.5669	74.0896	0.00210315	0.0141802
26.2439	77.6257	0.00119791	0.00737237
27.2733	75.6267	0.00157205	0.0104725
28.3173	78.0345	0.0011748	0.00646584
26.9661	79.8761	0.00106262	0.00588192
26.2439	77.6257	0.00119791	0.00737237
28.3173	78.0345	0.0011748	0.00646584
24.9752	78.5234	0.0011143	0.00685998
24.7277	76.3587	0.00139816	0.01009
26.2439	77.6257	0.00119791	0.00737237
31.0572	70.658	0.00468056	0.0330907
30.0542	68.2649	0.00913225	4.40146
32.2468	68.921	0.00731545	0.044791
31.0572	70.658	0.00468056	0.0330907
28.75	70.3973	0.0051762	0.0404514
30.0542	68.2649	0.00913225	4.40146
33.75	70.3973	0.00526775	0.0270634
31.0572	70.658	0.00468056	0.0330907
32.2468	68.921	0.00731545	0.044791
29.9033	72.3429	0.00311016	0.021519
28.75	70.3973	0.0051762	0.0404514
31.0572	70.658	0.00468056	0.0330907
30.9297	73.8705	0.00224812	0.0134936
29.9033	72.3429	0.00311016	0.021519
32.355	72.3429	0.00319582	0.0185894
33.3228	74.0896	0.00233208	0.0119684
30.9297	73.8705	0.00224812	0.0134936
32.355	72.3429	0.00319582	0.0185894
31.9219	75.3472	0.00179792	0.00951114
29.3832	76.0659	0.0014968	0.00867765
30.9297	73.8705	0.00224812	0.0134936
28.5669	74.0896	0.00210315	0.0141802
26.189	74.0896	0.00211488	0.0165253
27.4517	72.3429	0.00313233	0.0239312
25	72.3429	0.0031833	0.029565
23.75	70.3973	0.00565865	0.0597437
27.0253	69.2491	0.00716302	0.0557244
26.9661	79.8761	0.00106262	0.00588192
24.9752	78.5234	0.0011143	0.00685998
26.2439	77.6257	0.00119791	0.00737237
27.0253	69.2491	0.00716302	0.0557244
24.3347	67.1118	0.0146767	0.113888
26.9568	67.2765	0.012796	0.0821918
19.0904	66.7823	0.0190352	0.137403
19.999	65.078	0.0336049	4.68983
22.2828	65.9587	0.0223783	4.66535
17.4187	68.2649	0.0122516	0.0901284
19.0904	66.7823	0.0190352	0.137403
19.193	69.7412	0.00770743	0.074145
17.4187	68.2649	0.0122516	0.0901284
16.8484	65.9587	0.0239079	4.63456
19.0904	66.7823	0.0190352	0.137403
27.4517	72.3429	0.00313233	0.0239312
28.75	70.3973	0.0051762	0.0404514
29.9033	72.3429	0.00311016	0.021519
28.5669	74.0896	0.00210315	0.0141802
27.4517	72.3429	0.00313233	0.0239312
29.9033	72.3429	0.00311016	0.021519
26.189	74.0896	0.00211488	0.0165253
25	72.3429	0.0031833	0.029565
27.4517	72.3429	0.00313233	0.0239312
27.0253	69.2491	0.00716302	0.0557244
26.9568	67.2765	0.012796	0.0821918
30.0542	68.2649	0.00913225	4.40146
27.4517	72.3429	0.00313233	0.0239312
27.0253	69.2491	0.00716302	0.0557244
28.75	70.3973	0.0051762	0.0404514
23.75	70.3973	0.00565865	0.0597437
24.3347	67.1118	0.0146767	0.113888
27.0253	69.2491	0.00716302	0.0557244
34.8233	67.7707	0.0110857	0.0466885
37.4455	67.9354	0.0123206	4.34406
36.25	70.3973	0.0059979	0.0303554
31.3712	77.1646	0.00142671	0.0072881
32.7403	78.0345	0.00143747	0.00698161
30.8485	78.89	0.00125586	0.0063294
23.329	78.279	0.00115872	0.0076305
22.3999	76.5052	0.00143978	0.0111683
24.7277	76.3587	0.00139816	0.01009
23.0339	79.8761	0.00108748	0.00682918
23.329	78.279	0.00115872	0.0076305
24.9752	78.5234	0.0011143	0.00685998
21.6827	78.0345	0.0012295	0.00842544
22.3999	76.5052	0.00143978	0.0111683
23.329	78.279	0.00115872	0.0076305
21.6827	78.0345	0.0012295	0.00842544
23.329	78.279	0.00115872	0.0076305
23.0339	79.8761	0.00108748	0.00682918
25	72.3429	0.0031833	0.029565
26.189	74.0896	0.00211488	0.0165253
23.0327	74.7883	0.00190126	0.017074
27.2733	75.6267	0.00157205	0.0104725
26.2439	77.6257	0.00119791	0.00737237
24.7277	76.3587	0.00139816	0.01009
25	80	0.00107221	0.00640113
23.0339	79.8761	0.00108748	0.00682918
24.9752	78.5234	0.0011143	0.00685998
35.7008	74.0896	0.00275766	0.0127808
37.3942	72.4885	0.00421303	0.0187029
38.0788	74.0896	0.00355912	0.0154887
34.5833	76.9444	0.0017607	0.0082147
35.7008	74.0896	0.00275766	0.0127808
36.3664	75.6267	0.00248462	0.0113396
34.8066	72.3429	0.00355003	0.0175696
37.3942	72.4885	0.00421303	0.0187029
35.7008	74.0896	0.00275766	0.0127808
34.5833	76.9444	0.0017607	0.0082147
33.3228	74.0896	0.00233208	0.0119684
35.7008	74.0896	0.00275766	0.0127808
33.75	70.3973	0.00526775	0.0270634
36.25	70.3973	0.0059979	0.0303554
34.8066	72.3429	0.00355003	0.0175696
35.7008	74.0896	0.00275766	0.0127808
38.0788	74.0896	0.00355912	0.0154887
36.3664	75.6267	0.00248462	0.0113396
37.4455	67.9354	0.0123206	4.34406
38.75	70.3973	0.00728854	0.0303434
36.25	70.3973	0.0059979	0.0303554
39.7099	72.3429	0.00564937	0.022141
38.0788	74.0896	0.00355912	0.0154887
37.3942	72.4885	0.00421303	0.0187029
36.25	70.3973	0.0059979	0.0303554
33.75	70.3973	0.00526775	0.0270634
34.8233	67.7707	0.0110857	0.0466885
37.3942	72.4885	0.00421303	0.0187029
36.25	70.3973	0.0059979	0.0303554
38.75	70.3973	0.00728854	0.0303434
37.3942	72.4885	0.00421303	0.0187029
34.8066	72.3429	0.00355003	0.0175696
36.25	70.3973	0.0059979	0.0303554
15.5575	63.4929	0.0555924	4.62719
16.8484	65.9587	0.0239079	4.63456
13.846	66.4528	0.0207416	0.10278
11.414	65.9587	0.0253775	4.55546
12.8597	63.4929	0.0511568	0.112815
13.846	66.4528	0.0207416	0.10278
15.0494	60.8826	0.117991	0.106182
17.5295	61.7527	0.093757	4.66181
15.5575	63.4929	0.0555924	4.62719
15.5575	63.4929	0.0555924	4.62719
17.5295	61.7527	0.093757	4.66181
16.8484	65.9587	0.0239079	4.63456
11.6319	58.144	4.81114	0.048145
14.6026	58.144	4.81343	0.0536992
12.3979	60.3349	0.134469	4.4759
14.6026	58.144	4.81343	0.0536992
17.2808	59.0298	4.77032	0.0783876
15.0494	60.8826	0.117991	0.106182
20.363	63.0044	0.0660833	4.68668
19.999	65.078	0.0336049	4.68983
17.5295	61.7527	0.093757	4.66181
20.7355	60.8826	0.126527	4.60481
20.363	63.0044	0.0660833	4.68668
17.5295	61.7527	0.093757	4.66181
20.7355	60.8826	0.126527	4.60481
23.0704	62.1007	0.0813239	0.136969
20.363	63.0044	0.0660833	4.68668
11.6319	58.144	4.81114	0.048145
10.6893	54.7417	4.94002	0.0156237
14.2198	55.2938	4.92374	0.0217994
9.3634	60.8826	0.117975	0.07887
11.6319	58.144	4.81114	0.048145
12.3979	60.3349	0.134469	4.4759
8.66123	58.144	4.81888	0.0375072
10.6893	54.7417	4.94002	0.0156237
11.6319	58.144	4.81114	0.048145
5.69054	58.144	4.83406	0.0404313
4.92487	55.4838	4.93473	0.017134
8.05963	55.2938	4.93075	0.0165636
6.4478	61.0566	0.121592	0.0815293
5.69054	58.144	4.83406	0.0404313
8.66123	58.144	4.81888	0.0375072
3.67737	60.8826	0.152823	4.4549
2.71986	58.144	4.86745	0.0379636
5.69054	58.144	4.83406	0.0404313
36.8222	64.0212	0.0363516	0.0480122
39.6261	63.8451	0.0441162	0.0407912
38.586	65.9587	0.0224496	0.0444777
34.1521	62.7968	0.0471961	4.44369
36.8222	64.0212	0.0363516	0.0480122
35.8688	65.9587	0.0192787	0.053519
37.7936	60.8826	0.104856	0.0281312
39.6261	63.8451	0.0441162	0.0407912
36.8222	64.0212	0.0363516	0.0480122
38.75	70.3973	0.00728854	0.0303434
40.1627	68.2649	0.0135325	0.0374883
41.25	70.3973	0.00965806	0.0273002
37.3942	72.4885	0.00421303	0.0187029
38.75	70.3973	0.00728854	0.0303434
39.7099	72.3429	0.00564937	0.022141
37.4455	67.9354	0.0123206	4.34406
40.1627	68.2649	0.0135325	0.0374883
38.75	70.3973	0.00728854	0.0303434
35.8688	65.9587	0.0192787	0.053519
37.4455	67.9354	0.0123206	4.34406
34.8233	67.7707	0.0110857	0.0466885
33.1516	65.9587	0.0170932	0.0650131
35.8688	65.9587	0.0192787	0.053519
34.8233	67.7707	0.0110857	0.0466885
34.1521	62.7968	0.0471961	4.44369
34.9506	60.8826	0.084134	0.0521483
36.8222	64.0212	0.0363516	0.0480122
38.75	70.3973	0.00728854	0.0303434
41.25	70.3973	0.00965806	0.0273002
39.7099	72.3429	0.00564937	0.022141
38.586	65.9587	0.0224496	0.0444777
40.1627	68.2649	0.0135325	0.0374883
37.4455	67.9354	0.0123206	4.34406
41.3032	65.9587	0.0265673	0.0422487
42.6898	68.2649	0.0176431	0.0339216
40.1627	68.2649	0.0135325	0.0374883
41.3032	65.9587	0.0265673	0.0422487
44.0204	65.9587	0.0340689	0.0480152
42.6898	68.2649	0.0176431	0.0339216
41.25	70.3973	0.00965806	0.0273002
40.1627	68.2649	0.0135325	0.0374883
42.6898	68.2649	0.0176431	0.0339216
36.8222	64.0212	0.0363516	0.0480122
34.9506	60.8826	0.084134	0.0521483
37.7936	60.8826	0.104856	0.0281312
2.71986	58.144	4.86745	0.0379636
4.92487	55.4838	4.93473	0.017134
5.69054	58.144	4.83406	0.0404313
8.66123	58.144	4.81888	0.0375072
8.05963	55.2938	4.93075	0.0165636
10.6893	54.7417	4.94002	0.0156237
6.4478	61.0566	0.121592	0.0815293
8.66123	58.144	4.81888	0.0375072
9.3634	60.8826	0.117975	0.07887
5.69054	58.144	4.83406	0.0404313
8.05963	55.2938	4.93075	0.0165636
8.66123	58.144	4.81888	0.0375072
1.8995	55.2938	4.95008	0.0140289
4.92487	55.4838	4.93473	0.017134
2.71986	58.144	4.86745	0.0379636
1.8995	55.2938	4.95008	0.0140289
1.22131	52.3495	4.97998	0.00567752
4.19365	52.3495	4.97643	0.00642701
41.3032	65.9587	0.0265673	0.0422487
42.43	63.669	0.0538439	4.34983
44.0204	65.9587	0.0340689	0.0480152
43.4796	60.8826	0.123766	0.0289214
40.6366	60.8826	0.115442	0.0290361
41.4664	58.5091	4.78892	0.0139907
45.2338	63.4929	0.0690588	0.0442899
43.4796	60.8826	0.123766	0.0289214
46.3226	60.8826	0.146079	0.0201196
42.43	63.669	0.0538439	4.34983
40.6366	60.8826	0.115442	0.0290361
43.4796	60.8826	0.123766	0.0289214
41.4664	58.5091	4.78892	0.0139907
38.5596	58.6917	4.7551	0.0166046
38.8603	55.2938	4.88652	0.00651998
46.3226	60.8826	0.146079	0.0201196
43.4796	60.8826	0.123766	0.0289214
44.2548	57.954	4.83325	0.0103717
42.43	63.669	0.0538439	4.34983
39.6261	63.8451	0.0441162	0.0407912
40.6366	60.8826	0.115442	0.0290361
44.0204	65.9587	0.0340689	0.0480152
42.43	63.669	0.0538439	4.34983
45.2338	63.4929	0.0690588	0.0442899
36.8222	64.0212	0.0363516	0.0480122
38.586	65.9587	0.0224496	0.0444777
35.8688	65.9587	0.0192787	0.053519
40.6366	60.8826	0.115442	0.0290361
39.6261	63.8451	0.0441162	0.0407912
37.7936	60.8826	0.104856	0.0281312
38.586	65.9587	0.0224496	0.0444777
37.4455	67.9354	0.0123206	4.34406
35.8688	65.9587	0.0192787	0.053519
41.3032	65.9587	0.0265673	0.0422487
38.586	65.9587	0.0224496	0.0444777
39.6261	63.8451	0.0441162	0.0407912
41.3032	65.9587	0.0265673	0.0422487
40.1627	68.2649	0.0135325	0.0374883
38.586	65.9587	0.0224496	0.0444777
32.2468	68.921	0.00731545	0.044791
30.4344	65.9587	0.0166801	0.0766167
33.1516	65.9587	0.0170932	0.0650131
21.7285	50.6506	0.30019	0.00555673
19.0553	52.3495	4.92241	0.00889066
18.9224	49.3292	4.9313	0.00362336
21.7462	47.598	4.91776	0.00228644
21.7285	50.6506	0.30019	0.00555673
18.9224	49.3292	4.9313	0.00362336
15.8835	49.3292	4.96365	0.00362752
18.8268	46.2515	4.92687	0.00163836
18.9224	49.3292	4.9313	0.00362336
22.0142	44.8882	4.90902	0.00123609
25	46.2515	4.92698	0.0014841
21.7462	47.598	4.91776	0.00228644
24.7341	50.8393	4.88324	0.00531137
22.4091	54.0056	4.86538	0.0152402
21.7285	50.6506	0.30019	0.00555673
26.54	55.2938	0.226737	0.0214104
26.4853	58.144	4.71569	0.0521538
23.0771	56.6239	4.83307	0.0336136
30.9447	52.3495	4.86088	0.00614139
29.6201	55.2938	4.79405	0.0158011
27.9723	52.3495	4.86263	0.00746691
26.4853	58.144	4.71569	0.0521538
26.4215	60.8826	0.0967516	4.53195
24.0253	59.6046	4.69557	0.0813514
29.6201	55.2938	4.79405	0.0158011
26.4853	58.144	4.71569	0.0521538
26.54	55.2938	0.226737	0.0214104
29.6201	55.2938	4.79405	0.0158011
32.1533	57.1939	0.166921	0.0258973
29.839	59.2394	0.112442	0.0569924
17.2808	59.0298	4.77032	0.0783876
20.7355	60.8826	0.126527	4.60481
17.5295	61.7527	0.093757	4.66181
23.0771	56.6239	4.83307	0.0336136
20.3936	58.6582	4.78379	0.0744198
20.0518	56.4338	4.8768	0.0344693
23.0771	56.6239	4.83307	0.0336136
24.0253	59.6046	4.69557	0.0813514
20.3936	58.6582	4.78379	0.0744198
39.0601	41.8598	0.183103	0.000604335
37.5191	43.9145	0.142814	0.000720109
37.5	40	4.78099	0.000502309
40.625	40	0.222411	0.000511792
39.0601	41.8598	0.183103	0.000604335
37.5	40	4.78099	0.000502309
40.6201	43.7197	0.185821	0.000666922
37.5191	43.9145	0.142814	0.000720109
39.0601	41.8598	0.183103	0.000604335
40.6201	43.7197	0.185821	0.000666922
40.433	46.2515	4.79398	0.000847442
37.5191	43.9145	0.142814	0.000720109
43.6923	43.1354	0.239167	0.000627709
40.6201	43.7197	0.185821	0.000666922
40.625	40	0.222411	0.000511792
43.6923	43.1354	0.239167	0.000627709
43.5196	46.2515	4.8739	0.000807409
40.6201	43.7197	0.185821	0.000666922
46.8798	40.196	4.93551	0.000553509
43.6923	43.1354	0.239167	0.000627709
43.75	40	4.86676	0.000512362
46.8077	43.1354	4.91227	0.000618418
49.6928	46.2515	4.95739	0.000752468
46.6062	46.2515	4.93309	0.000775109
37.5	40	4.78099	0.000502309
34.399	40.9798	0.168481	0.00059773
34.3221	37.8444	4.84542	0.00047924
40.5769	36.8646	4.9131	0.000473646
37.5	40	4.78099	0.000502309
37.4615	36.8646	4.90963	0.000467249
40.625	40	0.222411	0.000511792
40.6201	43.7197	0.185821	0.000666922
39.0601	41.8598	0.183103	0.000604335
40.1224	48.7521	4.85341	0.00123832
37.0597	48.5598	0.1952	0.00150025
37.3464	46.2515	0.158887	0.00097545
34.1165	49.3292	0.20287	0.00206179
36.7564	51.5944	4.82068	0.0029317
34.1289	53.2696	4.84146	0.00618745
31.1732	46.2515	4.78196	0.00133698
34.1165	49.3292	0.20287	0.00206179
31.0776	49.3292	4.84289	0.00275756
28.0866	46.2515	4.89306	0.00144189
31.1732	46.2515	4.78196	0.00133698
31.0776	49.3292	4.84289	0.00275756
34.3294	43.6157	0.132574	0.000763667
34.399	40.9798	0.168481	0.00059773
37.5191	43.9145	0.142814	0.000720109
31.1732	46.2515	4.78196	0.00133698
31.226	43.7137	0.187443	0.000858696
34.2598	46.2515	0.15058	0.00112256
31.2788	41.1758	0.183535	0.000644207
34.399	40.9798	0.168481	0.00059773
34.3294	43.6157	0.132574	0.000763667
37.0597	48.5598	0.1952	0.00150025
36.7564	51.5944	4.82068	0.0029317
34.1165	49.3292	0.20287	0.00206179
37.3464	46.2515	0.158887	0.00097545
37.0597	48.5598	0.1952	0.00150025
34.2598	46.2515	0.15058	0.00112256
40.433	46.2515	4.79398	0.000847442
37.3464	46.2515	0.158887	0.00097545
37.5191	43.9145	0.142814	0.000720109
40.433	46.2515	4.79398	0.000847442
40.1224	48.7521	4.85341	0.00123832
37.3464	46.2515	0.158887	0.00097545
40.1224	48.7521	4.85341	0.00123832
36.7564	51.5944	4.82068	0.0029317
37.0597	48.5598	0.1952	0.00150025
46.2717	49.3292	4.95801	0.00116139
45.8487	52.5335	4.95851	0.00220717
43.2329	49.3292	4.92894	0.00127619
34.1165	49.3292	0.20287	0.00206179
34.1289	53.2696	4.84146	0.00618745
30.9447	52.3495	4.86088	0.00614139
7.464	63.4929	0.05857	4.58946
8.78345	65.7825	0.0295453	4.61122
5.97957	65.9587	0.0358421	4.64187
6.4478	61.0566	0.121592	0.0815293
7.464	63.4929	0.05857	4.58946
4.76616	63.4929	0.0710703	0.116267
6.4478	61.0566	0.121592	0.0815293
9.3634	60.8826	0.117975	0.07887
7.464	63.4929	0.05857	4.58946
12.3979	60.3349	0.134469	4.4759
10.1618	63.4929	0.0517386	0.113587
9.3634	60.8826	0.117975	0.07887
12.8597	63.4929	0.0511568	0.112815
15.0494	60.8826	0.117991	0.106182
15.5575	63.4929	0.0555924	4.62719
12.3644	68.2649	0.0129135	0.0726868
13.513	70.6966	0.00660496	0.0371194
11.25	70.3973	0.00813751	0.0440496
16.8484	65.9587	0.0239079	4.63456
14.8915	68.2649	0.0120872	0.0743536
13.846	66.4528	0.0207416	0.10278
17.4187	68.2649	0.0122516	0.0901284
16.25	70.3973	0.00669042	0.0437744
14.8915	68.2649	0.0120872	0.0743536
19.999	65.078	0.0336049	4.68983
19.0904	66.7823	0.0190352	0.137403
16.8484	65.9587	0.0239079	4.63456
19.193	69.7412	0.00770743	0.074145
20.0967	72.3429	0.0036095	0.038488
17.645	72.3429	0.00384148	0.0293501
9.83732	68.2649	0.0146439	0.0865274
8.78345	65.7825	0.0295453	4.61122
11.414	65.9587	0.0253775	4.55546
6.48041	46.2515	4.99224	0.00154176
3.72828	49.3292	4.98997	0.00282133
3.39381	46.2515	4.99465	0.00145214
9.70619	49.8955	4.98286	0.00380247
6.76709	49.3292	4.98801	0.00302801
9.61019	45.6673	4.98777	0.00137974
9.70619	49.8955	4.98286	0.00380247
10.1383	52.3495	4.97017	0.00757715
7.16598	52.3495	4.97313	0.00688034
13.1107	52.3495	4.96566	0.00835801
10.1383	52.3495	4.97017	0.00757715
12.7118	50.0843	4.97641	0.00440208
4.19365	52.3495	4.97643	0.00642701
3.72828	49.3292	4.98997	0.00282133
6.76709	49.3292	4.98801	0.00302801
1.8995	55.2938	4.95008	0.0140289
4.19365	52.3495	4.97643	0.00642701
4.92487	55.4838	4.93473	0.017134
1.22131	52.3495	4.97998	0.00567752
3.72828	49.3292	4.98997	0.00282133
4.19365	52.3495	4.97643	0.00642701
22.2828	65.9587	0.0223783	4.66535
23.0704	62.1007	0.0813239	0.136969
25.6067	64.7258	0.0296535	4.60521
21.8037	69.5771	0.00732495	4.51054
22.2828	65.9587	0.0223783	4.66535
24.3347	67.1118	0.0146767	0.113888
19.999	65.078	0.0336049	4.68983
20.363	63.0044	0.0660833	4.68668
22.2828	65.9587	0.0223783	4.66535
21.8037	69.5771	0.00732495	4.51054
19.193	69.7412	0.00770743	0.074145
19.0904	66.7823	0.0190352	0.137403
16.8484	65.9587	0.0239079	4.63456
17.5295	61.7527	0.093757	4.66181
19.999	65.078	0.0336049	4.68983
22.2828	65.9587	0.0223783	4.66535
20.363	63.0044	0.0660833	4.68668
23.0704	62.1007	0.0813239	0.136969
16.25	70.3973	0.00669042	0.0437744
15.1934	72.3429	0.0042034	0.0259939
13.513	70.6966	0.00660496	0.0371194
7.464	63.4929	0.05857	4.58946
10.1618	63.4929	0.0517386	0.113587
8.78345	65.7825	0.0295453	4.61122
20.0518	56.4338	4.8768	0.0344693
19.0553	52.3495	4.92241	0.00889066
22.4091	54.0056	4.86538	0.0152402
20.3936	58.6582	4.78379	0.0744198
17.2808	59.0298	4.77032	0.0783876
20.0518	56.4338	4.8768	0.0344693
15.0494	60.8826	0.117991	0.106182
12.8597	63.4929	0.0511568	0.112815
12.3979	60.3349	0.134469	4.4759
9.3634	60.8826	0.117975	0.07887
8.66123	58.144	4.81888	0.0375072
11.6319	58.144	4.81114	0.048145
9.70619	49.8955	4.98286	0.00380247
7.16598	52.3495	4.97313	0.00688034
6.76709	49.3292	4.98801	0.00302801
13.1107	52.3495	4.96566	0.00835801
16.083	52.3495	4.95342	0.00886149
14.2198	55.2938	4.92374	0.0217994
23.0771	56.6239	4.83307	0.0336136
22.4091	54.0056	4.86538	0.0152402
26.54	55.2938	0.226737	0.0214104
20.7355	60.8826	0.126527	4.60481
20.3936	58.6582	4.78379	0.0744198
24.0253	59.6046	4.69557	0.0813514
20.0518	56.4338	4.8768	0.0344693
22.4091	54.0056	4.86538	0.0152402
23.0771	56.6239	4.83307	0.0336136
20.7355	60.8826	0.126527	4.60481
17.2808	59.0298	4.77032	0.0783876
20.3936	58.6582	4.78379	0.0744198
17.0264	56.2438	4.89681	0.0315294
19.0553	52.3495	4.92241	0.00889066
20.0518	56.4338	4.8768	0.0344693
6.30769	36.8646	4.99223	0.000571334
6.24038	39.6081	4.992	0.000645843
3.19231	36.8646	4.99657	0.000572505
9.49534	33.1714	4.98722	0.000516239
9.42308	36.8646	4.97904	0.000571254
6.43263	33.3637	4.99465	0.000521131
6.31731	42.7435	4.99272	0.000882401
3.125	40	4.99627	0.000661092
6.24038	39.6081	4.992	0.000645843
9.4375	42.5475	4.98255	0.000895968
12.5	40	4.93237	0.000668454
12.5577	42.3516	4.95353	0.000882945
6.30769	36.8646	4.99223	0.000571334
9.36058	39.4121	4.9782	0.000646165
6.24038	39.6081	4.992	0.000645843
9.42308	36.8646	4.97904	0.000571254
12.5385	36.8646	4.9379	0.000566221
9.36058	39.4121	4.9782	0.000646165
15.8122	34.7222	4.90377	0.000519833
12.5385	36.8646	4.9379	0.000566221
12.7112	34.5275	4.96025	0.000525914
9.4375	42.5475	4.98255	0.000895968
12.5577	42.3516	4.95353	0.000882945
9.61019	45.6673	4.98777	0.00137974
6.24038	39.6081	4.992	0.000645843
9.4375	42.5475	4.98255	0.000895968
6.31731	42.7435	4.99272	0.000882401
9.36058	39.4121	4.9782	0.000646165
12.5	40	4.93237	0.000668454
9.4375	42.5475	4.98255	0.000895968
15.601	39.0202	0.243966	0.000632706
12.5	40	4.93237	0.000668454
12.5385	36.8646	4.9379	0.000566221
15.601	39.0202	0.243966	0.000632706
15.6779	42.1556	4.87812	0.000881639
12.5	40	4.93237	0.000668454
6.48041	46.2515	4.99224	0.00154176
6.76709	49.3292	4.98801	0.00302801
3.72828	49.3292	4.98997	0.00282133
6.31731	42.7435	4.99272	0.000882401
6.48041	46.2515	4.99224	0.00154176
3.39381	46.2515	4.99465	0.00145214
9.61019	45.6673	4.98777	0.00137974
6.76709	49.3292	4.98801	0.00302801
6.48041	46.2515	4.99224	0.00154176
12.7118	50.0843	4.97641	0.00440208
9.70619	49.8955	4.98286	0.00380247
11.1799	48.0735	4.98185	0.00266249
3.19711	42.9395	4.99593	0.000900108
0.076922	43.1354	4.99659	0.000922414
-3.10282e-28	40	4.99725	0.000700623
6.31731	42.7435	4.99272	0.000882401
3.19711	42.9395	4.99593	0.000900108
3.125	40	4.99627	0.000661092
3.39381	46.2515	4.99465	0.00145214
0.307214	46.2515	4.9954	0.00138597
3.19711	42.9395	4.99593	0.000900108
45.0204	55.2938	4.92697	0.00461156
41.9404	55.2938	4.91025	0.00548107
42.834	52.3495	4.94215	0.00244895
48.1005	55.2938	4.9406	0.00374648
45.0204	55.2938	4.92697	0.00461156
45.8487	52.5335	4.95851	0.00220717
44.2548	57.954	4.83325	0.0103717
41.9404	55.2938	4.91025	0.00548107
45.0204	55.2938	4.92697	0.00461156
46.3226	60.8826	0.146079	0.0201196
44.2548	57.954	4.83325	0.0103717
47.2801	58.144	4.85864	0.00838267
41.4664	58.5091	4.78892	0.0139907
38.8603	55.2938	4.88652	0.00651998
41.9404	55.2938	4.91025	0.00548107
27.9723	52.3495	4.86263	0.00746691
28.0388	49.3292	4.90216	0.0031428
30.9447	52.3495	4.86088	0.00614139
19.0553	52.3495	4.92241	0.00889066
21.7285	50.6506	0.30019	0.00555673
22.4091	54.0056	4.86538	0.0152402
25	46.2515	4.92698	0.0014841
28.0388	49.3292	4.90216	0.0031428
24.7341	50.8393	4.88324	0.00531137
21.7285	50.6506	0.30019	0.00555673
21.7462	47.598	4.91776	0.00228644
24.7341	50.8393	4.88324	0.00531137
15.6779	42.1556	4.87812	0.000881639
17.2523	44.2036	4.89563	0.00119006
14.1489	44.3016	4.94893	0.00121318
22.0142	44.8882	4.90902	0.00123609
18.8268	46.2515	4.92687	0.00163836
18.7981	41.9596	0.234	0.000824581
15.8835	49.3292	4.96365	0.00362752
12.6536	46.2515	4.97446	0.00164007
15.7402	46.2515	4.95139	0.00178249
17.0264	56.2438	4.89681	0.0315294
16.083	52.3495	4.95342	0.00886149
19.0553	52.3495	4.92241	0.00889066
4.19365	52.3495	4.97643	0.00642701
7.16598	52.3495	4.97313	0.00688034
4.92487	55.4838	4.93473	0.017134
21.9183	41.7637	4.84866	0.00079203
25	43.1354	4.90791	0.000870835
22.0142	44.8882	4.90902	0.00123609
28.125	40	4.836	0.000566867
25	40	4.86602	0.000583801
28.1154	36.8646	3.27868	0.000351706
25	30.6708	4.92151	0.000452131
25.1151	35.3065	0.170665	0.000347506
21.9134	33.7485	0.257593	0.000489302
31.3171	35.696	4.88746	0.000451355
28.0866	33.7485	3.3616	0.00032881
30.9343	31.8249	4.95376	0.000441677
28.1154	36.8646	3.27868	0.000351706
25.1151	35.3065	0.170665	0.000347506
28.0866	33.7485	3.3616	0.00032881
33.7508	28.5944	4.96325	0.000436819
37.1553	30.6708	4.98329	0.000459933
33.997	31.6326	4.96871	0.000450163
21.8846	36.8646	4.80254	0.000525316
21.9014	39.3141	0.238568	0.000612802
18.7212	38.8242	0.207415	0.000613529
28.1154	36.8646	3.27868	0.000351706
25	40	4.86602	0.000583801
25.1151	35.3065	0.170665	0.000347506
28.125	40	4.836	0.000566867
28.1154	43.1354	4.85799	0.000848383
25	40	4.86602	0.000583801
3.72828	49.3292	4.98997	0.00282133
1.22131	52.3495	4.97998	0.00567752
0.68946	49.3292	4.99126	0.0025785
0.307214	46.2515	4.9954	0.00138597
3.39381	46.2515	4.99465	0.00145214
0.68946	49.3292	4.99126	0.0025785
11.1799	48.0735	4.98185	0.00266249
12.6536	46.2515	4.97446	0.00164007
12.7118	50.0843	4.97641	0.00440208
9.61019	45.6673	4.98777	0.00137974
11.1799	48.0735	4.98185	0.00266249
9.70619	49.8955	4.98286	0.00380247
9.61019	45.6673	4.98777	0.00137974
12.6536	46.2515	4.97446	0.00164007
11.1799	48.0735	4.98185	0.00266249
31.3817	62.6228	0.0400434	4.51836
34.1521	62.7968	0.0471961	4.44369
33.1516	65.9587	0.0170932	0.0650131
26.9568	67.2765	0.012796	0.0821918
28.4106	64.5496	0.0272443	0.0951051
30.4344	65.9587	0.0166801	0.0766167
29.839	59.2394	0.112442	0.0569924
33.5519	59.0383	0.123361	0.0387687
31.3817	62.6228	0.0400434	4.51836
28.6113	62.4488	0.0497356	0.099882
29.839	59.2394	0.112442	0.0569924
31.3817	62.6228	0.0400434	4.51836
20.7355	60.8826	0.126527	4.60481
24.0253	59.6046	4.69557	0.0813514
23.0704	62.1007	0.0813239	0.136969
25.6371	53.0665	0.263323	0.0111822
24.7341	50.8393	4.88324	0.00531137
27.9723	52.3495	4.86263	0.00746691
22.4091	54.0056	4.86538	0.0152402
25.6371	53.0665	0.263323	0.0111822
26.54	55.2938	0.226737	0.0214104
22.4091	54.0056	4.86538	0.0152402
24.7341	50.8393	4.88324	0.00531137
25.6371	53.0665	0.263323	0.0111822
29.6201	55.2938	4.79405	0.0158011
31.8745	54.2817	4.8215	0.0106619
32.1533	57.1939	0.166921	0.0258973
34.2598	46.2515	0.15058	0.00112256
34.3294	43.6157	0.132574	0.000763667
37.3464	46.2515	0.158887	0.00097545
31.1732	46.2515	4.78196	0.00133698
34.2598	46.2515	0.15058	0.00112256
34.1165	49.3292	0.20287	0.00206179
34.2598	46.2515	0.15058	0.00112256
31.226	43.7137	0.187443	0.000858696
34.3294	43.6157	0.132574	0.000763667
35.6527	58.8743	4.67429	0.0270069
38.5596	58.6917	4.7551	0.0166046
37.7936	60.8826	0.104856	0.0281312
33.5519	59.0383	0.123361	0.0387687
35.6527	58.8743	4.67429	0.0270069
34.9506	60.8826	0.084134	0.0521483
35.7802	55.2938	4.84289	0.00868754
38.5596	58.6917	4.7551	0.0166046
35.6527	58.8743	4.67429	0.0270069
42.43	63.669	0.0538439	4.34983
43.4796	60.8826	0.123766	0.0289214
45.2338	63.4929	0.0690588	0.0442899
6.48041	46.2515	4.99224	0.00154176
6.31731	42.7435	4.99272	0.000882401
9.61019	45.6673	4.98777	0.00137974
0.68946	49.3292	4.99126	0.0025785
3.39381	46.2515	4.99465	0.00145214
3.72828	49.3292	4.98997	0.00282133
0.307214	46.2515	4.9954	0.00138597
0.076922	43.1354	4.99659	0.000922414
3.19711	42.9395	4.99593	0.000900108
6.4478	61.0566	0.121592	0.0815293
4.76616	63.4929	0.0710703	0.116267
3.67737	60.8826	0.152823	4.4549
5.69054	58.144	4.83406	0.0404313
6.4478	61.0566	0.121592	0.0815293
3.67737	60.8826	0.152823	4.4549
9.3634	60.8826	0.117975	0.07887
10.1618	63.4929	0.0517386	0.113587
7.464	63.4929	0.05857	4.58946
14.6026	58.144	4.81343	0.0536992
15.0494	60.8826	0.117991	0.106182
12.3979	60.3349	0.134469	4.4759
14.2198	55.2938	4.92374	0.0217994
14.6026	58.144	4.81343	0.0536992
11.6319	58.144	4.81114	0.048145
14.2198	55.2938	4.92374	0.0217994
17.0264	56.2438	4.89681	0.0315294
14.6026	58.144	4.81343	0.0536992
7.464	63.4929	0.05857	4.58946
5.97957	65.9587	0.0358421	4.64187
4.76616	63.4929	0.0710703	0.116267
11.414	65.9587	0.0253775	4.55546
13.846	66.4528	0.0207416	0.10278
12.3644	68.2649	0.0129135	0.0726868
10.1618	63.4929	0.0517386	0.113587
11.414	65.9587	0.0253775	4.55546
8.78345	65.7825	0.0295453	4.61122
12.8597	63.4929	0.0511568	0.112815
15.5575	63.4929	0.0555924	4.62719
13.846	66.4528	0.0207416	0.10278
10.1618	63.4929	0.0517386	0.113587
12.8597	63.4929	0.0511568	0.112815
11.414	65.9587	0.0253775	4.55546
10.1618	63.4929	0.0517386	0.113587
12.3979	60.3349	0.134469	4.4759
12.8597	63.4929	0.0511568	0.112815
9.83732	68.2649	0.0146439	0.0865274
7.31021	68.2649	0.0185935	0.108738
8.78345	65.7825	0.0295453	4.61122
31.8745	54.2817	4.8215	0.0106619
30.9447	52.3495	4.86088	0.00614139
34.1289	53.2696	4.84146	0.00618745
35.7802	55.2938	4.84289	0.00868754
31.8745	54.2817	4.8215	0.0106619
34.1289	53.2696	4.84146	0.00618745
29.6201	55.2938	4.79405	0.0158011
30.9447	52.3495	4.86088	0.00614139
31.8745	54.2817	4.8215	0.0106619
29.839	59.2394	0.112442	0.0569924
26.4853	58.144	4.71569	0.0521538
29.6201	55.2938	4.79405	0.0158011
33.5519	59.0383	0.123361	0.0387687
29.839	59.2394	0.112442	0.0569924
32.1533	57.1939	0.166921	0.0258973
35.7802	55.2938	4.84289	0.00868754
33.5519	59.0383	0.123361	0.0387687
32.1533	57.1939	0.166921	0.0258973
34.9506	60.8826	0.084134	0.0521483
31.3817	62.6228	0.0400434	4.51836
33.5519	59.0383	0.123361	0.0387687
28.6113	62.4488	0.0497356	0.099882
26.4215	60.8826	0.0967516	4.53195
29.839	59.2394	0.112442	0.0569924
26.54	55.2938	0.226737	0.0214104
27.9723	52.3495	4.86263	0.00746691
29.6201	55.2938	4.79405	0.0158011
25.6371	53.0665	0.263323	0.0111822
27.9723	52.3495	4.86263	0.00746691
26.54	55.2938	0.226737	0.0214104
24.7341	50.8393	4.88324	0.00531137
28.0388	49.3292	4.90216	0.0031428
27.9723	52.3495	4.86263	0.00746691
22.5483	72.3429	0.00340028	0.0392345
23.75	70.3973	0.00565865	0.0597437
25	72.3429	0.0031833	0.029565
23.0327	74.7883	0.00190126	0.017074
22.5483	72.3429	0.00340028	0.0392345
25	72.3429	0.0031833	0.029565
21.4331	74.0896	0.0022853	0.0220213
19.0551	74.0896	0.00245727	0.0208305
20.0967	72.3429	0.0036095	0.038488
19.0904	66.7823	0.0190352	0.137403
22.2828	65.9587	0.0223783	4.66535
21.8037	69.5771	0.00732495	4.51054
24.3347	67.1118	0.0146767	0.113888
23.75	70.3973	0.00565865	0.0597437
21.8037	69.5771	0.00732495	4.51054
27.0253	69.2491	0.00716302	0.0557244
30.0542	68.2649	0.00913225	4.40146
28.75	70.3973	0.0051762	0.0404514
25.6067	64.7258	0.0296535	4.60521
28.4106	64.5496	0.0272443	0.0951051
26.9568	67.2765	0.012796	0.0821918
22.2828	65.9587	0.0223783	4.66535
25.6067	64.7258	0.0296535	4.60521
24.3347	67.1118	0.0146767	0.113888
23.0704	62.1007	0.0813239	0.136969
26.4215	60.8826	0.0967516	4.53195
25.6067	64.7258	0.0296535	4.60521
30.4344	65.9587	0.0166801	0.0766167
30.0542	68.2649	0.00913225	4.40146
26.9568	67.2765	0.012796	0.0821918
28.6113	62.4488	0.0497356	0.099882
31.3817	62.6228	0.0400434	4.51836
28.4106	64.5496	0.0272443	0.0951051
25.6067	64.7258	0.0296535	4.60521
28.6113	62.4488	0.0497356	0.099882
28.4106	64.5496	0.0272443	0.0951051
26.4215	60.8826	0.0967516	4.53195
26.4853	58.144	4.71569	0.0521538
29.839	59.2394	0.112442	0.0569924
25.6067	64.7258	0.0296535	4.60521
26.4215	60.8826	0.0967516	4.53195
28.6113	62.4488	0.0497356	0.099882
24.0253	59.6046	4.69557	0.0813514
23.0771	56.6239	4.83307	0.0336136
26.4853	58.144	4.71569	0.0521538
33.1516	65.9587	0.0170932	0.0650131
34.8233	67.7707	0.0110857	0.0466885
32.2468	68.921	0.00731545	0.044791
31.3817	62.6228	0.0400434	4.51836
33.1516	65.9587	0.0170932	0.0650131
30.4344	65.9587	0.0166801	0.0766167
34.1521	62.7968	0.0471961	4.44369
35.8688	65.9587	0.0192787	0.053519
33.1516	65.9587	0.0170932	0.0650131
32.355	72.3429	0.00319582	0.0185894
33.75	70.3973	0.00526775	0.0270634
34.8066	72.3429	0.00355003	0.0175696
29.3832	76.0659	0.0014968	0.00867765
28.5669	74.0896	0.00210315	0.0141802
30.9297	73.8705	0.00224812	0.0134936
31.0572	70.658	0.00468056	0.0330907
33.75	70.3973	0.00526775	0.0270634
32.355	72.3429	0.00319582	0.0185894
29.9033	72.3429	0.00311016	0.021519
31.0572	70.658	0.00468056	0.0330907
32.355	72.3429	0.00319582	0.0185894
28.4106	64.5496	0.0272443	0.0951051
31.3817	62.6228	0.0400434	4.51836
30.4344	65.9587	0.0166801	0.0766167
24.3347	67.1118	0.0146767	0.113888
25.6067	64.7258	0.0296535	4.60521
26.9568	67.2765	0.012796	0.0821918
23.0704	62.1007	0.0813239	0.136969
24.0253	59.6046	4.69557	0.0813514
26.4215	60.8826	0.0967516	4.53195
30.4344	65.9587	0.0166801	0.0766167
32.2468	68.921	0.00731545	0.044791
30.0542	68.2649	0.00913225	4.40146
34.8233	67.7707	0.0110857	0.0466885
33.75	70.3973	0.00526775	0.0270634
32.2468	68.921	0.00731545	0.044791
43.2329	49.3292	4.92894	0.00127619
40.1224	48.7521	4.85341	0.00123832
40.433	46.2515	4.79398	0.000847442
48.7787	52.3495	4.96617	0.00184927
45.8487	52.5335	4.95851	0.00220717
46.2717	49.3292	4.95801	0.00116139
42.834	52.3495	4.94215	0.00244895
40.1224	48.7521	4.85341	0.00123832
43.2329	49.3292	4.92894	0.00127619
47.2801	58.144	4.85864	0.00838267
44.2548	57.954	4.83325	0.0103717
45.0204	55.2938	4.92697	0.00461156
38.8603	55.2938	4.88652	0.00651998
35.7802	55.2938	4.84289	0.00868754
36.7564	51.5944	4.82068	0.0029317
41.9404	55.2938	4.91025	0.00548107
38.8603	55.2938	4.88652	0.00651998
39.8617	52.3495	4.90514	0.00291163
45.8487	52.5335	4.95851	0.00220717
45.0204	55.2938	4.92697	0.00461156
42.834	52.3495	4.94215	0.00244895
41.4664	58.5091	4.78892	0.0139907
40.6366	60.8826	0.115442	0.0290361
38.5596	58.6917	4.7551	0.0166046
44.2548	57.954	4.83325	0.0103717
41.4664	58.5091	4.78892	0.0139907
41.9404	55.2938	4.91025	0.00548107
44.2548	57.954	4.83325	0.0103717
43.4796	60.8826	0.123766	0.0289214
41.4664	58.5091	4.78892	0.0139907
38.5596	58.6917	4.7551	0.0166046
35.7802	55.2938	4.84289	0.00868754
38.8603	55.2938	4.88652	0.00651998
6.31731	42.7435	4.99272	0.000882401
3.39381	46.2515	4.99465	0.00145214
3.19711	42.9395	4.99593	0.000900108
45.8487	52.5335	4.95851	0.00220717
42.834	52.3495	4.94215	0.00244895
43.2329	49.3292	4.92894	0.00127619
48.1005	55.2938	4.9406	0.00374648
45.8487	52.5335	4.95851	0.00220717
48.7787	52.3495	4.96617	0.00184927
48.1005	55.2938	4.9406	0.00374648
47.2801	58.144	4.85864	0.00838267
45.0204	55.2938	4.92697	0.00461156
37.7936	60.8826	0.104856	0.0281312
38.5596	58.6917	4.7551	0.0166046
40.6366	60.8826	0.115442	0.0290361
41.3032	65.9587	0.0265673	0.0422487
39.6261	63.8451	0.0441162	0.0407912
42.43	63.669	0.0538439	4.34983
34.9506	60.8826	0.084134	0.0521483
35.6527	58.8743	4.67429	0.0270069
37.7936	60.8826	0.104856	0.0281312
31.3817	62.6228	0.0400434	4.51836
34.9506	60.8826	0.084134	0.0521483
34.1521	62.7968	0.0471961	4.44369
33.5519	59.0383	0.123361	0.0387687
35.7802	55.2938	4.84289	0.00868754
35.6527	58.8743	4.67429	0.0270069
31.8745	54.2817	4.8215	0.0106619
35.7802	55.2938	4.84289	0.00868754
32.1533	57.1939	0.166921	0.0258973
34.1165	49.3292	0.20287	0.00206179
34.2598	46.2515	0.15058	0.00112256
37.0597	48.5598	0.1952	0.00150025
28.0388	49.3292	4.90216	0.0031428
31.0776	49.3292	4.84289	0.00275756
30.9447	52.3495	4.86088	0.00614139
28.0388	49.3292	4.90216	0.0031428
25	46.2515	4.92698	0.0014841
28.0866	46.2515	4.89306	0.00144189
36.7564	51.5944	4.82068	0.0029317
35.7802	55.2938	4.84289	0.00868754
34.1289	53.2696	4.84146	0.00618745
30.9447	52.3495	4.86088	0.00614139
31.0776	49.3292	4.84289	0.00275756
34.1165	49.3292	0.20287	0.00206179
40.1224	48.7521	4.85341	0.00123832
42.834	52.3495	4.94215	0.00244895
39.8617	52.3495	4.90514	0.00291163
39.8617	52.3495	4.90514	0.00291163
42.834	52.3495	4.94215	0.00244895
41.9404	55.2938	4.91025	0.00548107
36.7564	51.5944	4.82068	0.0029317
39.8617	52.3495	4.90514	0.00291163
38.8603	55.2938	4.88652	0.00651998
36.7564	51.5944	4.82068	0.0029317
40.1224	48.7521	4.85341	0.00123832
39.8617	52.3495	4.90514	0.00291163
18.9224	49.3292	4.9313	0.00362336
19.0553	52.3495	4.92241	0.00889066
16.083	52.3495	4.95342	0.00886149
15.7402	46.2515	4.95139	0.00178249
18.8268	46.2515	4.92687	0.00163836
15.8835	49.3292	4.96365	0.00362752
21.7462	47.598	4.91776	0.00228644
25	46.2515	4.92698	0.0014841
24.7341	50.8393	4.88324	0.00531137
22.0108	14.5924	0.165317	0.000438456
19.9458	11.7351	0.123654	0.000440474
23.0432	12.7235	0.132365	0.000437404
17.645	7.6571	0.0688441	0.000447254
18.75	9.60269	0.0957785	0.000443775
16.5822	10.0948	4.65647	0.000439623
14.9215	7.36598	0.0770416	0.00045058
17.645	7.6571	0.0688441	0.000447254
16.5822	10.0948	4.65647	0.000439623
16.6772	5.91038	0.0465444	0.000449853
19.0551	5.91038	0.0370378	0.000448221
17.645	7.6571	0.0688441	0.000447254
20.0967	7.6571	0.0500874	0.000445038
21.25	9.60269	0.0689324	0.000441289
18.75	9.60269	0.0957785	0.000443775
17.645	7.6571	0.0688441	0.000447254
19.0551	5.91038	0.0370378	0.000448221
20.0967	7.6571	0.0500874	0.000445038
24.1844	6.78374	0.0405433	0.000445094
26.189	5.91038	0.0359026	0.000446588
25.4207	8.55507	0.0738726	0.0004415
28.5669	5.91038	0.0401274	0.000446077
31.8199	4.37335	0.0289432	0.000446315
31.1316	6.34706	0.0469391	0.000443564
26.9661	0.123895	0.0134693	0.000453311
28.4094	2.238	0.0173796	0.000451585
26.0648	3.0556	0.0182368	0.000451389
28.9198	0.494728	0.0158154	0.000452144
30.8485	1.10996	0.0181069	0.00045058
28.4094	2.238	0.0173796	0.000451585
31.25	9.60269	0.124404	0.000438437
33.75	9.60269	0.105355	0.000437054
32.5813	11.7351	4.74998	0.000429875
30.9096	13.2177	4.85002	0.000430222
29.636	10.915	4.73033	0.000430626
32.5813	11.7351	4.74998	0.000429875
32.355	7.6571	0.065281	0.000440406
33.4473	6.2015	0.0436858	0.000441598
34.9468	7.95642	0.0667863	0.000437679
29.9033	7.6571	0.0706394	0.000442016
32.355	7.6571	0.065281	0.000440406
31.25	9.60269	0.124404	0.000438437
31.1316	6.34706	0.0469391	0.000443564
31.8199	4.37335	0.0289432	0.000446315
33.4473	6.2015	0.0436858	0.000441598
29.9033	7.6571	0.0706394	0.000442016
31.1316	6.34706	0.0469391	0.000443564
32.355	7.6571	0.065281	0.000440406
29.9033	7.6571	0.0706394	0.000442016
28.5669	5.91038	0.0401274	0.000446077
31.1316	6.34706	0.0469391	0.000443564
28.5669	5.91038	0.0401274	0.000446077
29.9033	7.6571	0.0706394	0.000442016
27.8022	8.40541	0.0882931	0.000441397
25	4.37335	0.0232273	0.000449471
27.2733	4.37335	0.0256277	0.000449245
26.189	5.91038	0.0359026	0.000446588
27.2733	4.37335	0.0256277	0.000449245
30.3241	3.0556	0.0211514	0.000449532
28.5669	5.91038	0.0401274	0.000446077
31.1316	6.34706	0.0469391	0.000443564
33.4473	6.2015	0.0436858	0.000441598
32.355	7.6571	0.065281	0.000440406
27.2733	4.37335	0.0256277	0.000449245
28.4094	2.238	0.0173796	0.000451585
30.3241	3.0556	0.0211514	0.000449532
26.189	5.91038	0.0359026	0.000446588
27.2733	4.37335	0.0256277	0.000449245
28.5669	5.91038	0.0401274	0.000446077
26.0648	3.0556	0.0182368	0.000451389
28.4094	2.238	0.0173796	0.000451585
27.2733	4.37335	0.0256277	0.000449245
29.636	10.915	4.73033	0.000430626
29.9033	7.6571	0.0706394	0.000442016
31.25	9.60269	0.124404	0.000438437
25.4207	8.55507	0.0738726	0.0004415
27.8022	8.40541	0.0882931	0.000441397
27.0253	10.7509	4.68371	0.000431128
25.4207	8.55507	0.0738726	0.0004415
26.189	5.91038	0.0359026	0.000446588
27.8022	8.40541	0.0882931	0.000441397
26.3489	16.5071	4.8799	0.000432313
24.3933	15.2742	0.212771	0.000437792
25.6653	12.8882	4.73963	0.000429781
30.3241	3.0556	0.0211514	0.000449532
31.8199	4.37335	0.0289432	0.000446315
28.5669	5.91038	0.0401274	0.000446077
30.8485	1.10996	0.0181069	0.00045058
30.3241	3.0556	0.0211514	0.000449532
28.4094	2.238	0.0173796	0.000451585
30.8485	1.10996	0.0181069	0.00045058
32.7403	1.96546	0.021919	0.000447917
30.3241	3.0556	0.0211514	0.000449532
30.3241	3.0556	0.0211514	0.000449532
32.7403	1.96546	0.021919	0.000447917
31.8199	4.37335	0.0289432	0.000446315
23.9352	3.0556	0.0174607	0.000451312
25	4.37335	0.0232273	0.000449471
22.7267	4.37335	0.0220714	0.000449497
26.9661	0.123895	0.0134693	0.000453311
26.0648	3.0556	0.0182368	0.000451389
25.0248	1.47661	0.0143998	0.000452784
26.9661	0.123895	0.0134693	0.000453311
28.9198	0.494728	0.0158154	0.000452144
28.4094	2.238	0.0173796	0.000451585
25.0248	1.47661	0.0143998	0.000452784
25	-8.70219e-28	0.013509	0.000453177
26.9661	0.123895	0.0134693	0.000453311
23.9352	3.0556	0.0174607	0.000451312
25.0248	1.47661	0.0143998	0.000452784
26.0648	3.0556	0.0182368	0.000451389
23.9352	3.0556	0.0174607	0.000451312
23.0835	1.59882	0.0145442	0.000452481
25.0248	1.47661	0.0143998	0.000452784
32.7403	1.96546	0.021919	0.000447917
34.5833	3.0556	0.0271543	0.000444341
31.8199	4.37335	0.0289432	0.000446315
25	4.37335	0.0232273	0.000449471
26.0648	3.0556	0.0182368	0.000451389
27.2733	4.37335	0.0256277	0.000449245
24.1844	6.78374	0.0405433	0.000445094
25	4.37335	0.0232273	0.000449471
26.189	5.91038	0.0359026	0.000446588
23.9352	3.0556	0.0174607	0.000451312
26.0648	3.0556	0.0182368	0.000451389
25	4.37335	0.0232273	0.000449471
21.913	2.6468	0.0167314	0.000451565
23.9352	3.0556	0.0174607	0.000451312
22.7267	4.37335	0.0220714	0.000449497
23.0835	1.59882	0.0145442	0.000452481
23.0339	0.123895	0.0134759	0.000452973
25.0248	1.47661	0.0143998	0.000452784
21.913	2.6468	0.0167314	0.000451565
23.0835	1.59882	0.0145442	0.000452481
23.9352	3.0556	0.0174607	0.000451312
21.4331	5.91038	0.0310633	0.000447171
20.4534	4.37335	0.0239014	0.000449671
22.7267	4.37335	0.0220714	0.000449497
19.7476	2.78306	0.019447	0.000451241
21.0802	0.494728	0.0144816	0.000452517
21.913	2.6468	0.0167314	0.000451565
23.0339	0.123895	0.0134759	0.000452973
25	-8.70219e-28	0.013509	0.000453177
25.0248	1.47661	0.0143998	0.000452784
33.4473	6.2015	0.0436858	0.000441598
34.5833	3.0556	0.0271543	0.000444341
35.7008	5.91038	0.0450003	0.00043919
36.3664	4.37335	0.0396245	0.000440152
35.7008	5.91038	0.0450003	0.00043919
34.5833	3.0556	0.0271543	0.000444341
23.5785	19.1174	4.90892	0.000437042
26.3489	16.5071	4.8799	0.000432313
26.4215	19.1174	4.94199	0.000436595
23.0771	23.3761	4.97639	0.000446699
25.3391	26.1784	4.97301	0.000445228
22.0277	27.6505	4.97263	0.000460261
29.636	10.915	4.73033	0.000430626
27.8022	8.40541	0.0882931	0.000441397
29.9033	7.6571	0.0706394	0.000442016
29.636	10.915	4.73033	0.000430626
27.0253	10.7509	4.68371	0.000431128
27.8022	8.40541	0.0882931	0.000441397
32.5813	11.7351	4.74998	0.000429875
29.636	10.915	4.73033	0.000430626
31.25	9.60269	0.124404	0.000438437
28.2875	13.053	4.83277	0.000429814
27.0253	10.7509	4.68371	0.000431128
29.636	10.915	4.73033	0.000430626
23.0432	12.7235	0.132365	0.000437404
25.6653	12.8882	4.73963	0.000429781
24.3933	15.2742	0.212771	0.000437792
24.4145	10.5869	0.111155	0.0004385
25.4207	8.55507	0.0738726	0.0004415
27.0253	10.7509	4.68371	0.000431128
23.0432	12.7235	0.132365	0.000437404
24.4145	10.5869	0.111155	0.0004385
25.6653	12.8882	4.73963	0.000429781
23.0432	12.7235	0.132365	0.000437404
21.25	9.60269	0.0689324	0.000441289
24.4145	10.5869	0.111155	0.0004385
24.1844	6.78374	0.0405433	0.000445094
22.5483	7.6571	0.0448532	0.000443745
21.4331	5.91038	0.0310633	0.000447171
25	4.37335	0.0232273	0.000449471
24.1844	6.78374	0.0405433	0.000445094
22.7267	4.37335	0.0220714	0.000449497
25.4207	8.55507	0.0738726	0.0004415
24.4145	10.5869	0.111155	0.0004385
22.5483	7.6571	0.0448532	0.000443745
24.4145	10.5869	0.111155	0.0004385
21.25	9.60269	0.0689324	0.000441289
22.5483	7.6571	0.0448532	0.000443745
19.5656	14.0413	0.182398	0.000440743
20.9532	16.5071	0.222414	0.000441113
18.2554	16.5071	4.86032	0.000437697
19.9458	11.7351	0.123654	0.000440474
19.5656	14.0413	0.182398	0.000440743
17.7988	12.3941	4.73402	0.000436429
18.75	9.60269	0.0957785	0.000443775
19.9458	11.7351	0.123654	0.000440474
17.7988	12.3941	4.73402	0.000436429
21.25	9.60269	0.0689324	0.000441289
23.0432	12.7235	0.132365	0.000437404
19.9458	11.7351	0.123654	0.000440474
22.0108	14.5924	0.165317	0.000438456
20.9532	16.5071	0.222414	0.000441113
19.5656	14.0413	0.182398	0.000440743
19.9458	11.7351	0.123654	0.000440474
22.0108	14.5924	0.165317	0.000438456
19.5656	14.0413	0.182398	0.000440743
23.0432	12.7235	0.132365	0.000437404
24.3933	15.2742	0.212771	0.000437792
22.0108	14.5924	0.165317	0.000438456
17.7548	18.7251	4.93249	0.000442011
20.7355	19.1174	4.90574	0.00043884
17.2541	20.9431	4.96861	0.000447259
16.8484	14.0413	4.83395	0.000438222
18.2554	16.5071	4.86032	0.000437697
15.9817	15.8026	4.90345	0.000441098
20.9532	16.5071	0.222414	0.000441113
20.7355	19.1174	4.90574	0.00043884
18.2554	16.5071	4.86032	0.000437697
14.9215	7.36598	0.0770416	0.00045058
16.5822	10.0948	4.65647	0.000439623
13.513	9.30337	0.133119	0.000451657
12.6058	7.51154	0.0898778	0.000452774
14.9215	7.36598	0.0770416	0.00045058
13.513	9.30337	0.133119	0.000451657
13.6336	4.37335	0.046124	0.000451901
15.4167	3.0556	0.0317445	0.000451385
16.6772	5.91038	0.0465444	0.000449853
19.7476	2.78306	0.019447	0.000451241
19.1515	1.10996	0.0180643	0.000451751
21.0802	0.494728	0.0144816	0.000452517
20.4534	4.37335	0.0239014	0.000449671
19.0551	5.91038	0.0370378	0.000448221
18.1801	4.37335	0.0289655	0.000450247
21.913	2.6468	0.0167314	0.000451565
20.4534	4.37335	0.0239014	0.000449671
19.7476	2.78306	0.019447	0.000451241
21.4331	5.91038	0.0310633	0.000447171
19.0551	5.91038	0.0370378	0.000448221
20.4534	4.37335	0.0239014	0.000449671
24.1844	6.78374	0.0405433	0.000445094
21.4331	5.91038	0.0310633	0.000447171
22.7267	4.37335	0.0220714	0.000449497
20.0967	7.6571	0.0500874	0.000445038
19.0551	5.91038	0.0370378	0.000448221
21.4331	5.91038	0.0310633	0.000447171
20.4534	4.37335	0.0239014	0.000449671
18.1801	4.37335	0.0289655	0.000450247
19.7476	2.78306	0.019447	0.000451241
23.0835	1.59882	0.0145442	0.000452481
21.0802	0.494728	0.0144816	0.000452517
23.0339	0.123895	0.0134759	0.000452973
27.8022	8.40541	0.0882931	0.000441397
26.189	5.91038	0.0359026	0.000446588
28.5669	5.91038	0.0401274	0.000446077
25.6653	12.8882	4.73963	0.000429781
24.4145	10.5869	0.111155	0.0004385
27.0253	10.7509	4.68371	0.000431128
22.5483	7.6571	0.0448532	0.000443745
20.0967	7.6571	0.0500874	0.000445038
21.4331	5.91038	0.0310633	0.000447171
25.4207	8.55507	0.0738726	0.0004415
22.5483	7.6571	0.0448532	0.000443745
24.1844	6.78374	0.0405433	0.000445094
21.25	9.60269	0.0689324	0.000441289
20.0967	7.6571	0.0500874	0.000445038
22.5483	7.6571	0.0448532	0.000443745
14.9215	7.36598	0.0770416	0.00045058
16.6772	5.91038	0.0465444	0.000449853
17.645	7.6571	0.0688441	0.000447254
21.913	2.6468	0.0167314	0.000451565
21.0802	0.494728	0.0144816	0.000452517
23.0835	1.59882	0.0145442	0.000452481
37.3284	7.80676	0.0715913	0.000435758
38.0788	5.91038	0.056774	0.000436617
39.7099	7.6571	0.0917158	0.000434706
33.4473	6.2015	0.0436858	0.000441598
35.7008	5.91038	0.0450003	0.00043919
34.9468	7.95642	0.0667863	0.000437679
33.75	9.60269	0.105355	0.000437054
32.355	7.6571	0.065281	0.000440406
34.9468	7.95642	0.0667863	0.000437679
31.8199	4.37335	0.0289432	0.000446315
34.5833	3.0556	0.0271543	0.000444341
33.4473	6.2015	0.0436858	0.000441598
36.3664	4.37335	0.0396245	0.000440152
38.0788	5.91038	0.056774	0.000436617
35.7008	5.91038	0.0450003	0.00043919
19.7476	2.78306	0.019447	0.000451241
17.2597	1.96546	0.0230665	0.000451406
19.1515	1.10996	0.0180643	0.000451751
18.1801	4.37335	0.0289655	0.000450247
16.6772	5.91038	0.0465444	0.000449853
15.4167	3.0556	0.0317445	0.000451385
19.7476	2.78306	0.019447	0.000451241
18.1801	4.37335	0.0289655	0.000450247
17.2597	1.96546	0.0230665	0.000451406
19.0551	5.91038	0.0370378	0.000448221
16.6772	5.91038	0.0465444	0.000449853
18.1801	4.37335	0.0289655	0.000450247
21.913	2.6468	0.0167314	0.000451565
22.7267	4.37335	0.0220714	0.000449497
20.4534	4.37335	0.0239014	0.000449671
20.0967	7.6571	0.0500874	0.000445038
18.75	9.60269	0.0957785	0.000443775
17.645	7.6571	0.0688441	0.000447254
14.9215	7.36598	0.0770416	0.00045058
13.6336	4.37335	0.046124	0.000451901
16.6772	5.91038	0.0465444	0.000449853
32.355	7.6571	0.065281	0.000440406
33.75	9.60269	0.105355	0.000437054
31.25	9.60269	0.124404	0.000438437
38.0788	5.91038	0.056774	0.000436617
37.3284	7.80676	0.0715913	0.000435758
35.7008	5.91038	0.0450003	0.00043919
38.75	9.60269	0.120763	0.000434934
41.25	9.60269	0.165928	0.000435627
40.1627	11.7351	4.7939	0.000430648
36.25	9.60269	0.099206	0.000435658
38.75	9.60269	0.120763	0.000434934
37.4683	11.4071	0.173034	0.000435936
39.7099	7.6571	0.0917158	0.000434706
41.25	9.60269	0.165928	0.000435627
38.75	9.60269	0.120763	0.000434934
15.4167	3.0556	0.0317445	0.000451385
17.2597	1.96546	0.0230665	0.000451406
18.1801	4.37335	0.0289655	0.000450247
44.0204	14.0413	4.94412	0.000440138
41.2166	14.2175	4.91895	0.000436845
42.6898	11.7351	4.86482	0.000432975
14.9215	7.36598	0.0770416	0.00045058
12.6058	7.51154	0.0898778	0.000452774
13.6336	4.37335	0.046124	0.000451901
15.1767	12.2293	4.81008	0.000441233
12.5545	12.0646	4.82508	0.00044615
13.513	9.30337	0.133119	0.000451657
16.5822	10.0948	4.65647	0.000439623
17.7988	12.3941	4.73402	0.000436429
15.1767	12.2293	4.81008	0.000441233
14.1312	14.0413	4.89091	0.000443723
12.5545	12.0646	4.82508	0.00044615
15.1767	12.2293	4.81008	0.000441233
15.9817	15.8026	4.90345	0.000441098
14.7591	18.4213	4.95942	0.00044698
13.1778	15.9788	4.94074	0.000447122
16.5822	10.0948	4.65647	0.000439623
18.75	9.60269	0.0957785	0.000443775
17.7988	12.3941	4.73402	0.000436429
22.0108	14.5924	0.165317	0.000438456
24.3933	15.2742	0.212771	0.000437792
20.9532	16.5071	0.222414	0.000441113
11.4404	21.3083	4.98797	0.000458294
12.2064	19.1174	4.97705	0.000453019
14.6026	21.856	4.98334	0.00045391
8.66123	21.856	4.99256	0.000463512
11.4404	21.3083	4.98797	0.000458294
10.9756	24.1362	4.99339	0.000465565
8.66123	21.856	4.99256	0.000463512
9.3634	19.1174	4.98389	0.000457795
11.4404	21.3083	4.98797	0.000458294
6.52038	19.1174	4.98844	0.000461204
7.464	16.5071	4.97323	0.000456853
9.3634	19.1174	4.98389	0.000457795
3.67737	19.1174	4.99155	0.000463388
6.52038	19.1174	4.98844	0.000461204
5.62671	21.6734	4.99448	0.000466437
3.67737	19.1174	4.99155	0.000463388
4.76616	16.5071	4.98099	0.000459025
6.52038	19.1174	4.98844	0.000461204
10.1618	16.5071	4.96339	0.000453263
12.2064	19.1174	4.97705	0.000453019
9.3634	19.1174	4.98389	0.000457795
5.97957	14.0413	4.95534	0.000455388
8.69678	14.0413	4.93435	0.000453028
7.464	16.5071	4.97323	0.000456853
11.414	14.0413	4.91385	0.000449003
13.1778	15.9788	4.94074	0.000447122
10.1618	16.5071	4.96339	0.000453263
15.1767	12.2293	4.81008	0.000441233
16.8484	14.0413	4.83395	0.000438222
14.1312	14.0413	4.89091	0.000443723
6.52038	19.1174	4.98844	0.000461204
9.3634	19.1174	4.98389	0.000457795
8.66123	21.856	4.99256	0.000463512
14.7591	18.4213	4.95942	0.00044698
12.2064	19.1174	4.97705	0.000453019
13.1778	15.9788	4.94074	0.000447122
14.7591	18.4213	4.95942	0.00044698
14.6026	21.856	4.98334	0.00045391
12.2064	19.1174	4.97705	0.000453019
12.6058	7.51154	0.0898778	0.000452774
11.9212	5.91038	0.0755902	0.000452838
13.6336	4.37335	0.046124	0.000451901
11.25	9.60269	0.152746	0.000454661
12.6058	7.51154	0.0898778	0.000452774
13.513	9.30337	0.133119	0.000451657
10.2901	7.6571	0.115017	0.000454564
11.9212	5.91038	0.0755902	0.000452838
12.6058	7.51154	0.0898778	0.000452774
41.2166	14.2175	4.91895	0.000436845
40.1627	11.7351	4.7939	0.000430648
42.6898	11.7351	4.86482	0.000432975
35.1085	11.7351	0.178314	0.000436223
37.4683	11.4071	0.173034	0.000435936
35.6088	14.5697	4.87306	0.000433088
33.1516	14.0413	4.86854	0.000431344
35.1085	11.7351	0.178314	0.000436223
35.6088	14.5697	4.87306	0.000433088
32.5813	11.7351	4.74998	0.000429875
33.75	9.60269	0.105355	0.000437054
35.1085	11.7351	0.178314	0.000436223
37.3284	7.80676	0.0715913	0.000435758
39.7099	7.6571	0.0917158	0.000434706
38.75	9.60269	0.120763	0.000434934
36.25	9.60269	0.099206	0.000435658
37.3284	7.80676	0.0715913	0.000435758
38.75	9.60269	0.120763	0.000434934
35.1085	11.7351	0.178314	0.000436223
36.25	9.60269	0.099206	0.000435658
37.4683	11.4071	0.173034	0.000435936
34.9468	7.95642	0.0667863	0.000437679
37.3284	7.80676	0.0715913	0.000435758
36.25	9.60269	0.099206	0.000435658
34.9468	7.95642	0.0667863	0.000437679
35.7008	5.91038	0.0450003	0.00043919
37.3284	7.80676	0.0715913	0.000435758
42.536	16.5071	4.96612	0.00044524
44.0204	14.0413	4.94412	0.000440138
45.2338	16.5071	4.97625	0.000449033
38.4127	14.3936	4.88672	0.000434427
41.2166	14.2175	4.91895	0.000436845
39.693	16.8552	4.9572	0.000442567
38.4127	14.3936	4.88672	0.000434427
37.4683	11.4071	0.173034	0.000435936
40.1627	11.7351	4.7939	0.000430648
10.2901	7.6571	0.115017	0.000454564
12.6058	7.51154	0.0898778	0.000452774
11.25	9.60269	0.152746	0.000454661
28.2875	13.053	4.83277	0.000429814
30.001	14.922	4.90379	0.000431561
26.3489	16.5071	4.8799	0.000432313
35.1085	11.7351	0.178314	0.000436223
33.1516	14.0413	4.86854	0.000431344
32.5813	11.7351	4.74998	0.000429875
30.001	14.922	4.90379	0.000431561
28.6113	17.5512	4.93799	0.000434588
26.3489	16.5071	4.8799	0.000432313
30.9096	13.2177	4.85002	0.000430222
30.001	14.922	4.90379	0.000431561
28.2875	13.053	4.83277	0.000429814
29.636	10.915	4.73033	0.000430626
30.9096	13.2177	4.85002	0.000430222
28.2875	13.053	4.83277	0.000429814
32.5813	11.7351	4.74998	0.000429875
33.1516	14.0413	4.86854	0.000431344
30.9096	13.2177	4.85002	0.000430222
31.7446	16.5071	4.93739	0.000434803
28.6113	17.5512	4.93799	0.000434588
30.001	14.922	4.90379	0.000431561
34.4425	16.5071	4.93724	0.000436877
31.7446	16.5071	4.93739	0.000434803
33.1516	14.0413	4.86854	0.000431344
34.4425	16.5071	4.93724	0.000436877
34.9506	19.1174	4.97315	0.000443822
32.1075	19.1174	4.96883	0.00043891
37.1403	16.5071	4.94067	0.000438952
34.4425	16.5071	4.93724	0.000436877
35.6088	14.5697	4.87306	0.000433088
37.1403	16.5071	4.94067	0.000438952
37.7936	19.1174	4.97573	0.000447288
34.9506	19.1174	4.97315	0.000443822
11.414	14.0413	4.91385	0.000449003
14.1312	14.0413	4.89091	0.000443723
13.1778	15.9788	4.94074	0.000447122
8.69678	14.0413	4.93435	0.000453028
9.93237	11.8999	4.84606	0.000450035
11.414	14.0413	4.91385	0.000449003
11.25	9.60269	0.152746	0.000454661
13.513	9.30337	0.133119	0.000451657
12.5545	12.0646	4.82508	0.00044615
10.2901	7.6571	0.115017	0.000454564
11.25	9.60269	0.152746	0.000454661
8.74996	9.60269	0.188791	0.000456811
13.513	9.30337	0.133119	0.000451657
16.5822	10.0948	4.65647	0.000439623
15.1767	12.2293	4.81008	0.000441233
9.93237	11.8999	4.84606	0.000450035
11.25	9.60269	0.152746	0.000454661
12.5545	12.0646	4.82508	0.00044615
11.414	14.0413	4.91385	0.000449003
9.93237	11.8999	4.84606	0.000450035
12.5545	12.0646	4.82508	0.00044615
8.69678	14.0413	4.93435	0.000453028
7.31021	11.7351	4.88948	0.000452244
9.93237	11.8999	4.84606	0.000450035
37.4683	11.4071	0.173034	0.000435936
38.4127	14.3936	4.88672	0.000434427
35.6088	14.5697	4.87306	0.000433088
42.536	16.5071	4.96612	0.00044524
43.4158	19.3	4.98657	0.00045523
40.5089	19.4825	4.98271	0.000452007
44.0204	14.0413	4.94412	0.000440138
42.536	16.5071	4.96612	0.00044524
41.2166	14.2175	4.91895	0.000436845
45.2338	16.5071	4.97625	0.000449033
43.4158	19.3	4.98657	0.00045523
42.536	16.5071	4.96612	0.00044524
40.5089	19.4825	4.98271	0.000452007
41.2294	22.236	4.99276	0.000461132
38.204	22.4261	4.99119	0.000456855
42.536	16.5071	4.96612	0.00044524
40.5089	19.4825	4.98271	0.000452007
39.693	16.8552	4.9572	0.000442567
43.4158	19.3	4.98657	0.00045523
41.2294	22.236	4.99276	0.000461132
40.5089	19.4825	4.98271	0.000452007
47.2801	21.856	4.9954	0.000467116
44.3095	21.856	4.99394	0.000463945
46.3226	19.1174	4.98981	0.000458306
38.4127	14.3936	4.88672	0.000434427
37.1403	16.5071	4.94067	0.000438952
35.6088	14.5697	4.87306	0.000433088
40.1627	11.7351	4.7939	0.000430648
41.2166	14.2175	4.91895	0.000436845
38.4127	14.3936	4.88672	0.000434427
38.75	9.60269	0.120763	0.000434934
40.1627	11.7351	4.7939	0.000430648
37.4683	11.4071	0.173034	0.000435936
41.25	9.60269	0.165928	0.000435627
42.6898	11.7351	4.86482	0.000432975
40.1627	11.7351	4.7939	0.000430648
39.693	16.8552	4.9572	0.000442567
37.1403	16.5071	4.94067	0.000438952
38.4127	14.3936	4.88672	0.000434427
40.5089	19.4825	4.98271	0.000452007
37.7936	19.1174	4.97573	0.000447288
39.693	16.8552	4.9572	0.000442567
28.8815	20.2128	4.96488	0.000435769
29.1279	22.9961	4.95869	0.000427652
26.1025	23.1861	4.97215	0.00043891
32.1075	19.1174	4.96883	0.00043891
34.9506	19.1174	4.97315	0.000443822
32.4267	21.856	4.97453	0.000436257
28.8815	20.2128	4.96488	0.000435769
32.1075	19.1174	4.96883	0.00043891
32.4267	21.856	4.97453	0.000436257
31.7446	16.5071	4.93739	0.000434803
34.4425	16.5071	4.93724	0.000436877
32.1075	19.1174	4.96883	0.00043891
28.6113	17.5512	4.93799	0.000434588
31.7446	16.5071	4.93739	0.000434803
32.1075	19.1174	4.96883	0.00043891
11.414	14.0413	4.91385	0.000449003
12.5545	12.0646	4.82508	0.00044615
14.1312	14.0413	4.89091	0.000443723
12.2064	19.1174	4.97705	0.000453019
10.1618	16.5071	4.96339	0.000453263
13.1778	15.9788	4.94074	0.000447122
9.93237	11.8999	4.84606	0.000450035
8.74996	9.60269	0.188791	0.000456811
11.25	9.60269	0.152746	0.000454661
43.4158	19.3	4.98657	0.00045523
45.2338	16.5071	4.97625	0.000449033
46.3226	19.1174	4.98981	0.000458306
33.1516	14.0413	4.86854	0.000431344
35.6088	14.5697	4.87306	0.000433088
34.4425	16.5071	4.93724	0.000436877
36.25	9.60269	0.099206	0.000435658
33.75	9.60269	0.105355	0.000437054
34.9468	7.95642	0.0667863	0.000437679
21.9134	33.7485	0.257593	0.000489302
18.9132	34.917	4.85683	0.000515577
18.6835	32.5943	4.91792	0.000491107
25	30.6708	4.92151	0.000452131
21.9134	33.7485	0.257593	0.000489302
21.9612	30.6708	4.92486	0.000471281
21.8846	36.8646	4.80254	0.000525316
18.9132	34.917	4.85683	0.000515577
21.9134	33.7485	0.257593	0.000489302
25	40	4.86602	0.000583801
21.8846	36.8646	4.80254	0.000525316
25.1151	35.3065	0.170665	0.000347506
21.9134	33.7485	0.257593	0.000489302
18.6835	32.5943	4.91792	0.000491107
21.9612	30.6708	4.92486	0.000471281
18.7212	38.8242	0.207415	0.000613529
18.9132	34.917	4.85683	0.000515577
21.8846	36.8646	4.80254	0.000525316
17.2667	36.7732	0.250099	0.000566394
15.8122	34.7222	4.90377	0.000519833
18.9132	34.917	4.85683	0.000515577
18.7212	38.8242	0.207415	0.000613529
17.2667	36.7732	0.250099	0.000566394
18.9132	34.917	4.85683	0.000515577
18.7212	38.8242	0.207415	0.000613529
15.601	39.0202	0.243966	0.000632706
17.2667	36.7732	0.250099	0.000566394
18.7981	41.9596	0.234	0.000824581
18.7212	38.8242	0.207415	0.000613529
21.9014	39.3141	0.238568	0.000612802
15.601	39.0202	0.243966	0.000632706
15.8122	34.7222	4.90377	0.000519833
17.2667	36.7732	0.250099	0.000566394
14.001	23.9462	4.9896	0.000460152
14.6026	21.856	4.98334	0.00045391
17.2998	24.7062	4.98574	0.000456933
13.1107	27.6505	4.99037	0.000473912
12.8447	30.6708	4.9829	0.000489519
10.1383	27.6505	4.99433	0.000478713
15.2052	26.1784	4.9887	0.000465001
15.7173	29.727	4.97816	0.00047856
13.1107	27.6505	4.99037	0.000473912
20.3799	24.7062	4.97967	0.000453218
18.0114	27.1222	4.98141	0.00046368
17.2998	24.7062	4.98574	0.000456933
18.7229	29.5382	4.9641	0.000472151
15.7173	29.727	4.97816	0.00047856
18.0114	27.1222	4.98141	0.00046368
18.7229	29.5382	4.9641	0.000472151
18.6835	32.5943	4.91792	0.000491107
15.7173	29.727	4.97816	0.00047856
10.9756	24.1362	4.99339	0.000465565
8.05963	24.7062	4.99581	0.000471158
8.66123	21.856	4.99256	0.000463512
10.1383	27.6505	4.99433	0.000478713
8.05963	24.7062	4.99581	0.000471158
10.9756	24.1362	4.99339	0.000465565
10.1383	27.6505	4.99433	0.000478713
9.80591	30.6708	4.9911	0.000495542
7.16598	27.6505	4.99668	0.000482538
6.70061	30.2933	4.99602	0.000496792
7.16598	27.6505	4.99668	0.000482538
9.80591	30.6708	4.9911	0.000495542
4.97956	24.7062	4.99704	0.000474413
5.62671	21.6734	4.99448	0.000466437
8.05963	24.7062	4.99581	0.000471158
3.67737	19.1174	4.99155	0.000463388
5.62671	21.6734	4.99448	0.000466437
2.71986	21.856	4.9959	0.000469055
6.52038	19.1174	4.98844	0.000461204
4.76616	16.5071	4.98099	0.000459025
7.464	16.5071	4.97323	0.000456853
25	30.6708	4.92151	0.000452131
28.0388	30.6708	4.9429	0.000438062
28.0866	33.7485	3.3616	0.00032881
47.2801	21.856	4.9954	0.000467116
48.1005	24.7062	4.99743	0.000475193
45.0204	24.7062	4.99683	0.000472183
26.4215	19.1174	4.94199	0.000436595
26.3489	16.5071	4.8799	0.000432313
28.6113	17.5512	4.93799	0.000434588
18.0114	27.1222	4.98141	0.00046368
22.0277	27.6505	4.97263	0.000460261
18.7229	29.5382	4.9641	0.000472151
17.2541	20.9431	4.96861	0.000447259
20.544	21.856	4.96424	0.00044537
17.2998	24.7062	4.98574	0.000456933
23.0771	23.3761	4.97639	0.000446699
26.1025	23.1861	4.97215	0.00043891
25.3391	26.1784	4.97301	0.000445228
17.2998	24.7062	4.98574	0.000456933
20.544	21.856	4.96424	0.00044537
20.3799	24.7062	4.97967	0.000453218
24.8405	21.1517	4.95783	0.000440449
26.1025	23.1861	4.97215	0.00043891
23.0771	23.3761	4.97639	0.000446699
20.544	21.856	4.96424	0.00044537
24.8405	21.1517	4.95783	0.000440449
23.0771	23.3761	4.97639	0.000446699
23.5785	19.1174	4.90892	0.000437042
26.4215	19.1174	4.94199	0.000436595
24.8405	21.1517	4.95783	0.000440449
31.199	26.5464	0.343351	0.000423925
30.7452	28.7831	4.94449	0.000428861
28.269	26.3624	4.94871	0.000427218
29.1279	22.9961	4.95869	0.000427652
31.199	26.5464	0.343351	0.000423925
28.269	26.3624	4.94871	0.000427218
32.7002	24.7062	4.94974	0.000425274
33.7508	28.5944	4.96325	0.000436819
31.199	26.5464	0.343351	0.000423925
20.544	21.856	4.96424	0.00044537
23.0771	23.3761	4.97639	0.000446699
20.3799	24.7062	4.97967	0.000453218
20.7355	19.1174	4.90574	0.00043884
20.544	21.856	4.96424	0.00044537
17.2541	20.9431	4.96861	0.000447259
17.7548	18.7251	4.93249	0.000442011
18.2554	16.5071	4.86032	0.000437697
20.7355	19.1174	4.90574	0.00043884
14.7591	18.4213	4.95942	0.00044698
17.7548	18.7251	4.93249	0.000442011
17.2541	20.9431	4.96861	0.000447259
14.7591	18.4213	4.95942	0.00044698
15.9817	15.8026	4.90345	0.000441098
17.7548	18.7251	4.93249	0.000442011
20.9532	16.5071	0.222414	0.000441113
23.5785	19.1174	4.90892	0.000437042
20.7355	19.1174	4.90574	0.00043884
23.5785	19.1174	4.90892	0.000437042
24.8405	21.1517	4.95783	0.000440449
20.544	21.856	4.96424	0.00044537
26.689	28.4246	4.96083	0.000445642
22.0277	27.6505	4.97263	0.000460261
25.3391	26.1784	4.97301	0.000445228
21.9612	30.6708	4.92486	0.000471281
18.6835	32.5943	4.91792	0.000491107
18.7229	29.5382	4.9641	0.000472151
20.7355	19.1174	4.90574	0.00043884
23.5785	19.1174	4.90892	0.000437042
20.544	21.856	4.96424	0.00044537
16.8484	14.0413	4.83395	0.000438222
19.5656	14.0413	0.182398	0.000440743
18.2554	16.5071	4.86032	0.000437697
16.8484	14.0413	4.83395	0.000438222
17.7988	12.3941	4.73402	0.000436429
19.5656	14.0413	0.182398	0.000440743
14.1312	14.0413	4.89091	0.000443723
16.8484	14.0413	4.83395	0.000438222
15.9817	15.8026	4.90345	0.000441098
15.1767	12.2293	4.81008	0.000441233
17.7988	12.3941	4.73402	0.000436429
16.8484	14.0413	4.83395	0.000438222
18.75	9.60269	0.0957785	0.000443775
21.25	9.60269	0.0689324	0.000441289
19.9458	11.7351	0.123654	0.000440474
24.3933	15.2742	0.212771	0.000437792
23.5785	19.1174	4.90892	0.000437042
20.9532	16.5071	0.222414	0.000441113
4.97956	24.7062	4.99704	0.000474413
4.19365	27.6505	4.99776	0.000485688
1.8995	24.7062	4.9976	0.000476946
8.74996	9.60269	0.188791	0.000456811
9.93237	11.8999	4.84606	0.000450035
7.31021	11.7351	4.88948	0.000452244
46.8029	37.0605	4.96893	0.000495214
43.6827	37.2565	4.93326	0.000486994
46.6062	33.7485	4.98781	0.000487611
41.9404	24.7062	4.99585	0.000467988
45.0204	24.7062	4.99683	0.000472183
42.7675	28.0281	4.99564	0.00047471
38.8603	24.7062	4.9942	0.000462387
41.9404	24.7062	4.99585	0.000467988
39.9888	27.0985	4.99461	0.000467882
41.2294	22.236	4.99276	0.000461132
44.3095	21.856	4.99394	0.000463945
41.9404	24.7062	4.99585	0.000467988
48.7787	27.6505	4.99749	0.00048211
49.3105	30.6708	4.99551	0.000487277
46.2478	30.8632	4.99432	0.000484309
26.1025	23.1861	4.97215	0.00043891
24.8405	21.1517	4.95783	0.000440449
28.8815	20.2128	4.96488	0.000435769
28.269	26.3624	4.94871	0.000427218
26.1025	23.1861	4.97215	0.00043891
29.1279	22.9961	4.95869	0.000427652
23.0771	23.3761	4.97639	0.000446699
22.0277	27.6505	4.97263	0.000460261
20.3799	24.7062	4.97967	0.000453218
12.8447	30.6708	4.9829	0.000489519
12.7112	34.5275	4.96025	0.000525914
9.49534	33.1714	4.98722	0.000516239
10.1383	27.6505	4.99433	0.000478713
12.8447	30.6708	4.9829	0.000489519
9.80591	30.6708	4.9911	0.000495542
14.3285	32.6965	4.95978	0.000502806
18.6835	32.5943	4.91792	0.000491107
15.8122	34.7222	4.90377	0.000519833
25.1151	35.3065	0.170665	0.000347506
21.8846	36.8646	4.80254	0.000525316
21.9134	33.7485	0.257593	0.000489302
14.3285	32.6965	4.95978	0.000502806
12.7112	34.5275	4.96025	0.000525914
12.8447	30.6708	4.9829	0.000489519
18.9132	34.917	4.85683	0.000515577
15.8122	34.7222	4.90377	0.000519833
18.6835	32.5943	4.91792	0.000491107
15.601	39.0202	0.243966	0.000632706
12.5385	36.8646	4.9379	0.000566221
15.8122	34.7222	4.90377	0.000519833
23.5785	19.1174	4.90892	0.000437042
24.3933	15.2742	0.212771	0.000437792
26.3489	16.5071	4.8799	0.000432313
28.8815	20.2128	4.96488	0.000435769
24.8405	21.1517	4.95783	0.000440449
26.4215	19.1174	4.94199	0.000436595
18.2554	16.5071	4.86032	0.000437697
17.7548	18.7251	4.93249	0.000442011
15.9817	15.8026	4.90345	0.000441098
14.6026	21.856	4.98334	0.00045391
17.2541	20.9431	4.96861	0.000447259
17.2998	24.7062	4.98574	0.000456933
15.9817	15.8026	4.90345	0.000441098
13.1778	15.9788	4.94074	0.000447122
14.1312	14.0413	4.89091	0.000443723
14.6026	21.856	4.98334	0.00045391
14.7591	18.4213	4.95942	0.00044698
17.2541	20.9431	4.96861	0.000447259
11.4404	21.3083	4.98797	0.000458294
14.001	23.9462	4.9896	0.000460152
10.9756	24.1362	4.99339	0.000465565
30.001	14.922	4.90379	0.000431561
30.9096	13.2177	4.85002	0.000430222
33.1516	14.0413	4.86854	0.000431344
31.7446	16.5071	4.93739	0.000434803
30.001	14.922	4.90379	0.000431561
33.1516	14.0413	4.86854	0.000431344
25.6653	12.8882	4.73963	0.000429781
27.0253	10.7509	4.68371	0.000431128
28.2875	13.053	4.83277	0.000429814
25.6653	12.8882	4.73963	0.000429781
28.2875	13.053	4.83277	0.000429814
26.3489	16.5071	4.8799	0.000432313
33.75	9.60269	0.105355	0.000437054
36.25	9.60269	0.099206	0.000435658
35.1085	11.7351	0.178314	0.000436223
39.693	16.8552	4.9572	0.000442567
41.2166	14.2175	4.91895	0.000436845
42.536	16.5071	4.96612	0.00044524
28.8815	20.2128	4.96488	0.000435769
26.4215	19.1174	4.94199	0.000436595
28.6113	17.5512	4.93799	0.000434588
40.625	40	0.222411	0.000511792
43.75	40	4.86676	0.000512362
43.6923	43.1354	0.239167	0.000627709
34.399	40.9798	0.168481	0.00059773
37.5	40	4.78099	0.000502309
37.5191	43.9145	0.142814	0.000720109
40.5769	36.8646	4.9131	0.000473646
43.6827	37.2565	4.93326	0.000486994
40.625	40	0.222411	0.000511792
37.3464	33.7485	4.96382	0.000460682
33.997	31.6326	4.96871	0.000450163
37.1553	30.6708	4.98329	0.000459933
40.625	40	0.222411	0.000511792
37.5	40	4.78099	0.000502309
40.5769	36.8646	4.9131	0.000473646
37.4615	36.8646	4.90963	0.000467249
34.1596	34.7385	4.93957	0.00045834
37.3464	33.7485	4.96382	0.000460682
46.2478	30.8632	4.99432	0.000484309
45.7731	27.8393	4.99693	0.000479504
48.7787	27.6505	4.99749	0.00048211
49.6928	33.7485	4.99016	0.000491412
46.6062	33.7485	4.98781	0.000487611
49.3105	30.6708	4.99551	0.000487277
40.1941	30.6708	4.98912	0.000469793
37.1553	30.6708	4.98329	0.000459933
36.8893	27.6505	4.98813	0.000457175
43.2329	30.6708	4.99198	0.000477514
40.1941	30.6708	4.98912	0.000469793
42.7675	28.0281	4.99564	0.00047471
40.433	33.7485	4.96992	0.00046862
37.3464	33.7485	4.96382	0.000460682
40.1941	30.6708	4.98912	0.000469793
31.3171	35.696	4.88746	0.000451355
31.2019	38.0404	0.236107	0.000493796
28.1154	36.8646	3.27868	0.000351706
33.997	31.6326	4.96871	0.000450163
34.1596	34.7385	4.93957	0.00045834
30.9343	31.8249	4.95376	0.000441677
34.3221	37.8444	4.84542	0.00047924
31.2019	38.0404	0.236107	0.000493796
31.3171	35.696	4.88746	0.000451355
37.5	40	4.78099	0.000502309
34.3221	37.8444	4.84542	0.00047924
37.4615	36.8646	4.90963	0.000467249
34.399	40.9798	0.168481	0.00059773
31.2019	38.0404	0.236107	0.000493796
34.3221	37.8444	4.84542	0.00047924
40.1941	30.6708	4.98912	0.000469793
39.9888	27.0985	4.99461	0.000467882
42.7675	28.0281	4.99564	0.00047471
7.16598	27.6505	4.99668	0.000482538
8.05963	24.7062	4.99581	0.000471158
10.1383	27.6505	4.99433	0.000478713
3.69504	30.482	4.99769	0.000501071
4.19365	27.6505	4.99776	0.000485688
6.70061	30.2933	4.99602	0.000496792
4.97956	24.7062	4.99704	0.000474413
8.05963	24.7062	4.99581	0.000471158
7.16598	27.6505	4.99668	0.000482538
2.71986	21.856	4.9959	0.000469055
4.97956	24.7062	4.99704	0.000474413
1.8995	24.7062	4.9976	0.000476946
14.001	23.9462	4.9896	0.000460152
11.4404	21.3083	4.98797	0.000458294
14.6026	21.856	4.98334	0.00045391
13.1107	27.6505	4.99037	0.000473912
10.9756	24.1362	4.99339	0.000465565
14.001	23.9462	4.9896	0.000460152
8.66123	21.856	4.99256	0.000463512
5.62671	21.6734	4.99448	0.000466437
6.52038	19.1174	4.98844	0.000461204
12.2064	19.1174	4.97705	0.000453019
11.4404	21.3083	4.98797	0.000458294
9.3634	19.1174	4.98389	0.000457795
8.05963	24.7062	4.99581	0.000471158
5.62671	21.6734	4.99448	0.000466437
8.66123	21.856	4.99256	0.000463512
44.3095	21.856	4.99394	0.000463945
41.2294	22.236	4.99276	0.000461132
43.4158	19.3	4.98657	0.00045523
45.7731	27.8393	4.99693	0.000479504
45.0204	24.7062	4.99683	0.000472183
48.1005	24.7062	4.99743	0.000475193
38.8603	24.7062	4.9942	0.000462387
36.8893	27.6505	4.98813	0.000457175
35.7802	24.7062	4.98482	0.000448391
45.7731	27.8393	4.99693	0.000479504
42.7675	28.0281	4.99564	0.00047471
45.0204	24.7062	4.99683	0.000472183
43.2329	30.6708	4.99198	0.000477514
46.2478	30.8632	4.99432	0.000484309
43.5196	33.7485	4.97856	0.000478855
40.433	33.7485	4.96992	0.00046862
43.2329	30.6708	4.99198	0.000477514
43.5196	33.7485	4.97856	0.000478855
42.7675	28.0281	4.99564	0.00047471
45.7731	27.8393	4.99693	0.000479504
43.2329	30.6708	4.99198	0.000477514
41.9404	24.7062	4.99585	0.000467988
42.7675	28.0281	4.99564	0.00047471
39.9888	27.0985	4.99461	0.000467882
45.7731	27.8393	4.99693	0.000479504
46.2478	30.8632	4.99432	0.000484309
43.2329	30.6708	4.99198	0.000477514
8.69678	14.0413	4.93435	0.000453028
5.97957	14.0413	4.95534	0.000455388
7.31021	11.7351	4.88948	0.000452244
10.1618	16.5071	4.96339	0.000453263
8.69678	14.0413	4.93435	0.000453028
11.414	14.0413	4.91385	0.000449003
7.464	16.5071	4.97323	0.000456853
4.76616	16.5071	4.98099	0.000459025
5.97957	14.0413	4.95534	0.000455388
10.1618	16.5071	4.96339	0.000453263
7.464	16.5071	4.97323	0.000456853
8.69678	14.0413	4.93435	0.000453028
10.1618	16.5071	4.96339	0.000453263
9.3634	19.1174	4.98389	0.000457795
7.464	16.5071	4.97323	0.000456853
9.42308	36.8646	4.97904	0.000571254
9.49534	33.1714	4.98722	0.000516239
12.7112	34.5275	4.96025	0.000525914
12.5	40	4.93237	0.000668454
9.36058	39.4121	4.9782	0.000646165
12.5385	36.8646	4.9379	0.000566221
9.36058	39.4121	4.9782	0.000646165
6.30769	36.8646	4.99223	0.000571334
9.42308	36.8646	4.97904	0.000571254
3.19231	36.8646	4.99657	0.000572505
3.40821	33.9432	4.99715	0.000530163
6.30769	36.8646	4.99223	0.000571334
0.076922	36.8646	4.99757	0.000572229
3.19231	36.8646	4.99657	0.000572505
3.125	40	4.99627	0.000661092
0.076922	36.8646	4.99757	0.000572229
0.307214	33.7485	4.9979	0.000529931
3.19231	36.8646	4.99657	0.000572505
6.70061	30.2933	4.99602	0.000496792
9.80591	30.6708	4.9911	0.000495542
9.49534	33.1714	4.98722	0.000516239
2.71986	21.856	4.9959	0.000469055
5.62671	21.6734	4.99448	0.000466437
4.97956	24.7062	4.99704	0.000474413
18.0114	27.1222	4.98141	0.00046368
15.7173	29.727	4.97816	0.00047856
15.2052	26.1784	4.9887	0.000465001
43.5196	33.7485	4.97856	0.000478855
40.5769	36.8646	4.9131	0.000473646
40.433	33.7485	4.96992	0.00046862
49.9231	36.8646	4.97653	0.000499559
46.8029	37.0605	4.96893	0.000495214
49.6928	33.7485	4.99016	0.000491412
43.75	40	4.86676	0.000512362
40.625	40	0.222411	0.000511792
43.6827	37.2565	4.93326	0.000486994
13.1107	27.6505	4.99037	0.000473912
15.7173	29.727	4.97816	0.00047856
12.8447	30.6708	4.9829	0.000489519
10.9756	24.1362	4.99339	0.000465565
13.1107	27.6505	4.99037	0.000473912
10.1383	27.6505	4.99433	0.000478713
15.2052	26.1784	4.9887	0.000465001
17.2998	24.7062	4.98574	0.000456933
18.0114	27.1222	4.98141	0.00046368
14.001	23.9462	4.9896	0.000460152
15.2052	26.1784	4.9887	0.000465001
13.1107	27.6505	4.99037	0.000473912
14.001	23.9462	4.9896	0.000460152
17.2998	24.7062	4.98574	0.000456933
15.2052	26.1784	4.9887	0.000465001
46.6062	33.7485	4.98781	0.000487611
43.6827	37.2565	4.93326	0.000486994
43.5196	33.7485	4.97856	0.000478855
50	40	4.96029	0.000521505
46.8029	37.0605	4.96893	0.000495214
49.9231	36.8646	4.97653	0.000499559
46.8798	40.196	4.93551	0.000553509
43.75	40	4.86676	0.000512362
46.8029	37.0605	4.96893	0.000495214
21.9014	39.3141	0.238568	0.000612802
21.9183	41.7637	4.84866	0.00079203
18.7981	41.9596	0.234	0.000824581
25	40	4.86602	0.000583801
21.9014	39.3141	0.238568	0.000612802
21.8846	36.8646	4.80254	0.000525316
25	40	4.86602	0.000583801
21.9183	41.7637	4.84866	0.00079203
21.9014	39.3141	0.238568	0.000612802
22.0142	44.8882	4.90902	0.00123609
18.7981	41.9596	0.234	0.000824581
21.9183	41.7637	4.84866	0.00079203
3.69504	30.482	4.99769	0.000501071
3.40821	33.9432	4.99715	0.000530163
0.68946	30.6708	4.99816	0.000504747
1.22131	27.6505	4.99813	0.000488275
3.69504	30.482	4.99769	0.000501071
0.68946	30.6708	4.99816	0.000504747
6.70061	30.2933	4.99602	0.000496792
6.43263	33.3637	4.99465	0.000521131
3.69504	30.482	4.99769	0.000501071
43.5196	33.7485	4.97856	0.000478855
43.6827	37.2565	4.93326	0.000486994
40.5769	36.8646	4.9131	0.000473646
40.1941	30.6708	4.98912	0.000469793
43.2329	30.6708	4.99198	0.000477514
40.433	33.7485	4.96992	0.00046862
46.6062	33.7485	4.98781	0.000487611
49.6928	33.7485	4.99016	0.000491412
46.8029	37.0605	4.96893	0.000495214
46.2478	30.8632	4.99432	0.000484309
46.6062	33.7485	4.98781	0.000487611
43.5196	33.7485	4.97856	0.000478855
46.2478	30.8632	4.99432	0.000484309
49.3105	30.6708	4.99551	0.000487277
46.6062	33.7485	4.98781	0.000487611
46.8798	40.196	4.93551	0.000553509
46.8029	37.0605	4.96893	0.000495214
50	40	4.96029	0.000521505
9.4375	42.5475	4.98255	0.000895968
6.24038	39.6081	4.992	0.000645843
9.36058	39.4121	4.9782	0.000646165
9.49534	33.1714	4.98722	0.000516239
9.80591	30.6708	4.9911	0.000495542
12.8447	30.6708	4.9829	0.000489519
12.5385	36.8646	4.9379	0.000566221
9.42308	36.8646	4.97904	0.000571254
12.7112	34.5275	4.96025	0.000525914
6.43263	33.3637	4.99465	0.000521131
6.70061	30.2933	4.99602	0.000496792
9.49534	33.1714	4.98722	0.000516239
4.19365	27.6505	4.99776	0.000485688
4.97956	24.7062	4.99704	0.000474413
7.16598	27.6505	4.99668	0.000482538
1.22131	27.6505	4.99813	0.000488275
4.19365	27.6505	4.99776	0.000485688
3.69504	30.482	4.99769	0.000501071
1.22131	27.6505	4.99813	0.000488275
1.8995	24.7062	4.9976	0.000476946
4.19365	27.6505	4.99776	0.000485688
6.70061	30.2933	4.99602	0.000496792
4.19365	27.6505	4.99776	0.000485688
7.16598	27.6505	4.99668	0.000482538
18.7229	29.5382	4.9641	0.000472151
22.0277	27.6505	4.97263	0.000460261
21.9612	30.6708	4.92486	0.000471281
14.3285	32.6965	4.95978	0.000502806
12.8447	30.6708	4.9829	0.000489519
15.7173	29.727	4.97816	0.00047856
18.6835	32.5943	4.91792	0.000491107
14.3285	32.6965	4.95978	0.000502806
15.7173	29.727	4.97816	0.00047856
15.8122	34.7222	4.90377	0.000519833
12.7112	34.5275	4.96025	0.000525914
14.3285	32.6965	4.95978	0.000502806
18.0114	27.1222	4.98141	0.00046368
20.3799	24.7062	4.97967	0.000453218
22.0277	27.6505	4.97263	0.000460261
3.40821	33.9432	4.99715	0.000530163
3.69504	30.482	4.99769	0.000501071
6.43263	33.3637	4.99465	0.000521131
46.8077	43.1354	4.91227	0.000618418
43.6923	43.1354	0.239167	0.000627709
46.8798	40.196	4.93551	0.000553509
49.9231	43.1354	4.94938	0.000615222
46.8077	43.1354	4.91227	0.000618418
46.8798	40.196	4.93551	0.000553509
46.2717	49.3292	4.95801	0.00116139
49.3105	49.3292	4.96788	0.00107591
48.7787	52.3495	4.96617	0.00184927
43.5196	46.2515	4.8739	0.000807409
46.2717	49.3292	4.95801	0.00116139
43.2329	49.3292	4.92894	0.00127619
40.433	46.2515	4.79398	0.000847442
43.5196	46.2515	4.8739	0.000807409
43.2329	49.3292	4.92894	0.00127619
43.6923	43.1354	0.239167	0.000627709
46.8077	43.1354	4.91227	0.000618418
46.6062	46.2515	4.93309	0.000775109
46.6062	46.2515	4.93309	0.000775109
49.3105	49.3292	4.96788	0.00107591
46.2717	49.3292	4.95801	0.00116139
6.30769	36.8646	4.99223	0.000571334
6.43263	33.3637	4.99465	0.000521131
9.42308	36.8646	4.97904	0.000571254
3.125	40	4.99627	0.000661092
3.19231	36.8646	4.99657	0.000572505
6.24038	39.6081	4.992	0.000645843
3.40821	33.9432	4.99715	0.000530163
6.43263	33.3637	4.99465	0.000521131
6.30769	36.8646	4.99223	0.000571334
0.307214	33.7485	4.9979	0.000529931
3.40821	33.9432	4.99715	0.000530163
3.19231	36.8646	4.99657	0.000572505
0.307214	33.7485	4.9979	0.000529931
0.68946	30.6708	4.99816	0.000504747
3.40821	33.9432	4.99715	0.000530163
