25	30.6708	4.92871	0.000610737
28.0866	33.7485	4.91226	0.00060854
25.1151	35.3065	0.252304	0.000643905
22.0277	27.6505	4.97246	0.000607328
25	30.6708	4.92871	0.000610737
21.9612	30.6708	4.92468	0.000619771
26.689	28.4246	4.97032	0.000601833
28.269	26.3624	4.9503	0.000554017
30.7452	28.7831	4.94411	0.000551128
25	30.6708	4.92871	0.000610737
26.689	28.4246	4.97032	0.000601833
28.0388	30.6708	4.95855	0.000602775
25.3391	26.1784	4.9798	0.000598439
28.269	26.3624	4.9503	0.000554017
26.689	28.4246	4.97032	0.000601833
28.0388	30.6708	4.95855	0.000602775
30.9343	31.8249	4.96522	0.000599068
28.0866	33.7485	4.91226	0.00060854
22.0277	27.6505	4.97246	0.000607328
26.689	28.4246	4.97032	0.000601833
25	30.6708	4.92871	0.000610737
30.7452	28.7831	4.94411	0.000551128
30.9343	31.8249	4.96522	0.000599068
28.0388	30.6708	4.95855	0.000602775
26.689	28.4246	4.97032	0.000601833
30.7452	28.7831	4.94411	0.000551128
28.0388	30.6708	4.95855	0.000602775
26.1025	23.1861	4.98008	0.000591726
28.269	26.3624	4.9503	0.000554017
25.3391	26.1784	4.9798	0.000598439
29.1279	22.9961	4.96375	0.00056478
32.7002	24.7062	4.94781	0.000544324
31.199	26.5464	0.4526	0.000449009
33.7508	28.5944	4.96929	0.00057907
30.9343	31.8249	4.96522	0.000599068
30.7452	28.7831	4.94411	0.000551128
31.199	26.5464	0.4526	0.000449009
33.7508	28.5944	4.96929	0.00057907
30.7452	28.7831	4.94411	0.000551128
37.4615	36.8646	4.90987	0.000604374
40.433	33.7485	4.97034	0.00061797
40.5769	36.8646	4.91359	0.000617038
36.8893	27.6505	4.99312	0.00061455
37.1553	30.6708	4.98655	0.00061436
33.7508	28.5944	4.96929	0.00057907
36.8893	27.6505	4.99312	0.00061455
39.9888	27.0985	4.99513	0.000621856
40.1941	30.6708	4.98932	0.000623055
34.9506	19.1174	4.97378	0.000588614
34.4425	16.5071	4.93732	0.000576314
37.1403	16.5071	4.94075	0.000579217
38.204	22.4261	4.99173	0.000607075
35.1786	22.6161	4.99117	0.000602437
36.4861	20.8667	4.98462	0.000597864
32.1075	19.1174	4.97147	0.000584664
28.8815	20.2128	4.96977	0.000582866
28.6113	17.5512	4.93937	0.000574868
38.204	22.4261	4.99173	0.000607075
35.7802	24.7062	4.99384	0.000607939
35.1786	22.6161	4.99117	0.000602437
32.7002	24.7062	4.94781	0.000544324
29.1279	22.9961	4.96375	0.00056478
32.4267	21.856	4.98429	0.000590643
45.7731	27.8393	4.99715	0.000636766
48.1005	24.7062	4.99749	0.000630145
48.7787	27.6505	4.99771	0.000640443
38.8603	24.7062	4.9951	0.000615409
41.2294	22.236	4.99264	0.000610893
41.9404	24.7062	4.99584	0.000620544
38.8603	24.7062	4.9951	0.000615409
38.204	22.4261	4.99173	0.000607075
41.2294	22.236	4.99264	0.000610893
36.8893	27.6505	4.99312	0.00061455
38.8603	24.7062	4.9951	0.000615409
39.9888	27.0985	4.99513	0.000621856
35.7802	24.7062	4.99384	0.000607939
38.204	22.4261	4.99173	0.000607075
38.8603	24.7062	4.9951	0.000615409
33.7508	28.5944	4.96929	0.00057907
35.7802	24.7062	4.99384	0.000607939
36.8893	27.6505	4.99312	0.00061455
32.7002	24.7062	4.94781	0.000544324
32.4267	21.856	4.98429	0.000590643
35.1786	22.6161	4.99117	0.000602437
37.7936	19.1174	4.9758	0.000591795
40.5089	19.4825	4.98272	0.000598275
38.204	22.4261	4.99173	0.000607075
35.1786	22.6161	4.99117	0.000602437
32.4267	21.856	4.98429	0.000590643
34.9506	19.1174	4.97378	0.000588614
36.4861	20.8667	4.98462	0.000597864
35.1786	22.6161	4.99117	0.000602437
34.9506	19.1174	4.97378	0.000588614
37.7936	19.1174	4.9758	0.000591795
36.4861	20.8667	4.98462	0.000597864
34.9506	19.1174	4.97378	0.000588614
37.7936	19.1174	4.9758	0.000591795
38.204	22.4261	4.99173	0.000607075
36.4861	20.8667	4.98462	0.000597864
35.7802	24.7062	4.99384	0.000607939
32.7002	24.7062	4.94781	0.000544324
35.1786	22.6161	4.99117	0.000602437
33.7508	28.5944	4.96929	0.00057907
32.7002	24.7062	4.94781	0.000544324
35.7802	24.7062	4.99384	0.000607939
29.1279	22.9961	4.96375	0.00056478
28.8815	20.2128	4.96977	0.000582866
32.4267	21.856	4.98429	0.000590643
37.1403	16.5071	4.94075	0.000579217
39.693	16.8552	4.9574	0.000584911
37.7936	19.1174	4.9758	0.000591795
44.3095	21.856	4.99401	0.000614866
47.2801	21.856	4.99543	0.000619021
45.0204	24.7062	4.99691	0.000626133
41.9404	24.7062	4.99584	0.000620544
44.3095	21.856	4.99401	0.000614866
45.0204	24.7062	4.99691	0.000626133
43.4158	19.3	4.98671	0.000603085
46.3226	19.1174	4.9899	0.000607262
44.3095	21.856	4.99401	0.000614866
28.0866	46.2515	4.89509	0.00160712
31.0776	49.3292	4.84559	0.00292613
28.0388	49.3292	4.90403	0.0032956
25	43.1354	4.90927	0.0010395
28.1154	43.1354	4.8579	0.00100687
28.0866	46.2515	4.89509	0.00160712
37.3464	46.2515	0.15952	0.00113125
34.3294	43.6157	0.133122	0.000914085
37.5191	43.9145	0.143441	0.000872185
31.226	43.7137	0.187912	0.00101422
31.2788	41.1758	0.182548	0.000787256
34.3294	43.6157	0.133122	0.000914085
28.0866	46.2515	4.89509	0.00160712
31.226	43.7137	0.187912	0.00101422
31.1732	46.2515	4.78428	0.00150228
28.1154	43.1354	4.8579	0.00100687
31.2788	41.1758	0.182548	0.000787256
31.226	43.7137	0.187912	0.00101422
25	46.2515	4.92804	0.0016278
25	43.1354	4.90927	0.0010395
28.0866	46.2515	4.89509	0.00160712
28.125	40	4.84305	0.00071973
31.2788	41.1758	0.182548	0.000787256
28.1154	43.1354	4.8579	0.00100687
28.125	40	4.84305	0.00071973
31.2019	38.0404	0.239483	0.000634409
31.2788	41.1758	0.182548	0.000787256
31.2019	38.0404	0.239483	0.000634409
34.399	40.9798	0.167888	0.000737692
31.2788	41.1758	0.182548	0.000787256
28.0866	33.7485	4.91226	0.00060854
31.3171	35.696	4.89649	0.00060094
28.1154	36.8646	4.86403	0.000631695
37.3464	33.7485	4.96423	0.000605799
37.1553	30.6708	4.98655	0.00061436
40.1941	30.6708	4.98932	0.000623055
37.4615	36.8646	4.90987	0.000604374
37.3464	33.7485	4.96423	0.000605799
40.433	33.7485	4.97034	0.00061797
37.4615	36.8646	4.90987	0.000604374
34.3221	37.8444	4.8438	0.000608609
34.1596	34.7385	4.93888	0.000596259
34.1596	34.7385	4.93888	0.000596259
33.997	31.6326	4.974	0.00060125
37.3464	33.7485	4.96423	0.000605799
31.3171	35.696	4.89649	0.00060094
34.1596	34.7385	4.93888	0.000596259
34.3221	37.8444	4.8438	0.000608609
31.3171	35.696	4.89649	0.00060094
30.9343	31.8249	4.96522	0.000599068
34.1596	34.7385	4.93888	0.000596259
30.9343	31.8249	4.96522	0.000599068
33.7508	28.5944	4.96929	0.00057907
33.997	31.6326	4.974	0.00060125
40.433	46.2515	4.79553	0.00101011
40.6201	43.7197	0.186336	0.000824142
43.5196	46.2515	4.8748	0.000977821
46.8029	37.0605	4.96968	0.000653487
43.75	40	4.86732	0.000661265
43.6827	37.2565	4.9339	0.000637861
49.9231	43.1354	4.95007	0.000787954
46.8798	40.196	4.93621	0.000720823
50	40	4.96107	0.000681926
49.9231	43.1354	4.95007	0.000787954
49.6928	46.2515	4.95799	0.000930327
46.8077	43.1354	4.9129	0.000787681
25	43.1354	4.90927	0.0010395
25	46.2515	4.92804	0.0016278
22.0142	44.8882	4.91002	0.00138916
25	40	4.87127	0.000746226
25	43.1354	4.90927	0.0010395
21.9183	41.7637	4.84972	0.000968293
25	40	4.87127	0.000746226
28.1154	43.1354	4.8579	0.00100687
25	43.1354	4.90927	0.0010395
31.2019	38.0404	0.239483	0.000634409
28.125	40	4.84305	0.00071973
28.1154	36.8646	4.86403	0.000631695
28.1154	43.1354	4.8579	0.00100687
31.226	43.7137	0.187912	0.00101422
28.0866	46.2515	4.89509	0.00160712
18.7981	41.9596	0.235141	0.00101799
15.601	39.0202	0.244165	0.000806074
18.7212	38.8242	0.207564	0.000782939
17.2523	44.2036	4.89699	0.00137631
15.7402	46.2515	4.95269	0.00197247
14.1489	44.3016	4.94979	0.00141149
18.7981	41.9596	0.235141	0.00101799
17.2523	44.2036	4.89699	0.00137631
15.6779	42.1556	4.87894	0.00107387
18.8268	46.2515	4.92727	0.0017899
15.7402	46.2515	4.95269	0.00197247
17.2523	44.2036	4.89699	0.00137631
21.7462	47.598	4.91461	0.0023725
18.8268	46.2515	4.92727	0.0017899
22.0142	44.8882	4.91002	0.00138916
21.7462	47.598	4.91461	0.0023725
18.9224	49.3292	4.92817	0.00371624
18.8268	46.2515	4.92727	0.0017899
15.6779	42.1556	4.87894	0.00107387
15.601	39.0202	0.244165	0.000806074
18.7981	41.9596	0.235141	0.00101799
18.8268	46.2515	4.92727	0.0017899
17.2523	44.2036	4.89699	0.00137631
18.7981	41.9596	0.235141	0.00101799
14.1489	44.3016	4.94979	0.00141149
12.6536	46.2515	4.97523	0.00184354
12.5577	42.3516	4.95375	0.00107645
15.6779	42.1556	4.87894	0.00107387
14.1489	44.3016	4.94979	0.00141149
12.5577	42.3516	4.95375	0.00107645
15.7402	46.2515	4.95269	0.00197247
12.6536	46.2515	4.97523	0.00184354
14.1489	44.3016	4.94979	0.00141149
12.7118	50.0843	4.97731	0.00460135
12.6536	46.2515	4.97523	0.00184354
15.8835	49.3292	4.96434	0.00379775
16.083	52.3495	4.95379	0.00902105
13.1107	52.3495	4.96675	0.00855566
15.8835	49.3292	4.96434	0.00379775
18.9224	49.3292	4.92817	0.00371624
16.083	52.3495	4.95379	0.00902105
15.8835	49.3292	4.96434	0.00379775
13.1107	52.3495	4.96675	0.00855566
10.6893	54.7417	4.94041	0.0158226
10.1383	52.3495	4.97051	0.00777799
15.8835	49.3292	4.96434	0.00379775
13.1107	52.3495	4.96675	0.00855566
12.7118	50.0843	4.97731	0.00460135
14.2198	55.2938	4.92504	0.0219964
10.6893	54.7417	4.94041	0.0158226
13.1107	52.3495	4.96675	0.00855566
17.0264	56.2438	4.89834	0.0317106
14.2198	55.2938	4.92504	0.0219964
16.083	52.3495	4.95379	0.00902105
17.2808	59.0298	4.77197	0.0785889
17.5295	61.7527	0.0941083	4.66228
15.0494	60.8826	0.11828	0.10639
17.0264	56.2438	4.89834	0.0317106
17.2808	59.0298	4.77197	0.0785889
14.6026	58.144	4.8145	0.0539
17.0264	56.2438	4.89834	0.0317106
20.0518	56.4338	4.87781	0.0346232
17.2808	59.0298	4.77197	0.0785889
7.16598	52.3495	4.97309	0.00708002
8.05963	55.2938	4.93076	0.0167605
4.92487	55.4838	4.93466	0.0173328
6.76709	49.3292	4.98793	0.00322938
7.16598	52.3495	4.97309	0.00708002
4.19365	52.3495	4.97633	0.006628
10.1383	52.3495	4.97051	0.00777799
8.05963	55.2938	4.93076	0.0167605
7.16598	52.3495	4.97309	0.00708002
12.7118	50.0843	4.97731	0.00460135
10.1383	52.3495	4.97051	0.00777799
9.70619	49.8955	4.98308	0.00400445
10.6893	54.7417	4.94041	0.0158226
8.05963	55.2938	4.93076	0.0167605
10.1383	52.3495	4.97051	0.00777799
12.5577	42.3516	4.95375	0.00107645
12.5	40	4.93238	0.000843108
15.6779	42.1556	4.87894	0.00107387
9.61019	45.6673	4.98782	0.00157974
12.5577	42.3516	4.95375	0.00107645
12.6536	46.2515	4.97523	0.00184354
9.61019	45.6673	4.98782	0.00157974
6.31731	42.7435	4.99256	0.00107792
9.4375	42.5475	4.98247	0.00108968
-3.10282e-28	40	4.99708	0.000891974
3.125	40	4.99611	0.000840188
3.19711	42.9395	4.99577	0.00109714
-3.10282e-28	40	4.99708	0.000891974
0.076922	36.8646	4.99739	0.000744901
3.125	40	4.99611	0.000840188
46.6062	46.2515	4.93368	0.000950595
46.2717	49.3292	4.95866	0.0013457
43.5196	46.2515	4.8748	0.000977821
43.6923	43.1354	0.239562	0.000791184
46.6062	46.2515	4.93368	0.000950595
43.5196	46.2515	4.8748	0.000977821
49.6928	46.2515	4.95799	0.000930327
49.3105	49.3292	4.96838	0.00126078
46.6062	46.2515	4.93368	0.000950595
27.4517	72.3429	0.00329445	0.02408
25	72.3429	0.00334022	0.0297118
27.0253	69.2491	0.00733123	0.0558946
24.7277	76.3587	0.00154929	0.0102284
26.189	74.0896	0.0022713	0.0166687
27.2733	75.6267	0.0017273	0.0106146
24.7277	76.3587	0.00154929	0.0102284
23.0327	74.7883	0.00205068	0.0172133
26.189	74.0896	0.0022713	0.0166687
23.0339	79.8761	0.0012354	0.00696434
21.0802	79.5053	0.00133552	0.0080138
21.6827	78.0345	0.00137547	0.00855997
19.6759	76.9444	0.00160169	0.0104539
19.0551	74.0896	0.00259625	0.0209682
21.4331	74.0896	0.00243104	0.0221609
19.6759	76.9444	0.00160169	0.0104539
18.1801	75.6267	0.00207384	0.0142175
19.0551	74.0896	0.00259625	0.0209682
21.4331	74.0896	0.00243104	0.0221609
23.0327	74.7883	0.00205068	0.0172133
22.3999	76.5052	0.00158715	0.0113046
20.0967	72.3429	0.0037509	0.0386328
22.5483	72.3429	0.00355033	0.0393813
21.4331	74.0896	0.00243104	0.0221609
16.5527	73.7985	0.00300025	0.0195509
17.645	72.3429	0.00397366	0.0294911
19.0551	74.0896	0.00259625	0.0209682
19.193	69.7412	0.00784063	0.0743132
21.8037	69.5771	0.0074722	4.51113
20.0967	72.3429	0.0037509	0.0386328
21.8037	69.5771	0.0074722	4.51113
23.75	70.3973	0.00581346	0.0598991
22.5483	72.3429	0.00355033	0.0393813
21.6827	78.0345	0.00137547	0.00855997
19.1515	78.89	0.00146302	0.00893205
19.6759	76.9444	0.00160169	0.0104539
22.3999	76.5052	0.00158715	0.0113046
19.6759	76.9444	0.00160169	0.0104539
21.4331	74.0896	0.00243104	0.0221609
22.3999	76.5052	0.00158715	0.0113046
21.6827	78.0345	0.00137547	0.00855997
19.6759	76.9444	0.00160169	0.0104539
24.7277	76.3587	0.00154929	0.0102284
22.3999	76.5052	0.00158715	0.0113046
23.0327	74.7883	0.00205068	0.0172133
24.7277	76.3587	0.00154929	0.0102284
24.9752	78.5234	0.00126449	0.00699706
23.329	78.279	0.00130701	0.00776621
21.0802	79.5053	0.00133552	0.0080138
19.1515	78.89	0.00146302	0.00893205
21.6827	78.0345	0.00137547	0.00855997
25	80	0.0012222	0.00653799
24.9752	78.5234	0.00126449	0.00699706
26.9661	79.8761	0.00121426	0.00602062
19.6759	76.9444	0.00160169	0.0104539
19.1515	78.89	0.00146302	0.00893205
17.2597	78.0345	0.00171002	0.0104832
28.3173	78.0345	0.00132823	0.00660691
30.8485	78.89	0.00141048	0.00647358
28.9198	79.5053	0.00129475	0.00619984
18.1801	75.6267	0.00207384	0.0142175
19.6759	76.9444	0.00160169	0.0104539
17.2597	78.0345	0.00171002	0.0104832
15.4167	76.9444	0.00207888	0.0122348
18.1801	75.6267	0.00207384	0.0142175
17.2597	78.0345	0.00171002	0.0104832
23.0327	74.7883	0.00205068	0.0172133
21.4331	74.0896	0.00243104	0.0221609
22.5483	72.3429	0.00355033	0.0393813
15.4167	76.9444	0.00207888	0.0122348
16.5527	73.7985	0.00300025	0.0195509
18.1801	75.6267	0.00207384	0.0142175
20.0967	72.3429	0.0037509	0.0386328
21.8037	69.5771	0.0074722	4.51113
22.5483	72.3429	0.00355033	0.0393813
15.4167	76.9444	0.00207888	0.0122348
13.6336	75.6267	0.00294702	0.0167927
14.237	73.9441	0.00336909	0.0194223
29.3832	76.0659	0.00165298	0.00882208
31.3712	77.1646	0.00158259	0.00743445
28.3173	78.0345	0.00132823	0.00660691
31.9219	75.3472	0.00195578	0.00966075
34.5833	76.9444	0.00191739	0.00836696
32.7403	78.0345	0.00159331	0.00712931
14.237	73.9441	0.00336909	0.0194223
11.9212	74.0896	0.00412913	0.0225495
12.7417	72.3429	0.0049693	0.0272089
11.25	70.3973	0.00823863	0.0441996
12.7417	72.3429	0.0049693	0.0272089
10.2901	72.3429	0.0063655	0.0340491
17.645	72.3429	0.00397366	0.0294911
16.5527	73.7985	0.00300025	0.0195509
15.1934	72.3429	0.00432641	0.0261336
19.193	69.7412	0.00784063	0.0743132
17.645	72.3429	0.00397366	0.0294911
16.25	70.3973	0.00681183	0.0439219
20.0967	72.3429	0.0037509	0.0386328
19.0551	74.0896	0.00259625	0.0209682
17.645	72.3429	0.00397366	0.0294911
19.0551	74.0896	0.00259625	0.0209682
18.1801	75.6267	0.00207384	0.0142175
16.5527	73.7985	0.00300025	0.0195509
32.355	72.3429	0.00335892	0.0187461
34.8066	72.3429	0.00370953	0.0177319
33.3228	74.0896	0.00249117	0.012123
33.3228	74.0896	0.00249117	0.012123
31.9219	75.3472	0.00195578	0.00966075
30.9297	73.8705	0.00240859	0.013644
35.7008	74.0896	0.00291491	0.0129407
33.3228	74.0896	0.00249117	0.012123
34.8066	72.3429	0.00370953	0.0177319
34.5833	76.9444	0.00191739	0.00836696
31.9219	75.3472	0.00195578	0.00966075
33.3228	74.0896	0.00249117	0.012123
17.4187	68.2649	0.0123685	0.0903036
14.8915	68.2649	0.0121904	0.0745251
16.8484	65.9587	0.0240066	4.63502
16.25	70.3973	0.00681183	0.0439219
13.513	70.6966	0.00671636	0.0372653
14.8915	68.2649	0.0121904	0.0745251
19.193	69.7412	0.00784063	0.0743132
16.25	70.3973	0.00681183	0.0439219
17.4187	68.2649	0.0123685	0.0903036
15.1934	72.3429	0.00432641	0.0261336
14.237	73.9441	0.00336909	0.0194223
12.7417	72.3429	0.0049693	0.0272089
17.645	72.3429	0.00397366	0.0294911
15.1934	72.3429	0.00432641	0.0261336
16.25	70.3973	0.00681183	0.0439219
16.5527	73.7985	0.00300025	0.0195509
14.237	73.9441	0.00336909	0.0194223
15.1934	72.3429	0.00432641	0.0261336
12.7417	72.3429	0.0049693	0.0272089
11.25	70.3973	0.00823863	0.0441996
13.513	70.6966	0.00671636	0.0372653
8.74996	70.3973	0.0105425	0.0571479
11.25	70.3973	0.00823863	0.0441996
10.2901	72.3429	0.0063655	0.0340491
12.3644	68.2649	0.0130076	0.0728599
13.846	66.4528	0.0208242	0.102967
14.8915	68.2649	0.0121904	0.0745251
9.83732	68.2649	0.0147288	0.0867077
12.3644	68.2649	0.0130076	0.0728599
11.25	70.3973	0.00823863	0.0441996
9.83732	68.2649	0.0147288	0.0867077
11.414	65.9587	0.0254502	4.55603
12.3644	68.2649	0.0130076	0.0728599
9.83732	68.2649	0.0147288	0.0867077
11.25	70.3973	0.00823863	0.0441996
8.74996	70.3973	0.0105425	0.0571479
14.8915	68.2649	0.0121904	0.0745251
13.513	70.6966	0.00671636	0.0372653
12.3644	68.2649	0.0130076	0.0728599
15.1934	72.3429	0.00432641	0.0261336
12.7417	72.3429	0.0049693	0.0272089
13.513	70.6966	0.00671636	0.0372653
15.4167	76.9444	0.00207888	0.0122348
14.237	73.9441	0.00336909	0.0194223
16.5527	73.7985	0.00300025	0.0195509
13.6336	75.6267	0.00294702	0.0167927
11.9212	74.0896	0.00412913	0.0225495
14.237	73.9441	0.00336909	0.0194223
11.9212	74.0896	0.00412913	0.0225495
10.2901	72.3429	0.0063655	0.0340491
12.7417	72.3429	0.0049693	0.0272089
7.31021	68.2649	0.0186691	0.10893
9.83732	68.2649	0.0147288	0.0867077
8.74996	70.3973	0.0105425	0.0571479
7.31021	68.2649	0.0186691	0.10893
5.97957	65.9587	0.0358997	4.64237
8.78345	65.7825	0.0296099	4.61174
28.3173	78.0345	0.00132823	0.00660691
28.9198	79.5053	0.00129475	0.00619984
26.9661	79.8761	0.00121426	0.00602062
31.3712	77.1646	0.00158259	0.00743445
31.9219	75.3472	0.00195578	0.00966075
32.7403	78.0345	0.00159331	0.00712931
28.3173	78.0345	0.00132823	0.00660691
31.3712	77.1646	0.00158259	0.00743445
30.8485	78.89	0.00141048	0.00647358
29.3832	76.0659	0.00165298	0.00882208
31.9219	75.3472	0.00195578	0.00966075
31.3712	77.1646	0.00158259	0.00743445
27.2733	75.6267	0.0017273	0.0106146
29.3832	76.0659	0.00165298	0.00882208
28.3173	78.0345	0.00132823	0.00660691
28.5669	74.0896	0.00226238	0.0143264
29.9033	72.3429	0.00327431	0.0216713
30.9297	73.8705	0.00240859	0.013644
27.2733	75.6267	0.0017273	0.0106146
28.5669	74.0896	0.00226238	0.0143264
29.3832	76.0659	0.00165298	0.00882208
27.2733	75.6267	0.0017273	0.0106146
26.189	74.0896	0.0022713	0.0166687
28.5669	74.0896	0.00226238	0.0143264
26.2439	77.6257	0.00134988	0.00751128
27.2733	75.6267	0.0017273	0.0106146
28.3173	78.0345	0.00132823	0.00660691
26.9661	79.8761	0.00121426	0.00602062
26.2439	77.6257	0.00134988	0.00751128
28.3173	78.0345	0.00132823	0.00660691
24.9752	78.5234	0.00126449	0.00699706
24.7277	76.3587	0.00154929	0.0102284
26.2439	77.6257	0.00134988	0.00751128
31.0572	70.658	0.00484924	0.0332507
30.0542	68.2649	0.00930861	4.40235
32.2468	68.921	0.00748672	0.0449703
31.0572	70.658	0.00484924	0.0332507
28.75	70.3973	0.00534475	0.0406089
30.0542	68.2649	0.00930861	4.40235
33.75	70.3973	0.00543238	0.0272287
31.0572	70.658	0.00484924	0.0332507
32.2468	68.921	0.00748672	0.0449703
29.9033	72.3429	0.00327431	0.0216713
28.75	70.3973	0.00534475	0.0406089
31.0572	70.658	0.00484924	0.0332507
30.9297	73.8705	0.00240859	0.013644
29.9033	72.3429	0.00327431	0.0216713
32.355	72.3429	0.00335892	0.0187461
33.3228	74.0896	0.00249117	0.012123
30.9297	73.8705	0.00240859	0.013644
32.355	72.3429	0.00335892	0.0187461
31.9219	75.3472	0.00195578	0.00966075
29.3832	76.0659	0.00165298	0.00882208
30.9297	73.8705	0.00240859	0.013644
28.5669	74.0896	0.00226238	0.0143264
26.189	74.0896	0.0022713	0.0166687
27.4517	72.3429	0.00329445	0.02408
25	72.3429	0.00334022	0.0297118
23.75	70.3973	0.00581346	0.0598991
27.0253	69.2491	0.00733123	0.0558946
26.9661	79.8761	0.00121426	0.00602062
24.9752	78.5234	0.00126449	0.00699706
26.2439	77.6257	0.00134988	0.00751128
27.0253	69.2491	0.00733123	0.0558946
24.3347	67.1118	0.0148378	0.114073
26.9568	67.2765	0.0129683	0.0823707
19.0904	66.7823	0.0191651	0.137596
19.999	65.078	0.0337816	4.69025
22.2828	65.9587	0.0225391	4.66579
17.4187	68.2649	0.0123685	0.0903036
19.0904	66.7823	0.0191651	0.137596
19.193	69.7412	0.00784063	0.0743132
17.4187	68.2649	0.0123685	0.0903036
16.8484	65.9587	0.0240066	4.63502
19.0904	66.7823	0.0191651	0.137596
27.4517	72.3429	0.00329445	0.02408
28.75	70.3973	0.00534475	0.0406089
29.9033	72.3429	0.00327431	0.0216713
28.5669	74.0896	0.00226238	0.0143264
27.4517	72.3429	0.00329445	0.02408
29.9033	72.3429	0.00327431	0.0216713
26.189	74.0896	0.0022713	0.0166687
25	72.3429	0.00334022	0.0297118
27.4517	72.3429	0.00329445	0.02408
27.0253	69.2491	0.00733123	0.0558946
26.9568	67.2765	0.0129683	0.0823707
30.0542	68.2649	0.00930861	4.40235
27.4517	72.3429	0.00329445	0.02408
27.0253	69.2491	0.00733123	0.0558946
28.75	70.3973	0.00534475	0.0406089
23.75	70.3973	0.00581346	0.0598991
24.3347	67.1118	0.0148378	0.114073
27.0253	69.2491	0.00733123	0.0558946
34.8233	67.7707	0.0112448	0.0468783
37.4455	67.9354	0.012465	4.34535
36.25	70.3973	0.00615368	0.0305296
31.3712	77.1646	0.00158259	0.00743445
32.7403	78.0345	0.00159331	0.00712931
30.8485	78.89	0.00141048	0.00647358
23.329	78.279	0.00130701	0.00776621
22.3999	76.5052	0.00158715	0.0113046
24.7277	76.3587	0.00154929	0.0102284
23.0339	79.8761	0.0012354	0.00696434
23.329	78.279	0.00130701	0.00776621
24.9752	78.5234	0.00126449	0.00699706
21.6827	78.0345	0.00137547	0.00855997
22.3999	76.5052	0.00158715	0.0113046
23.329	78.279	0.00130701	0.00776621
21.6827	78.0345	0.00137547	0.00855997
23.329	78.279	0.00130701	0.00776621
23.0339	79.8761	0.0012354	0.00696434
25	72.3429	0.00334022	0.0297118
26.189	74.0896	0.0022713	0.0166687
23.0327	74.7883	0.00205068	0.0172133
27.2733	75.6267	0.0017273	0.0106146
26.2439	77.6257	0.00134988	0.00751128
24.7277	76.3587	0.00154929	0.0102284
25	80	0.0012222	0.00653799
23.0339	79.8761	0.0012354	0.00696434
24.9752	78.5234	0.00126449	0.00699706
35.7008	74.0896	0.00291491	0.0129407
37.3942	72.4885	0.00436689	0.0188718
38.0788	74.0896	0.00371359	0.0156547
34.5833	76.9444	0.00191739	0.00836696
35.7008	74.0896	0.00291491	0.0129407
36.3664	75.6267	0.00264141	0.0114981
34.8066	72.3429	0.00370953	0.0177319
37.3942	72.4885	0.00436689	0.0188718
35.7008	74.0896	0.00291491	0.0129407
34.5833	76.9444	0.00191739	0.00836696
33.3228	74.0896	0.00249117	0.012123
35.7008	74.0896	0.00291491	0.0129407
33.75	70.3973	0.00543238	0.0272287
36.25	70.3973	0.00615368	0.0305296
34.8066	72.3429	0.00370953	0.0177319
35.7008	74.0896	0.00291491	0.0129407
38.0788	74.0896	0.00371359	0.0156547
36.3664	75.6267	0.00264141	0.0114981
37.4455	67.9354	0.012465	4.34535
38.75	70.3973	0.00743343	0.0305243
36.25	70.3973	0.00615368	0.0305296
39.7099	72.3429	0.00579706	0.0223164
38.0788	74.0896	0.00371359	0.0156547
37.3942	72.4885	0.00436689	0.0188718
36.25	70.3973	0.00615368	0.0305296
33.75	70.3973	0.00543238	0.0272287
34.8233	67.7707	0.0112448	0.0468783
37.3942	72.4885	0.00436689	0.0188718
36.25	70.3973	0.00615368	0.0305296
38.75	70.3973	0.00743343	0.0305243
37.3942	72.4885	0.00436689	0.0188718
34.8066	72.3429	0.00370953	0.0177319
36.25	70.3973	0.00615368	0.0305296
15.5575	63.4929	0.0557307	4.62769
16.8484	65.9587	0.0240066	4.63502
13.846	66.4528	0.0208242	0.102967
11.414	65.9587	0.0254502	4.55603
12.8597	63.4929	0.0512185	0.113017
13.846	66.4528	0.0208242	0.102967
15.0494	60.8826	0.11828	0.10639
17.5295	61.7527	0.0941083	4.66228
15.5575	63.4929	0.0557307	4.62769
15.5575	63.4929	0.0557307	4.62769
17.5295	61.7527	0.0941083	4.66228
16.8484	65.9587	0.0240066	4.63502
11.6319	58.144	4.81142	0.0483442
14.6026	58.144	4.8145	0.0539
12.3979	60.3349	0.134592	4.47669
14.6026	58.144	4.8145	0.0539
17.2808	59.0298	4.77197	0.0785889
15.0494	60.8826	0.11828	0.10639
20.363	63.0044	0.0664091	4.6871
19.999	65.078	0.0337816	4.69025
17.5295	61.7527	0.0941083	4.66228
20.7355	60.8826	0.127179	4.60532
20.363	63.0044	0.0664091	4.6871
17.5295	61.7527	0.0941083	4.66228
20.7355	60.8826	0.127179	4.60532
23.0704	62.1007	0.0817582	0.137171
20.363	63.0044	0.0664091	4.6871
11.6319	58.144	4.81142	0.0483442
10.6893	54.7417	4.94041	0.0158226
14.2198	55.2938	4.92504	0.0219964
9.3634	60.8826	0.117985	0.0790743
11.6319	58.144	4.81142	0.0483442
12.3979	60.3349	0.134592	4.47669
8.66123	58.144	4.81886	0.0377031
10.6893	54.7417	4.94041	0.0158226
11.6319	58.144	4.81142	0.0483442
5.69054	58.144	4.83403	0.0406317
4.92487	55.4838	4.93466	0.0173328
8.05963	55.2938	4.93076	0.0167605
6.4478	61.0566	0.121601	0.0817385
5.69054	58.144	4.83403	0.0406317
8.66123	58.144	4.81886	0.0377031
3.67737	60.8826	0.15283	4.45578
2.71986	58.144	4.86741	0.0381662
5.69054	58.144	4.83403	0.0406317
36.8222	64.0212	0.0364864	0.0482085
39.6261	63.8451	0.0442011	0.0409972
38.586	65.9587	0.0225629	0.0446815
34.1521	62.7968	0.0474069	4.4445
36.8222	64.0212	0.0364864	0.0482085
35.8688	65.9587	0.0194199	0.0537152
37.7936	60.8826	0.105249	0.0283237
39.6261	63.8451	0.0442011	0.0409972
36.8222	64.0212	0.0364864	0.0482085
38.75	70.3973	0.00743343	0.0305243
40.1627	68.2649	0.0136571	0.0376919
41.25	70.3973	0.00979151	0.0274847
37.3942	72.4885	0.00436689	0.0188718
38.75	70.3973	0.00743343	0.0305243
39.7099	72.3429	0.00579706	0.0223164
37.4455	67.9354	0.012465	4.34535
40.1627	68.2649	0.0136571	0.0376919
38.75	70.3973	0.00743343	0.0305243
35.8688	65.9587	0.0194199	0.0537152
37.4455	67.9354	0.012465	4.34535
34.8233	67.7707	0.0112448	0.0468783
33.1516	65.9587	0.0172529	0.065202
35.8688	65.9587	0.0194199	0.0537152
34.8233	67.7707	0.0112448	0.0468783
34.1521	62.7968	0.0474069	4.4445
34.9506	60.8826	0.0845325	0.0523372
36.8222	64.0212	0.0364864	0.0482085
38.75	70.3973	0.00743343	0.0305243
41.25	70.3973	0.00979151	0.0274847
39.7099	72.3429	0.00579706	0.0223164
38.586	65.9587	0.0225629	0.0446815
40.1627	68.2649	0.0136571	0.0376919
37.4455	67.9354	0.012465	4.34535
41.3032	65.9587	0.0266524	0.0424606
42.6898	68.2649	0.0177503	0.0341284
40.1627	68.2649	0.0136571	0.0376919
41.3032	65.9587	0.0266524	0.0424606
44.0204	65.9587	0.0341296	0.0482351
42.6898	68.2649	0.0177503	0.0341284
41.25	70.3973	0.00979151	0.0274847
40.1627	68.2649	0.0136571	0.0376919
42.6898	68.2649	0.0177503	0.0341284
36.8222	64.0212	0.0364864	0.0482085
34.9506	60.8826	0.0845325	0.0523372
37.7936	60.8826	0.105249	0.0283237
2.71986	58.144	4.86741	0.0381662
4.92487	55.4838	4.93466	0.0173328
5.69054	58.144	4.83403	0.0406317
8.66123	58.144	4.81886	0.0377031
8.05963	55.2938	4.93076	0.0167605
10.6893	54.7417	4.94041	0.0158226
6.4478	61.0566	0.121601	0.0817385
8.66123	58.144	4.81886	0.0377031
9.3634	60.8826	0.117985	0.0790743
5.69054	58.144	4.83403	0.0406317
8.05963	55.2938	4.93076	0.0167605
8.66123	58.144	4.81886	0.0377031
1.8995	55.2938	4.95	0.0142292
4.92487	55.4838	4.93466	0.0173328
2.71986	58.144	4.86741	0.0381662
1.8995	55.2938	4.95	0.0142292
1.22131	52.3495	4.97988	0.0058796
4.19365	52.3495	4.97633	0.006628
41.3032	65.9587	0.0266524	0.0424606
42.43	63.669	0.053874	4.35123
44.0204	65.9587	0.0341296	0.0482351
43.4796	60.8826	0.123796	0.0291315
40.6366	60.8826	0.115687	0.0292403
41.4664	58.5091	4.78996	0.0141884
45.2338	63.4929	0.0690484	0.0445102
43.4796	60.8826	0.123796	0.0291315
46.3226	60.8826	0.145996	0.0203265
42.43	63.669	0.053874	4.35123
40.6366	60.8826	0.115687	0.0292403
43.4796	60.8826	0.123796	0.0291315
41.4664	58.5091	4.78996	0.0141884
38.5596	58.6917	4.75671	0.0167932
38.8603	55.2938	4.88595	0.00668277
46.3226	60.8826	0.145996	0.0203265
43.4796	60.8826	0.123796	0.0291315
44.2548	57.954	4.83352	0.01057
42.43	63.669	0.053874	4.35123
39.6261	63.8451	0.0442011	0.0409972
40.6366	60.8826	0.115687	0.0292403
44.0204	65.9587	0.0341296	0.0482351
42.43	63.669	0.053874	4.35123
45.2338	63.4929	0.0690484	0.0445102
36.8222	64.0212	0.0364864	0.0482085
38.586	65.9587	0.0225629	0.0446815
35.8688	65.9587	0.0194199	0.0537152
40.6366	60.8826	0.115687	0.0292403
39.6261	63.8451	0.0442011	0.0409972
37.7936	60.8826	0.105249	0.0283237
38.586	65.9587	0.0225629	0.0446815
37.4455	67.9354	0.012465	4.34535
35.8688	65.9587	0.0194199	0.0537152
41.3032	65.9587	0.0266524	0.0424606
38.586	65.9587	0.0225629	0.0446815
39.6261	63.8451	0.0442011	0.0409972
41.3032	65.9587	0.0266524	0.0424606
40.1627	68.2649	0.0136571	0.0376919
38.586	65.9587	0.0225629	0.0446815
32.2468	68.921	0.00748672	0.0449703
30.4344	65.9587	0.0168499	0.076801
33.1516	65.9587	0.0172529	0.065202
21.7285	50.6506	0.294709	0.00559532
19.0553	52.3495	4.91913	0.00897775
18.9224	49.3292	4.92817	0.00371624
21.7462	47.598	4.91461	0.0023725
21.7285	50.6506	0.294709	0.00559532
18.9224	49.3292	4.92817	0.00371624
15.8835	49.3292	4.96434	0.00379775
18.8268	46.2515	4.92727	0.0017899
18.9224	49.3292	4.92817	0.00371624
22.0142	44.8882	4.91002	0.00138916
25	46.2515	4.92804	0.0016278
21.7462	47.598	4.91461	0.0023725
24.7341	50.8393	4.87981	0.00538344
22.4091	54.0056	4.86238	0.0153228
21.7285	50.6506	0.294709	0.00559532
26.54	55.2938	0.227875	0.021567
26.4853	58.144	4.71785	0.0523285
23.0771	56.6239	4.83415	0.0337608
30.9447	52.3495	4.86411	0.00631573
29.6201	55.2938	4.79663	0.0159732
27.9723	52.3495	4.86471	0.00761821
26.4853	58.144	4.71785	0.0523285
26.4215	60.8826	0.0972673	4.53253
24.0253	59.6046	4.6974	0.0815341
29.6201	55.2938	4.79663	0.0159732
26.4853	58.144	4.71785	0.0523285
26.54	55.2938	0.227875	0.021567
29.6201	55.2938	4.79663	0.0159732
32.1533	57.1939	0.168101	0.0260745
29.839	59.2394	0.113054	0.057171
17.2808	59.0298	4.77197	0.0785889
20.7355	60.8826	0.127179	4.60532
17.5295	61.7527	0.0941083	4.66228
23.0771	56.6239	4.83415	0.0337608
20.3936	58.6582	4.78567	0.0746046
20.0518	56.4338	4.87781	0.0346232
23.0771	56.6239	4.83415	0.0337608
24.0253	59.6046	4.6974	0.0815341
20.3936	58.6582	4.78567	0.0746046
39.0601	41.8598	0.183424	0.000753797
37.5191	43.9145	0.143441	0.000872185
37.5	40	4.78117	0.00063479
40.625	40	0.222675	0.000653453
39.0601	41.8598	0.183424	0.000753797
37.5	40	4.78117	0.00063479
40.6201	43.7197	0.186336	0.000824142
37.5191	43.9145	0.143441	0.000872185
39.0601	41.8598	0.183424	0.000753797
40.6201	43.7197	0.186336	0.000824142
40.433	46.2515	4.79553	0.00101011
37.5191	43.9145	0.143441	0.000872185
43.6923	43.1354	0.239562	0.000791184
40.6201	43.7197	0.186336	0.000824142
40.625	40	0.222675	0.000653453
43.6923	43.1354	0.239562	0.000791184
43.5196	46.2515	4.8748	0.000977821
40.6201	43.7197	0.186336	0.000824142
46.8798	40.196	4.93621	0.000720823
43.6923	43.1354	0.239562	0.000791184
43.75	40	4.86732	0.000661265
46.8077	43.1354	4.9129	0.000787681
49.6928	46.2515	4.95799	0.000930327
46.6062	46.2515	4.93368	0.000950595
37.5	40	4.78117	0.00063479
34.399	40.9798	0.167888	0.000737692
34.3221	37.8444	4.8438	0.000608609
40.5769	36.8646	4.91359	0.000617038
37.5	40	4.78117	0.00063479
37.4615	36.8646	4.90987	0.000604374
40.625	40	0.222675	0.000653453
40.6201	43.7197	0.186336	0.000824142
39.0601	41.8598	0.183424	0.000753797
40.1224	48.7521	4.85348	0.00139328
37.0597	48.5598	0.192792	0.00163145
37.3464	46.2515	0.15952	0.00113125
34.1165	49.3292	0.202131	0.00220749
36.7564	51.5944	4.65076	0.00300519
34.1289	53.2696	4.83941	0.00632509
31.1732	46.2515	4.78428	0.00150228
34.1165	49.3292	0.202131	0.00220749
31.0776	49.3292	4.84559	0.00292613
28.0866	46.2515	4.89509	0.00160712
31.1732	46.2515	4.78428	0.00150228
31.0776	49.3292	4.84559	0.00292613
34.3294	43.6157	0.133122	0.000914085
34.399	40.9798	0.167888	0.000737692
37.5191	43.9145	0.143441	0.000872185
31.1732	46.2515	4.78428	0.00150228
31.226	43.7137	0.187912	0.00101422
34.2598	46.2515	0.151681	0.00128246
31.2788	41.1758	0.182548	0.000787256
34.399	40.9798	0.167888	0.000737692
34.3294	43.6157	0.133122	0.000914085
37.0597	48.5598	0.192792	0.00163145
36.7564	51.5944	4.65076	0.00300519
34.1165	49.3292	0.202131	0.00220749
37.3464	46.2515	0.15952	0.00113125
37.0597	48.5598	0.192792	0.00163145
34.2598	46.2515	0.151681	0.00128246
40.433	46.2515	4.79553	0.00101011
37.3464	46.2515	0.15952	0.00113125
37.5191	43.9145	0.143441	0.000872185
40.433	46.2515	4.79553	0.00101011
40.1224	48.7521	4.85348	0.00139328
37.3464	46.2515	0.15952	0.00113125
40.1224	48.7521	4.85348	0.00139328
36.7564	51.5944	4.65076	0.00300519
37.0597	48.5598	0.192792	0.00163145
46.2717	49.3292	4.95866	0.0013457
45.8487	52.5335	4.95917	0.00239941
43.2329	49.3292	4.93024	0.00145741
34.1165	49.3292	0.202131	0.00220749
34.1289	53.2696	4.83941	0.00632509
30.9447	52.3495	4.86411	0.00631573
7.464	63.4929	0.0586096	4.59003
8.78345	65.7825	0.0296099	4.61174
5.97957	65.9587	0.0358997	4.64237
6.4478	61.0566	0.121601	0.0817385
7.464	63.4929	0.0586096	4.59003
4.76616	63.4929	0.0711043	0.116483
6.4478	61.0566	0.121601	0.0817385
9.3634	60.8826	0.117985	0.0790743
7.464	63.4929	0.0586096	4.59003
12.3979	60.3349	0.134592	4.47669
10.1618	63.4929	0.051775	0.113792
9.3634	60.8826	0.117985	0.0790743
12.8597	63.4929	0.0512185	0.113017
15.0494	60.8826	0.11828	0.10639
15.5575	63.4929	0.0557307	4.62769
12.3644	68.2649	0.0130076	0.0728599
13.513	70.6966	0.00671636	0.0372653
11.25	70.3973	0.00823863	0.0441996
16.8484	65.9587	0.0240066	4.63502
14.8915	68.2649	0.0121904	0.0745251
13.846	66.4528	0.0208242	0.102967
17.4187	68.2649	0.0123685	0.0903036
16.25	70.3973	0.00681183	0.0439219
14.8915	68.2649	0.0121904	0.0745251
19.999	65.078	0.0337816	4.69025
19.0904	66.7823	0.0191651	0.137596
16.8484	65.9587	0.0240066	4.63502
19.193	69.7412	0.00784063	0.0743132
20.0967	72.3429	0.0037509	0.0386328
17.645	72.3429	0.00397366	0.0294911
9.83732	68.2649	0.0147288	0.0867077
8.78345	65.7825	0.0296099	4.61174
11.414	65.9587	0.0254502	4.55603
6.48041	46.2515	4.99212	0.00174211
3.72828	49.3292	4.98984	0.00302388
3.39381	46.2515	4.99451	0.00165367
9.70619	49.8955	4.98308	0.00400445
6.76709	49.3292	4.98793	0.00322938
9.61019	45.6673	4.98782	0.00157974
9.70619	49.8955	4.98308	0.00400445
10.1383	52.3495	4.97051	0.00777799
7.16598	52.3495	4.97309	0.00708002
13.1107	52.3495	4.96675	0.00855566
10.1383	52.3495	4.97051	0.00777799
12.7118	50.0843	4.97731	0.00460135
4.19365	52.3495	4.97633	0.006628
3.72828	49.3292	4.98984	0.00302388
6.76709	49.3292	4.98793	0.00322938
1.8995	55.2938	4.95	0.0142292
4.19365	52.3495	4.97633	0.006628
4.92487	55.4838	4.93466	0.0173328
1.22131	52.3495	4.97988	0.0058796
3.72828	49.3292	4.98984	0.00302388
4.19365	52.3495	4.97633	0.006628
22.2828	65.9587	0.0225391	4.66579
23.0704	62.1007	0.0817582	0.137171
25.6067	64.7258	0.0298606	4.6057
21.8037	69.5771	0.0074722	4.51113
22.2828	65.9587	0.0225391	4.66579
24.3347	67.1118	0.0148378	0.114073
19.999	65.078	0.0337816	4.69025
20.363	63.0044	0.0664091	4.6871
22.2828	65.9587	0.0225391	4.66579
21.8037	69.5771	0.0074722	4.51113
19.193	69.7412	0.00784063	0.0743132
19.0904	66.7823	0.0191651	0.137596
16.8484	65.9587	0.0240066	4.63502
17.5295	61.7527	0.0941083	4.66228
19.999	65.078	0.0337816	4.69025
22.2828	65.9587	0.0225391	4.66579
20.363	63.0044	0.0664091	4.6871
23.0704	62.1007	0.0817582	0.137171
16.25	70.3973	0.00681183	0.0439219
15.1934	72.3429	0.00432641	0.0261336
13.513	70.6966	0.00671636	0.0372653
7.464	63.4929	0.0586096	4.59003
10.1618	63.4929	0.051775	0.113792
8.78345	65.7825	0.0296099	4.61174
20.0518	56.4338	4.87781	0.0346232
19.0553	52.3495	4.91913	0.00897775
22.4091	54.0056	4.86238	0.0153228
20.3936	58.6582	4.78567	0.0746046
17.2808	59.0298	4.77197	0.0785889
20.0518	56.4338	4.87781	0.0346232
15.0494	60.8826	0.11828	0.10639
12.8597	63.4929	0.0512185	0.113017
12.3979	60.3349	0.134592	4.47669
9.3634	60.8826	0.117985	0.0790743
8.66123	58.144	4.81886	0.0377031
11.6319	58.144	4.81142	0.0483442
9.70619	49.8955	4.98308	0.00400445
7.16598	52.3495	4.97309	0.00708002
6.76709	49.3292	4.98793	0.00322938
13.1107	52.3495	4.96675	0.00855566
16.083	52.3495	4.95379	0.00902105
14.2198	55.2938	4.92504	0.0219964
23.0771	56.6239	4.83415	0.0337608
22.4091	54.0056	4.86238	0.0153228
26.54	55.2938	0.227875	0.021567
20.7355	60.8826	0.127179	4.60532
20.3936	58.6582	4.78567	0.0746046
24.0253	59.6046	4.6974	0.0815341
20.0518	56.4338	4.87781	0.0346232
22.4091	54.0056	4.86238	0.0153228
23.0771	56.6239	4.83415	0.0337608
20.7355	60.8826	0.127179	4.60532
17.2808	59.0298	4.77197	0.0785889
20.3936	58.6582	4.78567	0.0746046
17.0264	56.2438	4.89834	0.0317106
19.0553	52.3495	4.91913	0.00897775
20.0518	56.4338	4.87781	0.0346232
6.30769	36.8646	4.99208	0.000742036
6.24038	39.6081	4.99184	0.000822826
3.19231	36.8646	4.9964	0.000744475
9.49534	33.1714	4.98712	0.000677453
9.42308	36.8646	4.97893	0.000740096
6.43263	33.3637	4.9945	0.000684337
6.31731	42.7435	4.99256	0.00107792
3.125	40	4.99611	0.000840188
6.24038	39.6081	4.99184	0.000822826
9.4375	42.5475	4.98247	0.00108968
12.5	40	4.93238	0.000843108
12.5577	42.3516	4.95375	0.00107645
6.30769	36.8646	4.99208	0.000742036
9.36058	39.4121	4.97809	0.000820878
6.24038	39.6081	4.99184	0.000822826
9.42308	36.8646	4.97893	0.000740096
12.5385	36.8646	4.93785	0.000732823
9.36058	39.4121	4.97809	0.000820878
15.8122	34.7222	4.90393	0.000679228
12.5385	36.8646	4.93785	0.000732823
12.7112	34.5275	4.96022	0.000687485
9.4375	42.5475	4.98247	0.00108968
12.5577	42.3516	4.95375	0.00107645
9.61019	45.6673	4.98782	0.00157974
6.24038	39.6081	4.99184	0.000822826
9.4375	42.5475	4.98247	0.00108968
6.31731	42.7435	4.99256	0.00107792
9.36058	39.4121	4.97809	0.000820878
12.5	40	4.93238	0.000843108
9.4375	42.5475	4.98247	0.00108968
15.601	39.0202	0.244165	0.000806074
12.5	40	4.93238	0.000843108
12.5385	36.8646	4.93785	0.000732823
15.601	39.0202	0.244165	0.000806074
15.6779	42.1556	4.87894	0.00107387
12.5	40	4.93238	0.000843108
6.48041	46.2515	4.99212	0.00174211
6.76709	49.3292	4.98793	0.00322938
3.72828	49.3292	4.98984	0.00302388
6.31731	42.7435	4.99256	0.00107792
6.48041	46.2515	4.99212	0.00174211
3.39381	46.2515	4.99451	0.00165367
9.61019	45.6673	4.98782	0.00157974
6.76709	49.3292	4.98793	0.00322938
6.48041	46.2515	4.99212	0.00174211
12.7118	50.0843	4.97731	0.00460135
9.70619	49.8955	4.98308	0.00400445
11.1799	48.0735	4.98233	0.00286501
3.19711	42.9395	4.99577	0.00109714
0.076922	43.1354	4.99642	0.00111988
-3.10282e-28	40	4.99708	0.000891974
6.31731	42.7435	4.99256	0.00107792
3.19711	42.9395	4.99577	0.00109714
3.125	40	4.99611	0.000840188
3.39381	46.2515	4.99451	0.00165367
0.307214	46.2515	4.99525	0.00158784
3.19711	42.9395	4.99577	0.00109714
45.0204	55.2938	4.92754	0.00480766
41.9404	55.2938	4.91167	0.00567261
42.834	52.3495	4.94349	0.002636
48.1005	55.2938	4.94073	0.00394076
45.0204	55.2938	4.92754	0.00480766
45.8487	52.5335	4.95917	0.00239941
44.2548	57.954	4.83352	0.01057
41.9404	55.2938	4.91167	0.00567261
45.0204	55.2938	4.92754	0.00480766
46.3226	60.8826	0.145996	0.0203265
44.2548	57.954	4.83352	0.01057
47.2801	58.144	4.85854	0.00857966
41.4664	58.5091	4.78996	0.0141884
38.8603	55.2938	4.88595	0.00668277
41.9404	55.2938	4.91167	0.00567261
27.9723	52.3495	4.86471	0.00761821
28.0388	49.3292	4.90403	0.0032956
30.9447	52.3495	4.86411	0.00631573
19.0553	52.3495	4.91913	0.00897775
21.7285	50.6506	0.294709	0.00559532
22.4091	54.0056	4.86238	0.0153228
25	46.2515	4.92804	0.0016278
28.0388	49.3292	4.90403	0.0032956
24.7341	50.8393	4.87981	0.00538344
21.7285	50.6506	0.294709	0.00559532
21.7462	47.598	4.91461	0.0023725
24.7341	50.8393	4.87981	0.00538344
15.6779	42.1556	4.87894	0.00107387
17.2523	44.2036	4.89699	0.00137631
14.1489	44.3016	4.94979	0.00141149
22.0142	44.8882	4.91002	0.00138916
18.8268	46.2515	4.92727	0.0017899
18.7981	41.9596	0.235141	0.00101799
15.8835	49.3292	4.96434	0.00379775
12.6536	46.2515	4.97523	0.00184354
15.7402	46.2515	4.95269	0.00197247
17.0264	56.2438	4.89834	0.0317106
16.083	52.3495	4.95379	0.00902105
19.0553	52.3495	4.91913	0.00897775
4.19365	52.3495	4.97633	0.006628
7.16598	52.3495	4.97309	0.00708002
4.92487	55.4838	4.93466	0.0173328
21.9183	41.7637	4.84972	0.000968293
25	43.1354	4.90927	0.0010395
22.0142	44.8882	4.91002	0.00138916
28.125	40	4.84305	0.00071973
25	40	4.87127	0.000746226
28.1154	36.8646	4.86403	0.000631695
25	30.6708	4.92871	0.000610737
25.1151	35.3065	0.252304	0.000643905
21.9134	33.7485	0.261389	0.000651211
31.3171	35.696	4.89649	0.00060094
28.0866	33.7485	4.91226	0.00060854
30.9343	31.8249	4.96522	0.000599068
28.1154	36.8646	4.86403	0.000631695
25.1151	35.3065	0.252304	0.000643905
28.0866	33.7485	4.91226	0.00060854
33.7508	28.5944	4.96929	0.00057907
37.1553	30.6708	4.98655	0.00061436
33.997	31.6326	4.974	0.00060125
21.8846	36.8646	4.80713	0.000689293
21.9014	39.3141	0.239052	0.000777255
18.7212	38.8242	0.207564	0.000782939
28.1154	36.8646	4.86403	0.000631695
25	40	4.87127	0.000746226
25.1151	35.3065	0.252304	0.000643905
28.125	40	4.84305	0.00071973
28.1154	43.1354	4.8579	0.00100687
25	40	4.87127	0.000746226
3.72828	49.3292	4.98984	0.00302388
1.22131	52.3495	4.97988	0.0058796
0.68946	49.3292	4.99113	0.00278175
0.307214	46.2515	4.99525	0.00158784
3.39381	46.2515	4.99451	0.00165367
0.68946	49.3292	4.99113	0.00278175
11.1799	48.0735	4.98233	0.00286501
12.6536	46.2515	4.97523	0.00184354
12.7118	50.0843	4.97731	0.00460135
9.61019	45.6673	4.98782	0.00157974
11.1799	48.0735	4.98233	0.00286501
9.70619	49.8955	4.98308	0.00400445
9.61019	45.6673	4.98782	0.00157974
12.6536	46.2515	4.97523	0.00184354
11.1799	48.0735	4.98233	0.00286501
31.3817	62.6228	0.0402178	4.51898
34.1521	62.7968	0.0474069	4.4445
33.1516	65.9587	0.0172529	0.065202
26.9568	67.2765	0.0129683	0.0823707
28.4106	64.5496	0.0274304	0.0952899
30.4344	65.9587	0.0168499	0.076801
29.839	59.2394	0.113054	0.057171
33.5519	59.0383	0.124189	0.0389506
31.3817	62.6228	0.0402178	4.51898
28.6113	62.4488	0.0499841	0.100069
29.839	59.2394	0.113054	0.057171
31.3817	62.6228	0.0402178	4.51898
20.7355	60.8826	0.127179	4.60532
24.0253	59.6046	4.6974	0.0815341
23.0704	62.1007	0.0817582	0.137171
25.6371	53.0665	0.262873	0.011297
24.7341	50.8393	4.87981	0.00538344
27.9723	52.3495	4.86471	0.00761821
22.4091	54.0056	4.86238	0.0153228
25.6371	53.0665	0.262873	0.011297
26.54	55.2938	0.227875	0.021567
22.4091	54.0056	4.86238	0.0153228
24.7341	50.8393	4.87981	0.00538344
25.6371	53.0665	0.262873	0.011297
29.6201	55.2938	4.79663	0.0159732
31.8745	54.2817	4.82377	0.0108304
32.1533	57.1939	0.168101	0.0260745
34.2598	46.2515	0.151681	0.00128246
34.3294	43.6157	0.133122	0.000914085
37.3464	46.2515	0.15952	0.00113125
31.1732	46.2515	4.78428	0.00150228
34.2598	46.2515	0.151681	0.00128246
34.1165	49.3292	0.202131	0.00220749
34.2598	46.2515	0.151681	0.00128246
31.226	43.7137	0.187912	0.00101422
34.3294	43.6157	0.133122	0.000914085
35.6527	58.8743	4.67586	0.0271864
38.5596	58.6917	4.75671	0.0167932
37.7936	60.8826	0.105249	0.0283237
33.5519	59.0383	0.124189	0.0389506
35.6527	58.8743	4.67586	0.0271864
34.9506	60.8826	0.0845325	0.0523372
35.7802	55.2938	4.84232	0.0088395
38.5596	58.6917	4.75671	0.0167932
35.6527	58.8743	4.67586	0.0271864
42.43	63.669	0.053874	4.35123
43.4796	60.8826	0.123796	0.0291315
45.2338	63.4929	0.0690484	0.0445102
6.48041	46.2515	4.99212	0.00174211
6.31731	42.7435	4.99256	0.00107792
9.61019	45.6673	4.98782	0.00157974
0.68946	49.3292	4.99113	0.00278175
3.39381	46.2515	4.99451	0.00165367
3.72828	49.3292	4.98984	0.00302388
0.307214	46.2515	4.99525	0.00158784
0.076922	43.1354	4.99642	0.00111988
3.19711	42.9395	4.99577	0.00109714
6.4478	61.0566	0.121601	0.0817385
4.76616	63.4929	0.0711043	0.116483
3.67737	60.8826	0.15283	4.45578
5.69054	58.144	4.83403	0.0406317
6.4478	61.0566	0.121601	0.0817385
3.67737	60.8826	0.15283	4.45578
9.3634	60.8826	0.117985	0.0790743
10.1618	63.4929	0.051775	0.113792
7.464	63.4929	0.0586096	4.59003
14.6026	58.144	4.8145	0.0539
15.0494	60.8826	0.11828	0.10639
12.3979	60.3349	0.134592	4.47669
14.2198	55.2938	4.92504	0.0219964
14.6026	58.144	4.8145	0.0539
11.6319	58.144	4.81142	0.0483442
14.2198	55.2938	4.92504	0.0219964
17.0264	56.2438	4.89834	0.0317106
14.6026	58.144	4.8145	0.0539
7.464	63.4929	0.0586096	4.59003
5.97957	65.9587	0.0358997	4.64237
4.76616	63.4929	0.0711043	0.116483
11.414	65.9587	0.0254502	4.55603
13.846	66.4528	0.0208242	0.102967
12.3644	68.2649	0.0130076	0.0728599
10.1618	63.4929	0.051775	0.113792
11.414	65.9587	0.0254502	4.55603
8.78345	65.7825	0.0296099	4.61174
12.8597	63.4929	0.0512185	0.113017
15.5575	63.4929	0.0557307	4.62769
13.846	66.4528	0.0208242	0.102967
10.1618	63.4929	0.051775	0.113792
12.8597	63.4929	0.0512185	0.113017
11.414	65.9587	0.0254502	4.55603
10.1618	63.4929	0.051775	0.113792
12.3979	60.3349	0.134592	4.47669
12.8597	63.4929	0.0512185	0.113017
9.83732	68.2649	0.0147288	0.0867077
7.31021	68.2649	0.0186691	0.10893
8.78345	65.7825	0.0296099	4.61174
31.8745	54.2817	4.82377	0.0108304
30.9447	52.3495	4.86411	0.00631573
34.1289	53.2696	4.83941	0.00632509
35.7802	55.2938	4.84232	0.0088395
31.8745	54.2817	4.82377	0.0108304
34.1289	53.2696	4.83941	0.00632509
29.6201	55.2938	4.79663	0.0159732
30.9447	52.3495	4.86411	0.00631573
31.8745	54.2817	4.82377	0.0108304
29.839	59.2394	0.113054	0.057171
26.4853	58.144	4.71785	0.0523285
29.6201	55.2938	4.79663	0.0159732
33.5519	59.0383	0.124189	0.0389506
29.839	59.2394	0.113054	0.057171
32.1533	57.1939	0.168101	0.0260745
35.7802	55.2938	4.84232	0.0088395
33.5519	59.0383	0.124189	0.0389506
32.1533	57.1939	0.168101	0.0260745
34.9506	60.8826	0.0845325	0.0523372
31.3817	62.6228	0.0402178	4.51898
33.5519	59.0383	0.124189	0.0389506
28.6113	62.4488	0.0499841	0.100069
26.4215	60.8826	0.0972673	4.53253
29.839	59.2394	0.113054	0.057171
26.54	55.2938	0.227875	0.021567
27.9723	52.3495	4.86471	0.00761821
29.6201	55.2938	4.79663	0.0159732
25.6371	53.0665	0.262873	0.011297
27.9723	52.3495	4.86471	0.00761821
26.54	55.2938	0.227875	0.021567
24.7341	50.8393	4.87981	0.00538344
28.0388	49.3292	4.90403	0.0032956
27.9723	52.3495	4.86471	0.00761821
22.5483	72.3429	0.00355033	0.0393813
23.75	70.3973	0.00581346	0.0598991
25	72.3429	0.00334022	0.0297118
23.0327	74.7883	0.00205068	0.0172133
22.5483	72.3429	0.00355033	0.0393813
25	72.3429	0.00334022	0.0297118
21.4331	74.0896	0.00243104	0.0221609
19.0551	74.0896	0.00259625	0.0209682
20.0967	72.3429	0.0037509	0.0386328
19.0904	66.7823	0.0191651	0.137596
22.2828	65.9587	0.0225391	4.66579
21.8037	69.5771	0.0074722	4.51113
24.3347	67.1118	0.0148378	0.114073
23.75	70.3973	0.00581346	0.0598991
21.8037	69.5771	0.0074722	4.51113
27.0253	69.2491	0.00733123	0.0558946
30.0542	68.2649	0.00930861	4.40235
28.75	70.3973	0.00534475	0.0406089
25.6067	64.7258	0.0298606	4.6057
28.4106	64.5496	0.0274304	0.0952899
26.9568	67.2765	0.0129683	0.0823707
22.2828	65.9587	0.0225391	4.66579
25.6067	64.7258	0.0298606	4.6057
24.3347	67.1118	0.0148378	0.114073
23.0704	62.1007	0.0817582	0.137171
26.4215	60.8826	0.0972673	4.53253
25.6067	64.7258	0.0298606	4.6057
30.4344	65.9587	0.0168499	0.076801
30.0542	68.2649	0.00930861	4.40235
26.9568	67.2765	0.0129683	0.0823707
28.6113	62.4488	0.0499841	0.100069
31.3817	62.6228	0.0402178	4.51898
28.4106	64.5496	0.0274304	0.0952899
25.6067	64.7258	0.0298606	4.6057
28.6113	62.4488	0.0499841	0.100069
28.4106	64.5496	0.0274304	0.0952899
26.4215	60.8826	0.0972673	4.53253
26.4853	58.144	4.71785	0.0523285
29.839	59.2394	0.113054	0.057171
25.6067	64.7258	0.0298606	4.6057
26.4215	60.8826	0.0972673	4.53253
28.6113	62.4488	0.0499841	0.100069
24.0253	59.6046	4.6974	0.0815341
23.0771	56.6239	4.83415	0.0337608
26.4853	58.144	4.71785	0.0523285
33.1516	65.9587	0.0172529	0.065202
34.8233	67.7707	0.0112448	0.0468783
32.2468	68.921	0.00748672	0.0449703
31.3817	62.6228	0.0402178	4.51898
33.1516	65.9587	0.0172529	0.065202
30.4344	65.9587	0.0168499	0.076801
34.1521	62.7968	0.0474069	4.4445
35.8688	65.9587	0.0194199	0.0537152
33.1516	65.9587	0.0172529	0.065202
32.355	72.3429	0.00335892	0.0187461
33.75	70.3973	0.00543238	0.0272287
34.8066	72.3429	0.00370953	0.0177319
29.3832	76.0659	0.00165298	0.00882208
28.5669	74.0896	0.00226238	0.0143264
30.9297	73.8705	0.00240859	0.013644
31.0572	70.658	0.00484924	0.0332507
33.75	70.3973	0.00543238	0.0272287
32.355	72.3429	0.00335892	0.0187461
29.9033	72.3429	0.00327431	0.0216713
31.0572	70.658	0.00484924	0.0332507
32.355	72.3429	0.00335892	0.0187461
28.4106	64.5496	0.0274304	0.0952899
31.3817	62.6228	0.0402178	4.51898
30.4344	65.9587	0.0168499	0.076801
24.3347	67.1118	0.0148378	0.114073
25.6067	64.7258	0.0298606	4.6057
26.9568	67.2765	0.0129683	0.0823707
23.0704	62.1007	0.0817582	0.137171
24.0253	59.6046	4.6974	0.0815341
26.4215	60.8826	0.0972673	4.53253
30.4344	65.9587	0.0168499	0.076801
32.2468	68.921	0.00748672	0.0449703
30.0542	68.2649	0.00930861	4.40235
34.8233	67.7707	0.0112448	0.0468783
33.75	70.3973	0.00543238	0.0272287
32.2468	68.921	0.00748672	0.0449703
43.2329	49.3292	4.93024	0.00145741
40.1224	48.7521	4.85348	0.00139328
40.433	46.2515	4.79553	0.00101011
48.7787	52.3495	4.96652	0.00204015
45.8487	52.5335	4.95917	0.00239941
46.2717	49.3292	4.95866	0.0013457
42.834	52.3495	4.94349	0.002636
40.1224	48.7521	4.85348	0.00139328
43.2329	49.3292	4.93024	0.00145741
47.2801	58.144	4.85854	0.00857966
44.2548	57.954	4.83352	0.01057
45.0204	55.2938	4.92754	0.00480766
38.8603	55.2938	4.88595	0.00668277
35.7802	55.2938	4.84232	0.0088395
36.7564	51.5944	4.65076	0.00300519
41.9404	55.2938	4.91167	0.00567261
38.8603	55.2938	4.88595	0.00668277
39.8617	52.3495	4.90221	0.00305424
45.8487	52.5335	4.95917	0.00239941
45.0204	55.2938	4.92754	0.00480766
42.834	52.3495	4.94349	0.002636
41.4664	58.5091	4.78996	0.0141884
40.6366	60.8826	0.115687	0.0292403
38.5596	58.6917	4.75671	0.0167932
44.2548	57.954	4.83352	0.01057
41.4664	58.5091	4.78996	0.0141884
41.9404	55.2938	4.91167	0.00567261
44.2548	57.954	4.83352	0.01057
43.4796	60.8826	0.123796	0.0291315
41.4664	58.5091	4.78996	0.0141884
38.5596	58.6917	4.75671	0.0167932
35.7802	55.2938	4.84232	0.0088395
38.8603	55.2938	4.88595	0.00668277
6.31731	42.7435	4.99256	0.00107792
3.39381	46.2515	4.99451	0.00165367
3.19711	42.9395	4.99577	0.00109714
45.8487	52.5335	4.95917	0.00239941
42.834	52.3495	4.94349	0.002636
43.2329	49.3292	4.93024	0.00145741
48.1005	55.2938	4.94073	0.00394076
45.8487	52.5335	4.95917	0.00239941
48.7787	52.3495	4.96652	0.00204015
48.1005	55.2938	4.94073	0.00394076
47.2801	58.144	4.85854	0.00857966
45.0204	55.2938	4.92754	0.00480766
37.7936	60.8826	0.105249	0.0283237
38.5596	58.6917	4.75671	0.0167932
40.6366	60.8826	0.115687	0.0292403
41.3032	65.9587	0.0266524	0.0424606
39.6261	63.8451	0.0442011	0.0409972
42.43	63.669	0.053874	4.35123
34.9506	60.8826	0.0845325	0.0523372
35.6527	58.8743	4.67586	0.0271864
37.7936	60.8826	0.105249	0.0283237
31.3817	62.6228	0.0402178	4.51898
34.9506	60.8826	0.0845325	0.0523372
34.1521	62.7968	0.0474069	4.4445
33.5519	59.0383	0.124189	0.0389506
35.7802	55.2938	4.84232	0.0088395
35.6527	58.8743	4.67586	0.0271864
31.8745	54.2817	4.82377	0.0108304
35.7802	55.2938	4.84232	0.0088395
32.1533	57.1939	0.168101	0.0260745
34.1165	49.3292	0.202131	0.00220749
34.2598	46.2515	0.151681	0.00128246
37.0597	48.5598	0.192792	0.00163145
28.0388	49.3292	4.90403	0.0032956
31.0776	49.3292	4.84559	0.00292613
30.9447	52.3495	4.86411	0.00631573
28.0388	49.3292	4.90403	0.0032956
25	46.2515	4.92804	0.0016278
28.0866	46.2515	4.89509	0.00160712
36.7564	51.5944	4.65076	0.00300519
35.7802	55.2938	4.84232	0.0088395
34.1289	53.2696	4.83941	0.00632509
30.9447	52.3495	4.86411	0.00631573
31.0776	49.3292	4.84559	0.00292613
34.1165	49.3292	0.202131	0.00220749
40.1224	48.7521	4.85348	0.00139328
42.834	52.3495	4.94349	0.002636
39.8617	52.3495	4.90221	0.00305424
39.8617	52.3495	4.90221	0.00305424
42.834	52.3495	4.94349	0.002636
41.9404	55.2938	4.91167	0.00567261
36.7564	51.5944	4.65076	0.00300519
39.8617	52.3495	4.90221	0.00305424
38.8603	55.2938	4.88595	0.00668277
36.7564	51.5944	4.65076	0.00300519
40.1224	48.7521	4.85348	0.00139328
39.8617	52.3495	4.90221	0.00305424
18.9224	49.3292	4.92817	0.00371624
19.0553	52.3495	4.91913	0.00897775
16.083	52.3495	4.95379	0.00902105
15.7402	46.2515	4.95269	0.00197247
18.8268	46.2515	4.92727	0.0017899
15.8835	49.3292	4.96434	0.00379775
21.7462	47.598	4.91461	0.0023725
25	46.2515	4.92804	0.0016278
24.7341	50.8393	4.87981	0.00538344
22.0108	14.5924	0.16628	0.000576918
19.9458	11.7351	0.124521	0.000580003
23.0432	12.7235	0.133314	0.000575624
17.645	7.6571	0.0694201	0.000591304
18.75	9.60269	0.0964677	0.000585468
16.5822	10.0948	4.65808	0.000580656
14.9215	7.36598	0.0775281	0.000596673
17.645	7.6571	0.0694201	0.000591304
16.5822	10.0948	4.65808	0.000580656
16.6772	5.91038	0.0470389	0.000595699
19.0551	5.91038	0.037575	0.000593107
17.645	7.6571	0.0694201	0.000591304
20.0967	7.6571	0.0507126	0.00058784
21.25	9.60269	0.0696653	0.000581726
18.75	9.60269	0.0964677	0.000585468
17.645	7.6571	0.0694201	0.000591304
19.0551	5.91038	0.037575	0.000593107
20.0967	7.6571	0.0507126	0.00058784
24.1844	6.78374	0.0411574	0.000588709
26.189	5.91038	0.0364659	0.00059166
25.4207	8.55507	0.0745692	0.000583162
28.5669	5.91038	0.0406497	0.000591448
31.8199	4.37335	0.0293792	0.000592501
31.1316	6.34706	0.0474063	0.0005878
26.9661	0.123895	0.0139065	0.000602553
28.4094	2.238	0.017833	0.000600216
26.0648	3.0556	0.0187095	0.000599336
28.9198	0.494728	0.016259	0.000601147
30.8485	1.10996	0.0185467	0.000599114
28.4094	2.238	0.017833	0.000600216
31.25	9.60269	0.124918	0.000579057
33.75	9.60269	0.105724	0.000576612
32.5813	11.7351	4.75085	0.000566762
30.9096	13.2177	4.85095	0.000567306
29.636	10.915	4.7317	0.000568285
32.5813	11.7351	4.75085	0.000566762
32.355	7.6571	0.0657122	0.000582565
33.4473	6.2015	0.0440796	0.000584762
34.9468	7.95642	0.0671143	0.000577905
29.9033	7.6571	0.0711726	0.000585025
32.355	7.6571	0.0657122	0.000582565
31.25	9.60269	0.124918	0.000579057
31.1316	6.34706	0.0474063	0.0005878
31.8199	4.37335	0.0293792	0.000592501
33.4473	6.2015	0.0440796	0.000584762
29.9033	7.6571	0.0711726	0.000585025
31.1316	6.34706	0.0474063	0.0005878
32.355	7.6571	0.0657122	0.000582565
29.9033	7.6571	0.0711726	0.000585025
28.5669	5.91038	0.0406497	0.000591448
31.1316	6.34706	0.0474063	0.0005878
28.5669	5.91038	0.0406497	0.000591448
29.9033	7.6571	0.0711726	0.000585025
27.8022	8.40541	0.0889351	0.000583625
25	4.37335	0.0237411	0.000596013
27.2733	4.37335	0.026128	0.000596222
26.189	5.91038	0.0364659	0.00059166
27.2733	4.37335	0.026128	0.000596222
30.3241	3.0556	0.0216001	0.00059742
28.5669	5.91038	0.0406497	0.000591448
31.1316	6.34706	0.0474063	0.0005878
33.4473	6.2015	0.0440796	0.000584762
32.355	7.6571	0.0657122	0.000582565
27.2733	4.37335	0.026128	0.000596222
28.4094	2.238	0.017833	0.000600216
30.3241	3.0556	0.0216001	0.00059742
26.189	5.91038	0.0364659	0.00059166
27.2733	4.37335	0.026128	0.000596222
28.5669	5.91038	0.0406497	0.000591448
26.0648	3.0556	0.0187095	0.000599336
28.4094	2.238	0.017833	0.000600216
27.2733	4.37335	0.026128	0.000596222
29.636	10.915	4.7317	0.000568285
29.9033	7.6571	0.0711726	0.000585025
31.25	9.60269	0.124918	0.000579057
25.4207	8.55507	0.0745692	0.000583162
27.8022	8.40541	0.0889351	0.000583625
27.0253	10.7509	4.68556	0.00056873
25.4207	8.55507	0.0745692	0.000583162
26.189	5.91038	0.0364659	0.00059166
27.8022	8.40541	0.0889351	0.000583625
26.3489	16.5071	4.88122	0.000570165
24.3933	15.2742	0.213766	0.000576436
25.6653	12.8882	4.74146	0.000566082
30.3241	3.0556	0.0216001	0.00059742
31.8199	4.37335	0.0293792	0.000592501
28.5669	5.91038	0.0406497	0.000591448
30.8485	1.10996	0.0185467	0.000599114
30.3241	3.0556	0.0216001	0.00059742
28.4094	2.238	0.017833	0.000600216
30.8485	1.10996	0.0185467	0.000599114
32.7403	1.96546	0.0223455	0.000595194
30.3241	3.0556	0.0216001	0.00059742
30.3241	3.0556	0.0216001	0.00059742
32.7403	1.96546	0.0223455	0.000595194
31.8199	4.37335	0.0293792	0.000592501
23.9352	3.0556	0.0179373	0.000598764
25	4.37335	0.0237411	0.000596013
22.7267	4.37335	0.0225852	0.000595614
26.9661	0.123895	0.0139065	0.000602553
26.0648	3.0556	0.0187095	0.000599336
25.0248	1.47661	0.0148482	0.000601324
26.9661	0.123895	0.0139065	0.000602553
28.9198	0.494728	0.016259	0.000601147
28.4094	2.238	0.017833	0.000600216
25.0248	1.47661	0.0148482	0.000601324
25	-8.70219e-28	0.0139499	0.00060195
26.9661	0.123895	0.0139065	0.000602553
23.9352	3.0556	0.0179373	0.000598764
25.0248	1.47661	0.0148482	0.000601324
26.0648	3.0556	0.0187095	0.000599336
23.9352	3.0556	0.0179373	0.000598764
23.0835	1.59882	0.0149942	0.000600531
25.0248	1.47661	0.0148482	0.000601324
32.7403	1.96546	0.0223455	0.000595194
34.5833	3.0556	0.0275484	0.000589547
31.8199	4.37335	0.0293792	0.000592501
25	4.37335	0.0237411	0.000596013
26.0648	3.0556	0.0187095	0.000599336
27.2733	4.37335	0.026128	0.000596222
24.1844	6.78374	0.0411574	0.000588709
25	4.37335	0.0237411	0.000596013
26.189	5.91038	0.0364659	0.00059166
23.9352	3.0556	0.0179373	0.000598764
26.0648	3.0556	0.0187095	0.000599336
25	4.37335	0.0237411	0.000596013
21.913	2.6468	0.0171964	0.000598904
23.9352	3.0556	0.0179373	0.000598764
22.7267	4.37335	0.0225852	0.000595614
23.0835	1.59882	0.0149942	0.000600531
23.0339	0.123895	0.0139163	0.00060133
25.0248	1.47661	0.0148482	0.000601324
21.913	2.6468	0.0171964	0.000598904
23.0835	1.59882	0.0149942	0.000600531
23.9352	3.0556	0.0179373	0.000598764
21.4331	5.91038	0.0316298	0.000591592
20.4534	4.37335	0.0244042	0.000595649
22.7267	4.37335	0.0225852	0.000595614
19.7476	2.78306	0.0199103	0.000598226
21.0802	0.494728	0.0149235	0.000600415
21.913	2.6468	0.0171964	0.000598904
23.0339	0.123895	0.0139163	0.00060133
25	-8.70219e-28	0.0139499	0.00060195
25.0248	1.47661	0.0148482	0.000601324
33.4473	6.2015	0.0440796	0.000584762
34.5833	3.0556	0.0275484	0.000589547
35.7008	5.91038	0.0453348	0.000580756
36.3664	4.37335	0.0399672	0.000582445
35.7008	5.91038	0.0453348	0.000580756
34.5833	3.0556	0.0275484	0.000589547
23.5785	19.1174	4.91004	0.000576695
26.3489	16.5071	4.88122	0.000570165
26.4215	19.1174	4.94371	0.000578138
23.0771	23.3761	4.97776	0.000592396
25.3391	26.1784	4.9798	0.000598439
22.0277	27.6505	4.97246	0.000607328
29.636	10.915	4.7317	0.000568285
27.8022	8.40541	0.0889351	0.000583625
29.9033	7.6571	0.0711726	0.000585025
29.636	10.915	4.7317	0.000568285
27.0253	10.7509	4.68556	0.00056873
27.8022	8.40541	0.0889351	0.000583625
32.5813	11.7351	4.75085	0.000566762
29.636	10.915	4.7317	0.000568285
31.25	9.60269	0.124918	0.000579057
28.2875	13.053	4.83406	0.000566653
27.0253	10.7509	4.68556	0.00056873
29.636	10.915	4.7317	0.000568285
23.0432	12.7235	0.133314	0.000575624
25.6653	12.8882	4.74146	0.000566082
24.3933	15.2742	0.213766	0.000576436
24.4145	10.5869	0.11203	0.000577926
25.4207	8.55507	0.0745692	0.000583162
27.0253	10.7509	4.68556	0.00056873
23.0432	12.7235	0.133314	0.000575624
24.4145	10.5869	0.11203	0.000577926
25.6653	12.8882	4.74146	0.000566082
23.0432	12.7235	0.133314	0.000575624
21.25	9.60269	0.0696653	0.000581726
24.4145	10.5869	0.11203	0.000577926
24.1844	6.78374	0.0411574	0.000588709
22.5483	7.6571	0.0455066	0.000586116
21.4331	5.91038	0.0316298	0.000591592
25	4.37335	0.0237411	0.000596013
24.1844	6.78374	0.0411574	0.000588709
22.7267	4.37335	0.0225852	0.000595614
25.4207	8.55507	0.0745692	0.000583162
24.4145	10.5869	0.11203	0.000577926
22.5483	7.6571	0.0455066	0.000586116
24.4145	10.5869	0.11203	0.000577926
21.25	9.60269	0.0696653	0.000581726
22.5483	7.6571	0.0455066	0.000586116
19.5656	14.0413	0.183321	0.000580185
20.9532	16.5071	0.223354	0.000580739
18.2554	16.5071	4.86152	0.000576841
19.9458	11.7351	0.124521	0.000580003
19.5656	14.0413	0.183321	0.000580185
17.7988	12.3941	4.73561	0.000575253
18.75	9.60269	0.0964677	0.000585468
19.9458	11.7351	0.124521	0.000580003
17.7988	12.3941	4.73561	0.000575253
21.25	9.60269	0.0696653	0.000581726
23.0432	12.7235	0.133314	0.000575624
19.9458	11.7351	0.124521	0.000580003
22.0108	14.5924	0.16628	0.000576918
20.9532	16.5071	0.223354	0.000580739
19.5656	14.0413	0.183321	0.000580185
19.9458	11.7351	0.124521	0.000580003
22.0108	14.5924	0.16628	0.000576918
19.5656	14.0413	0.183321	0.000580185
23.0432	12.7235	0.133314	0.000575624
24.3933	15.2742	0.213766	0.000576436
22.0108	14.5924	0.16628	0.000576918
17.7548	18.7251	4.93336	0.000583207
20.7355	19.1174	4.90676	0.00057859
17.2541	20.9431	4.96925	0.000590704
16.8484	14.0413	4.83517	0.000577881
18.2554	16.5071	4.86152	0.000576841
15.9817	15.8026	4.90439	0.000582139
20.9532	16.5071	0.223354	0.000580739
20.7355	19.1174	4.90676	0.00057859
18.2554	16.5071	4.86152	0.000576841
14.9215	7.36598	0.0775281	0.000596673
16.5822	10.0948	4.65808	0.000580656
13.513	9.30337	0.1336	0.000598066
12.6058	7.51154	0.0903059	0.000600074
14.9215	7.36598	0.0775281	0.000596673
13.513	9.30337	0.1336	0.000598066
13.6336	4.37335	0.046561	0.000599047
15.4167	3.0556	0.0321936	0.000598338
16.6772	5.91038	0.0470389	0.000595699
19.7476	2.78306	0.0199103	0.000598226
19.1515	1.10996	0.0185154	0.000599069
21.0802	0.494728	0.0149235	0.000600415
20.4534	4.37335	0.0244042	0.000595649
19.0551	5.91038	0.037575	0.000593107
18.1801	4.37335	0.0294478	0.000596489
21.913	2.6468	0.0171964	0.000598904
20.4534	4.37335	0.0244042	0.000595649
19.7476	2.78306	0.0199103	0.000598226
21.4331	5.91038	0.0316298	0.000591592
19.0551	5.91038	0.037575	0.000593107
20.4534	4.37335	0.0244042	0.000595649
24.1844	6.78374	0.0411574	0.000588709
21.4331	5.91038	0.0316298	0.000591592
22.7267	4.37335	0.0225852	0.000595614
20.0967	7.6571	0.0507126	0.00058784
19.0551	5.91038	0.037575	0.000593107
21.4331	5.91038	0.0316298	0.000591592
20.4534	4.37335	0.0244042	0.000595649
18.1801	4.37335	0.0294478	0.000596489
19.7476	2.78306	0.0199103	0.000598226
23.0835	1.59882	0.0149942	0.000600531
21.0802	0.494728	0.0149235	0.000600415
23.0339	0.123895	0.0139163	0.00060133
27.8022	8.40541	0.0889351	0.000583625
26.189	5.91038	0.0364659	0.00059166
28.5669	5.91038	0.0406497	0.000591448
25.6653	12.8882	4.74146	0.000566082
24.4145	10.5869	0.11203	0.000577926
27.0253	10.7509	4.68556	0.00056873
22.5483	7.6571	0.0455066	0.000586116
20.0967	7.6571	0.0507126	0.00058784
21.4331	5.91038	0.0316298	0.000591592
25.4207	8.55507	0.0745692	0.000583162
22.5483	7.6571	0.0455066	0.000586116
24.1844	6.78374	0.0411574	0.000588709
21.25	9.60269	0.0696653	0.000581726
20.0967	7.6571	0.0507126	0.00058784
22.5483	7.6571	0.0455066	0.000586116
14.9215	7.36598	0.0775281	0.000596673
16.6772	5.91038	0.0470389	0.000595699
17.645	7.6571	0.0694201	0.000591304
21.913	2.6468	0.0171964	0.000598904
21.0802	0.494728	0.0149235	0.000600415
23.0835	1.59882	0.0149942	0.000600531
37.3284	7.80676	0.0718509	0.000574496
38.0788	5.91038	0.057052	0.00057619
39.7099	7.6571	0.0919331	0.00057243
33.4473	6.2015	0.0440796	0.000584762
35.7008	5.91038	0.0453348	0.000580756
34.9468	7.95642	0.0671143	0.000577905
33.75	9.60269	0.105724	0.000576612
32.355	7.6571	0.0657122	0.000582565
34.9468	7.95642	0.0671143	0.000577905
31.8199	4.37335	0.0293792	0.000592501
34.5833	3.0556	0.0275484	0.000589547
33.4473	6.2015	0.0440796	0.000584762
36.3664	4.37335	0.0399672	0.000582445
38.0788	5.91038	0.057052	0.00057619
35.7008	5.91038	0.0453348	0.000580756
19.7476	2.78306	0.0199103	0.000598226
17.2597	1.96546	0.0235187	0.000598444
19.1515	1.10996	0.0185154	0.000599069
18.1801	4.37335	0.0294478	0.000596489
16.6772	5.91038	0.0470389	0.000595699
15.4167	3.0556	0.0321936	0.000598338
19.7476	2.78306	0.0199103	0.000598226
18.1801	4.37335	0.0294478	0.000596489
17.2597	1.96546	0.0235187	0.000598444
19.0551	5.91038	0.037575	0.000593107
16.6772	5.91038	0.0470389	0.000595699
18.1801	4.37335	0.0294478	0.000596489
21.913	2.6468	0.0171964	0.000598904
22.7267	4.37335	0.0225852	0.000595614
20.4534	4.37335	0.0244042	0.000595649
20.0967	7.6571	0.0507126	0.00058784
18.75	9.60269	0.0964677	0.000585468
17.645	7.6571	0.0694201	0.000591304
14.9215	7.36598	0.0775281	0.000596673
13.6336	4.37335	0.046561	0.000599047
16.6772	5.91038	0.0470389	0.000595699
32.355	7.6571	0.0657122	0.000582565
33.75	9.60269	0.105724	0.000576612
31.25	9.60269	0.124918	0.000579057
38.0788	5.91038	0.057052	0.00057619
37.3284	7.80676	0.0718509	0.000574496
35.7008	5.91038	0.0453348	0.000580756
38.75	9.60269	0.120969	0.00057252
41.25	9.60269	0.166112	0.00057338
40.1627	11.7351	4.79422	0.000567114
36.25	9.60269	0.0994692	0.000574005
38.75	9.60269	0.120969	0.00057252
37.4683	11.4071	0.173273	0.000573877
39.7099	7.6571	0.0919331	0.00057243
41.25	9.60269	0.166112	0.00057338
38.75	9.60269	0.120969	0.00057252
15.4167	3.0556	0.0321936	0.000598338
17.2597	1.96546	0.0235187	0.000598444
18.1801	4.37335	0.0294478	0.000596489
44.0204	14.0413	4.94434	0.000581552
41.2166	14.2175	4.9192	0.000576532
42.6898	11.7351	4.86509	0.000570705
14.9215	7.36598	0.0775281	0.000596673
12.6058	7.51154	0.0903059	0.000600074
13.6336	4.37335	0.046561	0.000599047
15.1767	12.2293	4.81117	0.000582904
12.5545	12.0646	4.82585	0.000590627
13.513	9.30337	0.1336	0.000598066
16.5822	10.0948	4.65808	0.000580656
17.7988	12.3941	4.73561	0.000575253
15.1767	12.2293	4.81117	0.000582904
14.1312	14.0413	4.89173	0.000586492
12.5545	12.0646	4.82585	0.000590627
15.1767	12.2293	4.81117	0.000582904
15.9817	15.8026	4.90439	0.000582139
14.7591	18.4213	4.96003	0.000590657
13.1778	15.9788	4.94134	0.00059132
16.5822	10.0948	4.65808	0.000580656
18.75	9.60269	0.0964677	0.000585468
17.7988	12.3941	4.73561	0.000575253
22.0108	14.5924	0.16628	0.000576918
24.3933	15.2742	0.213766	0.000576436
20.9532	16.5071	0.223354	0.000580739
11.4404	21.3083	4.98815	0.000606255
12.2064	19.1174	4.97739	0.000599324
14.6026	21.856	4.98371	0.000600046
8.66123	21.856	4.99259	0.000613137
11.4404	21.3083	4.98815	0.000606255
10.9756	24.1362	4.99345	0.000615436
8.66123	21.856	4.99259	0.000613137
9.3634	19.1174	4.98403	0.000606011
11.4404	21.3083	4.98815	0.000606255
6.52038	19.1174	4.98846	0.000610517
7.464	16.5071	4.97337	0.000605213
9.3634	19.1174	4.98403	0.000606011
3.67737	19.1174	4.99151	0.000613228
6.52038	19.1174	4.98846	0.000610517
5.62671	21.6734	4.99441	0.000616891
3.67737	19.1174	4.99151	0.000613228
4.76616	16.5071	4.98105	0.000607992
6.52038	19.1174	4.98846	0.000610517
10.1618	16.5071	4.9637	0.000600235
12.2064	19.1174	4.97739	0.000599324
9.3634	19.1174	4.98403	0.000606011
5.97957	14.0413	4.95553	0.000603577
8.69678	14.0413	4.93466	0.000600415
7.464	16.5071	4.97337	0.000605213
11.414	14.0413	4.91437	0.000594552
13.1778	15.9788	4.94134	0.00059132
10.1618	16.5071	4.9637	0.000600235
15.1767	12.2293	4.81117	0.000582904
16.8484	14.0413	4.83517	0.000577881
14.1312	14.0413	4.89173	0.000586492
6.52038	19.1174	4.98846	0.000610517
9.3634	19.1174	4.98403	0.000606011
8.66123	21.856	4.99259	0.000613137
14.7591	18.4213	4.96003	0.000590657
12.2064	19.1174	4.97739	0.000599324
13.1778	15.9788	4.94134	0.00059132
14.7591	18.4213	4.96003	0.000590657
14.6026	21.856	4.98371	0.000600046
12.2064	19.1174	4.97739	0.000599324
12.6058	7.51154	0.0903059	0.000600074
11.9212	5.91038	0.0760112	0.000600288
13.6336	4.37335	0.046561	0.000599047
11.25	9.60269	0.153141	0.000602643
12.6058	7.51154	0.0903059	0.000600074
13.513	9.30337	0.1336	0.000598066
10.2901	7.6571	0.115401	0.000602698
11.9212	5.91038	0.0760112	0.000600288
12.6058	7.51154	0.0903059	0.000600074
41.2166	14.2175	4.9192	0.000576532
40.1627	11.7351	4.79422	0.000567114
42.6898	11.7351	4.86509	0.000570705
35.1085	11.7351	0.178641	0.000574576
37.4683	11.4071	0.173273	0.000573877
35.6088	14.5697	4.8734	0.000570782
33.1516	14.0413	4.86912	0.00056858
35.1085	11.7351	0.178641	0.000574576
35.6088	14.5697	4.8734	0.000570782
32.5813	11.7351	4.75085	0.000566762
33.75	9.60269	0.105724	0.000576612
35.1085	11.7351	0.178641	0.000574576
37.3284	7.80676	0.0718509	0.000574496
39.7099	7.6571	0.0919331	0.00057243
38.75	9.60269	0.120969	0.00057252
36.25	9.60269	0.0994692	0.000574005
37.3284	7.80676	0.0718509	0.000574496
38.75	9.60269	0.120969	0.00057252
35.1085	11.7351	0.178641	0.000574576
36.25	9.60269	0.0994692	0.000574005
37.4683	11.4071	0.173273	0.000573877
34.9468	7.95642	0.0671143	0.000577905
37.3284	7.80676	0.0718509	0.000574496
36.25	9.60269	0.0994692	0.000574005
34.9468	7.95642	0.0671143	0.000577905
35.7008	5.91038	0.0453348	0.000580756
37.3284	7.80676	0.0718509	0.000574496
42.536	16.5071	4.96633	0.000589013
44.0204	14.0413	4.94434	0.000581552
45.2338	16.5071	4.97642	0.000594486
38.4127	14.3936	4.88699	0.000572751
41.2166	14.2175	4.9192	0.000576532
39.693	16.8552	4.9574	0.000584911
38.4127	14.3936	4.88699	0.000572751
37.4683	11.4071	0.173273	0.000573877
40.1627	11.7351	4.79422	0.000567114
10.2901	7.6571	0.115401	0.000602698
12.6058	7.51154	0.0903059	0.000600074
11.25	9.60269	0.153141	0.000602643
28.2875	13.053	4.83406	0.000566653
30.001	14.922	4.90471	0.00056936
26.3489	16.5071	4.88122	0.000570165
35.1085	11.7351	0.178641	0.000574576
33.1516	14.0413	4.86912	0.00056858
32.5813	11.7351	4.75085	0.000566762
30.001	14.922	4.90471	0.00056936
28.6113	17.5512	4.93937	0.000574868
26.3489	16.5071	4.88122	0.000570165
30.9096	13.2177	4.85095	0.000567306
30.001	14.922	4.90471	0.00056936
28.2875	13.053	4.83406	0.000566653
29.636	10.915	4.7317	0.000568285
30.9096	13.2177	4.85095	0.000567306
28.2875	13.053	4.83406	0.000566653
32.5813	11.7351	4.75085	0.000566762
33.1516	14.0413	4.86912	0.00056858
30.9096	13.2177	4.85095	0.000567306
31.7446	16.5071	4.93814	0.000574421
28.6113	17.5512	4.93937	0.000574868
30.001	14.922	4.90471	0.00056936
34.4425	16.5071	4.93732	0.000576314
31.7446	16.5071	4.93814	0.000574421
33.1516	14.0413	4.86912	0.00056858
34.4425	16.5071	4.93732	0.000576314
34.9506	19.1174	4.97378	0.000588614
32.1075	19.1174	4.97147	0.000584664
37.1403	16.5071	4.94075	0.000579217
34.4425	16.5071	4.93732	0.000576314
35.6088	14.5697	4.8734	0.000570782
37.1403	16.5071	4.94075	0.000579217
37.7936	19.1174	4.9758	0.000591795
34.9506	19.1174	4.97378	0.000588614
11.414	14.0413	4.91437	0.000594552
14.1312	14.0413	4.89173	0.000586492
13.1778	15.9788	4.94134	0.00059132
8.69678	14.0413	4.93466	0.000600415
9.93237	11.8999	4.84658	0.000596519
11.414	14.0413	4.91437	0.000594552
11.25	9.60269	0.153141	0.000602643
13.513	9.30337	0.1336	0.000598066
12.5545	12.0646	4.82585	0.000590627
10.2901	7.6571	0.115401	0.000602698
11.25	9.60269	0.153141	0.000602643
8.74996	9.60269	0.189127	0.000605746
13.513	9.30337	0.1336	0.000598066
16.5822	10.0948	4.65808	0.000580656
15.1767	12.2293	4.81117	0.000582904
9.93237	11.8999	4.84658	0.000596519
11.25	9.60269	0.153141	0.000602643
12.5545	12.0646	4.82585	0.000590627
11.414	14.0413	4.91437	0.000594552
9.93237	11.8999	4.84658	0.000596519
12.5545	12.0646	4.82585	0.000590627
8.69678	14.0413	4.93466	0.000600415
7.31021	11.7351	4.88985	0.00059963
9.93237	11.8999	4.84658	0.000596519
37.4683	11.4071	0.173273	0.000573877
38.4127	14.3936	4.88699	0.000572751
35.6088	14.5697	4.8734	0.000570782
42.536	16.5071	4.96633	0.000589013
43.4158	19.3	4.98671	0.000603085
40.5089	19.4825	4.98272	0.000598275
44.0204	14.0413	4.94434	0.000581552
42.536	16.5071	4.96633	0.000589013
41.2166	14.2175	4.9192	0.000576532
45.2338	16.5071	4.97642	0.000594486
43.4158	19.3	4.98671	0.000603085
42.536	16.5071	4.96633	0.000589013
40.5089	19.4825	4.98272	0.000598275
41.2294	22.236	4.99264	0.000610893
38.204	22.4261	4.99173	0.000607075
42.536	16.5071	4.96633	0.000589013
40.5089	19.4825	4.98272	0.000598275
39.693	16.8552	4.9574	0.000584911
43.4158	19.3	4.98671	0.000603085
41.2294	22.236	4.99264	0.000610893
40.5089	19.4825	4.98272	0.000598275
47.2801	21.856	4.99543	0.000619021
44.3095	21.856	4.99401	0.000614866
46.3226	19.1174	4.9899	0.000607262
38.4127	14.3936	4.88699	0.000572751
37.1403	16.5071	4.94075	0.000579217
35.6088	14.5697	4.8734	0.000570782
40.1627	11.7351	4.79422	0.000567114
41.2166	14.2175	4.9192	0.000576532
38.4127	14.3936	4.88699	0.000572751
38.75	9.60269	0.120969	0.00057252
40.1627	11.7351	4.79422	0.000567114
37.4683	11.4071	0.173273	0.000573877
41.25	9.60269	0.166112	0.00057338
42.6898	11.7351	4.86509	0.000570705
40.1627	11.7351	4.79422	0.000567114
39.693	16.8552	4.9574	0.000584911
37.1403	16.5071	4.94075	0.000579217
38.4127	14.3936	4.88699	0.000572751
40.5089	19.4825	4.98272	0.000598275
37.7936	19.1174	4.9758	0.000591795
39.693	16.8552	4.9574	0.000584911
28.8815	20.2128	4.96977	0.000582866
29.1279	22.9961	4.96375	0.00056478
26.1025	23.1861	4.98008	0.000591726
32.1075	19.1174	4.97147	0.000584664
34.9506	19.1174	4.97378	0.000588614
32.4267	21.856	4.98429	0.000590643
28.8815	20.2128	4.96977	0.000582866
32.1075	19.1174	4.97147	0.000584664
32.4267	21.856	4.98429	0.000590643
31.7446	16.5071	4.93814	0.000574421
34.4425	16.5071	4.93732	0.000576314
32.1075	19.1174	4.97147	0.000584664
28.6113	17.5512	4.93937	0.000574868
31.7446	16.5071	4.93814	0.000574421
32.1075	19.1174	4.97147	0.000584664
11.414	14.0413	4.91437	0.000594552
12.5545	12.0646	4.82585	0.000590627
14.1312	14.0413	4.89173	0.000586492
12.2064	19.1174	4.97739	0.000599324
10.1618	16.5071	4.9637	0.000600235
13.1778	15.9788	4.94134	0.00059132
9.93237	11.8999	4.84658	0.000596519
8.74996	9.60269	0.189127	0.000605746
11.25	9.60269	0.153141	0.000602643
43.4158	19.3	4.98671	0.000603085
45.2338	16.5071	4.97642	0.000594486
46.3226	19.1174	4.9899	0.000607262
33.1516	14.0413	4.86912	0.00056858
35.6088	14.5697	4.8734	0.000570782
34.4425	16.5071	4.93732	0.000576314
36.25	9.60269	0.0994692	0.000574005
33.75	9.60269	0.105724	0.000576612
34.9468	7.95642	0.0671143	0.000577905
21.9134	33.7485	0.261389	0.000651211
18.9132	34.917	4.85649	0.000670994
18.6835	32.5943	4.91794	0.000644115
25	30.6708	4.92871	0.000610737
21.9134	33.7485	0.261389	0.000651211
21.9612	30.6708	4.92468	0.000619771
21.8846	36.8646	4.80713	0.000689293
18.9132	34.917	4.85649	0.000670994
21.9134	33.7485	0.261389	0.000651211
25	40	4.87127	0.000746226
21.8846	36.8646	4.80713	0.000689293
25.1151	35.3065	0.252304	0.000643905
21.9134	33.7485	0.261389	0.000651211
18.6835	32.5943	4.91794	0.000644115
21.9612	30.6708	4.92468	0.000619771
18.7212	38.8242	0.207564	0.000782939
18.9132	34.917	4.85649	0.000670994
21.8846	36.8646	4.80713	0.000689293
17.2667	36.7732	0.250286	0.000731868
15.8122	34.7222	4.90393	0.000679228
18.9132	34.917	4.85649	0.000670994
18.7212	38.8242	0.207564	0.000782939
17.2667	36.7732	0.250286	0.000731868
18.9132	34.917	4.85649	0.000670994
18.7212	38.8242	0.207564	0.000782939
15.601	39.0202	0.244165	0.000806074
17.2667	36.7732	0.250286	0.000731868
18.7981	41.9596	0.235141	0.00101799
18.7212	38.8242	0.207564	0.000782939
21.9014	39.3141	0.239052	0.000777255
15.601	39.0202	0.244165	0.000806074
15.8122	34.7222	4.90393	0.000679228
17.2667	36.7732	0.250286	0.000731868
14.001	23.9462	4.98982	0.000608222
14.6026	21.856	4.98371	0.000600046
17.2998	24.7062	4.98611	0.000603695
13.1107	27.6505	4.99042	0.000625489
12.8447	30.6708	4.98289	0.00064464
10.1383	27.6505	4.99428	0.000631815
15.2052	26.1784	4.98889	0.000614154
15.7173	29.727	4.97832	0.000630847
13.1107	27.6505	4.99042	0.000625489
20.3799	24.7062	4.97993	0.00059843
18.0114	27.1222	4.98167	0.000612076
17.2998	24.7062	4.98611	0.000603695
18.7229	29.5382	4.96435	0.00062239
15.7173	29.727	4.97832	0.000630847
18.0114	27.1222	4.98167	0.000612076
18.7229	29.5382	4.96435	0.00062239
18.6835	32.5943	4.91794	0.000644115
15.7173	29.727	4.97832	0.000630847
10.9756	24.1362	4.99345	0.000615436
8.05963	24.7062	4.99575	0.000622624
8.66123	21.856	4.99259	0.000613137
10.1383	27.6505	4.99428	0.000631815
8.05963	24.7062	4.99575	0.000622624
10.9756	24.1362	4.99345	0.000615436
10.1383	27.6505	4.99428	0.000631815
9.80591	30.6708	4.99101	0.000652507
7.16598	27.6505	4.99656	0.000636849
6.70061	30.2933	4.99588	0.000654628
7.16598	27.6505	4.99656	0.000636849
9.80591	30.6708	4.99101	0.000652507
4.97956	24.7062	4.99692	0.000626756
5.62671	21.6734	4.99441	0.000616891
8.05963	24.7062	4.99575	0.000622624
3.67737	19.1174	4.99151	0.000613228
5.62671	21.6734	4.99441	0.000616891
2.71986	21.856	4.99579	0.000620118
6.52038	19.1174	4.98846	0.000610517
4.76616	16.5071	4.98105	0.000607992
7.464	16.5071	4.97337	0.000605213
25	30.6708	4.92871	0.000610737
28.0388	30.6708	4.95855	0.000602775
28.0866	33.7485	4.91226	0.00060854
47.2801	21.856	4.99543	0.000619021
48.1005	24.7062	4.99749	0.000630145
45.0204	24.7062	4.99691	0.000626133
26.4215	19.1174	4.94371	0.000578138
26.3489	16.5071	4.88122	0.000570165
28.6113	17.5512	4.93937	0.000574868
18.0114	27.1222	4.98167	0.000612076
22.0277	27.6505	4.97246	0.000607328
18.7229	29.5382	4.96435	0.00062239
17.2541	20.9431	4.96925	0.000590704
20.544	21.856	4.96473	0.000587727
17.2998	24.7062	4.98611	0.000603695
23.0771	23.3761	4.97776	0.000592396
26.1025	23.1861	4.98008	0.000591726
25.3391	26.1784	4.9798	0.000598439
17.2998	24.7062	4.98611	0.000603695
20.544	21.856	4.96473	0.000587727
20.3799	24.7062	4.97993	0.00059843
24.8405	21.1517	4.95992	0.000584684
26.1025	23.1861	4.98008	0.000591726
23.0771	23.3761	4.97776	0.000592396
20.544	21.856	4.96473	0.000587727
24.8405	21.1517	4.95992	0.000584684
23.0771	23.3761	4.97776	0.000592396
23.5785	19.1174	4.91004	0.000576695
26.4215	19.1174	4.94371	0.000578138
24.8405	21.1517	4.95992	0.000584684
31.199	26.5464	0.4526	0.000449009
30.7452	28.7831	4.94411	0.000551128
28.269	26.3624	4.9503	0.000554017
29.1279	22.9961	4.96375	0.00056478
31.199	26.5464	0.4526	0.000449009
28.269	26.3624	4.9503	0.000554017
32.7002	24.7062	4.94781	0.000544324
33.7508	28.5944	4.96929	0.00057907
31.199	26.5464	0.4526	0.000449009
20.544	21.856	4.96473	0.000587727
23.0771	23.3761	4.97776	0.000592396
20.3799	24.7062	4.97993	0.00059843
20.7355	19.1174	4.90676	0.00057859
20.544	21.856	4.96473	0.000587727
17.2541	20.9431	4.96925	0.000590704
17.7548	18.7251	4.93336	0.000583207
18.2554	16.5071	4.86152	0.000576841
20.7355	19.1174	4.90676	0.00057859
14.7591	18.4213	4.96003	0.000590657
17.7548	18.7251	4.93336	0.000583207
17.2541	20.9431	4.96925	0.000590704
14.7591	18.4213	4.96003	0.000590657
15.9817	15.8026	4.90439	0.000582139
17.7548	18.7251	4.93336	0.000583207
20.9532	16.5071	0.223354	0.000580739
23.5785	19.1174	4.91004	0.000576695
20.7355	19.1174	4.90676	0.00057859
23.5785	19.1174	4.91004	0.000576695
24.8405	21.1517	4.95992	0.000584684
20.544	21.856	4.96473	0.000587727
26.689	28.4246	4.97032	0.000601833
22.0277	27.6505	4.97246	0.000607328
25.3391	26.1784	4.9798	0.000598439
21.9612	30.6708	4.92468	0.000619771
18.6835	32.5943	4.91794	0.000644115
18.7229	29.5382	4.96435	0.00062239
20.7355	19.1174	4.90676	0.00057859
23.5785	19.1174	4.91004	0.000576695
20.544	21.856	4.96473	0.000587727
16.8484	14.0413	4.83517	0.000577881
19.5656	14.0413	0.183321	0.000580185
18.2554	16.5071	4.86152	0.000576841
16.8484	14.0413	4.83517	0.000577881
17.7988	12.3941	4.73561	0.000575253
19.5656	14.0413	0.183321	0.000580185
14.1312	14.0413	4.89173	0.000586492
16.8484	14.0413	4.83517	0.000577881
15.9817	15.8026	4.90439	0.000582139
15.1767	12.2293	4.81117	0.000582904
17.7988	12.3941	4.73561	0.000575253
16.8484	14.0413	4.83517	0.000577881
18.75	9.60269	0.0964677	0.000585468
21.25	9.60269	0.0696653	0.000581726
19.9458	11.7351	0.124521	0.000580003
24.3933	15.2742	0.213766	0.000576436
23.5785	19.1174	4.91004	0.000576695
20.9532	16.5071	0.223354	0.000580739
4.97956	24.7062	4.99692	0.000626756
4.19365	27.6505	4.9976	0.000640932
1.8995	24.7062	4.99745	0.00062994
8.74996	9.60269	0.189127	0.000605746
9.93237	11.8999	4.84658	0.000596519
7.31021	11.7351	4.88985	0.00059963
46.8029	37.0605	4.96968	0.000653487
43.6827	37.2565	4.9339	0.000637861
46.6062	33.7485	4.98847	0.000647638
41.9404	24.7062	4.99584	0.000620544
45.0204	24.7062	4.99691	0.000626133
42.7675	28.0281	4.99584	0.000630199
38.8603	24.7062	4.9951	0.000615409
41.9404	24.7062	4.99584	0.000620544
39.9888	27.0985	4.99513	0.000621856
41.2294	22.236	4.99264	0.000610893
44.3095	21.856	4.99401	0.000614866
41.9404	24.7062	4.99584	0.000620544
48.7787	27.6505	4.99771	0.000640443
49.3105	30.6708	4.99598	0.000648432
46.2478	30.8632	4.99478	0.000643941
26.1025	23.1861	4.98008	0.000591726
24.8405	21.1517	4.95992	0.000584684
28.8815	20.2128	4.96977	0.000582866
28.269	26.3624	4.9503	0.000554017
26.1025	23.1861	4.98008	0.000591726
29.1279	22.9961	4.96375	0.00056478
23.0771	23.3761	4.97776	0.000592396
22.0277	27.6505	4.97246	0.000607328
20.3799	24.7062	4.97993	0.00059843
12.8447	30.6708	4.98289	0.00064464
12.7112	34.5275	4.96022	0.000687485
9.49534	33.1714	4.98712	0.000677453
10.1383	27.6505	4.99428	0.000631815
12.8447	30.6708	4.98289	0.00064464
9.80591	30.6708	4.99101	0.000652507
14.3285	32.6965	4.95986	0.000660065
18.6835	32.5943	4.91794	0.000644115
15.8122	34.7222	4.90393	0.000679228
25.1151	35.3065	0.252304	0.000643905
21.8846	36.8646	4.80713	0.000689293
21.9134	33.7485	0.261389	0.000651211
14.3285	32.6965	4.95986	0.000660065
12.7112	34.5275	4.96022	0.000687485
12.8447	30.6708	4.98289	0.00064464
18.9132	34.917	4.85649	0.000670994
15.8122	34.7222	4.90393	0.000679228
18.6835	32.5943	4.91794	0.000644115
15.601	39.0202	0.244165	0.000806074
12.5385	36.8646	4.93785	0.000732823
15.8122	34.7222	4.90393	0.000679228
23.5785	19.1174	4.91004	0.000576695
24.3933	15.2742	0.213766	0.000576436
26.3489	16.5071	4.88122	0.000570165
28.8815	20.2128	4.96977	0.000582866
24.8405	21.1517	4.95992	0.000584684
26.4215	19.1174	4.94371	0.000578138
18.2554	16.5071	4.86152	0.000576841
17.7548	18.7251	4.93336	0.000583207
15.9817	15.8026	4.90439	0.000582139
14.6026	21.856	4.98371	0.000600046
17.2541	20.9431	4.96925	0.000590704
17.2998	24.7062	4.98611	0.000603695
15.9817	15.8026	4.90439	0.000582139
13.1778	15.9788	4.94134	0.00059132
14.1312	14.0413	4.89173	0.000586492
14.6026	21.856	4.98371	0.000600046
14.7591	18.4213	4.96003	0.000590657
17.2541	20.9431	4.96925	0.000590704
11.4404	21.3083	4.98815	0.000606255
14.001	23.9462	4.98982	0.000608222
10.9756	24.1362	4.99345	0.000615436
30.001	14.922	4.90471	0.00056936
30.9096	13.2177	4.85095	0.000567306
33.1516	14.0413	4.86912	0.00056858
31.7446	16.5071	4.93814	0.000574421
30.001	14.922	4.90471	0.00056936
33.1516	14.0413	4.86912	0.00056858
25.6653	12.8882	4.74146	0.000566082
27.0253	10.7509	4.68556	0.00056873
28.2875	13.053	4.83406	0.000566653
25.6653	12.8882	4.74146	0.000566082
28.2875	13.053	4.83406	0.000566653
26.3489	16.5071	4.88122	0.000570165
33.75	9.60269	0.105724	0.000576612
36.25	9.60269	0.0994692	0.000574005
35.1085	11.7351	0.178641	0.000574576
39.693	16.8552	4.9574	0.000584911
41.2166	14.2175	4.9192	0.000576532
42.536	16.5071	4.96633	0.000589013
28.8815	20.2128	4.96977	0.000582866
26.4215	19.1174	4.94371	0.000578138
28.6113	17.5512	4.93937	0.000574868
40.625	40	0.222675	0.000653453
43.75	40	4.86732	0.000661265
43.6923	43.1354	0.239562	0.000791184
34.399	40.9798	0.167888	0.000737692
37.5	40	4.78117	0.00063479
37.5191	43.9145	0.143441	0.000872185
40.5769	36.8646	4.91359	0.000617038
43.6827	37.2565	4.9339	0.000637861
40.625	40	0.222675	0.000653453
37.3464	33.7485	4.96423	0.000605799
33.997	31.6326	4.974	0.00060125
37.1553	30.6708	4.98655	0.00061436
40.625	40	0.222675	0.000653453
37.5	40	4.78117	0.00063479
40.5769	36.8646	4.91359	0.000617038
37.4615	36.8646	4.90987	0.000604374
34.1596	34.7385	4.93888	0.000596259
37.3464	33.7485	4.96423	0.000605799
46.2478	30.8632	4.99478	0.000643941
45.7731	27.8393	4.99715	0.000636766
48.7787	27.6505	4.99771	0.000640443
49.6928	33.7485	4.99086	0.000653522
46.6062	33.7485	4.98847	0.000647638
49.3105	30.6708	4.99598	0.000648432
40.1941	30.6708	4.98932	0.000623055
37.1553	30.6708	4.98655	0.00061436
36.8893	27.6505	4.99312	0.00061455
43.2329	30.6708	4.99237	0.000634039
40.1941	30.6708	4.98932	0.000623055
42.7675	28.0281	4.99584	0.000630199
40.433	33.7485	4.97034	0.00061797
37.3464	33.7485	4.96423	0.000605799
40.1941	30.6708	4.98932	0.000623055
31.3171	35.696	4.89649	0.00060094
31.2019	38.0404	0.239483	0.000634409
28.1154	36.8646	4.86403	0.000631695
33.997	31.6326	4.974	0.00060125
34.1596	34.7385	4.93888	0.000596259
30.9343	31.8249	4.96522	0.000599068
34.3221	37.8444	4.8438	0.000608609
31.2019	38.0404	0.239483	0.000634409
31.3171	35.696	4.89649	0.00060094
37.5	40	4.78117	0.00063479
34.3221	37.8444	4.8438	0.000608609
37.4615	36.8646	4.90987	0.000604374
34.399	40.9798	0.167888	0.000737692
31.2019	38.0404	0.239483	0.000634409
34.3221	37.8444	4.8438	0.000608609
40.1941	30.6708	4.98932	0.000623055
39.9888	27.0985	4.99513	0.000621856
42.7675	28.0281	4.99584	0.000630199
7.16598	27.6505	4.99656	0.000636849
8.05963	24.7062	4.99575	0.000622624
10.1383	27.6505	4.99428	0.000631815
3.69504	30.482	4.99751	0.000660261
4.19365	27.6505	4.9976	0.000640932
6.70061	30.2933	4.99588	0.000654628
4.97956	24.7062	4.99692	0.000626756
8.05963	24.7062	4.99575	0.000622624
7.16598	27.6505	4.99656	0.000636849
2.71986	21.856	4.99579	0.000620118
4.97956	24.7062	4.99692	0.000626756
1.8995	24.7062	4.99745	0.00062994
14.001	23.9462	4.98982	0.000608222
11.4404	21.3083	4.98815	0.000606255
14.6026	21.856	4.98371	0.000600046
13.1107	27.6505	4.99042	0.000625489
10.9756	24.1362	4.99345	0.000615436
14.001	23.9462	4.98982	0.000608222
8.66123	21.856	4.99259	0.000613137
5.62671	21.6734	4.99441	0.000616891
6.52038	19.1174	4.98846	0.000610517
12.2064	19.1174	4.97739	0.000599324
11.4404	21.3083	4.98815	0.000606255
9.3634	19.1174	4.98403	0.000606011
8.05963	24.7062	4.99575	0.000622624
5.62671	21.6734	4.99441	0.000616891
8.66123	21.856	4.99259	0.000613137
44.3095	21.856	4.99401	0.000614866
41.2294	22.236	4.99264	0.000610893
43.4158	19.3	4.98671	0.000603085
45.7731	27.8393	4.99715	0.000636766
45.0204	24.7062	4.99691	0.000626133
48.1005	24.7062	4.99749	0.000630145
38.8603	24.7062	4.9951	0.000615409
36.8893	27.6505	4.99312	0.00061455
35.7802	24.7062	4.99384	0.000607939
45.7731	27.8393	4.99715	0.000636766
42.7675	28.0281	4.99584	0.000630199
45.0204	24.7062	4.99691	0.000626133
43.2329	30.6708	4.99237	0.000634039
46.2478	30.8632	4.99478	0.000643941
43.5196	33.7485	4.97918	0.000633861
40.433	33.7485	4.97034	0.00061797
43.2329	30.6708	4.99237	0.000634039
43.5196	33.7485	4.97918	0.000633861
42.7675	28.0281	4.99584	0.000630199
45.7731	27.8393	4.99715	0.000636766
43.2329	30.6708	4.99237	0.000634039
41.9404	24.7062	4.99584	0.000620544
42.7675	28.0281	4.99584	0.000630199
39.9888	27.0985	4.99513	0.000621856
45.7731	27.8393	4.99715	0.000636766
46.2478	30.8632	4.99478	0.000643941
43.2329	30.6708	4.99237	0.000634039
8.69678	14.0413	4.93466	0.000600415
5.97957	14.0413	4.95553	0.000603577
7.31021	11.7351	4.88985	0.00059963
10.1618	16.5071	4.9637	0.000600235
8.69678	14.0413	4.93466	0.000600415
11.414	14.0413	4.91437	0.000594552
7.464	16.5071	4.97337	0.000605213
4.76616	16.5071	4.98105	0.000607992
5.97957	14.0413	4.95553	0.000603577
10.1618	16.5071	4.9637	0.000600235
7.464	16.5071	4.97337	0.000605213
8.69678	14.0413	4.93466	0.000600415
10.1618	16.5071	4.9637	0.000600235
9.3634	19.1174	4.98403	0.000606011
7.464	16.5071	4.97337	0.000605213
9.42308	36.8646	4.97893	0.000740096
9.49534	33.1714	4.98712	0.000677453
12.7112	34.5275	4.96022	0.000687485
12.5	40	4.93238	0.000843108
9.36058	39.4121	4.97809	0.000820878
12.5385	36.8646	4.93785	0.000732823
9.36058	39.4121	4.97809	0.000820878
6.30769	36.8646	4.99208	0.000742036
9.42308	36.8646	4.97893	0.000740096
3.19231	36.8646	4.9964	0.000744475
3.40821	33.9432	4.99697	0.000695715
6.30769	36.8646	4.99208	0.000742036
0.076922	36.8646	4.99739	0.000744901
3.19231	36.8646	4.9964	0.000744475
3.125	40	4.99611	0.000840188
0.076922	36.8646	4.99739	0.000744901
0.307214	33.7485	4.99772	0.000695921
3.19231	36.8646	4.9964	0.000744475
6.70061	30.2933	4.99588	0.000654628
9.80591	30.6708	4.99101	0.000652507
9.49534	33.1714	4.98712	0.000677453
2.71986	21.856	4.99579	0.000620118
5.62671	21.6734	4.99441	0.000616891
4.97956	24.7062	4.99692	0.000626756
18.0114	27.1222	4.98167	0.000612076
15.7173	29.727	4.97832	0.000630847
15.2052	26.1784	4.98889	0.000614154
43.5196	33.7485	4.97918	0.000633861
40.5769	36.8646	4.91359	0.000617038
40.433	33.7485	4.97034	0.00061797
49.9231	36.8646	4.97731	0.000660354
46.8029	37.0605	4.96968	0.000653487
49.6928	33.7485	4.99086	0.000653522
43.75	40	4.86732	0.000661265
40.625	40	0.222675	0.000653453
43.6827	37.2565	4.9339	0.000637861
13.1107	27.6505	4.99042	0.000625489
15.7173	29.727	4.97832	0.000630847
12.8447	30.6708	4.98289	0.00064464
10.9756	24.1362	4.99345	0.000615436
13.1107	27.6505	4.99042	0.000625489
10.1383	27.6505	4.99428	0.000631815
15.2052	26.1784	4.98889	0.000614154
17.2998	24.7062	4.98611	0.000603695
18.0114	27.1222	4.98167	0.000612076
14.001	23.9462	4.98982	0.000608222
15.2052	26.1784	4.98889	0.000614154
13.1107	27.6505	4.99042	0.000625489
14.001	23.9462	4.98982	0.000608222
17.2998	24.7062	4.98611	0.000603695
15.2052	26.1784	4.98889	0.000614154
46.6062	33.7485	4.98847	0.000647638
43.6827	37.2565	4.9339	0.000637861
43.5196	33.7485	4.97918	0.000633861
50	40	4.96107	0.000681926
46.8029	37.0605	4.96968	0.000653487
49.9231	36.8646	4.97731	0.000660354
46.8798	40.196	4.93621	0.000720823
43.75	40	4.86732	0.000661265
46.8029	37.0605	4.96968	0.000653487
21.9014	39.3141	0.239052	0.000777255
21.9183	41.7637	4.84972	0.000968293
18.7981	41.9596	0.235141	0.00101799
25	40	4.87127	0.000746226
21.9014	39.3141	0.239052	0.000777255
21.8846	36.8646	4.80713	0.000689293
25	40	4.87127	0.000746226
21.9183	41.7637	4.84972	0.000968293
21.9014	39.3141	0.239052	0.000777255
22.0142	44.8882	4.91002	0.00138916
18.7981	41.9596	0.235141	0.00101799
21.9183	41.7637	4.84972	0.000968293
3.69504	30.482	4.99751	0.000660261
3.40821	33.9432	4.99697	0.000695715
0.68946	30.6708	4.99798	0.000665059
1.22131	27.6505	4.99796	0.000644266
3.69504	30.482	4.99751	0.000660261
0.68946	30.6708	4.99798	0.000665059
6.70061	30.2933	4.99588	0.000654628
6.43263	33.3637	4.9945	0.000684337
3.69504	30.482	4.99751	0.000660261
43.5196	33.7485	4.97918	0.000633861
43.6827	37.2565	4.9339	0.000637861
40.5769	36.8646	4.91359	0.000617038
40.1941	30.6708	4.98932	0.000623055
43.2329	30.6708	4.99237	0.000634039
40.433	33.7485	4.97034	0.00061797
46.6062	33.7485	4.98847	0.000647638
49.6928	33.7485	4.99086	0.000653522
46.8029	37.0605	4.96968	0.000653487
46.2478	30.8632	4.99478	0.000643941
46.6062	33.7485	4.98847	0.000647638
43.5196	33.7485	4.97918	0.000633861
46.2478	30.8632	4.99478	0.000643941
49.3105	30.6708	4.99598	0.000648432
46.6062	33.7485	4.98847	0.000647638
46.8798	40.196	4.93621	0.000720823
46.8029	37.0605	4.96968	0.000653487
50	40	4.96107	0.000681926
9.4375	42.5475	4.98247	0.00108968
6.24038	39.6081	4.99184	0.000822826
9.36058	39.4121	4.97809	0.000820878
9.49534	33.1714	4.98712	0.000677453
9.80591	30.6708	4.99101	0.000652507
12.8447	30.6708	4.98289	0.00064464
12.5385	36.8646	4.93785	0.000732823
9.42308	36.8646	4.97893	0.000740096
12.7112	34.5275	4.96022	0.000687485
6.43263	33.3637	4.9945	0.000684337
6.70061	30.2933	4.99588	0.000654628
9.49534	33.1714	4.98712	0.000677453
4.19365	27.6505	4.9976	0.000640932
4.97956	24.7062	4.99692	0.000626756
7.16598	27.6505	4.99656	0.000636849
1.22131	27.6505	4.99796	0.000644266
4.19365	27.6505	4.9976	0.000640932
3.69504	30.482	4.99751	0.000660261
1.22131	27.6505	4.99796	0.000644266
1.8995	24.7062	4.99745	0.00062994
4.19365	27.6505	4.9976	0.000640932
6.70061	30.2933	4.99588	0.000654628
4.19365	27.6505	4.9976	0.000640932
7.16598	27.6505	4.99656	0.000636849
18.7229	29.5382	4.96435	0.00062239
22.0277	27.6505	4.97246	0.000607328
21.9612	30.6708	4.92468	0.000619771
14.3285	32.6965	4.95986	0.000660065
12.8447	30.6708	4.98289	0.00064464
15.7173	29.727	4.97832	0.000630847
18.6835	32.5943	4.91794	0.000644115
14.3285	32.6965	4.95986	0.000660065
15.7173	29.727	4.97832	0.000630847
15.8122	34.7222	4.90393	0.000679228
12.7112	34.5275	4.96022	0.000687485
14.3285	32.6965	4.95986	0.000660065
18.0114	27.1222	4.98167	0.000612076
20.3799	24.7062	4.97993	0.00059843
22.0277	27.6505	4.97246	0.000607328
3.40821	33.9432	4.99697	0.000695715
3.69504	30.482	4.99751	0.000660261
6.43263	33.3637	4.9945	0.000684337
46.8077	43.1354	4.9129	0.000787681
43.6923	43.1354	0.239562	0.000791184
46.8798	40.196	4.93621	0.000720823
49.9231	43.1354	4.95007	0.000787954
46.8077	43.1354	4.9129	0.000787681
46.8798	40.196	4.93621	0.000720823
46.2717	49.3292	4.95866	0.0013457
49.3105	49.3292	4.96838	0.00126078
48.7787	52.3495	4.96652	0.00204015
43.5196	46.2515	4.8748	0.000977821
46.2717	49.3292	4.95866	0.0013457
43.2329	49.3292	4.93024	0.00145741
40.433	46.2515	4.79553	0.00101011
43.5196	46.2515	4.8748	0.000977821
43.2329	49.3292	4.93024	0.00145741
43.6923	43.1354	0.239562	0.000791184
46.8077	43.1354	4.9129	0.000787681
46.6062	46.2515	4.93368	0.000950595
46.6062	46.2515	4.93368	0.000950595
49.3105	49.3292	4.96838	0.00126078
46.2717	49.3292	4.95866	0.0013457
6.30769	36.8646	4.99208	0.000742036
6.43263	33.3637	4.9945	0.000684337
9.42308	36.8646	4.97893	0.000740096
3.125	40	4.99611	0.000840188
3.19231	36.8646	4.9964	0.000744475
6.24038	39.6081	4.99184	0.000822826
3.40821	33.9432	4.99697	0.000695715
6.43263	33.3637	4.9945	0.000684337
6.30769	36.8646	4.99208	0.000742036
0.307214	33.7485	4.99772	0.000695921
3.40821	33.9432	4.99697	0.000695715
3.19231	36.8646	4.9964	0.000744475
0.307214	33.7485	4.99772	0.000695921
0.68946	30.6708	4.99798	0.000665059
3.40821	33.9432	4.99697	0.000695715
