25	30.6708	4.91106	0.000381316
28.0866	33.7485	3.6903	0.000322385
25.1151	35.3065	0.191154	0.000342526
22.0277	27.6505	4.97233	0.000400194
25	30.6708	4.91106	0.000381316
21.9612	30.6708	4.92229	0.000406594
26.689	28.4246	4.95639	0.000383038
28.269	26.3624	4.95098	0.000375484
30.7452	28.7831	4.94546	0.000375254
25	30.6708	4.91106	0.000381316
26.689	28.4246	4.95639	0.000383038
28.0388	30.6708	4.93003	0.000369143
25.3391	26.1784	4.97158	0.000386384
28.269	26.3624	4.95098	0.000375484
26.689	28.4246	4.95639	0.000383038
28.0388	30.6708	4.93003	0.000369143
30.9343	31.8249	4.94387	0.000375152
28.0866	33.7485	3.6903	0.000322385
22.0277	27.6505	4.97233	0.000400194
26.689	28.4246	4.95639	0.000383038
25	30.6708	4.91106	0.000381316
30.7452	28.7831	4.94546	0.000375254
30.9343	31.8249	4.94387	0.000375152
28.0388	30.6708	4.93003	0.000369143
26.689	28.4246	4.95639	0.000383038
30.7452	28.7831	4.94546	0.000375254
28.0388	30.6708	4.93003	0.000369143
26.1025	23.1861	4.97065	0.000380851
28.269	26.3624	4.95098	0.000375484
25.3391	26.1784	4.97158	0.000386384
29.1279	22.9961	4.95941	0.000373979
32.7002	24.7062	4.95283	0.000374362
31.199	26.5464	0.34344	0.000376952
33.7508	28.5944	4.96456	0.000382555
30.9343	31.8249	4.94387	0.000375152
30.7452	28.7831	4.94546	0.000375254
31.199	26.5464	0.34344	0.000376952
33.7508	28.5944	4.96456	0.000382555
30.7452	28.7831	4.94546	0.000375254
37.4615	36.8646	4.90997	0.000411795
40.433	33.7485	4.96965	0.000408227
40.5769	36.8646	4.91288	0.000415288
36.8893	27.6505	4.98674	0.000395874
37.1553	30.6708	4.98209	0.000398876
33.7508	28.5944	4.96456	0.000382555
36.8893	27.6505	4.98674	0.000395874
39.9888	27.0985	4.99399	0.000405474
40.1941	30.6708	4.98861	0.000407625
34.9506	19.1174	4.97216	0.000384757
34.4425	16.5071	4.93688	0.000379872
37.1403	16.5071	4.94056	0.000381919
38.204	22.4261	4.99031	0.00039574
35.1786	22.6161	4.98244	0.000386377
36.4861	20.8667	4.98197	0.000389218
32.1075	19.1174	4.96754	0.000380494
28.8815	20.2128	4.96348	0.000378013
28.6113	17.5512	4.93713	0.000377571
38.204	22.4261	4.99031	0.00039574
35.7802	24.7062	4.98347	0.000388708
35.1786	22.6161	4.98244	0.000386377
32.7002	24.7062	4.95283	0.000374362
29.1279	22.9961	4.95941	0.000373979
32.4267	21.856	4.97338	0.000378932
45.7731	27.8393	4.99684	0.000416126
48.1005	24.7062	4.99739	0.000412572
48.7787	27.6505	4.99738	0.00041829
38.8603	24.7062	4.99325	0.000400359
41.2294	22.236	4.99264	0.000400379
41.9404	24.7062	4.99572	0.000406199
38.8603	24.7062	4.99325	0.000400359
38.204	22.4261	4.99031	0.00039574
41.2294	22.236	4.99264	0.000400379
36.8893	27.6505	4.98674	0.000395874
38.8603	24.7062	4.99325	0.000400359
39.9888	27.0985	4.99399	0.000405474
35.7802	24.7062	4.98347	0.000388708
38.204	22.4261	4.99031	0.00039574
38.8603	24.7062	4.99325	0.000400359
33.7508	28.5944	4.96456	0.000382555
35.7802	24.7062	4.98347	0.000388708
36.8893	27.6505	4.98674	0.000395874
32.7002	24.7062	4.95283	0.000374362
32.4267	21.856	4.97338	0.000378932
35.1786	22.6161	4.98244	0.000386377
37.7936	19.1174	4.97538	0.000388439
40.5089	19.4825	4.98267	0.000392813
38.204	22.4261	4.99031	0.00039574
35.1786	22.6161	4.98244	0.000386377
32.4267	21.856	4.97338	0.000378932
34.9506	19.1174	4.97216	0.000384757
36.4861	20.8667	4.98197	0.000389218
35.1786	22.6161	4.98244	0.000386377
34.9506	19.1174	4.97216	0.000384757
37.7936	19.1174	4.97538	0.000388439
36.4861	20.8667	4.98197	0.000389218
34.9506	19.1174	4.97216	0.000384757
37.7936	19.1174	4.97538	0.000388439
38.204	22.4261	4.99031	0.00039574
36.4861	20.8667	4.98197	0.000389218
35.7802	24.7062	4.98347	0.000388708
32.7002	24.7062	4.95283	0.000374362
35.1786	22.6161	4.98244	0.000386377
33.7508	28.5944	4.96456	0.000382555
32.7002	24.7062	4.95283	0.000374362
35.7802	24.7062	4.98347	0.000388708
29.1279	22.9961	4.95941	0.000373979
28.8815	20.2128	4.96348	0.000378013
32.4267	21.856	4.97338	0.000378932
37.1403	16.5071	4.94056	0.000381919
39.693	16.8552	4.95715	0.000385
37.7936	19.1174	4.97538	0.000388439
44.3095	21.856	4.99394	0.000403025
47.2801	21.856	4.99537	0.000405736
45.0204	24.7062	4.99681	0.000410014
41.9404	24.7062	4.99572	0.000406199
44.3095	21.856	4.99394	0.000403025
45.0204	24.7062	4.99681	0.000410014
43.4158	19.3	4.98655	0.000395608
46.3226	19.1174	4.98977	0.000398195
44.3095	21.856	4.99394	0.000403025
28.0866	46.2515	4.89267	0.00137886
31.0776	49.3292	4.84223	0.0026938
28.0388	49.3292	4.90165	0.00308388
25	43.1354	4.90688	0.000804616
28.1154	43.1354	4.85695	0.000782801
28.0866	46.2515	4.89267	0.00137886
37.3464	46.2515	0.158929	0.00091461
34.3294	43.6157	0.132729	0.000703095
37.5191	43.9145	0.142623	0.000658716
31.226	43.7137	0.187397	0.000795417
31.2788	41.1758	0.182132	0.000580993
34.3294	43.6157	0.132729	0.000703095
28.0866	46.2515	4.89267	0.00137886
31.226	43.7137	0.187397	0.000795417
31.1732	46.2515	4.78121	0.00127282
28.1154	43.1354	4.85695	0.000782801
31.2788	41.1758	0.182132	0.000580993
31.226	43.7137	0.187397	0.000795417
25	46.2515	4.92688	0.00142801
25	43.1354	4.90688	0.000804616
28.0866	46.2515	4.89267	0.00137886
28.125	40	4.82393	0.000498211
31.2788	41.1758	0.182132	0.000580993
28.1154	43.1354	4.85695	0.000782801
28.125	40	4.82393	0.000498211
31.2019	38.0404	0.228161	0.000428224
31.2788	41.1758	0.182132	0.000580993
31.2019	38.0404	0.228161	0.000428224
34.399	40.9798	0.16912	0.000539755
31.2788	41.1758	0.182132	0.000580993
28.0866	33.7485	3.6903	0.000322385
31.3171	35.696	4.87248	0.000382767
28.1154	36.8646	3.4913	0.00035128
37.3464	33.7485	4.96354	0.000402019
37.1553	30.6708	4.98209	0.000398876
40.1941	30.6708	4.98861	0.000407625
37.4615	36.8646	4.90997	0.000411795
37.3464	33.7485	4.96354	0.000402019
40.433	33.7485	4.96965	0.000408227
37.4615	36.8646	4.90997	0.000411795
34.3221	37.8444	4.84495	0.000423497
34.1596	34.7385	4.93753	0.000398951
34.1596	34.7385	4.93753	0.000398951
33.997	31.6326	4.96659	0.000390339
37.3464	33.7485	4.96354	0.000402019
31.3171	35.696	4.87248	0.000382767
34.1596	34.7385	4.93753	0.000398951
34.3221	37.8444	4.84495	0.000423497
31.3171	35.696	4.87248	0.000382767
30.9343	31.8249	4.94387	0.000375152
34.1596	34.7385	4.93753	0.000398951
30.9343	31.8249	4.94387	0.000375152
33.7508	28.5944	4.96456	0.000382555
33.997	31.6326	4.96659	0.000390339
40.433	46.2515	4.79374	0.000783664
40.6201	43.7197	0.18562	0.000602865
43.5196	46.2515	4.87354	0.000738838
46.8029	37.0605	4.96865	0.000431627
43.75	40	4.8665	0.000451686
43.6827	37.2565	4.93302	0.000425955
49.9231	43.1354	4.94911	0.000545746
46.8798	40.196	4.93524	0.000485998
50	40	4.95999	0.00045708
49.9231	43.1354	4.94911	0.000545746
49.6928	46.2515	4.95715	0.00068094
46.8077	43.1354	4.912	0.000549951
25	43.1354	4.90688	0.000804616
25	46.2515	4.92688	0.00142801
22.0142	44.8882	4.90904	0.00117671
25	40	4.85647	0.000511388
25	43.1354	4.90688	0.000804616
21.9183	41.7637	4.84798	0.000722321
25	40	4.85647	0.000511388
28.1154	43.1354	4.85695	0.000782801
25	43.1354	4.90688	0.000804616
31.2019	38.0404	0.228161	0.000428224
28.125	40	4.82393	0.000498211
28.1154	36.8646	3.4913	0.00035128
28.1154	43.1354	4.85695	0.000782801
31.226	43.7137	0.187397	0.000795417
28.0866	46.2515	4.89267	0.00137886
18.7981	41.9596	0.233953	0.000750302
15.601	39.0202	0.243871	0.00056253
18.7212	38.8242	0.207223	0.000544914
17.2523	44.2036	4.89531	0.00111826
15.7402	46.2515	4.95111	0.00170985
14.1489	44.3016	4.94864	0.00113527
18.7981	41.9596	0.233953	0.000750302
17.2523	44.2036	4.89531	0.00111826
15.6779	42.1556	4.87778	0.000805472
18.8268	46.2515	4.92689	0.00157819
15.7402	46.2515	4.95111	0.00170985
17.2523	44.2036	4.89531	0.00111826
21.7462	47.598	4.91856	0.00224257
18.8268	46.2515	4.92689	0.00157819
22.0142	44.8882	4.90904	0.00117671
21.7462	47.598	4.91856	0.00224257
18.9224	49.3292	4.93212	0.00357694
18.8268	46.2515	4.92689	0.00157819
15.6779	42.1556	4.87778	0.000805472
15.601	39.0202	0.243871	0.00056253
18.7981	41.9596	0.233953	0.000750302
18.8268	46.2515	4.92689	0.00157819
17.2523	44.2036	4.89531	0.00111826
18.7981	41.9596	0.233953	0.000750302
14.1489	44.3016	4.94864	0.00113527
12.6536	46.2515	4.97418	0.00156004
12.5577	42.3516	4.95339	0.000805039
15.6779	42.1556	4.87778	0.000805472
14.1489	44.3016	4.94864	0.00113527
12.5577	42.3516	4.95339	0.000805039
15.7402	46.2515	4.95111	0.00170985
12.6536	46.2515	4.97418	0.00156004
14.1489	44.3016	4.94864	0.00113527
12.7118	50.0843	4.97615	0.00432433
12.6536	46.2515	4.97418	0.00156004
15.8835	49.3292	4.96361	0.00356133
16.083	52.3495	4.95347	0.00879823
13.1107	52.3495	4.96538	0.00828138
15.8835	49.3292	4.96361	0.00356133
18.9224	49.3292	4.93212	0.00357694
16.083	52.3495	4.95347	0.00879823
15.8835	49.3292	4.96361	0.00356133
13.1107	52.3495	4.96538	0.00828138
10.6893	54.7417	4.93983	0.0155437
10.1383	52.3495	4.97001	0.00749663
15.8835	49.3292	4.96361	0.00356133
13.1107	52.3495	4.96538	0.00828138
12.7118	50.0843	4.97615	0.00432433
14.2198	55.2938	4.92338	0.0217229
10.6893	54.7417	4.93983	0.0155437
13.1107	52.3495	4.96538	0.00828138
17.0264	56.2438	4.8965	0.0314598
14.2198	55.2938	4.92338	0.0217229
16.083	52.3495	4.95347	0.00879823
17.2808	59.0298	4.76978	0.0783088
17.5295	61.7527	0.0935957	4.66162
15.0494	60.8826	0.117849	0.106096
17.0264	56.2438	4.8965	0.0314598
17.2808	59.0298	4.76978	0.0783088
14.6026	58.144	4.81302	0.0536195
17.0264	56.2438	4.8965	0.0314598
20.0518	56.4338	4.87672	0.0344087
17.2808	59.0298	4.76978	0.0783088
7.16598	52.3495	4.97311	0.00679951
8.05963	55.2938	4.93071	0.0164835
4.92487	55.4838	4.93475	0.0170534
6.76709	49.3292	4.98802	0.00294667
7.16598	52.3495	4.97311	0.00679951
4.19365	52.3495	4.97646	0.00634588
10.1383	52.3495	4.97001	0.00749663
8.05963	55.2938	4.93071	0.0164835
7.16598	52.3495	4.97311	0.00679951
12.7118	50.0843	4.97615	0.00432433
10.1383	52.3495	4.97001	0.00749663
9.70619	49.8955	4.98273	0.00372133
10.6893	54.7417	4.93983	0.0155437
8.05963	55.2938	4.93071	0.0164835
10.1383	52.3495	4.97001	0.00749663
12.5577	42.3516	4.95339	0.000805039
12.5	40	4.93232	0.000597623
15.6779	42.1556	4.87778	0.000805472
9.61019	45.6673	4.98771	0.00129903
12.5577	42.3516	4.95339	0.000805039
12.6536	46.2515	4.97418	0.00156004
9.61019	45.6673	4.98771	0.00129903
6.31731	42.7435	4.99277	0.000803511
9.4375	42.5475	4.98255	0.000817618
-3.10282e-28	40	4.99732	0.00062344
3.125	40	4.99634	0.000588859
3.19711	42.9395	4.99599	0.000820731
-3.10282e-28	40	4.99732	0.00062344
0.076922	36.8646	4.99764	0.000502463
3.125	40	4.99634	0.000588859
46.6062	46.2515	4.93282	0.000704202
46.2717	49.3292	4.95772	0.00108739
43.5196	46.2515	4.87354	0.000738838
43.6923	43.1354	0.238966	0.000560836
46.6062	46.2515	4.93282	0.000704202
43.5196	46.2515	4.87354	0.000738838
49.6928	46.2515	4.95715	0.00068094
49.3105	49.3292	4.96765	0.00100157
46.6062	46.2515	4.93282	0.000704202
27.4517	72.3429	0.00306726	0.0238707
25	72.3429	0.0031204	0.0295051
27.0253	69.2491	0.00709582	0.0556547
24.7277	76.3587	0.00133702	0.0100337
26.189	74.0896	0.00205179	0.016467
27.2733	75.6267	0.00150924	0.0104147
24.7277	76.3587	0.00133702	0.0100337
23.0327	74.7883	0.00184097	0.0170172
26.189	74.0896	0.00205179	0.016467
23.0339	79.8761	0.00102763	0.00677423
21.0802	79.5053	0.0011313	0.00782521
21.6827	78.0345	0.00117049	0.0083707
19.6759	76.9444	0.00140235	0.0102657
19.0551	74.0896	0.00240132	0.0207743
21.4331	74.0896	0.0022266	0.0219643
19.6759	76.9444	0.00140235	0.0102657
18.1801	75.6267	0.0018806	0.0140281
19.0551	74.0896	0.00240132	0.0207743
21.4331	74.0896	0.0022266	0.0219643
23.0327	74.7883	0.00184097	0.0170172
22.3999	76.5052	0.00138021	0.0111128
20.0967	72.3429	0.00355299	0.0384289
22.5483	72.3429	0.00334025	0.0391746
21.4331	74.0896	0.0022266	0.0219643
16.5527	73.7985	0.00281701	0.0193586
17.645	72.3429	0.0037886	0.0292924
19.0551	74.0896	0.00240132	0.0207743
19.193	69.7412	0.00765384	0.0740761
21.8037	69.5771	0.00726566	4.51029
20.0967	72.3429	0.00355299	0.0384289
21.8037	69.5771	0.00726566	4.51029
23.75	70.3973	0.00559668	0.0596802
22.5483	72.3429	0.00334025	0.0391746
21.6827	78.0345	0.00117049	0.0083707
19.1515	78.89	0.00126344	0.00874482
19.6759	76.9444	0.00140235	0.0102657
22.3999	76.5052	0.00138021	0.0111128
19.6759	76.9444	0.00140235	0.0102657
21.4331	74.0896	0.0022266	0.0219643
22.3999	76.5052	0.00138021	0.0111128
21.6827	78.0345	0.00117049	0.0083707
19.6759	76.9444	0.00140235	0.0102657
24.7277	76.3587	0.00133702	0.0100337
22.3999	76.5052	0.00138021	0.0111128
23.0327	74.7883	0.00184097	0.0170172
24.7277	76.3587	0.00133702	0.0100337
24.9752	78.5234	0.00105348	0.00680427
23.329	78.279	0.00109873	0.00757532
21.0802	79.5053	0.0011313	0.00782521
19.1515	78.89	0.00126344	0.00874482
21.6827	78.0345	0.00117049	0.0083707
25	80	0.00101145	0.00634552
24.9752	78.5234	0.00105348	0.00680427
26.9661	79.8761	0.00100114	0.00582559
19.6759	76.9444	0.00140235	0.0102657
19.1515	78.89	0.00126344	0.00874482
17.2597	78.0345	0.00151626	0.0102964
28.3173	78.0345	0.00111256	0.00640855
30.8485	78.89	0.00119309	0.00627086
28.9198	79.5053	0.00107929	0.00600128
18.1801	75.6267	0.0018806	0.0140281
19.6759	76.9444	0.00140235	0.0102657
17.2597	78.0345	0.00151626	0.0102964
15.4167	76.9444	0.00189271	0.0120477
18.1801	75.6267	0.0018806	0.0140281
17.2597	78.0345	0.00151626	0.0102964
23.0327	74.7883	0.00184097	0.0170172
21.4331	74.0896	0.0022266	0.0219643
22.5483	72.3429	0.00334025	0.0391746
15.4167	76.9444	0.00189271	0.0120477
16.5527	73.7985	0.00281701	0.0193586
18.1801	75.6267	0.0018806	0.0140281
20.0967	72.3429	0.00355299	0.0384289
21.8037	69.5771	0.00726566	4.51029
22.5483	72.3429	0.00334025	0.0391746
15.4167	76.9444	0.00189271	0.0120477
13.6336	75.6267	0.0027709	0.0166024
14.237	73.9441	0.00319565	0.0192301
29.3832	76.0659	0.00143352	0.00861897
31.3712	77.1646	0.00136346	0.00722867
28.3173	78.0345	0.00111256	0.00640855
31.9219	75.3472	0.00173397	0.00945037
34.5833	76.9444	0.00169715	0.0081529
32.7403	78.0345	0.00137421	0.00692165
14.237	73.9441	0.00319565	0.0192301
11.9212	74.0896	0.00396533	0.0223545
12.7417	72.3429	0.00480945	0.0270103
11.25	70.3973	0.00809726	0.0439879
12.7417	72.3429	0.00480945	0.0270103
10.2901	72.3429	0.00621756	0.0338447
17.645	72.3429	0.0037886	0.0292924
16.5527	73.7985	0.00281701	0.0193586
15.1934	72.3429	0.00415415	0.0259367
19.193	69.7412	0.00765384	0.0740761
17.645	72.3429	0.0037886	0.0292924
16.25	70.3973	0.0066422	0.0437139
20.0967	72.3429	0.00355299	0.0384289
19.0551	74.0896	0.00240132	0.0207743
17.645	72.3429	0.0037886	0.0292924
19.0551	74.0896	0.00240132	0.0207743
18.1801	75.6267	0.0018806	0.0140281
16.5527	73.7985	0.00281701	0.0193586
32.355	72.3429	0.00313024	0.0185257
34.8066	72.3429	0.00348592	0.0175037
33.3228	74.0896	0.00226776	0.0119056
33.3228	74.0896	0.00226776	0.0119056
31.9219	75.3472	0.00173397	0.00945037
30.9297	73.8705	0.0021833	0.0134325
35.7008	74.0896	0.00269417	0.0127158
33.3228	74.0896	0.00226776	0.0119056
34.8066	72.3429	0.00348592	0.0175037
34.5833	76.9444	0.00169715	0.0081529
31.9219	75.3472	0.00173397	0.00945037
33.3228	74.0896	0.00226776	0.0119056
17.4187	68.2649	0.0122022	0.0900565
14.8915	68.2649	0.0120457	0.0742832
16.8484	65.9587	0.0238541	4.63436
16.25	70.3973	0.0066422	0.0437139
13.513	70.6966	0.00656086	0.0370596
14.8915	68.2649	0.0120457	0.0742832
19.193	69.7412	0.00765384	0.0740761
16.25	70.3973	0.0066422	0.0437139
17.4187	68.2649	0.0122022	0.0900565
15.1934	72.3429	0.00415415	0.0259367
14.237	73.9441	0.00319565	0.0192301
12.7417	72.3429	0.00480945	0.0270103
17.645	72.3429	0.0037886	0.0292924
15.1934	72.3429	0.00415415	0.0259367
16.25	70.3973	0.0066422	0.0437139
16.5527	73.7985	0.00281701	0.0193586
14.237	73.9441	0.00319565	0.0192301
15.1934	72.3429	0.00415415	0.0259367
12.7417	72.3429	0.00480945	0.0270103
11.25	70.3973	0.00809726	0.0439879
13.513	70.6966	0.00656086	0.0370596
8.74996	70.3973	0.010414	0.0569268
11.25	70.3973	0.00809726	0.0439879
10.2901	72.3429	0.00621756	0.0338447
12.3644	68.2649	0.0128767	0.0726157
13.846	66.4528	0.0207046	0.102704
14.8915	68.2649	0.0120457	0.0742832
9.83732	68.2649	0.0146107	0.0864533
12.3644	68.2649	0.0128767	0.0726157
11.25	70.3973	0.00809726	0.0439879
9.83732	68.2649	0.0146107	0.0864533
11.414	65.9587	0.0253478	4.55522
12.3644	68.2649	0.0128767	0.0726157
9.83732	68.2649	0.0146107	0.0864533
11.25	70.3973	0.00809726	0.0439879
8.74996	70.3973	0.010414	0.0569268
14.8915	68.2649	0.0120457	0.0742832
13.513	70.6966	0.00656086	0.0370596
12.3644	68.2649	0.0128767	0.0726157
15.1934	72.3429	0.00415415	0.0259367
12.7417	72.3429	0.00480945	0.0270103
13.513	70.6966	0.00656086	0.0370596
15.4167	76.9444	0.00189271	0.0120477
14.237	73.9441	0.00319565	0.0192301
16.5527	73.7985	0.00281701	0.0193586
13.6336	75.6267	0.0027709	0.0166024
11.9212	74.0896	0.00396533	0.0223545
14.237	73.9441	0.00319565	0.0192301
11.9212	74.0896	0.00396533	0.0223545
10.2901	72.3429	0.00621756	0.0338447
12.7417	72.3429	0.00480945	0.0270103
7.31021	68.2649	0.0185638	0.10866
9.83732	68.2649	0.0146107	0.0864533
8.74996	70.3973	0.010414	0.0569268
7.31021	68.2649	0.0185638	0.10866
5.97957	65.9587	0.0358206	4.64167
8.78345	65.7825	0.0295209	4.61101
28.3173	78.0345	0.00111256	0.00640855
28.9198	79.5053	0.00107929	0.00600128
26.9661	79.8761	0.00100114	0.00582559
31.3712	77.1646	0.00136346	0.00722867
31.9219	75.3472	0.00173397	0.00945037
32.7403	78.0345	0.00137421	0.00692165
28.3173	78.0345	0.00111256	0.00640855
31.3712	77.1646	0.00136346	0.00722867
30.8485	78.89	0.00119309	0.00627086
29.3832	76.0659	0.00143352	0.00861897
31.9219	75.3472	0.00173397	0.00945037
31.3712	77.1646	0.00136346	0.00722867
27.2733	75.6267	0.00150924	0.0104147
29.3832	76.0659	0.00143352	0.00861897
28.3173	78.0345	0.00111256	0.00640855
28.5669	74.0896	0.00203886	0.0141207
29.9033	72.3429	0.00304422	0.0214569
30.9297	73.8705	0.0021833	0.0134325
27.2733	75.6267	0.00150924	0.0104147
28.5669	74.0896	0.00203886	0.0141207
29.3832	76.0659	0.00143352	0.00861897
27.2733	75.6267	0.00150924	0.0104147
26.189	74.0896	0.00205179	0.016467
28.5669	74.0896	0.00203886	0.0141207
26.2439	77.6257	0.00113635	0.00731593
27.2733	75.6267	0.00150924	0.0104147
28.3173	78.0345	0.00111256	0.00640855
26.9661	79.8761	0.00100114	0.00582559
26.2439	77.6257	0.00113635	0.00731593
28.3173	78.0345	0.00111256	0.00640855
24.9752	78.5234	0.00105348	0.00680427
24.7277	76.3587	0.00133702	0.0100337
26.2439	77.6257	0.00113635	0.00731593
31.0572	70.658	0.00461361	0.0330255
30.0542	68.2649	0.00906315	4.40109
32.2468	68.921	0.00724948	0.0447178
31.0572	70.658	0.00461361	0.0330255
28.75	70.3973	0.00510914	0.040387
30.0542	68.2649	0.00906315	4.40109
33.75	70.3973	0.00520258	0.0269962
31.0572	70.658	0.00461361	0.0330255
32.2468	68.921	0.00724948	0.0447178
29.9033	72.3429	0.00304422	0.0214569
28.75	70.3973	0.00510914	0.040387
31.0572	70.658	0.00461361	0.0330255
30.9297	73.8705	0.0021833	0.0134325
29.9033	72.3429	0.00304422	0.0214569
32.355	72.3429	0.00313024	0.0185257
33.3228	74.0896	0.00226776	0.0119056
30.9297	73.8705	0.0021833	0.0134325
32.355	72.3429	0.00313024	0.0185257
31.9219	75.3472	0.00173397	0.00945037
29.3832	76.0659	0.00143352	0.00861897
30.9297	73.8705	0.0021833	0.0134325
28.5669	74.0896	0.00203886	0.0141207
26.189	74.0896	0.00205179	0.016467
27.4517	72.3429	0.00306726	0.0238707
25	72.3429	0.0031204	0.0295051
23.75	70.3973	0.00559668	0.0596802
27.0253	69.2491	0.00709582	0.0556547
26.9661	79.8761	0.00100114	0.00582559
24.9752	78.5234	0.00105348	0.00680427
26.2439	77.6257	0.00113635	0.00731593
27.0253	69.2491	0.00709582	0.0556547
24.3347	67.1118	0.0146059	0.113812
26.9568	67.2765	0.0127251	0.0821184
19.0904	66.7823	0.0189741	0.137324
19.999	65.078	0.0335147	4.68966
22.2828	65.9587	0.0222986	4.66518
17.4187	68.2649	0.0122022	0.0900565
19.0904	66.7823	0.0189741	0.137324
19.193	69.7412	0.00765384	0.0740761
17.4187	68.2649	0.0122022	0.0900565
16.8484	65.9587	0.0238541	4.63436
19.0904	66.7823	0.0189741	0.137324
27.4517	72.3429	0.00306726	0.0238707
28.75	70.3973	0.00510914	0.040387
29.9033	72.3429	0.00304422	0.0214569
28.5669	74.0896	0.00203886	0.0141207
27.4517	72.3429	0.00306726	0.0238707
29.9033	72.3429	0.00304422	0.0214569
26.189	74.0896	0.00205179	0.016467
25	72.3429	0.0031204	0.0295051
27.4517	72.3429	0.00306726	0.0238707
27.0253	69.2491	0.00709582	0.0556547
26.9568	67.2765	0.0127251	0.0821184
30.0542	68.2649	0.00906315	4.40109
27.4517	72.3429	0.00306726	0.0238707
27.0253	69.2491	0.00709582	0.0556547
28.75	70.3973	0.00510914	0.040387
23.75	70.3973	0.00559668	0.0596802
24.3347	67.1118	0.0146059	0.113812
27.0253	69.2491	0.00709582	0.0556547
34.8233	67.7707	0.0110236	0.0466112
37.4455	67.9354	0.0122641	4.34353
36.25	70.3973	0.00593619	0.0302845
31.3712	77.1646	0.00136346	0.00722867
32.7403	78.0345	0.00137421	0.00692165
30.8485	78.89	0.00119309	0.00627086
23.329	78.279	0.00109873	0.00757532
22.3999	76.5052	0.00138021	0.0111128
24.7277	76.3587	0.00133702	0.0100337
23.0339	79.8761	0.00102763	0.00677423
23.329	78.279	0.00109873	0.00757532
24.9752	78.5234	0.00105348	0.00680427
21.6827	78.0345	0.00117049	0.0083707
22.3999	76.5052	0.00138021	0.0111128
23.329	78.279	0.00109873	0.00757532
21.6827	78.0345	0.00117049	0.0083707
23.329	78.279	0.00109873	0.00757532
23.0339	79.8761	0.00102763	0.00677423
25	72.3429	0.0031204	0.0295051
26.189	74.0896	0.00205179	0.016467
23.0327	74.7883	0.00184097	0.0170172
27.2733	75.6267	0.00150924	0.0104147
26.2439	77.6257	0.00113635	0.00731593
24.7277	76.3587	0.00133702	0.0100337
25	80	0.00101145	0.00634552
23.0339	79.8761	0.00102763	0.00677423
24.9752	78.5234	0.00105348	0.00680427
35.7008	74.0896	0.00269417	0.0127158
37.3942	72.4885	0.00415126	0.0186344
38.0788	74.0896	0.00349693	0.0154214
34.5833	76.9444	0.00169715	0.0081529
35.7008	74.0896	0.00269417	0.0127158
36.3664	75.6267	0.00242123	0.0112753
34.8066	72.3429	0.00348592	0.0175037
37.3942	72.4885	0.00415126	0.0186344
35.7008	74.0896	0.00269417	0.0127158
34.5833	76.9444	0.00169715	0.0081529
33.3228	74.0896	0.00226776	0.0119056
35.7008	74.0896	0.00269417	0.0127158
33.75	70.3973	0.00520258	0.0269962
36.25	70.3973	0.00593619	0.0302845
34.8066	72.3429	0.00348592	0.0175037
35.7008	74.0896	0.00269417	0.0127158
38.0788	74.0896	0.00349693	0.0154214
36.3664	75.6267	0.00242123	0.0112753
37.4455	67.9354	0.0122641	4.34353
38.75	70.3973	0.00723121	0.0302699
36.25	70.3973	0.00593619	0.0302845
39.7099	72.3429	0.00559033	0.0220698
38.0788	74.0896	0.00349693	0.0154214
37.3942	72.4885	0.00415126	0.0186344
36.25	70.3973	0.00593619	0.0302845
33.75	70.3973	0.00520258	0.0269962
34.8233	67.7707	0.0110236	0.0466112
37.3942	72.4885	0.00415126	0.0186344
36.25	70.3973	0.00593619	0.0302845
38.75	70.3973	0.00723121	0.0302699
37.3942	72.4885	0.00415126	0.0186344
34.8066	72.3429	0.00348592	0.0175037
36.25	70.3973	0.00593619	0.0302845
15.5575	63.4929	0.0555109	4.62699
16.8484	65.9587	0.0238541	4.63436
13.846	66.4528	0.0207046	0.102704
11.414	65.9587	0.0253478	4.55522
12.8597	63.4929	0.0511129	0.112732
13.846	66.4528	0.0207046	0.102704
15.0494	60.8826	0.117849	0.106096
17.5295	61.7527	0.0935957	4.66162
15.5575	63.4929	0.0555109	4.62699
15.5575	63.4929	0.0555109	4.62699
17.5295	61.7527	0.0935957	4.66162
16.8484	65.9587	0.0238541	4.63436
11.6319	58.144	4.81095	0.0480639
14.6026	58.144	4.81302	0.0536195
12.3979	60.3349	0.134382	4.47558
14.6026	58.144	4.81302	0.0536195
17.2808	59.0298	4.76978	0.0783088
15.0494	60.8826	0.117849	0.106096
20.363	63.0044	0.0659353	4.6865
19.999	65.078	0.0335147	4.68966
17.5295	61.7527	0.0935957	4.66162
20.7355	60.8826	0.126301	4.6046
20.363	63.0044	0.0659353	4.6865
17.5295	61.7527	0.0935957	4.66162
20.7355	60.8826	0.126301	4.6046
23.0704	62.1007	0.081142	0.136887
20.363	63.0044	0.0659353	4.6865
11.6319	58.144	4.81095	0.0480639
10.6893	54.7417	4.93983	0.0155437
14.2198	55.2938	4.92338	0.0217229
9.3634	60.8826	0.117953	0.0787862
11.6319	58.144	4.81095	0.0480639
12.3979	60.3349	0.134382	4.47558
8.66123	58.144	4.81885	0.0374271
10.6893	54.7417	4.93983	0.0155437
11.6319	58.144	4.81095	0.0480639
5.69054	58.144	4.83407	0.0403498
4.92487	55.4838	4.93475	0.0170534
8.05963	55.2938	4.93071	0.0164835
6.4478	61.0566	0.121588	0.0814439
5.69054	58.144	4.83407	0.0403498
8.66123	58.144	4.81885	0.0374271
3.67737	60.8826	0.152824	4.45454
2.71986	58.144	4.86747	0.0378813
5.69054	58.144	4.83407	0.0403498
36.8222	64.0212	0.0362717	0.0479318
39.6261	63.8451	0.0440532	0.0407072
38.586	65.9587	0.0223985	0.0443948
34.1521	62.7968	0.0470853	4.44335
36.8222	64.0212	0.0362717	0.0479318
35.8688	65.9587	0.0192169	0.0534388
37.7936	60.8826	0.104708	0.0280531
39.6261	63.8451	0.0440532	0.0407072
36.8222	64.0212	0.0362717	0.0479318
38.75	70.3973	0.00723121	0.0302699
40.1627	68.2649	0.0134844	0.0374057
41.25	70.3973	0.00960563	0.0272253
37.3942	72.4885	0.00415126	0.0186344
38.75	70.3973	0.00723121	0.0302699
39.7099	72.3429	0.00559033	0.0220698
37.4455	67.9354	0.0122641	4.34353
40.1627	68.2649	0.0134844	0.0374057
38.75	70.3973	0.00723121	0.0302699
35.8688	65.9587	0.0192169	0.0534388
37.4455	67.9354	0.0122641	4.34353
34.8233	67.7707	0.0110236	0.0466112
33.1516	65.9587	0.0170267	0.0649357
35.8688	65.9587	0.0192169	0.0534388
34.8233	67.7707	0.0110236	0.0466112
34.1521	62.7968	0.0470853	4.44335
34.9506	60.8826	0.0839733	0.052071
36.8222	64.0212	0.0362717	0.0479318
38.75	70.3973	0.00723121	0.0302699
41.25	70.3973	0.00960563	0.0272253
39.7099	72.3429	0.00559033	0.0220698
38.586	65.9587	0.0223985	0.0443948
40.1627	68.2649	0.0134844	0.0374057
37.4455	67.9354	0.0122641	4.34353
41.3032	65.9587	0.0265311	0.0421627
42.6898	68.2649	0.0176029	0.0338378
40.1627	68.2649	0.0134844	0.0374057
41.3032	65.9587	0.0265311	0.0421627
44.0204	65.9587	0.0340463	0.0479262
42.6898	68.2649	0.0176029	0.0338378
41.25	70.3973	0.00960563	0.0272253
40.1627	68.2649	0.0134844	0.0374057
42.6898	68.2649	0.0176029	0.0338378
36.8222	64.0212	0.0362717	0.0479318
34.9506	60.8826	0.0839733	0.052071
37.7936	60.8826	0.104708	0.0280531
2.71986	58.144	4.86747	0.0378813
4.92487	55.4838	4.93475	0.0170534
5.69054	58.144	4.83407	0.0403498
8.66123	58.144	4.81885	0.0374271
8.05963	55.2938	4.93071	0.0164835
10.6893	54.7417	4.93983	0.0155437
6.4478	61.0566	0.121588	0.0814439
8.66123	58.144	4.81885	0.0374271
9.3634	60.8826	0.117953	0.0787862
5.69054	58.144	4.83407	0.0403498
8.05963	55.2938	4.93071	0.0164835
8.66123	58.144	4.81885	0.0374271
1.8995	55.2938	4.95011	0.013948
4.92487	55.4838	4.93475	0.0170534
2.71986	58.144	4.86747	0.0378813
1.8995	55.2938	4.95011	0.013948
1.22131	52.3495	4.98002	0.00559607
4.19365	52.3495	4.97646	0.00634588
41.3032	65.9587	0.0265311	0.0421627
42.43	63.669	0.0538109	4.34926
44.0204	65.9587	0.0340463	0.0479262
43.4796	60.8826	0.123701	0.0288359
40.6366	60.8826	0.115314	0.0289532
41.4664	58.5091	4.78857	0.0139121
45.2338	63.4929	0.0690493	0.0442006
43.4796	60.8826	0.123701	0.0288359
46.3226	60.8826	0.146058	0.0200355
42.43	63.669	0.0538109	4.34926
40.6366	60.8826	0.115314	0.0289532
43.4796	60.8826	0.123701	0.0288359
41.4664	58.5091	4.78857	0.0139121
38.5596	58.6917	4.75478	0.0165305
38.8603	55.2938	4.88732	0.00645498
46.3226	60.8826	0.146058	0.0200355
43.4796	60.8826	0.123701	0.0288359
44.2548	57.954	4.83304	0.0102915
42.43	63.669	0.0538109	4.34926
39.6261	63.8451	0.0440532	0.0407072
40.6366	60.8826	0.115314	0.0289532
44.0204	65.9587	0.0340463	0.0479262
42.43	63.669	0.0538109	4.34926
45.2338	63.4929	0.0690493	0.0442006
36.8222	64.0212	0.0362717	0.0479318
38.586	65.9587	0.0223985	0.0443948
35.8688	65.9587	0.0192169	0.0534388
40.6366	60.8826	0.115314	0.0289532
39.6261	63.8451	0.0440532	0.0407072
37.7936	60.8826	0.104708	0.0280531
38.586	65.9587	0.0223985	0.0443948
37.4455	67.9354	0.0122641	4.34353
35.8688	65.9587	0.0192169	0.0534388
41.3032	65.9587	0.0265311	0.0421627
38.586	65.9587	0.0223985	0.0443948
39.6261	63.8451	0.0440532	0.0407072
41.3032	65.9587	0.0265311	0.0421627
40.1627	68.2649	0.0134844	0.0374057
38.586	65.9587	0.0223985	0.0443948
32.2468	68.921	0.00724948	0.0447178
30.4344	65.9587	0.0166093	0.0765409
33.1516	65.9587	0.0170267	0.0649357
21.7285	50.6506	0.30132	0.0055222
19.0553	52.3495	4.92328	0.00884598
18.9224	49.3292	4.93212	0.00357694
21.7462	47.598	4.91856	0.00224257
21.7285	50.6506	0.30132	0.0055222
18.9224	49.3292	4.93212	0.00357694
15.8835	49.3292	4.96361	0.00356133
18.8268	46.2515	4.92689	0.00157819
18.9224	49.3292	4.93212	0.00357694
22.0142	44.8882	4.90904	0.00117671
25	46.2515	4.92688	0.00142801
21.7462	47.598	4.91856	0.00224257
24.7341	50.8393	4.88408	0.00527187
22.4091	54.0056	4.86622	0.0151982
21.7285	50.6506	0.30132	0.0055222
26.54	55.2938	0.226463	0.0213496
26.4853	58.144	4.71495	0.0520848
23.0771	56.6239	4.83292	0.0335551
30.9447	52.3495	4.86017	0.00607651
29.6201	55.2938	4.79317	0.0157344
27.9723	52.3495	4.8621	0.00740854
26.4853	58.144	4.71495	0.0520848
26.4215	60.8826	0.096535	4.53172
24.0253	59.6046	4.69493	0.0812787
29.6201	55.2938	4.79317	0.0157344
26.4853	58.144	4.71495	0.0520848
26.54	55.2938	0.226463	0.0213496
29.6201	55.2938	4.79317	0.0157344
32.1533	57.1939	0.166606	0.0258268
29.839	59.2394	0.112133	0.0569187
17.2808	59.0298	4.76978	0.0783088
20.7355	60.8826	0.126301	4.6046
17.5295	61.7527	0.0935957	4.66162
23.0771	56.6239	4.83292	0.0335551
20.3936	58.6582	4.78331	0.0743479
20.0518	56.4338	4.87672	0.0344087
23.0771	56.6239	4.83292	0.0335551
24.0253	59.6046	4.69493	0.0812787
20.3936	58.6582	4.78331	0.0743479
39.0601	41.8598	0.182939	0.000542842
37.5191	43.9145	0.142623	0.000658716
37.5	40	4.78116	0.00044789
40.625	40	0.222257	0.000453443
39.0601	41.8598	0.182939	0.000542842
37.5	40	4.78116	0.00044789
40.6201	43.7197	0.18562	0.000602865
37.5191	43.9145	0.142623	0.000658716
39.0601	41.8598	0.182939	0.000542842
40.6201	43.7197	0.18562	0.000602865
40.433	46.2515	4.79374	0.000783664
37.5191	43.9145	0.142623	0.000658716
43.6923	43.1354	0.238966	0.000560836
40.6201	43.7197	0.18562	0.000602865
40.625	40	0.222257	0.000453443
43.6923	43.1354	0.238966	0.000560836
43.5196	46.2515	4.87354	0.000738838
40.6201	43.7197	0.18562	0.000602865
46.8798	40.196	4.93524	0.000485998
43.6923	43.1354	0.238966	0.000560836
43.75	40	4.8665	0.000451686
46.8077	43.1354	4.912	0.000549951
49.6928	46.2515	4.95715	0.00068094
46.6062	46.2515	4.93282	0.000704202
37.5	40	4.78116	0.00044789
34.399	40.9798	0.16912	0.000539755
34.3221	37.8444	4.84495	0.000423497
40.5769	36.8646	4.91288	0.000415288
37.5	40	4.78116	0.00044789
37.4615	36.8646	4.90997	0.000411795
40.625	40	0.222257	0.000453443
40.6201	43.7197	0.18562	0.000602865
39.0601	41.8598	0.182939	0.000542842
40.1224	48.7521	4.85405	0.00117703
37.0597	48.5598	0.196145	0.00144386
37.3464	46.2515	0.158929	0.00091461
34.1165	49.3292	0.203436	0.00200312
36.7564	51.5944	4.83712	0.00288137
34.1289	53.2696	4.84262	0.00612908
31.1732	46.2515	4.78121	0.00127282
34.1165	49.3292	0.203436	0.00200312
31.0776	49.3292	4.84223	0.0026938
28.0866	46.2515	4.89267	0.00137886
31.1732	46.2515	4.78121	0.00127282
31.0776	49.3292	4.84223	0.0026938
34.3294	43.6157	0.132729	0.000703095
34.399	40.9798	0.16912	0.000539755
37.5191	43.9145	0.142623	0.000658716
31.1732	46.2515	4.78121	0.00127282
31.226	43.7137	0.187397	0.000795417
34.2598	46.2515	0.150477	0.00106072
31.2788	41.1758	0.182132	0.000580993
34.399	40.9798	0.16912	0.000539755
34.3294	43.6157	0.132729	0.000703095
37.0597	48.5598	0.196145	0.00144386
36.7564	51.5944	4.83712	0.00288137
34.1165	49.3292	0.203436	0.00200312
37.3464	46.2515	0.158929	0.00091461
37.0597	48.5598	0.196145	0.00144386
34.2598	46.2515	0.150477	0.00106072
40.433	46.2515	4.79374	0.000783664
37.3464	46.2515	0.158929	0.00091461
37.5191	43.9145	0.142623	0.000658716
40.433	46.2515	4.79374	0.000783664
40.1224	48.7521	4.85405	0.00117703
37.3464	46.2515	0.158929	0.00091461
40.1224	48.7521	4.85405	0.00117703
36.7564	51.5944	4.83712	0.00288137
37.0597	48.5598	0.196145	0.00144386
46.2717	49.3292	4.95772	0.00108739
45.8487	52.5335	4.95824	0.00213044
43.2329	49.3292	4.92868	0.0012055
34.1165	49.3292	0.203436	0.00200312
34.1289	53.2696	4.84262	0.00612908
30.9447	52.3495	4.86017	0.00607651
7.464	63.4929	0.0585557	4.58922
8.78345	65.7825	0.0295209	4.61101
5.97957	65.9587	0.0358206	4.64167
6.4478	61.0566	0.121588	0.0814439
7.464	63.4929	0.0585557	4.58922
4.76616	63.4929	0.0710594	0.116179
6.4478	61.0566	0.121588	0.0814439
9.3634	60.8826	0.117953	0.0787862
7.464	63.4929	0.0585557	4.58922
12.3979	60.3349	0.134382	4.47558
10.1618	63.4929	0.0517184	0.113502
9.3634	60.8826	0.117953	0.0787862
12.8597	63.4929	0.0511129	0.112732
15.0494	60.8826	0.117849	0.106096
15.5575	63.4929	0.0555109	4.62699
12.3644	68.2649	0.0128767	0.0726157
13.513	70.6966	0.00656086	0.0370596
11.25	70.3973	0.00809726	0.0439879
16.8484	65.9587	0.0238541	4.63436
14.8915	68.2649	0.0120457	0.0742832
13.846	66.4528	0.0207046	0.102704
17.4187	68.2649	0.0122022	0.0900565
16.25	70.3973	0.0066422	0.0437139
14.8915	68.2649	0.0120457	0.0742832
19.999	65.078	0.0335147	4.68966
19.0904	66.7823	0.0189741	0.137324
16.8484	65.9587	0.0238541	4.63436
19.193	69.7412	0.00765384	0.0740761
20.0967	72.3429	0.00355299	0.0384289
17.645	72.3429	0.0037886	0.0292924
9.83732	68.2649	0.0146107	0.0864533
8.78345	65.7825	0.0295209	4.61101
11.414	65.9587	0.0253478	4.55522
6.48041	46.2515	4.99227	0.00146091
3.72828	49.3292	4.99001	0.00273972
3.39381	46.2515	4.99471	0.001371
9.70619	49.8955	4.98273	0.00372133
6.76709	49.3292	4.98802	0.00294667
9.61019	45.6673	4.98771	0.00129903
9.70619	49.8955	4.98273	0.00372133
10.1383	52.3495	4.97001	0.00749663
7.16598	52.3495	4.97311	0.00679951
13.1107	52.3495	4.96538	0.00828138
10.1383	52.3495	4.97001	0.00749663
12.7118	50.0843	4.97615	0.00432433
4.19365	52.3495	4.97646	0.00634588
3.72828	49.3292	4.99001	0.00273972
6.76709	49.3292	4.98802	0.00294667
1.8995	55.2938	4.95011	0.013948
4.19365	52.3495	4.97646	0.00634588
4.92487	55.4838	4.93475	0.0170534
1.22131	52.3495	4.98002	0.00559607
3.72828	49.3292	4.99001	0.00273972
4.19365	52.3495	4.97646	0.00634588
22.2828	65.9587	0.0222986	4.66518
23.0704	62.1007	0.081142	0.136887
25.6067	64.7258	0.0295549	4.60501
21.8037	69.5771	0.00726566	4.51029
22.2828	65.9587	0.0222986	4.66518
24.3347	67.1118	0.0146059	0.113812
19.999	65.078	0.0335147	4.68966
20.363	63.0044	0.0659353	4.6865
22.2828	65.9587	0.0222986	4.66518
21.8037	69.5771	0.00726566	4.51029
19.193	69.7412	0.00765384	0.0740761
19.0904	66.7823	0.0189741	0.137324
16.8484	65.9587	0.0238541	4.63436
17.5295	61.7527	0.0935957	4.66162
19.999	65.078	0.0335147	4.68966
22.2828	65.9587	0.0222986	4.66518
20.363	63.0044	0.0659353	4.6865
23.0704	62.1007	0.081142	0.136887
16.25	70.3973	0.0066422	0.0437139
15.1934	72.3429	0.00415415	0.0259367
13.513	70.6966	0.00656086	0.0370596
7.464	63.4929	0.0585557	4.58922
10.1618	63.4929	0.0517184	0.113502
8.78345	65.7825	0.0295209	4.61101
20.0518	56.4338	4.87672	0.0344087
19.0553	52.3495	4.92328	0.00884598
22.4091	54.0056	4.86622	0.0151982
20.3936	58.6582	4.78331	0.0743479
17.2808	59.0298	4.76978	0.0783088
20.0518	56.4338	4.87672	0.0344087
15.0494	60.8826	0.117849	0.106096
12.8597	63.4929	0.0511129	0.112732
12.3979	60.3349	0.134382	4.47558
9.3634	60.8826	0.117953	0.0787862
8.66123	58.144	4.81885	0.0374271
11.6319	58.144	4.81095	0.0480639
9.70619	49.8955	4.98273	0.00372133
7.16598	52.3495	4.97311	0.00679951
6.76709	49.3292	4.98802	0.00294667
13.1107	52.3495	4.96538	0.00828138
16.083	52.3495	4.95347	0.00879823
14.2198	55.2938	4.92338	0.0217229
23.0771	56.6239	4.83292	0.0335551
22.4091	54.0056	4.86622	0.0151982
26.54	55.2938	0.226463	0.0213496
20.7355	60.8826	0.126301	4.6046
20.3936	58.6582	4.78331	0.0743479
24.0253	59.6046	4.69493	0.0812787
20.0518	56.4338	4.87672	0.0344087
22.4091	54.0056	4.86622	0.0151982
23.0771	56.6239	4.83292	0.0335551
20.7355	60.8826	0.126301	4.6046
17.2808	59.0298	4.76978	0.0783088
20.3936	58.6582	4.78331	0.0743479
17.0264	56.2438	4.8965	0.0314598
19.0553	52.3495	4.92328	0.00884598
20.0518	56.4338	4.87672	0.0344087
6.30769	36.8646	4.99229	0.000502371
6.24038	39.6081	4.99206	0.000574419
3.19231	36.8646	4.99664	0.000503028
9.49534	33.1714	4.98726	0.000450997
9.42308	36.8646	4.97908	0.000502987
6.43263	33.3637	4.9947	0.000455093
6.31731	42.7435	4.99277	0.000803511
3.125	40	4.99634	0.000588859
6.24038	39.6081	4.99206	0.000574419
9.4375	42.5475	4.98255	0.000817618
12.5	40	4.93232	0.000597623
12.5577	42.3516	4.95339	0.000805039
6.30769	36.8646	4.99229	0.000502371
9.36058	39.4121	4.97824	0.000575519
6.24038	39.6081	4.99206	0.000574419
9.42308	36.8646	4.97908	0.000502987
12.5385	36.8646	4.93787	0.000498633
9.36058	39.4121	4.97824	0.000575519
15.8122	34.7222	4.90386	0.000455539
12.5385	36.8646	4.93787	0.000498633
12.7112	34.5275	4.96024	0.000460469
9.4375	42.5475	4.98255	0.000817618
12.5577	42.3516	4.95339	0.000805039
9.61019	45.6673	4.98771	0.00129903
6.24038	39.6081	4.99206	0.000574419
9.4375	42.5475	4.98255	0.000817618
6.31731	42.7435	4.99277	0.000803511
9.36058	39.4121	4.97824	0.000575519
12.5	40	4.93232	0.000597623
9.4375	42.5475	4.98255	0.000817618
15.601	39.0202	0.243871	0.00056253
12.5	40	4.93232	0.000597623
12.5385	36.8646	4.93787	0.000498633
15.601	39.0202	0.243871	0.00056253
15.6779	42.1556	4.87778	0.000805472
12.5	40	4.93232	0.000597623
6.48041	46.2515	4.99227	0.00146091
6.76709	49.3292	4.98802	0.00294667
3.72828	49.3292	4.99001	0.00273972
6.31731	42.7435	4.99277	0.000803511
6.48041	46.2515	4.99227	0.00146091
3.39381	46.2515	4.99471	0.001371
9.61019	45.6673	4.98771	0.00129903
6.76709	49.3292	4.98802	0.00294667
6.48041	46.2515	4.99227	0.00146091
12.7118	50.0843	4.97615	0.00432433
9.70619	49.8955	4.98273	0.00372133
11.1799	48.0735	4.98166	0.0025819
3.19711	42.9395	4.99599	0.000820731
0.076922	43.1354	4.99665	0.000842869
-3.10282e-28	40	4.99732	0.00062344
6.31731	42.7435	4.99277	0.000803511
3.19711	42.9395	4.99599	0.000820731
3.125	40	4.99634	0.000588859
3.39381	46.2515	4.99471	0.001371
0.307214	46.2515	4.99546	0.00130471
3.19711	42.9395	4.99599	0.000820731
45.0204	55.2938	4.92672	0.00453319
41.9404	55.2938	4.91016	0.00540729
42.834	52.3495	4.94209	0.002377
48.1005	55.2938	4.94043	0.00366774
45.0204	55.2938	4.92672	0.00453319
45.8487	52.5335	4.95824	0.00213044
44.2548	57.954	4.83304	0.0102915
41.9404	55.2938	4.91016	0.00540729
45.0204	55.2938	4.92672	0.00453319
46.3226	60.8826	0.146058	0.0200355
44.2548	57.954	4.83304	0.0102915
47.2801	58.144	4.85855	0.00830249
41.4664	58.5091	4.78857	0.0139121
38.8603	55.2938	4.88732	0.00645498
41.9404	55.2938	4.91016	0.00540729
27.9723	52.3495	4.8621	0.00740854
28.0388	49.3292	4.90165	0.00308388
30.9447	52.3495	4.86017	0.00607651
19.0553	52.3495	4.92328	0.00884598
21.7285	50.6506	0.30132	0.0055222
22.4091	54.0056	4.86622	0.0151982
25	46.2515	4.92688	0.00142801
28.0388	49.3292	4.90165	0.00308388
24.7341	50.8393	4.88408	0.00527187
21.7285	50.6506	0.30132	0.0055222
21.7462	47.598	4.91856	0.00224257
24.7341	50.8393	4.88408	0.00527187
15.6779	42.1556	4.87778	0.000805472
17.2523	44.2036	4.89531	0.00111826
14.1489	44.3016	4.94864	0.00113527
22.0142	44.8882	4.90904	0.00117671
18.8268	46.2515	4.92689	0.00157819
18.7981	41.9596	0.233953	0.000750302
15.8835	49.3292	4.96361	0.00356133
12.6536	46.2515	4.97418	0.00156004
15.7402	46.2515	4.95111	0.00170985
17.0264	56.2438	4.8965	0.0314598
16.083	52.3495	4.95347	0.00879823
19.0553	52.3495	4.92328	0.00884598
4.19365	52.3495	4.97646	0.00634588
7.16598	52.3495	4.97311	0.00679951
4.92487	55.4838	4.93475	0.0170534
21.9183	41.7637	4.84798	0.000722321
25	43.1354	4.90688	0.000804616
22.0142	44.8882	4.90904	0.00117671
28.125	40	4.82393	0.000498211
25	40	4.85647	0.000511388
28.1154	36.8646	3.4913	0.00035128
25	30.6708	4.91106	0.000381316
25.1151	35.3065	0.191154	0.000342526
21.9134	33.7485	0.251481	0.000416998
31.3171	35.696	4.87248	0.000382767
28.0866	33.7485	3.6903	0.000322385
30.9343	31.8249	4.94387	0.000375152
28.1154	36.8646	3.4913	0.00035128
25.1151	35.3065	0.191154	0.000342526
28.0866	33.7485	3.6903	0.000322385
33.7508	28.5944	4.96456	0.000382555
37.1553	30.6708	4.98209	0.000398876
33.997	31.6326	4.96659	0.000390339
21.8846	36.8646	4.79471	0.00045273
21.9014	39.3141	0.236043	0.000542171
18.7212	38.8242	0.207223	0.000544914
28.1154	36.8646	3.4913	0.00035128
25	40	4.85647	0.000511388
25.1151	35.3065	0.191154	0.000342526
28.125	40	4.82393	0.000498211
28.1154	43.1354	4.85695	0.000782801
25	40	4.85647	0.000511388
3.72828	49.3292	4.99001	0.00273972
1.22131	52.3495	4.98002	0.00559607
0.68946	49.3292	4.99131	0.00249668
0.307214	46.2515	4.99546	0.00130471
3.39381	46.2515	4.99471	0.001371
0.68946	49.3292	4.99131	0.00249668
11.1799	48.0735	4.98166	0.0025819
12.6536	46.2515	4.97418	0.00156004
12.7118	50.0843	4.97615	0.00432433
9.61019	45.6673	4.98771	0.00129903
11.1799	48.0735	4.98166	0.0025819
9.70619	49.8955	4.98273	0.00372133
9.61019	45.6673	4.98771	0.00129903
12.6536	46.2515	4.97418	0.00156004
11.1799	48.0735	4.98166	0.0025819
31.3817	62.6228	0.0399239	4.5181
34.1521	62.7968	0.0470853	4.44335
33.1516	65.9587	0.0170267	0.0649357
26.9568	67.2765	0.0127251	0.0821184
28.4106	64.5496	0.0271557	0.0950288
30.4344	65.9587	0.0166093	0.0765409
29.839	59.2394	0.112133	0.0569187
33.5519	59.0383	0.123099	0.0386951
31.3817	62.6228	0.0399239	4.5181
28.6113	62.4488	0.0495996	0.0998044
29.839	59.2394	0.112133	0.0569187
31.3817	62.6228	0.0399239	4.5181
20.7355	60.8826	0.126301	4.6046
24.0253	59.6046	4.69493	0.0812787
23.0704	62.1007	0.081142	0.136887
25.6371	53.0665	0.263472	0.0111327
24.7341	50.8393	4.88408	0.00527187
27.9723	52.3495	4.8621	0.00740854
22.4091	54.0056	4.86622	0.0151982
25.6371	53.0665	0.263472	0.0111327
26.54	55.2938	0.226463	0.0213496
22.4091	54.0056	4.86622	0.0151982
24.7341	50.8393	4.88408	0.00527187
25.6371	53.0665	0.263472	0.0111327
29.6201	55.2938	4.79317	0.0157344
31.8745	54.2817	4.82112	0.0105969
32.1533	57.1939	0.166606	0.0258268
34.2598	46.2515	0.150477	0.00106072
34.3294	43.6157	0.132729	0.000703095
37.3464	46.2515	0.158929	0.00091461
31.1732	46.2515	4.78121	0.00127282
34.2598	46.2515	0.150477	0.00106072
34.1165	49.3292	0.203436	0.00200312
34.2598	46.2515	0.150477	0.00106072
31.226	43.7137	0.187397	0.000795417
34.3294	43.6157	0.132729	0.000703095
35.6527	58.8743	4.67391	0.0269352
38.5596	58.6917	4.75478	0.0165305
37.7936	60.8826	0.104708	0.0280531
33.5519	59.0383	0.123099	0.0386951
35.6527	58.8743	4.67391	0.0269352
34.9506	60.8826	0.0839733	0.052071
35.7802	55.2938	4.84377	0.00862612
38.5596	58.6917	4.75478	0.0165305
35.6527	58.8743	4.67391	0.0269352
42.43	63.669	0.0538109	4.34926
43.4796	60.8826	0.123701	0.0288359
45.2338	63.4929	0.0690493	0.0442006
6.48041	46.2515	4.99227	0.00146091
6.31731	42.7435	4.99277	0.000803511
9.61019	45.6673	4.98771	0.00129903
0.68946	49.3292	4.99131	0.00249668
3.39381	46.2515	4.99471	0.001371
3.72828	49.3292	4.99001	0.00273972
0.307214	46.2515	4.99546	0.00130471
0.076922	43.1354	4.99665	0.000842869
3.19711	42.9395	4.99599	0.000820731
6.4478	61.0566	0.121588	0.0814439
4.76616	63.4929	0.0710594	0.116179
3.67737	60.8826	0.152824	4.45454
5.69054	58.144	4.83407	0.0403498
6.4478	61.0566	0.121588	0.0814439
3.67737	60.8826	0.152824	4.45454
9.3634	60.8826	0.117953	0.0787862
10.1618	63.4929	0.0517184	0.113502
7.464	63.4929	0.0585557	4.58922
14.6026	58.144	4.81302	0.0536195
15.0494	60.8826	0.117849	0.106096
12.3979	60.3349	0.134382	4.47558
14.2198	55.2938	4.92338	0.0217229
14.6026	58.144	4.81302	0.0536195
11.6319	58.144	4.81095	0.0480639
14.2198	55.2938	4.92338	0.0217229
17.0264	56.2438	4.8965	0.0314598
14.6026	58.144	4.81302	0.0536195
7.464	63.4929	0.0585557	4.58922
5.97957	65.9587	0.0358206	4.64167
4.76616	63.4929	0.0710594	0.116179
11.414	65.9587	0.0253478	4.55522
13.846	66.4528	0.0207046	0.102704
12.3644	68.2649	0.0128767	0.0726157
10.1618	63.4929	0.0517184	0.113502
11.414	65.9587	0.0253478	4.55522
8.78345	65.7825	0.0295209	4.61101
12.8597	63.4929	0.0511129	0.112732
15.5575	63.4929	0.0555109	4.62699
13.846	66.4528	0.0207046	0.102704
10.1618	63.4929	0.0517184	0.113502
12.8597	63.4929	0.0511129	0.112732
11.414	65.9587	0.0253478	4.55522
10.1618	63.4929	0.0517184	0.113502
12.3979	60.3349	0.134382	4.47558
12.8597	63.4929	0.0511129	0.112732
9.83732	68.2649	0.0146107	0.0864533
7.31021	68.2649	0.0185638	0.10866
8.78345	65.7825	0.0295209	4.61101
31.8745	54.2817	4.82112	0.0105969
30.9447	52.3495	4.86017	0.00607651
34.1289	53.2696	4.84262	0.00612908
35.7802	55.2938	4.84377	0.00862612
31.8745	54.2817	4.82112	0.0105969
34.1289	53.2696	4.84262	0.00612908
29.6201	55.2938	4.79317	0.0157344
30.9447	52.3495	4.86017	0.00607651
31.8745	54.2817	4.82112	0.0105969
29.839	59.2394	0.112133	0.0569187
26.4853	58.144	4.71495	0.0520848
29.6201	55.2938	4.79317	0.0157344
33.5519	59.0383	0.123099	0.0386951
29.839	59.2394	0.112133	0.0569187
32.1533	57.1939	0.166606	0.0258268
35.7802	55.2938	4.84377	0.00862612
33.5519	59.0383	0.123099	0.0386951
32.1533	57.1939	0.166606	0.0258268
34.9506	60.8826	0.0839733	0.052071
31.3817	62.6228	0.0399239	4.5181
33.5519	59.0383	0.123099	0.0386951
28.6113	62.4488	0.0495996	0.0998044
26.4215	60.8826	0.096535	4.53172
29.839	59.2394	0.112133	0.0569187
26.54	55.2938	0.226463	0.0213496
27.9723	52.3495	4.8621	0.00740854
29.6201	55.2938	4.79317	0.0157344
25.6371	53.0665	0.263472	0.0111327
27.9723	52.3495	4.8621	0.00740854
26.54	55.2938	0.226463	0.0213496
24.7341	50.8393	4.88408	0.00527187
28.0388	49.3292	4.90165	0.00308388
27.9723	52.3495	4.8621	0.00740854
22.5483	72.3429	0.00334025	0.0391746
23.75	70.3973	0.00559668	0.0596802
25	72.3429	0.0031204	0.0295051
23.0327	74.7883	0.00184097	0.0170172
22.5483	72.3429	0.00334025	0.0391746
25	72.3429	0.0031204	0.0295051
21.4331	74.0896	0.0022266	0.0219643
19.0551	74.0896	0.00240132	0.0207743
20.0967	72.3429	0.00355299	0.0384289
19.0904	66.7823	0.0189741	0.137324
22.2828	65.9587	0.0222986	4.66518
21.8037	69.5771	0.00726566	4.51029
24.3347	67.1118	0.0146059	0.113812
23.75	70.3973	0.00559668	0.0596802
21.8037	69.5771	0.00726566	4.51029
27.0253	69.2491	0.00709582	0.0556547
30.0542	68.2649	0.00906315	4.40109
28.75	70.3973	0.00510914	0.040387
25.6067	64.7258	0.0295549	4.60501
28.4106	64.5496	0.0271557	0.0950288
26.9568	67.2765	0.0127251	0.0821184
22.2828	65.9587	0.0222986	4.66518
25.6067	64.7258	0.0295549	4.60501
24.3347	67.1118	0.0146059	0.113812
23.0704	62.1007	0.081142	0.136887
26.4215	60.8826	0.096535	4.53172
25.6067	64.7258	0.0295549	4.60501
30.4344	65.9587	0.0166093	0.0765409
30.0542	68.2649	0.00906315	4.40109
26.9568	67.2765	0.0127251	0.0821184
28.6113	62.4488	0.0495996	0.0998044
31.3817	62.6228	0.0399239	4.5181
28.4106	64.5496	0.0271557	0.0950288
25.6067	64.7258	0.0295549	4.60501
28.6113	62.4488	0.0495996	0.0998044
28.4106	64.5496	0.0271557	0.0950288
26.4215	60.8826	0.096535	4.53172
26.4853	58.144	4.71495	0.0520848
29.839	59.2394	0.112133	0.0569187
25.6067	64.7258	0.0295549	4.60501
26.4215	60.8826	0.096535	4.53172
28.6113	62.4488	0.0495996	0.0998044
24.0253	59.6046	4.69493	0.0812787
23.0771	56.6239	4.83292	0.0335551
26.4853	58.144	4.71495	0.0520848
33.1516	65.9587	0.0170267	0.0649357
34.8233	67.7707	0.0110236	0.0466112
32.2468	68.921	0.00724948	0.0447178
31.3817	62.6228	0.0399239	4.5181
33.1516	65.9587	0.0170267	0.0649357
30.4344	65.9587	0.0166093	0.0765409
34.1521	62.7968	0.0470853	4.44335
35.8688	65.9587	0.0192169	0.0534388
33.1516	65.9587	0.0170267	0.0649357
32.355	72.3429	0.00313024	0.0185257
33.75	70.3973	0.00520258	0.0269962
34.8066	72.3429	0.00348592	0.0175037
29.3832	76.0659	0.00143352	0.00861897
28.5669	74.0896	0.00203886	0.0141207
30.9297	73.8705	0.0021833	0.0134325
31.0572	70.658	0.00461361	0.0330255
33.75	70.3973	0.00520258	0.0269962
32.355	72.3429	0.00313024	0.0185257
29.9033	72.3429	0.00304422	0.0214569
31.0572	70.658	0.00461361	0.0330255
32.355	72.3429	0.00313024	0.0185257
28.4106	64.5496	0.0271557	0.0950288
31.3817	62.6228	0.0399239	4.5181
30.4344	65.9587	0.0166093	0.0765409
24.3347	67.1118	0.0146059	0.113812
25.6067	64.7258	0.0295549	4.60501
26.9568	67.2765	0.0127251	0.0821184
23.0704	62.1007	0.081142	0.136887
24.0253	59.6046	4.69493	0.0812787
26.4215	60.8826	0.096535	4.53172
30.4344	65.9587	0.0166093	0.0765409
32.2468	68.921	0.00724948	0.0447178
30.0542	68.2649	0.00906315	4.40109
34.8233	67.7707	0.0110236	0.0466112
33.75	70.3973	0.00520258	0.0269962
32.2468	68.921	0.00724948	0.0447178
43.2329	49.3292	4.92868	0.0012055
40.1224	48.7521	4.85405	0.00117703
40.433	46.2515	4.79374	0.000783664
48.7787	52.3495	4.96595	0.00177232
45.8487	52.5335	4.95824	0.00213044
46.2717	49.3292	4.95772	0.00108739
42.834	52.3495	4.94209	0.002377
40.1224	48.7521	4.85405	0.00117703
43.2329	49.3292	4.92868	0.0012055
47.2801	58.144	4.85855	0.00830249
44.2548	57.954	4.83304	0.0102915
45.0204	55.2938	4.92672	0.00453319
38.8603	55.2938	4.88732	0.00645498
35.7802	55.2938	4.84377	0.00862612
36.7564	51.5944	4.83712	0.00288137
41.9404	55.2938	4.91016	0.00540729
38.8603	55.2938	4.88732	0.00645498
39.8617	52.3495	4.90655	0.0028509
45.8487	52.5335	4.95824	0.00213044
45.0204	55.2938	4.92672	0.00453319
42.834	52.3495	4.94209	0.002377
41.4664	58.5091	4.78857	0.0139121
40.6366	60.8826	0.115314	0.0289532
38.5596	58.6917	4.75478	0.0165305
44.2548	57.954	4.83304	0.0102915
41.4664	58.5091	4.78857	0.0139121
41.9404	55.2938	4.91016	0.00540729
44.2548	57.954	4.83304	0.0102915
43.4796	60.8826	0.123701	0.0288359
41.4664	58.5091	4.78857	0.0139121
38.5596	58.6917	4.75478	0.0165305
35.7802	55.2938	4.84377	0.00862612
38.8603	55.2938	4.88732	0.00645498
6.31731	42.7435	4.99277	0.000803511
3.39381	46.2515	4.99471	0.001371
3.19711	42.9395	4.99599	0.000820731
45.8487	52.5335	4.95824	0.00213044
42.834	52.3495	4.94209	0.002377
43.2329	49.3292	4.92868	0.0012055
48.1005	55.2938	4.94043	0.00366774
45.8487	52.5335	4.95824	0.00213044
48.7787	52.3495	4.96595	0.00177232
48.1005	55.2938	4.94043	0.00366774
47.2801	58.144	4.85855	0.00830249
45.0204	55.2938	4.92672	0.00453319
37.7936	60.8826	0.104708	0.0280531
38.5596	58.6917	4.75478	0.0165305
40.6366	60.8826	0.115314	0.0289532
41.3032	65.9587	0.0265311	0.0421627
39.6261	63.8451	0.0440532	0.0407072
42.43	63.669	0.0538109	4.34926
34.9506	60.8826	0.0839733	0.052071
35.6527	58.8743	4.67391	0.0269352
37.7936	60.8826	0.104708	0.0280531
31.3817	62.6228	0.0399239	4.5181
34.9506	60.8826	0.0839733	0.052071
34.1521	62.7968	0.0470853	4.44335
33.5519	59.0383	0.123099	0.0386951
35.7802	55.2938	4.84377	0.00862612
35.6527	58.8743	4.67391	0.0269352
31.8745	54.2817	4.82112	0.0105969
35.7802	55.2938	4.84377	0.00862612
32.1533	57.1939	0.166606	0.0258268
34.1165	49.3292	0.203436	0.00200312
34.2598	46.2515	0.150477	0.00106072
37.0597	48.5598	0.196145	0.00144386
28.0388	49.3292	4.90165	0.00308388
31.0776	49.3292	4.84223	0.0026938
30.9447	52.3495	4.86017	0.00607651
28.0388	49.3292	4.90165	0.00308388
25	46.2515	4.92688	0.00142801
28.0866	46.2515	4.89267	0.00137886
36.7564	51.5944	4.83712	0.00288137
35.7802	55.2938	4.84377	0.00862612
34.1289	53.2696	4.84262	0.00612908
30.9447	52.3495	4.86017	0.00607651
31.0776	49.3292	4.84223	0.0026938
34.1165	49.3292	0.203436	0.00200312
40.1224	48.7521	4.85405	0.00117703
42.834	52.3495	4.94209	0.002377
39.8617	52.3495	4.90655	0.0028509
39.8617	52.3495	4.90655	0.0028509
42.834	52.3495	4.94209	0.002377
41.9404	55.2938	4.91016	0.00540729
36.7564	51.5944	4.83712	0.00288137
39.8617	52.3495	4.90655	0.0028509
38.8603	55.2938	4.88732	0.00645498
36.7564	51.5944	4.83712	0.00288137
40.1224	48.7521	4.85405	0.00117703
39.8617	52.3495	4.90655	0.0028509
18.9224	49.3292	4.93212	0.00357694
19.0553	52.3495	4.92328	0.00884598
16.083	52.3495	4.95347	0.00879823
15.7402	46.2515	4.95111	0.00170985
18.8268	46.2515	4.92689	0.00157819
15.8835	49.3292	4.96361	0.00356133
21.7462	47.598	4.91856	0.00224257
25	46.2515	4.92688	0.00142801
24.7341	50.8393	4.88408	0.00527187
22.0108	14.5924	0.164955	0.000382084
19.9458	11.7351	0.12332	0.000383693
23.0432	12.7235	0.132007	0.000381136
17.645	7.6571	0.0686125	0.000388957
18.75	9.60269	0.0955075	0.000386261
16.5822	10.0948	4.65582	0.000382478
14.9215	7.36598	0.0768418	0.000391599
17.645	7.6571	0.0686125	0.000388957
16.5822	10.0948	4.65582	0.000382478
16.6772	5.91038	0.0463414	0.000390963
19.0551	5.91038	0.0368196	0.000389648
17.645	7.6571	0.0686125	0.000388957
20.0967	7.6571	0.049839	0.000387164
21.25	9.60269	0.0686471	0.000384221
18.75	9.60269	0.0955075	0.000386261
17.645	7.6571	0.0686125	0.000388957
19.0551	5.91038	0.0368196	0.000389648
20.0967	7.6571	0.049839	0.000387164
24.1844	6.78374	0.0402992	0.000387
26.189	5.91038	0.0356768	0.000388039
25.4207	8.55507	0.0736001	0.000384113
28.5669	5.91038	0.0399176	0.000387488
31.8199	4.37335	0.0287677	0.000387516
31.1316	6.34706	0.0467511	0.000385415
26.9661	0.123895	0.0132866	0.000393298
28.4094	2.238	0.0171932	0.000391835
26.0648	3.0556	0.0180417	0.000391823
28.9198	0.494728	0.0156325	0.000392266
30.8485	1.10996	0.0179277	0.000390924
28.4094	2.238	0.0171932	0.000391835
31.25	9.60269	0.124196	0.000381492
33.75	9.60269	0.105201	0.000380441
32.5813	11.7351	4.74961	0.000374304
30.9096	13.2177	4.84963	0.000374579
29.636	10.915	4.72979	0.000374831
32.5813	11.7351	4.74961	0.000374304
32.355	7.6571	0.0651057	0.000382959
33.4473	6.2015	0.0435263	0.000383836
34.9468	7.95642	0.0666494	0.000380867
29.9033	7.6571	0.0704262	0.000384265
32.355	7.6571	0.0651057	0.000382959
31.25	9.60269	0.124196	0.000381492
31.1316	6.34706	0.0467511	0.000385415
31.8199	4.37335	0.0287677	0.000387516
33.4473	6.2015	0.0435263	0.000383836
29.9033	7.6571	0.0704262	0.000384265
31.1316	6.34706	0.0467511	0.000385415
32.355	7.6571	0.0651057	0.000382959
29.9033	7.6571	0.0704262	0.000384265
28.5669	5.91038	0.0399176	0.000387488
31.1316	6.34706	0.0467511	0.000385415
28.5669	5.91038	0.0399176	0.000387488
29.9033	7.6571	0.0704262	0.000384265
27.8022	8.40541	0.0880401	0.00038388
25	4.37335	0.0230177	0.000390377
27.2733	4.37335	0.0254243	0.000390055
26.189	5.91038	0.0356768	0.000388039
27.2733	4.37335	0.0254243	0.000390055
30.3241	3.0556	0.0209693	0.000390103
28.5669	5.91038	0.0399176	0.000387488
31.1316	6.34706	0.0467511	0.000385415
33.4473	6.2015	0.0435263	0.000383836
32.355	7.6571	0.0651057	0.000382959
27.2733	4.37335	0.0254243	0.000390055
28.4094	2.238	0.0171932	0.000391835
30.3241	3.0556	0.0209693	0.000390103
26.189	5.91038	0.0356768	0.000388039
27.2733	4.37335	0.0254243	0.000390055
28.5669	5.91038	0.0399176	0.000387488
26.0648	3.0556	0.0180417	0.000391823
28.4094	2.238	0.0171932	0.000391835
27.2733	4.37335	0.0254243	0.000390055
29.636	10.915	4.72979	0.000374831
29.9033	7.6571	0.0704262	0.000384265
31.25	9.60269	0.124196	0.000381492
25.4207	8.55507	0.0736001	0.000384113
27.8022	8.40541	0.0880401	0.00038388
27.0253	10.7509	4.68299	0.000375322
25.4207	8.55507	0.0736001	0.000384113
26.189	5.91038	0.0356768	0.000388039
27.8022	8.40541	0.0880401	0.00038388
26.3489	16.5071	4.87926	0.000376228
24.3933	15.2742	0.212373	0.00038138
25.6653	12.8882	4.73894	0.000374391
30.3241	3.0556	0.0209693	0.000390103
31.8199	4.37335	0.0287677	0.000387516
28.5669	5.91038	0.0399176	0.000387488
30.8485	1.10996	0.0179277	0.000390924
30.3241	3.0556	0.0209693	0.000390103
28.4094	2.238	0.0171932	0.000391835
30.8485	1.10996	0.0179277	0.000390924
32.7403	1.96546	0.0217474	0.00038875
30.3241	3.0556	0.0209693	0.000390103
30.3241	3.0556	0.0209693	0.000390103
32.7403	1.96546	0.0217474	0.00038875
31.8199	4.37335	0.0287677	0.000387516
23.9352	3.0556	0.0172633	0.00039188
25	4.37335	0.0230177	0.000390377
22.7267	4.37335	0.0218611	0.000390516
26.9661	0.123895	0.0132866	0.000393298
26.0648	3.0556	0.0180417	0.000391823
25.0248	1.47661	0.0142122	0.000392984
26.9661	0.123895	0.0132866	0.000393298
28.9198	0.494728	0.0156325	0.000392266
28.4094	2.238	0.0171932	0.000391835
25.0248	1.47661	0.0142122	0.000392984
25	-8.70219e-28	0.0133241	0.000393295
26.9661	0.123895	0.0132866	0.000393298
23.9352	3.0556	0.0172633	0.00039188
25.0248	1.47661	0.0142122	0.000392984
26.0648	3.0556	0.0180417	0.000391823
23.9352	3.0556	0.0172633	0.00039188
23.0835	1.59882	0.0143556	0.000392832
25.0248	1.47661	0.0142122	0.000392984
32.7403	1.96546	0.0217474	0.00038875
34.5833	3.0556	0.0269964	0.000385914
31.8199	4.37335	0.0287677	0.000387516
25	4.37335	0.0230177	0.000390377
26.0648	3.0556	0.0180417	0.000391823
27.2733	4.37335	0.0254243	0.000390055
24.1844	6.78374	0.0402992	0.000387
25	4.37335	0.0230177	0.000390377
26.189	5.91038	0.0356768	0.000388039
23.9352	3.0556	0.0172633	0.00039188
26.0648	3.0556	0.0180417	0.000391823
25	4.37335	0.0230177	0.000390377
21.913	2.6468	0.0165376	0.000392159
23.9352	3.0556	0.0172633	0.00039188
22.7267	4.37335	0.0218611	0.000390516
23.0835	1.59882	0.0143556	0.000392832
23.0339	0.123895	0.0132906	0.000393216
25.0248	1.47661	0.0142122	0.000392984
21.913	2.6468	0.0165376	0.000392159
23.0835	1.59882	0.0143556	0.000392832
23.9352	3.0556	0.0172633	0.00039188
21.4331	5.91038	0.030835	0.000388759
20.4534	4.37335	0.0236948	0.000390729
22.7267	4.37335	0.0218611	0.000390516
19.7476	2.78306	0.0192539	0.000391958
21.0802	0.494728	0.0142957	0.000392917
21.913	2.6468	0.0165376	0.000392159
23.0339	0.123895	0.0132906	0.000393216
25	-8.70219e-28	0.0133241	0.000393295
25.0248	1.47661	0.0142122	0.000392984
33.4473	6.2015	0.0435263	0.000383836
34.5833	3.0556	0.0269964	0.000385914
35.7008	5.91038	0.0448638	0.000381969
36.3664	4.37335	0.0394855	0.000382696
35.7008	5.91038	0.0448638	0.000381969
34.5833	3.0556	0.0269964	0.000385914
23.5785	19.1174	4.90824	0.000380131
26.3489	16.5071	4.87926	0.000376228
26.4215	19.1174	4.94097	0.000379144
23.0771	23.3761	4.97534	0.000387614
25.3391	26.1784	4.97158	0.000386384
22.0277	27.6505	4.97233	0.000400194
29.636	10.915	4.72979	0.000374831
27.8022	8.40541	0.0880401	0.00038388
29.9033	7.6571	0.0704262	0.000384265
29.636	10.915	4.72979	0.000374831
27.0253	10.7509	4.68299	0.000375322
27.8022	8.40541	0.0880401	0.00038388
32.5813	11.7351	4.74961	0.000374304
29.636	10.915	4.72979	0.000374831
31.25	9.60269	0.124196	0.000381492
28.2875	13.053	4.83226	0.000374281
27.0253	10.7509	4.68299	0.000375322
29.636	10.915	4.72979	0.000374831
23.0432	12.7235	0.132007	0.000381136
25.6653	12.8882	4.73894	0.000374391
24.3933	15.2742	0.212373	0.00038138
24.4145	10.5869	0.110819	0.000381855
25.4207	8.55507	0.0736001	0.000384113
27.0253	10.7509	4.68299	0.000375322
23.0432	12.7235	0.132007	0.000381136
24.4145	10.5869	0.110819	0.000381855
25.6653	12.8882	4.73894	0.000374391
23.0432	12.7235	0.132007	0.000381136
21.25	9.60269	0.0686471	0.000384221
24.4145	10.5869	0.110819	0.000381855
24.1844	6.78374	0.0402992	0.000387
22.5483	7.6571	0.0445952	0.000386044
21.4331	5.91038	0.030835	0.000388759
25	4.37335	0.0230177	0.000390377
24.1844	6.78374	0.0402992	0.000387
22.7267	4.37335	0.0218611	0.000390516
25.4207	8.55507	0.0736001	0.000384113
24.4145	10.5869	0.110819	0.000381855
22.5483	7.6571	0.0445952	0.000386044
24.4145	10.5869	0.110819	0.000381855
21.25	9.60269	0.0686471	0.000384221
22.5483	7.6571	0.0445952	0.000386044
19.5656	14.0413	0.182046	0.000383993
20.9532	16.5071	0.222062	0.000384319
18.2554	16.5071	4.85986	0.000381189
19.9458	11.7351	0.12332	0.000383693
19.5656	14.0413	0.182046	0.000383993
17.7988	12.3941	4.7334	0.00038002
18.75	9.60269	0.0955075	0.000386261
19.9458	11.7351	0.12332	0.000383693
17.7988	12.3941	4.7334	0.00038002
21.25	9.60269	0.0686471	0.000384221
23.0432	12.7235	0.132007	0.000381136
19.9458	11.7351	0.12332	0.000383693
22.0108	14.5924	0.164955	0.000382084
20.9532	16.5071	0.222062	0.000384319
19.5656	14.0413	0.182046	0.000383993
19.9458	11.7351	0.12332	0.000383693
22.0108	14.5924	0.164955	0.000382084
19.5656	14.0413	0.182046	0.000383993
23.0432	12.7235	0.132007	0.000381136
24.3933	15.2742	0.212373	0.00038138
22.0108	14.5924	0.164955	0.000382084
17.7548	18.7251	4.93215	0.000384782
20.7355	19.1174	4.90532	0.000382083
17.2541	20.9431	4.96838	0.000389226
16.8484	14.0413	4.83347	0.000381521
18.2554	16.5071	4.85986	0.000381189
15.9817	15.8026	4.90308	0.000383913
20.9532	16.5071	0.222062	0.000384319
20.7355	19.1174	4.90532	0.000382083
18.2554	16.5071	4.85986	0.000381189
14.9215	7.36598	0.0768418	0.000391599
16.5822	10.0948	4.65582	0.000382478
13.513	9.30337	0.132922	0.000392545
12.6058	7.51154	0.0896994	0.000393374
14.9215	7.36598	0.0768418	0.000391599
13.513	9.30337	0.132922	0.000392545
13.6336	4.37335	0.0459415	0.00039258
15.4167	3.0556	0.0315571	0.000392132
16.6772	5.91038	0.0463414	0.000390963
19.7476	2.78306	0.0192539	0.000391958
19.1515	1.10996	0.0178754	0.000392356
21.0802	0.494728	0.0142957	0.000392917
20.4534	4.37335	0.0236948	0.000390729
19.0551	5.91038	0.0368196	0.000389648
18.1801	4.37335	0.0287662	0.000391223
21.913	2.6468	0.0165376	0.000392159
20.4534	4.37335	0.0236948	0.000390729
19.7476	2.78306	0.0192539	0.000391958
21.4331	5.91038	0.030835	0.000388759
19.0551	5.91038	0.0368196	0.000389648
20.4534	4.37335	0.0236948	0.000390729
24.1844	6.78374	0.0402992	0.000387
21.4331	5.91038	0.030835	0.000388759
22.7267	4.37335	0.0218611	0.000390516
20.0967	7.6571	0.049839	0.000387164
19.0551	5.91038	0.0368196	0.000389648
21.4331	5.91038	0.030835	0.000388759
20.4534	4.37335	0.0236948	0.000390729
18.1801	4.37335	0.0287662	0.000391223
19.7476	2.78306	0.0192539	0.000391958
23.0835	1.59882	0.0143556	0.000392832
21.0802	0.494728	0.0142957	0.000392917
23.0339	0.123895	0.0132906	0.000393216
27.8022	8.40541	0.0880401	0.00038388
26.189	5.91038	0.0356768	0.000388039
28.5669	5.91038	0.0399176	0.000387488
25.6653	12.8882	4.73894	0.000374391
24.4145	10.5869	0.110819	0.000381855
27.0253	10.7509	4.68299	0.000375322
22.5483	7.6571	0.0445952	0.000386044
20.0967	7.6571	0.049839	0.000387164
21.4331	5.91038	0.030835	0.000388759
25.4207	8.55507	0.0736001	0.000384113
22.5483	7.6571	0.0445952	0.000386044
24.1844	6.78374	0.0402992	0.000387
21.25	9.60269	0.0686471	0.000384221
20.0967	7.6571	0.049839	0.000387164
22.5483	7.6571	0.0445952	0.000386044
14.9215	7.36598	0.0768418	0.000391599
16.6772	5.91038	0.0463414	0.000390963
17.645	7.6571	0.0686125	0.000388957
21.913	2.6468	0.0165376	0.000392159
21.0802	0.494728	0.0142957	0.000392917
23.0835	1.59882	0.0143556	0.000392832
37.3284	7.80676	0.0714808	0.000379431
38.0788	5.91038	0.0566581	0.00038004
39.7099	7.6571	0.0916214	0.000378696
33.4473	6.2015	0.0435263	0.000383836
35.7008	5.91038	0.0448638	0.000381969
34.9468	7.95642	0.0666494	0.000380867
33.75	9.60269	0.105201	0.000380441
32.355	7.6571	0.0651057	0.000382959
34.9468	7.95642	0.0666494	0.000380867
31.8199	4.37335	0.0287677	0.000387516
34.5833	3.0556	0.0269964	0.000385914
33.4473	6.2015	0.0435263	0.000383836
36.3664	4.37335	0.0394855	0.000382696
38.0788	5.91038	0.0566581	0.00038004
35.7008	5.91038	0.0448638	0.000381969
19.7476	2.78306	0.0192539	0.000391958
17.2597	1.96546	0.0228775	0.000392117
19.1515	1.10996	0.0178754	0.000392356
18.1801	4.37335	0.0287662	0.000391223
16.6772	5.91038	0.0463414	0.000390963
15.4167	3.0556	0.0315571	0.000392132
19.7476	2.78306	0.0192539	0.000391958
18.1801	4.37335	0.0287662	0.000391223
17.2597	1.96546	0.0228775	0.000392117
19.0551	5.91038	0.0368196	0.000389648
16.6772	5.91038	0.0463414	0.000390963
18.1801	4.37335	0.0287662	0.000391223
21.913	2.6468	0.0165376	0.000392159
22.7267	4.37335	0.0218611	0.000390516
20.4534	4.37335	0.0236948	0.000390729
20.0967	7.6571	0.049839	0.000387164
18.75	9.60269	0.0955075	0.000386261
17.645	7.6571	0.0686125	0.000388957
14.9215	7.36598	0.0768418	0.000391599
13.6336	4.37335	0.0459415	0.00039258
16.6772	5.91038	0.0463414	0.000390963
32.355	7.6571	0.0651057	0.000382959
33.75	9.60269	0.105201	0.000380441
31.25	9.60269	0.124196	0.000381492
38.0788	5.91038	0.0566581	0.00038004
37.3284	7.80676	0.0714808	0.000379431
35.7008	5.91038	0.0448638	0.000381969
38.75	9.60269	0.120672	0.000378942
41.25	9.60269	0.165846	0.000379572
40.1627	11.7351	4.79376	0.000375157
36.25	9.60269	0.0990915	0.000379425
38.75	9.60269	0.120672	0.000378942
37.4683	11.4071	0.172932	0.000379804
39.7099	7.6571	0.0916214	0.000378696
41.25	9.60269	0.165846	0.000379572
38.75	9.60269	0.120672	0.000378942
15.4167	3.0556	0.0315571	0.000392132
17.2597	1.96546	0.0228775	0.000392117
18.1801	4.37335	0.0287662	0.000391223
44.0204	14.0413	4.94403	0.000382929
41.2166	14.2175	4.91886	0.000380246
42.6898	11.7351	4.8647	0.000377059
14.9215	7.36598	0.0768418	0.000391599
12.6058	7.51154	0.0896994	0.000393374
13.6336	4.37335	0.0459415	0.00039258
15.1767	12.2293	4.80965	0.000383854
12.5545	12.0646	4.82476	0.000387799
13.513	9.30337	0.132922	0.000392545
16.5822	10.0948	4.65582	0.000382478
17.7988	12.3941	4.7334	0.00038002
15.1767	12.2293	4.80965	0.000383854
14.1312	14.0413	4.89058	0.000385948
12.5545	12.0646	4.82476	0.000387799
15.1767	12.2293	4.80965	0.000383854
15.9817	15.8026	4.90308	0.000383913
14.7591	18.4213	4.95917	0.000388846
13.1778	15.9788	4.9405	0.00038882
16.5822	10.0948	4.65582	0.000382478
18.75	9.60269	0.0955075	0.000386261
17.7988	12.3941	4.7334	0.00038002
22.0108	14.5924	0.164955	0.000382084
24.3933	15.2742	0.212373	0.00038138
20.9532	16.5071	0.222062	0.000384319
11.4404	21.3083	4.98789	0.000398509
12.2064	19.1174	4.9769	0.000393903
14.6026	21.856	4.98319	0.000394838
8.66123	21.856	4.99254	0.000403039
11.4404	21.3083	4.98789	0.000398509
10.9756	24.1362	4.99336	0.000404972
8.66123	21.856	4.99254	0.000403039
9.3634	19.1174	4.98382	0.000397936
11.4404	21.3083	4.98789	0.000398509
6.52038	19.1174	4.98842	0.000400883
7.464	16.5071	4.97316	0.00039697
9.3634	19.1174	4.98382	0.000397936
3.67737	19.1174	4.99155	0.000402828
6.52038	19.1174	4.98842	0.000400883
5.62671	21.6734	4.9945	0.0004056
3.67737	19.1174	4.99155	0.000402828
4.76616	16.5071	4.98095	0.000398878
6.52038	19.1174	4.98842	0.000400883
10.1618	16.5071	4.96326	0.000393929
12.2064	19.1174	4.9769	0.000393903
9.3634	19.1174	4.98382	0.000397936
5.97957	14.0413	4.95525	0.000395609
8.69678	14.0413	4.93421	0.000393576
7.464	16.5071	4.97316	0.00039697
11.414	14.0413	4.91364	0.000390239
13.1778	15.9788	4.9405	0.00038882
10.1618	16.5071	4.96326	0.000393929
15.1767	12.2293	4.80965	0.000383854
16.8484	14.0413	4.83347	0.000381521
14.1312	14.0413	4.89058	0.000385948
6.52038	19.1174	4.98842	0.000400883
9.3634	19.1174	4.98382	0.000397936
8.66123	21.856	4.99254	0.000403039
14.7591	18.4213	4.95917	0.000388846
12.2064	19.1174	4.9769	0.000393903
13.1778	15.9788	4.9405	0.00038882
14.7591	18.4213	4.95917	0.000388846
14.6026	21.856	4.98319	0.000394838
12.2064	19.1174	4.9769	0.000393903
12.6058	7.51154	0.0896994	0.000393374
11.9212	5.91038	0.0754142	0.000393396
13.6336	4.37335	0.0459415	0.00039258
11.25	9.60269	0.152581	0.000394991
12.6058	7.51154	0.0896994	0.000393374
13.513	9.30337	0.132922	0.000392545
10.2901	7.6571	0.114855	0.000394858
11.9212	5.91038	0.0754142	0.000393396
12.6058	7.51154	0.0896994	0.000393374
41.2166	14.2175	4.91886	0.000380246
40.1627	11.7351	4.79376	0.000375157
42.6898	11.7351	4.8647	0.000377059
35.1085	11.7351	0.178181	0.000379971
37.4683	11.4071	0.172932	0.000379804
35.6088	14.5697	4.87291	0.000377124
33.1516	14.0413	4.86829	0.00037558
35.1085	11.7351	0.178181	0.000379971
35.6088	14.5697	4.87291	0.000377124
32.5813	11.7351	4.74961	0.000374304
33.75	9.60269	0.105201	0.000380441
35.1085	11.7351	0.178181	0.000379971
37.3284	7.80676	0.0714808	0.000379431
39.7099	7.6571	0.0916214	0.000378696
38.75	9.60269	0.120672	0.000378942
36.25	9.60269	0.0990915	0.000379425
37.3284	7.80676	0.0714808	0.000379431
38.75	9.60269	0.120672	0.000378942
35.1085	11.7351	0.178181	0.000379971
36.25	9.60269	0.0990915	0.000379425
37.4683	11.4071	0.172932	0.000379804
34.9468	7.95642	0.0666494	0.000380867
37.3284	7.80676	0.0714808	0.000379431
36.25	9.60269	0.0990915	0.000379425
34.9468	7.95642	0.0666494	0.000380867
35.7008	5.91038	0.0448638	0.000381969
37.3284	7.80676	0.0714808	0.000379431
42.536	16.5071	4.96606	0.000387193
44.0204	14.0413	4.94403	0.000382929
45.2338	16.5071	4.97617	0.000390329
38.4127	14.3936	4.88663	0.000378291
41.2166	14.2175	4.91886	0.000380246
39.693	16.8552	4.95715	0.000385
38.4127	14.3936	4.88663	0.000378291
37.4683	11.4071	0.172932	0.000379804
40.1627	11.7351	4.79376	0.000375157
10.2901	7.6571	0.114855	0.000394858
12.6058	7.51154	0.0896994	0.000393374
11.25	9.60269	0.152581	0.000394991
28.2875	13.053	4.83226	0.000374281
30.001	14.922	4.90333	0.000375568
26.3489	16.5071	4.87926	0.000376228
35.1085	11.7351	0.178181	0.000379971
33.1516	14.0413	4.86829	0.00037558
32.5813	11.7351	4.74961	0.000374304
30.001	14.922	4.90333	0.000375568
28.6113	17.5512	4.93713	0.000377571
26.3489	16.5071	4.87926	0.000376228
30.9096	13.2177	4.84963	0.000374579
30.001	14.922	4.90333	0.000375568
28.2875	13.053	4.83226	0.000374281
29.636	10.915	4.72979	0.000374831
30.9096	13.2177	4.84963	0.000374579
28.2875	13.053	4.83226	0.000374281
32.5813	11.7351	4.74961	0.000374304
33.1516	14.0413	4.86829	0.00037558
30.9096	13.2177	4.84963	0.000374579
31.7446	16.5071	4.9368	0.000377951
28.6113	17.5512	4.93713	0.000377571
30.001	14.922	4.90333	0.000375568
34.4425	16.5071	4.93688	0.000379872
31.7446	16.5071	4.9368	0.000377951
33.1516	14.0413	4.86829	0.00037558
34.4425	16.5071	4.93688	0.000379872
34.9506	19.1174	4.97216	0.000384757
32.1075	19.1174	4.96754	0.000380494
37.1403	16.5071	4.94056	0.000381919
34.4425	16.5071	4.93688	0.000379872
35.6088	14.5697	4.87291	0.000377124
37.1403	16.5071	4.94056	0.000381919
37.7936	19.1174	4.97538	0.000388439
34.9506	19.1174	4.97216	0.000384757
11.414	14.0413	4.91364	0.000390239
14.1312	14.0413	4.89058	0.000385948
13.1778	15.9788	4.9405	0.00038882
8.69678	14.0413	4.93421	0.000393576
9.93237	11.8999	4.84583	0.000390963
11.414	14.0413	4.91364	0.000390239
11.25	9.60269	0.152581	0.000394991
13.513	9.30337	0.132922	0.000392545
12.5545	12.0646	4.82476	0.000387799
10.2901	7.6571	0.114855	0.000394858
11.25	9.60269	0.152581	0.000394991
8.74996	9.60269	0.188646	0.000396783
13.513	9.30337	0.132922	0.000392545
16.5822	10.0948	4.65582	0.000382478
15.1767	12.2293	4.80965	0.000383854
9.93237	11.8999	4.84583	0.000390963
11.25	9.60269	0.152581	0.000394991
12.5545	12.0646	4.82476	0.000387799
11.414	14.0413	4.91364	0.000390239
9.93237	11.8999	4.84583	0.000390963
12.5545	12.0646	4.82476	0.000387799
8.69678	14.0413	4.93421	0.000393576
7.31021	11.7351	4.88932	0.000392824
9.93237	11.8999	4.84583	0.000390963
37.4683	11.4071	0.172932	0.000379804
38.4127	14.3936	4.88663	0.000378291
35.6088	14.5697	4.87291	0.000377124
42.536	16.5071	4.96606	0.000387193
43.4158	19.3	4.98655	0.000395608
40.5089	19.4825	4.98267	0.000392813
44.0204	14.0413	4.94403	0.000382929
42.536	16.5071	4.96606	0.000387193
41.2166	14.2175	4.91886	0.000380246
45.2338	16.5071	4.97617	0.000390329
43.4158	19.3	4.98655	0.000395608
42.536	16.5071	4.96606	0.000387193
40.5089	19.4825	4.98267	0.000392813
41.2294	22.236	4.99264	0.000400379
38.204	22.4261	4.99031	0.00039574
42.536	16.5071	4.96606	0.000387193
40.5089	19.4825	4.98267	0.000392813
39.693	16.8552	4.95715	0.000385
43.4158	19.3	4.98655	0.000395608
41.2294	22.236	4.99264	0.000400379
40.5089	19.4825	4.98267	0.000392813
47.2801	21.856	4.99537	0.000405736
44.3095	21.856	4.99394	0.000403025
46.3226	19.1174	4.98977	0.000398195
38.4127	14.3936	4.88663	0.000378291
37.1403	16.5071	4.94056	0.000381919
35.6088	14.5697	4.87291	0.000377124
40.1627	11.7351	4.79376	0.000375157
41.2166	14.2175	4.91886	0.000380246
38.4127	14.3936	4.88663	0.000378291
38.75	9.60269	0.120672	0.000378942
40.1627	11.7351	4.79376	0.000375157
37.4683	11.4071	0.172932	0.000379804
41.25	9.60269	0.165846	0.000379572
42.6898	11.7351	4.8647	0.000377059
40.1627	11.7351	4.79376	0.000375157
39.693	16.8552	4.95715	0.000385
37.1403	16.5071	4.94056	0.000381919
38.4127	14.3936	4.88663	0.000378291
40.5089	19.4825	4.98267	0.000392813
37.7936	19.1174	4.97538	0.000388439
39.693	16.8552	4.95715	0.000385
28.8815	20.2128	4.96348	0.000378013
29.1279	22.9961	4.95941	0.000373979
26.1025	23.1861	4.97065	0.000380851
32.1075	19.1174	4.96754	0.000380494
34.9506	19.1174	4.97216	0.000384757
32.4267	21.856	4.97338	0.000378932
28.8815	20.2128	4.96348	0.000378013
32.1075	19.1174	4.96754	0.000380494
32.4267	21.856	4.97338	0.000378932
31.7446	16.5071	4.9368	0.000377951
34.4425	16.5071	4.93688	0.000379872
32.1075	19.1174	4.96754	0.000380494
28.6113	17.5512	4.93713	0.000377571
31.7446	16.5071	4.9368	0.000377951
32.1075	19.1174	4.96754	0.000380494
11.414	14.0413	4.91364	0.000390239
12.5545	12.0646	4.82476	0.000387799
14.1312	14.0413	4.89058	0.000385948
12.2064	19.1174	4.9769	0.000393903
10.1618	16.5071	4.96326	0.000393929
13.1778	15.9788	4.9405	0.00038882
9.93237	11.8999	4.84583	0.000390963
8.74996	9.60269	0.188646	0.000396783
11.25	9.60269	0.152581	0.000394991
43.4158	19.3	4.98655	0.000395608
45.2338	16.5071	4.97617	0.000390329
46.3226	19.1174	4.98977	0.000398195
33.1516	14.0413	4.86829	0.00037558
35.6088	14.5697	4.87291	0.000377124
34.4425	16.5071	4.93688	0.000379872
36.25	9.60269	0.0990915	0.000379425
33.75	9.60269	0.105201	0.000380441
34.9468	7.95642	0.0666494	0.000380867
21.9134	33.7485	0.251481	0.000416998
18.9132	34.917	4.85601	0.0004501
18.6835	32.5943	4.9179	0.000428748
25	30.6708	4.91106	0.000381316
21.9134	33.7485	0.251481	0.000416998
21.9612	30.6708	4.92229	0.000406594
21.8846	36.8646	4.79471	0.00045273
18.9132	34.917	4.85601	0.0004501
21.9134	33.7485	0.251481	0.000416998
25	40	4.85647	0.000511388
21.8846	36.8646	4.79471	0.00045273
25.1151	35.3065	0.191154	0.000342526
21.9134	33.7485	0.251481	0.000416998
18.6835	32.5943	4.9179	0.000428748
21.9612	30.6708	4.92229	0.000406594
18.7212	38.8242	0.207223	0.000544914
18.9132	34.917	4.85601	0.0004501
21.8846	36.8646	4.79471	0.00045273
17.2667	36.7732	0.25016	0.00049958
15.8122	34.7222	4.90386	0.000455539
18.9132	34.917	4.85601	0.0004501
18.7212	38.8242	0.207223	0.000544914
17.2667	36.7732	0.25016	0.00049958
18.9132	34.917	4.85601	0.0004501
18.7212	38.8242	0.207223	0.000544914
15.601	39.0202	0.243871	0.00056253
17.2667	36.7732	0.25016	0.00049958
18.7981	41.9596	0.233953	0.000750302
18.7212	38.8242	0.207223	0.000544914
21.9014	39.3141	0.236043	0.000542171
15.601	39.0202	0.243871	0.00056253
15.8122	34.7222	4.90386	0.000455539
17.2667	36.7732	0.25016	0.00049958
14.001	23.9462	4.98951	0.000400296
14.6026	21.856	4.98319	0.000394838
17.2998	24.7062	4.98561	0.000397612
13.1107	27.6505	4.99034	0.000412556
12.8447	30.6708	4.98288	0.000426688
10.1383	27.6505	4.99434	0.000416751
15.2052	26.1784	4.98861	0.000404654
15.7173	29.727	4.97813	0.000417026
13.1107	27.6505	4.99034	0.000412556
20.3799	24.7062	4.97943	0.000394247
18.0114	27.1222	4.98137	0.000403731
17.2998	24.7062	4.98561	0.000397612
18.7229	29.5382	4.96429	0.000411826
15.7173	29.727	4.97813	0.000417026
18.0114	27.1222	4.98137	0.000403731
18.7229	29.5382	4.96429	0.000411826
18.6835	32.5943	4.9179	0.000428748
15.7173	29.727	4.97813	0.000417026
10.9756	24.1362	4.99336	0.000404972
8.05963	24.7062	4.99583	0.000409888
8.66123	21.856	4.99254	0.000403039
10.1383	27.6505	4.99434	0.000416751
8.05963	24.7062	4.99583	0.000409888
10.9756	24.1362	4.99336	0.000404972
10.1383	27.6505	4.99434	0.000416751
9.80591	30.6708	4.99113	0.000431994
7.16598	27.6505	4.99672	0.00042007
6.70061	30.2933	4.99608	0.000432887
7.16598	27.6505	4.99672	0.00042007
9.80591	30.6708	4.99113	0.000431994
4.97956	24.7062	4.99709	0.000412758
5.62671	21.6734	4.9945	0.0004056
8.05963	24.7062	4.99583	0.000409888
3.67737	19.1174	4.99155	0.000402828
5.62671	21.6734	4.9945	0.0004056
2.71986	21.856	4.99594	0.000407943
6.52038	19.1174	4.98842	0.000400883
4.76616	16.5071	4.98095	0.000398878
7.464	16.5071	4.97316	0.00039697
25	30.6708	4.91106	0.000381316
28.0388	30.6708	4.93003	0.000369143
28.0866	33.7485	3.6903	0.000322385
47.2801	21.856	4.99537	0.000405736
48.1005	24.7062	4.99739	0.000412572
45.0204	24.7062	4.99681	0.000410014
26.4215	19.1174	4.94097	0.000379144
26.3489	16.5071	4.87926	0.000376228
28.6113	17.5512	4.93713	0.000377571
18.0114	27.1222	4.98137	0.000403731
22.0277	27.6505	4.97233	0.000400194
18.7229	29.5382	4.96429	0.000411826
17.2541	20.9431	4.96838	0.000389226
20.544	21.856	4.96389	0.000387438
17.2998	24.7062	4.98561	0.000397612
23.0771	23.3761	4.97534	0.000387614
26.1025	23.1861	4.97065	0.000380851
25.3391	26.1784	4.97158	0.000386384
17.2998	24.7062	4.98561	0.000397612
20.544	21.856	4.96389	0.000387438
20.3799	24.7062	4.97943	0.000394247
24.8405	21.1517	4.95657	0.000382105
26.1025	23.1861	4.97065	0.000380851
23.0771	23.3761	4.97534	0.000387614
20.544	21.856	4.96389	0.000387438
24.8405	21.1517	4.95657	0.000382105
23.0771	23.3761	4.97534	0.000387614
23.5785	19.1174	4.90824	0.000380131
26.4215	19.1174	4.94097	0.000379144
24.8405	21.1517	4.95657	0.000382105
31.199	26.5464	0.34344	0.000376952
30.7452	28.7831	4.94546	0.000375254
28.269	26.3624	4.95098	0.000375484
29.1279	22.9961	4.95941	0.000373979
31.199	26.5464	0.34344	0.000376952
28.269	26.3624	4.95098	0.000375484
32.7002	24.7062	4.95283	0.000374362
33.7508	28.5944	4.96456	0.000382555
31.199	26.5464	0.34344	0.000376952
20.544	21.856	4.96389	0.000387438
23.0771	23.3761	4.97534	0.000387614
20.3799	24.7062	4.97943	0.000394247
20.7355	19.1174	4.90532	0.000382083
20.544	21.856	4.96389	0.000387438
17.2541	20.9431	4.96838	0.000389226
17.7548	18.7251	4.93215	0.000384782
18.2554	16.5071	4.85986	0.000381189
20.7355	19.1174	4.90532	0.000382083
14.7591	18.4213	4.95917	0.000388846
17.7548	18.7251	4.93215	0.000384782
17.2541	20.9431	4.96838	0.000389226
14.7591	18.4213	4.95917	0.000388846
15.9817	15.8026	4.90308	0.000383913
17.7548	18.7251	4.93215	0.000384782
20.9532	16.5071	0.222062	0.000384319
23.5785	19.1174	4.90824	0.000380131
20.7355	19.1174	4.90532	0.000382083
23.5785	19.1174	4.90824	0.000380131
24.8405	21.1517	4.95657	0.000382105
20.544	21.856	4.96389	0.000387438
26.689	28.4246	4.95639	0.000383038
22.0277	27.6505	4.97233	0.000400194
25.3391	26.1784	4.97158	0.000386384
21.9612	30.6708	4.92229	0.000406594
18.6835	32.5943	4.9179	0.000428748
18.7229	29.5382	4.96429	0.000411826
20.7355	19.1174	4.90532	0.000382083
23.5785	19.1174	4.90824	0.000380131
20.544	21.856	4.96389	0.000387438
16.8484	14.0413	4.83347	0.000381521
19.5656	14.0413	0.182046	0.000383993
18.2554	16.5071	4.85986	0.000381189
16.8484	14.0413	4.83347	0.000381521
17.7988	12.3941	4.7334	0.00038002
19.5656	14.0413	0.182046	0.000383993
14.1312	14.0413	4.89058	0.000385948
16.8484	14.0413	4.83347	0.000381521
15.9817	15.8026	4.90308	0.000383913
15.1767	12.2293	4.80965	0.000383854
17.7988	12.3941	4.7334	0.00038002
16.8484	14.0413	4.83347	0.000381521
18.75	9.60269	0.0955075	0.000386261
21.25	9.60269	0.0686471	0.000384221
19.9458	11.7351	0.12332	0.000383693
24.3933	15.2742	0.212373	0.00038138
23.5785	19.1174	4.90824	0.000380131
20.9532	16.5071	0.222062	0.000384319
4.97956	24.7062	4.99709	0.000412758
4.19365	27.6505	4.99782	0.00042283
1.8995	24.7062	4.99766	0.000415011
8.74996	9.60269	0.188646	0.000396783
9.93237	11.8999	4.84583	0.000390963
7.31021	11.7351	4.88932	0.000392824
46.8029	37.0605	4.96865	0.000431627
43.6827	37.2565	4.93302	0.000425955
46.6062	33.7485	4.98755	0.000423446
41.9404	24.7062	4.99572	0.000406199
45.0204	24.7062	4.99681	0.000410014
42.7675	28.0281	4.99552	0.000411988
38.8603	24.7062	4.99325	0.000400359
41.9404	24.7062	4.99572	0.000406199
39.9888	27.0985	4.99399	0.000405474
41.2294	22.236	4.99264	0.000400379
44.3095	21.856	4.99394	0.000403025
41.9404	24.7062	4.99572	0.000406199
48.7787	27.6505	4.99738	0.00041829
49.3105	30.6708	4.99531	0.000422588
46.2478	30.8632	4.99414	0.000420189
26.1025	23.1861	4.97065	0.000380851
24.8405	21.1517	4.95657	0.000382105
28.8815	20.2128	4.96348	0.000378013
28.269	26.3624	4.95098	0.000375484
26.1025	23.1861	4.97065	0.000380851
29.1279	22.9961	4.95941	0.000373979
23.0771	23.3761	4.97534	0.000387614
22.0277	27.6505	4.97233	0.000400194
20.3799	24.7062	4.97943	0.000394247
12.8447	30.6708	4.98288	0.000426688
12.7112	34.5275	4.96024	0.000460469
9.49534	33.1714	4.98726	0.000450997
10.1383	27.6505	4.99434	0.000416751
12.8447	30.6708	4.98288	0.000426688
9.80591	30.6708	4.99113	0.000431994
14.3285	32.6965	4.95979	0.000439267
18.6835	32.5943	4.9179	0.000428748
15.8122	34.7222	4.90386	0.000455539
25.1151	35.3065	0.191154	0.000342526
21.8846	36.8646	4.79471	0.00045273
21.9134	33.7485	0.251481	0.000416998
14.3285	32.6965	4.95979	0.000439267
12.7112	34.5275	4.96024	0.000460469
12.8447	30.6708	4.98288	0.000426688
18.9132	34.917	4.85601	0.0004501
15.8122	34.7222	4.90386	0.000455539
18.6835	32.5943	4.9179	0.000428748
15.601	39.0202	0.243871	0.00056253
12.5385	36.8646	4.93787	0.000498633
15.8122	34.7222	4.90386	0.000455539
23.5785	19.1174	4.90824	0.000380131
24.3933	15.2742	0.212373	0.00038138
26.3489	16.5071	4.87926	0.000376228
28.8815	20.2128	4.96348	0.000378013
24.8405	21.1517	4.95657	0.000382105
26.4215	19.1174	4.94097	0.000379144
18.2554	16.5071	4.85986	0.000381189
17.7548	18.7251	4.93215	0.000384782
15.9817	15.8026	4.90308	0.000383913
14.6026	21.856	4.98319	0.000394838
17.2541	20.9431	4.96838	0.000389226
17.2998	24.7062	4.98561	0.000397612
15.9817	15.8026	4.90308	0.000383913
13.1778	15.9788	4.9405	0.00038882
14.1312	14.0413	4.89058	0.000385948
14.6026	21.856	4.98319	0.000394838
14.7591	18.4213	4.95917	0.000388846
17.2541	20.9431	4.96838	0.000389226
11.4404	21.3083	4.98789	0.000398509
14.001	23.9462	4.98951	0.000400296
10.9756	24.1362	4.99336	0.000404972
30.001	14.922	4.90333	0.000375568
30.9096	13.2177	4.84963	0.000374579
33.1516	14.0413	4.86829	0.00037558
31.7446	16.5071	4.9368	0.000377951
30.001	14.922	4.90333	0.000375568
33.1516	14.0413	4.86829	0.00037558
25.6653	12.8882	4.73894	0.000374391
27.0253	10.7509	4.68299	0.000375322
28.2875	13.053	4.83226	0.000374281
25.6653	12.8882	4.73894	0.000374391
28.2875	13.053	4.83226	0.000374281
26.3489	16.5071	4.87926	0.000376228
33.75	9.60269	0.105201	0.000380441
36.25	9.60269	0.0990915	0.000379425
35.1085	11.7351	0.178181	0.000379971
39.693	16.8552	4.95715	0.000385
41.2166	14.2175	4.91886	0.000380246
42.536	16.5071	4.96606	0.000387193
28.8815	20.2128	4.96348	0.000378013
26.4215	19.1174	4.94097	0.000379144
28.6113	17.5512	4.93713	0.000377571
40.625	40	0.222257	0.000453443
43.75	40	4.8665	0.000451686
43.6923	43.1354	0.238966	0.000560836
34.399	40.9798	0.16912	0.000539755
37.5	40	4.78116	0.00044789
37.5191	43.9145	0.142623	0.000658716
40.5769	36.8646	4.91288	0.000415288
43.6827	37.2565	4.93302	0.000425955
40.625	40	0.222257	0.000453443
37.3464	33.7485	4.96354	0.000402019
33.997	31.6326	4.96659	0.000390339
37.1553	30.6708	4.98209	0.000398876
40.625	40	0.222257	0.000453443
37.5	40	4.78116	0.00044789
40.5769	36.8646	4.91288	0.000415288
37.4615	36.8646	4.90997	0.000411795
34.1596	34.7385	4.93753	0.000398951
37.3464	33.7485	4.96354	0.000402019
46.2478	30.8632	4.99414	0.000420189
45.7731	27.8393	4.99684	0.000416126
48.7787	27.6505	4.99738	0.00041829
49.6928	33.7485	4.98989	0.000426517
46.6062	33.7485	4.98755	0.000423446
49.3105	30.6708	4.99531	0.000422588
40.1941	30.6708	4.98861	0.000407625
37.1553	30.6708	4.98209	0.000398876
36.8893	27.6505	4.98674	0.000395874
43.2329	30.6708	4.99182	0.000414553
40.1941	30.6708	4.98861	0.000407625
42.7675	28.0281	4.99552	0.000411988
40.433	33.7485	4.96965	0.000408227
37.3464	33.7485	4.96354	0.000402019
40.1941	30.6708	4.98861	0.000407625
31.3171	35.696	4.87248	0.000382767
31.2019	38.0404	0.228161	0.000428224
28.1154	36.8646	3.4913	0.00035128
33.997	31.6326	4.96659	0.000390339
34.1596	34.7385	4.93753	0.000398951
30.9343	31.8249	4.94387	0.000375152
34.3221	37.8444	4.84495	0.000423497
31.2019	38.0404	0.228161	0.000428224
31.3171	35.696	4.87248	0.000382767
37.5	40	4.78116	0.00044789
34.3221	37.8444	4.84495	0.000423497
37.4615	36.8646	4.90997	0.000411795
34.399	40.9798	0.16912	0.000539755
31.2019	38.0404	0.228161	0.000428224
34.3221	37.8444	4.84495	0.000423497
40.1941	30.6708	4.98861	0.000407625
39.9888	27.0985	4.99399	0.000405474
42.7675	28.0281	4.99552	0.000411988
7.16598	27.6505	4.99672	0.00042007
8.05963	24.7062	4.99583	0.000409888
10.1383	27.6505	4.99434	0.000416751
3.69504	30.482	4.99775	0.000436617
4.19365	27.6505	4.99782	0.00042283
6.70061	30.2933	4.99608	0.000432887
4.97956	24.7062	4.99709	0.000412758
8.05963	24.7062	4.99583	0.000409888
7.16598	27.6505	4.99672	0.00042007
2.71986	21.856	4.99594	0.000407943
4.97956	24.7062	4.99709	0.000412758
1.8995	24.7062	4.99766	0.000415011
14.001	23.9462	4.98951	0.000400296
11.4404	21.3083	4.98789	0.000398509
14.6026	21.856	4.98319	0.000394838
13.1107	27.6505	4.99034	0.000412556
10.9756	24.1362	4.99336	0.000404972
14.001	23.9462	4.98951	0.000400296
8.66123	21.856	4.99254	0.000403039
5.62671	21.6734	4.9945	0.0004056
6.52038	19.1174	4.98842	0.000400883
12.2064	19.1174	4.9769	0.000393903
11.4404	21.3083	4.98789	0.000398509
9.3634	19.1174	4.98382	0.000397936
8.05963	24.7062	4.99583	0.000409888
5.62671	21.6734	4.9945	0.0004056
8.66123	21.856	4.99254	0.000403039
44.3095	21.856	4.99394	0.000403025
41.2294	22.236	4.99264	0.000400379
43.4158	19.3	4.98655	0.000395608
45.7731	27.8393	4.99684	0.000416126
45.0204	24.7062	4.99681	0.000410014
48.1005	24.7062	4.99739	0.000412572
38.8603	24.7062	4.99325	0.000400359
36.8893	27.6505	4.98674	0.000395874
35.7802	24.7062	4.98347	0.000388708
45.7731	27.8393	4.99684	0.000416126
42.7675	28.0281	4.99552	0.000411988
45.0204	24.7062	4.99681	0.000410014
43.2329	30.6708	4.99182	0.000414553
46.2478	30.8632	4.99414	0.000420189
43.5196	33.7485	4.97835	0.000416543
40.433	33.7485	4.96965	0.000408227
43.2329	30.6708	4.99182	0.000414553
43.5196	33.7485	4.97835	0.000416543
42.7675	28.0281	4.99552	0.000411988
45.7731	27.8393	4.99684	0.000416126
43.2329	30.6708	4.99182	0.000414553
41.9404	24.7062	4.99572	0.000406199
42.7675	28.0281	4.99552	0.000411988
39.9888	27.0985	4.99399	0.000405474
45.7731	27.8393	4.99684	0.000416126
46.2478	30.8632	4.99414	0.000420189
43.2329	30.6708	4.99182	0.000414553
8.69678	14.0413	4.93421	0.000393576
5.97957	14.0413	4.95525	0.000395609
7.31021	11.7351	4.88932	0.000392824
10.1618	16.5071	4.96326	0.000393929
8.69678	14.0413	4.93421	0.000393576
11.414	14.0413	4.91364	0.000390239
7.464	16.5071	4.97316	0.00039697
4.76616	16.5071	4.98095	0.000398878
5.97957	14.0413	4.95525	0.000395609
10.1618	16.5071	4.96326	0.000393929
7.464	16.5071	4.97316	0.00039697
8.69678	14.0413	4.93421	0.000393576
10.1618	16.5071	4.96326	0.000393929
9.3634	19.1174	4.98382	0.000397936
7.464	16.5071	4.97316	0.00039697
9.42308	36.8646	4.97908	0.000502987
9.49534	33.1714	4.98726	0.000450997
12.7112	34.5275	4.96024	0.000460469
12.5	40	4.93232	0.000597623
9.36058	39.4121	4.97824	0.000575519
12.5385	36.8646	4.93787	0.000498633
9.36058	39.4121	4.97824	0.000575519
6.30769	36.8646	4.99229	0.000502371
9.42308	36.8646	4.97908	0.000502987
3.19231	36.8646	4.99664	0.000503028
3.40821	33.9432	4.99722	0.000463188
6.30769	36.8646	4.99229	0.000502371
0.076922	36.8646	4.99764	0.000502463
3.19231	36.8646	4.99664	0.000503028
3.125	40	4.99634	0.000588859
0.076922	36.8646	4.99764	0.000502463
0.307214	33.7485	4.99797	0.000462778
3.19231	36.8646	4.99664	0.000503028
6.70061	30.2933	4.99608	0.000432887
9.80591	30.6708	4.99113	0.000431994
9.49534	33.1714	4.98726	0.000450997
2.71986	21.856	4.99594	0.000407943
5.62671	21.6734	4.9945	0.0004056
4.97956	24.7062	4.99709	0.000412758
18.0114	27.1222	4.98137	0.000403731
15.7173	29.727	4.97813	0.000417026
15.2052	26.1784	4.98861	0.000404654
43.5196	33.7485	4.97835	0.000416543
40.5769	36.8646	4.91288	0.000415288
40.433	33.7485	4.96965	0.000408227
49.9231	36.8646	4.97623	0.000435117
46.8029	37.0605	4.96865	0.000431627
49.6928	33.7485	4.98989	0.000426517
43.75	40	4.8665	0.000451686
40.625	40	0.222257	0.000453443
43.6827	37.2565	4.93302	0.000425955
13.1107	27.6505	4.99034	0.000412556
15.7173	29.727	4.97813	0.000417026
12.8447	30.6708	4.98288	0.000426688
10.9756	24.1362	4.99336	0.000404972
13.1107	27.6505	4.99034	0.000412556
10.1383	27.6505	4.99434	0.000416751
15.2052	26.1784	4.98861	0.000404654
17.2998	24.7062	4.98561	0.000397612
18.0114	27.1222	4.98137	0.000403731
14.001	23.9462	4.98951	0.000400296
15.2052	26.1784	4.98861	0.000404654
13.1107	27.6505	4.99034	0.000412556
14.001	23.9462	4.98951	0.000400296
17.2998	24.7062	4.98561	0.000397612
15.2052	26.1784	4.98861	0.000404654
46.6062	33.7485	4.98755	0.000423446
43.6827	37.2565	4.93302	0.000425955
43.5196	33.7485	4.97835	0.000416543
50	40	4.95999	0.00045708
46.8029	37.0605	4.96865	0.000431627
49.9231	36.8646	4.97623	0.000435117
46.8798	40.196	4.93524	0.000485998
43.75	40	4.8665	0.000451686
46.8029	37.0605	4.96865	0.000431627
21.9014	39.3141	0.236043	0.000542171
21.9183	41.7637	4.84798	0.000722321
18.7981	41.9596	0.233953	0.000750302
25	40	4.85647	0.000511388
21.9014	39.3141	0.236043	0.000542171
21.8846	36.8646	4.79471	0.00045273
25	40	4.85647	0.000511388
21.9183	41.7637	4.84798	0.000722321
21.9014	39.3141	0.236043	0.000542171
22.0142	44.8882	4.90904	0.00117671
18.7981	41.9596	0.233953	0.000750302
21.9183	41.7637	4.84798	0.000722321
3.69504	30.482	4.99775	0.000436617
3.40821	33.9432	4.99722	0.000463188
0.68946	30.6708	4.99823	0.000439845
1.22131	27.6505	4.9982	0.00042511
3.69504	30.482	4.99775	0.000436617
0.68946	30.6708	4.99823	0.000439845
6.70061	30.2933	4.99608	0.000432887
6.43263	33.3637	4.9947	0.000455093
3.69504	30.482	4.99775	0.000436617
43.5196	33.7485	4.97835	0.000416543
43.6827	37.2565	4.93302	0.000425955
40.5769	36.8646	4.91288	0.000415288
40.1941	30.6708	4.98861	0.000407625
43.2329	30.6708	4.99182	0.000414553
40.433	33.7485	4.96965	0.000408227
46.6062	33.7485	4.98755	0.000423446
49.6928	33.7485	4.98989	0.000426517
46.8029	37.0605	4.96865	0.000431627
46.2478	30.8632	4.99414	0.000420189
46.6062	33.7485	4.98755	0.000423446
43.5196	33.7485	4.97835	0.000416543
46.2478	30.8632	4.99414	0.000420189
49.3105	30.6708	4.99531	0.000422588
46.6062	33.7485	4.98755	0.000423446
46.8798	40.196	4.93524	0.000485998
46.8029	37.0605	4.96865	0.000431627
50	40	4.95999	0.00045708
9.4375	42.5475	4.98255	0.000817618
6.24038	39.6081	4.99206	0.000574419
9.36058	39.4121	4.97824	0.000575519
9.49534	33.1714	4.98726	0.000450997
9.80591	30.6708	4.99113	0.000431994
12.8447	30.6708	4.98288	0.000426688
12.5385	36.8646	4.93787	0.000498633
9.42308	36.8646	4.97908	0.000502987
12.7112	34.5275	4.96024	0.000460469
6.43263	33.3637	4.9947	0.000455093
6.70061	30.2933	4.99608	0.000432887
9.49534	33.1714	4.98726	0.000450997
4.19365	27.6505	4.99782	0.00042283
4.97956	24.7062	4.99709	0.000412758
7.16598	27.6505	4.99672	0.00042007
1.22131	27.6505	4.9982	0.00042511
4.19365	27.6505	4.99782	0.00042283
3.69504	30.482	4.99775	0.000436617
1.22131	27.6505	4.9982	0.00042511
1.8995	24.7062	4.99766	0.000415011
4.19365	27.6505	4.99782	0.00042283
6.70061	30.2933	4.99608	0.000432887
4.19365	27.6505	4.99782	0.00042283
7.16598	27.6505	4.99672	0.00042007
18.7229	29.5382	4.96429	0.000411826
22.0277	27.6505	4.97233	0.000400194
21.9612	30.6708	4.92229	0.000406594
14.3285	32.6965	4.95979	0.000439267
12.8447	30.6708	4.98288	0.000426688
15.7173	29.727	4.97813	0.000417026
18.6835	32.5943	4.9179	0.000428748
14.3285	32.6965	4.95979	0.000439267
15.7173	29.727	4.97813	0.000417026
15.8122	34.7222	4.90386	0.000455539
12.7112	34.5275	4.96024	0.000460469
14.3285	32.6965	4.95979	0.000439267
18.0114	27.1222	4.98137	0.000403731
20.3799	24.7062	4.97943	0.000394247
22.0277	27.6505	4.97233	0.000400194
3.40821	33.9432	4.99722	0.000463188
3.69504	30.482	4.99775	0.000436617
6.43263	33.3637	4.9947	0.000455093
46.8077	43.1354	4.912	0.000549951
43.6923	43.1354	0.238966	0.000560836
46.8798	40.196	4.93524	0.000485998
49.9231	43.1354	4.94911	0.000545746
46.8077	43.1354	4.912	0.000549951
46.8798	40.196	4.93524	0.000485998
46.2717	49.3292	4.95772	0.00108739
49.3105	49.3292	4.96765	0.00100157
48.7787	52.3495	4.96595	0.00177232
43.5196	46.2515	4.87354	0.000738838
46.2717	49.3292	4.95772	0.00108739
43.2329	49.3292	4.92868	0.0012055
40.433	46.2515	4.79374	0.000783664
43.5196	46.2515	4.87354	0.000738838
43.2329	49.3292	4.92868	0.0012055
43.6923	43.1354	0.238966	0.000560836
46.8077	43.1354	4.912	0.000549951
46.6062	46.2515	4.93282	0.000704202
46.6062	46.2515	4.93282	0.000704202
49.3105	49.3292	4.96765	0.00100157
46.2717	49.3292	4.95772	0.00108739
6.30769	36.8646	4.99229	0.000502371
6.43263	33.3637	4.9947	0.000455093
9.42308	36.8646	4.97908	0.000502987
3.125	40	4.99634	0.000588859
3.19231	36.8646	4.99664	0.000503028
6.24038	39.6081	4.99206	0.000574419
3.40821	33.9432	4.99722	0.000463188
6.43263	33.3637	4.9947	0.000455093
6.30769	36.8646	4.99229	0.000502371
0.307214	33.7485	4.99797	0.000462778
3.40821	33.9432	4.99722	0.000463188
3.19231	36.8646	4.99664	0.000503028
0.307214	33.7485	4.99797	0.000462778
0.68946	30.6708	4.99823	0.000439845
3.40821	33.9432	4.99722	0.000463188
