25	30.6708	4.9071	0.000249465
28.0866	33.7485	4.76262	0.00024561
25.1151	35.3065	0.224907	0.000266522
22.0277	27.6505	4.96832	0.000260042
25	30.6708	4.9071	0.000249465
21.9612	30.6708	4.91594	0.000263448
26.689	28.4246	4.9502	0.000248242
28.269	26.3624	4.95132	0.000248659
30.7452	28.7831	4.94334	0.000247183
25	30.6708	4.9071	0.000249465
26.689	28.4246	4.9502	0.000248242
28.0388	30.6708	4.92974	0.000244481
25.3391	26.1784	4.9683	0.000252338
28.269	26.3624	4.95132	0.000248659
26.689	28.4246	4.9502	0.000248242
28.0388	30.6708	4.92974	0.000244481
30.9343	31.8249	4.93938	0.00024646
28.0866	33.7485	4.76262	0.00024561
22.0277	27.6505	4.96832	0.000260042
26.689	28.4246	4.9502	0.000248242
25	30.6708	4.9071	0.000249465
30.7452	28.7831	4.94334	0.000247183
30.9343	31.8249	4.93938	0.00024646
28.0388	30.6708	4.92974	0.000244481
26.689	28.4246	4.9502	0.000248242
30.7452	28.7831	4.94334	0.000247183
28.0388	30.6708	4.92974	0.000244481
26.1025	23.1861	4.96917	0.000250573
28.269	26.3624	4.95132	0.000248659
25.3391	26.1784	4.9683	0.000252338
29.1279	22.9961	4.96063	0.000248546
32.7002	24.7062	4.95612	0.000250138
31.199	26.5464	0.345317	0.00025258
33.7508	28.5944	4.96405	0.00025274
30.9343	31.8249	4.93938	0.00024646
30.7452	28.7831	4.94334	0.000247183
31.199	26.5464	0.345317	0.00025258
33.7508	28.5944	4.96405	0.00025274
30.7452	28.7831	4.94334	0.000247183
37.4615	36.8646	4.90874	0.000280959
40.433	33.7485	4.96898	0.000270639
40.5769	36.8646	4.91252	0.000281225
36.8893	27.6505	4.98521	0.000259165
37.1553	30.6708	4.97999	0.000261687
33.7508	28.5944	4.96405	0.00025274
36.8893	27.6505	4.98521	0.000259165
39.9888	27.0985	4.99267	0.00026458
40.1941	30.6708	4.98745	0.00026708
34.9506	19.1174	4.97034	0.000251702
34.4425	16.5071	4.93567	0.000249493
37.1403	16.5071	4.93987	0.000251089
38.204	22.4261	4.98871	0.000258228
35.1786	22.6161	4.98129	0.000253507
36.4861	20.8667	4.98037	0.000254483
32.1075	19.1174	4.96565	0.000249379
28.8815	20.2128	4.96182	0.000248446
28.6113	17.5512	4.93525	0.000247959
38.204	22.4261	4.98871	0.000258228
35.7802	24.7062	4.98283	0.000255434
35.1786	22.6161	4.98129	0.000253507
32.7002	24.7062	4.95612	0.000250138
29.1279	22.9961	4.96063	0.000248546
32.4267	21.856	4.9729	0.000249912
45.7731	27.8393	4.99656	0.000272029
48.1005	24.7062	4.99726	0.000269957
48.7787	27.6505	4.99712	0.000273328
38.8603	24.7062	4.99169	0.000261092
41.2294	22.236	4.99197	0.000261805
41.9404	24.7062	4.99505	0.00026538
38.8603	24.7062	4.99169	0.000261092
38.204	22.4261	4.98871	0.000258228
41.2294	22.236	4.99197	0.000261805
36.8893	27.6505	4.98521	0.000259165
38.8603	24.7062	4.99169	0.000261092
39.9888	27.0985	4.99267	0.00026458
35.7802	24.7062	4.98283	0.000255434
38.204	22.4261	4.98871	0.000258228
38.8603	24.7062	4.99169	0.000261092
33.7508	28.5944	4.96405	0.00025274
35.7802	24.7062	4.98283	0.000255434
36.8893	27.6505	4.98521	0.000259165
32.7002	24.7062	4.95612	0.000250138
32.4267	21.856	4.9729	0.000249912
35.1786	22.6161	4.98129	0.000253507
37.7936	19.1174	4.97429	0.000254383
40.5089	19.4825	4.98217	0.000257489
38.204	22.4261	4.98871	0.000258228
35.1786	22.6161	4.98129	0.000253507
32.4267	21.856	4.9729	0.000249912
34.9506	19.1174	4.97034	0.000251702
36.4861	20.8667	4.98037	0.000254483
35.1786	22.6161	4.98129	0.000253507
34.9506	19.1174	4.97034	0.000251702
37.7936	19.1174	4.97429	0.000254383
36.4861	20.8667	4.98037	0.000254483
34.9506	19.1174	4.97034	0.000251702
37.7936	19.1174	4.97429	0.000254383
38.204	22.4261	4.98871	0.000258228
36.4861	20.8667	4.98037	0.000254483
35.7802	24.7062	4.98283	0.000255434
32.7002	24.7062	4.95612	0.000250138
35.1786	22.6161	4.98129	0.000253507
33.7508	28.5944	4.96405	0.00025274
32.7002	24.7062	4.95612	0.000250138
35.7802	24.7062	4.98283	0.000255434
29.1279	22.9961	4.96063	0.000248546
28.8815	20.2128	4.96182	0.000248446
32.4267	21.856	4.9729	0.000249912
37.1403	16.5071	4.93987	0.000251089
39.693	16.8552	4.9568	0.000253171
37.7936	19.1174	4.97429	0.000254383
44.3095	21.856	4.99379	0.000264047
47.2801	21.856	4.9953	0.000265844
45.0204	24.7062	4.99662	0.000268292
41.9404	24.7062	4.99505	0.00026538
44.3095	21.856	4.99379	0.000264047
45.0204	24.7062	4.99662	0.000268292
43.4158	19.3	4.98641	0.000259577
46.3226	19.1174	4.98969	0.00026124
44.3095	21.856	4.99379	0.000264047
28.0866	46.2515	4.89133	0.00124366
31.0776	49.3292	4.84179	0.00255525
28.0388	49.3292	4.90319	0.00301149
25	43.1354	4.90252	0.000657101
28.1154	43.1354	4.8508	0.00063283
28.0866	46.2515	4.89133	0.00124366
37.3464	46.2515	0.159514	0.000775502
34.3294	43.6157	0.132223	0.000562755
37.5191	43.9145	0.142805	0.000518814
31.226	43.7137	0.185294	0.000648527
31.2788	41.1758	0.177561	0.000435684
34.3294	43.6157	0.132223	0.000562755
28.0866	46.2515	4.89133	0.00124366
31.226	43.7137	0.185294	0.000648527
31.1732	46.2515	4.77989	0.0011298
28.1154	43.1354	4.8508	0.00063283
31.2788	41.1758	0.177561	0.000435684
31.226	43.7137	0.185294	0.000648527
25	46.2515	4.93172	0.00143208
25	43.1354	4.90252	0.000657101
28.0866	46.2515	4.89133	0.00124366
28.125	40	4.82084	0.00037174
31.2788	41.1758	0.177561	0.000435684
28.1154	43.1354	4.8508	0.00063283
28.125	40	4.82084	0.00037174
31.2019	38.0404	0.225467	0.000301077
31.2788	41.1758	0.177561	0.000435684
31.2019	38.0404	0.225467	0.000301077
34.399	40.9798	0.166876	0.000399157
31.2788	41.1758	0.177561	0.000435684
28.0866	33.7485	4.76262	0.00024561
31.3171	35.696	4.87081	0.000262776
28.1154	36.8646	4.58768	0.000276368
37.3464	33.7485	4.96137	0.000266696
37.1553	30.6708	4.97999	0.000261687
40.1941	30.6708	4.98745	0.00026708
37.4615	36.8646	4.90874	0.000280959
37.3464	33.7485	4.96137	0.000266696
40.433	33.7485	4.96898	0.000270639
37.4615	36.8646	4.90874	0.000280959
34.3221	37.8444	4.83843	0.000292051
34.1596	34.7385	4.9299	0.000263888
34.1596	34.7385	4.9299	0.000263888
33.997	31.6326	4.96138	0.000255321
37.3464	33.7485	4.96137	0.000266696
31.3171	35.696	4.87081	0.000262776
34.1596	34.7385	4.9299	0.000263888
34.3221	37.8444	4.83843	0.000292051
31.3171	35.696	4.87081	0.000262776
30.9343	31.8249	4.93938	0.00024646
34.1596	34.7385	4.9299	0.000263888
30.9343	31.8249	4.93938	0.00024646
33.7508	28.5944	4.96405	0.00025274
33.997	31.6326	4.96138	0.000255321
40.433	46.2515	4.7938	0.000639109
40.6201	43.7197	0.185384	0.000456532
43.5196	46.2515	4.87298	0.000583981
46.8029	37.0605	4.96804	0.000287298
43.75	40	4.86591	0.000312355
43.6827	37.2565	4.93248	0.000286427
49.9231	43.1354	4.9485	0.000387708
46.8798	40.196	4.93461	0.000332093
50	40	4.95935	0.00031082
49.9231	43.1354	4.9485	0.000387708
49.6928	46.2515	4.95656	0.000518398
46.8077	43.1354	4.91137	0.000393736
25	43.1354	4.90252	0.000657101
25	46.2515	4.93172	0.00143208
22.0142	44.8882	4.90822	0.0010406
25	40	4.85206	0.000376088
25	43.1354	4.90252	0.000657101
21.9183	41.7637	4.84328	0.00056395
25	40	4.85206	0.000376088
28.1154	43.1354	4.8508	0.00063283
25	43.1354	4.90252	0.000657101
31.2019	38.0404	0.225467	0.000301077
28.125	40	4.82084	0.00037174
28.1154	36.8646	4.58768	0.000276368
28.1154	43.1354	4.8508	0.00063283
31.226	43.7137	0.185294	0.000648527
28.0866	46.2515	4.89133	0.00124366
18.7981	41.9596	0.232805	0.000582962
15.601	39.0202	0.243422	0.00040301
18.7212	38.8242	0.204849	0.000387036
17.2523	44.2036	4.89515	0.000963722
15.7402	46.2515	4.95131	0.00155966
14.1489	44.3016	4.94808	0.000960468
18.7981	41.9596	0.232805	0.000582962
17.2523	44.2036	4.89515	0.000963722
15.6779	42.1556	4.87722	0.000635614
18.8268	46.2515	4.9287	0.00146401
15.7402	46.2515	4.95131	0.00155966
17.2523	44.2036	4.89515	0.000963722
21.7462	47.598	4.89634	0.00179426
18.8268	46.2515	4.9287	0.00146401
22.0142	44.8882	4.90822	0.0010406
21.7462	47.598	4.89634	0.00179426
18.9224	49.3292	4.87879	0.00242155
18.8268	46.2515	4.9287	0.00146401
15.6779	42.1556	4.87722	0.000635614
15.601	39.0202	0.243422	0.00040301
18.7981	41.9596	0.232805	0.000582962
18.8268	46.2515	4.9287	0.00146401
17.2523	44.2036	4.89515	0.000963722
18.7981	41.9596	0.232805	0.000582962
14.1489	44.3016	4.94808	0.000960468
12.6536	46.2515	4.97381	0.00138509
12.5577	42.3516	4.95307	0.000628947
15.6779	42.1556	4.87722	0.000635614
14.1489	44.3016	4.94808	0.000960468
12.5577	42.3516	4.95307	0.000628947
15.7402	46.2515	4.95131	0.00155966
12.6536	46.2515	4.97381	0.00138509
14.1489	44.3016	4.94808	0.000960468
12.7118	50.0843	4.9762	0.00416162
12.6536	46.2515	4.97381	0.00138509
15.8835	49.3292	4.96349	0.00339968
16.083	52.3495	4.91717	0.0078287
13.1107	52.3495	4.96534	0.00811325
15.8835	49.3292	4.96349	0.00339968
18.9224	49.3292	4.87879	0.00242155
16.083	52.3495	4.91717	0.0078287
15.8835	49.3292	4.96349	0.00339968
13.1107	52.3495	4.96534	0.00811325
10.6893	54.7417	4.93944	0.0153648
10.1383	52.3495	4.96967	0.00731577
15.8835	49.3292	4.96349	0.00339968
13.1107	52.3495	4.96534	0.00811325
12.7118	50.0843	4.9762	0.00416162
14.2198	55.2938	4.92514	0.0215999
10.6893	54.7417	4.93944	0.0153648
13.1107	52.3495	4.96534	0.00811325
17.0264	56.2438	4.87746	0.0309173
14.2198	55.2938	4.92514	0.0215999
16.083	52.3495	4.91717	0.0078287
17.2808	59.0298	4.77365	0.078271
17.5295	61.7527	0.0933414	4.66118
15.0494	60.8826	0.117538	0.105901
17.0264	56.2438	4.87746	0.0309173
17.2808	59.0298	4.77365	0.078271
14.6026	58.144	4.8133	0.0534637
17.0264	56.2438	4.87746	0.0309173
20.0518	56.4338	4.8244	0.0326129
17.2808	59.0298	4.77365	0.078271
7.16598	52.3495	4.97303	0.0066155
8.05963	55.2938	4.93053	0.0162999
4.92487	55.4838	4.93477	0.016869
6.76709	49.3292	4.98799	0.00276188
7.16598	52.3495	4.97303	0.0066155
4.19365	52.3495	4.97651	0.00616091
10.1383	52.3495	4.96967	0.00731577
8.05963	55.2938	4.93053	0.0162999
7.16598	52.3495	4.97303	0.0066155
12.7118	50.0843	4.9762	0.00416162
10.1383	52.3495	4.96967	0.00731577
9.70619	49.8955	4.98243	0.00353784
10.6893	54.7417	4.93944	0.0153648
8.05963	55.2938	4.93053	0.0162999
10.1383	52.3495	4.96967	0.00731577
12.5577	42.3516	4.95307	0.000628947
12.5	40	4.93216	0.000436758
15.6779	42.1556	4.87722	0.000635614
9.61019	45.6673	4.98751	0.00111615
12.5577	42.3516	4.95307	0.000628947
12.6536	46.2515	4.97381	0.00138509
9.61019	45.6673	4.98751	0.00111615
6.31731	42.7435	4.99286	0.000623913
9.4375	42.5475	4.98249	0.000639564
-3.10282e-28	40	4.99747	0.000447799
3.125	40	4.99649	0.000424412
3.19711	42.9395	4.99613	0.000640228
-3.10282e-28	40	4.99747	0.000447799
0.076922	36.8646	4.9978	0.000343426
3.125	40	4.99649	0.000424412
46.6062	46.2515	4.9322	0.000543205
46.2717	49.3292	4.95718	0.000920814
43.5196	46.2515	4.87298	0.000583981
43.6923	43.1354	0.238503	0.000407565
46.6062	46.2515	4.9322	0.000543205
43.5196	46.2515	4.87298	0.000583981
49.6928	46.2515	4.95656	0.000518398
49.3105	49.3292	4.96707	0.00083326
46.6062	46.2515	4.9322	0.000543205
27.4517	72.3429	0.00291985	0.0237309
25	72.3429	0.00297745	0.029367
27.0253	69.2491	0.00693873	0.0554934
24.7277	76.3587	0.00119761	0.00990424
26.189	74.0896	0.00190844	0.0163327
27.2733	75.6267	0.00136603	0.0102819
24.7277	76.3587	0.00119761	0.00990424
23.0327	74.7883	0.00170399	0.0168865
26.189	74.0896	0.00190844	0.0163327
23.0339	79.8761	0.000890962	0.00664787
21.0802	79.5053	0.00099724	0.00769963
21.6827	78.0345	0.00103595	0.00824467
19.6759	76.9444	0.00127185	0.01014
19.0551	74.0896	0.00227442	0.0206444
21.4331	74.0896	0.00209335	0.0218329
19.6759	76.9444	0.00127185	0.01014
18.1801	75.6267	0.00175448	0.0139014
19.0551	74.0896	0.00227442	0.0206444
21.4331	74.0896	0.00209335	0.0218329
23.0327	74.7883	0.00170399	0.0168865
22.3999	76.5052	0.00124456	0.0109851
20.0967	72.3429	0.00342403	0.0382921
22.5483	72.3429	0.00320323	0.0390362
21.4331	74.0896	0.00209335	0.0218329
16.5527	73.7985	0.00269791	0.0192293
17.645	72.3429	0.00366834	0.0291588
19.0551	74.0896	0.00227442	0.0206444
19.193	69.7412	0.00752468	0.0739164
21.8037	69.5771	0.00712226	4.50973
20.0967	72.3429	0.00342403	0.0382921
21.8037	69.5771	0.00712226	4.50973
23.75	70.3973	0.00545145	0.0595332
22.5483	72.3429	0.00320323	0.0390362
21.6827	78.0345	0.00103595	0.00824467
19.1515	78.89	0.00113267	0.0086199
19.6759	76.9444	0.00127185	0.01014
22.3999	76.5052	0.00124456	0.0109851
19.6759	76.9444	0.00127185	0.01014
21.4331	74.0896	0.00209335	0.0218329
22.3999	76.5052	0.00124456	0.0109851
21.6827	78.0345	0.00103595	0.00824467
19.6759	76.9444	0.00127185	0.01014
24.7277	76.3587	0.00119761	0.00990424
22.3999	76.5052	0.00124456	0.0109851
23.0327	74.7883	0.00170399	0.0168865
24.7277	76.3587	0.00119761	0.00990424
24.9752	78.5234	0.000914501	0.00667624
23.329	78.279	0.000961784	0.00744839
21.0802	79.5053	0.00099724	0.00769963
19.1515	78.89	0.00113267	0.0086199
21.6827	78.0345	0.00103595	0.00824467
25	80	0.000872596	0.00621772
24.9752	78.5234	0.000914501	0.00667624
26.9661	79.8761	0.000860456	0.00569621
19.6759	76.9444	0.00127185	0.01014
19.1515	78.89	0.00113267	0.0086199
17.2597	78.0345	0.00138956	0.0101715
28.3173	78.0345	0.000970151	0.00627699
30.8485	78.89	0.00104938	0.0061365
28.9198	79.5053	0.000936927	0.00586963
18.1801	75.6267	0.00175448	0.0139014
19.6759	76.9444	0.00127185	0.01014
17.2597	78.0345	0.00138956	0.0101715
15.4167	76.9444	0.00177125	0.0119222
18.1801	75.6267	0.00175448	0.0139014
17.2597	78.0345	0.00138956	0.0101715
23.0327	74.7883	0.00170399	0.0168865
21.4331	74.0896	0.00209335	0.0218329
22.5483	72.3429	0.00320323	0.0390362
15.4167	76.9444	0.00177125	0.0119222
16.5527	73.7985	0.00269791	0.0192293
18.1801	75.6267	0.00175448	0.0139014
20.0967	72.3429	0.00342403	0.0382921
21.8037	69.5771	0.00712226	4.50973
22.5483	72.3429	0.00320323	0.0390362
15.4167	76.9444	0.00177125	0.0119222
13.6336	75.6267	0.00265637	0.0164743
14.237	73.9441	0.00308307	0.0191006
29.3832	76.0659	0.00128902	0.00848418
31.3712	77.1646	0.0012188	0.00709226
28.3173	78.0345	0.000970151	0.00627699
31.9219	75.3472	0.00158814	0.00931082
34.5833	76.9444	0.001552	0.00801107
32.7403	78.0345	0.00122945	0.00678404
14.237	73.9441	0.00308307	0.0191006
11.9212	74.0896	0.00385923	0.0222228
12.7417	72.3429	0.00470627	0.0268761
11.25	70.3973	0.00800661	0.0438445
12.7417	72.3429	0.00470627	0.0268761
10.2901	72.3429	0.00612232	0.0337063
17.645	72.3429	0.00366834	0.0291588
16.5527	73.7985	0.00269791	0.0192293
15.1934	72.3429	0.00404253	0.0258039
19.193	69.7412	0.00752468	0.0739164
17.645	72.3429	0.00366834	0.0291588
16.25	70.3973	0.00652934	0.0435736
20.0967	72.3429	0.00342403	0.0382921
19.0551	74.0896	0.00227442	0.0206444
17.645	72.3429	0.00366834	0.0291588
19.0551	74.0896	0.00227442	0.0206444
18.1801	75.6267	0.00175448	0.0139014
16.5527	73.7985	0.00269791	0.0192293
32.355	72.3429	0.00298242	0.0183792
34.8066	72.3429	0.00334149	0.0173521
33.3228	74.0896	0.00212169	0.0117614
33.3228	74.0896	0.00212169	0.0117614
31.9219	75.3472	0.00158814	0.00931082
30.9297	73.8705	0.00203612	0.0132919
35.7008	74.0896	0.00255024	0.0125668
33.3228	74.0896	0.00212169	0.0117614
34.8066	72.3429	0.00334149	0.0173521
34.5833	76.9444	0.001552	0.00801107
31.9219	75.3472	0.00158814	0.00931082
33.3228	74.0896	0.00212169	0.0117614
17.4187	68.2649	0.0120769	0.0898895
14.8915	68.2649	0.00814181	0.0505288
16.8484	65.9587	0.0161465	3.15903
16.25	70.3973	0.00652934	0.0435736
13.513	70.6966	0.00646027	0.0369205
14.8915	68.2649	0.00814181	0.0505288
19.193	69.7412	0.00752468	0.0739164
16.25	70.3973	0.00652934	0.0435736
17.4187	68.2649	0.0120769	0.0898895
15.1934	72.3429	0.00404253	0.0258039
14.237	73.9441	0.00308307	0.0191006
12.7417	72.3429	0.00470627	0.0268761
17.645	72.3429	0.00366834	0.0291588
15.1934	72.3429	0.00404253	0.0258039
16.25	70.3973	0.00652934	0.0435736
16.5527	73.7985	0.00269791	0.0192293
14.237	73.9441	0.00308307	0.0191006
15.1934	72.3429	0.00404253	0.0258039
12.7417	72.3429	0.00470627	0.0268761
11.25	70.3973	0.00800661	0.0438445
13.513	70.6966	0.00646027	0.0369205
8.74996	70.3973	0.0103323	0.0567768
11.25	70.3973	0.00800661	0.0438445
10.2901	72.3429	0.00612232	0.0337063
12.3644	68.2649	0.00871757	0.0493908
13.846	66.4528	0.0140492	0.069894
14.8915	68.2649	0.00814181	0.0505288
9.83732	68.2649	0.0145351	0.0862809
12.3644	68.2649	0.00871757	0.0493908
11.25	70.3973	0.00800661	0.0438445
9.83732	68.2649	0.0145351	0.0862809
11.414	65.9587	0.0172259	3.10501
12.3644	68.2649	0.00871757	0.0493908
9.83732	68.2649	0.0145351	0.0862809
11.25	70.3973	0.00800661	0.0438445
8.74996	70.3973	0.0103323	0.0567768
14.8915	68.2649	0.00814181	0.0505288
13.513	70.6966	0.00646027	0.0369205
12.3644	68.2649	0.00871757	0.0493908
15.1934	72.3429	0.00404253	0.0258039
12.7417	72.3429	0.00470627	0.0268761
13.513	70.6966	0.00646027	0.0369205
15.4167	76.9444	0.00177125	0.0119222
14.237	73.9441	0.00308307	0.0191006
16.5527	73.7985	0.00269791	0.0192293
13.6336	75.6267	0.00265637	0.0164743
11.9212	74.0896	0.00385923	0.0222228
14.237	73.9441	0.00308307	0.0191006
11.9212	74.0896	0.00385923	0.0222228
10.2901	72.3429	0.00612232	0.0337063
12.7417	72.3429	0.00470627	0.0268761
7.31021	68.2649	0.0184986	0.108477
9.83732	68.2649	0.0145351	0.0862809
8.74996	70.3973	0.0103323	0.0567768
7.31021	68.2649	0.0184986	0.108477
5.97957	65.9587	0.0357732	4.64119
8.78345	65.7825	0.0294606	4.61051
28.3173	78.0345	0.000970151	0.00627699
28.9198	79.5053	0.000936927	0.00586963
26.9661	79.8761	0.000860456	0.00569621
31.3712	77.1646	0.0012188	0.00709226
31.9219	75.3472	0.00158814	0.00931082
32.7403	78.0345	0.00122945	0.00678404
28.3173	78.0345	0.000970151	0.00627699
31.3712	77.1646	0.0012188	0.00709226
30.8485	78.89	0.00104938	0.0061365
29.3832	76.0659	0.00128902	0.00848418
31.9219	75.3472	0.00158814	0.00931082
31.3712	77.1646	0.0012188	0.00709226
27.2733	75.6267	0.00136603	0.0102819
29.3832	76.0659	0.00128902	0.00848418
28.3173	78.0345	0.000970151	0.00627699
28.5669	74.0896	0.00189278	0.0139838
29.9033	72.3429	0.00289524	0.0213141
30.9297	73.8705	0.00203612	0.0132919
27.2733	75.6267	0.00136603	0.0102819
28.5669	74.0896	0.00189278	0.0139838
29.3832	76.0659	0.00128902	0.00848418
27.2733	75.6267	0.00136603	0.0102819
26.189	74.0896	0.00190844	0.0163327
28.5669	74.0896	0.00189278	0.0139838
26.2439	77.6257	0.000995668	0.00718624
27.2733	75.6267	0.00136603	0.0102819
28.3173	78.0345	0.000970151	0.00627699
26.9661	79.8761	0.000860456	0.00569621
26.2439	77.6257	0.000995668	0.00718624
28.3173	78.0345	0.000970151	0.00627699
24.9752	78.5234	0.000914501	0.00667624
24.7277	76.3587	0.00119761	0.00990424
26.2439	77.6257	0.000995668	0.00718624
31.0572	70.658	0.004463	0.0328751
30.0542	68.2649	0.00889846	4.40024
32.2468	68.921	0.00709764	0.0445487
31.0572	70.658	0.004463	0.0328751
28.75	70.3973	0.00495633	0.0402384
30.0542	68.2649	0.00889846	4.40024
33.75	70.3973	0.0050562	0.0268413
31.0572	70.658	0.004463	0.0328751
32.2468	68.921	0.00709764	0.0445487
29.9033	72.3429	0.00289524	0.0213141
28.75	70.3973	0.00495633	0.0402384
31.0572	70.658	0.004463	0.0328751
30.9297	73.8705	0.00203612	0.0132919
29.9033	72.3429	0.00289524	0.0213141
32.355	72.3429	0.00298242	0.0183792
33.3228	74.0896	0.00212169	0.0117614
30.9297	73.8705	0.00203612	0.0132919
32.355	72.3429	0.00298242	0.0183792
31.9219	75.3472	0.00158814	0.00931082
29.3832	76.0659	0.00128902	0.00848418
30.9297	73.8705	0.00203612	0.0132919
28.5669	74.0896	0.00189278	0.0139838
26.189	74.0896	0.00190844	0.0163327
27.4517	72.3429	0.00291985	0.0237309
25	72.3429	0.00297745	0.029367
23.75	70.3973	0.00545145	0.0595332
27.0253	69.2491	0.00693873	0.0554934
26.9661	79.8761	0.000860456	0.00569621
24.9752	78.5234	0.000914501	0.00667624
26.2439	77.6257	0.000995668	0.00718624
27.0253	69.2491	0.00693873	0.0554934
24.3347	67.1118	0.0144281	0.113635
26.9568	67.2765	0.0125505	0.0819477
19.0904	66.7823	0.0188134	0.137141
19.999	65.078	0.0332606	4.68926
22.2828	65.9587	0.0220921	4.66476
17.4187	68.2649	0.0120769	0.0898895
19.0904	66.7823	0.0188134	0.137141
19.193	69.7412	0.00752468	0.0739164
17.4187	68.2649	0.0120769	0.0898895
16.8484	65.9587	0.0161465	3.15903
19.0904	66.7823	0.0188134	0.137141
27.4517	72.3429	0.00291985	0.0237309
28.75	70.3973	0.00495633	0.0402384
29.9033	72.3429	0.00289524	0.0213141
28.5669	74.0896	0.00189278	0.0139838
27.4517	72.3429	0.00291985	0.0237309
29.9033	72.3429	0.00289524	0.0213141
26.189	74.0896	0.00190844	0.0163327
25	72.3429	0.00297745	0.029367
27.4517	72.3429	0.00291985	0.0237309
27.0253	69.2491	0.00693873	0.0554934
26.9568	67.2765	0.0125505	0.0819477
30.0542	68.2649	0.00889846	4.40024
27.4517	72.3429	0.00291985	0.0237309
27.0253	69.2491	0.00693873	0.0554934
28.75	70.3973	0.00495633	0.0402384
23.75	70.3973	0.00545145	0.0595332
24.3347	67.1118	0.0144281	0.113635
27.0253	69.2491	0.00693873	0.0554934
34.8233	67.7707	0.0108741	0.0464325
37.4455	67.9354	0.012128	4.3423
36.25	70.3973	0.00579723	0.0301217
31.3712	77.1646	0.0012188	0.00709226
32.7403	78.0345	0.00122945	0.00678404
30.8485	78.89	0.00104938	0.0061365
23.329	78.279	0.000961784	0.00744839
22.3999	76.5052	0.00124456	0.0109851
24.7277	76.3587	0.00119761	0.00990424
23.0339	79.8761	0.000890962	0.00664787
23.329	78.279	0.000961784	0.00744839
24.9752	78.5234	0.000914501	0.00667624
21.6827	78.0345	0.00103595	0.00824467
22.3999	76.5052	0.00124456	0.0109851
23.329	78.279	0.000961784	0.00744839
21.6827	78.0345	0.00103595	0.00824467
23.329	78.279	0.000961784	0.00744839
23.0339	79.8761	0.000890962	0.00664787
25	72.3429	0.00297745	0.029367
26.189	74.0896	0.00190844	0.0163327
23.0327	74.7883	0.00170399	0.0168865
27.2733	75.6267	0.00136603	0.0102819
26.2439	77.6257	0.000995668	0.00718624
24.7277	76.3587	0.00119761	0.00990424
25	80	0.000872596	0.00621772
23.0339	79.8761	0.000890962	0.00664787
24.9752	78.5234	0.000914501	0.00667624
35.7008	74.0896	0.00255024	0.0125668
37.3942	72.4885	0.00401238	0.0184771
38.0788	74.0896	0.00335658	0.0152668
34.5833	76.9444	0.001552	0.00801107
35.7008	74.0896	0.00255024	0.0125668
36.3664	75.6267	0.00227721	0.0111277
34.8066	72.3429	0.00334149	0.0173521
37.3942	72.4885	0.00401238	0.0184771
35.7008	74.0896	0.00255024	0.0125668
34.5833	76.9444	0.001552	0.00801107
33.3228	74.0896	0.00212169	0.0117614
35.7008	74.0896	0.00255024	0.0125668
33.75	70.3973	0.0050562	0.0268413
36.25	70.3973	0.00579723	0.0301217
34.8066	72.3429	0.00334149	0.0173521
35.7008	74.0896	0.00255024	0.0125668
38.0788	74.0896	0.00335658	0.0152668
36.3664	75.6267	0.00227721	0.0111277
37.4455	67.9354	0.012128	4.3423
38.75	70.3973	0.00710255	0.0301013
36.25	70.3973	0.00579723	0.0301217
39.7099	72.3429	0.00545834	0.0219065
38.0788	74.0896	0.00335658	0.0152668
37.3942	72.4885	0.00401238	0.0184771
36.25	70.3973	0.00579723	0.0301217
33.75	70.3973	0.0050562	0.0268413
34.8233	67.7707	0.0108741	0.0464325
37.3942	72.4885	0.00401238	0.0184771
36.25	70.3973	0.00579723	0.0301217
38.75	70.3973	0.00710255	0.0301013
37.3942	72.4885	0.00401238	0.0184771
34.8066	72.3429	0.00334149	0.0173521
36.25	70.3973	0.00579723	0.0301217
15.5575	63.4929	0.055265	4.62652
16.8484	65.9587	0.0161465	3.15903
13.846	66.4528	0.0140492	0.069894
11.414	65.9587	0.0172259	3.10501
12.8597	63.4929	0.050966	0.112539
13.846	66.4528	0.0140492	0.069894
15.0494	60.8826	0.117538	0.105901
17.5295	61.7527	0.0933414	4.66118
15.5575	63.4929	0.055265	4.62652
15.5575	63.4929	0.055265	4.62652
17.5295	61.7527	0.0933414	4.66118
16.8484	65.9587	0.0161465	3.15903
11.6319	58.144	4.81033	0.0478762
14.6026	58.144	4.8133	0.0534637
12.3979	60.3349	0.134076	4.47484
14.6026	58.144	4.8133	0.0534637
17.2808	59.0298	4.77365	0.078271
15.0494	60.8826	0.117538	0.105901
20.363	63.0044	0.0655483	4.68609
19.999	65.078	0.0332606	4.68926
17.5295	61.7527	0.0933414	4.66118
20.7355	60.8826	0.125906	4.60414
20.363	63.0044	0.0655483	4.68609
17.5295	61.7527	0.0933414	4.66118
20.7355	60.8826	0.125906	4.60414
23.0704	62.1007	0.0808082	0.136702
20.363	63.0044	0.0655483	4.68609
11.6319	58.144	4.81033	0.0478762
10.6893	54.7417	4.93944	0.0153648
14.2198	55.2938	4.92514	0.0215999
9.3634	60.8826	0.117865	0.0785925
11.6319	58.144	4.81033	0.0478762
12.3979	60.3349	0.134076	4.47484
8.66123	58.144	4.81865	0.0372418
10.6893	54.7417	4.93944	0.0153648
11.6319	58.144	4.81033	0.0478762
5.69054	58.144	4.83407	0.0401625
4.92487	55.4838	4.93477	0.016869
8.05963	55.2938	4.93053	0.0162999
6.4478	61.0566	0.121572	0.0812467
5.69054	58.144	4.83407	0.0401625
8.66123	58.144	4.81865	0.0372418
3.67737	60.8826	0.152817	4.4537
2.71986	58.144	4.86749	0.0376926
5.69054	58.144	4.83407	0.0401625
36.8222	64.0212	0.0360745	0.0477461
39.6261	63.8451	0.0438896	0.0405141
38.586	65.9587	0.0222599	0.0442038
34.1521	62.7968	0.0468327	4.44257
36.8222	64.0212	0.0360745	0.0477461
35.8688	65.9587	0.0190541	0.0532535
37.7936	60.8826	0.104511	0.0278748
39.6261	63.8451	0.0438896	0.0405141
36.8222	64.0212	0.0360745	0.0477461
38.75	70.3973	0.00710255	0.0301013
40.1627	68.2649	0.0133704	0.0372161
41.25	70.3973	0.0094882	0.0270537
37.3942	72.4885	0.00401238	0.0184771
38.75	70.3973	0.00710255	0.0301013
39.7099	72.3429	0.00545834	0.0219065
37.4455	67.9354	0.012128	4.3423
40.1627	68.2649	0.0133704	0.0372161
38.75	70.3973	0.00710255	0.0301013
35.8688	65.9587	0.0190541	0.0532535
37.4455	67.9354	0.012128	4.3423
34.8233	67.7707	0.0108741	0.0464325
33.1516	65.9587	0.0168501	0.064756
35.8688	65.9587	0.0190541	0.0532535
34.8233	67.7707	0.0108741	0.0464325
34.1521	62.7968	0.0468327	4.44257
34.9506	60.8826	0.0837169	0.0518934
36.8222	64.0212	0.0360745	0.0477461
38.75	70.3973	0.00710255	0.0301013
41.25	70.3973	0.0094882	0.0270537
39.7099	72.3429	0.00545834	0.0219065
38.586	65.9587	0.0222599	0.0442038
40.1627	68.2649	0.0133704	0.0372161
37.4455	67.9354	0.012128	4.3423
41.3032	65.9587	0.0264249	0.0419654
42.6898	68.2649	0.0175048	0.0336457
40.1627	68.2649	0.0133704	0.0372161
41.3032	65.9587	0.0264249	0.0419654
44.0204	65.9587	0.0339615	0.047722
42.6898	68.2649	0.0175048	0.0336457
41.25	70.3973	0.0094882	0.0270537
40.1627	68.2649	0.0133704	0.0372161
42.6898	68.2649	0.0175048	0.0336457
36.8222	64.0212	0.0360745	0.0477461
34.9506	60.8826	0.0837169	0.0518934
37.7936	60.8826	0.104511	0.0278748
2.71986	58.144	4.86749	0.0376926
4.92487	55.4838	4.93477	0.016869
5.69054	58.144	4.83407	0.0401625
8.66123	58.144	4.81865	0.0372418
8.05963	55.2938	4.93053	0.0162999
10.6893	54.7417	4.93944	0.0153648
6.4478	61.0566	0.121572	0.0812467
8.66123	58.144	4.81865	0.0372418
9.3634	60.8826	0.117865	0.0785925
5.69054	58.144	4.83407	0.0401625
8.05963	55.2938	4.93053	0.0162999
8.66123	58.144	4.81865	0.0372418
1.8995	55.2938	4.95017	0.0137631
4.92487	55.4838	4.93477	0.016869
2.71986	58.144	4.86749	0.0376926
1.8995	55.2938	4.95017	0.0137631
1.22131	52.3495	4.98011	0.00541061
4.19365	52.3495	4.97651	0.00616091
41.3032	65.9587	0.0264249	0.0419654
42.43	63.669	0.0536898	4.34795
44.0204	65.9587	0.0339615	0.047722
43.4796	60.8826	0.12353	0.0286408
40.6366	60.8826	0.11512	0.0287645
41.4664	58.5091	4.78825	0.0137355
45.2338	63.4929	0.0689512	0.0439958
43.4796	60.8826	0.12353	0.0286408
46.3226	60.8826	0.145895	0.0198428
42.43	63.669	0.0536898	4.34795
40.6366	60.8826	0.11512	0.0287645
43.4796	60.8826	0.12353	0.0286408
41.4664	58.5091	4.78825	0.0137355
38.5596	58.6917	4.75474	0.0163628
38.8603	55.2938	4.88906	0.00630336
46.3226	60.8826	0.145895	0.0198428
43.4796	60.8826	0.12353	0.0286408
44.2548	57.954	4.83265	0.0101105
42.43	63.669	0.0536898	4.34795
39.6261	63.8451	0.0438896	0.0405141
40.6366	60.8826	0.11512	0.0287645
44.0204	65.9587	0.0339615	0.047722
42.43	63.669	0.0536898	4.34795
45.2338	63.4929	0.0689512	0.0439958
36.8222	64.0212	0.0360745	0.0477461
38.586	65.9587	0.0222599	0.0442038
35.8688	65.9587	0.0190541	0.0532535
40.6366	60.8826	0.11512	0.0287645
39.6261	63.8451	0.0438896	0.0405141
37.7936	60.8826	0.104511	0.0278748
38.586	65.9587	0.0222599	0.0442038
37.4455	67.9354	0.012128	4.3423
35.8688	65.9587	0.0190541	0.0532535
41.3032	65.9587	0.0264249	0.0419654
38.586	65.9587	0.0222599	0.0442038
39.6261	63.8451	0.0438896	0.0405141
41.3032	65.9587	0.0264249	0.0419654
40.1627	68.2649	0.0133704	0.0372161
38.586	65.9587	0.0222599	0.0442038
32.2468	68.921	0.00709764	0.0445487
30.4344	65.9587	0.016419	0.0763644
33.1516	65.9587	0.0168501	0.064756
21.7285	50.6506	0.0841762	0.000731632
19.0553	52.3495	0.0792416	0.00259968
18.9224	49.3292	4.87879	0.00242155
21.7462	47.598	4.89634	0.00179426
21.7285	50.6506	0.0841762	0.000731632
18.9224	49.3292	4.87879	0.00242155
15.8835	49.3292	4.96349	0.00339968
18.8268	46.2515	4.9287	0.00146401
18.9224	49.3292	4.87879	0.00242155
22.0142	44.8882	4.90822	0.0010406
25	46.2515	4.93172	0.00143208
21.7462	47.598	4.89634	0.00179426
24.7341	50.8393	4.84359	0.00406591
22.4091	54.0056	0.0592271	0.00573547
21.7285	50.6506	0.0841762	0.000731632
26.54	55.2938	0.218237	0.0207044
26.4853	58.144	4.71675	0.0520287
23.0771	56.6239	4.79206	0.0317903
30.9447	52.3495	4.85958	0.00593841
29.6201	55.2938	4.79199	0.0155956
27.9723	52.3495	4.86304	0.00727583
26.4853	58.144	4.71675	0.0520287
26.4215	60.8826	0.0962187	4.53118
24.0253	59.6046	4.69539	0.0811543
29.6201	55.2938	4.79199	0.0155956
26.4853	58.144	4.71675	0.0520287
26.54	55.2938	0.218237	0.0207044
29.6201	55.2938	4.79199	0.0155956
32.1533	57.1939	0.166202	0.025666
29.839	59.2394	0.111455	0.0567483
17.2808	59.0298	4.77365	0.078271
20.7355	60.8826	0.125906	4.60414
17.5295	61.7527	0.0933414	4.66118
23.0771	56.6239	4.79206	0.0317903
20.3936	58.6582	4.78096	0.0741109
20.0518	56.4338	4.8244	0.0326129
23.0771	56.6239	4.79206	0.0317903
24.0253	59.6046	4.69539	0.0811543
20.3936	58.6582	4.78096	0.0741109
39.0601	41.8598	0.182827	0.00040122
37.5191	43.9145	0.142805	0.000518814
37.5	40	4.78089	0.000319796
40.625	40	0.222016	0.000318579
39.0601	41.8598	0.182827	0.00040122
37.5	40	4.78089	0.000319796
40.6201	43.7197	0.185384	0.000456532
37.5191	43.9145	0.142805	0.000518814
39.0601	41.8598	0.182827	0.00040122
40.6201	43.7197	0.185384	0.000456532
40.433	46.2515	4.7938	0.000639109
37.5191	43.9145	0.142805	0.000518814
43.6923	43.1354	0.238503	0.000407565
40.6201	43.7197	0.185384	0.000456532
40.625	40	0.222016	0.000318579
43.6923	43.1354	0.238503	0.000407565
43.5196	46.2515	4.87298	0.000583981
40.6201	43.7197	0.185384	0.000456532
46.8798	40.196	4.93461	0.000332093
43.6923	43.1354	0.238503	0.000407565
43.75	40	4.86591	0.000312355
46.8077	43.1354	4.91137	0.000393736
49.6928	46.2515	4.95656	0.000518398
46.6062	46.2515	4.9322	0.000543205
37.5	40	4.78089	0.000319796
34.399	40.9798	0.166876	0.000399157
34.3221	37.8444	4.83843	0.000292051
40.5769	36.8646	4.91252	0.000281225
37.5	40	4.78089	0.000319796
37.4615	36.8646	4.90874	0.000280959
40.625	40	0.222016	0.000318579
40.6201	43.7197	0.185384	0.000456532
39.0601	41.8598	0.182827	0.00040122
40.1224	48.7521	4.85555	0.00103451
37.0597	48.5598	0.197702	0.00130816
37.3464	46.2515	0.159514	0.000775502
34.1165	49.3292	0.20454	0.00186539
36.7564	51.5944	4.84725	0.00275036
34.1289	53.2696	4.84463	0.00598944
31.1732	46.2515	4.77989	0.0011298
34.1165	49.3292	0.20454	0.00186539
31.0776	49.3292	4.84179	0.00255525
28.0866	46.2515	4.89133	0.00124366
31.1732	46.2515	4.77989	0.0011298
31.0776	49.3292	4.84179	0.00255525
34.3294	43.6157	0.132223	0.000562755
34.399	40.9798	0.166876	0.000399157
37.5191	43.9145	0.142805	0.000518814
31.1732	46.2515	4.77989	0.0011298
31.226	43.7137	0.185294	0.000648527
34.2598	46.2515	0.150763	0.000921453
31.2788	41.1758	0.177561	0.000435684
34.399	40.9798	0.166876	0.000399157
34.3294	43.6157	0.132223	0.000562755
37.0597	48.5598	0.197702	0.00130816
36.7564	51.5944	4.84725	0.00275036
34.1165	49.3292	0.20454	0.00186539
37.3464	46.2515	0.159514	0.000775502
37.0597	48.5598	0.197702	0.00130816
34.2598	46.2515	0.150763	0.000921453
40.433	46.2515	4.7938	0.000639109
37.3464	46.2515	0.159514	0.000775502
37.5191	43.9145	0.142805	0.000518814
40.433	46.2515	4.7938	0.000639109
40.1224	48.7521	4.85555	0.00103451
37.3464	46.2515	0.159514	0.000775502
40.1224	48.7521	4.85555	0.00103451
36.7564	51.5944	4.84725	0.00275036
37.0597	48.5598	0.197702	0.00130816
46.2717	49.3292	4.95718	0.000920814
45.8487	52.5335	4.95781	0.00195845
43.2329	49.3292	4.9286	0.00104733
34.1165	49.3292	0.20454	0.00186539
34.1289	53.2696	4.84463	0.00598944
30.9447	52.3495	4.85958	0.00593841
7.464	63.4929	0.0585158	4.58867
8.78345	65.7825	0.0294606	4.61051
5.97957	65.9587	0.0357732	4.64119
6.4478	61.0566	0.121572	0.0812467
7.464	63.4929	0.0585158	4.58867
4.76616	63.4929	0.0710317	0.115975
6.4478	61.0566	0.121572	0.0812467
9.3634	60.8826	0.117865	0.0785925
7.464	63.4929	0.0585158	4.58867
12.3979	60.3349	0.134076	4.47484
10.1618	63.4929	0.0516578	0.113306
9.3634	60.8826	0.117865	0.0785925
12.8597	63.4929	0.050966	0.112539
15.0494	60.8826	0.117538	0.105901
15.5575	63.4929	0.055265	4.62652
12.3644	68.2649	0.00871757	0.0493908
13.513	70.6966	0.00646027	0.0369205
11.25	70.3973	0.00800661	0.0438445
16.8484	65.9587	0.0161465	3.15903
14.8915	68.2649	0.00814181	0.0505288
13.846	66.4528	0.0140492	0.069894
17.4187	68.2649	0.0120769	0.0898895
16.25	70.3973	0.00652934	0.0435736
14.8915	68.2649	0.00814181	0.0505288
19.999	65.078	0.0332606	4.68926
19.0904	66.7823	0.0188134	0.137141
16.8484	65.9587	0.0161465	3.15903
19.193	69.7412	0.00752468	0.0739164
20.0967	72.3429	0.00342403	0.0382921
17.645	72.3429	0.00366834	0.0291588
9.83732	68.2649	0.0145351	0.0862809
8.78345	65.7825	0.0294606	4.61051
11.414	65.9587	0.0172259	3.10501
6.48041	46.2515	4.99229	0.00127715
3.72828	49.3292	4.9901	0.00255411
3.39381	46.2515	4.99482	0.00118659
9.70619	49.8955	4.98243	0.00353784
6.76709	49.3292	4.98799	0.00276188
9.61019	45.6673	4.98751	0.00111615
9.70619	49.8955	4.98243	0.00353784
10.1383	52.3495	4.96967	0.00731577
7.16598	52.3495	4.97303	0.0066155
13.1107	52.3495	4.96534	0.00811325
10.1383	52.3495	4.96967	0.00731577
12.7118	50.0843	4.9762	0.00416162
4.19365	52.3495	4.97651	0.00616091
3.72828	49.3292	4.9901	0.00255411
6.76709	49.3292	4.98799	0.00276188
1.8995	55.2938	4.95017	0.0137631
4.19365	52.3495	4.97651	0.00616091
4.92487	55.4838	4.93477	0.016869
1.22131	52.3495	4.98011	0.00541061
3.72828	49.3292	4.9901	0.00255411
4.19365	52.3495	4.97651	0.00616091
22.2828	65.9587	0.0220921	4.66476
23.0704	62.1007	0.0808082	0.136702
25.6067	64.7258	0.0292693	4.60454
21.8037	69.5771	0.00712226	4.50973
22.2828	65.9587	0.0220921	4.66476
24.3347	67.1118	0.0144281	0.113635
19.999	65.078	0.0332606	4.68926
20.363	63.0044	0.0655483	4.68609
22.2828	65.9587	0.0220921	4.66476
21.8037	69.5771	0.00712226	4.50973
19.193	69.7412	0.00752468	0.0739164
19.0904	66.7823	0.0188134	0.137141
16.8484	65.9587	0.0161465	3.15903
17.5295	61.7527	0.0933414	4.66118
19.999	65.078	0.0332606	4.68926
22.2828	65.9587	0.0220921	4.66476
20.363	63.0044	0.0655483	4.68609
23.0704	62.1007	0.0808082	0.136702
16.25	70.3973	0.00652934	0.0435736
15.1934	72.3429	0.00404253	0.0258039
13.513	70.6966	0.00646027	0.0369205
7.464	63.4929	0.0585158	4.58867
10.1618	63.4929	0.0516578	0.113306
8.78345	65.7825	0.0294606	4.61051
20.0518	56.4338	4.8244	0.0326129
19.0553	52.3495	0.0792416	0.00259968
22.4091	54.0056	0.0592271	0.00573547
20.3936	58.6582	4.78096	0.0741109
17.2808	59.0298	4.77365	0.078271
20.0518	56.4338	4.8244	0.0326129
15.0494	60.8826	0.117538	0.105901
12.8597	63.4929	0.050966	0.112539
12.3979	60.3349	0.134076	4.47484
9.3634	60.8826	0.117865	0.0785925
8.66123	58.144	4.81865	0.0372418
11.6319	58.144	4.81033	0.0478762
9.70619	49.8955	4.98243	0.00353784
7.16598	52.3495	4.97303	0.0066155
6.76709	49.3292	4.98799	0.00276188
13.1107	52.3495	4.96534	0.00811325
16.083	52.3495	4.91717	0.0078287
14.2198	55.2938	4.92514	0.0215999
23.0771	56.6239	4.79206	0.0317903
22.4091	54.0056	0.0592271	0.00573547
26.54	55.2938	0.218237	0.0207044
20.7355	60.8826	0.125906	4.60414
20.3936	58.6582	4.78096	0.0741109
24.0253	59.6046	4.69539	0.0811543
20.0518	56.4338	4.8244	0.0326129
22.4091	54.0056	0.0592271	0.00573547
23.0771	56.6239	4.79206	0.0317903
20.7355	60.8826	0.125906	4.60414
17.2808	59.0298	4.77365	0.078271
20.3936	58.6582	4.78096	0.0741109
17.0264	56.2438	4.87746	0.0309173
19.0553	52.3495	0.0792416	0.00259968
20.0518	56.4338	4.8244	0.0326129
6.30769	36.8646	4.99242	0.000345038
6.24038	39.6081	4.99218	0.000411575
3.19231	36.8646	4.9968	0.000344624
9.49534	33.1714	4.98733	0.000301908
9.42308	36.8646	4.97915	0.000347072
6.43263	33.3637	4.99483	0.000304257
6.31731	42.7435	4.99286	0.000623913
3.125	40	4.99649	0.000424412
6.24038	39.6081	4.99218	0.000411575
9.4375	42.5475	4.98249	0.000639564
12.5	40	4.93216	0.000436758
12.5577	42.3516	4.95307	0.000628947
6.30769	36.8646	4.99242	0.000345038
9.36058	39.4121	4.97827	0.000414272
6.24038	39.6081	4.99218	0.000411575
9.42308	36.8646	4.97915	0.000347072
12.5385	36.8646	4.93788	0.000344351
9.36058	39.4121	4.97827	0.000414272
15.8122	34.7222	4.90322	0.000306863
12.5385	36.8646	4.93788	0.000344351
12.7112	34.5275	4.96026	0.000310894
9.4375	42.5475	4.98249	0.000639564
12.5577	42.3516	4.95307	0.000628947
9.61019	45.6673	4.98751	0.00111615
6.24038	39.6081	4.99218	0.000411575
9.4375	42.5475	4.98249	0.000639564
6.31731	42.7435	4.99286	0.000623913
9.36058	39.4121	4.97827	0.000414272
12.5	40	4.93216	0.000436758
9.4375	42.5475	4.98249	0.000639564
15.601	39.0202	0.243422	0.00040301
12.5	40	4.93216	0.000436758
12.5385	36.8646	4.93788	0.000344351
15.601	39.0202	0.243422	0.00040301
15.6779	42.1556	4.87722	0.000635614
12.5	40	4.93216	0.000436758
6.48041	46.2515	4.99229	0.00127715
6.76709	49.3292	4.98799	0.00276188
3.72828	49.3292	4.9901	0.00255411
6.31731	42.7435	4.99286	0.000623913
6.48041	46.2515	4.99229	0.00127715
3.39381	46.2515	4.99482	0.00118659
9.61019	45.6673	4.98751	0.00111615
6.76709	49.3292	4.98799	0.00276188
6.48041	46.2515	4.99229	0.00127715
12.7118	50.0843	4.9762	0.00416162
9.70619	49.8955	4.98243	0.00353784
11.1799	48.0735	4.98126	0.00240066
3.19711	42.9395	4.99613	0.000640228
0.076922	43.1354	4.9968	0.000662072
-3.10282e-28	40	4.99747	0.000447799
6.31731	42.7435	4.99286	0.000623913
3.19711	42.9395	4.99613	0.000640228
3.125	40	4.99649	0.000424412
3.39381	46.2515	4.99482	0.00118659
0.307214	46.2515	4.99559	0.00112018
3.19711	42.9395	4.99613	0.000640228
45.0204	55.2938	4.92636	0.00435732
41.9404	55.2938	4.91054	0.00524162
42.834	52.3495	4.94245	0.00221564
48.1005	55.2938	4.93997	0.00348963
45.0204	55.2938	4.92636	0.00435732
45.8487	52.5335	4.95781	0.00195845
44.2548	57.954	4.83265	0.0101105
41.9404	55.2938	4.91054	0.00524162
45.0204	55.2938	4.92636	0.00435732
46.3226	60.8826	0.145895	0.0198428
44.2548	57.954	4.83265	0.0101105
47.2801	58.144	4.85816	0.00812004
41.4664	58.5091	4.78825	0.0137355
38.8603	55.2938	4.88906	0.00630336
41.9404	55.2938	4.91054	0.00524162
27.9723	52.3495	4.86304	0.00727583
28.0388	49.3292	4.90319	0.00301149
30.9447	52.3495	4.85958	0.00593841
19.0553	52.3495	0.0792416	0.00259968
21.7285	50.6506	0.0841762	0.000731632
22.4091	54.0056	0.0592271	0.00573547
25	46.2515	4.93172	0.00143208
28.0388	49.3292	4.90319	0.00301149
24.7341	50.8393	4.84359	0.00406591
21.7285	50.6506	0.0841762	0.000731632
21.7462	47.598	4.89634	0.00179426
24.7341	50.8393	4.84359	0.00406591
15.6779	42.1556	4.87722	0.000635614
17.2523	44.2036	4.89515	0.000963722
14.1489	44.3016	4.94808	0.000960468
22.0142	44.8882	4.90822	0.0010406
18.8268	46.2515	4.9287	0.00146401
18.7981	41.9596	0.232805	0.000582962
15.8835	49.3292	4.96349	0.00339968
12.6536	46.2515	4.97381	0.00138509
15.7402	46.2515	4.95131	0.00155966
17.0264	56.2438	4.87746	0.0309173
16.083	52.3495	4.91717	0.0078287
19.0553	52.3495	0.0792416	0.00259968
4.19365	52.3495	4.97651	0.00616091
7.16598	52.3495	4.97303	0.0066155
4.92487	55.4838	4.93477	0.016869
21.9183	41.7637	4.84328	0.00056395
25	43.1354	4.90252	0.000657101
22.0142	44.8882	4.90822	0.0010406
28.125	40	4.82084	0.00037174
25	40	4.85206	0.000376088
28.1154	36.8646	4.58768	0.000276368
25	30.6708	4.9071	0.000249465
25.1151	35.3065	0.224907	0.000266522
21.9134	33.7485	0.250035	0.000278118
31.3171	35.696	4.87081	0.000262776
28.0866	33.7485	4.76262	0.00024561
30.9343	31.8249	4.93938	0.00024646
28.1154	36.8646	4.58768	0.000276368
25.1151	35.3065	0.224907	0.000266522
28.0866	33.7485	4.76262	0.00024561
33.7508	28.5944	4.96405	0.00025274
37.1553	30.6708	4.97999	0.000261687
33.997	31.6326	4.96138	0.000255321
21.8846	36.8646	4.79076	0.000312489
21.9014	39.3141	0.23161	0.000389853
18.7212	38.8242	0.204849	0.000387036
28.1154	36.8646	4.58768	0.000276368
25	40	4.85206	0.000376088
25.1151	35.3065	0.224907	0.000266522
28.125	40	4.82084	0.00037174
28.1154	43.1354	4.8508	0.00063283
25	40	4.85206	0.000376088
3.72828	49.3292	4.9901	0.00255411
1.22131	52.3495	4.98011	0.00541061
0.68946	49.3292	4.99142	0.00231078
0.307214	46.2515	4.99559	0.00112018
3.39381	46.2515	4.99482	0.00118659
0.68946	49.3292	4.99142	0.00231078
11.1799	48.0735	4.98126	0.00240066
12.6536	46.2515	4.97381	0.00138509
12.7118	50.0843	4.9762	0.00416162
9.61019	45.6673	4.98751	0.00111615
11.1799	48.0735	4.98126	0.00240066
9.70619	49.8955	4.98243	0.00353784
9.61019	45.6673	4.98751	0.00111615
12.6536	46.2515	4.97381	0.00138509
11.1799	48.0735	4.98126	0.00240066
31.3817	62.6228	0.0396	4.51749
34.1521	62.7968	0.0468327	4.44257
33.1516	65.9587	0.0168501	0.064756
26.9568	67.2765	0.0125505	0.0819477
28.4106	64.5496	0.0269129	0.0948506
30.4344	65.9587	0.016419	0.0763644
29.839	59.2394	0.111455	0.0567483
33.5519	59.0383	0.122748	0.0385265
31.3817	62.6228	0.0396	4.51749
28.6113	62.4488	0.0492163	0.0996216
29.839	59.2394	0.111455	0.0567483
31.3817	62.6228	0.0396	4.51749
20.7355	60.8826	0.125906	4.60414
24.0253	59.6046	4.69539	0.0811543
23.0704	62.1007	0.0808082	0.136702
25.6371	53.0665	0.226957	0.00934461
24.7341	50.8393	4.84359	0.00406591
27.9723	52.3495	4.86304	0.00727583
22.4091	54.0056	0.0592271	0.00573547
25.6371	53.0665	0.226957	0.00934461
26.54	55.2938	0.218237	0.0207044
22.4091	54.0056	0.0592271	0.00573547
24.7341	50.8393	4.84359	0.00406591
25.6371	53.0665	0.226957	0.00934461
29.6201	55.2938	4.79199	0.0155956
31.8745	54.2817	4.82091	0.0104503
32.1533	57.1939	0.166202	0.025666
34.2598	46.2515	0.150763	0.000921453
34.3294	43.6157	0.132223	0.000562755
37.3464	46.2515	0.159514	0.000775502
31.1732	46.2515	4.77989	0.0011298
34.2598	46.2515	0.150763	0.000921453
34.1165	49.3292	0.20454	0.00186539
34.2598	46.2515	0.150763	0.000921453
31.226	43.7137	0.185294	0.000648527
34.3294	43.6157	0.132223	0.000562755
35.6527	58.8743	4.67362	0.0267713
38.5596	58.6917	4.75474	0.0163628
37.7936	60.8826	0.104511	0.0278748
33.5519	59.0383	0.122748	0.0385265
35.6527	58.8743	4.67362	0.0267713
34.9506	60.8826	0.0837169	0.0518934
35.7802	55.2938	4.84565	0.00848169
38.5596	58.6917	4.75474	0.0163628
35.6527	58.8743	4.67362	0.0267713
42.43	63.669	0.0536898	4.34795
43.4796	60.8826	0.12353	0.0286408
45.2338	63.4929	0.0689512	0.0439958
6.48041	46.2515	4.99229	0.00127715
6.31731	42.7435	4.99286	0.000623913
9.61019	45.6673	4.98751	0.00111615
0.68946	49.3292	4.99142	0.00231078
3.39381	46.2515	4.99482	0.00118659
3.72828	49.3292	4.9901	0.00255411
0.307214	46.2515	4.99559	0.00112018
0.076922	43.1354	4.9968	0.000662072
3.19711	42.9395	4.99613	0.000640228
6.4478	61.0566	0.121572	0.0812467
4.76616	63.4929	0.0710317	0.115975
3.67737	60.8826	0.152817	4.4537
5.69054	58.144	4.83407	0.0401625
6.4478	61.0566	0.121572	0.0812467
3.67737	60.8826	0.152817	4.4537
9.3634	60.8826	0.117865	0.0785925
10.1618	63.4929	0.0516578	0.113306
7.464	63.4929	0.0585158	4.58867
14.6026	58.144	4.8133	0.0534637
15.0494	60.8826	0.117538	0.105901
12.3979	60.3349	0.134076	4.47484
14.2198	55.2938	4.92514	0.0215999
14.6026	58.144	4.8133	0.0534637
11.6319	58.144	4.81033	0.0478762
14.2198	55.2938	4.92514	0.0215999
17.0264	56.2438	4.87746	0.0309173
14.6026	58.144	4.8133	0.0534637
7.464	63.4929	0.0585158	4.58867
5.97957	65.9587	0.0357732	4.64119
4.76616	63.4929	0.0710317	0.115975
11.414	65.9587	0.0172259	3.10501
13.846	66.4528	0.0140492	0.069894
12.3644	68.2649	0.00871757	0.0493908
10.1618	63.4929	0.0516578	0.113306
11.414	65.9587	0.0172259	3.10501
8.78345	65.7825	0.0294606	4.61051
12.8597	63.4929	0.050966	0.112539
15.5575	63.4929	0.055265	4.62652
13.846	66.4528	0.0140492	0.069894
10.1618	63.4929	0.0516578	0.113306
12.8597	63.4929	0.050966	0.112539
11.414	65.9587	0.0172259	3.10501
10.1618	63.4929	0.0516578	0.113306
12.3979	60.3349	0.134076	4.47484
12.8597	63.4929	0.050966	0.112539
9.83732	68.2649	0.0145351	0.0862809
7.31021	68.2649	0.0184986	0.108477
8.78345	65.7825	0.0294606	4.61051
31.8745	54.2817	4.82091	0.0104503
30.9447	52.3495	4.85958	0.00593841
34.1289	53.2696	4.84463	0.00598944
35.7802	55.2938	4.84565	0.00848169
31.8745	54.2817	4.82091	0.0104503
34.1289	53.2696	4.84463	0.00598944
29.6201	55.2938	4.79199	0.0155956
30.9447	52.3495	4.85958	0.00593841
31.8745	54.2817	4.82091	0.0104503
29.839	59.2394	0.111455	0.0567483
26.4853	58.144	4.71675	0.0520287
29.6201	55.2938	4.79199	0.0155956
33.5519	59.0383	0.122748	0.0385265
29.839	59.2394	0.111455	0.0567483
32.1533	57.1939	0.166202	0.025666
35.7802	55.2938	4.84565	0.00848169
33.5519	59.0383	0.122748	0.0385265
32.1533	57.1939	0.166202	0.025666
34.9506	60.8826	0.0837169	0.0518934
31.3817	62.6228	0.0396	4.51749
33.5519	59.0383	0.122748	0.0385265
28.6113	62.4488	0.0492163	0.0996216
26.4215	60.8826	0.0962187	4.53118
29.839	59.2394	0.111455	0.0567483
26.54	55.2938	0.218237	0.0207044
27.9723	52.3495	4.86304	0.00727583
29.6201	55.2938	4.79199	0.0155956
25.6371	53.0665	0.226957	0.00934461
27.9723	52.3495	4.86304	0.00727583
26.54	55.2938	0.218237	0.0207044
24.7341	50.8393	4.84359	0.00406591
28.0388	49.3292	4.90319	0.00301149
27.9723	52.3495	4.86304	0.00727583
22.5483	72.3429	0.00320323	0.0390362
23.75	70.3973	0.00545145	0.0595332
25	72.3429	0.00297745	0.029367
23.0327	74.7883	0.00170399	0.0168865
22.5483	72.3429	0.00320323	0.0390362
25	72.3429	0.00297745	0.029367
21.4331	74.0896	0.00209335	0.0218329
19.0551	74.0896	0.00227442	0.0206444
20.0967	72.3429	0.00342403	0.0382921
19.0904	66.7823	0.0188134	0.137141
22.2828	65.9587	0.0220921	4.66476
21.8037	69.5771	0.00712226	4.50973
24.3347	67.1118	0.0144281	0.113635
23.75	70.3973	0.00545145	0.0595332
21.8037	69.5771	0.00712226	4.50973
27.0253	69.2491	0.00693873	0.0554934
30.0542	68.2649	0.00889846	4.40024
28.75	70.3973	0.00495633	0.0402384
25.6067	64.7258	0.0292693	4.60454
28.4106	64.5496	0.0269129	0.0948506
26.9568	67.2765	0.0125505	0.0819477
22.2828	65.9587	0.0220921	4.66476
25.6067	64.7258	0.0292693	4.60454
24.3347	67.1118	0.0144281	0.113635
23.0704	62.1007	0.0808082	0.136702
26.4215	60.8826	0.0962187	4.53118
25.6067	64.7258	0.0292693	4.60454
30.4344	65.9587	0.016419	0.0763644
30.0542	68.2649	0.00889846	4.40024
26.9568	67.2765	0.0125505	0.0819477
28.6113	62.4488	0.0492163	0.0996216
31.3817	62.6228	0.0396	4.51749
28.4106	64.5496	0.0269129	0.0948506
25.6067	64.7258	0.0292693	4.60454
28.6113	62.4488	0.0492163	0.0996216
28.4106	64.5496	0.0269129	0.0948506
26.4215	60.8826	0.0962187	4.53118
26.4853	58.144	4.71675	0.0520287
29.839	59.2394	0.111455	0.0567483
25.6067	64.7258	0.0292693	4.60454
26.4215	60.8826	0.0962187	4.53118
28.6113	62.4488	0.0492163	0.0996216
24.0253	59.6046	4.69539	0.0811543
23.0771	56.6239	4.79206	0.0317903
26.4853	58.144	4.71675	0.0520287
33.1516	65.9587	0.0168501	0.064756
34.8233	67.7707	0.0108741	0.0464325
32.2468	68.921	0.00709764	0.0445487
31.3817	62.6228	0.0396	4.51749
33.1516	65.9587	0.0168501	0.064756
30.4344	65.9587	0.016419	0.0763644
34.1521	62.7968	0.0468327	4.44257
35.8688	65.9587	0.0190541	0.0532535
33.1516	65.9587	0.0168501	0.064756
32.355	72.3429	0.00298242	0.0183792
33.75	70.3973	0.0050562	0.0268413
34.8066	72.3429	0.00334149	0.0173521
29.3832	76.0659	0.00128902	0.00848418
28.5669	74.0896	0.00189278	0.0139838
30.9297	73.8705	0.00203612	0.0132919
31.0572	70.658	0.004463	0.0328751
33.75	70.3973	0.0050562	0.0268413
32.355	72.3429	0.00298242	0.0183792
29.9033	72.3429	0.00289524	0.0213141
31.0572	70.658	0.004463	0.0328751
32.355	72.3429	0.00298242	0.0183792
28.4106	64.5496	0.0269129	0.0948506
31.3817	62.6228	0.0396	4.51749
30.4344	65.9587	0.016419	0.0763644
24.3347	67.1118	0.0144281	0.113635
25.6067	64.7258	0.0292693	4.60454
26.9568	67.2765	0.0125505	0.0819477
23.0704	62.1007	0.0808082	0.136702
24.0253	59.6046	4.69539	0.0811543
26.4215	60.8826	0.0962187	4.53118
30.4344	65.9587	0.016419	0.0763644
32.2468	68.921	0.00709764	0.0445487
30.0542	68.2649	0.00889846	4.40024
34.8233	67.7707	0.0108741	0.0464325
33.75	70.3973	0.0050562	0.0268413
32.2468	68.921	0.00709764	0.0445487
43.2329	49.3292	4.9286	0.00104733
40.1224	48.7521	4.85555	0.00103451
40.433	46.2515	4.7938	0.000639109
48.7787	52.3495	4.96542	0.00159856
45.8487	52.5335	4.95781	0.00195845
46.2717	49.3292	4.95718	0.000920814
42.834	52.3495	4.94245	0.00221564
40.1224	48.7521	4.85555	0.00103451
43.2329	49.3292	4.9286	0.00104733
47.2801	58.144	4.85816	0.00812004
44.2548	57.954	4.83265	0.0101105
45.0204	55.2938	4.92636	0.00435732
38.8603	55.2938	4.88906	0.00630336
35.7802	55.2938	4.84565	0.00848169
36.7564	51.5944	4.84725	0.00275036
41.9404	55.2938	4.91054	0.00524162
38.8603	55.2938	4.88906	0.00630336
39.8617	52.3495	4.90895	0.0027057
45.8487	52.5335	4.95781	0.00195845
45.0204	55.2938	4.92636	0.00435732
42.834	52.3495	4.94245	0.00221564
41.4664	58.5091	4.78825	0.0137355
40.6366	60.8826	0.11512	0.0287645
38.5596	58.6917	4.75474	0.0163628
44.2548	57.954	4.83265	0.0101105
41.4664	58.5091	4.78825	0.0137355
41.9404	55.2938	4.91054	0.00524162
44.2548	57.954	4.83265	0.0101105
43.4796	60.8826	0.12353	0.0286408
41.4664	58.5091	4.78825	0.0137355
38.5596	58.6917	4.75474	0.0163628
35.7802	55.2938	4.84565	0.00848169
38.8603	55.2938	4.88906	0.00630336
6.31731	42.7435	4.99286	0.000623913
3.39381	46.2515	4.99482	0.00118659
3.19711	42.9395	4.99613	0.000640228
45.8487	52.5335	4.95781	0.00195845
42.834	52.3495	4.94245	0.00221564
43.2329	49.3292	4.9286	0.00104733
48.1005	55.2938	4.93997	0.00348963
45.8487	52.5335	4.95781	0.00195845
48.7787	52.3495	4.96542	0.00159856
48.1005	55.2938	4.93997	0.00348963
47.2801	58.144	4.85816	0.00812004
45.0204	55.2938	4.92636	0.00435732
37.7936	60.8826	0.104511	0.0278748
38.5596	58.6917	4.75474	0.0163628
40.6366	60.8826	0.11512	0.0287645
41.3032	65.9587	0.0264249	0.0419654
39.6261	63.8451	0.0438896	0.0405141
42.43	63.669	0.0536898	4.34795
34.9506	60.8826	0.0837169	0.0518934
35.6527	58.8743	4.67362	0.0267713
37.7936	60.8826	0.104511	0.0278748
31.3817	62.6228	0.0396	4.51749
34.9506	60.8826	0.0837169	0.0518934
34.1521	62.7968	0.0468327	4.44257
33.5519	59.0383	0.122748	0.0385265
35.7802	55.2938	4.84565	0.00848169
35.6527	58.8743	4.67362	0.0267713
31.8745	54.2817	4.82091	0.0104503
35.7802	55.2938	4.84565	0.00848169
32.1533	57.1939	0.166202	0.025666
34.1165	49.3292	0.20454	0.00186539
34.2598	46.2515	0.150763	0.000921453
37.0597	48.5598	0.197702	0.00130816
28.0388	49.3292	4.90319	0.00301149
31.0776	49.3292	4.84179	0.00255525
30.9447	52.3495	4.85958	0.00593841
28.0388	49.3292	4.90319	0.00301149
25	46.2515	4.93172	0.00143208
28.0866	46.2515	4.89133	0.00124366
36.7564	51.5944	4.84725	0.00275036
35.7802	55.2938	4.84565	0.00848169
34.1289	53.2696	4.84463	0.00598944
30.9447	52.3495	4.85958	0.00593841
31.0776	49.3292	4.84179	0.00255525
34.1165	49.3292	0.20454	0.00186539
40.1224	48.7521	4.85555	0.00103451
42.834	52.3495	4.94245	0.00221564
39.8617	52.3495	4.90895	0.0027057
39.8617	52.3495	4.90895	0.0027057
42.834	52.3495	4.94245	0.00221564
41.9404	55.2938	4.91054	0.00524162
36.7564	51.5944	4.84725	0.00275036
39.8617	52.3495	4.90895	0.0027057
38.8603	55.2938	4.88906	0.00630336
36.7564	51.5944	4.84725	0.00275036
40.1224	48.7521	4.85555	0.00103451
39.8617	52.3495	4.90895	0.0027057
18.9224	49.3292	4.87879	0.00242155
19.0553	52.3495	0.0792416	0.00259968
16.083	52.3495	4.91717	0.0078287
15.7402	46.2515	4.95131	0.00155966
18.8268	46.2515	4.9287	0.00146401
15.8835	49.3292	4.96349	0.00339968
21.7462	47.598	4.89634	0.00179426
25	46.2515	4.93172	0.00143208
24.7341	50.8393	4.84359	0.00406591
22.0108	14.5924	0.164129	0.000252456
19.9458	11.7351	0.1226	0.000253318
23.0432	12.7235	0.131218	0.000251813
17.645	7.6571	0.0680876	0.000255782
18.75	9.60269	0.0949088	0.000254521
16.5822	10.0948	4.65438	0.00025178
14.9215	7.36598	0.076379	0.000257153
17.645	7.6571	0.0680876	0.000255782
16.5822	10.0948	4.65438	0.00025178
16.6772	5.91038	0.0458714	0.000256714
19.0551	5.91038	0.0363204	0.000255988
17.645	7.6571	0.0680876	0.000255782
20.0967	7.6571	0.0492836	0.000254795
21.25	9.60269	0.0680253	0.000253368
18.75	9.60269	0.0949088	0.000254521
17.645	7.6571	0.0680876	0.000255782
19.0551	5.91038	0.0363204	0.000255988
20.0967	7.6571	0.0492836	0.000254795
24.1844	6.78374	0.0397531	0.000254362
26.189	5.91038	0.0351674	0.000254654
25.4207	8.55507	0.0730007	0.000252878
28.5669	5.91038	0.0394429	0.000254165
31.8199	4.37335	0.0283668	0.000253945
31.1316	6.34706	0.0463241	0.000253019
26.9661	0.123895	0.0128581	0.000257137
28.4094	2.238	0.0167615	0.000256278
26.0648	3.0556	0.0175891	0.000256485
28.9198	0.494728	0.0152077	0.000256472
30.8485	1.10996	0.0175153	0.000255666
28.4094	2.238	0.0167615	0.000256278
31.25	9.60269	0.123718	0.000251266
33.75	9.60269	0.104837	0.000250802
32.5813	11.7351	4.7487	0.000246865
30.9096	13.2177	4.84859	0.000246941
29.636	10.915	4.72855	0.000247078
32.5813	11.7351	4.7487	0.000246865
32.355	7.6571	0.0647041	0.000251863
33.4473	6.2015	0.04316	0.000252202
34.9468	7.95642	0.0663288	0.000250919
29.9033	7.6571	0.0699463	0.000252564
32.355	7.6571	0.0647041	0.000251863
31.25	9.60269	0.123718	0.000251266
31.1316	6.34706	0.0463241	0.000253019
31.8199	4.37335	0.0283668	0.000253945
33.4473	6.2015	0.04316	0.000252202
29.9033	7.6571	0.0699463	0.000252564
31.1316	6.34706	0.0463241	0.000253019
32.355	7.6571	0.0647041	0.000251863
29.9033	7.6571	0.0699463	0.000252564
28.5669	5.91038	0.0394429	0.000254165
31.1316	6.34706	0.0463241	0.000253019
28.5669	5.91038	0.0394429	0.000254165
29.9033	7.6571	0.0699463	0.000252564
27.8022	8.40541	0.0874788	0.000252534
25	4.37335	0.0225366	0.000255888
27.2733	4.37335	0.0249586	0.000255513
26.189	5.91038	0.0351674	0.000254654
27.2733	4.37335	0.0249586	0.000255513
30.3241	3.0556	0.0205514	0.000255276
28.5669	5.91038	0.0394429	0.000254165
31.1316	6.34706	0.0463241	0.000253019
33.4473	6.2015	0.04316	0.000252202
32.355	7.6571	0.0647041	0.000251863
27.2733	4.37335	0.0249586	0.000255513
28.4094	2.238	0.0167615	0.000256278
30.3241	3.0556	0.0205514	0.000255276
26.189	5.91038	0.0351674	0.000254654
27.2733	4.37335	0.0249586	0.000255513
28.5669	5.91038	0.0394429	0.000254165
26.0648	3.0556	0.0175891	0.000256485
28.4094	2.238	0.0167615	0.000256278
27.2733	4.37335	0.0249586	0.000255513
29.636	10.915	4.72855	0.000247078
29.9033	7.6571	0.0699463	0.000252564
31.25	9.60269	0.123718	0.000251266
25.4207	8.55507	0.0730007	0.000252878
27.8022	8.40541	0.0874788	0.000252534
27.0253	10.7509	4.6814	0.00024748
25.4207	8.55507	0.0730007	0.000252878
26.189	5.91038	0.0351674	0.000254654
27.8022	8.40541	0.0874788	0.000252534
26.3489	16.5071	4.87754	0.000247718
24.3933	15.2742	0.211361	0.000251708
25.6653	12.8882	4.73736	0.000247181
30.3241	3.0556	0.0205514	0.000255276
31.8199	4.37335	0.0283668	0.000253945
28.5669	5.91038	0.0394429	0.000254165
30.8485	1.10996	0.0175153	0.000255666
30.3241	3.0556	0.0205514	0.000255276
28.4094	2.238	0.0167615	0.000256278
30.8485	1.10996	0.0175153	0.000255666
32.7403	1.96546	0.0213548	0.000254505
30.3241	3.0556	0.0205514	0.000255276
30.3241	3.0556	0.0205514	0.000255276
32.7403	1.96546	0.0213548	0.000254505
31.8199	4.37335	0.0283668	0.000253945
23.9352	3.0556	0.0168036	0.000256702
25	4.37335	0.0225366	0.000255888
22.7267	4.37335	0.0213768	0.000256151
26.9661	0.123895	0.0128581	0.000257137
26.0648	3.0556	0.0175891	0.000256485
25.0248	1.47661	0.0137717	0.000257144
26.9661	0.123895	0.0128581	0.000257137
28.9198	0.494728	0.0152077	0.000256472
28.4094	2.238	0.0167615	0.000256278
25.0248	1.47661	0.0137717	0.000257144
25	-8.70219e-28	0.0128883	0.000257295
26.9661	0.123895	0.0128581	0.000257137
23.9352	3.0556	0.0168036	0.000256702
25.0248	1.47661	0.0137717	0.000257144
26.0648	3.0556	0.0175891	0.000256485
23.9352	3.0556	0.0168036	0.000256702
23.0835	1.59882	0.0139114	0.000257218
25.0248	1.47661	0.0137717	0.000257144
32.7403	1.96546	0.0213548	0.000254505
34.5833	3.0556	0.0266355	0.000253101
31.8199	4.37335	0.0283668	0.000253945
25	4.37335	0.0225366	0.000255888
26.0648	3.0556	0.0175891	0.000256485
27.2733	4.37335	0.0249586	0.000255513
24.1844	6.78374	0.0397531	0.000254362
25	4.37335	0.0225366	0.000255888
26.189	5.91038	0.0351674	0.000254654
23.9352	3.0556	0.0168036	0.000256702
26.0648	3.0556	0.0175891	0.000256485
25	4.37335	0.0225366	0.000255888
21.913	2.6468	0.0160834	0.000256979
23.9352	3.0556	0.0168036	0.000256702
22.7267	4.37335	0.0213768	0.000256151
23.0835	1.59882	0.0139114	0.000257218
23.0339	0.123895	0.0128524	0.000257397
25.0248	1.47661	0.0137717	0.000257144
21.913	2.6468	0.0160834	0.000256979
23.0835	1.59882	0.0139114	0.000257218
23.9352	3.0556	0.0168036	0.000256702
21.4331	5.91038	0.0303169	0.000255426
20.4534	4.37335	0.0232169	0.0002564
22.7267	4.37335	0.0213768	0.000256151
19.7476	2.78306	0.018801	0.000256996
21.0802	0.494728	0.0138558	0.000257366
21.913	2.6468	0.0160834	0.000256979
23.0339	0.123895	0.0128524	0.000257397
25	-8.70219e-28	0.0128883	0.000257295
25.0248	1.47661	0.0137717	0.000257144
33.4473	6.2015	0.04316	0.000252202
34.5833	3.0556	0.0266355	0.000253101
35.7008	5.91038	0.0445463	0.000251332
36.3664	4.37335	0.0391635	0.000251645
35.7008	5.91038	0.0445463	0.000251332
34.5833	3.0556	0.0266355	0.000253101
23.5785	19.1174	4.90649	0.000250037
26.3489	16.5071	4.87754	0.000247718
26.4215	19.1174	4.93893	0.000248924
23.0771	23.3761	4.97353	0.000254225
25.3391	26.1784	4.9683	0.000252338
22.0277	27.6505	4.96832	0.000260042
29.636	10.915	4.72855	0.000247078
27.8022	8.40541	0.0874788	0.000252534
29.9033	7.6571	0.0699463	0.000252564
29.636	10.915	4.72855	0.000247078
27.0253	10.7509	4.6814	0.00024748
27.8022	8.40541	0.0874788	0.000252534
32.5813	11.7351	4.7487	0.000246865
29.636	10.915	4.72855	0.000247078
31.25	9.60269	0.123718	0.000251266
28.2875	13.053	4.83101	0.000246866
27.0253	10.7509	4.6814	0.00024748
29.636	10.915	4.72855	0.000247078
23.0432	12.7235	0.131218	0.000251813
25.6653	12.8882	4.73736	0.000247181
24.3933	15.2742	0.211361	0.000251708
24.4145	10.5869	0.110088	0.000251942
25.4207	8.55507	0.0730007	0.000252878
27.0253	10.7509	4.6814	0.00024748
23.0432	12.7235	0.131218	0.000251813
24.4145	10.5869	0.110088	0.000251942
25.6653	12.8882	4.73736	0.000247181
23.0432	12.7235	0.131218	0.000251813
21.25	9.60269	0.0680253	0.000253368
24.4145	10.5869	0.110088	0.000251942
24.1844	6.78374	0.0397531	0.000254362
22.5483	7.6571	0.0440234	0.000254071
21.4331	5.91038	0.0303169	0.000255426
25	4.37335	0.0225366	0.000255888
24.1844	6.78374	0.0397531	0.000254362
22.7267	4.37335	0.0213768	0.000256151
25.4207	8.55507	0.0730007	0.000252878
24.4145	10.5869	0.110088	0.000251942
22.5483	7.6571	0.0440234	0.000254071
24.4145	10.5869	0.110088	0.000251942
21.25	9.60269	0.0680253	0.000253368
22.5483	7.6571	0.0440234	0.000254071
19.5656	14.0413	0.181282	0.000253629
20.9532	16.5071	0.221201	0.000253768
18.2554	16.5071	4.85886	0.000251573
19.9458	11.7351	0.1226	0.000253318
19.5656	14.0413	0.181282	0.000253629
17.7988	12.3941	4.73204	0.00025067
18.75	9.60269	0.0949088	0.000254521
19.9458	11.7351	0.1226	0.000253318
17.7988	12.3941	4.73204	0.00025067
21.25	9.60269	0.0680253	0.000253368
23.0432	12.7235	0.131218	0.000251813
19.9458	11.7351	0.1226	0.000253318
22.0108	14.5924	0.164129	0.000252456
20.9532	16.5071	0.221201	0.000253768
19.5656	14.0413	0.181282	0.000253629
19.9458	11.7351	0.1226	0.000253318
22.0108	14.5924	0.164129	0.000252456
19.5656	14.0413	0.181282	0.000253629
23.0432	12.7235	0.131218	0.000251813
24.3933	15.2742	0.211361	0.000251708
22.0108	14.5924	0.164129	0.000252456
17.7548	18.7251	4.93138	0.000253698
20.7355	19.1174	4.90417	0.000251833
17.2541	20.9431	4.9678	0.000256443
16.8484	14.0413	4.83243	0.000251594
18.2554	16.5071	4.85886	0.000251573
15.9817	15.8026	4.90227	0.000253026
20.9532	16.5071	0.221201	0.000253768
20.7355	19.1174	4.90417	0.000251833
18.2554	16.5071	4.85886	0.000251573
14.9215	7.36598	0.076379	0.000257153
16.5822	10.0948	4.65438	0.00025178
13.513	9.30337	0.132464	0.000257798
12.6058	7.51154	0.0892803	0.000258127
14.9215	7.36598	0.076379	0.000257153
13.513	9.30337	0.132464	0.000257798
13.6336	4.37335	0.0455124	0.000257546
15.4167	3.0556	0.031117	0.000257233
16.6772	5.91038	0.0458714	0.000256714
19.7476	2.78306	0.018801	0.000256996
19.1515	1.10996	0.0174303	0.000257185
21.0802	0.494728	0.0138558	0.000257366
20.4534	4.37335	0.0232169	0.0002564
19.0551	5.91038	0.0363204	0.000255988
18.1801	4.37335	0.0283025	0.000256738
21.913	2.6468	0.0160834	0.000256979
20.4534	4.37335	0.0232169	0.0002564
19.7476	2.78306	0.018801	0.000256996
21.4331	5.91038	0.0303169	0.000255426
19.0551	5.91038	0.0363204	0.000255988
20.4534	4.37335	0.0232169	0.0002564
24.1844	6.78374	0.0397531	0.000254362
21.4331	5.91038	0.0303169	0.000255426
22.7267	4.37335	0.0213768	0.000256151
20.0967	7.6571	0.0492836	0.000254795
19.0551	5.91038	0.0363204	0.000255988
21.4331	5.91038	0.0303169	0.000255426
20.4534	4.37335	0.0232169	0.0002564
18.1801	4.37335	0.0283025	0.000256738
19.7476	2.78306	0.018801	0.000256996
23.0835	1.59882	0.0139114	0.000257218
21.0802	0.494728	0.0138558	0.000257366
23.0339	0.123895	0.0128524	0.000257397
27.8022	8.40541	0.0874788	0.000252534
26.189	5.91038	0.0351674	0.000254654
28.5669	5.91038	0.0394429	0.000254165
25.6653	12.8882	4.73736	0.000247181
24.4145	10.5869	0.110088	0.000251942
27.0253	10.7509	4.6814	0.00024748
22.5483	7.6571	0.0440234	0.000254071
20.0967	7.6571	0.0492836	0.000254795
21.4331	5.91038	0.0303169	0.000255426
25.4207	8.55507	0.0730007	0.000252878
22.5483	7.6571	0.0440234	0.000254071
24.1844	6.78374	0.0397531	0.000254362
21.25	9.60269	0.0680253	0.000253368
20.0967	7.6571	0.0492836	0.000254795
22.5483	7.6571	0.0440234	0.000254071
14.9215	7.36598	0.076379	0.000257153
16.6772	5.91038	0.0458714	0.000256714
17.645	7.6571	0.0680876	0.000255782
21.913	2.6468	0.0160834	0.000256979
21.0802	0.494728	0.0138558	0.000257366
23.0835	1.59882	0.0139114	0.000257218
37.3284	7.80676	0.0712166	0.000250332
38.0788	5.91038	0.0563832	0.000250529
39.7099	7.6571	0.0913914	0.000250121
33.4473	6.2015	0.04316	0.000252202
35.7008	5.91038	0.0445463	0.000251332
34.9468	7.95642	0.0663288	0.000250919
33.75	9.60269	0.104837	0.000250802
32.355	7.6571	0.0647041	0.000251863
34.9468	7.95642	0.0663288	0.000250919
31.8199	4.37335	0.0283668	0.000253945
34.5833	3.0556	0.0266355	0.000253101
33.4473	6.2015	0.04316	0.000252202
36.3664	4.37335	0.0391635	0.000251645
38.0788	5.91038	0.0563832	0.000250529
35.7008	5.91038	0.0445463	0.000251332
19.7476	2.78306	0.018801	0.000256996
17.2597	1.96546	0.0224331	0.000257148
19.1515	1.10996	0.0174303	0.000257185
18.1801	4.37335	0.0283025	0.000256738
16.6772	5.91038	0.0458714	0.000256714
15.4167	3.0556	0.031117	0.000257233
19.7476	2.78306	0.018801	0.000256996
18.1801	4.37335	0.0283025	0.000256738
17.2597	1.96546	0.0224331	0.000257148
19.0551	5.91038	0.0363204	0.000255988
16.6772	5.91038	0.0458714	0.000256714
18.1801	4.37335	0.0283025	0.000256738
21.913	2.6468	0.0160834	0.000256979
22.7267	4.37335	0.0213768	0.000256151
20.4534	4.37335	0.0232169	0.0002564
20.0967	7.6571	0.0492836	0.000254795
18.75	9.60269	0.0949088	0.000254521
17.645	7.6571	0.0680876	0.000255782
14.9215	7.36598	0.076379	0.000257153
13.6336	4.37335	0.0455124	0.000257546
16.6772	5.91038	0.0458714	0.000256714
32.355	7.6571	0.0647041	0.000251863
33.75	9.60269	0.104837	0.000250802
31.25	9.60269	0.123718	0.000251266
38.0788	5.91038	0.0563832	0.000250529
37.3284	7.80676	0.0712166	0.000250332
35.7008	5.91038	0.0445463	0.000251332
38.75	9.60269	0.12045	0.000250355
41.25	9.60269	0.165647	0.000250822
40.1627	11.7351	4.79342	0.000247794
36.25	9.60269	0.098818	0.000250438
38.75	9.60269	0.12045	0.000250355
37.4683	11.4071	0.172679	0.000250883
39.7099	7.6571	0.0913914	0.000250121
41.25	9.60269	0.165647	0.000250822
38.75	9.60269	0.12045	0.000250355
15.4167	3.0556	0.031117	0.000257233
17.2597	1.96546	0.0224331	0.000257148
18.1801	4.37335	0.0283025	0.000256738
44.0204	14.0413	4.94384	0.000252218
41.2166	14.2175	4.91864	0.00025068
42.6898	11.7351	4.86443	0.000248886
14.9215	7.36598	0.076379	0.000257153
12.6058	7.51154	0.0892803	0.000258127
13.6336	4.37335	0.0455124	0.000257546
15.1767	12.2293	4.80867	0.000252667
12.5545	12.0646	4.82402	0.000254748
13.513	9.30337	0.132464	0.000257798
16.5822	10.0948	4.65438	0.00025178
17.7988	12.3941	4.73204	0.00025067
15.1767	12.2293	4.80867	0.000252667
14.1312	14.0413	4.88984	0.00025395
12.5545	12.0646	4.82402	0.000254748
15.1767	12.2293	4.80867	0.000252667
15.9817	15.8026	4.90227	0.000253026
14.7591	18.4213	4.95862	0.000256024
13.1778	15.9788	4.93994	0.000255727
16.5822	10.0948	4.65438	0.00025178
18.75	9.60269	0.0949088	0.000254521
17.7988	12.3941	4.73204	0.00025067
22.0108	14.5924	0.164129	0.000252456
24.3933	15.2742	0.211361	0.000251708
20.9532	16.5071	0.221201	0.000253768
11.4404	21.3083	4.98768	0.000262115
12.2064	19.1174	4.97656	0.000259031
14.6026	21.856	4.98284	0.000259968
8.66123	21.856	4.99248	0.000265058
11.4404	21.3083	4.98768	0.000262115
10.9756	24.1362	4.99327	0.000266645
8.66123	21.856	4.99248	0.000265058
9.3634	19.1174	4.98364	0.000261455
11.4404	21.3083	4.98768	0.000262115
6.52038	19.1174	4.98835	0.000263338
7.464	16.5071	4.97297	0.000260546
9.3634	19.1174	4.98364	0.000261455
3.67737	19.1174	4.99154	0.000264686
6.52038	19.1174	4.98835	0.000263338
5.62671	21.6734	4.99452	0.000266741
3.67737	19.1174	4.99154	0.000264686
4.76616	16.5071	4.98084	0.000261821
6.52038	19.1174	4.98835	0.000263338
10.1618	16.5071	4.96294	0.000258701
12.2064	19.1174	4.97656	0.000259031
9.3634	19.1174	4.98364	0.000261455
5.97957	14.0413	4.95501	0.000259502
8.69678	14.0413	4.93387	0.000258209
7.464	16.5071	4.97297	0.000260546
11.414	14.0413	4.91312	0.000256291
13.1778	15.9788	4.93994	0.000255727
10.1618	16.5071	4.96294	0.000258701
15.1767	12.2293	4.80867	0.000252667
16.8484	14.0413	4.83243	0.000251594
14.1312	14.0413	4.88984	0.00025395
6.52038	19.1174	4.98835	0.000263338
9.3634	19.1174	4.98364	0.000261455
8.66123	21.856	4.99248	0.000265058
14.7591	18.4213	4.95862	0.000256024
12.2064	19.1174	4.97656	0.000259031
13.1778	15.9788	4.93994	0.000255727
14.7591	18.4213	4.95862	0.000256024
14.6026	21.856	4.98284	0.000259968
12.2064	19.1174	4.97656	0.000259031
12.6058	7.51154	0.0892803	0.000258127
11.9212	5.91038	0.0749994	0.000258088
13.6336	4.37335	0.0455124	0.000257546
11.25	9.60269	0.152188	0.00025915
12.6058	7.51154	0.0892803	0.000258127
13.513	9.30337	0.132464	0.000257798
10.2901	7.6571	0.11447	0.00025899
11.9212	5.91038	0.0749994	0.000258088
12.6058	7.51154	0.0892803	0.000258127
41.2166	14.2175	4.91864	0.00025068
40.1627	11.7351	4.79342	0.000247794
42.6898	11.7351	4.86443	0.000248886
35.1085	11.7351	0.177821	0.000250812
37.4683	11.4071	0.172679	0.000250883
35.6088	14.5697	4.87228	0.000248544
33.1516	14.0413	4.86742	0.000247517
35.1085	11.7351	0.177821	0.000250812
35.6088	14.5697	4.87228	0.000248544
32.5813	11.7351	4.7487	0.000246865
33.75	9.60269	0.104837	0.000250802
35.1085	11.7351	0.177821	0.000250812
37.3284	7.80676	0.0712166	0.000250332
39.7099	7.6571	0.0913914	0.000250121
38.75	9.60269	0.12045	0.000250355
36.25	9.60269	0.098818	0.000250438
37.3284	7.80676	0.0712166	0.000250332
38.75	9.60269	0.12045	0.000250355
35.1085	11.7351	0.177821	0.000250812
36.25	9.60269	0.098818	0.000250438
37.4683	11.4071	0.172679	0.000250883
34.9468	7.95642	0.0663288	0.000250919
37.3284	7.80676	0.0712166	0.000250332
36.25	9.60269	0.098818	0.000250438
34.9468	7.95642	0.0663288	0.000250919
35.7008	5.91038	0.0445463	0.000251332
37.3284	7.80676	0.0712166	0.000250332
42.536	16.5071	4.96591	0.000254657
44.0204	14.0413	4.94384	0.000252218
45.2338	16.5071	4.97605	0.000256522
38.4127	14.3936	4.88628	0.000249463
41.2166	14.2175	4.91864	0.00025068
39.693	16.8552	4.9568	0.000253171
38.4127	14.3936	4.88628	0.000249463
37.4683	11.4071	0.172679	0.000250883
40.1627	11.7351	4.79342	0.000247794
10.2901	7.6571	0.11447	0.00025899
12.6058	7.51154	0.0892803	0.000258127
11.25	9.60269	0.152188	0.00025915
28.2875	13.053	4.83101	0.000246866
30.001	14.922	4.90201	0.000247261
26.3489	16.5071	4.87754	0.000247718
35.1085	11.7351	0.177821	0.000250812
33.1516	14.0413	4.86742	0.000247517
32.5813	11.7351	4.7487	0.000246865
30.001	14.922	4.90201	0.000247261
28.6113	17.5512	4.93525	0.000247959
26.3489	16.5071	4.87754	0.000247718
30.9096	13.2177	4.84859	0.000246941
30.001	14.922	4.90201	0.000247261
28.2875	13.053	4.83101	0.000246866
29.636	10.915	4.72855	0.000247078
30.9096	13.2177	4.84859	0.000246941
28.2875	13.053	4.83101	0.000246866
32.5813	11.7351	4.7487	0.000246865
33.1516	14.0413	4.86742	0.000247517
30.9096	13.2177	4.84859	0.000246941
31.7446	16.5071	4.9353	0.00024827
28.6113	17.5512	4.93525	0.000247959
30.001	14.922	4.90201	0.000247261
34.4425	16.5071	4.93567	0.000249493
31.7446	16.5071	4.9353	0.00024827
33.1516	14.0413	4.86742	0.000247517
34.4425	16.5071	4.93567	0.000249493
34.9506	19.1174	4.97034	0.000251702
32.1075	19.1174	4.96565	0.000249379
37.1403	16.5071	4.93987	0.000251089
34.4425	16.5071	4.93567	0.000249493
35.6088	14.5697	4.87228	0.000248544
37.1403	16.5071	4.93987	0.000251089
37.7936	19.1174	4.97429	0.000254383
34.9506	19.1174	4.97034	0.000251702
11.414	14.0413	4.91312	0.000256291
14.1312	14.0413	4.88984	0.00025395
13.1778	15.9788	4.93994	0.000255727
8.69678	14.0413	4.93387	0.000258209
9.93237	11.8999	4.84529	0.000256484
11.414	14.0413	4.91312	0.000256291
11.25	9.60269	0.152188	0.00025915
13.513	9.30337	0.132464	0.000257798
12.5545	12.0646	4.82402	0.000254748
10.2901	7.6571	0.11447	0.00025899
11.25	9.60269	0.152188	0.00025915
8.74996	9.60269	0.188297	0.000260201
13.513	9.30337	0.132464	0.000257798
16.5822	10.0948	4.65438	0.00025178
15.1767	12.2293	4.80867	0.000252667
9.93237	11.8999	4.84529	0.000256484
11.25	9.60269	0.152188	0.00025915
12.5545	12.0646	4.82402	0.000254748
11.414	14.0413	4.91312	0.000256291
9.93237	11.8999	4.84529	0.000256484
12.5545	12.0646	4.82402	0.000254748
8.69678	14.0413	4.93387	0.000258209
7.31021	11.7351	4.88891	0.000257602
9.93237	11.8999	4.84529	0.000256484
37.4683	11.4071	0.172679	0.000250883
38.4127	14.3936	4.88628	0.000249463
35.6088	14.5697	4.87228	0.000248544
42.536	16.5071	4.96591	0.000254657
43.4158	19.3	4.98641	0.000259577
40.5089	19.4825	4.98217	0.000257489
44.0204	14.0413	4.94384	0.000252218
42.536	16.5071	4.96591	0.000254657
41.2166	14.2175	4.91864	0.00025068
45.2338	16.5071	4.97605	0.000256522
43.4158	19.3	4.98641	0.000259577
42.536	16.5071	4.96591	0.000254657
40.5089	19.4825	4.98217	0.000257489
41.2294	22.236	4.99197	0.000261805
38.204	22.4261	4.98871	0.000258228
42.536	16.5071	4.96591	0.000254657
40.5089	19.4825	4.98217	0.000257489
39.693	16.8552	4.9568	0.000253171
43.4158	19.3	4.98641	0.000259577
41.2294	22.236	4.99197	0.000261805
40.5089	19.4825	4.98217	0.000257489
47.2801	21.856	4.9953	0.000265844
44.3095	21.856	4.99379	0.000264047
46.3226	19.1174	4.98969	0.00026124
38.4127	14.3936	4.88628	0.000249463
37.1403	16.5071	4.93987	0.000251089
35.6088	14.5697	4.87228	0.000248544
40.1627	11.7351	4.79342	0.000247794
41.2166	14.2175	4.91864	0.00025068
38.4127	14.3936	4.88628	0.000249463
38.75	9.60269	0.12045	0.000250355
40.1627	11.7351	4.79342	0.000247794
37.4683	11.4071	0.172679	0.000250883
41.25	9.60269	0.165647	0.000250822
42.6898	11.7351	4.86443	0.000248886
40.1627	11.7351	4.79342	0.000247794
39.693	16.8552	4.9568	0.000253171
37.1403	16.5071	4.93987	0.000251089
38.4127	14.3936	4.88628	0.000249463
40.5089	19.4825	4.98217	0.000257489
37.7936	19.1174	4.97429	0.000254383
39.693	16.8552	4.9568	0.000253171
28.8815	20.2128	4.96182	0.000248446
29.1279	22.9961	4.96063	0.000248546
26.1025	23.1861	4.96917	0.000250573
32.1075	19.1174	4.96565	0.000249379
34.9506	19.1174	4.97034	0.000251702
32.4267	21.856	4.9729	0.000249912
28.8815	20.2128	4.96182	0.000248446
32.1075	19.1174	4.96565	0.000249379
32.4267	21.856	4.9729	0.000249912
31.7446	16.5071	4.9353	0.00024827
34.4425	16.5071	4.93567	0.000249493
32.1075	19.1174	4.96565	0.000249379
28.6113	17.5512	4.93525	0.000247959
31.7446	16.5071	4.9353	0.00024827
32.1075	19.1174	4.96565	0.000249379
11.414	14.0413	4.91312	0.000256291
12.5545	12.0646	4.82402	0.000254748
14.1312	14.0413	4.88984	0.00025395
12.2064	19.1174	4.97656	0.000259031
10.1618	16.5071	4.96294	0.000258701
13.1778	15.9788	4.93994	0.000255727
9.93237	11.8999	4.84529	0.000256484
8.74996	9.60269	0.188297	0.000260201
11.25	9.60269	0.152188	0.00025915
43.4158	19.3	4.98641	0.000259577
45.2338	16.5071	4.97605	0.000256522
46.3226	19.1174	4.98969	0.00026124
33.1516	14.0413	4.86742	0.000247517
35.6088	14.5697	4.87228	0.000248544
34.4425	16.5071	4.93567	0.000249493
36.25	9.60269	0.098818	0.000250438
33.75	9.60269	0.104837	0.000250802
34.9468	7.95642	0.0663288	0.000250919
21.9134	33.7485	0.250035	0.000278118
18.9132	34.917	4.85181	0.000300452
18.6835	32.5943	4.91511	0.000283002
25	30.6708	4.9071	0.000249465
21.9134	33.7485	0.250035	0.000278118
21.9612	30.6708	4.91594	0.000263448
21.8846	36.8646	4.79076	0.000312489
18.9132	34.917	4.85181	0.000300452
21.9134	33.7485	0.250035	0.000278118
25	40	4.85206	0.000376088
21.8846	36.8646	4.79076	0.000312489
25.1151	35.3065	0.224907	0.000266522
21.9134	33.7485	0.250035	0.000278118
18.6835	32.5943	4.91511	0.000283002
21.9612	30.6708	4.91594	0.000263448
18.7212	38.8242	0.204849	0.000387036
18.9132	34.917	4.85181	0.000300452
21.8846	36.8646	4.79076	0.000312489
17.2667	36.7732	0.248727	0.000344712
15.8122	34.7222	4.90322	0.000306863
18.9132	34.917	4.85181	0.000300452
18.7212	38.8242	0.204849	0.000387036
17.2667	36.7732	0.248727	0.000344712
18.9132	34.917	4.85181	0.000300452
18.7212	38.8242	0.204849	0.000387036
15.601	39.0202	0.243422	0.00040301
17.2667	36.7732	0.248727	0.000344712
18.7981	41.9596	0.232805	0.000582962
18.7212	38.8242	0.204849	0.000387036
21.9014	39.3141	0.23161	0.000389853
15.601	39.0202	0.243422	0.00040301
15.8122	34.7222	4.90322	0.000306863
17.2667	36.7732	0.248727	0.000344712
14.001	23.9462	4.98929	0.00026366
14.6026	21.856	4.98284	0.000259968
17.2998	24.7062	4.98526	0.000262007
13.1107	27.6505	4.99028	0.000272462
12.8447	30.6708	4.9829	0.000283192
10.1383	27.6505	4.99435	0.000275165
15.2052	26.1784	4.98846	0.000266942
15.7173	29.727	4.97803	0.00027615
13.1107	27.6505	4.99028	0.000272462
20.3799	24.7062	4.97826	0.00025896
18.0114	27.1222	4.98097	0.000266187
17.2998	24.7062	4.98526	0.000262007
18.7229	29.5382	4.96278	0.000270868
15.7173	29.727	4.97803	0.00027615
18.0114	27.1222	4.98097	0.000266187
18.7229	29.5382	4.96278	0.000270868
18.6835	32.5943	4.91511	0.000283002
15.7173	29.727	4.97803	0.00027615
10.9756	24.1362	4.99327	0.000266645
8.05963	24.7062	4.99585	0.000269959
8.66123	21.856	4.99248	0.000265058
10.1383	27.6505	4.99435	0.000275165
8.05963	24.7062	4.99585	0.000269959
10.9756	24.1362	4.99327	0.000266645
10.1383	27.6505	4.99435	0.000275165
9.80591	30.6708	4.99118	0.000286758
7.16598	27.6505	4.99681	0.000277301
6.70061	30.2933	4.99619	0.000286825
7.16598	27.6505	4.99681	0.000277301
9.80591	30.6708	4.99118	0.000286758
4.97956	24.7062	4.99718	0.000271895
5.62671	21.6734	4.99452	0.000266741
8.05963	24.7062	4.99585	0.000269959
3.67737	19.1174	4.99154	0.000264686
5.62671	21.6734	4.99452	0.000266741
2.71986	21.856	4.996	0.000268396
6.52038	19.1174	4.98835	0.000263338
4.76616	16.5071	4.98084	0.000261821
7.464	16.5071	4.97297	0.000260546
25	30.6708	4.9071	0.000249465
28.0388	30.6708	4.92974	0.000244481
28.0866	33.7485	4.76262	0.00024561
47.2801	21.856	4.9953	0.000265844
48.1005	24.7062	4.99726	0.000269957
45.0204	24.7062	4.99662	0.000268292
26.4215	19.1174	4.93893	0.000248924
26.3489	16.5071	4.87754	0.000247718
28.6113	17.5512	4.93525	0.000247959
18.0114	27.1222	4.98097	0.000266187
22.0277	27.6505	4.96832	0.000260042
18.7229	29.5382	4.96278	0.000270868
17.2541	20.9431	4.9678	0.000256443
20.544	21.856	4.9628	0.000254865
17.2998	24.7062	4.98526	0.000262007
23.0771	23.3761	4.97353	0.000254225
26.1025	23.1861	4.96917	0.000250573
25.3391	26.1784	4.9683	0.000252338
17.2998	24.7062	4.98526	0.000262007
20.544	21.856	4.9628	0.000254865
20.3799	24.7062	4.97826	0.00025896
24.8405	21.1517	4.95447	0.000250698
26.1025	23.1861	4.96917	0.000250573
23.0771	23.3761	4.97353	0.000254225
20.544	21.856	4.9628	0.000254865
24.8405	21.1517	4.95447	0.000250698
23.0771	23.3761	4.97353	0.000254225
23.5785	19.1174	4.90649	0.000250037
26.4215	19.1174	4.93893	0.000248924
24.8405	21.1517	4.95447	0.000250698
31.199	26.5464	0.345317	0.00025258
30.7452	28.7831	4.94334	0.000247183
28.269	26.3624	4.95132	0.000248659
29.1279	22.9961	4.96063	0.000248546
31.199	26.5464	0.345317	0.00025258
28.269	26.3624	4.95132	0.000248659
32.7002	24.7062	4.95612	0.000250138
33.7508	28.5944	4.96405	0.00025274
31.199	26.5464	0.345317	0.00025258
20.544	21.856	4.9628	0.000254865
23.0771	23.3761	4.97353	0.000254225
20.3799	24.7062	4.97826	0.00025896
20.7355	19.1174	4.90417	0.000251833
20.544	21.856	4.9628	0.000254865
17.2541	20.9431	4.9678	0.000256443
17.7548	18.7251	4.93138	0.000253698
18.2554	16.5071	4.85886	0.000251573
20.7355	19.1174	4.90417	0.000251833
14.7591	18.4213	4.95862	0.000256024
17.7548	18.7251	4.93138	0.000253698
17.2541	20.9431	4.9678	0.000256443
14.7591	18.4213	4.95862	0.000256024
15.9817	15.8026	4.90227	0.000253026
17.7548	18.7251	4.93138	0.000253698
20.9532	16.5071	0.221201	0.000253768
23.5785	19.1174	4.90649	0.000250037
20.7355	19.1174	4.90417	0.000251833
23.5785	19.1174	4.90649	0.000250037
24.8405	21.1517	4.95447	0.000250698
20.544	21.856	4.9628	0.000254865
26.689	28.4246	4.9502	0.000248242
22.0277	27.6505	4.96832	0.000260042
25.3391	26.1784	4.9683	0.000252338
21.9612	30.6708	4.91594	0.000263448
18.6835	32.5943	4.91511	0.000283002
18.7229	29.5382	4.96278	0.000270868
20.7355	19.1174	4.90417	0.000251833
23.5785	19.1174	4.90649	0.000250037
20.544	21.856	4.9628	0.000254865
16.8484	14.0413	4.83243	0.000251594
19.5656	14.0413	0.181282	0.000253629
18.2554	16.5071	4.85886	0.000251573
16.8484	14.0413	4.83243	0.000251594
17.7988	12.3941	4.73204	0.00025067
19.5656	14.0413	0.181282	0.000253629
14.1312	14.0413	4.88984	0.00025395
16.8484	14.0413	4.83243	0.000251594
15.9817	15.8026	4.90227	0.000253026
15.1767	12.2293	4.80867	0.000252667
17.7988	12.3941	4.73204	0.00025067
16.8484	14.0413	4.83243	0.000251594
18.75	9.60269	0.0949088	0.000254521
21.25	9.60269	0.0680253	0.000253368
19.9458	11.7351	0.1226	0.000253318
24.3933	15.2742	0.211361	0.000251708
23.5785	19.1174	4.90649	0.000250037
20.9532	16.5071	0.221201	0.000253768
4.97956	24.7062	4.99718	0.000271895
4.19365	27.6505	4.99795	0.000279139
1.8995	24.7062	4.99777	0.000273468
8.74996	9.60269	0.188297	0.000260201
9.93237	11.8999	4.84529	0.000256484
7.31021	11.7351	4.88891	0.000257602
46.8029	37.0605	4.96804	0.000287298
43.6827	37.2565	4.93248	0.000286427
46.6062	33.7485	4.98701	0.000278197
41.9404	24.7062	4.99505	0.00026538
45.0204	24.7062	4.99662	0.000268292
42.7675	28.0281	4.99492	0.000269228
38.8603	24.7062	4.99169	0.000261092
41.9404	24.7062	4.99505	0.00026538
39.9888	27.0985	4.99267	0.00026458
41.2294	22.236	4.99197	0.000261805
44.3095	21.856	4.99379	0.000264047
41.9404	24.7062	4.99505	0.00026538
48.7787	27.6505	4.99712	0.000273328
49.3105	30.6708	4.99488	0.000276155
46.2478	30.8632	4.99372	0.000274864
26.1025	23.1861	4.96917	0.000250573
24.8405	21.1517	4.95447	0.000250698
28.8815	20.2128	4.96182	0.000248446
28.269	26.3624	4.95132	0.000248659
26.1025	23.1861	4.96917	0.000250573
29.1279	22.9961	4.96063	0.000248546
23.0771	23.3761	4.97353	0.000254225
22.0277	27.6505	4.96832	0.000260042
20.3799	24.7062	4.97826	0.00025896
12.8447	30.6708	4.9829	0.000283192
12.7112	34.5275	4.96026	0.000310894
9.49534	33.1714	4.98733	0.000301908
10.1383	27.6505	4.99435	0.000275165
12.8447	30.6708	4.9829	0.000283192
9.80591	30.6708	4.99118	0.000286758
14.3285	32.6965	4.95979	0.000293678
18.6835	32.5943	4.91511	0.000283002
15.8122	34.7222	4.90322	0.000306863
25.1151	35.3065	0.224907	0.000266522
21.8846	36.8646	4.79076	0.000312489
21.9134	33.7485	0.250035	0.000278118
14.3285	32.6965	4.95979	0.000293678
12.7112	34.5275	4.96026	0.000310894
12.8447	30.6708	4.9829	0.000283192
18.9132	34.917	4.85181	0.000300452
15.8122	34.7222	4.90322	0.000306863
18.6835	32.5943	4.91511	0.000283002
15.601	39.0202	0.243422	0.00040301
12.5385	36.8646	4.93788	0.000344351
15.8122	34.7222	4.90322	0.000306863
23.5785	19.1174	4.90649	0.000250037
24.3933	15.2742	0.211361	0.000251708
26.3489	16.5071	4.87754	0.000247718
28.8815	20.2128	4.96182	0.000248446
24.8405	21.1517	4.95447	0.000250698
26.4215	19.1174	4.93893	0.000248924
18.2554	16.5071	4.85886	0.000251573
17.7548	18.7251	4.93138	0.000253698
15.9817	15.8026	4.90227	0.000253026
14.6026	21.856	4.98284	0.000259968
17.2541	20.9431	4.9678	0.000256443
17.2998	24.7062	4.98526	0.000262007
15.9817	15.8026	4.90227	0.000253026
13.1778	15.9788	4.93994	0.000255727
14.1312	14.0413	4.88984	0.00025395
14.6026	21.856	4.98284	0.000259968
14.7591	18.4213	4.95862	0.000256024
17.2541	20.9431	4.9678	0.000256443
11.4404	21.3083	4.98768	0.000262115
14.001	23.9462	4.98929	0.00026366
10.9756	24.1362	4.99327	0.000266645
30.001	14.922	4.90201	0.000247261
30.9096	13.2177	4.84859	0.000246941
33.1516	14.0413	4.86742	0.000247517
31.7446	16.5071	4.9353	0.00024827
30.001	14.922	4.90201	0.000247261
33.1516	14.0413	4.86742	0.000247517
25.6653	12.8882	4.73736	0.000247181
27.0253	10.7509	4.6814	0.00024748
28.2875	13.053	4.83101	0.000246866
25.6653	12.8882	4.73736	0.000247181
28.2875	13.053	4.83101	0.000246866
26.3489	16.5071	4.87754	0.000247718
33.75	9.60269	0.104837	0.000250802
36.25	9.60269	0.098818	0.000250438
35.1085	11.7351	0.177821	0.000250812
39.693	16.8552	4.9568	0.000253171
41.2166	14.2175	4.91864	0.00025068
42.536	16.5071	4.96591	0.000254657
28.8815	20.2128	4.96182	0.000248446
26.4215	19.1174	4.93893	0.000248924
28.6113	17.5512	4.93525	0.000247959
40.625	40	0.222016	0.000318579
43.75	40	4.86591	0.000312355
43.6923	43.1354	0.238503	0.000407565
34.399	40.9798	0.166876	0.000399157
37.5	40	4.78089	0.000319796
37.5191	43.9145	0.142805	0.000518814
40.5769	36.8646	4.91252	0.000281225
43.6827	37.2565	4.93248	0.000286427
40.625	40	0.222016	0.000318579
37.3464	33.7485	4.96137	0.000266696
33.997	31.6326	4.96138	0.000255321
37.1553	30.6708	4.97999	0.000261687
40.625	40	0.222016	0.000318579
37.5	40	4.78089	0.000319796
40.5769	36.8646	4.91252	0.000281225
37.4615	36.8646	4.90874	0.000280959
34.1596	34.7385	4.9299	0.000263888
37.3464	33.7485	4.96137	0.000266696
46.2478	30.8632	4.99372	0.000274864
45.7731	27.8393	4.99656	0.000272029
48.7787	27.6505	4.99712	0.000273328
49.6928	33.7485	4.98932	0.00027987
46.6062	33.7485	4.98701	0.000278197
49.3105	30.6708	4.99488	0.000276155
40.1941	30.6708	4.98745	0.00026708
37.1553	30.6708	4.97999	0.000261687
36.8893	27.6505	4.98521	0.000259165
43.2329	30.6708	4.99125	0.000271498
40.1941	30.6708	4.98745	0.00026708
42.7675	28.0281	4.99492	0.000269228
40.433	33.7485	4.96898	0.000270639
37.3464	33.7485	4.96137	0.000266696
40.1941	30.6708	4.98745	0.00026708
31.3171	35.696	4.87081	0.000262776
31.2019	38.0404	0.225467	0.000301077
28.1154	36.8646	4.58768	0.000276368
33.997	31.6326	4.96138	0.000255321
34.1596	34.7385	4.9299	0.000263888
30.9343	31.8249	4.93938	0.00024646
34.3221	37.8444	4.83843	0.000292051
31.2019	38.0404	0.225467	0.000301077
31.3171	35.696	4.87081	0.000262776
37.5	40	4.78089	0.000319796
34.3221	37.8444	4.83843	0.000292051
37.4615	36.8646	4.90874	0.000280959
34.399	40.9798	0.166876	0.000399157
31.2019	38.0404	0.225467	0.000301077
34.3221	37.8444	4.83843	0.000292051
40.1941	30.6708	4.98745	0.00026708
39.9888	27.0985	4.99267	0.00026458
42.7675	28.0281	4.99492	0.000269228
7.16598	27.6505	4.99681	0.000277301
8.05963	24.7062	4.99585	0.000269959
10.1383	27.6505	4.99435	0.000275165
3.69504	30.482	4.9979	0.000289297
4.19365	27.6505	4.99795	0.000279139
6.70061	30.2933	4.99619	0.000286825
4.97956	24.7062	4.99718	0.000271895
8.05963	24.7062	4.99585	0.000269959
7.16598	27.6505	4.99681	0.000277301
2.71986	21.856	4.996	0.000268396
4.97956	24.7062	4.99718	0.000271895
1.8995	24.7062	4.99777	0.000273468
14.001	23.9462	4.98929	0.00026366
11.4404	21.3083	4.98768	0.000262115
14.6026	21.856	4.98284	0.000259968
13.1107	27.6505	4.99028	0.000272462
10.9756	24.1362	4.99327	0.000266645
14.001	23.9462	4.98929	0.00026366
8.66123	21.856	4.99248	0.000265058
5.62671	21.6734	4.99452	0.000266741
6.52038	19.1174	4.98835	0.000263338
12.2064	19.1174	4.97656	0.000259031
11.4404	21.3083	4.98768	0.000262115
9.3634	19.1174	4.98364	0.000261455
8.05963	24.7062	4.99585	0.000269959
5.62671	21.6734	4.99452	0.000266741
8.66123	21.856	4.99248	0.000265058
44.3095	21.856	4.99379	0.000264047
41.2294	22.236	4.99197	0.000261805
43.4158	19.3	4.98641	0.000259577
45.7731	27.8393	4.99656	0.000272029
45.0204	24.7062	4.99662	0.000268292
48.1005	24.7062	4.99726	0.000269957
38.8603	24.7062	4.99169	0.000261092
36.8893	27.6505	4.98521	0.000259165
35.7802	24.7062	4.98283	0.000255434
45.7731	27.8393	4.99656	0.000272029
42.7675	28.0281	4.99492	0.000269228
45.0204	24.7062	4.99662	0.000268292
43.2329	30.6708	4.99125	0.000271498
46.2478	30.8632	4.99372	0.000274864
43.5196	33.7485	4.97783	0.000274897
40.433	33.7485	4.96898	0.000270639
43.2329	30.6708	4.99125	0.000271498
43.5196	33.7485	4.97783	0.000274897
42.7675	28.0281	4.99492	0.000269228
45.7731	27.8393	4.99656	0.000272029
43.2329	30.6708	4.99125	0.000271498
41.9404	24.7062	4.99505	0.00026538
42.7675	28.0281	4.99492	0.000269228
39.9888	27.0985	4.99267	0.00026458
45.7731	27.8393	4.99656	0.000272029
46.2478	30.8632	4.99372	0.000274864
43.2329	30.6708	4.99125	0.000271498
8.69678	14.0413	4.93387	0.000258209
5.97957	14.0413	4.95501	0.000259502
7.31021	11.7351	4.88891	0.000257602
10.1618	16.5071	4.96294	0.000258701
8.69678	14.0413	4.93387	0.000258209
11.414	14.0413	4.91312	0.000256291
7.464	16.5071	4.97297	0.000260546
4.76616	16.5071	4.98084	0.000261821
5.97957	14.0413	4.95501	0.000259502
10.1618	16.5071	4.96294	0.000258701
7.464	16.5071	4.97297	0.000260546
8.69678	14.0413	4.93387	0.000258209
10.1618	16.5071	4.96294	0.000258701
9.3634	19.1174	4.98364	0.000261455
7.464	16.5071	4.97297	0.000260546
9.42308	36.8646	4.97915	0.000347072
9.49534	33.1714	4.98733	0.000301908
12.7112	34.5275	4.96026	0.000310894
12.5	40	4.93216	0.000436758
9.36058	39.4121	4.97827	0.000414272
12.5385	36.8646	4.93788	0.000344351
9.36058	39.4121	4.97827	0.000414272
6.30769	36.8646	4.99242	0.000345038
9.42308	36.8646	4.97915	0.000347072
3.19231	36.8646	4.9968	0.000344624
3.40821	33.9432	4.99737	0.000310268
6.30769	36.8646	4.99242	0.000345038
0.076922	36.8646	4.9978	0.000343426
3.19231	36.8646	4.9968	0.000344624
3.125	40	4.99649	0.000424412
0.076922	36.8646	4.9978	0.000343426
0.307214	33.7485	4.99813	0.000309446
3.19231	36.8646	4.9968	0.000344624
6.70061	30.2933	4.99619	0.000286825
9.80591	30.6708	4.99118	0.000286758
9.49534	33.1714	4.98733	0.000301908
2.71986	21.856	4.996	0.000268396
5.62671	21.6734	4.99452	0.000266741
4.97956	24.7062	4.99718	0.000271895
18.0114	27.1222	4.98097	0.000266187
15.7173	29.727	4.97803	0.00027615
15.2052	26.1784	4.98846	0.000266942
43.5196	33.7485	4.97783	0.000274897
40.5769	36.8646	4.91252	0.000281225
40.433	33.7485	4.96898	0.000270639
49.9231	36.8646	4.9756	0.000289211
46.8029	37.0605	4.96804	0.000287298
49.6928	33.7485	4.98932	0.00027987
43.75	40	4.86591	0.000312355
40.625	40	0.222016	0.000318579
43.6827	37.2565	4.93248	0.000286427
13.1107	27.6505	4.99028	0.000272462
15.7173	29.727	4.97803	0.00027615
12.8447	30.6708	4.9829	0.000283192
10.9756	24.1362	4.99327	0.000266645
13.1107	27.6505	4.99028	0.000272462
10.1383	27.6505	4.99435	0.000275165
15.2052	26.1784	4.98846	0.000266942
17.2998	24.7062	4.98526	0.000262007
18.0114	27.1222	4.98097	0.000266187
14.001	23.9462	4.98929	0.00026366
15.2052	26.1784	4.98846	0.000266942
13.1107	27.6505	4.99028	0.000272462
14.001	23.9462	4.98929	0.00026366
17.2998	24.7062	4.98526	0.000262007
15.2052	26.1784	4.98846	0.000266942
46.6062	33.7485	4.98701	0.000278197
43.6827	37.2565	4.93248	0.000286427
43.5196	33.7485	4.97783	0.000274897
50	40	4.95935	0.00031082
46.8029	37.0605	4.96804	0.000287298
49.9231	36.8646	4.9756	0.000289211
46.8798	40.196	4.93461	0.000332093
43.75	40	4.86591	0.000312355
46.8029	37.0605	4.96804	0.000287298
21.9014	39.3141	0.23161	0.000389853
21.9183	41.7637	4.84328	0.00056395
18.7981	41.9596	0.232805	0.000582962
25	40	4.85206	0.000376088
21.9014	39.3141	0.23161	0.000389853
21.8846	36.8646	4.79076	0.000312489
25	40	4.85206	0.000376088
21.9183	41.7637	4.84328	0.00056395
21.9014	39.3141	0.23161	0.000389853
22.0142	44.8882	4.90822	0.0010406
18.7981	41.9596	0.232805	0.000582962
21.9183	41.7637	4.84328	0.00056395
3.69504	30.482	4.9979	0.000289297
3.40821	33.9432	4.99737	0.000310268
0.68946	30.6708	4.99839	0.000291503
1.22131	27.6505	4.99834	0.000280701
3.69504	30.482	4.9979	0.000289297
0.68946	30.6708	4.99839	0.000291503
6.70061	30.2933	4.99619	0.000286825
6.43263	33.3637	4.99483	0.000304257
3.69504	30.482	4.9979	0.000289297
43.5196	33.7485	4.97783	0.000274897
43.6827	37.2565	4.93248	0.000286427
40.5769	36.8646	4.91252	0.000281225
40.1941	30.6708	4.98745	0.00026708
43.2329	30.6708	4.99125	0.000271498
40.433	33.7485	4.96898	0.000270639
46.6062	33.7485	4.98701	0.000278197
49.6928	33.7485	4.98932	0.00027987
46.8029	37.0605	4.96804	0.000287298
46.2478	30.8632	4.99372	0.000274864
46.6062	33.7485	4.98701	0.000278197
43.5196	33.7485	4.97783	0.000274897
46.2478	30.8632	4.99372	0.000274864
49.3105	30.6708	4.99488	0.000276155
46.6062	33.7485	4.98701	0.000278197
46.8798	40.196	4.93461	0.000332093
46.8029	37.0605	4.96804	0.000287298
50	40	4.95935	0.00031082
9.4375	42.5475	4.98249	0.000639564
6.24038	39.6081	4.99218	0.000411575
9.36058	39.4121	4.97827	0.000414272
9.49534	33.1714	4.98733	0.000301908
9.80591	30.6708	4.99118	0.000286758
12.8447	30.6708	4.9829	0.000283192
12.5385	36.8646	4.93788	0.000344351
9.42308	36.8646	4.97915	0.000347072
12.7112	34.5275	4.96026	0.000310894
6.43263	33.3637	4.99483	0.000304257
6.70061	30.2933	4.99619	0.000286825
9.49534	33.1714	4.98733	0.000301908
4.19365	27.6505	4.99795	0.000279139
4.97956	24.7062	4.99718	0.000271895
7.16598	27.6505	4.99681	0.000277301
1.22131	27.6505	4.99834	0.000280701
4.19365	27.6505	4.99795	0.000279139
3.69504	30.482	4.9979	0.000289297
1.22131	27.6505	4.99834	0.000280701
1.8995	24.7062	4.99777	0.000273468
4.19365	27.6505	4.99795	0.000279139
6.70061	30.2933	4.99619	0.000286825
4.19365	27.6505	4.99795	0.000279139
7.16598	27.6505	4.99681	0.000277301
18.7229	29.5382	4.96278	0.000270868
22.0277	27.6505	4.96832	0.000260042
21.9612	30.6708	4.91594	0.000263448
14.3285	32.6965	4.95979	0.000293678
12.8447	30.6708	4.9829	0.000283192
15.7173	29.727	4.97803	0.00027615
18.6835	32.5943	4.91511	0.000283002
14.3285	32.6965	4.95979	0.000293678
15.7173	29.727	4.97803	0.00027615
15.8122	34.7222	4.90322	0.000306863
12.7112	34.5275	4.96026	0.000310894
14.3285	32.6965	4.95979	0.000293678
18.0114	27.1222	4.98097	0.000266187
20.3799	24.7062	4.97826	0.00025896
22.0277	27.6505	4.96832	0.000260042
3.40821	33.9432	4.99737	0.000310268
3.69504	30.482	4.9979	0.000289297
6.43263	33.3637	4.99483	0.000304257
46.8077	43.1354	4.91137	0.000393736
43.6923	43.1354	0.238503	0.000407565
46.8798	40.196	4.93461	0.000332093
49.9231	43.1354	4.9485	0.000387708
46.8077	43.1354	4.91137	0.000393736
46.8798	40.196	4.93461	0.000332093
46.2717	49.3292	4.95718	0.000920814
49.3105	49.3292	4.96707	0.00083326
48.7787	52.3495	4.96542	0.00159856
43.5196	46.2515	4.87298	0.000583981
46.2717	49.3292	4.95718	0.000920814
43.2329	49.3292	4.9286	0.00104733
40.433	46.2515	4.7938	0.000639109
43.5196	46.2515	4.87298	0.000583981
43.2329	49.3292	4.9286	0.00104733
43.6923	43.1354	0.238503	0.000407565
46.8077	43.1354	4.91137	0.000393736
46.6062	46.2515	4.9322	0.000543205
46.6062	46.2515	4.9322	0.000543205
49.3105	49.3292	4.96707	0.00083326
46.2717	49.3292	4.95718	0.000920814
6.30769	36.8646	4.99242	0.000345038
6.43263	33.3637	4.99483	0.000304257
9.42308	36.8646	4.97915	0.000347072
3.125	40	4.99649	0.000424412
3.19231	36.8646	4.9968	0.000344624
6.24038	39.6081	4.99218	0.000411575
3.40821	33.9432	4.99737	0.000310268
6.43263	33.3637	4.99483	0.000304257
6.30769	36.8646	4.99242	0.000345038
0.307214	33.7485	4.99813	0.000309446
3.40821	33.9432	4.99737	0.000310268
3.19231	36.8646	4.9968	0.000344624
0.307214	33.7485	4.99813	0.000309446
0.68946	30.6708	4.99839	0.000291503
3.40821	33.9432	4.99737	0.000310268
