25	30.6708	4.90618	0.000272848
28.0866	33.7485	4.64086	0.000264098
25.1151	35.3065	0.220103	0.000285575
22.0277	27.6505	4.9691	0.000286073
25	30.6708	4.90618	0.000272848
21.9612	30.6708	4.91647	0.000289183
26.689	28.4246	4.95043	0.00027247
28.269	26.3624	4.95153	0.000272803
30.7452	28.7831	4.94344	0.000270967
25	30.6708	4.90618	0.000272848
26.689	28.4246	4.95043	0.00027247
28.0388	30.6708	4.92795	0.000266892
25.3391	26.1784	4.96884	0.0002773
28.269	26.3624	4.95153	0.000272803
26.689	28.4246	4.95043	0.00027247
28.0388	30.6708	4.92795	0.000266892
30.9343	31.8249	4.9385	0.000269336
28.0866	33.7485	4.64086	0.000264098
22.0277	27.6505	4.9691	0.000286073
26.689	28.4246	4.95043	0.00027247
25	30.6708	4.90618	0.000272848
30.7452	28.7831	4.94344	0.000270967
30.9343	31.8249	4.9385	0.000269336
28.0388	30.6708	4.92795	0.000266892
26.689	28.4246	4.95043	0.00027247
30.7452	28.7831	4.94344	0.000270967
28.0388	30.6708	4.92795	0.000266892
26.1025	23.1861	4.96942	0.000275008
28.269	26.3624	4.95153	0.000272803
25.3391	26.1784	4.96884	0.0002773
29.1279	22.9961	4.96059	0.000272426
32.7002	24.7062	4.9559	0.000274057
31.199	26.5464	0.345259	0.000276745
33.7508	28.5944	4.96439	0.000277349
30.9343	31.8249	4.9385	0.000269336
30.7452	28.7831	4.94344	0.000270967
31.199	26.5464	0.345259	0.000276745
33.7508	28.5944	4.96439	0.000277349
30.7452	28.7831	4.94344	0.000270967
37.4615	36.8646	4.90923	0.00030582
40.433	33.7485	4.96916	0.00029646
40.5769	36.8646	4.91263	0.000306528
36.8893	27.6505	4.98546	0.000284656
37.1553	30.6708	4.98041	0.000287301
33.7508	28.5944	4.96439	0.000277349
36.8893	27.6505	4.98546	0.000284656
39.9888	27.0985	4.99288	0.000290798
40.1941	30.6708	4.98767	0.000293288
34.9506	19.1174	4.9706	0.000276462
34.4425	16.5071	4.9359	0.00027391
37.1403	16.5071	4.94003	0.00027564
38.204	22.4261	4.98893	0.000283787
35.1786	22.6161	4.98139	0.000278276
36.4861	20.8667	4.98059	0.000279552
32.1075	19.1174	4.96591	0.00027379
28.8815	20.2128	4.96203	0.000272619
28.6113	17.5512	4.93556	0.000272182
38.204	22.4261	4.98893	0.000283787
35.7802	24.7062	4.9829	0.000280371
35.1786	22.6161	4.98139	0.000278276
32.7002	24.7062	4.9559	0.000274057
29.1279	22.9961	4.96059	0.000272426
32.4267	21.856	4.97293	0.000274106
45.7731	27.8393	4.99662	0.000298968
48.1005	24.7062	4.99729	0.000296648
48.7787	27.6505	4.99718	0.000300413
38.8603	24.7062	4.9919	0.000286964
41.2294	22.236	4.99211	0.000287713
41.9404	24.7062	4.99519	0.000291695
38.8603	24.7062	4.9919	0.000286964
38.204	22.4261	4.98893	0.000283787
41.2294	22.236	4.99211	0.000287713
36.8893	27.6505	4.98546	0.000284656
38.8603	24.7062	4.9919	0.000286964
39.9888	27.0985	4.99288	0.000290798
35.7802	24.7062	4.9829	0.000280371
38.204	22.4261	4.98893	0.000283787
38.8603	24.7062	4.9919	0.000286964
33.7508	28.5944	4.96439	0.000277349
35.7802	24.7062	4.9829	0.000280371
36.8893	27.6505	4.98546	0.000284656
32.7002	24.7062	4.9559	0.000274057
32.4267	21.856	4.97293	0.000274106
35.1786	22.6161	4.98139	0.000278276
37.7936	19.1174	4.97449	0.000279432
40.5089	19.4825	4.9823	0.000282839
38.204	22.4261	4.98893	0.000283787
35.1786	22.6161	4.98139	0.000278276
32.4267	21.856	4.97293	0.000274106
34.9506	19.1174	4.9706	0.000276462
36.4861	20.8667	4.98059	0.000279552
35.1786	22.6161	4.98139	0.000278276
34.9506	19.1174	4.9706	0.000276462
37.7936	19.1174	4.97449	0.000279432
36.4861	20.8667	4.98059	0.000279552
34.9506	19.1174	4.9706	0.000276462
37.7936	19.1174	4.97449	0.000279432
38.204	22.4261	4.98893	0.000283787
36.4861	20.8667	4.98059	0.000279552
35.7802	24.7062	4.9829	0.000280371
32.7002	24.7062	4.9559	0.000274057
35.1786	22.6161	4.98139	0.000278276
33.7508	28.5944	4.96439	0.000277349
32.7002	24.7062	4.9559	0.000274057
35.7802	24.7062	4.9829	0.000280371
29.1279	22.9961	4.96059	0.000272426
28.8815	20.2128	4.96203	0.000272619
32.4267	21.856	4.97293	0.000274106
37.1403	16.5071	4.94003	0.00027564
39.693	16.8552	4.95689	0.000277918
37.7936	19.1174	4.97449	0.000279432
44.3095	21.856	4.99384	0.000290082
47.2801	21.856	4.99533	0.000292045
45.0204	24.7062	4.99667	0.000294826
41.9404	24.7062	4.99519	0.000291695
44.3095	21.856	4.99384	0.000290082
45.0204	24.7062	4.99667	0.000294826
43.4158	19.3	4.98645	0.000285072
46.3226	19.1174	4.98971	0.000286895
44.3095	21.856	4.99384	0.000290082
28.0866	46.2515	4.89133	0.00125921
31.0776	49.3292	4.84176	0.00257919
28.0388	49.3292	4.90194	0.00299955
25	43.1354	4.90292	0.000680075
28.1154	43.1354	4.85175	0.000662187
28.0866	46.2515	4.89133	0.00125921
37.3464	46.2515	0.159394	0.000801844
34.3294	43.6157	0.132463	0.000589221
37.5191	43.9145	0.1428	0.00054525
31.226	43.7137	0.185787	0.000677201
31.2788	41.1758	0.177965	0.000461829
34.3294	43.6157	0.132463	0.000589221
28.0866	46.2515	4.89133	0.00125921
31.226	43.7137	0.185787	0.000677201
31.1732	46.2515	4.78024	0.00115783
28.1154	43.1354	4.85175	0.000662187
31.2788	41.1758	0.177965	0.000461829
31.226	43.7137	0.185787	0.000677201
25	46.2515	4.92842	0.0013679
25	43.1354	4.90292	0.000680075
28.0866	46.2515	4.89133	0.00125921
28.125	40	4.81931	0.000394374
31.2788	41.1758	0.177965	0.000461829
28.1154	43.1354	4.85175	0.000662187
28.125	40	4.81931	0.000394374
31.2019	38.0404	0.224568	0.000324007
31.2788	41.1758	0.177965	0.000461829
31.2019	38.0404	0.224568	0.000324007
34.399	40.9798	0.167416	0.000425769
31.2788	41.1758	0.177965	0.000461829
28.0866	33.7485	4.64086	0.000264098
31.3171	35.696	4.86868	0.000284442
28.1154	36.8646	4.39231	0.000294957
37.3464	33.7485	4.96192	0.000292115
37.1553	30.6708	4.98041	0.000287301
40.1941	30.6708	4.98767	0.000293288
37.4615	36.8646	4.90923	0.00030582
37.3464	33.7485	4.96192	0.000292115
40.433	33.7485	4.96916	0.00029646
37.4615	36.8646	4.90923	0.00030582
34.3221	37.8444	4.83939	0.000316307
34.1596	34.7385	4.93075	0.000288396
34.1596	34.7385	4.93075	0.000288396
33.997	31.6326	4.962	0.0002801
37.3464	33.7485	4.96192	0.000292115
31.3171	35.696	4.86868	0.000284442
34.1596	34.7385	4.93075	0.000288396
34.3221	37.8444	4.83939	0.000316307
31.3171	35.696	4.86868	0.000284442
30.9343	31.8249	4.9385	0.000269336
34.1596	34.7385	4.93075	0.000288396
30.9343	31.8249	4.9385	0.000269336
33.7508	28.5944	4.96439	0.000277349
33.997	31.6326	4.962	0.0002801
40.433	46.2515	4.79373	0.000666206
40.6201	43.7197	0.1854	0.000483997
43.5196	46.2515	4.87305	0.000612857
46.8029	37.0605	4.96815	0.00031427
43.75	40	4.86601	0.000338536
43.6827	37.2565	4.93258	0.000312599
49.9231	43.1354	4.94861	0.000417275
46.8798	40.196	4.93473	0.000360918
50	40	4.95947	0.000338161
49.9231	43.1354	4.94861	0.000417275
49.6928	46.2515	4.95667	0.000548763
46.8077	43.1354	4.91149	0.000422989
25	43.1354	4.90292	0.000680075
25	46.2515	4.92842	0.0013679
22.0142	44.8882	4.90864	0.00106197
25	40	4.85123	0.000400314
25	43.1354	4.90292	0.000680075
21.9183	41.7637	4.84407	0.000595059
25	40	4.85123	0.000400314
28.1154	43.1354	4.85175	0.000662187
25	43.1354	4.90292	0.000680075
31.2019	38.0404	0.224568	0.000324007
28.125	40	4.81931	0.000394374
28.1154	36.8646	4.39231	0.000294957
28.1154	43.1354	4.85175	0.000662187
31.226	43.7137	0.185787	0.000677201
28.0866	46.2515	4.89133	0.00125921
18.7981	41.9596	0.232974	0.000612525
15.601	39.0202	0.243595	0.000433105
18.7212	38.8242	0.205276	0.00041662
17.2523	44.2036	4.89491	0.000987503
15.7402	46.2515	4.9505	0.00157181
14.1489	44.3016	4.94829	0.000995442
18.7981	41.9596	0.232974	0.000612525
17.2523	44.2036	4.89491	0.000987503
15.6779	42.1556	4.87739	0.000667579
18.8268	46.2515	4.92861	0.00148896
15.7402	46.2515	4.9505	0.00157181
17.2523	44.2036	4.89491	0.000987503
21.7462	47.598	4.91477	0.00210913
18.8268	46.2515	4.92861	0.00148896
22.0142	44.8882	4.90864	0.00106197
21.7462	47.598	4.91477	0.00210913
18.9224	49.3292	4.92069	0.00323349
18.8268	46.2515	4.92861	0.00148896
15.6779	42.1556	4.87739	0.000667579
15.601	39.0202	0.243595	0.000433105
18.7981	41.9596	0.232974	0.000612525
18.8268	46.2515	4.92861	0.00148896
17.2523	44.2036	4.89491	0.000987503
18.7981	41.9596	0.232974	0.000612525
14.1489	44.3016	4.94829	0.000995442
12.6536	46.2515	4.97362	0.00141107
12.5577	42.3516	4.95316	0.000662639
15.6779	42.1556	4.87739	0.000667579
14.1489	44.3016	4.94829	0.000995442
12.5577	42.3516	4.95316	0.000662639
15.7402	46.2515	4.9505	0.00157181
12.6536	46.2515	4.97362	0.00141107
14.1489	44.3016	4.94829	0.000995442
12.7118	50.0843	4.97565	0.00417903
12.6536	46.2515	4.97362	0.00141107
15.8835	49.3292	4.96515	0.00347434
16.083	52.3495	4.94579	0.00846433
13.1107	52.3495	4.96556	0.00815792
15.8835	49.3292	4.96515	0.00347434
18.9224	49.3292	4.92069	0.00323349
16.083	52.3495	4.94579	0.00846433
15.8835	49.3292	4.96515	0.00347434
13.1107	52.3495	4.96556	0.00815792
10.6893	54.7417	4.9393	0.0153913
10.1383	52.3495	4.96972	0.00734859
15.8835	49.3292	4.96515	0.00347434
13.1107	52.3495	4.96556	0.00815792
12.7118	50.0843	4.97565	0.00417903
14.2198	55.2938	4.92413	0.0216147
10.6893	54.7417	4.9393	0.0153913
13.1107	52.3495	4.96556	0.00815792
17.0264	56.2438	4.89323	0.0312842
14.2198	55.2938	4.92413	0.0216147
16.083	52.3495	4.94579	0.00846433
17.2808	59.0298	4.77057	0.0782197
17.5295	61.7527	0.0932445	4.66126
15.0494	60.8826	0.117457	0.105933
17.0264	56.2438	4.89323	0.0312842
17.2808	59.0298	4.77057	0.0782197
14.6026	58.144	4.81251	0.0534716
17.0264	56.2438	4.89323	0.0312842
20.0518	56.4338	4.86572	0.0338465
17.2808	59.0298	4.77057	0.0782197
7.16598	52.3495	4.97304	0.00664987
8.05963	55.2938	4.93061	0.0163353
4.92487	55.4838	4.93477	0.0169036
6.76709	49.3292	4.98799	0.00279621
7.16598	52.3495	4.97304	0.00664987
4.19365	52.3495	4.9765	0.00619557
10.1383	52.3495	4.96972	0.00734859
8.05963	55.2938	4.93061	0.0163353
7.16598	52.3495	4.97304	0.00664987
12.7118	50.0843	4.97565	0.00417903
10.1383	52.3495	4.96972	0.00734859
9.70619	49.8955	4.98253	0.00357301
10.6893	54.7417	4.9393	0.0153913
8.05963	55.2938	4.93061	0.0163353
10.1383	52.3495	4.96972	0.00734859
12.5577	42.3516	4.95316	0.000662639
12.5	40	4.93218	0.000466584
15.6779	42.1556	4.87739	0.000667579
9.61019	45.6673	4.98758	0.00115077
12.5577	42.3516	4.95316	0.000662639
12.6536	46.2515	4.97362	0.00141107
9.61019	45.6673	4.98758	0.00115077
6.31731	42.7435	4.99285	0.000657447
9.4375	42.5475	4.9825	0.000672642
-3.10282e-28	40	4.99745	0.000480657
3.125	40	4.99646	0.000455196
3.19711	42.9395	4.9961	0.000673989
-3.10282e-28	40	4.99745	0.000480657
0.076922	36.8646	4.99777	0.000373209
3.125	40	4.99646	0.000455196
46.6062	46.2515	4.93231	0.000573257
46.2717	49.3292	4.95726	0.000951774
43.5196	46.2515	4.87305	0.000612857
43.6923	43.1354	0.238578	0.00043631
46.6062	46.2515	4.93231	0.000573257
43.5196	46.2515	4.87305	0.000612857
49.6928	46.2515	4.95667	0.000548763
49.3105	49.3292	4.96718	0.000864604
46.6062	46.2515	4.93231	0.000573257
27.4517	72.3429	0.00294745	0.0237573
25	72.3429	0.00300428	0.0293931
27.0253	69.2491	0.0069693	0.0555239
24.7277	76.3587	0.00122371	0.00992864
26.189	74.0896	0.00193525	0.016358
27.2733	75.6267	0.00139284	0.0103069
24.7277	76.3587	0.00122371	0.00992864
23.0327	74.7883	0.00172961	0.0169111
26.189	74.0896	0.00193525	0.016358
23.0339	79.8761	0.000916576	0.00667168
21.0802	79.5053	0.00102234	0.0077233
21.6827	78.0345	0.00106115	0.00826843
19.6759	76.9444	0.00129625	0.0101637
19.0551	74.0896	0.00229816	0.020669
21.4331	74.0896	0.00211829	0.0218577
19.6759	76.9444	0.00129625	0.0101637
18.1801	75.6267	0.00177805	0.0139253
19.0551	74.0896	0.00229816	0.020669
21.4331	74.0896	0.00211829	0.0218577
23.0327	74.7883	0.00172961	0.0169111
22.3999	76.5052	0.00126995	0.0110092
20.0967	72.3429	0.00344838	0.038318
22.5483	72.3429	0.00322908	0.0390623
21.4331	74.0896	0.00211829	0.0218577
16.5527	73.7985	0.00272018	0.0192538
17.645	72.3429	0.00369099	0.0291841
19.0551	74.0896	0.00229816	0.020669
19.193	69.7412	0.00755009	0.0739467
21.8037	69.5771	0.00715105	4.50984
20.0967	72.3429	0.00344838	0.038318
21.8037	69.5771	0.00715105	4.50984
23.75	70.3973	0.0054798	0.059561
22.5483	72.3429	0.00322908	0.0390623
21.6827	78.0345	0.00106115	0.00826843
19.1515	78.89	0.00115714	0.00864347
19.6759	76.9444	0.00129625	0.0101637
22.3999	76.5052	0.00126995	0.0110092
19.6759	76.9444	0.00129625	0.0101637
21.4331	74.0896	0.00211829	0.0218577
22.3999	76.5052	0.00126995	0.0110092
21.6827	78.0345	0.00106115	0.00826843
19.6759	76.9444	0.00129625	0.0101637
24.7277	76.3587	0.00122371	0.00992864
22.3999	76.5052	0.00126995	0.0110092
23.0327	74.7883	0.00172961	0.0169111
24.7277	76.3587	0.00122371	0.00992864
24.9752	78.5234	0.000940557	0.00670036
23.329	78.279	0.000987441	0.00747231
21.0802	79.5053	0.00102234	0.0077233
19.1515	78.89	0.00115714	0.00864347
21.6827	78.0345	0.00106115	0.00826843
25	80	0.000898636	0.00624179
24.9752	78.5234	0.000940557	0.00670036
26.9661	79.8761	0.000886854	0.00572056
19.6759	76.9444	0.00129625	0.0101637
19.1515	78.89	0.00115714	0.00864347
17.2597	78.0345	0.00141324	0.0101951
28.3173	78.0345	0.000996867	0.00630175
30.8485	78.89	0.00107635	0.00616178
28.9198	79.5053	0.000963644	0.00589441
18.1801	75.6267	0.00177805	0.0139253
19.6759	76.9444	0.00129625	0.0101637
17.2597	78.0345	0.00141324	0.0101951
15.4167	76.9444	0.00179392	0.011946
18.1801	75.6267	0.00177805	0.0139253
17.2597	78.0345	0.00141324	0.0101951
23.0327	74.7883	0.00172961	0.0169111
21.4331	74.0896	0.00211829	0.0218577
22.5483	72.3429	0.00322908	0.0390623
15.4167	76.9444	0.00179392	0.011946
16.5527	73.7985	0.00272018	0.0192538
18.1801	75.6267	0.00177805	0.0139253
20.0967	72.3429	0.00344838	0.038318
21.8037	69.5771	0.00715105	4.50984
22.5483	72.3429	0.00322908	0.0390623
15.4167	76.9444	0.00179392	0.011946
13.6336	75.6267	0.00267773	0.0164986
14.237	73.9441	0.00310407	0.0191251
29.3832	76.0659	0.00131609	0.00850956
31.3712	77.1646	0.00124592	0.00711793
28.3173	78.0345	0.000996867	0.00630175
31.9219	75.3472	0.00161542	0.00933709
34.5833	76.9444	0.00157917	0.00803775
32.7403	78.0345	0.00125659	0.00680994
14.237	73.9441	0.00310407	0.0191251
11.9212	74.0896	0.00387898	0.0222478
12.7417	72.3429	0.00472553	0.0269015
11.25	70.3973	0.00802356	0.0438718
12.7417	72.3429	0.00472553	0.0269015
10.2901	72.3429	0.00614003	0.0337326
17.645	72.3429	0.00369099	0.0291841
16.5527	73.7985	0.00272018	0.0192538
15.1934	72.3429	0.00406347	0.025829
19.193	69.7412	0.00755009	0.0739467
17.645	72.3429	0.00369099	0.0291841
16.25	70.3973	0.00655142	0.0436002
20.0967	72.3429	0.00344838	0.038318
19.0551	74.0896	0.00229816	0.020669
17.645	72.3429	0.00369099	0.0291841
19.0551	74.0896	0.00229816	0.020669
18.1801	75.6267	0.00177805	0.0139253
16.5527	73.7985	0.00272018	0.0192538
32.355	72.3429	0.00300998	0.0184068
34.8066	72.3429	0.00336839	0.0173807
33.3228	74.0896	0.00214895	0.0117886
33.3228	74.0896	0.00214895	0.0117886
31.9219	75.3472	0.00161542	0.00933709
30.9297	73.8705	0.0020636	0.0133184
35.7008	74.0896	0.00257706	0.0125948
33.3228	74.0896	0.00214895	0.0117886
34.8066	72.3429	0.00336839	0.0173807
34.5833	76.9444	0.00157917	0.00803775
31.9219	75.3472	0.00161542	0.00933709
33.3228	74.0896	0.00214895	0.0117886
17.4187	68.2649	0.0120999	0.0899211
14.8915	68.2649	0.0119615	0.0741506
16.8484	65.9587	0.0237396	4.634
16.25	70.3973	0.00655142	0.0436002
13.513	70.6966	0.00647955	0.0369469
14.8915	68.2649	0.0119615	0.0741506
19.193	69.7412	0.00755009	0.0739467
16.25	70.3973	0.00655142	0.0436002
17.4187	68.2649	0.0120999	0.0899211
15.1934	72.3429	0.00406347	0.025829
14.237	73.9441	0.00310407	0.0191251
12.7417	72.3429	0.00472553	0.0269015
17.645	72.3429	0.00369099	0.0291841
15.1934	72.3429	0.00406347	0.025829
16.25	70.3973	0.00655142	0.0436002
16.5527	73.7985	0.00272018	0.0192538
14.237	73.9441	0.00310407	0.0191251
15.1934	72.3429	0.00406347	0.025829
12.7417	72.3429	0.00472553	0.0269015
11.25	70.3973	0.00802356	0.0438718
13.513	70.6966	0.00647955	0.0369469
8.74996	70.3973	0.0103475	0.0568052
11.25	70.3973	0.00802356	0.0438718
10.2901	72.3429	0.00614003	0.0337326
12.3644	68.2649	0.0128063	0.0724817
13.846	66.4528	0.0206168	0.102559
14.8915	68.2649	0.0119615	0.0741506
9.83732	68.2649	0.0145498	0.0863136
12.3644	68.2649	0.0128063	0.0724817
11.25	70.3973	0.00802356	0.0438718
9.83732	68.2649	0.0145498	0.0863136
11.414	65.9587	0.0252827	4.55478
12.3644	68.2649	0.0128063	0.0724817
9.83732	68.2649	0.0145498	0.0863136
11.25	70.3973	0.00802356	0.0438718
8.74996	70.3973	0.0103475	0.0568052
14.8915	68.2649	0.0119615	0.0741506
13.513	70.6966	0.00647955	0.0369469
12.3644	68.2649	0.0128063	0.0724817
15.1934	72.3429	0.00406347	0.025829
12.7417	72.3429	0.00472553	0.0269015
13.513	70.6966	0.00647955	0.0369469
15.4167	76.9444	0.00179392	0.011946
14.237	73.9441	0.00310407	0.0191251
16.5527	73.7985	0.00272018	0.0192538
13.6336	75.6267	0.00267773	0.0164986
11.9212	74.0896	0.00387898	0.0222478
14.237	73.9441	0.00310407	0.0191251
11.9212	74.0896	0.00387898	0.0222478
10.2901	72.3429	0.00614003	0.0337326
12.7417	72.3429	0.00472553	0.0269015
7.31021	68.2649	0.0185106	0.108511
9.83732	68.2649	0.0145498	0.0863136
8.74996	70.3973	0.0103475	0.0568052
7.31021	68.2649	0.0185106	0.108511
5.97957	65.9587	0.0357827	4.64128
8.78345	65.7825	0.0294741	4.6106
28.3173	78.0345	0.000996867	0.00630175
28.9198	79.5053	0.000963644	0.00589441
26.9661	79.8761	0.000886854	0.00572056
31.3712	77.1646	0.00124592	0.00711793
31.9219	75.3472	0.00161542	0.00933709
32.7403	78.0345	0.00125659	0.00680994
28.3173	78.0345	0.000996867	0.00630175
31.3712	77.1646	0.00124592	0.00711793
30.8485	78.89	0.00107635	0.00616178
29.3832	76.0659	0.00131609	0.00850956
31.9219	75.3472	0.00161542	0.00933709
31.3712	77.1646	0.00124592	0.00711793
27.2733	75.6267	0.00139284	0.0103069
29.3832	76.0659	0.00131609	0.00850956
28.3173	78.0345	0.000996867	0.00630175
28.5669	74.0896	0.00192008	0.0140096
29.9033	72.3429	0.00292307	0.021341
30.9297	73.8705	0.0020636	0.0133184
27.2733	75.6267	0.00139284	0.0103069
28.5669	74.0896	0.00192008	0.0140096
29.3832	76.0659	0.00131609	0.00850956
27.2733	75.6267	0.00139284	0.0103069
26.189	74.0896	0.00193525	0.016358
28.5669	74.0896	0.00192008	0.0140096
26.2439	77.6257	0.00102204	0.00721066
27.2733	75.6267	0.00139284	0.0103069
28.3173	78.0345	0.000996867	0.00630175
26.9661	79.8761	0.000886854	0.00572056
26.2439	77.6257	0.00102204	0.00721066
28.3173	78.0345	0.000996867	0.00630175
24.9752	78.5234	0.000940557	0.00670036
24.7277	76.3587	0.00122371	0.00992864
26.2439	77.6257	0.00102204	0.00721066
31.0572	70.658	0.00449127	0.0329035
30.0542	68.2649	0.00893125	4.4004
32.2468	68.921	0.00712743	0.0445807
31.0572	70.658	0.00449127	0.0329035
28.75	70.3973	0.00498532	0.0402665
30.0542	68.2649	0.00893125	4.4004
33.75	70.3973	0.00508369	0.0268705
31.0572	70.658	0.00449127	0.0329035
32.2468	68.921	0.00712743	0.0445807
29.9033	72.3429	0.00292307	0.021341
28.75	70.3973	0.00498532	0.0402665
31.0572	70.658	0.00449127	0.0329035
30.9297	73.8705	0.0020636	0.0133184
29.9033	72.3429	0.00292307	0.021341
32.355	72.3429	0.00300998	0.0184068
33.3228	74.0896	0.00214895	0.0117886
30.9297	73.8705	0.0020636	0.0133184
32.355	72.3429	0.00300998	0.0184068
31.9219	75.3472	0.00161542	0.00933709
29.3832	76.0659	0.00131609	0.00850956
30.9297	73.8705	0.0020636	0.0133184
28.5669	74.0896	0.00192008	0.0140096
26.189	74.0896	0.00193525	0.016358
27.4517	72.3429	0.00294745	0.0237573
25	72.3429	0.00300428	0.0293931
23.75	70.3973	0.0054798	0.059561
27.0253	69.2491	0.0069693	0.0555239
26.9661	79.8761	0.000886854	0.00572056
24.9752	78.5234	0.000940557	0.00670036
26.2439	77.6257	0.00102204	0.00721066
27.0253	69.2491	0.0069693	0.0555239
24.3347	67.1118	0.0144602	0.113668
26.9568	67.2765	0.0125821	0.0819799
19.0904	66.7823	0.0188435	0.137176
19.999	65.078	0.033342	4.68934
22.2828	65.9587	0.0221281	4.66484
17.4187	68.2649	0.0120999	0.0899211
19.0904	66.7823	0.0188435	0.137176
19.193	69.7412	0.00755009	0.0739467
17.4187	68.2649	0.0120999	0.0899211
16.8484	65.9587	0.0237396	4.634
19.0904	66.7823	0.0188435	0.137176
27.4517	72.3429	0.00294745	0.0237573
28.75	70.3973	0.00498532	0.0402665
29.9033	72.3429	0.00292307	0.021341
28.5669	74.0896	0.00192008	0.0140096
27.4517	72.3429	0.00294745	0.0237573
29.9033	72.3429	0.00292307	0.021341
26.189	74.0896	0.00193525	0.016358
25	72.3429	0.00300428	0.0293931
27.4517	72.3429	0.00294745	0.0237573
27.0253	69.2491	0.0069693	0.0555239
26.9568	67.2765	0.0125821	0.0819799
30.0542	68.2649	0.00893125	4.4004
27.4517	72.3429	0.00294745	0.0237573
27.0253	69.2491	0.0069693	0.0555239
28.75	70.3973	0.00498532	0.0402665
23.75	70.3973	0.0054798	0.059561
24.3347	67.1118	0.0144602	0.113668
27.0253	69.2491	0.0069693	0.0555239
34.8233	67.7707	0.0109035	0.0464663
37.4455	67.9354	0.0121546	4.34253
36.25	70.3973	0.00582334	0.0301524
31.3712	77.1646	0.00124592	0.00711793
32.7403	78.0345	0.00125659	0.00680994
30.8485	78.89	0.00107635	0.00616178
23.329	78.279	0.000987441	0.00747231
22.3999	76.5052	0.00126995	0.0110092
24.7277	76.3587	0.00122371	0.00992864
23.0339	79.8761	0.000916576	0.00667168
23.329	78.279	0.000987441	0.00747231
24.9752	78.5234	0.000940557	0.00670036
21.6827	78.0345	0.00106115	0.00826843
22.3999	76.5052	0.00126995	0.0110092
23.329	78.279	0.000987441	0.00747231
21.6827	78.0345	0.00106115	0.00826843
23.329	78.279	0.000987441	0.00747231
23.0339	79.8761	0.000916576	0.00667168
25	72.3429	0.00300428	0.0293931
26.189	74.0896	0.00193525	0.016358
23.0327	74.7883	0.00172961	0.0169111
27.2733	75.6267	0.00139284	0.0103069
26.2439	77.6257	0.00102204	0.00721066
24.7277	76.3587	0.00122371	0.00992864
25	80	0.000898636	0.00624179
23.0339	79.8761	0.000916576	0.00667168
24.9752	78.5234	0.000940557	0.00670036
35.7008	74.0896	0.00257706	0.0125948
37.3942	72.4885	0.0040382	0.0185067
38.0788	74.0896	0.00338267	0.0152959
34.5833	76.9444	0.00157917	0.00803775
35.7008	74.0896	0.00257706	0.0125948
36.3664	75.6267	0.00230408	0.0111555
34.8066	72.3429	0.00336839	0.0173807
37.3942	72.4885	0.0040382	0.0185067
35.7008	74.0896	0.00257706	0.0125948
34.5833	76.9444	0.00157917	0.00803775
33.3228	74.0896	0.00214895	0.0117886
35.7008	74.0896	0.00257706	0.0125948
33.75	70.3973	0.00508369	0.0268705
36.25	70.3973	0.00582334	0.0301524
34.8066	72.3429	0.00336839	0.0173807
35.7008	74.0896	0.00257706	0.0125948
38.0788	74.0896	0.00338267	0.0152959
36.3664	75.6267	0.00230408	0.0111555
37.4455	67.9354	0.0121546	4.34253
38.75	70.3973	0.00712673	0.030133
36.25	70.3973	0.00582334	0.0301524
39.7099	72.3429	0.00548288	0.0219372
38.0788	74.0896	0.00338267	0.0152959
37.3942	72.4885	0.0040382	0.0185067
36.25	70.3973	0.00582334	0.0301524
33.75	70.3973	0.00508369	0.0268705
34.8233	67.7707	0.0109035	0.0464663
37.3942	72.4885	0.0040382	0.0185067
36.25	70.3973	0.00582334	0.0301524
38.75	70.3973	0.00712673	0.030133
37.3942	72.4885	0.0040382	0.0185067
34.8066	72.3429	0.00336839	0.0173807
36.25	70.3973	0.00582334	0.0301524
15.5575	63.4929	0.0553563	4.62661
16.8484	65.9587	0.0237396	4.634
13.846	66.4528	0.0206168	0.102559
11.414	65.9587	0.0252827	4.55478
12.8597	63.4929	0.0510196	0.112576
13.846	66.4528	0.0206168	0.102559
15.0494	60.8826	0.117457	0.105933
17.5295	61.7527	0.0932445	4.66126
15.5575	63.4929	0.0553563	4.62661
15.5575	63.4929	0.0553563	4.62661
17.5295	61.7527	0.0932445	4.66126
16.8484	65.9587	0.0237396	4.634
11.6319	58.144	4.81041	0.0479101
14.6026	58.144	4.81251	0.0534716
12.3979	60.3349	0.134211	4.47498
14.6026	58.144	4.81251	0.0534716
17.2808	59.0298	4.77057	0.0782197
15.0494	60.8826	0.117457	0.105933
20.363	63.0044	0.0656975	4.68617
19.999	65.078	0.033342	4.68934
17.5295	61.7527	0.0932445	4.66126
20.7355	60.8826	0.12562	4.6042
20.363	63.0044	0.0656975	4.68617
17.5295	61.7527	0.0932445	4.66126
20.7355	60.8826	0.12562	4.6042
23.0704	62.1007	0.0808165	0.136733
20.363	63.0044	0.0656975	4.68617
11.6319	58.144	4.81041	0.0479101
10.6893	54.7417	4.9393	0.0153913
14.2198	55.2938	4.92413	0.0216147
9.3634	60.8826	0.117899	0.0786292
11.6319	58.144	4.81041	0.0479101
12.3979	60.3349	0.134211	4.47498
8.66123	58.144	4.81876	0.0372786
10.6893	54.7417	4.9393	0.0153913
11.6319	58.144	4.81041	0.0479101
5.69054	58.144	4.83406	0.0401974
4.92487	55.4838	4.93477	0.0169036
8.05963	55.2938	4.93061	0.0163353
6.4478	61.0566	0.121564	0.0812836
5.69054	58.144	4.83406	0.0401974
8.66123	58.144	4.81876	0.0372786
3.67737	60.8826	0.152825	4.45386
2.71986	58.144	4.86749	0.0377282
5.69054	58.144	4.83406	0.0401974
36.8222	64.0212	0.0361107	0.0477811
39.6261	63.8451	0.0439192	0.0405504
38.586	65.9587	0.0222874	0.0442398
34.1521	62.7968	0.0468753	4.44272
36.8222	64.0212	0.0361107	0.0477811
35.8688	65.9587	0.0190866	0.0532885
37.7936	60.8826	0.104533	0.0279083
39.6261	63.8451	0.0439192	0.0405504
36.8222	64.0212	0.0361107	0.0477811
38.75	70.3973	0.00712673	0.030133
40.1627	68.2649	0.0133929	0.0372518
41.25	70.3973	0.0095105	0.027086
37.3942	72.4885	0.0040382	0.0185067
38.75	70.3973	0.00712673	0.030133
39.7099	72.3429	0.00548288	0.0219372
37.4455	67.9354	0.0121546	4.34253
40.1627	68.2649	0.0133929	0.0372518
38.75	70.3973	0.00712673	0.030133
35.8688	65.9587	0.0190866	0.0532885
37.4455	67.9354	0.0121546	4.34253
34.8233	67.7707	0.0109035	0.0464663
33.1516	65.9587	0.0168842	0.0647899
35.8688	65.9587	0.0190866	0.0532885
34.8233	67.7707	0.0109035	0.0464663
34.1521	62.7968	0.0468753	4.44272
34.9506	60.8826	0.0837484	0.0519266
36.8222	64.0212	0.0361107	0.0477811
38.75	70.3973	0.00712673	0.030133
41.25	70.3973	0.0095105	0.027086
39.7099	72.3429	0.00548288	0.0219372
38.586	65.9587	0.0222874	0.0442398
40.1627	68.2649	0.0133929	0.0372518
37.4455	67.9354	0.0121546	4.34253
41.3032	65.9587	0.0264475	0.0420025
42.6898	68.2649	0.017525	0.0336818
40.1627	68.2649	0.0133929	0.0372518
41.3032	65.9587	0.0264475	0.0420025
44.0204	65.9587	0.0339818	0.0477604
42.6898	68.2649	0.017525	0.0336818
41.25	70.3973	0.0095105	0.027086
40.1627	68.2649	0.0133929	0.0372518
42.6898	68.2649	0.017525	0.0336818
36.8222	64.0212	0.0361107	0.0477811
34.9506	60.8826	0.0837484	0.0519266
37.7936	60.8826	0.104533	0.0279083
2.71986	58.144	4.86749	0.0377282
4.92487	55.4838	4.93477	0.0169036
5.69054	58.144	4.83406	0.0401974
8.66123	58.144	4.81876	0.0372786
8.05963	55.2938	4.93061	0.0163353
10.6893	54.7417	4.9393	0.0153913
6.4478	61.0566	0.121564	0.0812836
8.66123	58.144	4.81876	0.0372786
9.3634	60.8826	0.117899	0.0786292
5.69054	58.144	4.83406	0.0401974
8.05963	55.2938	4.93061	0.0163353
8.66123	58.144	4.81876	0.0372786
1.8995	55.2938	4.95016	0.0137978
4.92487	55.4838	4.93477	0.0169036
2.71986	58.144	4.86749	0.0377282
1.8995	55.2938	4.95016	0.0137978
1.22131	52.3495	4.98009	0.00544532
4.19365	52.3495	4.9765	0.00619557
41.3032	65.9587	0.0264475	0.0420025
42.43	63.669	0.0537155	4.34819
44.0204	65.9587	0.0339818	0.0477604
43.4796	60.8826	0.12356	0.0286774
40.6366	60.8826	0.115143	0.0287998
41.4664	58.5091	4.78826	0.0137684
45.2338	63.4929	0.0689762	0.0440343
43.4796	60.8826	0.12356	0.0286774
46.3226	60.8826	0.145931	0.0198789
42.43	63.669	0.0537155	4.34819
40.6366	60.8826	0.115143	0.0287998
43.4796	60.8826	0.12356	0.0286774
41.4664	58.5091	4.78826	0.0137684
38.5596	58.6917	4.7547	0.0163943
38.8603	55.2938	4.88878	0.00633225
46.3226	60.8826	0.145931	0.0198789
43.4796	60.8826	0.12356	0.0286774
44.2548	57.954	4.8327	0.0101442
42.43	63.669	0.0537155	4.34819
39.6261	63.8451	0.0439192	0.0405504
40.6366	60.8826	0.115143	0.0287998
44.0204	65.9587	0.0339818	0.0477604
42.43	63.669	0.0537155	4.34819
45.2338	63.4929	0.0689762	0.0440343
36.8222	64.0212	0.0361107	0.0477811
38.586	65.9587	0.0222874	0.0442398
35.8688	65.9587	0.0190866	0.0532885
40.6366	60.8826	0.115143	0.0287998
39.6261	63.8451	0.0439192	0.0405504
37.7936	60.8826	0.104533	0.0279083
38.586	65.9587	0.0222874	0.0442398
37.4455	67.9354	0.0121546	4.34253
35.8688	65.9587	0.0190866	0.0532885
41.3032	65.9587	0.0264475	0.0420025
38.586	65.9587	0.0222874	0.0442398
39.6261	63.8451	0.0439192	0.0405504
41.3032	65.9587	0.0264475	0.0420025
40.1627	68.2649	0.0133929	0.0372518
38.586	65.9587	0.0222874	0.0442398
32.2468	68.921	0.00712743	0.0445807
30.4344	65.9587	0.0164568	0.0763978
33.1516	65.9587	0.0168842	0.0647899
21.7285	50.6506	0.0177038	5.51505e-05
19.0553	52.3495	0.0183614	0.000517597
18.9224	49.3292	4.92069	0.00323349
21.7462	47.598	4.91477	0.00210913
21.7285	50.6506	0.0177038	5.51505e-05
18.9224	49.3292	4.92069	0.00323349
15.8835	49.3292	4.96515	0.00347434
18.8268	46.2515	4.92861	0.00148896
18.9224	49.3292	4.92069	0.00323349
22.0142	44.8882	4.90864	0.00106197
25	46.2515	4.92842	0.0013679
21.7462	47.598	4.91477	0.00210913
24.7341	50.8393	4.87646	0.00494733
22.4091	54.0056	0.0139806	0.00123553
21.7285	50.6506	0.0177038	5.51505e-05
26.54	55.2938	0.225444	0.0211604
26.4853	58.144	4.71492	0.05202
23.0771	56.6239	4.82463	0.0329954
30.9447	52.3495	4.85939	0.005953
29.6201	55.2938	4.79184	0.0156074
27.9723	52.3495	4.86307	0.00736478
26.4853	58.144	4.71492	0.05202
26.4215	60.8826	0.0960298	4.53126
24.0253	59.6046	4.69473	0.0811859
29.6201	55.2938	4.79184	0.0156074
26.4853	58.144	4.71492	0.05202
26.54	55.2938	0.225444	0.0211604
29.6201	55.2938	4.79184	0.0156074
32.1533	57.1939	0.166307	0.0256988
29.839	59.2394	0.111546	0.0567757
17.2808	59.0298	4.77057	0.0782197
20.7355	60.8826	0.12562	4.6042
17.5295	61.7527	0.0932445	4.66126
23.0771	56.6239	4.82463	0.0329954
20.3936	58.6582	4.7843	0.0742959
20.0518	56.4338	4.86572	0.0338465
23.0771	56.6239	4.82463	0.0329954
24.0253	59.6046	4.69473	0.0811859
20.3936	58.6582	4.7843	0.0742959
39.0601	41.8598	0.182874	0.000427995
37.5191	43.9145	0.1428	0.00054525
37.5	40	4.78119	0.000344262
40.625	40	0.222068	0.000344056
39.0601	41.8598	0.182874	0.000427995
37.5	40	4.78119	0.000344262
40.6201	43.7197	0.1854	0.000483997
37.5191	43.9145	0.1428	0.00054525
39.0601	41.8598	0.182874	0.000427995
40.6201	43.7197	0.1854	0.000483997
40.433	46.2515	4.79373	0.000666206
37.5191	43.9145	0.1428	0.00054525
43.6923	43.1354	0.238578	0.00043631
40.6201	43.7197	0.1854	0.000483997
40.625	40	0.222068	0.000344056
43.6923	43.1354	0.238578	0.00043631
43.5196	46.2515	4.87305	0.000612857
40.6201	43.7197	0.1854	0.000483997
46.8798	40.196	4.93473	0.000360918
43.6923	43.1354	0.238578	0.00043631
43.75	40	4.86601	0.000338536
46.8077	43.1354	4.91149	0.000422989
49.6928	46.2515	4.95667	0.000548763
46.6062	46.2515	4.93231	0.000573257
37.5	40	4.78119	0.000344262
34.399	40.9798	0.167416	0.000425769
34.3221	37.8444	4.83939	0.000316307
40.5769	36.8646	4.91263	0.000306528
37.5	40	4.78119	0.000344262
37.4615	36.8646	4.90923	0.00030582
40.625	40	0.222068	0.000344056
40.6201	43.7197	0.1854	0.000483997
39.0601	41.8598	0.182874	0.000427995
40.1224	48.7521	4.8553	0.00106159
37.0597	48.5598	0.197456	0.00133404
37.3464	46.2515	0.159394	0.000801844
34.1165	49.3292	0.204395	0.00189317
36.7564	51.5944	4.84646	0.00277574
34.1289	53.2696	4.84438	0.0060179
31.1732	46.2515	4.78024	0.00115783
34.1165	49.3292	0.204395	0.00189317
31.0776	49.3292	4.84176	0.00257919
28.0866	46.2515	4.89133	0.00125921
31.1732	46.2515	4.78024	0.00115783
31.0776	49.3292	4.84176	0.00257919
34.3294	43.6157	0.132463	0.000589221
34.399	40.9798	0.167416	0.000425769
37.5191	43.9145	0.1428	0.00054525
31.1732	46.2515	4.78024	0.00115783
31.226	43.7137	0.185787	0.000677201
34.2598	46.2515	0.150735	0.000947124
31.2788	41.1758	0.177965	0.000461829
34.399	40.9798	0.167416	0.000425769
34.3294	43.6157	0.132463	0.000589221
37.0597	48.5598	0.197456	0.00133404
36.7564	51.5944	4.84646	0.00277574
34.1165	49.3292	0.204395	0.00189317
37.3464	46.2515	0.159394	0.000801844
37.0597	48.5598	0.197456	0.00133404
34.2598	46.2515	0.150735	0.000947124
40.433	46.2515	4.79373	0.000666206
37.3464	46.2515	0.159394	0.000801844
37.5191	43.9145	0.1428	0.00054525
40.433	46.2515	4.79373	0.000666206
40.1224	48.7521	4.8553	0.00106159
37.3464	46.2515	0.159394	0.000801844
40.1224	48.7521	4.8553	0.00106159
36.7564	51.5944	4.84646	0.00277574
37.0597	48.5598	0.197456	0.00133404
46.2717	49.3292	4.95726	0.000951774
45.8487	52.5335	4.95786	0.00199035
43.2329	49.3292	4.92858	0.00107677
34.1165	49.3292	0.204395	0.00189317
34.1289	53.2696	4.84438	0.0060179
30.9447	52.3495	4.85939	0.005953
7.464	63.4929	0.0585232	4.58878
8.78345	65.7825	0.0294741	4.6106
5.97957	65.9587	0.0357827	4.64128
6.4478	61.0566	0.121564	0.0812836
7.464	63.4929	0.0585232	4.58878
4.76616	63.4929	0.071041	0.116013
6.4478	61.0566	0.121564	0.0812836
9.3634	60.8826	0.117899	0.0786292
7.464	63.4929	0.0585232	4.58878
12.3979	60.3349	0.134211	4.47498
10.1618	63.4929	0.0516573	0.113343
9.3634	60.8826	0.117899	0.0786292
12.8597	63.4929	0.0510196	0.112576
15.0494	60.8826	0.117457	0.105933
15.5575	63.4929	0.0553563	4.62661
12.3644	68.2649	0.0128063	0.0724817
13.513	70.6966	0.00647955	0.0369469
11.25	70.3973	0.00802356	0.0438718
16.8484	65.9587	0.0237396	4.634
14.8915	68.2649	0.0119615	0.0741506
13.846	66.4528	0.0206168	0.102559
17.4187	68.2649	0.0120999	0.0899211
16.25	70.3973	0.00655142	0.0436002
14.8915	68.2649	0.0119615	0.0741506
19.999	65.078	0.033342	4.68934
19.0904	66.7823	0.0188435	0.137176
16.8484	65.9587	0.0237396	4.634
19.193	69.7412	0.00755009	0.0739467
20.0967	72.3429	0.00344838	0.038318
17.645	72.3429	0.00369099	0.0291841
9.83732	68.2649	0.0145498	0.0863136
8.78345	65.7825	0.0294741	4.6106
11.414	65.9587	0.0252827	4.55478
6.48041	46.2515	4.99229	0.00131141
3.72828	49.3292	4.99008	0.00258884
3.39381	46.2515	4.9948	0.00122107
9.70619	49.8955	4.98253	0.00357301
6.76709	49.3292	4.98799	0.00279621
9.61019	45.6673	4.98758	0.00115077
9.70619	49.8955	4.98253	0.00357301
10.1383	52.3495	4.96972	0.00734859
7.16598	52.3495	4.97304	0.00664987
13.1107	52.3495	4.96556	0.00815792
10.1383	52.3495	4.96972	0.00734859
12.7118	50.0843	4.97565	0.00417903
4.19365	52.3495	4.9765	0.00619557
3.72828	49.3292	4.99008	0.00258884
6.76709	49.3292	4.98799	0.00279621
1.8995	55.2938	4.95016	0.0137978
4.19365	52.3495	4.9765	0.00619557
4.92487	55.4838	4.93477	0.0169036
1.22131	52.3495	4.98009	0.00544532
3.72828	49.3292	4.99008	0.00258884
4.19365	52.3495	4.9765	0.00619557
22.2828	65.9587	0.0221281	4.66484
23.0704	62.1007	0.0808165	0.136733
25.6067	64.7258	0.0293659	4.60463
21.8037	69.5771	0.00715105	4.50984
22.2828	65.9587	0.0221281	4.66484
24.3347	67.1118	0.0144602	0.113668
19.999	65.078	0.033342	4.68934
20.363	63.0044	0.0656975	4.68617
22.2828	65.9587	0.0221281	4.66484
21.8037	69.5771	0.00715105	4.50984
19.193	69.7412	0.00755009	0.0739467
19.0904	66.7823	0.0188435	0.137176
16.8484	65.9587	0.0237396	4.634
17.5295	61.7527	0.0932445	4.66126
19.999	65.078	0.033342	4.68934
22.2828	65.9587	0.0221281	4.66484
20.363	63.0044	0.0656975	4.68617
23.0704	62.1007	0.0808165	0.136733
16.25	70.3973	0.00655142	0.0436002
15.1934	72.3429	0.00406347	0.025829
13.513	70.6966	0.00647955	0.0369469
7.464	63.4929	0.0585232	4.58878
10.1618	63.4929	0.0516573	0.113343
8.78345	65.7825	0.0294741	4.6106
20.0518	56.4338	4.86572	0.0338465
19.0553	52.3495	0.0183614	0.000517597
22.4091	54.0056	0.0139806	0.00123553
20.3936	58.6582	4.7843	0.0742959
17.2808	59.0298	4.77057	0.0782197
20.0518	56.4338	4.86572	0.0338465
15.0494	60.8826	0.117457	0.105933
12.8597	63.4929	0.0510196	0.112576
12.3979	60.3349	0.134211	4.47498
9.3634	60.8826	0.117899	0.0786292
8.66123	58.144	4.81876	0.0372786
11.6319	58.144	4.81041	0.0479101
9.70619	49.8955	4.98253	0.00357301
7.16598	52.3495	4.97304	0.00664987
6.76709	49.3292	4.98799	0.00279621
13.1107	52.3495	4.96556	0.00815792
16.083	52.3495	4.94579	0.00846433
14.2198	55.2938	4.92413	0.0216147
23.0771	56.6239	4.82463	0.0329954
22.4091	54.0056	0.0139806	0.00123553
26.54	55.2938	0.225444	0.0211604
20.7355	60.8826	0.12562	4.6042
20.3936	58.6582	4.7843	0.0742959
24.0253	59.6046	4.69473	0.0811859
20.0518	56.4338	4.86572	0.0338465
22.4091	54.0056	0.0139806	0.00123553
23.0771	56.6239	4.82463	0.0329954
20.7355	60.8826	0.12562	4.6042
17.2808	59.0298	4.77057	0.0782197
20.3936	58.6582	4.7843	0.0742959
17.0264	56.2438	4.89323	0.0312842
19.0553	52.3495	0.0183614	0.000517597
20.0518	56.4338	4.86572	0.0338465
6.30769	36.8646	4.9924	0.000374518
6.24038	39.6081	4.99216	0.000442101
3.19231	36.8646	4.99677	0.000374292
9.49534	33.1714	4.98731	0.000329868
9.42308	36.8646	4.97913	0.000376301
6.43263	33.3637	4.99481	0.000332543
6.31731	42.7435	4.99285	0.000657447
3.125	40	4.99646	0.000455196
6.24038	39.6081	4.99216	0.000442101
9.4375	42.5475	4.9825	0.000672642
12.5	40	4.93218	0.000466584
12.5577	42.3516	4.95316	0.000662639
6.30769	36.8646	4.9924	0.000374518
9.36058	39.4121	4.97827	0.000444502
6.24038	39.6081	4.99216	0.000442101
9.42308	36.8646	4.97913	0.000376301
12.5385	36.8646	4.93789	0.000373243
9.36058	39.4121	4.97827	0.000444502
15.8122	34.7222	4.90346	0.000334823
12.5385	36.8646	4.93789	0.000373243
12.7112	34.5275	4.96027	0.000339008
9.4375	42.5475	4.9825	0.000672642
12.5577	42.3516	4.95316	0.000662639
9.61019	45.6673	4.98758	0.00115077
6.24038	39.6081	4.99216	0.000442101
9.4375	42.5475	4.9825	0.000672642
6.31731	42.7435	4.99285	0.000657447
9.36058	39.4121	4.97827	0.000444502
12.5	40	4.93218	0.000466584
9.4375	42.5475	4.9825	0.000672642
15.601	39.0202	0.243595	0.000433105
12.5	40	4.93218	0.000466584
12.5385	36.8646	4.93789	0.000373243
15.601	39.0202	0.243595	0.000433105
15.6779	42.1556	4.87739	0.000667579
12.5	40	4.93218	0.000466584
6.48041	46.2515	4.99229	0.00131141
6.76709	49.3292	4.98799	0.00279621
3.72828	49.3292	4.99008	0.00258884
6.31731	42.7435	4.99285	0.000657447
6.48041	46.2515	4.99229	0.00131141
3.39381	46.2515	4.9948	0.00122107
9.61019	45.6673	4.98758	0.00115077
6.76709	49.3292	4.98799	0.00279621
6.48041	46.2515	4.99229	0.00131141
12.7118	50.0843	4.97565	0.00417903
9.70619	49.8955	4.98253	0.00357301
11.1799	48.0735	4.98139	0.00243579
3.19711	42.9395	4.9961	0.000673989
0.076922	43.1354	4.99677	0.000695873
-3.10282e-28	40	4.99745	0.000480657
6.31731	42.7435	4.99285	0.000657447
3.19711	42.9395	4.9961	0.000673989
3.125	40	4.99646	0.000455196
3.39381	46.2515	4.9948	0.00122107
0.307214	46.2515	4.99557	0.00115466
3.19711	42.9395	4.9961	0.000673989
45.0204	55.2938	4.9264	0.00438998
41.9404	55.2938	4.91044	0.00527255
42.834	52.3495	4.94236	0.00224574
48.1005	55.2938	4.94005	0.00352275
45.0204	55.2938	4.9264	0.00438998
45.8487	52.5335	4.95786	0.00199035
44.2548	57.954	4.8327	0.0101442
41.9404	55.2938	4.91044	0.00527255
45.0204	55.2938	4.9264	0.00438998
46.3226	60.8826	0.145931	0.0198789
44.2548	57.954	4.8327	0.0101442
47.2801	58.144	4.85824	0.00815408
41.4664	58.5091	4.78826	0.0137684
38.8603	55.2938	4.88878	0.00633225
41.9404	55.2938	4.91044	0.00527255
27.9723	52.3495	4.86307	0.00736478
28.0388	49.3292	4.90194	0.00299955
30.9447	52.3495	4.85939	0.005953
19.0553	52.3495	0.0183614	0.000517597
21.7285	50.6506	0.0177038	5.51505e-05
22.4091	54.0056	0.0139806	0.00123553
25	46.2515	4.92842	0.0013679
28.0388	49.3292	4.90194	0.00299955
24.7341	50.8393	4.87646	0.00494733
21.7285	50.6506	0.0177038	5.51505e-05
21.7462	47.598	4.91477	0.00210913
24.7341	50.8393	4.87646	0.00494733
15.6779	42.1556	4.87739	0.000667579
17.2523	44.2036	4.89491	0.000987503
14.1489	44.3016	4.94829	0.000995442
22.0142	44.8882	4.90864	0.00106197
18.8268	46.2515	4.92861	0.00148896
18.7981	41.9596	0.232974	0.000612525
15.8835	49.3292	4.96515	0.00347434
12.6536	46.2515	4.97362	0.00141107
15.7402	46.2515	4.9505	0.00157181
17.0264	56.2438	4.89323	0.0312842
16.083	52.3495	4.94579	0.00846433
19.0553	52.3495	0.0183614	0.000517597
4.19365	52.3495	4.9765	0.00619557
7.16598	52.3495	4.97304	0.00664987
4.92487	55.4838	4.93477	0.0169036
21.9183	41.7637	4.84407	0.000595059
25	43.1354	4.90292	0.000680075
22.0142	44.8882	4.90864	0.00106197
28.125	40	4.81931	0.000394374
25	40	4.85123	0.000400314
28.1154	36.8646	4.39231	0.000294957
25	30.6708	4.90618	0.000272848
25.1151	35.3065	0.220103	0.000285575
21.9134	33.7485	0.249488	0.000303114
31.3171	35.696	4.86868	0.000284442
28.0866	33.7485	4.64086	0.000264098
30.9343	31.8249	4.9385	0.000269336
28.1154	36.8646	4.39231	0.000294957
25.1151	35.3065	0.220103	0.000285575
28.0866	33.7485	4.64086	0.000264098
33.7508	28.5944	4.96439	0.000277349
37.1553	30.6708	4.98041	0.000287301
33.997	31.6326	4.962	0.0002801
21.8846	36.8646	4.79025	0.000337492
21.9014	39.3141	0.231875	0.000417219
18.7212	38.8242	0.205276	0.00041662
28.1154	36.8646	4.39231	0.000294957
25	40	4.85123	0.000400314
25.1151	35.3065	0.220103	0.000285575
28.125	40	4.81931	0.000394374
28.1154	43.1354	4.85175	0.000662187
25	40	4.85123	0.000400314
3.72828	49.3292	4.99008	0.00258884
1.22131	52.3495	4.98009	0.00544532
0.68946	49.3292	4.9914	0.00234553
0.307214	46.2515	4.99557	0.00115466
3.39381	46.2515	4.9948	0.00122107
0.68946	49.3292	4.9914	0.00234553
11.1799	48.0735	4.98139	0.00243579
12.6536	46.2515	4.97362	0.00141107
12.7118	50.0843	4.97565	0.00417903
9.61019	45.6673	4.98758	0.00115077
11.1799	48.0735	4.98139	0.00243579
9.70619	49.8955	4.98253	0.00357301
9.61019	45.6673	4.98758	0.00115077
12.6536	46.2515	4.97362	0.00141107
11.1799	48.0735	4.98139	0.00243579
31.3817	62.6228	0.0396696	4.51761
34.1521	62.7968	0.0468753	4.44272
33.1516	65.9587	0.0168842	0.0647899
26.9568	67.2765	0.0125821	0.0819799
28.4106	64.5496	0.0269564	0.094884
30.4344	65.9587	0.0164568	0.0763978
29.839	59.2394	0.111546	0.0567757
33.5519	59.0383	0.122801	0.0385592
31.3817	62.6228	0.0396696	4.51761
28.6113	62.4488	0.049334	0.0996594
29.839	59.2394	0.111546	0.0567757
31.3817	62.6228	0.0396696	4.51761
20.7355	60.8826	0.12562	4.6042
24.0253	59.6046	4.69473	0.0811859
23.0704	62.1007	0.0808165	0.136733
25.6371	53.0665	0.254768	0.0104908
24.7341	50.8393	4.87646	0.00494733
27.9723	52.3495	4.86307	0.00736478
22.4091	54.0056	0.0139806	0.00123553
25.6371	53.0665	0.254768	0.0104908
26.54	55.2938	0.225444	0.0211604
22.4091	54.0056	0.0139806	0.00123553
24.7341	50.8393	4.87646	0.00494733
25.6371	53.0665	0.254768	0.0104908
29.6201	55.2938	4.79184	0.0156074
31.8745	54.2817	4.82097	0.0104794
32.1533	57.1939	0.166307	0.0256988
34.2598	46.2515	0.150735	0.000947124
34.3294	43.6157	0.132463	0.000589221
37.3464	46.2515	0.159394	0.000801844
31.1732	46.2515	4.78024	0.00115783
34.2598	46.2515	0.150735	0.000947124
34.1165	49.3292	0.204395	0.00189317
34.2598	46.2515	0.150735	0.000947124
31.226	43.7137	0.185787	0.000677201
34.3294	43.6157	0.132463	0.000589221
35.6527	58.8743	4.67362	0.0268021
38.5596	58.6917	4.7547	0.0163943
37.7936	60.8826	0.104533	0.0279083
33.5519	59.0383	0.122801	0.0385592
35.6527	58.8743	4.67362	0.0268021
34.9506	60.8826	0.0837484	0.0519266
35.7802	55.2938	4.84533	0.00850864
38.5596	58.6917	4.7547	0.0163943
35.6527	58.8743	4.67362	0.0268021
42.43	63.669	0.0537155	4.34819
43.4796	60.8826	0.12356	0.0286774
45.2338	63.4929	0.0689762	0.0440343
6.48041	46.2515	4.99229	0.00131141
6.31731	42.7435	4.99285	0.000657447
9.61019	45.6673	4.98758	0.00115077
0.68946	49.3292	4.9914	0.00234553
3.39381	46.2515	4.9948	0.00122107
3.72828	49.3292	4.99008	0.00258884
0.307214	46.2515	4.99557	0.00115466
0.076922	43.1354	4.99677	0.000695873
3.19711	42.9395	4.9961	0.000673989
6.4478	61.0566	0.121564	0.0812836
4.76616	63.4929	0.071041	0.116013
3.67737	60.8826	0.152825	4.45386
5.69054	58.144	4.83406	0.0401974
6.4478	61.0566	0.121564	0.0812836
3.67737	60.8826	0.152825	4.45386
9.3634	60.8826	0.117899	0.0786292
10.1618	63.4929	0.0516573	0.113343
7.464	63.4929	0.0585232	4.58878
14.6026	58.144	4.81251	0.0534716
15.0494	60.8826	0.117457	0.105933
12.3979	60.3349	0.134211	4.47498
14.2198	55.2938	4.92413	0.0216147
14.6026	58.144	4.81251	0.0534716
11.6319	58.144	4.81041	0.0479101
14.2198	55.2938	4.92413	0.0216147
17.0264	56.2438	4.89323	0.0312842
14.6026	58.144	4.81251	0.0534716
7.464	63.4929	0.0585232	4.58878
5.97957	65.9587	0.0357827	4.64128
4.76616	63.4929	0.071041	0.116013
11.414	65.9587	0.0252827	4.55478
13.846	66.4528	0.0206168	0.102559
12.3644	68.2649	0.0128063	0.0724817
10.1618	63.4929	0.0516573	0.113343
11.414	65.9587	0.0252827	4.55478
8.78345	65.7825	0.0294741	4.6106
12.8597	63.4929	0.0510196	0.112576
15.5575	63.4929	0.0553563	4.62661
13.846	66.4528	0.0206168	0.102559
10.1618	63.4929	0.0516573	0.113343
12.8597	63.4929	0.0510196	0.112576
11.414	65.9587	0.0252827	4.55478
10.1618	63.4929	0.0516573	0.113343
12.3979	60.3349	0.134211	4.47498
12.8597	63.4929	0.0510196	0.112576
9.83732	68.2649	0.0145498	0.0863136
7.31021	68.2649	0.0185106	0.108511
8.78345	65.7825	0.0294741	4.6106
31.8745	54.2817	4.82097	0.0104794
30.9447	52.3495	4.85939	0.005953
34.1289	53.2696	4.84438	0.0060179
35.7802	55.2938	4.84533	0.00850864
31.8745	54.2817	4.82097	0.0104794
34.1289	53.2696	4.84438	0.0060179
29.6201	55.2938	4.79184	0.0156074
30.9447	52.3495	4.85939	0.005953
31.8745	54.2817	4.82097	0.0104794
29.839	59.2394	0.111546	0.0567757
26.4853	58.144	4.71492	0.05202
29.6201	55.2938	4.79184	0.0156074
33.5519	59.0383	0.122801	0.0385592
29.839	59.2394	0.111546	0.0567757
32.1533	57.1939	0.166307	0.0256988
35.7802	55.2938	4.84533	0.00850864
33.5519	59.0383	0.122801	0.0385592
32.1533	57.1939	0.166307	0.0256988
34.9506	60.8826	0.0837484	0.0519266
31.3817	62.6228	0.0396696	4.51761
33.5519	59.0383	0.122801	0.0385592
28.6113	62.4488	0.049334	0.0996594
26.4215	60.8826	0.0960298	4.53126
29.839	59.2394	0.111546	0.0567757
26.54	55.2938	0.225444	0.0211604
27.9723	52.3495	4.86307	0.00736478
29.6201	55.2938	4.79184	0.0156074
25.6371	53.0665	0.254768	0.0104908
27.9723	52.3495	4.86307	0.00736478
26.54	55.2938	0.225444	0.0211604
24.7341	50.8393	4.87646	0.00494733
28.0388	49.3292	4.90194	0.00299955
27.9723	52.3495	4.86307	0.00736478
22.5483	72.3429	0.00322908	0.0390623
23.75	70.3973	0.0054798	0.059561
25	72.3429	0.00300428	0.0293931
23.0327	74.7883	0.00172961	0.0169111
22.5483	72.3429	0.00322908	0.0390623
25	72.3429	0.00300428	0.0293931
21.4331	74.0896	0.00211829	0.0218577
19.0551	74.0896	0.00229816	0.020669
20.0967	72.3429	0.00344838	0.038318
19.0904	66.7823	0.0188435	0.137176
22.2828	65.9587	0.0221281	4.66484
21.8037	69.5771	0.00715105	4.50984
24.3347	67.1118	0.0144602	0.113668
23.75	70.3973	0.0054798	0.059561
21.8037	69.5771	0.00715105	4.50984
27.0253	69.2491	0.0069693	0.0555239
30.0542	68.2649	0.00893125	4.4004
28.75	70.3973	0.00498532	0.0402665
25.6067	64.7258	0.0293659	4.60463
28.4106	64.5496	0.0269564	0.094884
26.9568	67.2765	0.0125821	0.0819799
22.2828	65.9587	0.0221281	4.66484
25.6067	64.7258	0.0293659	4.60463
24.3347	67.1118	0.0144602	0.113668
23.0704	62.1007	0.0808165	0.136733
26.4215	60.8826	0.0960298	4.53126
25.6067	64.7258	0.0293659	4.60463
30.4344	65.9587	0.0164568	0.0763978
30.0542	68.2649	0.00893125	4.4004
26.9568	67.2765	0.0125821	0.0819799
28.6113	62.4488	0.049334	0.0996594
31.3817	62.6228	0.0396696	4.51761
28.4106	64.5496	0.0269564	0.094884
25.6067	64.7258	0.0293659	4.60463
28.6113	62.4488	0.049334	0.0996594
28.4106	64.5496	0.0269564	0.094884
26.4215	60.8826	0.0960298	4.53126
26.4853	58.144	4.71492	0.05202
29.839	59.2394	0.111546	0.0567757
25.6067	64.7258	0.0293659	4.60463
26.4215	60.8826	0.0960298	4.53126
28.6113	62.4488	0.049334	0.0996594
24.0253	59.6046	4.69473	0.0811859
23.0771	56.6239	4.82463	0.0329954
26.4853	58.144	4.71492	0.05202
33.1516	65.9587	0.0168842	0.0647899
34.8233	67.7707	0.0109035	0.0464663
32.2468	68.921	0.00712743	0.0445807
31.3817	62.6228	0.0396696	4.51761
33.1516	65.9587	0.0168842	0.0647899
30.4344	65.9587	0.0164568	0.0763978
34.1521	62.7968	0.0468753	4.44272
35.8688	65.9587	0.0190866	0.0532885
33.1516	65.9587	0.0168842	0.0647899
32.355	72.3429	0.00300998	0.0184068
33.75	70.3973	0.00508369	0.0268705
34.8066	72.3429	0.00336839	0.0173807
29.3832	76.0659	0.00131609	0.00850956
28.5669	74.0896	0.00192008	0.0140096
30.9297	73.8705	0.0020636	0.0133184
31.0572	70.658	0.00449127	0.0329035
33.75	70.3973	0.00508369	0.0268705
32.355	72.3429	0.00300998	0.0184068
29.9033	72.3429	0.00292307	0.021341
31.0572	70.658	0.00449127	0.0329035
32.355	72.3429	0.00300998	0.0184068
28.4106	64.5496	0.0269564	0.094884
31.3817	62.6228	0.0396696	4.51761
30.4344	65.9587	0.0164568	0.0763978
24.3347	67.1118	0.0144602	0.113668
25.6067	64.7258	0.0293659	4.60463
26.9568	67.2765	0.0125821	0.0819799
23.0704	62.1007	0.0808165	0.136733
24.0253	59.6046	4.69473	0.0811859
26.4215	60.8826	0.0960298	4.53126
30.4344	65.9587	0.0164568	0.0763978
32.2468	68.921	0.00712743	0.0445807
30.0542	68.2649	0.00893125	4.4004
34.8233	67.7707	0.0109035	0.0464663
33.75	70.3973	0.00508369	0.0268705
32.2468	68.921	0.00712743	0.0445807
43.2329	49.3292	4.92858	0.00107677
40.1224	48.7521	4.8553	0.00106159
40.433	46.2515	4.79373	0.000666206
48.7787	52.3495	4.96551	0.00163084
45.8487	52.5335	4.95786	0.00199035
46.2717	49.3292	4.95726	0.000951774
42.834	52.3495	4.94236	0.00224574
40.1224	48.7521	4.8553	0.00106159
43.2329	49.3292	4.92858	0.00107677
47.2801	58.144	4.85824	0.00815408
44.2548	57.954	4.8327	0.0101442
45.0204	55.2938	4.9264	0.00438998
38.8603	55.2938	4.88878	0.00633225
35.7802	55.2938	4.84533	0.00850864
36.7564	51.5944	4.84646	0.00277574
41.9404	55.2938	4.91044	0.00527255
38.8603	55.2938	4.88878	0.00633225
39.8617	52.3495	4.9086	0.00273352
45.8487	52.5335	4.95786	0.00199035
45.0204	55.2938	4.9264	0.00438998
42.834	52.3495	4.94236	0.00224574
41.4664	58.5091	4.78826	0.0137684
40.6366	60.8826	0.115143	0.0287998
38.5596	58.6917	4.7547	0.0163943
44.2548	57.954	4.8327	0.0101442
41.4664	58.5091	4.78826	0.0137684
41.9404	55.2938	4.91044	0.00527255
44.2548	57.954	4.8327	0.0101442
43.4796	60.8826	0.12356	0.0286774
41.4664	58.5091	4.78826	0.0137684
38.5596	58.6917	4.7547	0.0163943
35.7802	55.2938	4.84533	0.00850864
38.8603	55.2938	4.88878	0.00633225
6.31731	42.7435	4.99285	0.000657447
3.39381	46.2515	4.9948	0.00122107
3.19711	42.9395	4.9961	0.000673989
45.8487	52.5335	4.95786	0.00199035
42.834	52.3495	4.94236	0.00224574
43.2329	49.3292	4.92858	0.00107677
48.1005	55.2938	4.94005	0.00352275
45.8487	52.5335	4.95786	0.00199035
48.7787	52.3495	4.96551	0.00163084
48.1005	55.2938	4.94005	0.00352275
47.2801	58.144	4.85824	0.00815408
45.0204	55.2938	4.9264	0.00438998
37.7936	60.8826	0.104533	0.0279083
38.5596	58.6917	4.7547	0.0163943
40.6366	60.8826	0.115143	0.0287998
41.3032	65.9587	0.0264475	0.0420025
39.6261	63.8451	0.0439192	0.0405504
42.43	63.669	0.0537155	4.34819
34.9506	60.8826	0.0837484	0.0519266
35.6527	58.8743	4.67362	0.0268021
37.7936	60.8826	0.104533	0.0279083
31.3817	62.6228	0.0396696	4.51761
34.9506	60.8826	0.0837484	0.0519266
34.1521	62.7968	0.0468753	4.44272
33.5519	59.0383	0.122801	0.0385592
35.7802	55.2938	4.84533	0.00850864
35.6527	58.8743	4.67362	0.0268021
31.8745	54.2817	4.82097	0.0104794
35.7802	55.2938	4.84533	0.00850864
32.1533	57.1939	0.166307	0.0256988
34.1165	49.3292	0.204395	0.00189317
34.2598	46.2515	0.150735	0.000947124
37.0597	48.5598	0.197456	0.00133404
28.0388	49.3292	4.90194	0.00299955
31.0776	49.3292	4.84176	0.00257919
30.9447	52.3495	4.85939	0.005953
28.0388	49.3292	4.90194	0.00299955
25	46.2515	4.92842	0.0013679
28.0866	46.2515	4.89133	0.00125921
36.7564	51.5944	4.84646	0.00277574
35.7802	55.2938	4.84533	0.00850864
34.1289	53.2696	4.84438	0.0060179
30.9447	52.3495	4.85939	0.005953
31.0776	49.3292	4.84176	0.00257919
34.1165	49.3292	0.204395	0.00189317
40.1224	48.7521	4.8553	0.00106159
42.834	52.3495	4.94236	0.00224574
39.8617	52.3495	4.9086	0.00273352
39.8617	52.3495	4.9086	0.00273352
42.834	52.3495	4.94236	0.00224574
41.9404	55.2938	4.91044	0.00527255
36.7564	51.5944	4.84646	0.00277574
39.8617	52.3495	4.9086	0.00273352
38.8603	55.2938	4.88878	0.00633225
36.7564	51.5944	4.84646	0.00277574
40.1224	48.7521	4.8553	0.00106159
39.8617	52.3495	4.9086	0.00273352
18.9224	49.3292	4.92069	0.00323349
19.0553	52.3495	0.0183614	0.000517597
16.083	52.3495	4.94579	0.00846433
15.7402	46.2515	4.9505	0.00157181
18.8268	46.2515	4.92861	0.00148896
15.8835	49.3292	4.96515	0.00347434
21.7462	47.598	4.91477	0.00210913
25	46.2515	4.92842	0.0013679
24.7341	50.8393	4.87646	0.00494733
22.0108	14.5924	0.164287	0.000276859
19.9458	11.7351	0.122732	0.00027784
23.0432	12.7235	0.131366	0.000276154
17.645	7.6571	0.0681855	0.000280756
18.75	9.60269	0.0950187	0.000279263
16.5822	10.0948	4.65465	0.000276306
14.9215	7.36598	0.0764664	0.000282335
17.645	7.6571	0.0681855	0.000280756
16.5822	10.0948	4.65465	0.000276306
16.6772	5.91038	0.0459602	0.00028186
19.0551	5.91038	0.036414	0.000281037
17.645	7.6571	0.0681855	0.000280756
20.0967	7.6571	0.0493863	0.000279634
21.25	9.60269	0.0681388	0.000277959
18.75	9.60269	0.0950187	0.000279263
17.645	7.6571	0.0681855	0.000280756
19.0551	5.91038	0.036414	0.000281037
20.0967	7.6571	0.0493863	0.000279634
24.1844	6.78374	0.0398541	0.000279227
26.189	5.91038	0.0352621	0.000279627
25.4207	8.55507	0.073111	0.000277506
28.5669	5.91038	0.0395314	0.000279113
31.8199	4.37335	0.0284421	0.000278916
31.1316	6.34706	0.046404	0.000277803
26.9661	0.123895	0.0129396	0.000282566
28.4094	2.238	0.0168431	0.000281596
26.0648	3.0556	0.0176747	0.000281782
28.9198	0.494728	0.0152881	0.000281829
30.8485	1.10996	0.017593	0.000280921
28.4094	2.238	0.0168431	0.000281596
31.25	9.60269	0.12381	0.000275708
33.75	9.60269	0.104908	0.000275152
32.5813	11.7351	4.74889	0.000270821
30.9096	13.2177	4.84881	0.00027093
29.636	10.915	4.72879	0.000271074
32.5813	11.7351	4.74889	0.000270821
32.355	7.6571	0.0647799	0.000276437
33.4473	6.2015	0.043229	0.000276857
34.9468	7.95642	0.0663901	0.00027531
29.9033	7.6571	0.0700358	0.000277241
32.355	7.6571	0.0647799	0.000276437
31.25	9.60269	0.12381	0.000275708
31.1316	6.34706	0.046404	0.000277803
31.8199	4.37335	0.0284421	0.000278916
33.4473	6.2015	0.043229	0.000276857
29.9033	7.6571	0.0700358	0.000277241
31.1316	6.34706	0.046404	0.000277803
32.355	7.6571	0.0647799	0.000276437
29.9033	7.6571	0.0700358	0.000277241
28.5669	5.91038	0.0395314	0.000279113
31.1316	6.34706	0.046404	0.000277803
28.5669	5.91038	0.0395314	0.000279113
29.9033	7.6571	0.0700358	0.000277241
27.8022	8.40541	0.0875829	0.000277164
25	4.37335	0.022627	0.000281052
27.2733	4.37335	0.025046	0.00028067
26.189	5.91038	0.0352621	0.000279627
27.2733	4.37335	0.025046	0.00028067
30.3241	3.0556	0.02063	0.00028046
28.5669	5.91038	0.0395314	0.000279113
31.1316	6.34706	0.046404	0.000277803
33.4473	6.2015	0.043229	0.000276857
32.355	7.6571	0.0647799	0.000276437
27.2733	4.37335	0.025046	0.00028067
28.4094	2.238	0.0168431	0.000281596
30.3241	3.0556	0.02063	0.00028046
26.189	5.91038	0.0352621	0.000279627
27.2733	4.37335	0.025046	0.00028067
28.5669	5.91038	0.0395314	0.000279113
26.0648	3.0556	0.0176747	0.000281782
28.4094	2.238	0.0168431	0.000281596
27.2733	4.37335	0.025046	0.00028067
29.636	10.915	4.72879	0.000271074
29.9033	7.6571	0.0700358	0.000277241
31.25	9.60269	0.12381	0.000275708
25.4207	8.55507	0.073111	0.000277506
27.8022	8.40541	0.0875829	0.000277164
27.0253	10.7509	4.6817	0.0002715
25.4207	8.55507	0.073111	0.000277506
26.189	5.91038	0.0352621	0.000279627
27.8022	8.40541	0.0875829	0.000277164
26.3489	16.5071	4.87787	0.00027183
24.3933	15.2742	0.211558	0.0002761
25.6653	12.8882	4.73767	0.000271114
30.3241	3.0556	0.02063	0.00028046
31.8199	4.37335	0.0284421	0.000278916
28.5669	5.91038	0.0395314	0.000279113
30.8485	1.10996	0.017593	0.000280921
30.3241	3.0556	0.02063	0.00028046
28.4094	2.238	0.0168431	0.000281596
30.8485	1.10996	0.017593	0.000280921
32.7403	1.96546	0.0214286	0.000279584
30.3241	3.0556	0.02063	0.00028046
30.3241	3.0556	0.02063	0.00028046
32.7403	1.96546	0.0214286	0.000279584
31.8199	4.37335	0.0284421	0.000278916
23.9352	3.0556	0.0168907	0.000281985
25	4.37335	0.022627	0.000281052
22.7267	4.37335	0.0214679	0.000281306
26.9661	0.123895	0.0129396	0.000282566
26.0648	3.0556	0.0176747	0.000281782
25.0248	1.47661	0.0138555	0.000282531
26.9661	0.123895	0.0129396	0.000282566
28.9198	0.494728	0.0152881	0.000281829
28.4094	2.238	0.0168431	0.000281596
25.0248	1.47661	0.0138555	0.000282531
25	-8.70219e-28	0.0129714	0.000282709
26.9661	0.123895	0.0129396	0.000282566
23.9352	3.0556	0.0168907	0.000281985
25.0248	1.47661	0.0138555	0.000282531
26.0648	3.0556	0.0176747	0.000281782
23.9352	3.0556	0.0168907	0.000281985
23.0835	1.59882	0.0139961	0.000282576
25.0248	1.47661	0.0138555	0.000282531
32.7403	1.96546	0.0214286	0.000279584
34.5833	3.0556	0.0267034	0.000277942
31.8199	4.37335	0.0284421	0.000278916
25	4.37335	0.022627	0.000281052
26.0648	3.0556	0.0176747	0.000281782
27.2733	4.37335	0.025046	0.00028067
24.1844	6.78374	0.0398541	0.000279227
25	4.37335	0.022627	0.000281052
26.189	5.91038	0.0352621	0.000279627
23.9352	3.0556	0.0168907	0.000281985
26.0648	3.0556	0.0176747	0.000281782
25	4.37335	0.022627	0.000281052
21.913	2.6468	0.0161697	0.000282269
23.9352	3.0556	0.0168907	0.000281985
22.7267	4.37335	0.0214679	0.000281306
23.0835	1.59882	0.0139961	0.000282576
23.0339	0.123895	0.0129361	0.000282789
25.0248	1.47661	0.0138555	0.000282531
21.913	2.6468	0.0161697	0.000282269
23.0835	1.59882	0.0139961	0.000282576
23.9352	3.0556	0.0168907	0.000281985
21.4331	5.91038	0.0304135	0.000280417
20.4534	4.37335	0.0233071	0.000281555
22.7267	4.37335	0.0214679	0.000281306
19.7476	2.78306	0.0188871	0.000282255
21.0802	0.494728	0.0139399	0.000282718
21.913	2.6468	0.0161697	0.000282269
23.0339	0.123895	0.0129361	0.000282789
25	-8.70219e-28	0.0129714	0.000282709
25.0248	1.47661	0.0138555	0.000282531
33.4473	6.2015	0.043229	0.000276857
34.5833	3.0556	0.0267034	0.000277942
35.7008	5.91038	0.0446065	0.000275826
36.3664	4.37335	0.0392245	0.000276204
35.7008	5.91038	0.0446065	0.000275826
34.5833	3.0556	0.0267034	0.000277942
23.5785	19.1174	4.90681	0.000274408
26.3489	16.5071	4.87787	0.00027183
26.4215	19.1174	4.93925	0.000273235
23.0771	23.3761	4.97389	0.000279208
25.3391	26.1784	4.96884	0.0002773
22.0277	27.6505	4.9691	0.000286073
29.636	10.915	4.72879	0.000271074
27.8022	8.40541	0.0875829	0.000277164
29.9033	7.6571	0.0700358	0.000277241
29.636	10.915	4.72879	0.000271074
27.0253	10.7509	4.6817	0.0002715
27.8022	8.40541	0.0875829	0.000277164
32.5813	11.7351	4.74889	0.000270821
29.636	10.915	4.72879	0.000271074
31.25	9.60269	0.12381	0.000275708
28.2875	13.053	4.83126	0.00027082
27.0253	10.7509	4.6817	0.0002715
29.636	10.915	4.72879	0.000271074
23.0432	12.7235	0.131366	0.000276154
25.6653	12.8882	4.73767	0.000271114
24.3933	15.2742	0.211558	0.0002761
24.4145	10.5869	0.110223	0.000276364
25.4207	8.55507	0.073111	0.000277506
27.0253	10.7509	4.6817	0.0002715
23.0432	12.7235	0.131366	0.000276154
24.4145	10.5869	0.110223	0.000276364
25.6653	12.8882	4.73767	0.000271114
23.0432	12.7235	0.131366	0.000276154
21.25	9.60269	0.0681388	0.000277959
24.4145	10.5869	0.110223	0.000276364
24.1844	6.78374	0.0398541	0.000279227
22.5483	7.6571	0.0441286	0.000278836
21.4331	5.91038	0.0304135	0.000280417
25	4.37335	0.022627	0.000281052
24.1844	6.78374	0.0398541	0.000279227
22.7267	4.37335	0.0214679	0.000281306
25.4207	8.55507	0.073111	0.000277506
24.4145	10.5869	0.110223	0.000276364
22.5483	7.6571	0.0441286	0.000278836
24.4145	10.5869	0.110223	0.000276364
21.25	9.60269	0.0681388	0.000277959
22.5483	7.6571	0.0441286	0.000278836
19.5656	14.0413	0.181423	0.000278158
20.9532	16.5071	0.221369	0.000278335
18.2554	16.5071	4.85905	0.000275944
19.9458	11.7351	0.122732	0.00027784
19.5656	14.0413	0.181423	0.000278158
17.7988	12.3941	4.73229	0.000274981
18.75	9.60269	0.0950187	0.000279263
19.9458	11.7351	0.122732	0.00027784
17.7988	12.3941	4.73229	0.000274981
21.25	9.60269	0.0681388	0.000277959
23.0432	12.7235	0.131366	0.000276154
19.9458	11.7351	0.122732	0.00027784
22.0108	14.5924	0.164287	0.000276859
20.9532	16.5071	0.221369	0.000278335
19.5656	14.0413	0.181423	0.000278158
19.9458	11.7351	0.122732	0.00027784
22.0108	14.5924	0.164287	0.000276859
19.5656	14.0413	0.181423	0.000278158
23.0432	12.7235	0.131366	0.000276154
24.3933	15.2742	0.211558	0.0002761
22.0108	14.5924	0.164287	0.000276859
17.7548	18.7251	4.93153	0.000278323
20.7355	19.1174	4.9044	0.000276304
17.2541	20.9431	4.96792	0.000281367
16.8484	14.0413	4.83262	0.000276004
18.2554	16.5071	4.85905	0.000275944
15.9817	15.8026	4.90242	0.000277604
20.9532	16.5071	0.221369	0.000278335
20.7355	19.1174	4.9044	0.000276304
18.2554	16.5071	4.85905	0.000275944
14.9215	7.36598	0.0764664	0.000282335
16.5822	10.0948	4.65465	0.000276306
13.513	9.30337	0.132551	0.000283037
12.6058	7.51154	0.0893601	0.000283443
14.9215	7.36598	0.0764664	0.000282335
13.513	9.30337	0.132551	0.000283037
13.6336	4.37335	0.0455942	0.000282819
15.4167	3.0556	0.0312008	0.000282482
16.6772	5.91038	0.0459602	0.00028186
19.7476	2.78306	0.0188871	0.000282255
19.1515	1.10996	0.0175152	0.000282477
21.0802	0.494728	0.0139399	0.000282718
20.4534	4.37335	0.0233071	0.000281555
19.0551	5.91038	0.036414	0.000281037
18.1801	4.37335	0.0283903	0.00028192
21.913	2.6468	0.0161697	0.000282269
20.4534	4.37335	0.0233071	0.000281555
19.7476	2.78306	0.0188871	0.000282255
21.4331	5.91038	0.0304135	0.000280417
19.0551	5.91038	0.036414	0.000281037
20.4534	4.37335	0.0233071	0.000281555
24.1844	6.78374	0.0398541	0.000279227
21.4331	5.91038	0.0304135	0.000280417
22.7267	4.37335	0.0214679	0.000281306
20.0967	7.6571	0.0493863	0.000279634
19.0551	5.91038	0.036414	0.000281037
21.4331	5.91038	0.0304135	0.000280417
20.4534	4.37335	0.0233071	0.000281555
18.1801	4.37335	0.0283903	0.00028192
19.7476	2.78306	0.0188871	0.000282255
23.0835	1.59882	0.0139961	0.000282576
21.0802	0.494728	0.0139399	0.000282718
23.0339	0.123895	0.0129361	0.000282789
27.8022	8.40541	0.0875829	0.000277164
26.189	5.91038	0.0352621	0.000279627
28.5669	5.91038	0.0395314	0.000279113
25.6653	12.8882	4.73767	0.000271114
24.4145	10.5869	0.110223	0.000276364
27.0253	10.7509	4.6817	0.0002715
22.5483	7.6571	0.0441286	0.000278836
20.0967	7.6571	0.0493863	0.000279634
21.4331	5.91038	0.0304135	0.000280417
25.4207	8.55507	0.073111	0.000277506
22.5483	7.6571	0.0441286	0.000278836
24.1844	6.78374	0.0398541	0.000279227
21.25	9.60269	0.0681388	0.000277959
20.0967	7.6571	0.0493863	0.000279634
22.5483	7.6571	0.0441286	0.000278836
14.9215	7.36598	0.0764664	0.000282335
16.6772	5.91038	0.0459602	0.00028186
17.645	7.6571	0.0681855	0.000280756
21.913	2.6468	0.0161697	0.000282269
21.0802	0.494728	0.0139399	0.000282718
23.0835	1.59882	0.0139961	0.000282576
37.3284	7.80676	0.0712674	0.00027459
38.0788	5.91038	0.0564359	0.000274847
39.7099	7.6571	0.0914359	0.000274301
33.4473	6.2015	0.043229	0.000276857
35.7008	5.91038	0.0446065	0.000275826
34.9468	7.95642	0.0663901	0.00027531
33.75	9.60269	0.104908	0.000275152
32.355	7.6571	0.0647799	0.000276437
34.9468	7.95642	0.0663901	0.00027531
31.8199	4.37335	0.0284421	0.000278916
34.5833	3.0556	0.0267034	0.000277942
33.4473	6.2015	0.043229	0.000276857
36.3664	4.37335	0.0392245	0.000276204
38.0788	5.91038	0.0564359	0.000274847
35.7008	5.91038	0.0446065	0.000275826
19.7476	2.78306	0.0188871	0.000282255
17.2597	1.96546	0.0225178	0.000282408
19.1515	1.10996	0.0175152	0.000282477
18.1801	4.37335	0.0283903	0.00028192
16.6772	5.91038	0.0459602	0.00028186
15.4167	3.0556	0.0312008	0.000282482
19.7476	2.78306	0.0188871	0.000282255
18.1801	4.37335	0.0283903	0.00028192
17.2597	1.96546	0.0225178	0.000282408
19.0551	5.91038	0.036414	0.000281037
16.6772	5.91038	0.0459602	0.00028186
18.1801	4.37335	0.0283903	0.00028192
21.913	2.6468	0.0161697	0.000282269
22.7267	4.37335	0.0214679	0.000281306
20.4534	4.37335	0.0233071	0.000281555
20.0967	7.6571	0.0493863	0.000279634
18.75	9.60269	0.0950187	0.000279263
17.645	7.6571	0.0681855	0.000280756
14.9215	7.36598	0.0764664	0.000282335
13.6336	4.37335	0.0455942	0.000282819
16.6772	5.91038	0.0459602	0.00028186
32.355	7.6571	0.0647799	0.000276437
33.75	9.60269	0.104908	0.000275152
31.25	9.60269	0.12381	0.000275708
38.0788	5.91038	0.0564359	0.000274847
37.3284	7.80676	0.0712674	0.00027459
35.7008	5.91038	0.0446065	0.000275826
38.75	9.60269	0.120493	0.000274545
41.25	9.60269	0.165685	0.000275043
40.1627	11.7351	4.79349	0.000271749
36.25	9.60269	0.0988721	0.000274687
38.75	9.60269	0.120493	0.000274545
37.4683	11.4071	0.172733	0.000275141
39.7099	7.6571	0.0914359	0.000274301
41.25	9.60269	0.165685	0.000275043
38.75	9.60269	0.120493	0.000274545
15.4167	3.0556	0.0312008	0.000282482
17.2597	1.96546	0.0225178	0.000282408
18.1801	4.37335	0.0283903	0.00028192
44.0204	14.0413	4.94388	0.000276745
41.2166	14.2175	4.91869	0.000275019
42.6898	11.7351	4.86448	0.000272975
14.9215	7.36598	0.0764664	0.000282335
12.6058	7.51154	0.0893601	0.000283443
13.6336	4.37335	0.0455942	0.000282819
15.1767	12.2293	4.80885	0.000277281
12.5545	12.0646	4.82416	0.000279673
13.513	9.30337	0.132551	0.000283037
16.5822	10.0948	4.65465	0.000276306
17.7988	12.3941	4.73229	0.000274981
15.1767	12.2293	4.80885	0.000277281
14.1312	14.0413	4.88998	0.000278706
12.5545	12.0646	4.82416	0.000279673
15.1767	12.2293	4.80885	0.000277281
15.9817	15.8026	4.90242	0.000277604
14.7591	18.4213	4.95873	0.00028094
13.1778	15.9788	4.94005	0.000280678
16.5822	10.0948	4.65465	0.000276306
18.75	9.60269	0.0950187	0.000279263
17.7988	12.3941	4.73229	0.000274981
22.0108	14.5924	0.164287	0.000276859
24.3933	15.2742	0.211558	0.0002761
20.9532	16.5071	0.221369	0.000278335
11.4404	21.3083	4.98772	0.000287676
12.2064	19.1174	4.97663	0.000284308
14.6026	21.856	4.98291	0.000285256
8.66123	21.856	4.99249	0.000290917
11.4404	21.3083	4.98772	0.000287676
10.9756	24.1362	4.99329	0.000292575
8.66123	21.856	4.99249	0.000290917
9.3634	19.1174	4.98368	0.000287022
11.4404	21.3083	4.98772	0.000287676
6.52038	19.1174	4.98837	0.000289104
7.464	16.5071	4.97301	0.000286088
9.3634	19.1174	4.98368	0.000287022
3.67737	19.1174	4.99155	0.000290569
6.52038	19.1174	4.98837	0.000289104
5.62671	21.6734	4.99452	0.000292768
3.67737	19.1174	4.99155	0.000290569
4.76616	16.5071	4.98086	0.000287485
6.52038	19.1174	4.98837	0.000289104
10.1618	16.5071	4.96301	0.000284027
12.2064	19.1174	4.97663	0.000284308
9.3634	19.1174	4.98368	0.000287022
5.97957	14.0413	4.95506	0.000284976
8.69678	14.0413	4.93394	0.000283546
7.464	16.5071	4.97301	0.000286088
11.414	14.0413	4.91322	0.000281379
13.1778	15.9788	4.94005	0.000280678
10.1618	16.5071	4.96301	0.000284027
15.1767	12.2293	4.80885	0.000277281
16.8484	14.0413	4.83262	0.000276004
14.1312	14.0413	4.88998	0.000278706
6.52038	19.1174	4.98837	0.000289104
9.3634	19.1174	4.98368	0.000287022
8.66123	21.856	4.99249	0.000290917
14.7591	18.4213	4.95873	0.00028094
12.2064	19.1174	4.97663	0.000284308
13.1778	15.9788	4.94005	0.000280678
14.7591	18.4213	4.95873	0.00028094
14.6026	21.856	4.98291	0.000285256
12.2064	19.1174	4.97663	0.000284308
12.6058	7.51154	0.0893601	0.000283443
11.9212	5.91038	0.0750785	0.000283412
13.6336	4.37335	0.0455942	0.000282819
11.25	9.60269	0.152263	0.000284575
12.6058	7.51154	0.0893601	0.000283443
13.513	9.30337	0.132551	0.000283037
10.2901	7.6571	0.114544	0.000284414
11.9212	5.91038	0.0750785	0.000283412
12.6058	7.51154	0.0893601	0.000283443
41.2166	14.2175	4.91869	0.000275019
40.1627	11.7351	4.79349	0.000271749
42.6898	11.7351	4.86448	0.000272975
35.1085	11.7351	0.177899	0.000275108
37.4683	11.4071	0.172733	0.000275141
35.6088	14.5697	4.87243	0.000272718
33.1516	14.0413	4.86761	0.000271588
35.1085	11.7351	0.177899	0.000275108
35.6088	14.5697	4.87243	0.000272718
32.5813	11.7351	4.74889	0.000270821
33.75	9.60269	0.104908	0.000275152
35.1085	11.7351	0.177899	0.000275108
37.3284	7.80676	0.0712674	0.00027459
39.7099	7.6571	0.0914359	0.000274301
38.75	9.60269	0.120493	0.000274545
36.25	9.60269	0.0988721	0.000274687
37.3284	7.80676	0.0712674	0.00027459
38.75	9.60269	0.120493	0.000274545
35.1085	11.7351	0.177899	0.000275108
36.25	9.60269	0.0988721	0.000274687
37.4683	11.4071	0.172733	0.000275141
34.9468	7.95642	0.0663901	0.00027531
37.3284	7.80676	0.0712674	0.00027459
36.25	9.60269	0.0988721	0.000274687
34.9468	7.95642	0.0663901	0.00027531
35.7008	5.91038	0.0446065	0.000275826
37.3284	7.80676	0.0712674	0.00027459
42.536	16.5071	4.96595	0.000279518
44.0204	14.0413	4.94388	0.000276745
45.2338	16.5071	4.97608	0.000281599
38.4127	14.3936	4.88637	0.000273688
41.2166	14.2175	4.91869	0.000275019
39.693	16.8552	4.95689	0.000277918
38.4127	14.3936	4.88637	0.000273688
37.4683	11.4071	0.172733	0.000275141
40.1627	11.7351	4.79349	0.000271749
10.2901	7.6571	0.114544	0.000284414
12.6058	7.51154	0.0893601	0.000283443
11.25	9.60269	0.152263	0.000284575
28.2875	13.053	4.83126	0.00027082
30.001	14.922	4.90227	0.000271342
26.3489	16.5071	4.87787	0.00027183
35.1085	11.7351	0.177899	0.000275108
33.1516	14.0413	4.86761	0.000271588
32.5813	11.7351	4.74889	0.000270821
30.001	14.922	4.90227	0.000271342
28.6113	17.5512	4.93556	0.000272182
26.3489	16.5071	4.87787	0.00027183
30.9096	13.2177	4.84881	0.00027093
30.001	14.922	4.90227	0.000271342
28.2875	13.053	4.83126	0.00027082
29.636	10.915	4.72879	0.000271074
30.9096	13.2177	4.84881	0.00027093
28.2875	13.053	4.83126	0.00027082
32.5813	11.7351	4.74889	0.000270821
33.1516	14.0413	4.86761	0.000271588
30.9096	13.2177	4.84881	0.00027093
31.7446	16.5071	4.93556	0.000272539
28.6113	17.5512	4.93556	0.000272182
30.001	14.922	4.90227	0.000271342
34.4425	16.5071	4.9359	0.00027391
31.7446	16.5071	4.93556	0.000272539
33.1516	14.0413	4.86761	0.000271588
34.4425	16.5071	4.9359	0.00027391
34.9506	19.1174	4.9706	0.000276462
32.1075	19.1174	4.96591	0.00027379
37.1403	16.5071	4.94003	0.00027564
34.4425	16.5071	4.9359	0.00027391
35.6088	14.5697	4.87243	0.000272718
37.1403	16.5071	4.94003	0.00027564
37.7936	19.1174	4.97449	0.000279432
34.9506	19.1174	4.9706	0.000276462
11.414	14.0413	4.91322	0.000281379
14.1312	14.0413	4.88998	0.000278706
13.1778	15.9788	4.94005	0.000280678
8.69678	14.0413	4.93394	0.000283546
9.93237	11.8999	4.8454	0.000281653
11.414	14.0413	4.91322	0.000281379
11.25	9.60269	0.152263	0.000284575
13.513	9.30337	0.132551	0.000283037
12.5545	12.0646	4.82416	0.000279673
10.2901	7.6571	0.114544	0.000284414
11.25	9.60269	0.152263	0.000284575
8.74996	9.60269	0.188365	0.000285756
13.513	9.30337	0.132551	0.000283037
16.5822	10.0948	4.65465	0.000276306
15.1767	12.2293	4.80885	0.000277281
9.93237	11.8999	4.8454	0.000281653
11.25	9.60269	0.152263	0.000284575
12.5545	12.0646	4.82416	0.000279673
11.414	14.0413	4.91322	0.000281379
9.93237	11.8999	4.8454	0.000281653
12.5545	12.0646	4.82416	0.000279673
8.69678	14.0413	4.93394	0.000283546
7.31021	11.7351	4.88899	0.000282904
9.93237	11.8999	4.8454	0.000281653
37.4683	11.4071	0.172733	0.000275141
38.4127	14.3936	4.88637	0.000273688
35.6088	14.5697	4.87243	0.000272718
42.536	16.5071	4.96595	0.000279518
43.4158	19.3	4.98645	0.000285072
40.5089	19.4825	4.9823	0.000282839
44.0204	14.0413	4.94388	0.000276745
42.536	16.5071	4.96595	0.000279518
41.2166	14.2175	4.91869	0.000275019
45.2338	16.5071	4.97608	0.000281599
43.4158	19.3	4.98645	0.000285072
42.536	16.5071	4.96595	0.000279518
40.5089	19.4825	4.9823	0.000282839
41.2294	22.236	4.99211	0.000287713
38.204	22.4261	4.98893	0.000283787
42.536	16.5071	4.96595	0.000279518
40.5089	19.4825	4.9823	0.000282839
39.693	16.8552	4.95689	0.000277918
43.4158	19.3	4.98645	0.000285072
41.2294	22.236	4.99211	0.000287713
40.5089	19.4825	4.9823	0.000282839
47.2801	21.856	4.99533	0.000292045
44.3095	21.856	4.99384	0.000290082
46.3226	19.1174	4.98971	0.000286895
38.4127	14.3936	4.88637	0.000273688
37.1403	16.5071	4.94003	0.00027564
35.6088	14.5697	4.87243	0.000272718
40.1627	11.7351	4.79349	0.000271749
41.2166	14.2175	4.91869	0.000275019
38.4127	14.3936	4.88637	0.000273688
38.75	9.60269	0.120493	0.000274545
40.1627	11.7351	4.79349	0.000271749
37.4683	11.4071	0.172733	0.000275141
41.25	9.60269	0.165685	0.000275043
42.6898	11.7351	4.86448	0.000272975
40.1627	11.7351	4.79349	0.000271749
39.693	16.8552	4.95689	0.000277918
37.1403	16.5071	4.94003	0.00027564
38.4127	14.3936	4.88637	0.000273688
40.5089	19.4825	4.9823	0.000282839
37.7936	19.1174	4.97449	0.000279432
39.693	16.8552	4.95689	0.000277918
28.8815	20.2128	4.96203	0.000272619
29.1279	22.9961	4.96059	0.000272426
26.1025	23.1861	4.96942	0.000275008
32.1075	19.1174	4.96591	0.00027379
34.9506	19.1174	4.9706	0.000276462
32.4267	21.856	4.97293	0.000274106
28.8815	20.2128	4.96203	0.000272619
32.1075	19.1174	4.96591	0.00027379
32.4267	21.856	4.97293	0.000274106
31.7446	16.5071	4.93556	0.000272539
34.4425	16.5071	4.9359	0.00027391
32.1075	19.1174	4.96591	0.00027379
28.6113	17.5512	4.93556	0.000272182
31.7446	16.5071	4.93556	0.000272539
32.1075	19.1174	4.96591	0.00027379
11.414	14.0413	4.91322	0.000281379
12.5545	12.0646	4.82416	0.000279673
14.1312	14.0413	4.88998	0.000278706
12.2064	19.1174	4.97663	0.000284308
10.1618	16.5071	4.96301	0.000284027
13.1778	15.9788	4.94005	0.000280678
9.93237	11.8999	4.8454	0.000281653
8.74996	9.60269	0.188365	0.000285756
11.25	9.60269	0.152263	0.000284575
43.4158	19.3	4.98645	0.000285072
45.2338	16.5071	4.97608	0.000281599
46.3226	19.1174	4.98971	0.000286895
33.1516	14.0413	4.86761	0.000271588
35.6088	14.5697	4.87243	0.000272718
34.4425	16.5071	4.9359	0.00027391
36.25	9.60269	0.0988721	0.000274687
33.75	9.60269	0.104908	0.000275152
34.9468	7.95642	0.0663901	0.00027531
21.9134	33.7485	0.249488	0.000303114
18.9132	34.917	4.85235	0.000327849
18.6835	32.5943	4.91565	0.000310133
25	30.6708	4.90618	0.000272848
21.9134	33.7485	0.249488	0.000303114
21.9612	30.6708	4.91647	0.000289183
21.8846	36.8646	4.79025	0.000337492
18.9132	34.917	4.85235	0.000327849
21.9134	33.7485	0.249488	0.000303114
25	40	4.85123	0.000400314
21.8846	36.8646	4.79025	0.000337492
25.1151	35.3065	0.220103	0.000285575
21.9134	33.7485	0.249488	0.000303114
18.6835	32.5943	4.91565	0.000310133
21.9612	30.6708	4.91647	0.000289183
18.7212	38.8242	0.205276	0.00041662
18.9132	34.917	4.85235	0.000327849
21.8846	36.8646	4.79025	0.000337492
17.2667	36.7732	0.249034	0.00037351
15.8122	34.7222	4.90346	0.000334823
18.9132	34.917	4.85235	0.000327849
18.7212	38.8242	0.205276	0.00041662
17.2667	36.7732	0.249034	0.00037351
18.9132	34.917	4.85235	0.000327849
18.7212	38.8242	0.205276	0.00041662
15.601	39.0202	0.243595	0.000433105
17.2667	36.7732	0.249034	0.00037351
18.7981	41.9596	0.232974	0.000612525
18.7212	38.8242	0.205276	0.00041662
21.9014	39.3141	0.231875	0.000417219
15.601	39.0202	0.243595	0.000433105
15.8122	34.7222	4.90346	0.000334823
17.2667	36.7732	0.249034	0.00037351
14.001	23.9462	4.98933	0.000289274
14.6026	21.856	4.98291	0.000285256
17.2998	24.7062	4.98536	0.000287481
13.1107	27.6505	4.99029	0.000298736
12.8447	30.6708	4.9829	0.000310132
10.1383	27.6505	4.99435	0.000301715
15.2052	26.1784	4.9885	0.000292789
15.7173	29.727	4.97813	0.00030271
13.1107	27.6505	4.99029	0.000298736
20.3799	24.7062	4.97857	0.000284387
18.0114	27.1222	4.98117	0.000292145
17.2998	24.7062	4.98536	0.000287481
18.7229	29.5382	4.96322	0.000297392
15.7173	29.727	4.97813	0.00030271
18.0114	27.1222	4.98117	0.000292145
18.7229	29.5382	4.96322	0.000297392
18.6835	32.5943	4.91565	0.000310133
15.7173	29.727	4.97813	0.00030271
10.9756	24.1362	4.99329	0.000292575
8.05963	24.7062	4.99585	0.000296198
8.66123	21.856	4.99249	0.000290917
10.1383	27.6505	4.99435	0.000301715
8.05963	24.7062	4.99585	0.000296198
10.9756	24.1362	4.99329	0.000292575
10.1383	27.6505	4.99435	0.000301715
9.80591	30.6708	4.99117	0.000314
7.16598	27.6505	4.99679	0.000304083
6.70061	30.2933	4.99617	0.000314226
7.16598	27.6505	4.99679	0.000304083
9.80591	30.6708	4.99117	0.000314
4.97956	24.7062	4.99716	0.000298315
5.62671	21.6734	4.99452	0.000292768
8.05963	24.7062	4.99585	0.000296198
3.67737	19.1174	4.99155	0.000290569
5.62671	21.6734	4.99452	0.000292768
2.71986	21.856	4.99599	0.000294559
6.52038	19.1174	4.98837	0.000289104
4.76616	16.5071	4.98086	0.000287485
7.464	16.5071	4.97301	0.000286088
25	30.6708	4.90618	0.000272848
28.0388	30.6708	4.92795	0.000266892
28.0866	33.7485	4.64086	0.000264098
47.2801	21.856	4.99533	0.000292045
48.1005	24.7062	4.99729	0.000296648
45.0204	24.7062	4.99667	0.000294826
26.4215	19.1174	4.93925	0.000273235
26.3489	16.5071	4.87787	0.00027183
28.6113	17.5512	4.93556	0.000272182
18.0114	27.1222	4.98117	0.000292145
22.0277	27.6505	4.9691	0.000286073
18.7229	29.5382	4.96322	0.000297392
17.2541	20.9431	4.96792	0.000281367
20.544	21.856	4.96302	0.000279737
17.2998	24.7062	4.98536	0.000287481
23.0771	23.3761	4.97389	0.000279208
26.1025	23.1861	4.96942	0.000275008
25.3391	26.1784	4.96884	0.0002773
17.2998	24.7062	4.98536	0.000287481
20.544	21.856	4.96302	0.000279737
20.3799	24.7062	4.97857	0.000284387
24.8405	21.1517	4.95479	0.000275214
26.1025	23.1861	4.96942	0.000275008
23.0771	23.3761	4.97389	0.000279208
20.544	21.856	4.96302	0.000279737
24.8405	21.1517	4.95479	0.000275214
23.0771	23.3761	4.97389	0.000279208
23.5785	19.1174	4.90681	0.000274408
26.4215	19.1174	4.93925	0.000273235
24.8405	21.1517	4.95479	0.000275214
31.199	26.5464	0.345259	0.000276745
30.7452	28.7831	4.94344	0.000270967
28.269	26.3624	4.95153	0.000272803
29.1279	22.9961	4.96059	0.000272426
31.199	26.5464	0.345259	0.000276745
28.269	26.3624	4.95153	0.000272803
32.7002	24.7062	4.9559	0.000274057
33.7508	28.5944	4.96439	0.000277349
31.199	26.5464	0.345259	0.000276745
20.544	21.856	4.96302	0.000279737
23.0771	23.3761	4.97389	0.000279208
20.3799	24.7062	4.97857	0.000284387
20.7355	19.1174	4.9044	0.000276304
20.544	21.856	4.96302	0.000279737
17.2541	20.9431	4.96792	0.000281367
17.7548	18.7251	4.93153	0.000278323
18.2554	16.5071	4.85905	0.000275944
20.7355	19.1174	4.9044	0.000276304
14.7591	18.4213	4.95873	0.00028094
17.7548	18.7251	4.93153	0.000278323
17.2541	20.9431	4.96792	0.000281367
14.7591	18.4213	4.95873	0.00028094
15.9817	15.8026	4.90242	0.000277604
17.7548	18.7251	4.93153	0.000278323
20.9532	16.5071	0.221369	0.000278335
23.5785	19.1174	4.90681	0.000274408
20.7355	19.1174	4.9044	0.000276304
23.5785	19.1174	4.90681	0.000274408
24.8405	21.1517	4.95479	0.000275214
20.544	21.856	4.96302	0.000279737
26.689	28.4246	4.95043	0.00027247
22.0277	27.6505	4.9691	0.000286073
25.3391	26.1784	4.96884	0.0002773
21.9612	30.6708	4.91647	0.000289183
18.6835	32.5943	4.91565	0.000310133
18.7229	29.5382	4.96322	0.000297392
20.7355	19.1174	4.9044	0.000276304
23.5785	19.1174	4.90681	0.000274408
20.544	21.856	4.96302	0.000279737
16.8484	14.0413	4.83262	0.000276004
19.5656	14.0413	0.181423	0.000278158
18.2554	16.5071	4.85905	0.000275944
16.8484	14.0413	4.83262	0.000276004
17.7988	12.3941	4.73229	0.000274981
19.5656	14.0413	0.181423	0.000278158
14.1312	14.0413	4.88998	0.000278706
16.8484	14.0413	4.83262	0.000276004
15.9817	15.8026	4.90242	0.000277604
15.1767	12.2293	4.80885	0.000277281
17.7988	12.3941	4.73229	0.000274981
16.8484	14.0413	4.83262	0.000276004
18.75	9.60269	0.0950187	0.000279263
21.25	9.60269	0.0681388	0.000277959
19.9458	11.7351	0.122732	0.00027784
24.3933	15.2742	0.211558	0.0002761
23.5785	19.1174	4.90681	0.000274408
20.9532	16.5071	0.221369	0.000278335
4.97956	24.7062	4.99716	0.000298315
4.19365	27.6505	4.99793	0.000306097
1.8995	24.7062	4.99775	0.000300019
8.74996	9.60269	0.188365	0.000285756
9.93237	11.8999	4.8454	0.000281653
7.31021	11.7351	4.88899	0.000282904
46.8029	37.0605	4.96815	0.00031427
43.6827	37.2565	4.93258	0.000312599
46.6062	33.7485	4.98711	0.000305294
41.9404	24.7062	4.99519	0.000291695
45.0204	24.7062	4.99667	0.000294826
42.7675	28.0281	4.99505	0.000295894
38.8603	24.7062	4.9919	0.000286964
41.9404	24.7062	4.99519	0.000291695
39.9888	27.0985	4.99288	0.000290798
41.2294	22.236	4.99211	0.000287713
44.3095	21.856	4.99384	0.000290082
41.9404	24.7062	4.99519	0.000291695
48.7787	27.6505	4.99718	0.000300413
49.3105	30.6708	4.99496	0.000303464
46.2478	30.8632	4.9938	0.000301986
26.1025	23.1861	4.96942	0.000275008
24.8405	21.1517	4.95479	0.000275214
28.8815	20.2128	4.96203	0.000272619
28.269	26.3624	4.95153	0.000272803
26.1025	23.1861	4.96942	0.000275008
29.1279	22.9961	4.96059	0.000272426
23.0771	23.3761	4.97389	0.000279208
22.0277	27.6505	4.9691	0.000286073
20.3799	24.7062	4.97857	0.000284387
12.8447	30.6708	4.9829	0.000310132
12.7112	34.5275	4.96027	0.000339008
9.49534	33.1714	4.98731	0.000329868
10.1383	27.6505	4.99435	0.000301715
12.8447	30.6708	4.9829	0.000310132
9.80591	30.6708	4.99117	0.000314
14.3285	32.6965	4.95986	0.000321124
18.6835	32.5943	4.91565	0.000310133
15.8122	34.7222	4.90346	0.000334823
25.1151	35.3065	0.220103	0.000285575
21.8846	36.8646	4.79025	0.000337492
21.9134	33.7485	0.249488	0.000303114
14.3285	32.6965	4.95986	0.000321124
12.7112	34.5275	4.96027	0.000339008
12.8447	30.6708	4.9829	0.000310132
18.9132	34.917	4.85235	0.000327849
15.8122	34.7222	4.90346	0.000334823
18.6835	32.5943	4.91565	0.000310133
15.601	39.0202	0.243595	0.000433105
12.5385	36.8646	4.93789	0.000373243
15.8122	34.7222	4.90346	0.000334823
23.5785	19.1174	4.90681	0.000274408
24.3933	15.2742	0.211558	0.0002761
26.3489	16.5071	4.87787	0.00027183
28.8815	20.2128	4.96203	0.000272619
24.8405	21.1517	4.95479	0.000275214
26.4215	19.1174	4.93925	0.000273235
18.2554	16.5071	4.85905	0.000275944
17.7548	18.7251	4.93153	0.000278323
15.9817	15.8026	4.90242	0.000277604
14.6026	21.856	4.98291	0.000285256
17.2541	20.9431	4.96792	0.000281367
17.2998	24.7062	4.98536	0.000287481
15.9817	15.8026	4.90242	0.000277604
13.1778	15.9788	4.94005	0.000280678
14.1312	14.0413	4.88998	0.000278706
14.6026	21.856	4.98291	0.000285256
14.7591	18.4213	4.95873	0.00028094
17.2541	20.9431	4.96792	0.000281367
11.4404	21.3083	4.98772	0.000287676
14.001	23.9462	4.98933	0.000289274
10.9756	24.1362	4.99329	0.000292575
30.001	14.922	4.90227	0.000271342
30.9096	13.2177	4.84881	0.00027093
33.1516	14.0413	4.86761	0.000271588
31.7446	16.5071	4.93556	0.000272539
30.001	14.922	4.90227	0.000271342
33.1516	14.0413	4.86761	0.000271588
25.6653	12.8882	4.73767	0.000271114
27.0253	10.7509	4.6817	0.0002715
28.2875	13.053	4.83126	0.00027082
25.6653	12.8882	4.73767	0.000271114
28.2875	13.053	4.83126	0.00027082
26.3489	16.5071	4.87787	0.00027183
33.75	9.60269	0.104908	0.000275152
36.25	9.60269	0.0988721	0.000274687
35.1085	11.7351	0.177899	0.000275108
39.693	16.8552	4.95689	0.000277918
41.2166	14.2175	4.91869	0.000275019
42.536	16.5071	4.96595	0.000279518
28.8815	20.2128	4.96203	0.000272619
26.4215	19.1174	4.93925	0.000273235
28.6113	17.5512	4.93556	0.000272182
40.625	40	0.222068	0.000344056
43.75	40	4.86601	0.000338536
43.6923	43.1354	0.238578	0.00043631
34.399	40.9798	0.167416	0.000425769
37.5	40	4.78119	0.000344262
37.5191	43.9145	0.1428	0.00054525
40.5769	36.8646	4.91263	0.000306528
43.6827	37.2565	4.93258	0.000312599
40.625	40	0.222068	0.000344056
37.3464	33.7485	4.96192	0.000292115
33.997	31.6326	4.962	0.0002801
37.1553	30.6708	4.98041	0.000287301
40.625	40	0.222068	0.000344056
37.5	40	4.78119	0.000344262
40.5769	36.8646	4.91263	0.000306528
37.4615	36.8646	4.90923	0.00030582
34.1596	34.7385	4.93075	0.000288396
37.3464	33.7485	4.96192	0.000292115
46.2478	30.8632	4.9938	0.000301986
45.7731	27.8393	4.99662	0.000298968
48.7787	27.6505	4.99718	0.000300413
49.6928	33.7485	4.98942	0.000307199
46.6062	33.7485	4.98711	0.000305294
49.3105	30.6708	4.99496	0.000303464
40.1941	30.6708	4.98767	0.000293288
37.1553	30.6708	4.98041	0.000287301
36.8893	27.6505	4.98546	0.000284656
43.2329	30.6708	4.99137	0.000298209
40.1941	30.6708	4.98767	0.000293288
42.7675	28.0281	4.99505	0.000295894
40.433	33.7485	4.96916	0.00029646
37.3464	33.7485	4.96192	0.000292115
40.1941	30.6708	4.98767	0.000293288
31.3171	35.696	4.86868	0.000284442
31.2019	38.0404	0.224568	0.000324007
28.1154	36.8646	4.39231	0.000294957
33.997	31.6326	4.962	0.0002801
34.1596	34.7385	4.93075	0.000288396
30.9343	31.8249	4.9385	0.000269336
34.3221	37.8444	4.83939	0.000316307
31.2019	38.0404	0.224568	0.000324007
31.3171	35.696	4.86868	0.000284442
37.5	40	4.78119	0.000344262
34.3221	37.8444	4.83939	0.000316307
37.4615	36.8646	4.90923	0.00030582
34.399	40.9798	0.167416	0.000425769
31.2019	38.0404	0.224568	0.000324007
34.3221	37.8444	4.83939	0.000316307
40.1941	30.6708	4.98767	0.000293288
39.9888	27.0985	4.99288	0.000290798
42.7675	28.0281	4.99505	0.000295894
7.16598	27.6505	4.99679	0.000304083
8.05963	24.7062	4.99585	0.000296198
10.1383	27.6505	4.99435	0.000301715
3.69504	30.482	4.99787	0.000316934
4.19365	27.6505	4.99793	0.000306097
6.70061	30.2933	4.99617	0.000314226
4.97956	24.7062	4.99716	0.000298315
8.05963	24.7062	4.99585	0.000296198
7.16598	27.6505	4.99679	0.000304083
2.71986	21.856	4.99599	0.000294559
4.97956	24.7062	4.99716	0.000298315
1.8995	24.7062	4.99775	0.000300019
14.001	23.9462	4.98933	0.000289274
11.4404	21.3083	4.98772	0.000287676
14.6026	21.856	4.98291	0.000285256
13.1107	27.6505	4.99029	0.000298736
10.9756	24.1362	4.99329	0.000292575
14.001	23.9462	4.98933	0.000289274
8.66123	21.856	4.99249	0.000290917
5.62671	21.6734	4.99452	0.000292768
6.52038	19.1174	4.98837	0.000289104
12.2064	19.1174	4.97663	0.000284308
11.4404	21.3083	4.98772	0.000287676
9.3634	19.1174	4.98368	0.000287022
8.05963	24.7062	4.99585	0.000296198
5.62671	21.6734	4.99452	0.000292768
8.66123	21.856	4.99249	0.000290917
44.3095	21.856	4.99384	0.000290082
41.2294	22.236	4.99211	0.000287713
43.4158	19.3	4.98645	0.000285072
45.7731	27.8393	4.99662	0.000298968
45.0204	24.7062	4.99667	0.000294826
48.1005	24.7062	4.99729	0.000296648
38.8603	24.7062	4.9919	0.000286964
36.8893	27.6505	4.98546	0.000284656
35.7802	24.7062	4.9829	0.000280371
45.7731	27.8393	4.99662	0.000298968
42.7675	28.0281	4.99505	0.000295894
45.0204	24.7062	4.99667	0.000294826
43.2329	30.6708	4.99137	0.000298209
46.2478	30.8632	4.9938	0.000301986
43.5196	33.7485	4.97793	0.00030138
40.433	33.7485	4.96916	0.00029646
43.2329	30.6708	4.99137	0.000298209
43.5196	33.7485	4.97793	0.00030138
42.7675	28.0281	4.99505	0.000295894
45.7731	27.8393	4.99662	0.000298968
43.2329	30.6708	4.99137	0.000298209
41.9404	24.7062	4.99519	0.000291695
42.7675	28.0281	4.99505	0.000295894
39.9888	27.0985	4.99288	0.000290798
45.7731	27.8393	4.99662	0.000298968
46.2478	30.8632	4.9938	0.000301986
43.2329	30.6708	4.99137	0.000298209
8.69678	14.0413	4.93394	0.000283546
5.97957	14.0413	4.95506	0.000284976
7.31021	11.7351	4.88899	0.000282904
10.1618	16.5071	4.96301	0.000284027
8.69678	14.0413	4.93394	0.000283546
11.414	14.0413	4.91322	0.000281379
7.464	16.5071	4.97301	0.000286088
4.76616	16.5071	4.98086	0.000287485
5.97957	14.0413	4.95506	0.000284976
10.1618	16.5071	4.96301	0.000284027
7.464	16.5071	4.97301	0.000286088
8.69678	14.0413	4.93394	0.000283546
10.1618	16.5071	4.96301	0.000284027
9.3634	19.1174	4.98368	0.000287022
7.464	16.5071	4.97301	0.000286088
9.42308	36.8646	4.97913	0.000376301
9.49534	33.1714	4.98731	0.000329868
12.7112	34.5275	4.96027	0.000339008
12.5	40	4.93218	0.000466584
9.36058	39.4121	4.97827	0.000444502
12.5385	36.8646	4.93789	0.000373243
9.36058	39.4121	4.97827	0.000444502
6.30769	36.8646	4.9924	0.000374518
9.42308	36.8646	4.97913	0.000376301
3.19231	36.8646	4.99677	0.000374292
3.40821	33.9432	4.99734	0.000338937
6.30769	36.8646	4.9924	0.000374518
0.076922	36.8646	4.99777	0.000373209
3.19231	36.8646	4.99677	0.000374292
3.125	40	4.99646	0.000455196
0.076922	36.8646	4.99777	0.000373209
0.307214	33.7485	4.9981	0.000338191
3.19231	36.8646	4.99677	0.000374292
6.70061	30.2933	4.99617	0.000314226
9.80591	30.6708	4.99117	0.000314
9.49534	33.1714	4.98731	0.000329868
2.71986	21.856	4.99599	0.000294559
5.62671	21.6734	4.99452	0.000292768
4.97956	24.7062	4.99716	0.000298315
18.0114	27.1222	4.98117	0.000292145
15.7173	29.727	4.97813	0.00030271
15.2052	26.1784	4.9885	0.000292789
43.5196	33.7485	4.97793	0.00030138
40.5769	36.8646	4.91263	0.000306528
40.433	33.7485	4.96916	0.00029646
49.9231	36.8646	4.97571	0.00031644
46.8029	37.0605	4.96815	0.00031427
49.6928	33.7485	4.98942	0.000307199
43.75	40	4.86601	0.000338536
40.625	40	0.222068	0.000344056
43.6827	37.2565	4.93258	0.000312599
13.1107	27.6505	4.99029	0.000298736
15.7173	29.727	4.97813	0.00030271
12.8447	30.6708	4.9829	0.000310132
10.9756	24.1362	4.99329	0.000292575
13.1107	27.6505	4.99029	0.000298736
10.1383	27.6505	4.99435	0.000301715
15.2052	26.1784	4.9885	0.000292789
17.2998	24.7062	4.98536	0.000287481
18.0114	27.1222	4.98117	0.000292145
14.001	23.9462	4.98933	0.000289274
15.2052	26.1784	4.9885	0.000292789
13.1107	27.6505	4.99029	0.000298736
14.001	23.9462	4.98933	0.000289274
17.2998	24.7062	4.98536	0.000287481
15.2052	26.1784	4.9885	0.000292789
46.6062	33.7485	4.98711	0.000305294
43.6827	37.2565	4.93258	0.000312599
43.5196	33.7485	4.97793	0.00030138
50	40	4.95947	0.000338161
46.8029	37.0605	4.96815	0.00031427
49.9231	36.8646	4.97571	0.00031644
46.8798	40.196	4.93473	0.000360918
43.75	40	4.86601	0.000338536
46.8029	37.0605	4.96815	0.00031427
21.9014	39.3141	0.231875	0.000417219
21.9183	41.7637	4.84407	0.000595059
18.7981	41.9596	0.232974	0.000612525
25	40	4.85123	0.000400314
21.9014	39.3141	0.231875	0.000417219
21.8846	36.8646	4.79025	0.000337492
25	40	4.85123	0.000400314
21.9183	41.7637	4.84407	0.000595059
21.9014	39.3141	0.231875	0.000417219
22.0142	44.8882	4.90864	0.00106197
18.7981	41.9596	0.232974	0.000612525
21.9183	41.7637	4.84407	0.000595059
3.69504	30.482	4.99787	0.000316934
3.40821	33.9432	4.99734	0.000338937
0.68946	30.6708	4.99836	0.00031933
1.22131	27.6505	4.99832	0.000307796
3.69504	30.482	4.99787	0.000316934
0.68946	30.6708	4.99836	0.00031933
6.70061	30.2933	4.99617	0.000314226
6.43263	33.3637	4.99481	0.000332543
3.69504	30.482	4.99787	0.000316934
43.5196	33.7485	4.97793	0.00030138
43.6827	37.2565	4.93258	0.000312599
40.5769	36.8646	4.91263	0.000306528
40.1941	30.6708	4.98767	0.000293288
43.2329	30.6708	4.99137	0.000298209
40.433	33.7485	4.96916	0.00029646
46.6062	33.7485	4.98711	0.000305294
49.6928	33.7485	4.98942	0.000307199
46.8029	37.0605	4.96815	0.00031427
46.2478	30.8632	4.9938	0.000301986
46.6062	33.7485	4.98711	0.000305294
43.5196	33.7485	4.97793	0.00030138
46.2478	30.8632	4.9938	0.000301986
49.3105	30.6708	4.99496	0.000303464
46.6062	33.7485	4.98711	0.000305294
46.8798	40.196	4.93473	0.000360918
46.8029	37.0605	4.96815	0.00031427
50	40	4.95947	0.000338161
9.4375	42.5475	4.9825	0.000672642
6.24038	39.6081	4.99216	0.000442101
9.36058	39.4121	4.97827	0.000444502
9.49534	33.1714	4.98731	0.000329868
9.80591	30.6708	4.99117	0.000314
12.8447	30.6708	4.9829	0.000310132
12.5385	36.8646	4.93789	0.000373243
9.42308	36.8646	4.97913	0.000376301
12.7112	34.5275	4.96027	0.000339008
6.43263	33.3637	4.99481	0.000332543
6.70061	30.2933	4.99617	0.000314226
9.49534	33.1714	4.98731	0.000329868
4.19365	27.6505	4.99793	0.000306097
4.97956	24.7062	4.99716	0.000298315
7.16598	27.6505	4.99679	0.000304083
1.22131	27.6505	4.99832	0.000307796
4.19365	27.6505	4.99793	0.000306097
3.69504	30.482	4.99787	0.000316934
1.22131	27.6505	4.99832	0.000307796
1.8995	24.7062	4.99775	0.000300019
4.19365	27.6505	4.99793	0.000306097
6.70061	30.2933	4.99617	0.000314226
4.19365	27.6505	4.99793	0.000306097
7.16598	27.6505	4.99679	0.000304083
18.7229	29.5382	4.96322	0.000297392
22.0277	27.6505	4.9691	0.000286073
21.9612	30.6708	4.91647	0.000289183
14.3285	32.6965	4.95986	0.000321124
12.8447	30.6708	4.9829	0.000310132
15.7173	29.727	4.97813	0.00030271
18.6835	32.5943	4.91565	0.000310133
14.3285	32.6965	4.95986	0.000321124
15.7173	29.727	4.97813	0.00030271
15.8122	34.7222	4.90346	0.000334823
12.7112	34.5275	4.96027	0.000339008
14.3285	32.6965	4.95986	0.000321124
18.0114	27.1222	4.98117	0.000292145
20.3799	24.7062	4.97857	0.000284387
22.0277	27.6505	4.9691	0.000286073
3.40821	33.9432	4.99734	0.000338937
3.69504	30.482	4.99787	0.000316934
6.43263	33.3637	4.99481	0.000332543
46.8077	43.1354	4.91149	0.000422989
43.6923	43.1354	0.238578	0.00043631
46.8798	40.196	4.93473	0.000360918
49.9231	43.1354	4.94861	0.000417275
46.8077	43.1354	4.91149	0.000422989
46.8798	40.196	4.93473	0.000360918
46.2717	49.3292	4.95726	0.000951774
49.3105	49.3292	4.96718	0.000864604
48.7787	52.3495	4.96551	0.00163084
43.5196	46.2515	4.87305	0.000612857
46.2717	49.3292	4.95726	0.000951774
43.2329	49.3292	4.92858	0.00107677
40.433	46.2515	4.79373	0.000666206
43.5196	46.2515	4.87305	0.000612857
43.2329	49.3292	4.92858	0.00107677
43.6923	43.1354	0.238578	0.00043631
46.8077	43.1354	4.91149	0.000422989
46.6062	46.2515	4.93231	0.000573257
46.6062	46.2515	4.93231	0.000573257
49.3105	49.3292	4.96718	0.000864604
46.2717	49.3292	4.95726	0.000951774
6.30769	36.8646	4.9924	0.000374518
6.43263	33.3637	4.99481	0.000332543
9.42308	36.8646	4.97913	0.000376301
3.125	40	4.99646	0.000455196
3.19231	36.8646	4.99677	0.000374292
6.24038	39.6081	4.99216	0.000442101
3.40821	33.9432	4.99734	0.000338937
6.43263	33.3637	4.99481	0.000332543
6.30769	36.8646	4.9924	0.000374518
0.307214	33.7485	4.9981	0.000338191
3.40821	33.9432	4.99734	0.000338937
3.19231	36.8646	4.99677	0.000374292
0.307214	33.7485	4.9981	0.000338191
0.68946	30.6708	4.99836	0.00031933
3.40821	33.9432	4.99734	0.000338937
