25	30.6708	4.90962	0.000208974
28.0866	33.7485	4.85904	0.000211059
25.1151	35.3065	0.23232	0.000230394
22.0277	27.6505	4.96727	0.000215261
25	30.6708	4.90962	0.000208974
21.9612	30.6708	4.91577	0.000219358
26.689	28.4246	4.95062	0.000206599
28.269	26.3624	4.95104	0.000206642
30.7452	28.7831	4.94373	0.000205975
25	30.6708	4.90962	0.000208974
26.689	28.4246	4.95062	0.000206599
28.0388	30.6708	4.93361	0.000205394
25.3391	26.1784	4.96763	0.000209204
28.269	26.3624	4.95104	0.000206642
26.689	28.4246	4.95062	0.000206599
28.0388	30.6708	4.93361	0.000205394
30.9343	31.8249	4.94195	0.000206878
28.0866	33.7485	4.85904	0.000211059
22.0277	27.6505	4.96727	0.000215261
26.689	28.4246	4.95062	0.000206599
25	30.6708	4.90962	0.000208974
30.7452	28.7831	4.94373	0.000205975
30.9343	31.8249	4.94195	0.000206878
28.0388	30.6708	4.93361	0.000205394
26.689	28.4246	4.95062	0.000206599
30.7452	28.7831	4.94373	0.000205975
28.0388	30.6708	4.93361	0.000205394
26.1025	23.1861	4.96869	0.000207991
28.269	26.3624	4.95104	0.000206642
25.3391	26.1784	4.96763	0.000209204
29.1279	22.9961	4.96053	0.000206684
32.7002	24.7062	4.95622	0.000208102
31.199	26.5464	0.345324	0.000210208
33.7508	28.5944	4.96352	0.000209951
30.9343	31.8249	4.94195	0.000206878
30.7452	28.7831	4.94373	0.000205975
31.199	26.5464	0.345324	0.000210208
33.7508	28.5944	4.96352	0.000209951
30.7452	28.7831	4.94373	0.000205975
37.4615	36.8646	4.90784	0.000237621
40.433	33.7485	4.96859	0.000225659
40.5769	36.8646	4.91221	0.00023698
36.8893	27.6505	4.98476	0.000214886
37.1553	30.6708	4.97928	0.000217278
33.7508	28.5944	4.96352	0.000209951
36.8893	27.6505	4.98476	0.000214886
39.9888	27.0985	4.99233	0.000219118
40.1941	30.6708	4.98705	0.000221575
34.9506	19.1174	4.96996	0.000208738
34.4425	16.5071	4.93529	0.000207032
37.1403	16.5071	4.93959	0.000208358
38.204	22.4261	4.98839	0.000213917
35.1786	22.6161	4.98112	0.000210398
36.4861	20.8667	4.98006	0.000210979
32.1075	19.1174	4.96528	0.000206974
28.8815	20.2128	4.96148	0.000206359
28.6113	17.5512	4.93475	0.000205847
38.204	22.4261	4.98839	0.000213917
35.7802	24.7062	4.98265	0.000211974
35.1786	22.6161	4.98112	0.000210398
32.7002	24.7062	4.95622	0.000208102
29.1279	22.9961	4.96053	0.000206684
32.4267	21.856	4.9728	0.000207678
45.7731	27.8393	4.99643	0.000225247
48.1005	24.7062	4.99719	0.000223556
48.7787	27.6505	4.99702	0.000226294
38.8603	24.7062	4.99136	0.000216235
41.2294	22.236	4.99173	0.000216823
41.9404	24.7062	4.99481	0.000219708
38.8603	24.7062	4.99136	0.000216235
38.204	22.4261	4.98839	0.000213917
41.2294	22.236	4.99173	0.000216823
36.8893	27.6505	4.98476	0.000214886
38.8603	24.7062	4.99136	0.000216235
39.9888	27.0985	4.99233	0.000219118
35.7802	24.7062	4.98265	0.000211974
38.204	22.4261	4.98839	0.000213917
38.8603	24.7062	4.99136	0.000216235
33.7508	28.5944	4.96352	0.000209951
35.7802	24.7062	4.98265	0.000211974
36.8893	27.6505	4.98476	0.000214886
32.7002	24.7062	4.95622	0.000208102
32.4267	21.856	4.9728	0.000207678
35.1786	22.6161	4.98112	0.000210398
37.7936	19.1174	4.97398	0.000210883
40.5089	19.4825	4.98196	0.000213422
38.204	22.4261	4.98839	0.000213917
35.1786	22.6161	4.98112	0.000210398
32.4267	21.856	4.9728	0.000207678
34.9506	19.1174	4.96996	0.000208738
36.4861	20.8667	4.98006	0.000210979
35.1786	22.6161	4.98112	0.000210398
34.9506	19.1174	4.96996	0.000208738
37.7936	19.1174	4.97398	0.000210883
36.4861	20.8667	4.98006	0.000210979
34.9506	19.1174	4.96996	0.000208738
37.7936	19.1174	4.97398	0.000210883
38.204	22.4261	4.98839	0.000213917
36.4861	20.8667	4.98006	0.000210979
35.7802	24.7062	4.98265	0.000211974
32.7002	24.7062	4.95622	0.000208102
35.1786	22.6161	4.98112	0.000210398
33.7508	28.5944	4.96352	0.000209951
32.7002	24.7062	4.95622	0.000208102
35.7802	24.7062	4.98265	0.000211974
29.1279	22.9961	4.96053	0.000206684
28.8815	20.2128	4.96148	0.000206359
32.4267	21.856	4.9728	0.000207678
37.1403	16.5071	4.93959	0.000208358
39.693	16.8552	4.95662	0.000210079
37.7936	19.1174	4.97398	0.000210883
44.3095	21.856	4.99369	0.000218766
47.2801	21.856	4.99525	0.000220264
45.0204	24.7062	4.99651	0.00022217
41.9404	24.7062	4.99481	0.000219708
44.3095	21.856	4.99369	0.000218766
45.0204	24.7062	4.99651	0.00022217
43.4158	19.3	4.98631	0.000215213
46.3226	19.1174	4.98964	0.000216591
44.3095	21.856	4.99369	0.000218766
28.0866	46.2515	4.8915	0.00121678
31.0776	49.3292	4.84201	0.00251558
28.0388	49.3292	4.89746	0.00279364
25	43.1354	4.90279	0.000631748
28.1154	43.1354	4.85029	0.000593213
28.0866	46.2515	4.8915	0.00121678
37.3464	46.2515	0.15967	0.000729445
34.3294	43.6157	0.131763	0.000516067
37.5191	43.9145	0.14273	0.000472524
31.226	43.7137	0.184722	0.000601904
31.2788	41.1758	0.177397	0.000388808
34.3294	43.6157	0.131763	0.000516067
28.0866	46.2515	4.8915	0.00121678
31.226	43.7137	0.184722	0.000601904
31.1732	46.2515	4.77957	0.0010899
28.1154	43.1354	4.85029	0.000593213
31.2788	41.1758	0.177397	0.000388808
31.226	43.7137	0.184722	0.000601904
25	46.2515	4.92517	0.00123629
25	43.1354	4.90279	0.000631748
28.0866	46.2515	4.8915	0.00121678
28.125	40	4.82479	0.000331243
31.2788	41.1758	0.177397	0.000388808
28.1154	43.1354	4.85029	0.000593213
28.125	40	4.82479	0.000331243
31.2019	38.0404	0.227934	0.000261306
31.2788	41.1758	0.177397	0.000388808
31.2019	38.0404	0.227934	0.000261306
34.399	40.9798	0.166129	0.000353064
31.2788	41.1758	0.177397	0.000388808
28.0866	33.7485	4.85904	0.000211059
31.3171	35.696	4.87578	0.000224727
28.1154	36.8646	4.77629	0.000241376
37.3464	33.7485	4.96045	0.000222616
37.1553	30.6708	4.97928	0.000217278
40.1941	30.6708	4.98705	0.000221575
37.4615	36.8646	4.90784	0.000237621
37.3464	33.7485	4.96045	0.000222616
40.433	33.7485	4.96859	0.000225659
37.4615	36.8646	4.90784	0.000237621
34.3221	37.8444	4.83753	0.000250189
34.1596	34.7385	4.92937	0.000221836
34.1596	34.7385	4.92937	0.000221836
33.997	31.6326	4.9609	0.000212699
37.3464	33.7485	4.96045	0.000222616
31.3171	35.696	4.87578	0.000224727
34.1596	34.7385	4.92937	0.000221836
34.3221	37.8444	4.83753	0.000250189
31.3171	35.696	4.87578	0.000224727
30.9343	31.8249	4.94195	0.000206878
34.1596	34.7385	4.92937	0.000221836
30.9343	31.8249	4.94195	0.000206878
33.7508	28.5944	4.96352	0.000209951
33.997	31.6326	4.9609	0.000212699
40.433	46.2515	4.79396	0.000591787
40.6201	43.7197	0.185353	0.000408575
43.5196	46.2515	4.87289	0.000533831
46.8029	37.0605	4.96785	0.000240437
43.75	40	4.86572	0.000266716
43.6827	37.2565	4.9323	0.000240829
49.9231	43.1354	4.94829	0.000336319
46.8798	40.196	4.9344	0.000281956
50	40	4.95915	0.000263306
49.9231	43.1354	4.94829	0.000336319
49.6928	46.2515	4.95636	0.000465702
46.8077	43.1354	4.91116	0.000342879
25	43.1354	4.90279	0.000631748
25	46.2515	4.92517	0.00123629
22.0142	44.8882	4.90355	0.00093102
25	40	4.85473	0.000335005
25	43.1354	4.90279	0.000631748
21.9183	41.7637	4.84254	0.000518352
25	40	4.85473	0.000335005
28.1154	43.1354	4.85029	0.000593213
25	43.1354	4.90279	0.000631748
31.2019	38.0404	0.227934	0.000261306
28.125	40	4.82479	0.000331243
28.1154	36.8646	4.77629	0.000241376
28.1154	43.1354	4.85029	0.000593213
31.226	43.7137	0.184722	0.000601904
28.0866	46.2515	4.8915	0.00121678
18.7981	41.9596	0.233309	0.000551493
15.601	39.0202	0.243053	0.000349714
18.7212	38.8242	0.204446	0.000338228
17.2523	44.2036	4.89401	0.000895974
15.7402	46.2515	4.94985	0.00147454
14.1489	44.3016	4.9485	0.000916131
18.7981	41.9596	0.233309	0.000551493
17.2523	44.2036	4.89401	0.000895974
15.6779	42.1556	4.87706	0.000583066
18.8268	46.2515	4.91735	0.00121857
15.7402	46.2515	4.94985	0.00147454
17.2523	44.2036	4.89401	0.000895974
21.7462	47.598	4.87549	0.0013352
18.8268	46.2515	4.91735	0.00121857
22.0142	44.8882	4.90355	0.00093102
21.7462	47.598	4.87549	0.0013352
18.9224	49.3292	4.84489	0.00200276
18.8268	46.2515	4.91735	0.00121857
15.6779	42.1556	4.87706	0.000583066
15.601	39.0202	0.243053	0.000349714
18.7981	41.9596	0.233309	0.000551493
18.8268	46.2515	4.91735	0.00121857
17.2523	44.2036	4.89401	0.000895974
18.7981	41.9596	0.233309	0.000551493
14.1489	44.3016	4.9485	0.000916131
12.6536	46.2515	4.97527	0.00135643
12.5577	42.3516	4.95294	0.000572492
15.6779	42.1556	4.87706	0.000583066
14.1489	44.3016	4.9485	0.000916131
12.5577	42.3516	4.95294	0.000572492
15.7402	46.2515	4.94985	0.00147454
12.6536	46.2515	4.97527	0.00135643
14.1489	44.3016	4.9485	0.000916131
12.7118	50.0843	4.97465	0.00408292
12.6536	46.2515	4.97527	0.00135643
15.8835	49.3292	4.94717	0.00302992
16.083	52.3495	4.88848	0.00756098
13.1107	52.3495	4.95956	0.00800778
15.8835	49.3292	4.94717	0.00302992
18.9224	49.3292	4.84489	0.00200276
16.083	52.3495	4.88848	0.00756098
15.8835	49.3292	4.94717	0.00302992
13.1107	52.3495	4.95956	0.00800778
10.6893	54.7417	4.93177	0.0142134
10.1383	52.3495	4.96945	0.00721033
15.8835	49.3292	4.94717	0.00302992
13.1107	52.3495	4.95956	0.00800778
12.7118	50.0843	4.97465	0.00408292
14.2198	55.2938	4.91034	0.0206408
10.6893	54.7417	4.93177	0.0142134
13.1107	52.3495	4.95956	0.00800778
17.0264	56.2438	4.85112	0.0305518
14.2198	55.2938	4.91034	0.0206408
16.083	52.3495	4.88848	0.00756098
17.2808	59.0298	4.76681	0.0780468
17.5295	61.7527	0.0932802	4.65635
15.0494	60.8826	0.113399	0.101472
17.0264	56.2438	4.85112	0.0305518
17.2808	59.0298	4.76681	0.0780468
14.6026	58.144	4.79755	0.0495283
17.0264	56.2438	4.85112	0.0305518
20.0518	56.4338	4.77837	0.0322545
17.2808	59.0298	4.76681	0.0780468
7.16598	52.3495	4.97307	0.00656756
8.05963	55.2938	4.93025	0.0161974
4.92487	55.4838	4.93483	0.0168189
6.76709	49.3292	4.98794	0.00270096
7.16598	52.3495	4.97307	0.00656756
4.19365	52.3495	4.9765	0.00609886
10.1383	52.3495	4.96945	0.00721033
8.05963	55.2938	4.93025	0.0161974
7.16598	52.3495	4.97307	0.00656756
12.7118	50.0843	4.97465	0.00408292
10.1383	52.3495	4.96945	0.00721033
9.70619	49.8955	4.98254	0.00348307
10.6893	54.7417	4.93177	0.0142134
8.05963	55.2938	4.93025	0.0161974
10.1383	52.3495	4.96945	0.00721033
12.5577	42.3516	4.95294	0.000572492
12.5	40	4.93203	0.00038385
15.6779	42.1556	4.87706	0.000583066
9.61019	45.6673	4.98752	0.00105906
12.5577	42.3516	4.95294	0.000572492
12.6536	46.2515	4.97527	0.00135643
9.61019	45.6673	4.98752	0.00105906
6.31731	42.7435	4.99287	0.000565304
9.4375	42.5475	4.98244	0.000581277
-3.10282e-28	40	4.99752	0.000390658
3.125	40	4.99654	0.000370929
3.19711	42.9395	4.99617	0.000581595
-3.10282e-28	40	4.99752	0.000390658
0.076922	36.8646	4.99785	0.000291603
3.125	40	4.99654	0.000370929
46.6062	46.2515	4.93201	0.000491069
46.2717	49.3292	4.95705	0.000867216
43.5196	46.2515	4.87289	0.000533831
43.6923	43.1354	0.23839	0.000357529
46.6062	46.2515	4.93201	0.000491069
43.5196	46.2515	4.87289	0.000533831
49.6928	46.2515	4.95636	0.000465702
49.3105	49.3292	4.9669	0.000778989
46.6062	46.2515	4.93201	0.000491069
27.4517	72.3429	0.00287162	0.0236848
25	72.3429	0.00293076	0.0293221
27.0253	69.2491	0.00688287	0.0554311
24.7277	76.3587	0.0011522	0.00986164
26.189	74.0896	0.00186169	0.0162885
27.2733	75.6267	0.00131938	0.0102382
24.7277	76.3587	0.0011522	0.00986164
23.0327	74.7883	0.00165851	0.0168385
26.189	74.0896	0.00186169	0.0162885
23.0339	79.8761	0.000846398	0.00660625
21.0802	79.5053	0.000953611	0.00765835
21.6827	78.0345	0.000992182	0.00820332
19.6759	76.9444	0.00122921	0.0100973
19.0551	74.0896	0.00223457	0.0206099
21.4331	74.0896	0.00204924	0.0217854
19.6759	76.9444	0.00122921	0.0100973
18.1801	75.6267	0.00171364	0.0138602
19.0551	74.0896	0.00223457	0.0206099
21.4331	74.0896	0.00204924	0.0217854
23.0327	74.7883	0.00165851	0.0168385
22.3999	76.5052	0.00120026	0.0109422
20.0967	72.3429	0.00339296	0.0383151
22.5483	72.3429	0.00316225	0.0390124
21.4331	74.0896	0.00204924	0.0217854
16.5527	73.7985	0.00265838	0.0191819
17.645	72.3429	0.00361377	0.0290395
19.0551	74.0896	0.00223457	0.0206099
19.193	69.7412	0.00734446	0.0729816
21.8037	69.5771	0.00712398	4.51041
20.0967	72.3429	0.00339296	0.0383151
21.8037	69.5771	0.00712398	4.51041
23.75	70.3973	0.0054144	0.059566
22.5483	72.3429	0.00316225	0.0390124
21.6827	78.0345	0.000992182	0.00820332
19.1515	78.89	0.00109019	0.00857883
19.6759	76.9444	0.00122921	0.0100973
22.3999	76.5052	0.00120026	0.0109422
19.6759	76.9444	0.00122921	0.0100973
21.4331	74.0896	0.00204924	0.0217854
22.3999	76.5052	0.00120026	0.0109422
21.6827	78.0345	0.000992182	0.00820332
19.6759	76.9444	0.00122921	0.0100973
24.7277	76.3587	0.0011522	0.00986164
22.3999	76.5052	0.00120026	0.0109422
23.0327	74.7883	0.00165851	0.0168385
24.7277	76.3587	0.0011522	0.00986164
24.9752	78.5234	0.00086916	0.00663413
23.329	78.279	0.000917171	0.00740672
21.0802	79.5053	0.000953611	0.00765835
19.1515	78.89	0.00109019	0.00857883
21.6827	78.0345	0.000992182	0.00820332
25	80	0.000827271	0.00617566
24.9752	78.5234	0.00086916	0.00663413
26.9661	79.8761	0.000814491	0.00565365
19.6759	76.9444	0.00122921	0.0100973
19.1515	78.89	0.00109019	0.00857883
17.2597	78.0345	0.00134826	0.0101292
28.3173	78.0345	0.000923641	0.00623373
30.8485	78.89	0.00100244	0.00609234
28.9198	79.5053	0.000890411	0.00582635
18.1801	75.6267	0.00171364	0.0138602
19.6759	76.9444	0.00122921	0.0100973
17.2597	78.0345	0.00134826	0.0101292
15.4167	76.9444	0.00173355	0.0118903
18.1801	75.6267	0.00171364	0.0138602
17.2597	78.0345	0.00134826	0.0101292
23.0327	74.7883	0.00165851	0.0168385
21.4331	74.0896	0.00204924	0.0217854
22.5483	72.3429	0.00316225	0.0390124
15.4167	76.9444	0.00173355	0.0118903
16.5527	73.7985	0.00265838	0.0191819
18.1801	75.6267	0.00171364	0.0138602
20.0967	72.3429	0.00339296	0.0383151
21.8037	69.5771	0.00712398	4.51041
22.5483	72.3429	0.00316225	0.0390124
15.4167	76.9444	0.00173355	0.0118903
13.6336	75.6267	0.00262096	0.0164405
14.237	73.9441	0.00304255	0.0190326
29.3832	76.0659	0.00124194	0.00843983
31.3712	77.1646	0.00117162	0.00704743
28.3173	78.0345	0.000923641	0.00623373
31.9219	75.3472	0.00154071	0.00926493
34.5833	76.9444	0.00150481	0.00796447
32.7403	78.0345	0.00118223	0.00673883
14.237	73.9441	0.00304255	0.0190326
11.9212	74.0896	0.00381354	0.0221113
12.7417	72.3429	0.00455321	0.0261879
11.25	70.3973	0.00741958	0.0409007
12.7417	72.3429	0.00455321	0.0261879
10.2901	72.3429	0.00600512	0.0332164
17.645	72.3429	0.00361377	0.0290395
16.5527	73.7985	0.00265838	0.0191819
15.1934	72.3429	0.00392132	0.0252866
19.193	69.7412	0.00734446	0.0729816
17.645	72.3429	0.00361377	0.0290395
16.25	70.3973	0.00597653	0.0405409
20.0967	72.3429	0.00339296	0.0383151
19.0551	74.0896	0.00223457	0.0206099
17.645	72.3429	0.00361377	0.0290395
19.0551	74.0896	0.00223457	0.0206099
18.1801	75.6267	0.00171364	0.0138602
16.5527	73.7985	0.00265838	0.0191819
32.355	72.3429	0.00293433	0.0183308
34.8066	72.3429	0.00329463	0.0173023
33.3228	74.0896	0.00207435	0.011714
33.3228	74.0896	0.00207435	0.011714
31.9219	75.3472	0.00154071	0.00926493
30.9297	73.8705	0.00198832	0.0132456
35.7008	74.0896	0.00250372	0.0125178
33.3228	74.0896	0.00207435	0.011714
34.8066	72.3429	0.00329463	0.0173023
34.5833	76.9444	0.00150481	0.00796447
31.9219	75.3472	0.00154071	0.00926493
33.3228	74.0896	0.00207435	0.011714
17.4187	68.2649	0.0107629	0.0804884
14.8915	68.2649	0.00905844	0.0557447
16.8484	65.9587	0.0200389	2.95239
16.25	70.3973	0.00597653	0.0405409
13.513	70.6966	0.00571288	0.0330486
14.8915	68.2649	0.00905844	0.0557447
19.193	69.7412	0.00734446	0.0729816
16.25	70.3973	0.00597653	0.0405409
17.4187	68.2649	0.0107629	0.0804884
15.1934	72.3429	0.00392132	0.0252866
14.237	73.9441	0.00304255	0.0190326
12.7417	72.3429	0.00455321	0.0261879
17.645	72.3429	0.00361377	0.0290395
15.1934	72.3429	0.00392132	0.0252866
16.25	70.3973	0.00597653	0.0405409
16.5527	73.7985	0.00265838	0.0191819
14.237	73.9441	0.00304255	0.0190326
15.1934	72.3429	0.00392132	0.0252866
12.7417	72.3429	0.00455321	0.0261879
11.25	70.3973	0.00741958	0.0409007
13.513	70.6966	0.00571288	0.0330486
8.74996	70.3973	0.0101138	0.0557591
11.25	70.3973	0.00741958	0.0409007
10.2901	72.3429	0.00600512	0.0332164
12.3644	68.2649	0.00993928	0.0551655
13.846	66.4528	0.016527	0.0768216
14.8915	68.2649	0.00905844	0.0557447
9.83732	68.2649	0.0135	0.0798896
12.3644	68.2649	0.00993928	0.0551655
11.25	70.3973	0.00741958	0.0409007
9.83732	68.2649	0.0135	0.0798896
11.414	65.9587	0.0215671	2.71117
12.3644	68.2649	0.00993928	0.0551655
9.83732	68.2649	0.0135	0.0798896
11.25	70.3973	0.00741958	0.0409007
8.74996	70.3973	0.0101138	0.0557591
14.8915	68.2649	0.00905844	0.0557447
13.513	70.6966	0.00571288	0.0330486
12.3644	68.2649	0.00993928	0.0551655
15.1934	72.3429	0.00392132	0.0252866
12.7417	72.3429	0.00455321	0.0261879
13.513	70.6966	0.00571288	0.0330486
15.4167	76.9444	0.00173355	0.0118903
14.237	73.9441	0.00304255	0.0190326
16.5527	73.7985	0.00265838	0.0191819
13.6336	75.6267	0.00262096	0.0164405
11.9212	74.0896	0.00381354	0.0221113
14.237	73.9441	0.00304255	0.0190326
11.9212	74.0896	0.00381354	0.0221113
10.2901	72.3429	0.00600512	0.0332164
12.7417	72.3429	0.00455321	0.0261879
7.31021	68.2649	0.0183094	0.10771
9.83732	68.2649	0.0135	0.0798896
8.74996	70.3973	0.0101138	0.0557591
7.31021	68.2649	0.0183094	0.10771
5.97957	65.9587	0.0357393	4.64108
8.78345	65.7825	0.028745	4.60276
28.3173	78.0345	0.000923641	0.00623373
28.9198	79.5053	0.000890411	0.00582635
26.9661	79.8761	0.000814491	0.00565365
31.3712	77.1646	0.00117162	0.00704743
31.9219	75.3472	0.00154071	0.00926493
32.7403	78.0345	0.00118223	0.00673883
28.3173	78.0345	0.000923641	0.00623373
31.3712	77.1646	0.00117162	0.00704743
30.8485	78.89	0.00100244	0.00609234
29.3832	76.0659	0.00124194	0.00843983
31.9219	75.3472	0.00154071	0.00926493
31.3712	77.1646	0.00117162	0.00704743
27.2733	75.6267	0.00131938	0.0102382
29.3832	76.0659	0.00124194	0.00843983
28.3173	78.0345	0.000923641	0.00623373
28.5669	74.0896	0.00184527	0.0139388
29.9033	72.3429	0.00284659	0.021267
30.9297	73.8705	0.00198832	0.0132456
27.2733	75.6267	0.00131938	0.0102382
28.5669	74.0896	0.00184527	0.0139388
29.3832	76.0659	0.00124194	0.00843983
27.2733	75.6267	0.00131938	0.0102382
26.189	74.0896	0.00186169	0.0162885
28.5669	74.0896	0.00184527	0.0139388
26.2439	77.6257	0.000949774	0.00714359
27.2733	75.6267	0.00131938	0.0102382
28.3173	78.0345	0.000923641	0.00623373
26.9661	79.8761	0.000814491	0.00565365
26.2439	77.6257	0.000949774	0.00714359
28.3173	78.0345	0.000923641	0.00623373
24.9752	78.5234	0.00086916	0.00663413
24.7277	76.3587	0.0011522	0.00986164
26.2439	77.6257	0.000949774	0.00714359
31.0572	70.658	0.00441305	0.0328255
30.0542	68.2649	0.00884139	4.39996
32.2468	68.921	0.00704663	0.0444929
31.0572	70.658	0.00441305	0.0328255
28.75	70.3973	0.00490514	0.0401883
30.0542	68.2649	0.00884139	4.39996
33.75	70.3973	0.00500759	0.0267901
31.0572	70.658	0.00441305	0.0328255
32.2468	68.921	0.00704663	0.0444929
29.9033	72.3429	0.00284659	0.021267
28.75	70.3973	0.00490514	0.0401883
31.0572	70.658	0.00441305	0.0328255
30.9297	73.8705	0.00198832	0.0132456
29.9033	72.3429	0.00284659	0.021267
32.355	72.3429	0.00293433	0.0183308
33.3228	74.0896	0.00207435	0.011714
30.9297	73.8705	0.00198832	0.0132456
32.355	72.3429	0.00293433	0.0183308
31.9219	75.3472	0.00154071	0.00926493
29.3832	76.0659	0.00124194	0.00843983
30.9297	73.8705	0.00198832	0.0132456
28.5669	74.0896	0.00184527	0.0139388
26.189	74.0896	0.00186169	0.0162885
27.4517	72.3429	0.00287162	0.0236848
25	72.3429	0.00293076	0.0293221
23.75	70.3973	0.0054144	0.059566
27.0253	69.2491	0.00688287	0.0554311
26.9661	79.8761	0.000814491	0.00565365
24.9752	78.5234	0.00086916	0.00663413
26.2439	77.6257	0.000949774	0.00714359
27.0253	69.2491	0.00688287	0.0554311
24.3347	67.1118	0.014356	0.113603
26.9568	67.2765	0.0124748	0.0818842
19.0904	66.7823	0.017869	0.130025
19.999	65.078	0.0325293	4.68094
22.2828	65.9587	0.0219855	4.66436
17.4187	68.2649	0.0107629	0.0804884
19.0904	66.7823	0.017869	0.130025
19.193	69.7412	0.00734446	0.0729816
17.4187	68.2649	0.0107629	0.0804884
16.8484	65.9587	0.0200389	2.95239
19.0904	66.7823	0.017869	0.130025
27.4517	72.3429	0.00287162	0.0236848
28.75	70.3973	0.00490514	0.0401883
29.9033	72.3429	0.00284659	0.021267
28.5669	74.0896	0.00184527	0.0139388
27.4517	72.3429	0.00287162	0.0236848
29.9033	72.3429	0.00284659	0.021267
26.189	74.0896	0.00186169	0.0162885
25	72.3429	0.00293076	0.0293221
27.4517	72.3429	0.00287162	0.0236848
27.0253	69.2491	0.00688287	0.0554311
26.9568	67.2765	0.0124748	0.0818842
30.0542	68.2649	0.00884139	4.39996
27.4517	72.3429	0.00287162	0.0236848
27.0253	69.2491	0.00688287	0.0554311
28.75	70.3973	0.00490514	0.0401883
23.75	70.3973	0.0054144	0.059566
24.3347	67.1118	0.014356	0.113603
27.0253	69.2491	0.00688287	0.0554311
34.8233	67.7707	0.0108222	0.0463734
37.4455	67.9354	0.0120804	4.34189
36.25	70.3973	0.0057512	0.0300681
31.3712	77.1646	0.00117162	0.00704743
32.7403	78.0345	0.00118223	0.00673883
30.8485	78.89	0.00100244	0.00609234
23.329	78.279	0.000917171	0.00740672
22.3999	76.5052	0.00120026	0.0109422
24.7277	76.3587	0.0011522	0.00986164
23.0339	79.8761	0.000846398	0.00660625
23.329	78.279	0.000917171	0.00740672
24.9752	78.5234	0.00086916	0.00663413
21.6827	78.0345	0.000992182	0.00820332
22.3999	76.5052	0.00120026	0.0109422
23.329	78.279	0.000917171	0.00740672
21.6827	78.0345	0.000992182	0.00820332
23.329	78.279	0.000917171	0.00740672
23.0339	79.8761	0.000846398	0.00660625
25	72.3429	0.00293076	0.0293221
26.189	74.0896	0.00186169	0.0162885
23.0327	74.7883	0.00165851	0.0168385
27.2733	75.6267	0.00131938	0.0102382
26.2439	77.6257	0.000949774	0.00714359
24.7277	76.3587	0.0011522	0.00986164
25	80	0.000827271	0.00617566
23.0339	79.8761	0.000846398	0.00660625
24.9752	78.5234	0.00086916	0.00663413
35.7008	74.0896	0.00250372	0.0125178
37.3942	72.4885	0.00396748	0.0184253
38.0788	74.0896	0.00331133	0.015216
34.5833	76.9444	0.00150481	0.00796447
35.7008	74.0896	0.00250372	0.0125178
36.3664	75.6267	0.0022306	0.0110792
34.8066	72.3429	0.00329463	0.0173023
37.3942	72.4885	0.00396748	0.0184253
35.7008	74.0896	0.00250372	0.0125178
34.5833	76.9444	0.00150481	0.00796447
33.3228	74.0896	0.00207435	0.011714
35.7008	74.0896	0.00250372	0.0125178
33.75	70.3973	0.00500759	0.0267901
36.25	70.3973	0.0057512	0.0300681
34.8066	72.3429	0.00329463	0.0173023
35.7008	74.0896	0.00250372	0.0125178
38.0788	74.0896	0.00331133	0.015216
36.3664	75.6267	0.0022306	0.0110792
37.4455	67.9354	0.0120804	4.34189
38.75	70.3973	0.00705986	0.0300459
36.25	70.3973	0.0057512	0.0300681
39.7099	72.3429	0.00541546	0.0218528
38.0788	74.0896	0.00331133	0.015216
37.3942	72.4885	0.00396748	0.0184253
36.25	70.3973	0.0057512	0.0300681
33.75	70.3973	0.00500759	0.0267901
34.8233	67.7707	0.0108222	0.0463734
37.3942	72.4885	0.00396748	0.0184253
36.25	70.3973	0.0057512	0.0300681
38.75	70.3973	0.00705986	0.0300459
37.3942	72.4885	0.00396748	0.0184253
34.8066	72.3429	0.00329463	0.0173023
36.25	70.3973	0.0057512	0.0300681
15.5575	63.4929	0.053709	4.61012
16.8484	65.9587	0.0200389	2.95239
13.846	66.4528	0.016527	0.0768216
11.414	65.9587	0.0215671	2.71117
12.8597	63.4929	0.0462348	0.101733
13.846	66.4528	0.016527	0.0768216
15.0494	60.8826	0.113399	0.101472
17.5295	61.7527	0.0932802	4.65635
15.5575	63.4929	0.053709	4.61012
15.5575	63.4929	0.053709	4.61012
17.5295	61.7527	0.0932802	4.65635
16.8484	65.9587	0.0200389	2.95239
11.6319	58.144	3.1352	0.0353696
14.6026	58.144	4.79755	0.0495283
12.3979	60.3349	0.0998786	2.38206
14.6026	58.144	4.79755	0.0495283
17.2808	59.0298	4.76681	0.0780468
15.0494	60.8826	0.113399	0.101472
20.363	63.0044	0.0653037	4.68433
19.999	65.078	0.0325293	4.68094
17.5295	61.7527	0.0932802	4.65635
20.7355	60.8826	0.123829	4.60392
20.363	63.0044	0.0653037	4.68433
17.5295	61.7527	0.0932802	4.65635
20.7355	60.8826	0.123829	4.60392
23.0704	62.1007	0.0805874	0.136706
20.363	63.0044	0.0653037	4.68433
11.6319	58.144	3.1352	0.0353696
10.6893	54.7417	4.93177	0.0142134
14.2198	55.2938	4.91034	0.0206408
9.3634	60.8826	0.109317	0.0740284
11.6319	58.144	3.1352	0.0353696
12.3979	60.3349	0.0998786	2.38206
8.66123	58.144	4.80791	0.0356528
10.6893	54.7417	4.93177	0.0142134
11.6319	58.144	3.1352	0.0353696
5.69054	58.144	4.83419	0.0401362
4.92487	55.4838	4.93483	0.0168189
8.05963	55.2938	4.93025	0.0161974
6.4478	61.0566	0.122142	0.081365
5.69054	58.144	4.83419	0.0401362
8.66123	58.144	4.80791	0.0356528
3.67737	60.8826	0.152923	4.45343
2.71986	58.144	4.8675	0.0376255
5.69054	58.144	4.83419	0.0401362
36.8222	64.0212	0.0360183	0.0476849
39.6261	63.8451	0.0438414	0.0404507
38.586	65.9587	0.0222116	0.0441409
34.1521	62.7968	0.0467542	4.44231
36.8222	64.0212	0.0360183	0.0476849
35.8688	65.9587	0.0189994	0.0531922
37.7936	60.8826	0.104488	0.0278165
39.6261	63.8451	0.0438414	0.0404507
36.8222	64.0212	0.0360183	0.0476849
38.75	70.3973	0.00705986	0.0300459
40.1627	68.2649	0.0133296	0.0371538
41.25	70.3973	0.00944828	0.0269973
37.3942	72.4885	0.00396748	0.0184253
38.75	70.3973	0.00705986	0.0300459
39.7099	72.3429	0.00541546	0.0218528
37.4455	67.9354	0.0120804	4.34189
40.1627	68.2649	0.0133296	0.0371538
38.75	70.3973	0.00705986	0.0300459
35.8688	65.9587	0.0189994	0.0531922
37.4455	67.9354	0.0120804	4.34189
34.8233	67.7707	0.0108222	0.0463734
33.1516	65.9587	0.0167846	0.064696
35.8688	65.9587	0.0189994	0.0531922
34.8233	67.7707	0.0108222	0.0463734
34.1521	62.7968	0.0467542	4.44231
34.9506	60.8826	0.0836571	0.0518341
36.8222	64.0212	0.0360183	0.0476849
38.75	70.3973	0.00705986	0.0300459
41.25	70.3973	0.00944828	0.0269973
39.7099	72.3429	0.00541546	0.0218528
38.586	65.9587	0.0222116	0.0441409
40.1627	68.2649	0.0133296	0.0371538
37.4455	67.9354	0.0120804	4.34189
41.3032	65.9587	0.0263835	0.0419005
42.6898	68.2649	0.0174669	0.0335825
40.1627	68.2649	0.0133296	0.0371538
41.3032	65.9587	0.0263835	0.0419005
44.0204	65.9587	0.0339222	0.0476549
42.6898	68.2649	0.0174669	0.0335825
41.25	70.3973	0.00944828	0.0269973
40.1627	68.2649	0.0133296	0.0371538
42.6898	68.2649	0.0174669	0.0335825
36.8222	64.0212	0.0360183	0.0476849
34.9506	60.8826	0.0836571	0.0518341
37.7936	60.8826	0.104488	0.0278165
2.71986	58.144	4.8675	0.0376255
4.92487	55.4838	4.93483	0.0168189
5.69054	58.144	4.83419	0.0401362
8.66123	58.144	4.80791	0.0356528
8.05963	55.2938	4.93025	0.0161974
10.6893	54.7417	4.93177	0.0142134
6.4478	61.0566	0.122142	0.081365
8.66123	58.144	4.80791	0.0356528
9.3634	60.8826	0.109317	0.0740284
5.69054	58.144	4.83419	0.0401362
8.05963	55.2938	4.93025	0.0161974
8.66123	58.144	4.80791	0.0356528
1.8995	55.2938	4.95016	0.0137008
4.92487	55.4838	4.93483	0.0168189
2.71986	58.144	4.8675	0.0376255
1.8995	55.2938	4.95016	0.0137008
1.22131	52.3495	4.98013	0.00535053
4.19365	52.3495	4.9765	0.00609886
41.3032	65.9587	0.0263835	0.0419005
42.43	63.669	0.0536449	4.34751
44.0204	65.9587	0.0339222	0.0476549
43.4796	60.8826	0.123485	0.0285773
40.6366	60.8826	0.115091	0.028703
41.4664	58.5091	4.78827	0.0136782
45.2338	63.4929	0.0689049	0.0439287
43.4796	60.8826	0.123485	0.0285773
46.3226	60.8826	0.145835	0.0197801
42.43	63.669	0.0536449	4.34751
40.6366	60.8826	0.115091	0.028703
43.4796	60.8826	0.123485	0.0285773
41.4664	58.5091	4.78827	0.0136782
38.5596	58.6917	4.75485	0.016308
38.8603	55.2938	4.8895	0.00625283
46.3226	60.8826	0.145835	0.0197801
43.4796	60.8826	0.123485	0.0285773
44.2548	57.954	4.83258	0.010052
42.43	63.669	0.0536449	4.34751
39.6261	63.8451	0.0438414	0.0404507
40.6366	60.8826	0.115091	0.028703
44.0204	65.9587	0.0339222	0.0476549
42.43	63.669	0.0536449	4.34751
45.2338	63.4929	0.0689049	0.0439287
36.8222	64.0212	0.0360183	0.0476849
38.586	65.9587	0.0222116	0.0441409
35.8688	65.9587	0.0189994	0.0531922
40.6366	60.8826	0.115091	0.028703
39.6261	63.8451	0.0438414	0.0404507
37.7936	60.8826	0.104488	0.0278165
38.586	65.9587	0.0222116	0.0441409
37.4455	67.9354	0.0120804	4.34189
35.8688	65.9587	0.0189994	0.0531922
41.3032	65.9587	0.0263835	0.0419005
38.586	65.9587	0.0222116	0.0441409
39.6261	63.8451	0.0438414	0.0404507
41.3032	65.9587	0.0263835	0.0419005
40.1627	68.2649	0.0133296	0.0371538
38.586	65.9587	0.0222116	0.0441409
32.2468	68.921	0.00704663	0.0444929
30.4344	65.9587	0.0163442	0.0763056
33.1516	65.9587	0.0167846	0.064696
21.7285	50.6506	0.166057	0.00243076
19.0553	52.3495	0.162296	0.00545793
18.9224	49.3292	4.84489	0.00200276
21.7462	47.598	4.87549	0.0013352
21.7285	50.6506	0.166057	0.00243076
18.9224	49.3292	4.84489	0.00200276
15.8835	49.3292	4.94717	0.00302992
18.8268	46.2515	4.91735	0.00121857
18.9224	49.3292	4.84489	0.00200276
22.0142	44.8882	4.90355	0.00093102
25	46.2515	4.92517	0.00123629
21.7462	47.598	4.87549	0.0013352
24.7341	50.8393	4.80855	0.00355052
22.4091	54.0056	0.125404	0.0109289
21.7285	50.6506	0.166057	0.00243076
26.54	55.2938	0.202714	0.0202481
26.4853	58.144	4.71013	0.0516787
23.0771	56.6239	4.75061	0.0314537
30.9447	52.3495	4.86003	0.0058899
29.6201	55.2938	4.79068	0.0154727
27.9723	52.3495	4.84998	0.00684519
26.4853	58.144	4.71013	0.0516787
26.4215	60.8826	0.0961126	4.53098
24.0253	59.6046	4.68729	0.0808203
29.6201	55.2938	4.79068	0.0154727
26.4853	58.144	4.71013	0.0516787
26.54	55.2938	0.202714	0.0202481
29.6201	55.2938	4.79068	0.0154727
32.1533	57.1939	0.166275	0.0256204
29.839	59.2394	0.111842	0.0567176
17.2808	59.0298	4.76681	0.0780468
20.7355	60.8826	0.123829	4.60392
17.5295	61.7527	0.0932802	4.65635
23.0771	56.6239	4.75061	0.0314537
20.3936	58.6582	4.75811	0.0735193
20.0518	56.4338	4.77837	0.0322545
23.0771	56.6239	4.75061	0.0314537
24.0253	59.6046	4.68729	0.0808203
20.3936	58.6582	4.75811	0.0735193
39.0601	41.8598	0.182679	0.000354312
37.5191	43.9145	0.14273	0.000472524
37.5	40	4.78018	0.000276932
40.625	40	0.221875	0.000273981
39.0601	41.8598	0.182679	0.000354312
37.5	40	4.78018	0.000276932
40.6201	43.7197	0.185353	0.000408575
37.5191	43.9145	0.14273	0.000472524
39.0601	41.8598	0.182679	0.000354312
40.6201	43.7197	0.185353	0.000408575
40.433	46.2515	4.79396	0.000591787
37.5191	43.9145	0.14273	0.000472524
43.6923	43.1354	0.23839	0.000357529
40.6201	43.7197	0.185353	0.000408575
40.625	40	0.221875	0.000273981
43.6923	43.1354	0.23839	0.000357529
43.5196	46.2515	4.87289	0.000533831
40.6201	43.7197	0.185353	0.000408575
46.8798	40.196	4.9344	0.000281956
43.6923	43.1354	0.23839	0.000357529
43.75	40	4.86572	0.000266716
46.8077	43.1354	4.91116	0.000342879
49.6928	46.2515	4.95636	0.000465702
46.6062	46.2515	4.93201	0.000491069
37.5	40	4.78018	0.000276932
34.399	40.9798	0.166129	0.000353064
34.3221	37.8444	4.83753	0.000250189
40.5769	36.8646	4.91221	0.00023698
37.5	40	4.78018	0.000276932
37.4615	36.8646	4.90784	0.000237621
40.625	40	0.221875	0.000273981
40.6201	43.7197	0.185353	0.000408575
39.0601	41.8598	0.182679	0.000354312
40.1224	48.7521	4.85597	0.000987184
37.0597	48.5598	0.198045	0.00126182
37.3464	46.2515	0.15967	0.000729445
34.1165	49.3292	0.204822	0.0018222
36.7564	51.5944	4.84817	0.00270406
34.1289	53.2696	4.84515	0.00594619
31.1732	46.2515	4.77957	0.0010899
34.1165	49.3292	0.204822	0.0018222
31.0776	49.3292	4.84201	0.00251558
28.0866	46.2515	4.8915	0.00121678
31.1732	46.2515	4.77957	0.0010899
31.0776	49.3292	4.84201	0.00251558
34.3294	43.6157	0.131763	0.000516067
34.399	40.9798	0.166129	0.000353064
37.5191	43.9145	0.14273	0.000472524
31.1732	46.2515	4.77957	0.0010899
31.226	43.7137	0.184722	0.000601904
34.2598	46.2515	0.150672	0.000874594
31.2788	41.1758	0.177397	0.000388808
34.399	40.9798	0.166129	0.000353064
34.3294	43.6157	0.131763	0.000516067
37.0597	48.5598	0.198045	0.00126182
36.7564	51.5944	4.84817	0.00270406
34.1165	49.3292	0.204822	0.0018222
37.3464	46.2515	0.15967	0.000729445
37.0597	48.5598	0.198045	0.00126182
34.2598	46.2515	0.150672	0.000874594
40.433	46.2515	4.79396	0.000591787
37.3464	46.2515	0.15967	0.000729445
37.5191	43.9145	0.14273	0.000472524
40.433	46.2515	4.79396	0.000591787
40.1224	48.7521	4.85597	0.000987184
37.3464	46.2515	0.15967	0.000729445
40.1224	48.7521	4.85597	0.000987184
36.7564	51.5944	4.84817	0.00270406
37.0597	48.5598	0.198045	0.00126182
46.2717	49.3292	4.95705	0.000867216
45.8487	52.5335	4.95773	0.00190326
43.2329	49.3292	4.92866	0.000996192
34.1165	49.3292	0.204822	0.0018222
34.1289	53.2696	4.84515	0.00594619
30.9447	52.3495	4.86003	0.0058899
7.464	63.4929	0.0588551	4.58856
8.78345	65.7825	0.028745	4.60276
5.97957	65.9587	0.0357393	4.64108
6.4478	61.0566	0.122142	0.081365
7.464	63.4929	0.0588551	4.58856
4.76616	63.4929	0.0711327	0.116056
6.4478	61.0566	0.122142	0.081365
9.3634	60.8826	0.109317	0.0740284
7.464	63.4929	0.0588551	4.58856
12.3979	60.3349	0.0998786	2.38206
10.1618	63.4929	0.0488912	0.106318
9.3634	60.8826	0.109317	0.0740284
12.8597	63.4929	0.0462348	0.101733
15.0494	60.8826	0.113399	0.101472
15.5575	63.4929	0.053709	4.61012
12.3644	68.2649	0.00993928	0.0551655
13.513	70.6966	0.00571288	0.0330486
11.25	70.3973	0.00741958	0.0409007
16.8484	65.9587	0.0200389	2.95239
14.8915	68.2649	0.00905844	0.0557447
13.846	66.4528	0.016527	0.0768216
17.4187	68.2649	0.0107629	0.0804884
16.25	70.3973	0.00597653	0.0405409
14.8915	68.2649	0.00905844	0.0557447
19.999	65.078	0.0325293	4.68094
19.0904	66.7823	0.017869	0.130025
16.8484	65.9587	0.0200389	2.95239
19.193	69.7412	0.00734446	0.0729816
20.0967	72.3429	0.00339296	0.0383151
17.645	72.3429	0.00361377	0.0290395
9.83732	68.2649	0.0135	0.0798896
8.78345	65.7825	0.028745	4.60276
11.414	65.9587	0.0215671	2.71117
6.48041	46.2515	4.99227	0.00121731
3.72828	49.3292	4.99011	0.0024939
3.39381	46.2515	4.99485	0.00112676
9.70619	49.8955	4.98254	0.00348307
6.76709	49.3292	4.98794	0.00270096
9.61019	45.6673	4.98752	0.00105906
9.70619	49.8955	4.98254	0.00348307
10.1383	52.3495	4.96945	0.00721033
7.16598	52.3495	4.97307	0.00656756
13.1107	52.3495	4.95956	0.00800778
10.1383	52.3495	4.96945	0.00721033
12.7118	50.0843	4.97465	0.00408292
4.19365	52.3495	4.9765	0.00609886
3.72828	49.3292	4.99011	0.0024939
6.76709	49.3292	4.98794	0.00270096
1.8995	55.2938	4.95016	0.0137008
4.19365	52.3495	4.9765	0.00609886
4.92487	55.4838	4.93483	0.0168189
1.22131	52.3495	4.98013	0.00535053
3.72828	49.3292	4.99011	0.0024939
4.19365	52.3495	4.9765	0.00609886
22.2828	65.9587	0.0219855	4.66436
23.0704	62.1007	0.0805874	0.136706
25.6067	64.7258	0.0292684	4.60442
21.8037	69.5771	0.00712398	4.51041
22.2828	65.9587	0.0219855	4.66436
24.3347	67.1118	0.014356	0.113603
19.999	65.078	0.0325293	4.68094
20.363	63.0044	0.0653037	4.68433
22.2828	65.9587	0.0219855	4.66436
21.8037	69.5771	0.00712398	4.51041
19.193	69.7412	0.00734446	0.0729816
19.0904	66.7823	0.017869	0.130025
16.8484	65.9587	0.0200389	2.95239
17.5295	61.7527	0.0932802	4.65635
19.999	65.078	0.0325293	4.68094
22.2828	65.9587	0.0219855	4.66436
20.363	63.0044	0.0653037	4.68433
23.0704	62.1007	0.0805874	0.136706
16.25	70.3973	0.00597653	0.0405409
15.1934	72.3429	0.00392132	0.0252866
13.513	70.6966	0.00571288	0.0330486
7.464	63.4929	0.0588551	4.58856
10.1618	63.4929	0.0488912	0.106318
8.78345	65.7825	0.028745	4.60276
20.0518	56.4338	4.77837	0.0322545
19.0553	52.3495	0.162296	0.00545793
22.4091	54.0056	0.125404	0.0109289
20.3936	58.6582	4.75811	0.0735193
17.2808	59.0298	4.76681	0.0780468
20.0518	56.4338	4.77837	0.0322545
15.0494	60.8826	0.113399	0.101472
12.8597	63.4929	0.0462348	0.101733
12.3979	60.3349	0.0998786	2.38206
9.3634	60.8826	0.109317	0.0740284
8.66123	58.144	4.80791	0.0356528
11.6319	58.144	3.1352	0.0353696
9.70619	49.8955	4.98254	0.00348307
7.16598	52.3495	4.97307	0.00656756
6.76709	49.3292	4.98794	0.00270096
13.1107	52.3495	4.95956	0.00800778
16.083	52.3495	4.88848	0.00756098
14.2198	55.2938	4.91034	0.0206408
23.0771	56.6239	4.75061	0.0314537
22.4091	54.0056	0.125404	0.0109289
26.54	55.2938	0.202714	0.0202481
20.7355	60.8826	0.123829	4.60392
20.3936	58.6582	4.75811	0.0735193
24.0253	59.6046	4.68729	0.0808203
20.0518	56.4338	4.77837	0.0322545
22.4091	54.0056	0.125404	0.0109289
23.0771	56.6239	4.75061	0.0314537
20.7355	60.8826	0.123829	4.60392
17.2808	59.0298	4.76681	0.0780468
20.3936	58.6582	4.75811	0.0735193
17.0264	56.2438	4.85112	0.0305518
19.0553	52.3495	0.162296	0.00545793
20.0518	56.4338	4.77837	0.0322545
6.30769	36.8646	4.99246	0.000293717
6.24038	39.6081	4.99221	0.000358625
3.19231	36.8646	4.99684	0.000292982
9.49534	33.1714	4.98736	0.000253196
9.42308	36.8646	4.97917	0.000296225
6.43263	33.3637	4.99487	0.000254997
6.31731	42.7435	4.99287	0.000565304
3.125	40	4.99654	0.000370929
6.24038	39.6081	4.99221	0.000358625
9.4375	42.5475	4.98244	0.000581277
12.5	40	4.93203	0.00038385
12.5577	42.3516	4.95294	0.000572492
6.30769	36.8646	4.99246	0.000293717
9.36058	39.4121	4.97828	0.000361865
6.24038	39.6081	4.99221	0.000358625
9.42308	36.8646	4.97917	0.000296225
12.5385	36.8646	4.93781	0.000293937
9.36058	39.4121	4.97828	0.000361865
15.8122	34.7222	4.90279	0.000258284
12.5385	36.8646	4.93781	0.000293937
12.7112	34.5275	4.96019	0.000261947
9.4375	42.5475	4.98244	0.000581277
12.5577	42.3516	4.95294	0.000572492
9.61019	45.6673	4.98752	0.00105906
6.24038	39.6081	4.99221	0.000358625
9.4375	42.5475	4.98244	0.000581277
6.31731	42.7435	4.99287	0.000565304
9.36058	39.4121	4.97828	0.000361865
12.5	40	4.93203	0.00038385
9.4375	42.5475	4.98244	0.000581277
15.601	39.0202	0.243053	0.000349714
12.5	40	4.93203	0.00038385
12.5385	36.8646	4.93781	0.000293937
15.601	39.0202	0.243053	0.000349714
15.6779	42.1556	4.87706	0.000583066
12.5	40	4.93203	0.00038385
6.48041	46.2515	4.99227	0.00121731
6.76709	49.3292	4.98794	0.00270096
3.72828	49.3292	4.99011	0.0024939
6.31731	42.7435	4.99287	0.000565304
6.48041	46.2515	4.99227	0.00121731
3.39381	46.2515	4.99485	0.00112676
9.61019	45.6673	4.98752	0.00105906
6.76709	49.3292	4.98794	0.00270096
6.48041	46.2515	4.99227	0.00121731
12.7118	50.0843	4.97465	0.00408292
9.70619	49.8955	4.98254	0.00348307
11.1799	48.0735	4.98155	0.00235089
3.19711	42.9395	4.99617	0.000581595
0.076922	43.1354	4.99684	0.000603339
-3.10282e-28	40	4.99752	0.000390658
6.31731	42.7435	4.99287	0.000565304
3.19711	42.9395	4.99617	0.000581595
3.125	40	4.99654	0.000370929
3.39381	46.2515	4.99485	0.00112676
0.307214	46.2515	4.99563	0.00106025
3.19711	42.9395	4.99617	0.000581595
45.0204	55.2938	4.92631	0.00430077
41.9404	55.2938	4.91072	0.00518779
42.834	52.3495	4.94262	0.00216328
48.1005	55.2938	4.93985	0.00343237
45.0204	55.2938	4.92631	0.00430077
45.8487	52.5335	4.95773	0.00190326
44.2548	57.954	4.83258	0.010052
41.9404	55.2938	4.91072	0.00518779
45.0204	55.2938	4.92631	0.00430077
46.3226	60.8826	0.145835	0.0197801
44.2548	57.954	4.83258	0.010052
47.2801	58.144	4.85804	0.00806106
41.4664	58.5091	4.78827	0.0136782
38.8603	55.2938	4.8895	0.00625283
41.9404	55.2938	4.91072	0.00518779
27.9723	52.3495	4.84998	0.00684519
28.0388	49.3292	4.89746	0.00279364
30.9447	52.3495	4.86003	0.0058899
19.0553	52.3495	0.162296	0.00545793
21.7285	50.6506	0.166057	0.00243076
22.4091	54.0056	0.125404	0.0109289
25	46.2515	4.92517	0.00123629
28.0388	49.3292	4.89746	0.00279364
24.7341	50.8393	4.80855	0.00355052
21.7285	50.6506	0.166057	0.00243076
21.7462	47.598	4.87549	0.0013352
24.7341	50.8393	4.80855	0.00355052
15.6779	42.1556	4.87706	0.000583066
17.2523	44.2036	4.89401	0.000895974
14.1489	44.3016	4.9485	0.000916131
22.0142	44.8882	4.90355	0.00093102
18.8268	46.2515	4.91735	0.00121857
18.7981	41.9596	0.233309	0.000551493
15.8835	49.3292	4.94717	0.00302992
12.6536	46.2515	4.97527	0.00135643
15.7402	46.2515	4.94985	0.00147454
17.0264	56.2438	4.85112	0.0305518
16.083	52.3495	4.88848	0.00756098
19.0553	52.3495	0.162296	0.00545793
4.19365	52.3495	4.9765	0.00609886
7.16598	52.3495	4.97307	0.00656756
4.92487	55.4838	4.93483	0.0168189
21.9183	41.7637	4.84254	0.000518352
25	43.1354	4.90279	0.000631748
22.0142	44.8882	4.90355	0.00093102
28.125	40	4.82479	0.000331243
25	40	4.85473	0.000335005
28.1154	36.8646	4.77629	0.000241376
25	30.6708	4.90962	0.000208974
25.1151	35.3065	0.23232	0.000230394
21.9134	33.7485	0.251427	0.000234853
31.3171	35.696	4.87578	0.000224727
28.0866	33.7485	4.85904	0.000211059
30.9343	31.8249	4.94195	0.000206878
28.1154	36.8646	4.77629	0.000241376
25.1151	35.3065	0.23232	0.000230394
28.0866	33.7485	4.85904	0.000211059
33.7508	28.5944	4.96352	0.000209951
37.1553	30.6708	4.97928	0.000217278
33.997	31.6326	4.9609	0.000212699
21.8846	36.8646	4.79239	0.000268297
21.9014	39.3141	0.231701	0.000341962
18.7212	38.8242	0.204446	0.000338228
28.1154	36.8646	4.77629	0.000241376
25	40	4.85473	0.000335005
25.1151	35.3065	0.23232	0.000230394
28.125	40	4.82479	0.000331243
28.1154	43.1354	4.85029	0.000593213
25	40	4.85473	0.000335005
3.72828	49.3292	4.99011	0.0024939
1.22131	52.3495	4.98013	0.00535053
0.68946	49.3292	4.99145	0.0022504
0.307214	46.2515	4.99563	0.00106025
3.39381	46.2515	4.99485	0.00112676
0.68946	49.3292	4.99145	0.0022504
11.1799	48.0735	4.98155	0.00235089
12.6536	46.2515	4.97527	0.00135643
12.7118	50.0843	4.97465	0.00408292
9.61019	45.6673	4.98752	0.00105906
11.1799	48.0735	4.98155	0.00235089
9.70619	49.8955	4.98254	0.00348307
9.61019	45.6673	4.98752	0.00105906
12.6536	46.2515	4.97527	0.00135643
11.1799	48.0735	4.98155	0.00235089
31.3817	62.6228	0.0394856	4.51729
34.1521	62.7968	0.0467542	4.44231
33.1516	65.9587	0.0167846	0.064696
26.9568	67.2765	0.0124748	0.0818842
28.4106	64.5496	0.0268195	0.0947886
30.4344	65.9587	0.0163442	0.0763056
29.839	59.2394	0.111842	0.0567176
33.5519	59.0383	0.12268	0.0384718
31.3817	62.6228	0.0394856	4.51729
28.6113	62.4488	0.0492086	0.0995635
29.839	59.2394	0.111842	0.0567176
31.3817	62.6228	0.0394856	4.51729
20.7355	60.8826	0.123829	4.60392
24.0253	59.6046	4.68729	0.0808203
23.0704	62.1007	0.0805874	0.136706
25.6371	53.0665	0.206242	0.00924435
24.7341	50.8393	4.80855	0.00355052
27.9723	52.3495	4.84998	0.00684519
22.4091	54.0056	0.125404	0.0109289
25.6371	53.0665	0.206242	0.00924435
26.54	55.2938	0.202714	0.0202481
22.4091	54.0056	0.125404	0.0109289
24.7341	50.8393	4.80855	0.00355052
25.6371	53.0665	0.206242	0.00924435
29.6201	55.2938	4.79068	0.0154727
31.8745	54.2817	4.82118	0.0104053
32.1533	57.1939	0.166275	0.0256204
34.2598	46.2515	0.150672	0.000874594
34.3294	43.6157	0.131763	0.000516067
37.3464	46.2515	0.15967	0.000729445
31.1732	46.2515	4.77957	0.0010899
34.2598	46.2515	0.150672	0.000874594
34.1165	49.3292	0.204822	0.0018222
34.2598	46.2515	0.150672	0.000874594
31.226	43.7137	0.184722	0.000601904
34.3294	43.6157	0.131763	0.000516067
35.6527	58.8743	4.67364	0.0267169
38.5596	58.6917	4.75485	0.016308
37.7936	60.8826	0.104488	0.0278165
33.5519	59.0383	0.12268	0.0384718
35.6527	58.8743	4.67364	0.0267169
34.9506	60.8826	0.0836571	0.0518341
35.7802	55.2938	4.84607	0.00843235
38.5596	58.6917	4.75485	0.016308
35.6527	58.8743	4.67364	0.0267169
42.43	63.669	0.0536449	4.34751
43.4796	60.8826	0.123485	0.0285773
45.2338	63.4929	0.0689049	0.0439287
6.48041	46.2515	4.99227	0.00121731
6.31731	42.7435	4.99287	0.000565304
9.61019	45.6673	4.98752	0.00105906
0.68946	49.3292	4.99145	0.0022504
3.39381	46.2515	4.99485	0.00112676
3.72828	49.3292	4.99011	0.0024939
0.307214	46.2515	4.99563	0.00106025
0.076922	43.1354	4.99684	0.000603339
3.19711	42.9395	4.99617	0.000581595
6.4478	61.0566	0.122142	0.081365
4.76616	63.4929	0.0711327	0.116056
3.67737	60.8826	0.152923	4.45343
5.69054	58.144	4.83419	0.0401362
6.4478	61.0566	0.122142	0.081365
3.67737	60.8826	0.152923	4.45343
9.3634	60.8826	0.109317	0.0740284
10.1618	63.4929	0.0488912	0.106318
7.464	63.4929	0.0588551	4.58856
14.6026	58.144	4.79755	0.0495283
15.0494	60.8826	0.113399	0.101472
12.3979	60.3349	0.0998786	2.38206
14.2198	55.2938	4.91034	0.0206408
14.6026	58.144	4.79755	0.0495283
11.6319	58.144	3.1352	0.0353696
14.2198	55.2938	4.91034	0.0206408
17.0264	56.2438	4.85112	0.0305518
14.6026	58.144	4.79755	0.0495283
7.464	63.4929	0.0588551	4.58856
5.97957	65.9587	0.0357393	4.64108
4.76616	63.4929	0.0711327	0.116056
11.414	65.9587	0.0215671	2.71117
13.846	66.4528	0.016527	0.0768216
12.3644	68.2649	0.00993928	0.0551655
10.1618	63.4929	0.0488912	0.106318
11.414	65.9587	0.0215671	2.71117
8.78345	65.7825	0.028745	4.60276
12.8597	63.4929	0.0462348	0.101733
15.5575	63.4929	0.053709	4.61012
13.846	66.4528	0.016527	0.0768216
10.1618	63.4929	0.0488912	0.106318
12.8597	63.4929	0.0462348	0.101733
11.414	65.9587	0.0215671	2.71117
10.1618	63.4929	0.0488912	0.106318
12.3979	60.3349	0.0998786	2.38206
12.8597	63.4929	0.0462348	0.101733
9.83732	68.2649	0.0135	0.0798896
7.31021	68.2649	0.0183094	0.10771
8.78345	65.7825	0.028745	4.60276
31.8745	54.2817	4.82118	0.0104053
30.9447	52.3495	4.86003	0.0058899
34.1289	53.2696	4.84515	0.00594619
35.7802	55.2938	4.84607	0.00843235
31.8745	54.2817	4.82118	0.0104053
34.1289	53.2696	4.84515	0.00594619
29.6201	55.2938	4.79068	0.0154727
30.9447	52.3495	4.86003	0.0058899
31.8745	54.2817	4.82118	0.0104053
29.839	59.2394	0.111842	0.0567176
26.4853	58.144	4.71013	0.0516787
29.6201	55.2938	4.79068	0.0154727
33.5519	59.0383	0.12268	0.0384718
29.839	59.2394	0.111842	0.0567176
32.1533	57.1939	0.166275	0.0256204
35.7802	55.2938	4.84607	0.00843235
33.5519	59.0383	0.12268	0.0384718
32.1533	57.1939	0.166275	0.0256204
34.9506	60.8826	0.0836571	0.0518341
31.3817	62.6228	0.0394856	4.51729
33.5519	59.0383	0.12268	0.0384718
28.6113	62.4488	0.0492086	0.0995635
26.4215	60.8826	0.0961126	4.53098
29.839	59.2394	0.111842	0.0567176
26.54	55.2938	0.202714	0.0202481
27.9723	52.3495	4.84998	0.00684519
29.6201	55.2938	4.79068	0.0154727
25.6371	53.0665	0.206242	0.00924435
27.9723	52.3495	4.84998	0.00684519
26.54	55.2938	0.202714	0.0202481
24.7341	50.8393	4.80855	0.00355052
28.0388	49.3292	4.89746	0.00279364
27.9723	52.3495	4.84998	0.00684519
22.5483	72.3429	0.00316225	0.0390124
23.75	70.3973	0.0054144	0.059566
25	72.3429	0.00293076	0.0293221
23.0327	74.7883	0.00165851	0.0168385
22.5483	72.3429	0.00316225	0.0390124
25	72.3429	0.00293076	0.0293221
21.4331	74.0896	0.00204924	0.0217854
19.0551	74.0896	0.00223457	0.0206099
20.0967	72.3429	0.00339296	0.0383151
19.0904	66.7823	0.017869	0.130025
22.2828	65.9587	0.0219855	4.66436
21.8037	69.5771	0.00712398	4.51041
24.3347	67.1118	0.014356	0.113603
23.75	70.3973	0.0054144	0.059566
21.8037	69.5771	0.00712398	4.51041
27.0253	69.2491	0.00688287	0.0554311
30.0542	68.2649	0.00884139	4.39996
28.75	70.3973	0.00490514	0.0401883
25.6067	64.7258	0.0292684	4.60442
28.4106	64.5496	0.0268195	0.0947886
26.9568	67.2765	0.0124748	0.0818842
22.2828	65.9587	0.0219855	4.66436
25.6067	64.7258	0.0292684	4.60442
24.3347	67.1118	0.014356	0.113603
23.0704	62.1007	0.0805874	0.136706
26.4215	60.8826	0.0961126	4.53098
25.6067	64.7258	0.0292684	4.60442
30.4344	65.9587	0.0163442	0.0763056
30.0542	68.2649	0.00884139	4.39996
26.9568	67.2765	0.0124748	0.0818842
28.6113	62.4488	0.0492086	0.0995635
31.3817	62.6228	0.0394856	4.51729
28.4106	64.5496	0.0268195	0.0947886
25.6067	64.7258	0.0292684	4.60442
28.6113	62.4488	0.0492086	0.0995635
28.4106	64.5496	0.0268195	0.0947886
26.4215	60.8826	0.0961126	4.53098
26.4853	58.144	4.71013	0.0516787
29.839	59.2394	0.111842	0.0567176
25.6067	64.7258	0.0292684	4.60442
26.4215	60.8826	0.0961126	4.53098
28.6113	62.4488	0.0492086	0.0995635
24.0253	59.6046	4.68729	0.0808203
23.0771	56.6239	4.75061	0.0314537
26.4853	58.144	4.71013	0.0516787
33.1516	65.9587	0.0167846	0.064696
34.8233	67.7707	0.0108222	0.0463734
32.2468	68.921	0.00704663	0.0444929
31.3817	62.6228	0.0394856	4.51729
33.1516	65.9587	0.0167846	0.064696
30.4344	65.9587	0.0163442	0.0763056
34.1521	62.7968	0.0467542	4.44231
35.8688	65.9587	0.0189994	0.0531922
33.1516	65.9587	0.0167846	0.064696
32.355	72.3429	0.00293433	0.0183308
33.75	70.3973	0.00500759	0.0267901
34.8066	72.3429	0.00329463	0.0173023
29.3832	76.0659	0.00124194	0.00843983
28.5669	74.0896	0.00184527	0.0139388
30.9297	73.8705	0.00198832	0.0132456
31.0572	70.658	0.00441305	0.0328255
33.75	70.3973	0.00500759	0.0267901
32.355	72.3429	0.00293433	0.0183308
29.9033	72.3429	0.00284659	0.021267
31.0572	70.658	0.00441305	0.0328255
32.355	72.3429	0.00293433	0.0183308
28.4106	64.5496	0.0268195	0.0947886
31.3817	62.6228	0.0394856	4.51729
30.4344	65.9587	0.0163442	0.0763056
24.3347	67.1118	0.014356	0.113603
25.6067	64.7258	0.0292684	4.60442
26.9568	67.2765	0.0124748	0.0818842
23.0704	62.1007	0.0805874	0.136706
24.0253	59.6046	4.68729	0.0808203
26.4215	60.8826	0.0961126	4.53098
30.4344	65.9587	0.0163442	0.0763056
32.2468	68.921	0.00704663	0.0444929
30.0542	68.2649	0.00884139	4.39996
34.8233	67.7707	0.0108222	0.0463734
33.75	70.3973	0.00500759	0.0267901
32.2468	68.921	0.00704663	0.0444929
43.2329	49.3292	4.92866	0.000996192
40.1224	48.7521	4.85597	0.000987184
40.433	46.2515	4.79396	0.000591787
48.7787	52.3495	4.96528	0.00154274
45.8487	52.5335	4.95773	0.00190326
46.2717	49.3292	4.95705	0.000867216
42.834	52.3495	4.94262	0.00216328
40.1224	48.7521	4.85597	0.000987184
43.2329	49.3292	4.92866	0.000996192
47.2801	58.144	4.85804	0.00806106
44.2548	57.954	4.83258	0.010052
45.0204	55.2938	4.92631	0.00430077
38.8603	55.2938	4.8895	0.00625283
35.7802	55.2938	4.84607	0.00843235
36.7564	51.5944	4.84817	0.00270406
41.9404	55.2938	4.91072	0.00518779
38.8603	55.2938	4.8895	0.00625283
39.8617	52.3495	4.90947	0.00265686
45.8487	52.5335	4.95773	0.00190326
45.0204	55.2938	4.92631	0.00430077
42.834	52.3495	4.94262	0.00216328
41.4664	58.5091	4.78827	0.0136782
40.6366	60.8826	0.115091	0.028703
38.5596	58.6917	4.75485	0.016308
44.2548	57.954	4.83258	0.010052
41.4664	58.5091	4.78827	0.0136782
41.9404	55.2938	4.91072	0.00518779
44.2548	57.954	4.83258	0.010052
43.4796	60.8826	0.123485	0.0285773
41.4664	58.5091	4.78827	0.0136782
38.5596	58.6917	4.75485	0.016308
35.7802	55.2938	4.84607	0.00843235
38.8603	55.2938	4.8895	0.00625283
6.31731	42.7435	4.99287	0.000565304
3.39381	46.2515	4.99485	0.00112676
3.19711	42.9395	4.99617	0.000581595
45.8487	52.5335	4.95773	0.00190326
42.834	52.3495	4.94262	0.00216328
43.2329	49.3292	4.92866	0.000996192
48.1005	55.2938	4.93985	0.00343237
45.8487	52.5335	4.95773	0.00190326
48.7787	52.3495	4.96528	0.00154274
48.1005	55.2938	4.93985	0.00343237
47.2801	58.144	4.85804	0.00806106
45.0204	55.2938	4.92631	0.00430077
37.7936	60.8826	0.104488	0.0278165
38.5596	58.6917	4.75485	0.016308
40.6366	60.8826	0.115091	0.028703
41.3032	65.9587	0.0263835	0.0419005
39.6261	63.8451	0.0438414	0.0404507
42.43	63.669	0.0536449	4.34751
34.9506	60.8826	0.0836571	0.0518341
35.6527	58.8743	4.67364	0.0267169
37.7936	60.8826	0.104488	0.0278165
31.3817	62.6228	0.0394856	4.51729
34.9506	60.8826	0.0836571	0.0518341
34.1521	62.7968	0.0467542	4.44231
33.5519	59.0383	0.12268	0.0384718
35.7802	55.2938	4.84607	0.00843235
35.6527	58.8743	4.67364	0.0267169
31.8745	54.2817	4.82118	0.0104053
35.7802	55.2938	4.84607	0.00843235
32.1533	57.1939	0.166275	0.0256204
34.1165	49.3292	0.204822	0.0018222
34.2598	46.2515	0.150672	0.000874594
37.0597	48.5598	0.198045	0.00126182
28.0388	49.3292	4.89746	0.00279364
31.0776	49.3292	4.84201	0.00251558
30.9447	52.3495	4.86003	0.0058899
28.0388	49.3292	4.89746	0.00279364
25	46.2515	4.92517	0.00123629
28.0866	46.2515	4.8915	0.00121678
36.7564	51.5944	4.84817	0.00270406
35.7802	55.2938	4.84607	0.00843235
34.1289	53.2696	4.84515	0.00594619
30.9447	52.3495	4.86003	0.0058899
31.0776	49.3292	4.84201	0.00251558
34.1165	49.3292	0.204822	0.0018222
40.1224	48.7521	4.85597	0.000987184
42.834	52.3495	4.94262	0.00216328
39.8617	52.3495	4.90947	0.00265686
39.8617	52.3495	4.90947	0.00265686
42.834	52.3495	4.94262	0.00216328
41.9404	55.2938	4.91072	0.00518779
36.7564	51.5944	4.84817	0.00270406
39.8617	52.3495	4.90947	0.00265686
38.8603	55.2938	4.8895	0.00625283
36.7564	51.5944	4.84817	0.00270406
40.1224	48.7521	4.85597	0.000987184
39.8617	52.3495	4.90947	0.00265686
18.9224	49.3292	4.84489	0.00200276
19.0553	52.3495	0.162296	0.00545793
16.083	52.3495	4.88848	0.00756098
15.7402	46.2515	4.94985	0.00147454
18.8268	46.2515	4.91735	0.00121857
15.8835	49.3292	4.94717	0.00302992
21.7462	47.598	4.87549	0.0013352
25	46.2515	4.92517	0.00123629
24.7341	50.8393	4.80855	0.00355052
22.0108	14.5924	0.163852	0.000209864
19.9458	11.7351	0.122374	0.000210534
23.0432	12.7235	0.13096	0.000209328
17.645	7.6571	0.0679181	0.000212296
18.75	9.60269	0.0947198	0.000211395
16.5822	10.0948	4.65392	0.000209054
14.9215	7.36598	0.0762261	0.000213337
17.645	7.6571	0.0679181	0.000212296
16.5822	10.0948	4.65392	0.000209054
16.6772	5.91038	0.0457163	0.000212961
19.0551	5.91038	0.0361575	0.00021239
17.645	7.6571	0.0679181	0.000212296
20.0967	7.6571	0.0491065	0.000211527
21.25	9.60269	0.0678303	0.00021049
18.75	9.60269	0.0947198	0.000211395
17.645	7.6571	0.0679181	0.000212296
19.0551	5.91038	0.0361575	0.00021239
20.0967	7.6571	0.0491065	0.000211527
24.1844	6.78374	0.0395785	0.000211077
26.189	5.91038	0.0350032	0.000211213
25.4207	8.55507	0.0728097	0.000209972
28.5669	5.91038	0.039289	0.000210784
31.8199	4.37335	0.0282356	0.000210547
31.1316	6.34706	0.0461845	0.000209907
26.9661	0.123895	0.012715	0.00021298
28.4094	2.238	0.016619	0.000212311
26.0648	3.0556	0.0174396	0.000212532
28.9198	0.494728	0.0150671	0.000212446
30.8485	1.10996	0.0173795	0.000211812
28.4094	2.238	0.016619	0.000212311
31.25	9.60269	0.123554	0.000208676
33.75	9.60269	0.104707	0.000208354
32.5813	11.7351	4.74835	0.000205092
30.9096	13.2177	4.84821	0.000205123
29.636	10.915	4.72813	0.000205244
32.5813	11.7351	4.74835	0.000205092
32.355	7.6571	0.0645703	0.000209079
33.4473	6.2015	0.0430389	0.000209298
34.9468	7.95642	0.0662192	0.000208418
29.9033	7.6571	0.0697897	0.000209611
32.355	7.6571	0.0645703	0.000209079
31.25	9.60269	0.123554	0.000208676
31.1316	6.34706	0.0461845	0.000209907
31.8199	4.37335	0.0282356	0.000210547
33.4473	6.2015	0.0430389	0.000209298
29.9033	7.6571	0.0697897	0.000209611
31.1316	6.34706	0.0461845	0.000209907
32.355	7.6571	0.0645703	0.000209079
29.9033	7.6571	0.0697897	0.000209611
28.5669	5.91038	0.039289	0.000210784
31.1316	6.34706	0.0461845	0.000209907
28.5669	5.91038	0.039289	0.000210784
29.9033	7.6571	0.0697897	0.000209611
27.8022	8.40541	0.0872975	0.000209642
25	4.37335	0.0223793	0.000212139
27.2733	4.37335	0.0248066	0.000211791
26.189	5.91038	0.0350032	0.000211213
27.2733	4.37335	0.0248066	0.000211791
30.3241	3.0556	0.0204142	0.000211534
28.5669	5.91038	0.039289	0.000210784
31.1316	6.34706	0.0461845	0.000209907
33.4473	6.2015	0.0430389	0.000209298
32.355	7.6571	0.0645703	0.000209079
27.2733	4.37335	0.0248066	0.000211791
28.4094	2.238	0.016619	0.000212311
30.3241	3.0556	0.0204142	0.000211534
26.189	5.91038	0.0350032	0.000211213
27.2733	4.37335	0.0248066	0.000211791
28.5669	5.91038	0.039289	0.000210784
26.0648	3.0556	0.0174396	0.000212532
28.4094	2.238	0.016619	0.000212311
27.2733	4.37335	0.0248066	0.000211791
29.636	10.915	4.72813	0.000205244
29.9033	7.6571	0.0697897	0.000209611
31.25	9.60269	0.123554	0.000208676
25.4207	8.55507	0.0728097	0.000209972
27.8022	8.40541	0.0872975	0.000209642
27.0253	10.7509	4.68088	0.0002056
25.4207	8.55507	0.0728097	0.000209972
26.189	5.91038	0.0350032	0.000211213
27.8022	8.40541	0.0872975	0.000209642
26.3489	16.5071	4.877	0.000205735
24.3933	15.2742	0.21102	0.000209168
25.6653	12.8882	4.73683	0.000205426
30.3241	3.0556	0.0204142	0.000211534
31.8199	4.37335	0.0282356	0.000210547
28.5669	5.91038	0.039289	0.000210784
30.8485	1.10996	0.0173795	0.000211812
30.3241	3.0556	0.0204142	0.000211534
28.4094	2.238	0.016619	0.000212311
30.8485	1.10996	0.0173795	0.000211812
32.7403	1.96546	0.0212261	0.00021094
30.3241	3.0556	0.0204142	0.000211534
30.3241	3.0556	0.0204142	0.000211534
32.7403	1.96546	0.0212261	0.00021094
31.8199	4.37335	0.0282356	0.000210547
23.9352	3.0556	0.0166512	0.000212758
25	4.37335	0.0223793	0.000212139
22.7267	4.37335	0.0212179	0.000212402
26.9661	0.123895	0.012715	0.00021298
26.0648	3.0556	0.0174396	0.000212532
25.0248	1.47661	0.0136246	0.000213041
26.9661	0.123895	0.012715	0.00021298
28.9198	0.494728	0.0150671	0.000212446
28.4094	2.238	0.016619	0.000212311
25.0248	1.47661	0.0136246	0.000213041
25	-8.70219e-28	0.0127424	0.000213151
26.9661	0.123895	0.012715	0.00021298
23.9352	3.0556	0.0166512	0.000212758
25.0248	1.47661	0.0136246	0.000213041
26.0648	3.0556	0.0174396	0.000212532
23.9352	3.0556	0.0166512	0.000212758
23.0835	1.59882	0.0137627	0.000213151
25.0248	1.47661	0.0136246	0.000213041
32.7403	1.96546	0.0212261	0.00021094
34.5833	3.0556	0.0265168	0.000209915
31.8199	4.37335	0.0282356	0.000210547
25	4.37335	0.0223793	0.000212139
26.0648	3.0556	0.0174396	0.000212532
27.2733	4.37335	0.0248066	0.000211791
24.1844	6.78374	0.0395785	0.000211077
25	4.37335	0.0223793	0.000212139
26.189	5.91038	0.0350032	0.000211213
23.9352	3.0556	0.0166512	0.000212758
26.0648	3.0556	0.0174396	0.000212532
25	4.37335	0.0223793	0.000212139
21.913	2.6468	0.0159319	0.000213012
23.9352	3.0556	0.0166512	0.000212758
22.7267	4.37335	0.0212179	0.000212402
23.0835	1.59882	0.0137627	0.000213151
23.0339	0.123895	0.0127051	0.000213277
25.0248	1.47661	0.0136246	0.000213041
21.913	2.6468	0.0159319	0.000213012
23.0835	1.59882	0.0137627	0.000213151
23.9352	3.0556	0.0166512	0.000212758
21.4331	5.91038	0.0301494	0.000211926
20.4534	4.37335	0.0230593	0.000212641
22.7267	4.37335	0.0212179	0.000212402
19.7476	2.78306	0.0186497	0.000213075
21.0802	0.494728	0.0137078	0.0002133
21.913	2.6468	0.0159319	0.000213012
23.0339	0.123895	0.0127051	0.000213277
25	-8.70219e-28	0.0127424	0.000213151
25.0248	1.47661	0.0136246	0.000213041
33.4473	6.2015	0.0430389	0.000209298
34.5833	3.0556	0.0265168	0.000209915
35.7008	5.91038	0.0444401	0.00020868
36.3664	4.37335	0.0390563	0.000208894
35.7008	5.91038	0.0444401	0.00020868
34.5833	3.0556	0.0265168	0.000209915
23.5785	19.1174	4.90597	0.000207617
26.3489	16.5071	4.877	0.000205735
26.4215	19.1174	4.93842	0.000206653
23.0771	23.3761	4.97289	0.000210776
25.3391	26.1784	4.96763	0.000209204
22.0277	27.6505	4.96727	0.000215261
29.636	10.915	4.72813	0.000205244
27.8022	8.40541	0.0872975	0.000209642
29.9033	7.6571	0.0697897	0.000209611
29.636	10.915	4.72813	0.000205244
27.0253	10.7509	4.68088	0.0002056
27.8022	8.40541	0.0872975	0.000209642
32.5813	11.7351	4.74835	0.000205092
29.636	10.915	4.72813	0.000205244
31.25	9.60269	0.123554	0.000208676
28.2875	13.053	4.83056	0.000205097
27.0253	10.7509	4.68088	0.0002056
29.636	10.915	4.72813	0.000205244
23.0432	12.7235	0.13096	0.000209328
25.6653	12.8882	4.73683	0.000205426
24.3933	15.2742	0.21102	0.000209168
24.4145	10.5869	0.109853	0.000209346
25.4207	8.55507	0.0728097	0.000209972
27.0253	10.7509	4.68088	0.0002056
23.0432	12.7235	0.13096	0.000209328
24.4145	10.5869	0.109853	0.000209346
25.6653	12.8882	4.73683	0.000205426
23.0432	12.7235	0.13096	0.000209328
21.25	9.60269	0.0678303	0.00021049
24.4145	10.5869	0.109853	0.000209346
24.1844	6.78374	0.0395785	0.000211077
22.5483	7.6571	0.0438423	0.00021093
21.4331	5.91038	0.0301494	0.000211926
25	4.37335	0.0223793	0.000212139
24.1844	6.78374	0.0395785	0.000211077
22.7267	4.37335	0.0212179	0.000212402
25.4207	8.55507	0.0728097	0.000209972
24.4145	10.5869	0.109853	0.000209346
22.5483	7.6571	0.0438423	0.00021093
24.4145	10.5869	0.109853	0.000209346
21.25	9.60269	0.0678303	0.00021049
22.5483	7.6571	0.0438423	0.00021093
19.5656	14.0413	0.181035	0.000210825
20.9532	16.5071	0.220904	0.000210909
18.2554	16.5071	4.85852	0.000209065
19.9458	11.7351	0.122374	0.000210534
19.5656	14.0413	0.181035	0.000210825
17.7988	12.3941	4.73161	0.000208278
18.75	9.60269	0.0947198	0.000211395
19.9458	11.7351	0.122374	0.000210534
17.7988	12.3941	4.73161	0.000208278
21.25	9.60269	0.0678303	0.00021049
23.0432	12.7235	0.13096	0.000209328
19.9458	11.7351	0.122374	0.000210534
22.0108	14.5924	0.163852	0.000209864
20.9532	16.5071	0.220904	0.000210909
19.5656	14.0413	0.181035	0.000210825
19.9458	11.7351	0.122374	0.000210534
22.0108	14.5924	0.163852	0.000209864
19.5656	14.0413	0.181035	0.000210825
23.0432	12.7235	0.13096	0.000209328
24.3933	15.2742	0.21102	0.000209168
22.0108	14.5924	0.163852	0.000209864
17.7548	18.7251	4.93111	0.000210771
20.7355	19.1174	4.90376	0.000209182
17.2541	20.9431	4.96759	0.000213008
16.8484	14.0413	4.8321	0.000209032
18.2554	16.5071	4.85852	0.000209065
15.9817	15.8026	4.90201	0.000210189
20.9532	16.5071	0.220904	0.000210909
20.7355	19.1174	4.90376	0.000209182
18.2554	16.5071	4.85852	0.000209065
14.9215	7.36598	0.0762261	0.000213337
16.5822	10.0948	4.65392	0.000209054
13.513	9.30337	0.132313	0.000213882
12.6058	7.51154	0.0891398	0.000214094
14.9215	7.36598	0.0762261	0.000213337
13.513	9.30337	0.132313	0.000213882
13.6336	4.37335	0.0453685	0.000213592
15.4167	3.0556	0.0309696	0.000213321
16.6772	5.91038	0.0457163	0.000212961
19.7476	2.78306	0.0186497	0.000213075
19.1515	1.10996	0.0172809	0.00021321
21.0802	0.494728	0.0137078	0.0002133
20.4534	4.37335	0.0230593	0.000212641
19.0551	5.91038	0.0361575	0.00021239
18.1801	4.37335	0.0281487	0.000212932
21.913	2.6468	0.0159319	0.000213012
20.4534	4.37335	0.0230593	0.000212641
19.7476	2.78306	0.0186497	0.000213075
21.4331	5.91038	0.0301494	0.000211926
19.0551	5.91038	0.0361575	0.00021239
20.4534	4.37335	0.0230593	0.000212641
24.1844	6.78374	0.0395785	0.000211077
21.4331	5.91038	0.0301494	0.000211926
22.7267	4.37335	0.0212179	0.000212402
20.0967	7.6571	0.0491065	0.000211527
19.0551	5.91038	0.0361575	0.00021239
21.4331	5.91038	0.0301494	0.000211926
20.4534	4.37335	0.0230593	0.000212641
18.1801	4.37335	0.0281487	0.000212932
19.7476	2.78306	0.0186497	0.000213075
23.0835	1.59882	0.0137627	0.000213151
21.0802	0.494728	0.0137078	0.0002133
23.0339	0.123895	0.0127051	0.000213277
27.8022	8.40541	0.0872975	0.000209642
26.189	5.91038	0.0350032	0.000211213
28.5669	5.91038	0.039289	0.000210784
25.6653	12.8882	4.73683	0.000205426
24.4145	10.5869	0.109853	0.000209346
27.0253	10.7509	4.68088	0.0002056
22.5483	7.6571	0.0438423	0.00021093
20.0967	7.6571	0.0491065	0.000211527
21.4331	5.91038	0.0301494	0.000211926
25.4207	8.55507	0.0728097	0.000209972
22.5483	7.6571	0.0438423	0.00021093
24.1844	6.78374	0.0395785	0.000211077
21.25	9.60269	0.0678303	0.00021049
20.0967	7.6571	0.0491065	0.000211527
22.5483	7.6571	0.0438423	0.00021093
14.9215	7.36598	0.0762261	0.000213337
16.6772	5.91038	0.0457163	0.000212961
17.645	7.6571	0.0679181	0.000212296
21.913	2.6468	0.0159319	0.000213012
21.0802	0.494728	0.0137078	0.0002133
23.0835	1.59882	0.0137627	0.000213151
37.3284	7.80676	0.0711254	0.000208033
38.0788	5.91038	0.0562899	0.000208143
39.7099	7.6571	0.0913114	0.000207934
33.4473	6.2015	0.0430389	0.000209298
35.7008	5.91038	0.0444401	0.00020868
34.9468	7.95642	0.0662192	0.000208418
33.75	9.60269	0.104707	0.000208354
32.355	7.6571	0.0645703	0.000209079
34.9468	7.95642	0.0662192	0.000208418
31.8199	4.37335	0.0282356	0.000210547
34.5833	3.0556	0.0265168	0.000209915
33.4473	6.2015	0.0430389	0.000209298
36.3664	4.37335	0.0390563	0.000208894
38.0788	5.91038	0.0562899	0.000208143
35.7008	5.91038	0.0444401	0.00020868
19.7476	2.78306	0.0186497	0.000213075
17.2597	1.96546	0.0222842	0.000213221
19.1515	1.10996	0.0172809	0.00021321
18.1801	4.37335	0.0281487	0.000212932
16.6772	5.91038	0.0457163	0.000212961
15.4167	3.0556	0.0309696	0.000213321
19.7476	2.78306	0.0186497	0.000213075
18.1801	4.37335	0.0281487	0.000212932
17.2597	1.96546	0.0222842	0.000213221
19.0551	5.91038	0.0361575	0.00021239
16.6772	5.91038	0.0457163	0.000212961
18.1801	4.37335	0.0281487	0.000212932
21.913	2.6468	0.0159319	0.000213012
22.7267	4.37335	0.0212179	0.000212402
20.4534	4.37335	0.0230593	0.000212641
20.0967	7.6571	0.0491065	0.000211527
18.75	9.60269	0.0947198	0.000211395
17.645	7.6571	0.0679181	0.000212296
14.9215	7.36598	0.0762261	0.000213337
13.6336	4.37335	0.0453685	0.000213592
16.6772	5.91038	0.0457163	0.000212961
32.355	7.6571	0.0645703	0.000209079
33.75	9.60269	0.104707	0.000208354
31.25	9.60269	0.123554	0.000208676
38.0788	5.91038	0.0562899	0.000208143
37.3284	7.80676	0.0711254	0.000208033
35.7008	5.91038	0.0444401	0.00020868
38.75	9.60269	0.12037	0.000208144
41.25	9.60269	0.165577	0.000208551
40.1627	11.7351	4.7933	0.000205993
36.25	9.60269	0.0987182	0.000208139
38.75	9.60269	0.12037	0.000208144
37.4683	11.4071	0.172574	0.000208548
39.7099	7.6571	0.0913114	0.000207934
41.25	9.60269	0.165577	0.000208551
38.75	9.60269	0.12037	0.000208144
15.4167	3.0556	0.0309696	0.000213321
17.2597	1.96546	0.0222842	0.000213221
18.1801	4.37335	0.0281487	0.000212932
44.0204	14.0413	4.94377	0.000209474
41.2166	14.2175	4.91854	0.000208243
42.6898	11.7351	4.86434	0.000206866
14.9215	7.36598	0.0762261	0.000213337
12.6058	7.51154	0.0891398	0.000214094
13.6336	4.37335	0.0453685	0.000213592
15.1767	12.2293	4.80836	0.000209791
12.5545	12.0646	4.82378	0.000211374
13.513	9.30337	0.132313	0.000213882
16.5822	10.0948	4.65392	0.000209054
17.7988	12.3941	4.73161	0.000208278
15.1767	12.2293	4.80836	0.000209791
14.1312	14.0413	4.8896	0.000210835
12.5545	12.0646	4.82378	0.000211374
15.1767	12.2293	4.80836	0.000209791
15.9817	15.8026	4.90201	0.000210189
14.7591	18.4213	4.95844	0.000212622
13.1778	15.9788	4.93976	0.000212286
16.5822	10.0948	4.65392	0.000209054
18.75	9.60269	0.0947198	0.000211395
17.7988	12.3941	4.73161	0.000208278
22.0108	14.5924	0.163852	0.000209864
24.3933	15.2742	0.21102	0.000209168
20.9532	16.5071	0.220904	0.000210909
11.4404	21.3083	4.98761	0.000217622
12.2064	19.1174	4.97645	0.000215031
14.6026	21.856	4.98273	0.000215924
8.66123	21.856	4.99245	0.000220047
11.4404	21.3083	4.98761	0.000217622
10.9756	24.1362	4.99324	0.000221505
8.66123	21.856	4.99245	0.000220047
9.3634	19.1174	4.98357	0.000216967
11.4404	21.3083	4.98761	0.000217622
6.52038	19.1174	4.98832	0.000218506
7.464	16.5071	4.9729	0.000216117
9.3634	19.1174	4.98357	0.000216967
3.67737	19.1174	4.99153	0.000219644
6.52038	19.1174	4.98832	0.000218506
5.62671	21.6734	4.99451	0.000221434
3.67737	19.1174	4.99153	0.000219644
4.76616	16.5071	4.98079	0.000217179
6.52038	19.1174	4.98832	0.000218506
10.1618	16.5071	4.96283	0.000214638
12.2064	19.1174	4.97645	0.000215031
9.3634	19.1174	4.98357	0.000216967
5.97957	14.0413	4.95492	0.000215203
8.69678	14.0413	4.93374	0.000214147
7.464	16.5071	4.9729	0.000216117
11.414	14.0413	4.91295	0.000212639
13.1778	15.9788	4.93976	0.000212286
10.1618	16.5071	4.96283	0.000214638
15.1767	12.2293	4.80836	0.000209791
16.8484	14.0413	4.8321	0.000209032
14.1312	14.0413	4.8896	0.000210835
6.52038	19.1174	4.98832	0.000218506
9.3634	19.1174	4.98357	0.000216967
8.66123	21.856	4.99245	0.000220047
14.7591	18.4213	4.95844	0.000212622
12.2064	19.1174	4.97645	0.000215031
13.1778	15.9788	4.93976	0.000212286
14.7591	18.4213	4.95844	0.000212622
14.6026	21.856	4.98273	0.000215924
12.2064	19.1174	4.97645	0.000215031
12.6058	7.51154	0.0891398	0.000214094
11.9212	5.91038	0.07486	0.000214047
13.6336	4.37335	0.0453685	0.000213592
11.25	9.60269	0.152055	0.000214932
12.6058	7.51154	0.0891398	0.000214094
13.513	9.30337	0.132313	0.000213882
10.2901	7.6571	0.114339	0.000214779
11.9212	5.91038	0.07486	0.000214047
12.6058	7.51154	0.0891398	0.000214094
41.2166	14.2175	4.91854	0.000208243
40.1627	11.7351	4.7933	0.000205993
42.6898	11.7351	4.86434	0.000206866
35.1085	11.7351	0.177672	0.000208425
37.4683	11.4071	0.172574	0.000208548
35.6088	14.5697	4.872	0.000206407
33.1516	14.0413	4.86707	0.000205565
35.1085	11.7351	0.177672	0.000208425
35.6088	14.5697	4.872	0.000206407
32.5813	11.7351	4.74835	0.000205092
33.75	9.60269	0.104707	0.000208354
35.1085	11.7351	0.177672	0.000208425
37.3284	7.80676	0.0711254	0.000208033
39.7099	7.6571	0.0913114	0.000207934
38.75	9.60269	0.12037	0.000208144
36.25	9.60269	0.0987182	0.000208139
37.3284	7.80676	0.0711254	0.000208033
38.75	9.60269	0.12037	0.000208144
35.1085	11.7351	0.177672	0.000208425
36.25	9.60269	0.0987182	0.000208139
37.4683	11.4071	0.172574	0.000208548
34.9468	7.95642	0.0662192	0.000208418
37.3284	7.80676	0.0711254	0.000208033
36.25	9.60269	0.0987182	0.000208139
34.9468	7.95642	0.0662192	0.000208418
35.7008	5.91038	0.0444401	0.00020868
37.3284	7.80676	0.0711254	0.000208033
42.536	16.5071	4.96582	0.000211352
44.0204	14.0413	4.94377	0.000209474
45.2338	16.5071	4.976	0.000212856
38.4127	14.3936	4.8861	0.000207218
41.2166	14.2175	4.91854	0.000208243
39.693	16.8552	4.95662	0.000210079
38.4127	14.3936	4.8861	0.000207218
37.4683	11.4071	0.172574	0.000208548
40.1627	11.7351	4.7933	0.000205993
10.2901	7.6571	0.114339	0.000214779
12.6058	7.51154	0.0891398	0.000214094
11.25	9.60269	0.152055	0.000214932
28.2875	13.053	4.83056	0.000205097
30.001	14.922	4.90157	0.000205325
26.3489	16.5071	4.877	0.000205735
35.1085	11.7351	0.177672	0.000208425
33.1516	14.0413	4.86707	0.000205565
32.5813	11.7351	4.74835	0.000205092
30.001	14.922	4.90157	0.000205325
28.6113	17.5512	4.93475	0.000205847
26.3489	16.5071	4.877	0.000205735
30.9096	13.2177	4.84821	0.000205123
30.001	14.922	4.90157	0.000205325
28.2875	13.053	4.83056	0.000205097
29.636	10.915	4.72813	0.000205244
30.9096	13.2177	4.84821	0.000205123
28.2875	13.053	4.83056	0.000205097
32.5813	11.7351	4.74835	0.000205092
33.1516	14.0413	4.86707	0.000205565
30.9096	13.2177	4.84821	0.000205123
31.7446	16.5071	4.93486	0.000206066
28.6113	17.5512	4.93475	0.000205847
30.001	14.922	4.90157	0.000205325
34.4425	16.5071	4.93529	0.000207032
31.7446	16.5071	4.93486	0.000206066
33.1516	14.0413	4.86707	0.000205565
34.4425	16.5071	4.93529	0.000207032
34.9506	19.1174	4.96996	0.000208738
32.1075	19.1174	4.96528	0.000206974
37.1403	16.5071	4.93959	0.000208358
34.4425	16.5071	4.93529	0.000207032
35.6088	14.5697	4.872	0.000206407
37.1403	16.5071	4.93959	0.000208358
37.7936	19.1174	4.97398	0.000210883
34.9506	19.1174	4.96996	0.000208738
11.414	14.0413	4.91295	0.000212639
14.1312	14.0413	4.8896	0.000210835
13.1778	15.9788	4.93976	0.000212286
8.69678	14.0413	4.93374	0.000214147
9.93237	11.8999	4.8451	0.000212714
11.414	14.0413	4.91295	0.000212639
11.25	9.60269	0.152055	0.000214932
13.513	9.30337	0.132313	0.000213882
12.5545	12.0646	4.82378	0.000211374
10.2901	7.6571	0.114339	0.000214779
11.25	9.60269	0.152055	0.000214932
8.74996	9.60269	0.188177	0.000215767
13.513	9.30337	0.132313	0.000213882
16.5822	10.0948	4.65392	0.000209054
15.1767	12.2293	4.80836	0.000209791
9.93237	11.8999	4.8451	0.000212714
11.25	9.60269	0.152055	0.000214932
12.5545	12.0646	4.82378	0.000211374
11.414	14.0413	4.91295	0.000212639
9.93237	11.8999	4.8451	0.000212714
12.5545	12.0646	4.82378	0.000211374
8.69678	14.0413	4.93374	0.000214147
7.31021	11.7351	4.88876	0.000213609
9.93237	11.8999	4.8451	0.000212714
37.4683	11.4071	0.172574	0.000208548
38.4127	14.3936	4.8861	0.000207218
35.6088	14.5697	4.872	0.000206407
42.536	16.5071	4.96582	0.000211352
43.4158	19.3	4.98631	0.000215213
40.5089	19.4825	4.98196	0.000213422
44.0204	14.0413	4.94377	0.000209474
42.536	16.5071	4.96582	0.000211352
41.2166	14.2175	4.91854	0.000208243
45.2338	16.5071	4.976	0.000212856
43.4158	19.3	4.98631	0.000215213
42.536	16.5071	4.96582	0.000211352
40.5089	19.4825	4.98196	0.000213422
41.2294	22.236	4.99173	0.000216823
38.204	22.4261	4.98839	0.000213917
42.536	16.5071	4.96582	0.000211352
40.5089	19.4825	4.98196	0.000213422
39.693	16.8552	4.95662	0.000210079
43.4158	19.3	4.98631	0.000215213
41.2294	22.236	4.99173	0.000216823
40.5089	19.4825	4.98196	0.000213422
47.2801	21.856	4.99525	0.000220264
44.3095	21.856	4.99369	0.000218766
46.3226	19.1174	4.98964	0.000216591
38.4127	14.3936	4.8861	0.000207218
37.1403	16.5071	4.93959	0.000208358
35.6088	14.5697	4.872	0.000206407
40.1627	11.7351	4.7933	0.000205993
41.2166	14.2175	4.91854	0.000208243
38.4127	14.3936	4.8861	0.000207218
38.75	9.60269	0.12037	0.000208144
40.1627	11.7351	4.7933	0.000205993
37.4683	11.4071	0.172574	0.000208548
41.25	9.60269	0.165577	0.000208551
42.6898	11.7351	4.86434	0.000206866
40.1627	11.7351	4.7933	0.000205993
39.693	16.8552	4.95662	0.000210079
37.1403	16.5071	4.93959	0.000208358
38.4127	14.3936	4.8861	0.000207218
40.5089	19.4825	4.98196	0.000213422
37.7936	19.1174	4.97398	0.000210883
39.693	16.8552	4.95662	0.000210079
28.8815	20.2128	4.96148	0.000206359
29.1279	22.9961	4.96053	0.000206684
26.1025	23.1861	4.96869	0.000207991
32.1075	19.1174	4.96528	0.000206974
34.9506	19.1174	4.96996	0.000208738
32.4267	21.856	4.9728	0.000207678
28.8815	20.2128	4.96148	0.000206359
32.1075	19.1174	4.96528	0.000206974
32.4267	21.856	4.9728	0.000207678
31.7446	16.5071	4.93486	0.000206066
34.4425	16.5071	4.93529	0.000207032
32.1075	19.1174	4.96528	0.000206974
28.6113	17.5512	4.93475	0.000205847
31.7446	16.5071	4.93486	0.000206066
32.1075	19.1174	4.96528	0.000206974
11.414	14.0413	4.91295	0.000212639
12.5545	12.0646	4.82378	0.000211374
14.1312	14.0413	4.8896	0.000210835
12.2064	19.1174	4.97645	0.000215031
10.1618	16.5071	4.96283	0.000214638
13.1778	15.9788	4.93976	0.000212286
9.93237	11.8999	4.8451	0.000212714
8.74996	9.60269	0.188177	0.000215767
11.25	9.60269	0.152055	0.000214932
43.4158	19.3	4.98631	0.000215213
45.2338	16.5071	4.976	0.000212856
46.3226	19.1174	4.98964	0.000216591
33.1516	14.0413	4.86707	0.000205565
35.6088	14.5697	4.872	0.000206407
34.4425	16.5071	4.93529	0.000207032
36.25	9.60269	0.0987182	0.000208139
33.75	9.60269	0.104707	0.000208354
34.9468	7.95642	0.0662192	0.000208418
21.9134	33.7485	0.251427	0.000234853
18.9132	34.917	4.85125	0.000253133
18.6835	32.5943	4.91442	0.000236239
25	30.6708	4.90962	0.000208974
21.9134	33.7485	0.251427	0.000234853
21.9612	30.6708	4.91577	0.000219358
21.8846	36.8646	4.79239	0.000268297
18.9132	34.917	4.85125	0.000253133
21.9134	33.7485	0.251427	0.000234853
25	40	4.85473	0.000335005
21.8846	36.8646	4.79239	0.000268297
25.1151	35.3065	0.23232	0.000230394
21.9134	33.7485	0.251427	0.000234853
18.6835	32.5943	4.91442	0.000236239
21.9612	30.6708	4.91577	0.000219358
18.7212	38.8242	0.204446	0.000338228
18.9132	34.917	4.85125	0.000253133
21.8846	36.8646	4.79239	0.000268297
17.2667	36.7732	0.248258	0.000294382
15.8122	34.7222	4.90279	0.000258284
18.9132	34.917	4.85125	0.000253133
18.7212	38.8242	0.204446	0.000338228
17.2667	36.7732	0.248258	0.000294382
18.9132	34.917	4.85125	0.000253133
18.7212	38.8242	0.204446	0.000338228
15.601	39.0202	0.243053	0.000349714
17.2667	36.7732	0.248258	0.000294382
18.7981	41.9596	0.233309	0.000551493
18.7212	38.8242	0.204446	0.000338228
21.9014	39.3141	0.231701	0.000341962
15.601	39.0202	0.243053	0.000349714
15.8122	34.7222	4.90279	0.000258284
17.2667	36.7732	0.248258	0.000294382
14.001	23.9462	4.98921	0.000219042
14.6026	21.856	4.98273	0.000215924
17.2998	24.7062	4.98503	0.000217583
13.1107	27.6505	4.99025	0.000226664
12.8447	30.6708	4.98286	0.000236197
10.1383	27.6505	4.99436	0.000228926
15.2052	26.1784	4.98835	0.000221859
15.7173	29.727	4.97777	0.000229809
13.1107	27.6505	4.99025	0.000226664
20.3799	24.7062	4.97768	0.000214724
18.0114	27.1222	4.98052	0.000220945
17.2998	24.7062	4.98503	0.000217583
18.7229	29.5382	4.96209	0.000224919
15.7173	29.727	4.97777	0.000229809
18.0114	27.1222	4.98052	0.000220945
18.7229	29.5382	4.96209	0.000224919
18.6835	32.5943	4.91442	0.000236239
15.7173	29.727	4.97777	0.000229809
10.9756	24.1362	4.99324	0.000221505
8.05963	24.7062	4.99585	0.000224274
8.66123	21.856	4.99245	0.000220047
10.1383	27.6505	4.99436	0.000228926
8.05963	24.7062	4.99585	0.000224274
10.9756	24.1362	4.99324	0.000221505
10.1383	27.6505	4.99436	0.000228926
9.80591	30.6708	4.9912	0.000239299
7.16598	27.6505	4.99683	0.000230659
6.70061	30.2933	4.99622	0.000239103
7.16598	27.6505	4.99683	0.000230659
9.80591	30.6708	4.9912	0.000239299
4.97956	24.7062	4.9972	0.000225888
5.62671	21.6734	4.99451	0.000221434
8.05963	24.7062	4.99585	0.000224274
3.67737	19.1174	4.99153	0.000219644
5.62671	21.6734	4.99451	0.000221434
2.71986	21.856	4.99602	0.000222846
6.52038	19.1174	4.98832	0.000218506
4.76616	16.5071	4.98079	0.000217179
7.464	16.5071	4.9729	0.000216117
25	30.6708	4.90962	0.000208974
28.0388	30.6708	4.93361	0.000205394
28.0866	33.7485	4.85904	0.000211059
47.2801	21.856	4.99525	0.000220264
48.1005	24.7062	4.99719	0.000223556
45.0204	24.7062	4.99651	0.00022217
26.4215	19.1174	4.93842	0.000206653
26.3489	16.5071	4.877	0.000205735
28.6113	17.5512	4.93475	0.000205847
18.0114	27.1222	4.98052	0.000220945
22.0277	27.6505	4.96727	0.000215261
18.7229	29.5382	4.96209	0.000224919
17.2541	20.9431	4.96759	0.000213008
20.544	21.856	4.96238	0.000211539
17.2998	24.7062	4.98503	0.000217583
23.0771	23.3761	4.97289	0.000210776
26.1025	23.1861	4.96869	0.000207991
25.3391	26.1784	4.96763	0.000209204
17.2998	24.7062	4.98503	0.000217583
20.544	21.856	4.96238	0.000211539
20.3799	24.7062	4.97768	0.000214724
24.8405	21.1517	4.95393	0.000208054
26.1025	23.1861	4.96869	0.000207991
23.0771	23.3761	4.97289	0.000210776
20.544	21.856	4.96238	0.000211539
24.8405	21.1517	4.95393	0.000208054
23.0771	23.3761	4.97289	0.000210776
23.5785	19.1174	4.90597	0.000207617
26.4215	19.1174	4.93842	0.000206653
24.8405	21.1517	4.95393	0.000208054
31.199	26.5464	0.345324	0.000210208
30.7452	28.7831	4.94373	0.000205975
28.269	26.3624	4.95104	0.000206642
29.1279	22.9961	4.96053	0.000206684
31.199	26.5464	0.345324	0.000210208
28.269	26.3624	4.95104	0.000206642
32.7002	24.7062	4.95622	0.000208102
33.7508	28.5944	4.96352	0.000209951
31.199	26.5464	0.345324	0.000210208
20.544	21.856	4.96238	0.000211539
23.0771	23.3761	4.97289	0.000210776
20.3799	24.7062	4.97768	0.000214724
20.7355	19.1174	4.90376	0.000209182
20.544	21.856	4.96238	0.000211539
17.2541	20.9431	4.96759	0.000213008
17.7548	18.7251	4.93111	0.000210771
18.2554	16.5071	4.85852	0.000209065
20.7355	19.1174	4.90376	0.000209182
14.7591	18.4213	4.95844	0.000212622
17.7548	18.7251	4.93111	0.000210771
17.2541	20.9431	4.96759	0.000213008
14.7591	18.4213	4.95844	0.000212622
15.9817	15.8026	4.90201	0.000210189
17.7548	18.7251	4.93111	0.000210771
20.9532	16.5071	0.220904	0.000210909
23.5785	19.1174	4.90597	0.000207617
20.7355	19.1174	4.90376	0.000209182
23.5785	19.1174	4.90597	0.000207617
24.8405	21.1517	4.95393	0.000208054
20.544	21.856	4.96238	0.000211539
26.689	28.4246	4.95062	0.000206599
22.0277	27.6505	4.96727	0.000215261
25.3391	26.1784	4.96763	0.000209204
21.9612	30.6708	4.91577	0.000219358
18.6835	32.5943	4.91442	0.000236239
18.7229	29.5382	4.96209	0.000224919
20.7355	19.1174	4.90376	0.000209182
23.5785	19.1174	4.90597	0.000207617
20.544	21.856	4.96238	0.000211539
16.8484	14.0413	4.8321	0.000209032
19.5656	14.0413	0.181035	0.000210825
18.2554	16.5071	4.85852	0.000209065
16.8484	14.0413	4.8321	0.000209032
17.7988	12.3941	4.73161	0.000208278
19.5656	14.0413	0.181035	0.000210825
14.1312	14.0413	4.8896	0.000210835
16.8484	14.0413	4.8321	0.000209032
15.9817	15.8026	4.90201	0.000210189
15.1767	12.2293	4.80836	0.000209791
17.7988	12.3941	4.73161	0.000208278
16.8484	14.0413	4.8321	0.000209032
18.75	9.60269	0.0947198	0.000211395
21.25	9.60269	0.0678303	0.00021049
19.9458	11.7351	0.122374	0.000210534
24.3933	15.2742	0.21102	0.000209168
23.5785	19.1174	4.90597	0.000207617
20.9532	16.5071	0.220904	0.000210909
4.97956	24.7062	4.9972	0.000225888
4.19365	27.6505	4.99799	0.000232182
1.8995	24.7062	4.9978	0.000227226
8.74996	9.60269	0.188177	0.000215767
9.93237	11.8999	4.8451	0.000212714
7.31021	11.7351	4.88876	0.000213609
46.8029	37.0605	4.96785	0.000240437
43.6827	37.2565	4.9323	0.000240829
46.6062	33.7485	4.98684	0.000231173
41.9404	24.7062	4.99481	0.000219708
45.0204	24.7062	4.99651	0.00022217
42.7675	28.0281	4.99469	0.000222953
38.8603	24.7062	4.99136	0.000216235
41.9404	24.7062	4.99481	0.000219708
39.9888	27.0985	4.99233	0.000219118
41.2294	22.236	4.99173	0.000216823
44.3095	21.856	4.99369	0.000218766
41.9404	24.7062	4.99481	0.000219708
48.7787	27.6505	4.99702	0.000226294
49.3105	30.6708	4.99474	0.000228785
46.2478	30.8632	4.99357	0.000227799
26.1025	23.1861	4.96869	0.000207991
24.8405	21.1517	4.95393	0.000208054
28.8815	20.2128	4.96148	0.000206359
28.269	26.3624	4.95104	0.000206642
26.1025	23.1861	4.96869	0.000207991
29.1279	22.9961	4.96053	0.000206684
23.0771	23.3761	4.97289	0.000210776
22.0277	27.6505	4.96727	0.000215261
20.3799	24.7062	4.97768	0.000214724
12.8447	30.6708	4.98286	0.000236197
12.7112	34.5275	4.96019	0.000261947
9.49534	33.1714	4.98736	0.000253196
10.1383	27.6505	4.99436	0.000228926
12.8447	30.6708	4.98286	0.000236197
9.80591	30.6708	4.9912	0.000239299
14.3285	32.6965	4.95959	0.00024586
18.6835	32.5943	4.91442	0.000236239
15.8122	34.7222	4.90279	0.000258284
25.1151	35.3065	0.23232	0.000230394
21.8846	36.8646	4.79239	0.000268297
21.9134	33.7485	0.251427	0.000234853
14.3285	32.6965	4.95959	0.00024586
12.7112	34.5275	4.96019	0.000261947
12.8447	30.6708	4.98286	0.000236197
18.9132	34.917	4.85125	0.000253133
15.8122	34.7222	4.90279	0.000258284
18.6835	32.5943	4.91442	0.000236239
15.601	39.0202	0.243053	0.000349714
12.5385	36.8646	4.93781	0.000293937
15.8122	34.7222	4.90279	0.000258284
23.5785	19.1174	4.90597	0.000207617
24.3933	15.2742	0.21102	0.000209168
26.3489	16.5071	4.877	0.000205735
28.8815	20.2128	4.96148	0.000206359
24.8405	21.1517	4.95393	0.000208054
26.4215	19.1174	4.93842	0.000206653
18.2554	16.5071	4.85852	0.000209065
17.7548	18.7251	4.93111	0.000210771
15.9817	15.8026	4.90201	0.000210189
14.6026	21.856	4.98273	0.000215924
17.2541	20.9431	4.96759	0.000213008
17.2998	24.7062	4.98503	0.000217583
15.9817	15.8026	4.90201	0.000210189
13.1778	15.9788	4.93976	0.000212286
14.1312	14.0413	4.8896	0.000210835
14.6026	21.856	4.98273	0.000215924
14.7591	18.4213	4.95844	0.000212622
17.2541	20.9431	4.96759	0.000213008
11.4404	21.3083	4.98761	0.000217622
14.001	23.9462	4.98921	0.000219042
10.9756	24.1362	4.99324	0.000221505
30.001	14.922	4.90157	0.000205325
30.9096	13.2177	4.84821	0.000205123
33.1516	14.0413	4.86707	0.000205565
31.7446	16.5071	4.93486	0.000206066
30.001	14.922	4.90157	0.000205325
33.1516	14.0413	4.86707	0.000205565
25.6653	12.8882	4.73683	0.000205426
27.0253	10.7509	4.68088	0.0002056
28.2875	13.053	4.83056	0.000205097
25.6653	12.8882	4.73683	0.000205426
28.2875	13.053	4.83056	0.000205097
26.3489	16.5071	4.877	0.000205735
33.75	9.60269	0.104707	0.000208354
36.25	9.60269	0.0987182	0.000208139
35.1085	11.7351	0.177672	0.000208425
39.693	16.8552	4.95662	0.000210079
41.2166	14.2175	4.91854	0.000208243
42.536	16.5071	4.96582	0.000211352
28.8815	20.2128	4.96148	0.000206359
26.4215	19.1174	4.93842	0.000206653
28.6113	17.5512	4.93475	0.000205847
40.625	40	0.221875	0.000273981
43.75	40	4.86572	0.000266716
43.6923	43.1354	0.23839	0.000357529
34.399	40.9798	0.166129	0.000353064
37.5	40	4.78018	0.000276932
37.5191	43.9145	0.14273	0.000472524
40.5769	36.8646	4.91221	0.00023698
43.6827	37.2565	4.9323	0.000240829
40.625	40	0.221875	0.000273981
37.3464	33.7485	4.96045	0.000222616
33.997	31.6326	4.9609	0.000212699
37.1553	30.6708	4.97928	0.000217278
40.625	40	0.221875	0.000273981
37.5	40	4.78018	0.000276932
40.5769	36.8646	4.91221	0.00023698
37.4615	36.8646	4.90784	0.000237621
34.1596	34.7385	4.92937	0.000221836
37.3464	33.7485	4.96045	0.000222616
46.2478	30.8632	4.99357	0.000227799
45.7731	27.8393	4.99643	0.000225247
48.7787	27.6505	4.99702	0.000226294
49.6928	33.7485	4.98914	0.000232475
46.6062	33.7485	4.98684	0.000231173
49.3105	30.6708	4.99474	0.000228785
40.1941	30.6708	4.98705	0.000221575
37.1553	30.6708	4.97928	0.000217278
36.8893	27.6505	4.98476	0.000214886
43.2329	30.6708	4.99104	0.000225127
40.1941	30.6708	4.98705	0.000221575
42.7675	28.0281	4.99469	0.000222953
40.433	33.7485	4.96859	0.000225659
37.3464	33.7485	4.96045	0.000222616
40.1941	30.6708	4.98705	0.000221575
31.3171	35.696	4.87578	0.000224727
31.2019	38.0404	0.227934	0.000261306
28.1154	36.8646	4.77629	0.000241376
33.997	31.6326	4.9609	0.000212699
34.1596	34.7385	4.92937	0.000221836
30.9343	31.8249	4.94195	0.000206878
34.3221	37.8444	4.83753	0.000250189
31.2019	38.0404	0.227934	0.000261306
31.3171	35.696	4.87578	0.000224727
37.5	40	4.78018	0.000276932
34.3221	37.8444	4.83753	0.000250189
37.4615	36.8646	4.90784	0.000237621
34.399	40.9798	0.166129	0.000353064
31.2019	38.0404	0.227934	0.000261306
34.3221	37.8444	4.83753	0.000250189
40.1941	30.6708	4.98705	0.000221575
39.9888	27.0985	4.99233	0.000219118
42.7675	28.0281	4.99469	0.000222953
7.16598	27.6505	4.99683	0.000230659
8.05963	24.7062	4.99585	0.000224274
10.1383	27.6505	4.99436	0.000228926
3.69504	30.482	4.99794	0.000241164
4.19365	27.6505	4.99799	0.000232182
6.70061	30.2933	4.99622	0.000239103
4.97956	24.7062	4.9972	0.000225888
8.05963	24.7062	4.99585	0.000224274
7.16598	27.6505	4.99683	0.000230659
2.71986	21.856	4.99602	0.000222846
4.97956	24.7062	4.9972	0.000225888
1.8995	24.7062	4.9978	0.000227226
14.001	23.9462	4.98921	0.000219042
11.4404	21.3083	4.98761	0.000217622
14.6026	21.856	4.98273	0.000215924
13.1107	27.6505	4.99025	0.000226664
10.9756	24.1362	4.99324	0.000221505
14.001	23.9462	4.98921	0.000219042
8.66123	21.856	4.99245	0.000220047
5.62671	21.6734	4.99451	0.000221434
6.52038	19.1174	4.98832	0.000218506
12.2064	19.1174	4.97645	0.000215031
11.4404	21.3083	4.98761	0.000217622
9.3634	19.1174	4.98357	0.000216967
8.05963	24.7062	4.99585	0.000224274
5.62671	21.6734	4.99451	0.000221434
8.66123	21.856	4.99245	0.000220047
44.3095	21.856	4.99369	0.000218766
41.2294	22.236	4.99173	0.000216823
43.4158	19.3	4.98631	0.000215213
45.7731	27.8393	4.99643	0.000225247
45.0204	24.7062	4.99651	0.00022217
48.1005	24.7062	4.99719	0.000223556
38.8603	24.7062	4.99136	0.000216235
36.8893	27.6505	4.98476	0.000214886
35.7802	24.7062	4.98265	0.000211974
45.7731	27.8393	4.99643	0.000225247
42.7675	28.0281	4.99469	0.000222953
45.0204	24.7062	4.99651	0.00022217
43.2329	30.6708	4.99104	0.000225127
46.2478	30.8632	4.99357	0.000227799
43.5196	33.7485	4.97764	0.000228854
40.433	33.7485	4.96859	0.000225659
43.2329	30.6708	4.99104	0.000225127
43.5196	33.7485	4.97764	0.000228854
42.7675	28.0281	4.99469	0.000222953
45.7731	27.8393	4.99643	0.000225247
43.2329	30.6708	4.99104	0.000225127
41.9404	24.7062	4.99481	0.000219708
42.7675	28.0281	4.99469	0.000222953
39.9888	27.0985	4.99233	0.000219118
45.7731	27.8393	4.99643	0.000225247
46.2478	30.8632	4.99357	0.000227799
43.2329	30.6708	4.99104	0.000225127
8.69678	14.0413	4.93374	0.000214147
5.97957	14.0413	4.95492	0.000215203
7.31021	11.7351	4.88876	0.000213609
10.1618	16.5071	4.96283	0.000214638
8.69678	14.0413	4.93374	0.000214147
11.414	14.0413	4.91295	0.000212639
7.464	16.5071	4.9729	0.000216117
4.76616	16.5071	4.98079	0.000217179
5.97957	14.0413	4.95492	0.000215203
10.1618	16.5071	4.96283	0.000214638
7.464	16.5071	4.9729	0.000216117
8.69678	14.0413	4.93374	0.000214147
10.1618	16.5071	4.96283	0.000214638
9.3634	19.1174	4.98357	0.000216967
7.464	16.5071	4.9729	0.000216117
9.42308	36.8646	4.97917	0.000296225
9.49534	33.1714	4.98736	0.000253196
12.7112	34.5275	4.96019	0.000261947
12.5	40	4.93203	0.00038385
9.36058	39.4121	4.97828	0.000361865
12.5385	36.8646	4.93781	0.000293937
9.36058	39.4121	4.97828	0.000361865
6.30769	36.8646	4.99246	0.000293717
9.42308	36.8646	4.97917	0.000296225
3.19231	36.8646	4.99684	0.000292982
3.40821	33.9432	4.99742	0.000260357
6.30769	36.8646	4.99246	0.000293717
0.076922	36.8646	4.99785	0.000291603
3.19231	36.8646	4.99684	0.000292982
3.125	40	4.99654	0.000370929
0.076922	36.8646	4.99785	0.000291603
0.307214	33.7485	4.99819	0.000259413
3.19231	36.8646	4.99684	0.000292982
6.70061	30.2933	4.99622	0.000239103
9.80591	30.6708	4.9912	0.000239299
9.49534	33.1714	4.98736	0.000253196
2.71986	21.856	4.99602	0.000222846
5.62671	21.6734	4.99451	0.000221434
4.97956	24.7062	4.9972	0.000225888
18.0114	27.1222	4.98052	0.000220945
15.7173	29.727	4.97777	0.000229809
15.2052	26.1784	4.98835	0.000221859
43.5196	33.7485	4.97764	0.000228854
40.5769	36.8646	4.91221	0.00023698
40.433	33.7485	4.96859	0.000225659
49.9231	36.8646	4.97541	0.00024194
46.8029	37.0605	4.96785	0.000240437
49.6928	33.7485	4.98914	0.000232475
43.75	40	4.86572	0.000266716
40.625	40	0.221875	0.000273981
43.6827	37.2565	4.9323	0.000240829
13.1107	27.6505	4.99025	0.000226664
15.7173	29.727	4.97777	0.000229809
12.8447	30.6708	4.98286	0.000236197
10.9756	24.1362	4.99324	0.000221505
13.1107	27.6505	4.99025	0.000226664
10.1383	27.6505	4.99436	0.000228926
15.2052	26.1784	4.98835	0.000221859
17.2998	24.7062	4.98503	0.000217583
18.0114	27.1222	4.98052	0.000220945
14.001	23.9462	4.98921	0.000219042
15.2052	26.1784	4.98835	0.000221859
13.1107	27.6505	4.99025	0.000226664
14.001	23.9462	4.98921	0.000219042
17.2998	24.7062	4.98503	0.000217583
15.2052	26.1784	4.98835	0.000221859
46.6062	33.7485	4.98684	0.000231173
43.6827	37.2565	4.9323	0.000240829
43.5196	33.7485	4.97764	0.000228854
50	40	4.95915	0.000263306
46.8029	37.0605	4.96785	0.000240437
49.9231	36.8646	4.97541	0.00024194
46.8798	40.196	4.9344	0.000281956
43.75	40	4.86572	0.000266716
46.8029	37.0605	4.96785	0.000240437
21.9014	39.3141	0.231701	0.000341962
21.9183	41.7637	4.84254	0.000518352
18.7981	41.9596	0.233309	0.000551493
25	40	4.85473	0.000335005
21.9014	39.3141	0.231701	0.000341962
21.8846	36.8646	4.79239	0.000268297
25	40	4.85473	0.000335005
21.9183	41.7637	4.84254	0.000518352
21.9014	39.3141	0.231701	0.000341962
22.0142	44.8882	4.90355	0.00093102
18.7981	41.9596	0.233309	0.000551493
21.9183	41.7637	4.84254	0.000518352
3.69504	30.482	4.99794	0.000241164
3.40821	33.9432	4.99742	0.000260357
0.68946	30.6708	4.99844	0.000243039
1.22131	27.6505	4.99838	0.000233505
3.69504	30.482	4.99794	0.000241164
0.68946	30.6708	4.99844	0.000243039
6.70061	30.2933	4.99622	0.000239103
6.43263	33.3637	4.99487	0.000254997
3.69504	30.482	4.99794	0.000241164
43.5196	33.7485	4.97764	0.000228854
43.6827	37.2565	4.9323	0.000240829
40.5769	36.8646	4.91221	0.00023698
40.1941	30.6708	4.98705	0.000221575
43.2329	30.6708	4.99104	0.000225127
40.433	33.7485	4.96859	0.000225659
46.6062	33.7485	4.98684	0.000231173
49.6928	33.7485	4.98914	0.000232475
46.8029	37.0605	4.96785	0.000240437
46.2478	30.8632	4.99357	0.000227799
46.6062	33.7485	4.98684	0.000231173
43.5196	33.7485	4.97764	0.000228854
46.2478	30.8632	4.99357	0.000227799
49.3105	30.6708	4.99474	0.000228785
46.6062	33.7485	4.98684	0.000231173
46.8798	40.196	4.9344	0.000281956
46.8029	37.0605	4.96785	0.000240437
50	40	4.95915	0.000263306
9.4375	42.5475	4.98244	0.000581277
6.24038	39.6081	4.99221	0.000358625
9.36058	39.4121	4.97828	0.000361865
9.49534	33.1714	4.98736	0.000253196
9.80591	30.6708	4.9912	0.000239299
12.8447	30.6708	4.98286	0.000236197
12.5385	36.8646	4.93781	0.000293937
9.42308	36.8646	4.97917	0.000296225
12.7112	34.5275	4.96019	0.000261947
6.43263	33.3637	4.99487	0.000254997
6.70061	30.2933	4.99622	0.000239103
9.49534	33.1714	4.98736	0.000253196
4.19365	27.6505	4.99799	0.000232182
4.97956	24.7062	4.9972	0.000225888
7.16598	27.6505	4.99683	0.000230659
1.22131	27.6505	4.99838	0.000233505
4.19365	27.6505	4.99799	0.000232182
3.69504	30.482	4.99794	0.000241164
1.22131	27.6505	4.99838	0.000233505
1.8995	24.7062	4.9978	0.000227226
4.19365	27.6505	4.99799	0.000232182
6.70061	30.2933	4.99622	0.000239103
4.19365	27.6505	4.99799	0.000232182
7.16598	27.6505	4.99683	0.000230659
18.7229	29.5382	4.96209	0.000224919
22.0277	27.6505	4.96727	0.000215261
21.9612	30.6708	4.91577	0.000219358
14.3285	32.6965	4.95959	0.00024586
12.8447	30.6708	4.98286	0.000236197
15.7173	29.727	4.97777	0.000229809
18.6835	32.5943	4.91442	0.000236239
14.3285	32.6965	4.95959	0.00024586
15.7173	29.727	4.97777	0.000229809
15.8122	34.7222	4.90279	0.000258284
12.7112	34.5275	4.96019	0.000261947
14.3285	32.6965	4.95959	0.00024586
18.0114	27.1222	4.98052	0.000220945
20.3799	24.7062	4.97768	0.000214724
22.0277	27.6505	4.96727	0.000215261
3.40821	33.9432	4.99742	0.000260357
3.69504	30.482	4.99794	0.000241164
6.43263	33.3637	4.99487	0.000254997
46.8077	43.1354	4.91116	0.000342879
43.6923	43.1354	0.23839	0.000357529
46.8798	40.196	4.9344	0.000281956
49.9231	43.1354	4.94829	0.000336319
46.8077	43.1354	4.91116	0.000342879
46.8798	40.196	4.9344	0.000281956
46.2717	49.3292	4.95705	0.000867216
49.3105	49.3292	4.9669	0.000778989
48.7787	52.3495	4.96528	0.00154274
43.5196	46.2515	4.87289	0.000533831
46.2717	49.3292	4.95705	0.000867216
43.2329	49.3292	4.92866	0.000996192
40.433	46.2515	4.79396	0.000591787
43.5196	46.2515	4.87289	0.000533831
43.2329	49.3292	4.92866	0.000996192
43.6923	43.1354	0.23839	0.000357529
46.8077	43.1354	4.91116	0.000342879
46.6062	46.2515	4.93201	0.000491069
46.6062	46.2515	4.93201	0.000491069
49.3105	49.3292	4.9669	0.000778989
46.2717	49.3292	4.95705	0.000867216
6.30769	36.8646	4.99246	0.000293717
6.43263	33.3637	4.99487	0.000254997
9.42308	36.8646	4.97917	0.000296225
3.125	40	4.99654	0.000370929
3.19231	36.8646	4.99684	0.000292982
6.24038	39.6081	4.99221	0.000358625
3.40821	33.9432	4.99742	0.000260357
6.43263	33.3637	4.99487	0.000254997
6.30769	36.8646	4.99246	0.000293717
0.307214	33.7485	4.99819	0.000259413
3.40821	33.9432	4.99742	0.000260357
3.19231	36.8646	4.99684	0.000292982
0.307214	33.7485	4.99819	0.000259413
0.68946	30.6708	4.99844	0.000243039
3.40821	33.9432	4.99742	0.000260357
