25	30.6708	4.90896	0.00021839
28.0866	33.7485	4.84562	0.00021933
25.1151	35.3065	0.230702	0.000239133
22.0277	27.6505	4.96747	0.000225627
25	30.6708	4.90896	0.00021839
21.9612	30.6708	4.91573	0.000229555
26.689	28.4246	4.95044	0.000216252
28.269	26.3624	4.95109	0.000216417
30.7452	28.7831	4.94358	0.000215554
25	30.6708	4.90896	0.00021839
26.689	28.4246	4.95044	0.000216252
28.0388	30.6708	4.93267	0.000214518
25.3391	26.1784	4.96775	0.00021921
28.269	26.3624	4.95109	0.000216417
26.689	28.4246	4.95044	0.000216252
28.0388	30.6708	4.93267	0.000214518
30.9343	31.8249	4.94127	0.000216088
28.0866	33.7485	4.84562	0.00021933
22.0277	27.6505	4.96747	0.000225627
26.689	28.4246	4.95044	0.000216252
25	30.6708	4.90896	0.00021839
30.7452	28.7831	4.94358	0.000215554
30.9343	31.8249	4.94127	0.000216088
28.0388	30.6708	4.93267	0.000214518
26.689	28.4246	4.95044	0.000216252
30.7452	28.7831	4.94358	0.000215554
28.0388	30.6708	4.93267	0.000214518
26.1025	23.1861	4.9688	0.000217907
28.269	26.3624	4.95109	0.000216417
25.3391	26.1784	4.96775	0.00021921
29.1279	22.9961	4.96057	0.000216456
32.7002	24.7062	4.95622	0.000217923
31.199	26.5464	0.345322	0.000220095
33.7508	28.5944	4.96363	0.000219901
30.9343	31.8249	4.94127	0.000216088
30.7452	28.7831	4.94358	0.000215554
31.199	26.5464	0.345322	0.000220095
33.7508	28.5944	4.96363	0.000219901
30.7452	28.7831	4.94358	0.000215554
37.4615	36.8646	4.90805	0.00024771
40.433	33.7485	4.96869	0.000236131
40.5769	36.8646	4.91229	0.0002473
36.8893	27.6505	4.98486	0.000225181
37.1553	30.6708	4.97944	0.000227593
33.7508	28.5944	4.96363	0.000219901
36.8893	27.6505	4.98486	0.000225181
39.9888	27.0985	4.99241	0.000229682
40.1941	30.6708	4.98715	0.000232154
34.9506	19.1174	4.97004	0.000218727
34.4425	16.5071	4.93537	0.000216912
37.1403	16.5071	4.93966	0.000218304
38.204	22.4261	4.98846	0.000224214
35.1786	22.6161	4.98116	0.000220435
36.4861	20.8667	4.98013	0.000221094
32.1075	19.1174	4.96536	0.000216839
28.8815	20.2128	4.96156	0.00021616
28.6113	17.5512	4.93486	0.000215646
38.204	22.4261	4.98846	0.000224214
35.7802	24.7062	4.9827	0.000222096
35.1786	22.6161	4.98116	0.000220435
32.7002	24.7062	4.95622	0.000217923
29.1279	22.9961	4.96057	0.000216456
32.4267	21.856	4.97283	0.000217524
45.7731	27.8393	4.99646	0.000236124
48.1005	24.7062	4.99721	0.000234349
48.7787	27.6505	4.99704	0.000237229
38.8603	24.7062	4.99144	0.000226659
41.2294	22.236	4.99179	0.000227281
41.9404	24.7062	4.99487	0.000230324
38.8603	24.7062	4.99144	0.000226659
38.204	22.4261	4.98846	0.000224214
41.2294	22.236	4.99179	0.000227281
36.8893	27.6505	4.98486	0.000225181
38.8603	24.7062	4.99144	0.000226659
39.9888	27.0985	4.99241	0.000229682
35.7802	24.7062	4.9827	0.000222096
38.204	22.4261	4.98846	0.000224214
38.8603	24.7062	4.99144	0.000226659
33.7508	28.5944	4.96363	0.000219901
35.7802	24.7062	4.9827	0.000222096
36.8893	27.6505	4.98486	0.000225181
32.7002	24.7062	4.95622	0.000217923
32.4267	21.856	4.97283	0.000217524
35.1786	22.6161	4.98116	0.000220435
37.7936	19.1174	4.97405	0.000220998
40.5089	19.4825	4.98201	0.000223673
38.204	22.4261	4.98846	0.000224214
35.1786	22.6161	4.98116	0.000220435
32.4267	21.856	4.97283	0.000217524
34.9506	19.1174	4.97004	0.000218727
36.4861	20.8667	4.98013	0.000221094
35.1786	22.6161	4.98116	0.000220435
34.9506	19.1174	4.97004	0.000218727
37.7936	19.1174	4.97405	0.000220998
36.4861	20.8667	4.98013	0.000221094
34.9506	19.1174	4.97004	0.000218727
37.7936	19.1174	4.97405	0.000220998
38.204	22.4261	4.98846	0.000224214
36.4861	20.8667	4.98013	0.000221094
35.7802	24.7062	4.9827	0.000222096
32.7002	24.7062	4.95622	0.000217923
35.1786	22.6161	4.98116	0.000220435
33.7508	28.5944	4.96363	0.000219901
32.7002	24.7062	4.95622	0.000217923
35.7802	24.7062	4.9827	0.000222096
29.1279	22.9961	4.96057	0.000216456
28.8815	20.2128	4.96156	0.00021616
32.4267	21.856	4.97283	0.000217524
37.1403	16.5071	4.93966	0.000218304
39.693	16.8552	4.95666	0.000220112
37.7936	19.1174	4.97405	0.000220998
44.3095	21.856	4.99371	0.000229301
47.2801	21.856	4.99526	0.00023087
45.0204	24.7062	4.99653	0.000232898
41.9404	24.7062	4.99487	0.000230324
44.3095	21.856	4.99371	0.000229301
45.0204	24.7062	4.99653	0.000232898
43.4158	19.3	4.98634	0.000225538
46.3226	19.1174	4.98965	0.000226983
44.3095	21.856	4.99371	0.000229301
28.0866	46.2515	4.89174	0.00123147
31.0776	49.3292	4.84206	0.00252906
28.0388	49.3292	4.89942	0.00285549
25	43.1354	4.90284	0.000641406
28.1154	43.1354	4.85027	0.0006011
28.0866	46.2515	4.89174	0.00123147
37.3464	46.2515	0.159644	0.000740274
34.3294	43.6157	0.131869	0.000527025
37.5191	43.9145	0.142757	0.000483337
31.226	43.7137	0.184783	0.000611314
31.2788	41.1758	0.177366	0.00039964
34.3294	43.6157	0.131869	0.000527025
28.0866	46.2515	4.89174	0.00123147
31.226	43.7137	0.184783	0.000611314
31.1732	46.2515	4.7796	0.00109835
28.1154	43.1354	4.85027	0.0006011
31.2788	41.1758	0.177366	0.00039964
31.226	43.7137	0.184783	0.000611314
25	46.2515	4.92748	0.00129994
25	43.1354	4.90284	0.000641406
28.0866	46.2515	4.89174	0.00123147
28.125	40	4.82376	0.000340543
31.2788	41.1758	0.177366	0.00039964
28.1154	43.1354	4.85027	0.0006011
28.125	40	4.82376	0.000340543
31.2019	38.0404	0.22729	0.00027066
31.2788	41.1758	0.177366	0.00039964
31.2019	38.0404	0.22729	0.00027066
34.399	40.9798	0.166275	0.000363824
31.2788	41.1758	0.177366	0.00039964
28.0866	33.7485	4.84562	0.00021933
31.3171	35.696	4.87453	0.000233634
28.1154	36.8646	4.74797	0.000249832
37.3464	33.7485	4.96065	0.000232855
37.1553	30.6708	4.97944	0.000227593
40.1941	30.6708	4.98715	0.000232154
37.4615	36.8646	4.90805	0.00024771
37.3464	33.7485	4.96065	0.000232855
40.433	33.7485	4.96869	0.000236131
37.4615	36.8646	4.90805	0.00024771
34.3221	37.8444	4.83764	0.000259893
34.1596	34.7385	4.92939	0.000231572
34.1596	34.7385	4.92939	0.000231572
33.997	31.6326	4.96094	0.000222573
37.3464	33.7485	4.96065	0.000232855
31.3171	35.696	4.87453	0.000233634
34.1596	34.7385	4.92939	0.000231572
34.3221	37.8444	4.83764	0.000259893
31.3171	35.696	4.87453	0.000233634
30.9343	31.8249	4.94127	0.000216088
34.1596	34.7385	4.92939	0.000231572
30.9343	31.8249	4.94127	0.000216088
33.7508	28.5944	4.96363	0.000219901
33.997	31.6326	4.96094	0.000222573
40.433	46.2515	4.79392	0.000602813
40.6201	43.7197	0.185362	0.000419757
43.5196	46.2515	4.8729	0.000545496
46.8029	37.0605	4.96789	0.000251336
43.75	40	4.86576	0.000277348
43.6827	37.2565	4.93235	0.000251449
49.9231	43.1354	4.94834	0.000348272
46.8798	40.196	4.93445	0.000293622
50	40	4.9592	0.000274357
49.9231	43.1354	4.94834	0.000348272
49.6928	46.2515	4.95641	0.000477949
46.8077	43.1354	4.91121	0.000354709
25	43.1354	4.90284	0.000641406
25	46.2515	4.92748	0.00129994
22.0142	44.8882	4.90503	0.000966956
25	40	4.85399	0.000344063
25	43.1354	4.90284	0.000641406
21.9183	41.7637	4.84267	0.000528811
25	40	4.85399	0.000344063
28.1154	43.1354	4.85027	0.0006011
25	43.1354	4.90284	0.000641406
31.2019	38.0404	0.22729	0.00027066
28.125	40	4.82376	0.000340543
28.1154	36.8646	4.74797	0.000249832
28.1154	43.1354	4.85027	0.0006011
31.226	43.7137	0.184783	0.000611314
28.0866	46.2515	4.89174	0.00123147
18.7981	41.9596	0.233284	0.000559949
15.601	39.0202	0.243118	0.000361737
18.7212	38.8242	0.204491	0.000349032
17.2523	44.2036	4.89462	0.000917754
15.7402	46.2515	4.95086	0.0015076
14.1489	44.3016	4.94841	0.000926943
18.7981	41.9596	0.233284	0.000559949
17.2523	44.2036	4.89462	0.000917754
15.6779	42.1556	4.87708	0.000594798
18.8268	46.2515	4.92036	0.00128114
15.7402	46.2515	4.95086	0.0015076
17.2523	44.2036	4.89462	0.000917754
21.7462	47.598	4.87827	0.00139885
18.8268	46.2515	4.92036	0.00128114
22.0142	44.8882	4.90503	0.000966956
21.7462	47.598	4.87827	0.00139885
18.9224	49.3292	4.84779	0.00200107
18.8268	46.2515	4.92036	0.00128114
15.6779	42.1556	4.87708	0.000594798
15.601	39.0202	0.243118	0.000361737
18.7981	41.9596	0.233284	0.000559949
18.8268	46.2515	4.92036	0.00128114
17.2523	44.2036	4.89462	0.000917754
18.7981	41.9596	0.233284	0.000559949
14.1489	44.3016	4.94841	0.000926943
12.6536	46.2515	4.97508	0.00136866
12.5577	42.3516	4.95292	0.000584379
15.6779	42.1556	4.87708	0.000594798
14.1489	44.3016	4.94841	0.000926943
12.5577	42.3516	4.95292	0.000584379
15.7402	46.2515	4.95086	0.0015076
12.6536	46.2515	4.97508	0.00136866
14.1489	44.3016	4.94841	0.000926943
12.7118	50.0843	4.97546	0.00410284
12.6536	46.2515	4.97508	0.00136866
15.8835	49.3292	4.95106	0.0031031
16.083	52.3495	4.89202	0.00753701
13.1107	52.3495	4.96148	0.0080631
15.8835	49.3292	4.95106	0.0031031
18.9224	49.3292	4.84779	0.00200107
16.083	52.3495	4.89202	0.00753701
15.8835	49.3292	4.95106	0.0031031
13.1107	52.3495	4.96148	0.0080631
10.6893	54.7417	4.93474	0.0145716
10.1383	52.3495	4.96979	0.00726927
15.8835	49.3292	4.95106	0.0031031
13.1107	52.3495	4.96148	0.0080631
12.7118	50.0843	4.97546	0.00410284
14.2198	55.2938	4.91546	0.0210292
10.6893	54.7417	4.93474	0.0145716
13.1107	52.3495	4.96148	0.0080631
17.0264	56.2438	4.85619	0.0306456
14.2198	55.2938	4.91546	0.0210292
16.083	52.3495	4.89202	0.00753701
17.2808	59.0298	4.76984	0.0783109
17.5295	61.7527	0.0934999	4.65794
15.0494	60.8826	0.115213	0.103524
17.0264	56.2438	4.85619	0.0306456
17.2808	59.0298	4.76984	0.0783109
14.6026	58.144	4.80354	0.0508282
17.0264	56.2438	4.85619	0.0306456
20.0518	56.4338	4.78465	0.0321526
17.2808	59.0298	4.76984	0.0783109
7.16598	52.3495	4.97299	0.00657044
8.05963	55.2938	4.93083	0.0162987
4.92487	55.4838	4.93475	0.0168212
6.76709	49.3292	4.98795	0.00271519
7.16598	52.3495	4.97299	0.00657044
4.19365	52.3495	4.97651	0.00611405
10.1383	52.3495	4.96979	0.00726927
8.05963	55.2938	4.93083	0.0162987
7.16598	52.3495	4.97299	0.00657044
12.7118	50.0843	4.97546	0.00410284
10.1383	52.3495	4.96979	0.00726927
9.70619	49.8955	4.98251	0.00349644
10.6893	54.7417	4.93474	0.0145716
8.05963	55.2938	4.93083	0.0162987
10.1383	52.3495	4.96979	0.00726927
12.5577	42.3516	4.95292	0.000584379
12.5	40	4.93207	0.000396172
15.6779	42.1556	4.87708	0.000594798
9.61019	45.6673	4.98748	0.00107145
12.5577	42.3516	4.95292	0.000584379
12.6536	46.2515	4.97508	0.00136866
9.61019	45.6673	4.98748	0.00107145
6.31731	42.7435	4.99287	0.000579027
9.4375	42.5475	4.98246	0.000594826
-3.10282e-28	40	4.99751	0.000403949
3.125	40	4.99653	0.000383361
3.19711	42.9395	4.99616	0.000595235
-3.10282e-28	40	4.99751	0.000403949
0.076922	36.8646	4.99784	0.000303667
3.125	40	4.99653	0.000383361
46.6062	46.2515	4.93205	0.000503185
46.2717	49.3292	4.95708	0.00087966
43.5196	46.2515	4.8729	0.000545496
43.6923	43.1354	0.238415	0.000369178
46.6062	46.2515	4.93205	0.000503185
43.5196	46.2515	4.8729	0.000545496
49.6928	46.2515	4.95641	0.000477949
49.3105	49.3292	4.96694	0.000791587
46.6062	46.2515	4.93205	0.000503185
27.4517	72.3429	0.00288292	0.0236963
25	72.3429	0.00294112	0.0293303
27.0253	69.2491	0.00689688	0.0554456
24.7277	76.3587	0.00116281	0.00987175
26.189	74.0896	0.00187261	0.016299
27.2733	75.6267	0.00133023	0.0102484
24.7277	76.3587	0.00116281	0.00987175
23.0327	74.7883	0.00166924	0.0168508
26.189	74.0896	0.00187261	0.016299
23.0339	79.8761	0.00085676	0.00661592
21.0802	79.5053	0.000963744	0.00766788
21.6827	78.0345	0.00100237	0.00821299
19.6759	76.9444	0.00123937	0.0101087
19.0551	74.0896	0.00224235	0.0206091
21.4331	74.0896	0.00205861	0.0217916
19.6759	76.9444	0.00123937	0.0101087
18.1801	75.6267	0.00172288	0.0138684
19.0551	74.0896	0.00224235	0.0206091
21.4331	74.0896	0.00205861	0.0217916
23.0327	74.7883	0.00166924	0.0168508
22.3999	76.5052	0.00121075	0.0109533
20.0967	72.3429	0.00339764	0.0382927
22.5483	72.3429	0.00316761	0.0389915
21.4331	74.0896	0.00205861	0.0217916
16.5527	73.7985	0.00267059	0.0192098
17.645	72.3429	0.00364121	0.029149
19.0551	74.0896	0.00224235	0.0206091
19.193	69.7412	0.00745063	0.0736383
21.8037	69.5771	0.0071507	4.51035
20.0967	72.3429	0.00339764	0.0382927
21.8037	69.5771	0.0071507	4.51035
23.75	70.3973	0.00542211	0.0595423
22.5483	72.3429	0.00316761	0.0389915
21.6827	78.0345	0.00100237	0.00821299
19.1515	78.89	0.00110009	0.00858855
19.6759	76.9444	0.00123937	0.0101087
22.3999	76.5052	0.00121075	0.0109533
19.6759	76.9444	0.00123937	0.0101087
21.4331	74.0896	0.00205861	0.0217916
22.3999	76.5052	0.00121075	0.0109533
21.6827	78.0345	0.00100237	0.00821299
19.6759	76.9444	0.00123937	0.0101087
24.7277	76.3587	0.00116281	0.00987175
22.3999	76.5052	0.00121075	0.0109533
23.0327	74.7883	0.00166924	0.0168508
24.7277	76.3587	0.00116281	0.00987175
24.9752	78.5234	0.000879708	0.00664393
23.329	78.279	0.000927543	0.00741638
21.0802	79.5053	0.000963744	0.00766788
19.1515	78.89	0.00110009	0.00858855
21.6827	78.0345	0.00100237	0.00821299
25	80	0.000837821	0.00618547
24.9752	78.5234	0.000879708	0.00664393
26.9661	79.8761	0.000825192	0.00566358
19.6759	76.9444	0.00123937	0.0101087
19.1515	78.89	0.00110009	0.00858855
17.2597	78.0345	0.00135791	0.0101393
28.3173	78.0345	0.000934468	0.00624382
30.8485	78.89	0.00101337	0.00610264
28.9198	79.5053	0.00090124	0.00583645
18.1801	75.6267	0.00172288	0.0138684
19.6759	76.9444	0.00123937	0.0101087
17.2597	78.0345	0.00135791	0.0101393
15.4167	76.9444	0.00174051	0.0118877
18.1801	75.6267	0.00172288	0.0138684
17.2597	78.0345	0.00135791	0.0101393
23.0327	74.7883	0.00166924	0.0168508
21.4331	74.0896	0.00205861	0.0217916
22.5483	72.3429	0.00316761	0.0389915
15.4167	76.9444	0.00174051	0.0118877
16.5527	73.7985	0.00267059	0.0192098
18.1801	75.6267	0.00172288	0.0138684
20.0967	72.3429	0.00339764	0.0382927
21.8037	69.5771	0.0071507	4.51035
22.5483	72.3429	0.00316761	0.0389915
15.4167	76.9444	0.00174051	0.0118877
13.6336	75.6267	0.00262938	0.0164503
14.237	73.9441	0.00305776	0.0190815
29.3832	76.0659	0.0012529	0.00845018
31.3712	77.1646	0.00118259	0.00705788
28.3173	78.0345	0.000934468	0.00624382
31.9219	75.3472	0.00155175	0.00927564
34.5833	76.9444	0.00151578	0.00797533
32.7403	78.0345	0.00119321	0.00674937
14.237	73.9441	0.00305776	0.0190815
11.9212	74.0896	0.00383381	0.0221906
12.7417	72.3429	0.00462201	0.0265151
11.25	70.3973	0.00755958	0.0416087
12.7417	72.3429	0.00462201	0.0265151
10.2901	72.3429	0.00607261	0.0335321
17.645	72.3429	0.00364121	0.029149
16.5527	73.7985	0.00267059	0.0192098
15.1934	72.3429	0.00398461	0.0255972
19.193	69.7412	0.00745063	0.0736383
17.645	72.3429	0.00364121	0.029149
16.25	70.3973	0.00612636	0.0413797
20.0967	72.3429	0.00339764	0.0382927
19.0551	74.0896	0.00224235	0.0206091
17.645	72.3429	0.00364121	0.029149
19.0551	74.0896	0.00224235	0.0206091
18.1801	75.6267	0.00172288	0.0138684
16.5527	73.7985	0.00267059	0.0192098
32.355	72.3429	0.00294555	0.0183421
34.8066	72.3429	0.00330556	0.0173139
33.3228	74.0896	0.00208537	0.0117251
33.3228	74.0896	0.00208537	0.0117251
31.9219	75.3472	0.00155175	0.00927564
30.9297	73.8705	0.00199945	0.0132564
35.7008	74.0896	0.00251454	0.0125292
33.3228	74.0896	0.00208537	0.0117251
34.8066	72.3429	0.00330556	0.0173139
34.5833	76.9444	0.00151578	0.00797533
31.9219	75.3472	0.00155175	0.00927564
33.3228	74.0896	0.00208537	0.0117251
17.4187	68.2649	0.0109097	0.0819525
14.8915	68.2649	0.00874224	0.054167
16.8484	65.9587	0.0191354	3.01714
16.25	70.3973	0.00612636	0.0413797
13.513	70.6966	0.00585478	0.0337375
14.8915	68.2649	0.00874224	0.054167
19.193	69.7412	0.00745063	0.0736383
16.25	70.3973	0.00612636	0.0413797
17.4187	68.2649	0.0109097	0.0819525
15.1934	72.3429	0.00398461	0.0255972
14.237	73.9441	0.00305776	0.0190815
12.7417	72.3429	0.00462201	0.0265151
17.645	72.3429	0.00364121	0.029149
15.1934	72.3429	0.00398461	0.0255972
16.25	70.3973	0.00612636	0.0413797
16.5527	73.7985	0.00267059	0.0192098
14.237	73.9441	0.00305776	0.0190815
15.1934	72.3429	0.00398461	0.0255972
12.7417	72.3429	0.00462201	0.0265151
11.25	70.3973	0.00755958	0.0416087
13.513	70.6966	0.00585478	0.0337375
8.74996	70.3973	0.0102559	0.0564719
11.25	70.3973	0.00755958	0.0416087
10.2901	72.3429	0.00607261	0.0335321
12.3644	68.2649	0.00953327	0.0535283
13.846	66.4528	0.0158411	0.0744113
14.8915	68.2649	0.00874224	0.054167
9.83732	68.2649	0.0136057	0.0810374
12.3644	68.2649	0.00953327	0.0535283
11.25	70.3973	0.00755958	0.0416087
9.83732	68.2649	0.0136057	0.0810374
11.414	65.9587	0.0207549	2.84222
12.3644	68.2649	0.00953327	0.0535283
9.83732	68.2649	0.0136057	0.0810374
11.25	70.3973	0.00755958	0.0416087
8.74996	70.3973	0.0102559	0.0564719
14.8915	68.2649	0.00874224	0.054167
13.513	70.6966	0.00585478	0.0337375
12.3644	68.2649	0.00953327	0.0535283
15.1934	72.3429	0.00398461	0.0255972
12.7417	72.3429	0.00462201	0.0265151
13.513	70.6966	0.00585478	0.0337375
15.4167	76.9444	0.00174051	0.0118877
14.237	73.9441	0.00305776	0.0190815
16.5527	73.7985	0.00267059	0.0192098
13.6336	75.6267	0.00262938	0.0164503
11.9212	74.0896	0.00383381	0.0221906
14.237	73.9441	0.00305776	0.0190815
11.9212	74.0896	0.00383381	0.0221906
10.2901	72.3429	0.00607261	0.0335321
12.7417	72.3429	0.00462201	0.0265151
7.31021	68.2649	0.0184617	0.10847
9.83732	68.2649	0.0136057	0.0810374
8.74996	70.3973	0.0102559	0.0564719
7.31021	68.2649	0.0184617	0.10847
5.97957	65.9587	0.0357332	4.64132
8.78345	65.7825	0.0288212	4.60493
28.3173	78.0345	0.000934468	0.00624382
28.9198	79.5053	0.00090124	0.00583645
26.9661	79.8761	0.000825192	0.00566358
31.3712	77.1646	0.00118259	0.00705788
31.9219	75.3472	0.00155175	0.00927564
32.7403	78.0345	0.00119321	0.00674937
28.3173	78.0345	0.000934468	0.00624382
31.3712	77.1646	0.00118259	0.00705788
30.8485	78.89	0.00101337	0.00610264
29.3832	76.0659	0.0012529	0.00845018
31.9219	75.3472	0.00155175	0.00927564
31.3712	77.1646	0.00118259	0.00705788
27.2733	75.6267	0.00133023	0.0102484
29.3832	76.0659	0.0012529	0.00845018
28.3173	78.0345	0.000934468	0.00624382
28.5669	74.0896	0.00185632	0.0139492
29.9033	72.3429	0.00285792	0.0212779
30.9297	73.8705	0.00199945	0.0132564
27.2733	75.6267	0.00133023	0.0102484
28.5669	74.0896	0.00185632	0.0139492
29.3832	76.0659	0.0012529	0.00845018
27.2733	75.6267	0.00133023	0.0102484
26.189	74.0896	0.00187261	0.016299
28.5669	74.0896	0.00185632	0.0139492
26.2439	77.6257	0.000960453	0.00715352
27.2733	75.6267	0.00133023	0.0102484
28.3173	78.0345	0.000934468	0.00624382
26.9661	79.8761	0.000825192	0.00566358
26.2439	77.6257	0.000960453	0.00715352
28.3173	78.0345	0.000934468	0.00624382
24.9752	78.5234	0.000879708	0.00664393
24.7277	76.3587	0.00116281	0.00987175
26.2439	77.6257	0.000960453	0.00715352
31.0572	70.658	0.00442459	0.0328369
30.0542	68.2649	0.00885565	4.40002
32.2468	68.921	0.00705849	0.0445058
31.0572	70.658	0.00442459	0.0328369
28.75	70.3973	0.00491727	0.0402007
30.0542	68.2649	0.00885565	4.40002
33.75	70.3973	0.0050189	0.0268021
31.0572	70.658	0.00442459	0.0328369
32.2468	68.921	0.00705849	0.0445058
29.9033	72.3429	0.00285792	0.0212779
28.75	70.3973	0.00491727	0.0402007
31.0572	70.658	0.00442459	0.0328369
30.9297	73.8705	0.00199945	0.0132564
29.9033	72.3429	0.00285792	0.0212779
32.355	72.3429	0.00294555	0.0183421
33.3228	74.0896	0.00208537	0.0117251
30.9297	73.8705	0.00199945	0.0132564
32.355	72.3429	0.00294555	0.0183421
31.9219	75.3472	0.00155175	0.00927564
29.3832	76.0659	0.0012529	0.00845018
30.9297	73.8705	0.00199945	0.0132564
28.5669	74.0896	0.00185632	0.0139492
26.189	74.0896	0.00187261	0.016299
27.4517	72.3429	0.00288292	0.0236963
25	72.3429	0.00294112	0.0293303
23.75	70.3973	0.00542211	0.0595423
27.0253	69.2491	0.00689688	0.0554456
26.9661	79.8761	0.000825192	0.00566358
24.9752	78.5234	0.000879708	0.00664393
26.2439	77.6257	0.000960453	0.00715352
27.0253	69.2491	0.00689688	0.0554456
24.3347	67.1118	0.0143686	0.113596
26.9568	67.2765	0.0124922	0.0818982
19.0904	66.7823	0.0180123	0.131536
19.999	65.078	0.0325815	4.68294
22.2828	65.9587	0.0220227	4.66474
17.4187	68.2649	0.0109097	0.0819525
19.0904	66.7823	0.0180123	0.131536
19.193	69.7412	0.00745063	0.0736383
17.4187	68.2649	0.0109097	0.0819525
16.8484	65.9587	0.0191354	3.01714
19.0904	66.7823	0.0180123	0.131536
27.4517	72.3429	0.00288292	0.0236963
28.75	70.3973	0.00491727	0.0402007
29.9033	72.3429	0.00285792	0.0212779
28.5669	74.0896	0.00185632	0.0139492
27.4517	72.3429	0.00288292	0.0236963
29.9033	72.3429	0.00285792	0.0212779
26.189	74.0896	0.00187261	0.016299
25	72.3429	0.00294112	0.0293303
27.4517	72.3429	0.00288292	0.0236963
27.0253	69.2491	0.00689688	0.0554456
26.9568	67.2765	0.0124922	0.0818982
30.0542	68.2649	0.00885565	4.40002
27.4517	72.3429	0.00288292	0.0236963
27.0253	69.2491	0.00689688	0.0554456
28.75	70.3973	0.00491727	0.0402007
23.75	70.3973	0.00542211	0.0595423
24.3347	67.1118	0.0143686	0.113596
27.0253	69.2491	0.00689688	0.0554456
34.8233	67.7707	0.0108344	0.0463872
37.4455	67.9354	0.0120915	4.34199
36.25	70.3973	0.00576198	0.0300806
31.3712	77.1646	0.00118259	0.00705788
32.7403	78.0345	0.00119321	0.00674937
30.8485	78.89	0.00101337	0.00610264
23.329	78.279	0.000927543	0.00741638
22.3999	76.5052	0.00121075	0.0109533
24.7277	76.3587	0.00116281	0.00987175
23.0339	79.8761	0.00085676	0.00661592
23.329	78.279	0.000927543	0.00741638
24.9752	78.5234	0.000879708	0.00664393
21.6827	78.0345	0.00100237	0.00821299
22.3999	76.5052	0.00121075	0.0109533
23.329	78.279	0.000927543	0.00741638
21.6827	78.0345	0.00100237	0.00821299
23.329	78.279	0.000927543	0.00741638
23.0339	79.8761	0.00085676	0.00661592
25	72.3429	0.00294112	0.0293303
26.189	74.0896	0.00187261	0.016299
23.0327	74.7883	0.00166924	0.0168508
27.2733	75.6267	0.00133023	0.0102484
26.2439	77.6257	0.000960453	0.00715352
24.7277	76.3587	0.00116281	0.00987175
25	80	0.000837821	0.00618547
23.0339	79.8761	0.00085676	0.00661592
24.9752	78.5234	0.000879708	0.00664393
35.7008	74.0896	0.00251454	0.0125292
37.3942	72.4885	0.00397794	0.0184374
38.0788	74.0896	0.00332186	0.0152279
34.5833	76.9444	0.00151578	0.00797533
35.7008	74.0896	0.00251454	0.0125292
36.3664	75.6267	0.00224144	0.0110905
34.8066	72.3429	0.00330556	0.0173139
37.3942	72.4885	0.00397794	0.0184374
35.7008	74.0896	0.00251454	0.0125292
34.5833	76.9444	0.00151578	0.00797533
33.3228	74.0896	0.00208537	0.0117251
35.7008	74.0896	0.00251454	0.0125292
33.75	70.3973	0.0050189	0.0268021
36.25	70.3973	0.00576198	0.0300806
34.8066	72.3429	0.00330556	0.0173139
35.7008	74.0896	0.00251454	0.0125292
38.0788	74.0896	0.00332186	0.0152279
36.3664	75.6267	0.00224144	0.0110905
37.4455	67.9354	0.0120915	4.34199
38.75	70.3973	0.00706989	0.0300588
36.25	70.3973	0.00576198	0.0300806
39.7099	72.3429	0.00542548	0.0218653
38.0788	74.0896	0.00332186	0.0152279
37.3942	72.4885	0.00397794	0.0184374
36.25	70.3973	0.00576198	0.0300806
33.75	70.3973	0.0050189	0.0268021
34.8233	67.7707	0.0108344	0.0463872
37.3942	72.4885	0.00397794	0.0184374
36.25	70.3973	0.00576198	0.0300806
38.75	70.3973	0.00706989	0.0300588
37.3942	72.4885	0.00397794	0.0184374
34.8066	72.3429	0.00330556	0.0173139
36.25	70.3973	0.00576198	0.0300806
15.5575	63.4929	0.0541426	4.61442
16.8484	65.9587	0.0191354	3.01714
13.846	66.4528	0.0158411	0.0744113
11.414	65.9587	0.0207549	2.84222
12.8597	63.4929	0.0474741	0.104709
13.846	66.4528	0.0158411	0.0744113
15.0494	60.8826	0.115213	0.103524
17.5295	61.7527	0.0934999	4.65794
15.5575	63.4929	0.0541426	4.61442
15.5575	63.4929	0.0541426	4.61442
17.5295	61.7527	0.0934999	4.65794
16.8484	65.9587	0.0191354	3.01714
11.6319	58.144	3.12175	0.033686
14.6026	58.144	4.80354	0.0508282
12.3979	60.3349	0.0943145	2.59676
14.6026	58.144	4.80354	0.0508282
17.2808	59.0298	4.76984	0.0783109
15.0494	60.8826	0.115213	0.103524
20.363	63.0044	0.0654441	4.68514
19.999	65.078	0.0325815	4.68294
17.5295	61.7527	0.0934999	4.65794
20.7355	60.8826	0.124721	4.60407
20.363	63.0044	0.0654441	4.68514
17.5295	61.7527	0.0934999	4.65794
20.7355	60.8826	0.124721	4.60407
23.0704	62.1007	0.0807797	0.136708
20.363	63.0044	0.0654441	4.68514
11.6319	58.144	3.12175	0.033686
10.6893	54.7417	4.93474	0.0145716
14.2198	55.2938	4.91546	0.0210292
9.3634	60.8826	0.111984	0.0756484
11.6319	58.144	3.12175	0.033686
12.3979	60.3349	0.0943145	2.59676
8.66123	58.144	4.81193	0.0362696
10.6893	54.7417	4.93474	0.0145716
11.6319	58.144	3.12175	0.033686
5.69054	58.144	4.83431	0.0401535
4.92487	55.4838	4.93475	0.0168212
8.05963	55.2938	4.93083	0.0162987
6.4478	61.0566	0.122354	0.0814486
5.69054	58.144	4.83431	0.0401535
8.66123	58.144	4.81193	0.0362696
3.67737	60.8826	0.152747	4.45345
2.71986	58.144	4.86748	0.0376409
5.69054	58.144	4.83431	0.0401535
36.8222	64.0212	0.036031	0.0476992
39.6261	63.8451	0.043852	0.0404654
38.586	65.9587	0.0222227	0.0441555
34.1521	62.7968	0.0467725	4.44237
36.8222	64.0212	0.036031	0.0476992
35.8688	65.9587	0.0190121	0.0532066
37.7936	60.8826	0.104492	0.0278302
39.6261	63.8451	0.043852	0.0404654
36.8222	64.0212	0.036031	0.0476992
38.75	70.3973	0.00706989	0.0300588
40.1627	68.2649	0.0133393	0.0371683
41.25	70.3973	0.00945772	0.0270105
37.3942	72.4885	0.00397794	0.0184374
38.75	70.3973	0.00706989	0.0300588
39.7099	72.3429	0.00542548	0.0218653
37.4455	67.9354	0.0120915	4.34199
40.1627	68.2649	0.0133393	0.0371683
38.75	70.3973	0.00706989	0.0300588
35.8688	65.9587	0.0190121	0.0532066
37.4455	67.9354	0.0120915	4.34199
34.8233	67.7707	0.0108344	0.0463872
33.1516	65.9587	0.0168018	0.06471
35.8688	65.9587	0.0190121	0.0532066
34.8233	67.7707	0.0108344	0.0463872
34.1521	62.7968	0.0467725	4.44237
34.9506	60.8826	0.0836719	0.051848
36.8222	64.0212	0.036031	0.0476992
38.75	70.3973	0.00706989	0.0300588
41.25	70.3973	0.00945772	0.0270105
39.7099	72.3429	0.00542548	0.0218653
38.586	65.9587	0.0222227	0.0441555
40.1627	68.2649	0.0133393	0.0371683
37.4455	67.9354	0.0120915	4.34199
41.3032	65.9587	0.0263934	0.0419156
42.6898	68.2649	0.017476	0.0335972
40.1627	68.2649	0.0133393	0.0371683
41.3032	65.9587	0.0263934	0.0419156
44.0204	65.9587	0.0339317	0.0476705
42.6898	68.2649	0.017476	0.0335972
41.25	70.3973	0.00945772	0.0270105
40.1627	68.2649	0.0133393	0.0371683
42.6898	68.2649	0.017476	0.0335972
36.8222	64.0212	0.036031	0.0476992
34.9506	60.8826	0.0836719	0.051848
37.7936	60.8826	0.104492	0.0278302
2.71986	58.144	4.86748	0.0376409
4.92487	55.4838	4.93475	0.0168212
5.69054	58.144	4.83431	0.0401535
8.66123	58.144	4.81193	0.0362696
8.05963	55.2938	4.93083	0.0162987
10.6893	54.7417	4.93474	0.0145716
6.4478	61.0566	0.122354	0.0814486
8.66123	58.144	4.81193	0.0362696
9.3634	60.8826	0.111984	0.0756484
5.69054	58.144	4.83431	0.0401535
8.05963	55.2938	4.93083	0.0162987
8.66123	58.144	4.81193	0.0362696
1.8995	55.2938	4.95017	0.0137168
4.92487	55.4838	4.93475	0.0168212
2.71986	58.144	4.86748	0.0376409
1.8995	55.2938	4.95017	0.0137168
1.22131	52.3495	4.98013	0.0053645
4.19365	52.3495	4.97651	0.00611405
41.3032	65.9587	0.0263934	0.0419156
42.43	63.669	0.0536553	4.34761
44.0204	65.9587	0.0339317	0.0476705
43.4796	60.8826	0.123494	0.0285921
40.6366	60.8826	0.115096	0.0287173
41.4664	58.5091	4.78826	0.0136915
45.2338	63.4929	0.0689158	0.0439443
43.4796	60.8826	0.123494	0.0285921
46.3226	60.8826	0.145849	0.0197947
42.43	63.669	0.0536553	4.34761
40.6366	60.8826	0.115096	0.0287173
43.4796	60.8826	0.123494	0.0285921
41.4664	58.5091	4.78826	0.0136915
38.5596	58.6917	4.75483	0.0163208
38.8603	55.2938	4.8894	0.00626471
46.3226	60.8826	0.145849	0.0197947
43.4796	60.8826	0.123494	0.0285921
44.2548	57.954	4.83259	0.0100656
42.43	63.669	0.0536553	4.34761
39.6261	63.8451	0.043852	0.0404654
40.6366	60.8826	0.115096	0.0287173
44.0204	65.9587	0.0339317	0.0476705
42.43	63.669	0.0536553	4.34761
45.2338	63.4929	0.0689158	0.0439443
36.8222	64.0212	0.036031	0.0476992
38.586	65.9587	0.0222227	0.0441555
35.8688	65.9587	0.0190121	0.0532066
40.6366	60.8826	0.115096	0.0287173
39.6261	63.8451	0.043852	0.0404654
37.7936	60.8826	0.104492	0.0278302
38.586	65.9587	0.0222227	0.0441555
37.4455	67.9354	0.0120915	4.34199
35.8688	65.9587	0.0190121	0.0532066
41.3032	65.9587	0.0263934	0.0419156
38.586	65.9587	0.0222227	0.0441555
39.6261	63.8451	0.043852	0.0404654
41.3032	65.9587	0.0263934	0.0419156
40.1627	68.2649	0.0133393	0.0371683
38.586	65.9587	0.0222227	0.0441555
32.2468	68.921	0.00705849	0.0445058
30.4344	65.9587	0.0163639	0.0763198
33.1516	65.9587	0.0168018	0.06471
21.7285	50.6506	0.152112	0.00206455
19.0553	52.3495	0.147455	0.00493262
18.9224	49.3292	4.84779	0.00200107
21.7462	47.598	4.87827	0.00139885
21.7285	50.6506	0.152112	0.00206455
18.9224	49.3292	4.84779	0.00200107
15.8835	49.3292	4.95106	0.0031031
18.8268	46.2515	4.92036	0.00128114
18.9224	49.3292	4.84779	0.00200107
22.0142	44.8882	4.90503	0.000966956
25	46.2515	4.92748	0.00129994
21.7462	47.598	4.87827	0.00139885
24.7341	50.8393	4.81291	0.00355083
22.4091	54.0056	0.11328	0.01009
21.7285	50.6506	0.152112	0.00206455
26.54	55.2938	0.205678	0.0202902
26.4853	58.144	4.71259	0.0517648
23.0771	56.6239	4.75708	0.0313937
30.9447	52.3495	4.86017	0.00591042
29.6201	55.2938	4.79145	0.0155133
27.9723	52.3495	4.85351	0.00692786
26.4853	58.144	4.71259	0.0517648
26.4215	60.8826	0.0963445	4.53104
24.0253	59.6046	4.69001	0.0808923
29.6201	55.2938	4.79145	0.0155133
26.4853	58.144	4.71259	0.0517648
26.54	55.2938	0.205678	0.0202902
29.6201	55.2938	4.79145	0.0155133
32.1533	57.1939	0.166233	0.025631
29.839	59.2394	0.111803	0.0567307
17.2808	59.0298	4.76984	0.0783109
20.7355	60.8826	0.124721	4.60407
17.5295	61.7527	0.0934999	4.65794
23.0771	56.6239	4.75708	0.0313937
20.3936	58.6582	4.7637	0.0735981
20.0518	56.4338	4.78465	0.0321526
23.0771	56.6239	4.75708	0.0313937
24.0253	59.6046	4.69001	0.0808923
20.3936	58.6582	4.7637	0.0735981
39.0601	41.8598	0.18272	0.000365261
37.5191	43.9145	0.142757	0.000483337
37.5	40	4.78036	0.000286927
40.625	40	0.221914	0.000284392
39.0601	41.8598	0.18272	0.000365261
37.5	40	4.78036	0.000286927
40.6201	43.7197	0.185362	0.000419757
37.5191	43.9145	0.142757	0.000483337
39.0601	41.8598	0.18272	0.000365261
40.6201	43.7197	0.185362	0.000419757
40.433	46.2515	4.79392	0.000602813
37.5191	43.9145	0.142757	0.000483337
43.6923	43.1354	0.238415	0.000369178
40.6201	43.7197	0.185362	0.000419757
40.625	40	0.221914	0.000284392
43.6923	43.1354	0.238415	0.000369178
43.5196	46.2515	4.8729	0.000545496
40.6201	43.7197	0.185362	0.000419757
46.8798	40.196	4.93445	0.000293622
43.6923	43.1354	0.238415	0.000369178
43.75	40	4.86576	0.000277348
46.8077	43.1354	4.91121	0.000354709
49.6928	46.2515	4.95641	0.000477949
46.6062	46.2515	4.93205	0.000503185
37.5	40	4.78036	0.000286927
34.399	40.9798	0.166275	0.000363824
34.3221	37.8444	4.83764	0.000259893
40.5769	36.8646	4.91229	0.0002473
37.5	40	4.78036	0.000286927
37.4615	36.8646	4.90805	0.00024771
40.625	40	0.221914	0.000284392
40.6201	43.7197	0.185362	0.000419757
39.0601	41.8598	0.18272	0.000365261
40.1224	48.7521	4.85588	0.000998259
37.0597	48.5598	0.197976	0.00127269
37.3464	46.2515	0.159644	0.000740274
34.1165	49.3292	0.20473	0.00183108
36.7564	51.5944	4.84799	0.00271492
34.1289	53.2696	4.845	0.00595581
31.1732	46.2515	4.7796	0.00109835
34.1165	49.3292	0.20473	0.00183108
31.0776	49.3292	4.84206	0.00252906
28.0866	46.2515	4.89174	0.00123147
31.1732	46.2515	4.7796	0.00109835
31.0776	49.3292	4.84206	0.00252906
34.3294	43.6157	0.131869	0.000527025
34.399	40.9798	0.166275	0.000363824
37.5191	43.9145	0.142757	0.000483337
31.1732	46.2515	4.7796	0.00109835
31.226	43.7137	0.184783	0.000611314
34.2598	46.2515	0.1507	0.000885436
31.2788	41.1758	0.177366	0.00039964
34.399	40.9798	0.166275	0.000363824
34.3294	43.6157	0.131869	0.000527025
37.0597	48.5598	0.197976	0.00127269
36.7564	51.5944	4.84799	0.00271492
34.1165	49.3292	0.20473	0.00183108
37.3464	46.2515	0.159644	0.000740274
37.0597	48.5598	0.197976	0.00127269
34.2598	46.2515	0.1507	0.000885436
40.433	46.2515	4.79392	0.000602813
37.3464	46.2515	0.159644	0.000740274
37.5191	43.9145	0.142757	0.000483337
40.433	46.2515	4.79392	0.000602813
40.1224	48.7521	4.85588	0.000998259
37.3464	46.2515	0.159644	0.000740274
40.1224	48.7521	4.85588	0.000998259
36.7564	51.5944	4.84799	0.00271492
37.0597	48.5598	0.197976	0.00127269
46.2717	49.3292	4.95708	0.00087966
45.8487	52.5335	4.95775	0.00191607
43.2329	49.3292	4.92864	0.00100808
34.1165	49.3292	0.20473	0.00183108
34.1289	53.2696	4.845	0.00595581
30.9447	52.3495	4.86017	0.00591042
7.464	63.4929	0.0589857	4.58898
8.78345	65.7825	0.0288212	4.60493
5.97957	65.9587	0.0357332	4.64132
6.4478	61.0566	0.122354	0.0814486
7.464	63.4929	0.0589857	4.58898
4.76616	63.4929	0.0709394	0.115943
6.4478	61.0566	0.122354	0.0814486
9.3634	60.8826	0.111984	0.0756484
7.464	63.4929	0.0589857	4.58898
12.3979	60.3349	0.0943145	2.59676
10.1618	63.4929	0.0499197	0.108389
9.3634	60.8826	0.111984	0.0756484
12.8597	63.4929	0.0474741	0.104709
15.0494	60.8826	0.115213	0.103524
15.5575	63.4929	0.0541426	4.61442
12.3644	68.2649	0.00953327	0.0535283
13.513	70.6966	0.00585478	0.0337375
11.25	70.3973	0.00755958	0.0416087
16.8484	65.9587	0.0191354	3.01714
14.8915	68.2649	0.00874224	0.054167
13.846	66.4528	0.0158411	0.0744113
17.4187	68.2649	0.0109097	0.0819525
16.25	70.3973	0.00612636	0.0413797
14.8915	68.2649	0.00874224	0.054167
19.999	65.078	0.0325815	4.68294
19.0904	66.7823	0.0180123	0.131536
16.8484	65.9587	0.0191354	3.01714
19.193	69.7412	0.00745063	0.0736383
20.0967	72.3429	0.00339764	0.0382927
17.645	72.3429	0.00364121	0.029149
9.83732	68.2649	0.0136057	0.0810374
8.78345	65.7825	0.0288212	4.60493
11.414	65.9587	0.0207549	2.84222
6.48041	46.2515	4.99228	0.00123123
3.72828	49.3292	4.99011	0.002508
3.39381	46.2515	4.99484	0.00114066
9.70619	49.8955	4.98251	0.00349644
6.76709	49.3292	4.98795	0.00271519
9.61019	45.6673	4.98748	0.00107145
9.70619	49.8955	4.98251	0.00349644
10.1383	52.3495	4.96979	0.00726927
7.16598	52.3495	4.97299	0.00657044
13.1107	52.3495	4.96148	0.0080631
10.1383	52.3495	4.96979	0.00726927
12.7118	50.0843	4.97546	0.00410284
4.19365	52.3495	4.97651	0.00611405
3.72828	49.3292	4.99011	0.002508
6.76709	49.3292	4.98795	0.00271519
1.8995	55.2938	4.95017	0.0137168
4.19365	52.3495	4.97651	0.00611405
4.92487	55.4838	4.93475	0.0168212
1.22131	52.3495	4.98013	0.0053645
3.72828	49.3292	4.99011	0.002508
4.19365	52.3495	4.97651	0.00611405
22.2828	65.9587	0.0220227	4.66474
23.0704	62.1007	0.0807797	0.136708
25.6067	64.7258	0.0292373	4.60442
21.8037	69.5771	0.0071507	4.51035
22.2828	65.9587	0.0220227	4.66474
24.3347	67.1118	0.0143686	0.113596
19.999	65.078	0.0325815	4.68294
20.363	63.0044	0.0654441	4.68514
22.2828	65.9587	0.0220227	4.66474
21.8037	69.5771	0.0071507	4.51035
19.193	69.7412	0.00745063	0.0736383
19.0904	66.7823	0.0180123	0.131536
16.8484	65.9587	0.0191354	3.01714
17.5295	61.7527	0.0934999	4.65794
19.999	65.078	0.0325815	4.68294
22.2828	65.9587	0.0220227	4.66474
20.363	63.0044	0.0654441	4.68514
23.0704	62.1007	0.0807797	0.136708
16.25	70.3973	0.00612636	0.0413797
15.1934	72.3429	0.00398461	0.0255972
13.513	70.6966	0.00585478	0.0337375
7.464	63.4929	0.0589857	4.58898
10.1618	63.4929	0.0499197	0.108389
8.78345	65.7825	0.0288212	4.60493
20.0518	56.4338	4.78465	0.0321526
19.0553	52.3495	0.147455	0.00493262
22.4091	54.0056	0.11328	0.01009
20.3936	58.6582	4.7637	0.0735981
17.2808	59.0298	4.76984	0.0783109
20.0518	56.4338	4.78465	0.0321526
15.0494	60.8826	0.115213	0.103524
12.8597	63.4929	0.0474741	0.104709
12.3979	60.3349	0.0943145	2.59676
9.3634	60.8826	0.111984	0.0756484
8.66123	58.144	4.81193	0.0362696
11.6319	58.144	3.12175	0.033686
9.70619	49.8955	4.98251	0.00349644
7.16598	52.3495	4.97299	0.00657044
6.76709	49.3292	4.98795	0.00271519
13.1107	52.3495	4.96148	0.0080631
16.083	52.3495	4.89202	0.00753701
14.2198	55.2938	4.91546	0.0210292
23.0771	56.6239	4.75708	0.0313937
22.4091	54.0056	0.11328	0.01009
26.54	55.2938	0.205678	0.0202902
20.7355	60.8826	0.124721	4.60407
20.3936	58.6582	4.7637	0.0735981
24.0253	59.6046	4.69001	0.0808923
20.0518	56.4338	4.78465	0.0321526
22.4091	54.0056	0.11328	0.01009
23.0771	56.6239	4.75708	0.0313937
20.7355	60.8826	0.124721	4.60407
17.2808	59.0298	4.76984	0.0783109
20.3936	58.6582	4.7637	0.0735981
17.0264	56.2438	4.85619	0.0306456
19.0553	52.3495	0.147455	0.00493262
20.0518	56.4338	4.78465	0.0321526
6.30769	36.8646	4.99245	0.000305651
6.24038	39.6081	4.99221	0.000370955
3.19231	36.8646	4.99683	0.000304998
9.49534	33.1714	4.98735	0.000264538
9.42308	36.8646	4.97916	0.000308055
6.43263	33.3637	4.99486	0.000266468
6.31731	42.7435	4.99287	0.000579027
3.125	40	4.99653	0.000383361
6.24038	39.6081	4.99221	0.000370955
9.4375	42.5475	4.98246	0.000594826
12.5	40	4.93207	0.000396172
12.5577	42.3516	4.95292	0.000584379
6.30769	36.8646	4.99245	0.000305651
9.36058	39.4121	4.97828	0.000374097
6.24038	39.6081	4.99221	0.000370955
9.42308	36.8646	4.97916	0.000308055
12.5385	36.8646	4.93783	0.000305753
9.36058	39.4121	4.97828	0.000374097
15.8122	34.7222	4.90289	0.000269641
12.5385	36.8646	4.93783	0.000305753
12.7112	34.5275	4.96021	0.000273347
9.4375	42.5475	4.98246	0.000594826
12.5577	42.3516	4.95292	0.000584379
9.61019	45.6673	4.98748	0.00107145
6.24038	39.6081	4.99221	0.000370955
9.4375	42.5475	4.98246	0.000594826
6.31731	42.7435	4.99287	0.000579027
9.36058	39.4121	4.97828	0.000374097
12.5	40	4.93207	0.000396172
9.4375	42.5475	4.98246	0.000594826
15.601	39.0202	0.243118	0.000361737
12.5	40	4.93207	0.000396172
12.5385	36.8646	4.93783	0.000305753
15.601	39.0202	0.243118	0.000361737
15.6779	42.1556	4.87708	0.000594798
12.5	40	4.93207	0.000396172
6.48041	46.2515	4.99228	0.00123123
6.76709	49.3292	4.98795	0.00271519
3.72828	49.3292	4.99011	0.002508
6.31731	42.7435	4.99287	0.000579027
6.48041	46.2515	4.99228	0.00123123
3.39381	46.2515	4.99484	0.00114066
9.61019	45.6673	4.98748	0.00107145
6.76709	49.3292	4.98795	0.00271519
6.48041	46.2515	4.99228	0.00123123
12.7118	50.0843	4.97546	0.00410284
9.70619	49.8955	4.98251	0.00349644
11.1799	48.0735	4.98151	0.0023631
3.19711	42.9395	4.99616	0.000595235
0.076922	43.1354	4.99683	0.000616995
-3.10282e-28	40	4.99751	0.000403949
6.31731	42.7435	4.99287	0.000579027
3.19711	42.9395	4.99616	0.000595235
3.125	40	4.99653	0.000383361
3.39381	46.2515	4.99484	0.00114066
0.307214	46.2515	4.99562	0.0010742
3.19711	42.9395	4.99616	0.000595235
45.0204	55.2938	4.92632	0.0043139
41.9404	55.2938	4.91068	0.00520031
42.834	52.3495	4.94258	0.00217546
48.1005	55.2938	4.93987	0.00344565
45.0204	55.2938	4.92632	0.0043139
45.8487	52.5335	4.95775	0.00191607
44.2548	57.954	4.83259	0.0100656
41.9404	55.2938	4.91068	0.00520031
45.0204	55.2938	4.92632	0.0043139
46.3226	60.8826	0.145849	0.0197947
44.2548	57.954	4.83259	0.0100656
47.2801	58.144	4.85806	0.00807476
41.4664	58.5091	4.78826	0.0136915
38.8603	55.2938	4.8894	0.00626471
41.9404	55.2938	4.91068	0.00520031
27.9723	52.3495	4.85351	0.00692786
28.0388	49.3292	4.89942	0.00285549
30.9447	52.3495	4.86017	0.00591042
19.0553	52.3495	0.147455	0.00493262
21.7285	50.6506	0.152112	0.00206455
22.4091	54.0056	0.11328	0.01009
25	46.2515	4.92748	0.00129994
28.0388	49.3292	4.89942	0.00285549
24.7341	50.8393	4.81291	0.00355083
21.7285	50.6506	0.152112	0.00206455
21.7462	47.598	4.87827	0.00139885
24.7341	50.8393	4.81291	0.00355083
15.6779	42.1556	4.87708	0.000594798
17.2523	44.2036	4.89462	0.000917754
14.1489	44.3016	4.94841	0.000926943
22.0142	44.8882	4.90503	0.000966956
18.8268	46.2515	4.92036	0.00128114
18.7981	41.9596	0.233284	0.000559949
15.8835	49.3292	4.95106	0.0031031
12.6536	46.2515	4.97508	0.00136866
15.7402	46.2515	4.95086	0.0015076
17.0264	56.2438	4.85619	0.0306456
16.083	52.3495	4.89202	0.00753701
19.0553	52.3495	0.147455	0.00493262
4.19365	52.3495	4.97651	0.00611405
7.16598	52.3495	4.97299	0.00657044
4.92487	55.4838	4.93475	0.0168212
21.9183	41.7637	4.84267	0.000528811
25	43.1354	4.90284	0.000641406
22.0142	44.8882	4.90503	0.000966956
28.125	40	4.82376	0.000340543
25	40	4.85399	0.000344063
28.1154	36.8646	4.74797	0.000249832
25	30.6708	4.90896	0.00021839
25.1151	35.3065	0.230702	0.000239133
21.9134	33.7485	0.251062	0.000244935
31.3171	35.696	4.87453	0.000233634
28.0866	33.7485	4.84562	0.00021933
30.9343	31.8249	4.94127	0.000216088
28.1154	36.8646	4.74797	0.000249832
25.1151	35.3065	0.230702	0.000239133
28.0866	33.7485	4.84562	0.00021933
33.7508	28.5944	4.96363	0.000219901
37.1553	30.6708	4.97944	0.000227593
33.997	31.6326	4.96094	0.000222573
21.8846	36.8646	4.79194	0.000278675
21.9014	39.3141	0.231591	0.000352361
18.7212	38.8242	0.204491	0.000349032
28.1154	36.8646	4.74797	0.000249832
25	40	4.85399	0.000344063
25.1151	35.3065	0.230702	0.000239133
28.125	40	4.82376	0.000340543
28.1154	43.1354	4.85027	0.0006011
25	40	4.85399	0.000344063
3.72828	49.3292	4.99011	0.002508
1.22131	52.3495	4.98013	0.0053645
0.68946	49.3292	4.99145	0.00226437
0.307214	46.2515	4.99562	0.0010742
3.39381	46.2515	4.99484	0.00114066
0.68946	49.3292	4.99145	0.00226437
11.1799	48.0735	4.98151	0.0023631
12.6536	46.2515	4.97508	0.00136866
12.7118	50.0843	4.97546	0.00410284
9.61019	45.6673	4.98748	0.00107145
11.1799	48.0735	4.98151	0.0023631
9.70619	49.8955	4.98251	0.00349644
9.61019	45.6673	4.98748	0.00107145
12.6536	46.2515	4.97508	0.00136866
11.1799	48.0735	4.98151	0.0023631
31.3817	62.6228	0.039497	4.51734
34.1521	62.7968	0.0467725	4.44237
33.1516	65.9587	0.0168018	0.06471
26.9568	67.2765	0.0124922	0.0818982
28.4106	64.5496	0.0268331	0.0948026
30.4344	65.9587	0.0163639	0.0763198
29.839	59.2394	0.111803	0.0567307
33.5519	59.0383	0.122675	0.0384834
31.3817	62.6228	0.039497	4.51734
28.6113	62.4488	0.049198	0.0995793
29.839	59.2394	0.111803	0.0567307
31.3817	62.6228	0.039497	4.51734
20.7355	60.8826	0.124721	4.60407
24.0253	59.6046	4.69001	0.0808923
23.0704	62.1007	0.0807797	0.136708
25.6371	53.0665	0.208118	0.00915856
24.7341	50.8393	4.81291	0.00355083
27.9723	52.3495	4.85351	0.00692786
22.4091	54.0056	0.11328	0.01009
25.6371	53.0665	0.208118	0.00915856
26.54	55.2938	0.205678	0.0202902
22.4091	54.0056	0.11328	0.01009
24.7341	50.8393	4.81291	0.00355083
25.6371	53.0665	0.208118	0.00915856
29.6201	55.2938	4.79145	0.0155133
31.8745	54.2817	4.82114	0.0104185
32.1533	57.1939	0.166233	0.025631
34.2598	46.2515	0.1507	0.000885436
34.3294	43.6157	0.131869	0.000527025
37.3464	46.2515	0.159644	0.000740274
31.1732	46.2515	4.7796	0.00109835
34.2598	46.2515	0.1507	0.000885436
34.1165	49.3292	0.20473	0.00183108
34.2598	46.2515	0.1507	0.000885436
31.226	43.7137	0.184783	0.000611314
34.3294	43.6157	0.131869	0.000527025
35.6527	58.8743	4.67363	0.0267296
38.5596	58.6917	4.75483	0.0163208
37.7936	60.8826	0.104492	0.0278302
33.5519	59.0383	0.122675	0.0384834
35.6527	58.8743	4.67363	0.0267296
34.9506	60.8826	0.0836719	0.051848
35.7802	55.2938	4.84597	0.00844346
38.5596	58.6917	4.75483	0.0163208
35.6527	58.8743	4.67363	0.0267296
42.43	63.669	0.0536553	4.34761
43.4796	60.8826	0.123494	0.0285921
45.2338	63.4929	0.0689158	0.0439443
6.48041	46.2515	4.99228	0.00123123
6.31731	42.7435	4.99287	0.000579027
9.61019	45.6673	4.98748	0.00107145
0.68946	49.3292	4.99145	0.00226437
3.39381	46.2515	4.99484	0.00114066
3.72828	49.3292	4.99011	0.002508
0.307214	46.2515	4.99562	0.0010742
0.076922	43.1354	4.99683	0.000616995
3.19711	42.9395	4.99616	0.000595235
6.4478	61.0566	0.122354	0.0814486
4.76616	63.4929	0.0709394	0.115943
3.67737	60.8826	0.152747	4.45345
5.69054	58.144	4.83431	0.0401535
6.4478	61.0566	0.122354	0.0814486
3.67737	60.8826	0.152747	4.45345
9.3634	60.8826	0.111984	0.0756484
10.1618	63.4929	0.0499197	0.108389
7.464	63.4929	0.0589857	4.58898
14.6026	58.144	4.80354	0.0508282
15.0494	60.8826	0.115213	0.103524
12.3979	60.3349	0.0943145	2.59676
14.2198	55.2938	4.91546	0.0210292
14.6026	58.144	4.80354	0.0508282
11.6319	58.144	3.12175	0.033686
14.2198	55.2938	4.91546	0.0210292
17.0264	56.2438	4.85619	0.0306456
14.6026	58.144	4.80354	0.0508282
7.464	63.4929	0.0589857	4.58898
5.97957	65.9587	0.0357332	4.64132
4.76616	63.4929	0.0709394	0.115943
11.414	65.9587	0.0207549	2.84222
13.846	66.4528	0.0158411	0.0744113
12.3644	68.2649	0.00953327	0.0535283
10.1618	63.4929	0.0499197	0.108389
11.414	65.9587	0.0207549	2.84222
8.78345	65.7825	0.0288212	4.60493
12.8597	63.4929	0.0474741	0.104709
15.5575	63.4929	0.0541426	4.61442
13.846	66.4528	0.0158411	0.0744113
10.1618	63.4929	0.0499197	0.108389
12.8597	63.4929	0.0474741	0.104709
11.414	65.9587	0.0207549	2.84222
10.1618	63.4929	0.0499197	0.108389
12.3979	60.3349	0.0943145	2.59676
12.8597	63.4929	0.0474741	0.104709
9.83732	68.2649	0.0136057	0.0810374
7.31021	68.2649	0.0184617	0.10847
8.78345	65.7825	0.0288212	4.60493
31.8745	54.2817	4.82114	0.0104185
30.9447	52.3495	4.86017	0.00591042
34.1289	53.2696	4.845	0.00595581
35.7802	55.2938	4.84597	0.00844346
31.8745	54.2817	4.82114	0.0104185
34.1289	53.2696	4.845	0.00595581
29.6201	55.2938	4.79145	0.0155133
30.9447	52.3495	4.86017	0.00591042
31.8745	54.2817	4.82114	0.0104185
29.839	59.2394	0.111803	0.0567307
26.4853	58.144	4.71259	0.0517648
29.6201	55.2938	4.79145	0.0155133
33.5519	59.0383	0.122675	0.0384834
29.839	59.2394	0.111803	0.0567307
32.1533	57.1939	0.166233	0.025631
35.7802	55.2938	4.84597	0.00844346
33.5519	59.0383	0.122675	0.0384834
32.1533	57.1939	0.166233	0.025631
34.9506	60.8826	0.0836719	0.051848
31.3817	62.6228	0.039497	4.51734
33.5519	59.0383	0.122675	0.0384834
28.6113	62.4488	0.049198	0.0995793
26.4215	60.8826	0.0963445	4.53104
29.839	59.2394	0.111803	0.0567307
26.54	55.2938	0.205678	0.0202902
27.9723	52.3495	4.85351	0.00692786
29.6201	55.2938	4.79145	0.0155133
25.6371	53.0665	0.208118	0.00915856
27.9723	52.3495	4.85351	0.00692786
26.54	55.2938	0.205678	0.0202902
24.7341	50.8393	4.81291	0.00355083
28.0388	49.3292	4.89942	0.00285549
27.9723	52.3495	4.85351	0.00692786
22.5483	72.3429	0.00316761	0.0389915
23.75	70.3973	0.00542211	0.0595423
25	72.3429	0.00294112	0.0293303
23.0327	74.7883	0.00166924	0.0168508
22.5483	72.3429	0.00316761	0.0389915
25	72.3429	0.00294112	0.0293303
21.4331	74.0896	0.00205861	0.0217916
19.0551	74.0896	0.00224235	0.0206091
20.0967	72.3429	0.00339764	0.0382927
19.0904	66.7823	0.0180123	0.131536
22.2828	65.9587	0.0220227	4.66474
21.8037	69.5771	0.0071507	4.51035
24.3347	67.1118	0.0143686	0.113596
23.75	70.3973	0.00542211	0.0595423
21.8037	69.5771	0.0071507	4.51035
27.0253	69.2491	0.00689688	0.0554456
30.0542	68.2649	0.00885565	4.40002
28.75	70.3973	0.00491727	0.0402007
25.6067	64.7258	0.0292373	4.60442
28.4106	64.5496	0.0268331	0.0948026
26.9568	67.2765	0.0124922	0.0818982
22.2828	65.9587	0.0220227	4.66474
25.6067	64.7258	0.0292373	4.60442
24.3347	67.1118	0.0143686	0.113596
23.0704	62.1007	0.0807797	0.136708
26.4215	60.8826	0.0963445	4.53104
25.6067	64.7258	0.0292373	4.60442
30.4344	65.9587	0.0163639	0.0763198
30.0542	68.2649	0.00885565	4.40002
26.9568	67.2765	0.0124922	0.0818982
28.6113	62.4488	0.049198	0.0995793
31.3817	62.6228	0.039497	4.51734
28.4106	64.5496	0.0268331	0.0948026
25.6067	64.7258	0.0292373	4.60442
28.6113	62.4488	0.049198	0.0995793
28.4106	64.5496	0.0268331	0.0948026
26.4215	60.8826	0.0963445	4.53104
26.4853	58.144	4.71259	0.0517648
29.839	59.2394	0.111803	0.0567307
25.6067	64.7258	0.0292373	4.60442
26.4215	60.8826	0.0963445	4.53104
28.6113	62.4488	0.049198	0.0995793
24.0253	59.6046	4.69001	0.0808923
23.0771	56.6239	4.75708	0.0313937
26.4853	58.144	4.71259	0.0517648
33.1516	65.9587	0.0168018	0.06471
34.8233	67.7707	0.0108344	0.0463872
32.2468	68.921	0.00705849	0.0445058
31.3817	62.6228	0.039497	4.51734
33.1516	65.9587	0.0168018	0.06471
30.4344	65.9587	0.0163639	0.0763198
34.1521	62.7968	0.0467725	4.44237
35.8688	65.9587	0.0190121	0.0532066
33.1516	65.9587	0.0168018	0.06471
32.355	72.3429	0.00294555	0.0183421
33.75	70.3973	0.0050189	0.0268021
34.8066	72.3429	0.00330556	0.0173139
29.3832	76.0659	0.0012529	0.00845018
28.5669	74.0896	0.00185632	0.0139492
30.9297	73.8705	0.00199945	0.0132564
31.0572	70.658	0.00442459	0.0328369
33.75	70.3973	0.0050189	0.0268021
32.355	72.3429	0.00294555	0.0183421
29.9033	72.3429	0.00285792	0.0212779
31.0572	70.658	0.00442459	0.0328369
32.355	72.3429	0.00294555	0.0183421
28.4106	64.5496	0.0268331	0.0948026
31.3817	62.6228	0.039497	4.51734
30.4344	65.9587	0.0163639	0.0763198
24.3347	67.1118	0.0143686	0.113596
25.6067	64.7258	0.0292373	4.60442
26.9568	67.2765	0.0124922	0.0818982
23.0704	62.1007	0.0807797	0.136708
24.0253	59.6046	4.69001	0.0808923
26.4215	60.8826	0.0963445	4.53104
30.4344	65.9587	0.0163639	0.0763198
32.2468	68.921	0.00705849	0.0445058
30.0542	68.2649	0.00885565	4.40002
34.8233	67.7707	0.0108344	0.0463872
33.75	70.3973	0.0050189	0.0268021
32.2468	68.921	0.00705849	0.0445058
43.2329	49.3292	4.92864	0.00100808
40.1224	48.7521	4.85588	0.000998259
40.433	46.2515	4.79392	0.000602813
48.7787	52.3495	4.96531	0.00155569
45.8487	52.5335	4.95775	0.00191607
46.2717	49.3292	4.95708	0.00087966
42.834	52.3495	4.94258	0.00217546
40.1224	48.7521	4.85588	0.000998259
43.2329	49.3292	4.92864	0.00100808
47.2801	58.144	4.85806	0.00807476
44.2548	57.954	4.83259	0.0100656
45.0204	55.2938	4.92632	0.0043139
38.8603	55.2938	4.8894	0.00626471
35.7802	55.2938	4.84597	0.00844346
36.7564	51.5944	4.84799	0.00271492
41.9404	55.2938	4.91068	0.00520031
38.8603	55.2938	4.8894	0.00626471
39.8617	52.3495	4.90936	0.00266831
45.8487	52.5335	4.95775	0.00191607
45.0204	55.2938	4.92632	0.0043139
42.834	52.3495	4.94258	0.00217546
41.4664	58.5091	4.78826	0.0136915
40.6366	60.8826	0.115096	0.0287173
38.5596	58.6917	4.75483	0.0163208
44.2548	57.954	4.83259	0.0100656
41.4664	58.5091	4.78826	0.0136915
41.9404	55.2938	4.91068	0.00520031
44.2548	57.954	4.83259	0.0100656
43.4796	60.8826	0.123494	0.0285921
41.4664	58.5091	4.78826	0.0136915
38.5596	58.6917	4.75483	0.0163208
35.7802	55.2938	4.84597	0.00844346
38.8603	55.2938	4.8894	0.00626471
6.31731	42.7435	4.99287	0.000579027
3.39381	46.2515	4.99484	0.00114066
3.19711	42.9395	4.99616	0.000595235
45.8487	52.5335	4.95775	0.00191607
42.834	52.3495	4.94258	0.00217546
43.2329	49.3292	4.92864	0.00100808
48.1005	55.2938	4.93987	0.00344565
45.8487	52.5335	4.95775	0.00191607
48.7787	52.3495	4.96531	0.00155569
48.1005	55.2938	4.93987	0.00344565
47.2801	58.144	4.85806	0.00807476
45.0204	55.2938	4.92632	0.0043139
37.7936	60.8826	0.104492	0.0278302
38.5596	58.6917	4.75483	0.0163208
40.6366	60.8826	0.115096	0.0287173
41.3032	65.9587	0.0263934	0.0419156
39.6261	63.8451	0.043852	0.0404654
42.43	63.669	0.0536553	4.34761
34.9506	60.8826	0.0836719	0.051848
35.6527	58.8743	4.67363	0.0267296
37.7936	60.8826	0.104492	0.0278302
31.3817	62.6228	0.039497	4.51734
34.9506	60.8826	0.0836719	0.051848
34.1521	62.7968	0.0467725	4.44237
33.5519	59.0383	0.122675	0.0384834
35.7802	55.2938	4.84597	0.00844346
35.6527	58.8743	4.67363	0.0267296
31.8745	54.2817	4.82114	0.0104185
35.7802	55.2938	4.84597	0.00844346
32.1533	57.1939	0.166233	0.025631
34.1165	49.3292	0.20473	0.00183108
34.2598	46.2515	0.1507	0.000885436
37.0597	48.5598	0.197976	0.00127269
28.0388	49.3292	4.89942	0.00285549
31.0776	49.3292	4.84206	0.00252906
30.9447	52.3495	4.86017	0.00591042
28.0388	49.3292	4.89942	0.00285549
25	46.2515	4.92748	0.00129994
28.0866	46.2515	4.89174	0.00123147
36.7564	51.5944	4.84799	0.00271492
35.7802	55.2938	4.84597	0.00844346
34.1289	53.2696	4.845	0.00595581
30.9447	52.3495	4.86017	0.00591042
31.0776	49.3292	4.84206	0.00252906
34.1165	49.3292	0.20473	0.00183108
40.1224	48.7521	4.85588	0.000998259
42.834	52.3495	4.94258	0.00217546
39.8617	52.3495	4.90936	0.00266831
39.8617	52.3495	4.90936	0.00266831
42.834	52.3495	4.94258	0.00217546
41.9404	55.2938	4.91068	0.00520031
36.7564	51.5944	4.84799	0.00271492
39.8617	52.3495	4.90936	0.00266831
38.8603	55.2938	4.8894	0.00626471
36.7564	51.5944	4.84799	0.00271492
40.1224	48.7521	4.85588	0.000998259
39.8617	52.3495	4.90936	0.00266831
18.9224	49.3292	4.84779	0.00200107
19.0553	52.3495	0.147455	0.00493262
16.083	52.3495	4.89202	0.00753701
15.7402	46.2515	4.95086	0.0015076
18.8268	46.2515	4.92036	0.00128114
15.8835	49.3292	4.95106	0.0031031
21.7462	47.598	4.87827	0.00139885
25	46.2515	4.92748	0.00129994
24.7341	50.8393	4.81291	0.00355083
22.0108	14.5924	0.163916	0.000219792
19.9458	11.7351	0.122427	0.000220505
23.0432	12.7235	0.13102	0.000219231
17.645	7.6571	0.0679575	0.000222421
18.75	9.60269	0.0947635	0.00022144
16.5822	10.0948	4.65402	0.000219004
14.9215	7.36598	0.0762618	0.000223535
17.645	7.6571	0.0679575	0.000222421
16.5822	10.0948	4.65402	0.000219004
16.6772	5.91038	0.0457525	0.000223144
19.0551	5.91038	0.0361954	0.000222539
17.645	7.6571	0.0679575	0.000222421
20.0967	7.6571	0.0491476	0.000221603
21.25	9.60269	0.0678755	0.00022048
18.75	9.60269	0.0947635	0.00022144
17.645	7.6571	0.0679575	0.000222421
19.0551	5.91038	0.0361954	0.000222539
20.0967	7.6571	0.0491476	0.000221603
24.1844	6.78374	0.039619	0.000221154
26.189	5.91038	0.0350413	0.000221322
25.4207	8.55507	0.0728541	0.000219964
28.5669	5.91038	0.0393249	0.000220877
31.8199	4.37335	0.0282662	0.000220642
31.1316	6.34706	0.0462171	0.00021994
26.9661	0.123895	0.0127484	0.000223246
28.4094	2.238	0.0166523	0.000222534
26.0648	3.0556	0.0174745	0.000222754
28.9198	0.494728	0.0150999	0.000222682
30.8485	1.10996	0.0174112	0.000222009
28.4094	2.238	0.0166523	0.000222534
31.25	9.60269	0.123593	0.000218596
33.75	9.60269	0.104738	0.000218243
32.5813	11.7351	4.74844	0.000214825
30.9096	13.2177	4.8483	0.000214864
29.636	10.915	4.72823	0.00021499
32.5813	11.7351	4.74844	0.000214825
32.355	7.6571	0.0646017	0.00021904
33.4473	6.2015	0.0430672	0.000219284
34.9468	7.95642	0.0662451	0.000218317
29.9033	7.6571	0.0698263	0.00021961
32.355	7.6571	0.0646017	0.00021904
31.25	9.60269	0.123593	0.000218596
31.1316	6.34706	0.0462171	0.00021994
31.8199	4.37335	0.0282662	0.000220642
33.4473	6.2015	0.0430672	0.000219284
29.9033	7.6571	0.0698263	0.00021961
31.1316	6.34706	0.0462171	0.00021994
32.355	7.6571	0.0646017	0.00021904
29.9033	7.6571	0.0698263	0.00021961
28.5669	5.91038	0.0393249	0.000220877
31.1316	6.34706	0.0462171	0.00021994
28.5669	5.91038	0.0393249	0.000220877
29.9033	7.6571	0.0698263	0.00021961
27.8022	8.40541	0.0873398	0.000219629
25	4.37335	0.0224159	0.000222317
27.2733	4.37335	0.024842	0.000221961
26.189	5.91038	0.0350413	0.000221322
27.2733	4.37335	0.024842	0.000221961
30.3241	3.0556	0.0204462	0.000221705
28.5669	5.91038	0.0393249	0.000220877
31.1316	6.34706	0.0462171	0.00021994
33.4473	6.2015	0.0430672	0.000219284
32.355	7.6571	0.0646017	0.00021904
27.2733	4.37335	0.024842	0.000221961
28.4094	2.238	0.0166523	0.000222534
30.3241	3.0556	0.0204462	0.000221705
26.189	5.91038	0.0350413	0.000221322
27.2733	4.37335	0.024842	0.000221961
28.5669	5.91038	0.0393249	0.000220877
26.0648	3.0556	0.0174745	0.000222754
28.4094	2.238	0.0166523	0.000222534
27.2733	4.37335	0.024842	0.000221961
29.636	10.915	4.72823	0.00021499
29.9033	7.6571	0.0698263	0.00021961
31.25	9.60269	0.123593	0.000218596
25.4207	8.55507	0.0728541	0.000219964
27.8022	8.40541	0.0873398	0.000219629
27.0253	10.7509	4.68101	0.000215357
25.4207	8.55507	0.0728541	0.000219964
26.189	5.91038	0.0350413	0.000221322
27.8022	8.40541	0.0873398	0.000219629
26.3489	16.5071	4.87712	0.00021551
24.3933	15.2742	0.211098	0.000219079
25.6653	12.8882	4.73695	0.000215156
30.3241	3.0556	0.0204462	0.000221705
31.8199	4.37335	0.0282662	0.000220642
28.5669	5.91038	0.0393249	0.000220877
30.8485	1.10996	0.0174112	0.000222009
30.3241	3.0556	0.0204462	0.000221705
28.4094	2.238	0.0166523	0.000222534
30.8485	1.10996	0.0174112	0.000222009
32.7403	1.96546	0.0212561	0.000221071
30.3241	3.0556	0.0204462	0.000221705
30.3241	3.0556	0.0204462	0.000221705
32.7403	1.96546	0.0212561	0.000221071
31.8199	4.37335	0.0282662	0.000220642
23.9352	3.0556	0.0166868	0.00022298
25	4.37335	0.0224159	0.000222317
22.7267	4.37335	0.0212549	0.000222582
26.9661	0.123895	0.0127484	0.000223246
26.0648	3.0556	0.0174745	0.000222754
25.0248	1.47661	0.013659	0.000223297
26.9661	0.123895	0.0127484	0.000223246
28.9198	0.494728	0.0150999	0.000222682
28.4094	2.238	0.0166523	0.000222534
25.0248	1.47661	0.013659	0.000223297
25	-8.70219e-28	0.0127765	0.000223416
26.9661	0.123895	0.0127484	0.000223246
23.9352	3.0556	0.0166868	0.00022298
25.0248	1.47661	0.013659	0.000223297
26.0648	3.0556	0.0174745	0.000222754
23.9352	3.0556	0.0166868	0.00022298
23.0835	1.59882	0.0137974	0.0002234
25.0248	1.47661	0.013659	0.000223297
32.7403	1.96546	0.0212561	0.000221071
34.5833	3.0556	0.0265445	0.000219962
31.8199	4.37335	0.0282662	0.000220642
25	4.37335	0.0224159	0.000222317
26.0648	3.0556	0.0174745	0.000222754
27.2733	4.37335	0.024842	0.000221961
24.1844	6.78374	0.039619	0.000221154
25	4.37335	0.0224159	0.000222317
26.189	5.91038	0.0350413	0.000221322
23.9352	3.0556	0.0166868	0.00022298
26.0648	3.0556	0.0174745	0.000222754
25	4.37335	0.0224159	0.000222317
21.913	2.6468	0.0159673	0.00022324
23.9352	3.0556	0.0166868	0.00022298
22.7267	4.37335	0.0212549	0.000222582
23.0835	1.59882	0.0137974	0.0002234
23.0339	0.123895	0.0127396	0.000223538
25.0248	1.47661	0.013659	0.000223297
21.913	2.6468	0.0159673	0.00022324
23.0835	1.59882	0.0137974	0.0002234
23.9352	3.0556	0.0166868	0.00022298
21.4331	5.91038	0.0301883	0.000222052
20.4534	4.37335	0.0230961	0.000222824
22.7267	4.37335	0.0212549	0.000222582
19.7476	2.78306	0.018685	0.000223294
21.0802	0.494728	0.0137424	0.000223551
21.913	2.6468	0.0159673	0.00022324
23.0339	0.123895	0.0127396	0.000223538
25	-8.70219e-28	0.0127765	0.000223416
25.0248	1.47661	0.013659	0.000223297
33.4473	6.2015	0.0430672	0.000219284
34.5833	3.0556	0.0265445	0.000219962
35.7008	5.91038	0.044465	0.000218611
36.3664	4.37335	0.0390814	0.000218846
35.7008	5.91038	0.044465	0.000218611
34.5833	3.0556	0.0265445	0.000219962
23.5785	19.1174	4.90609	0.000217493
26.3489	16.5071	4.87712	0.00021551
26.4215	19.1174	4.93854	0.00021649
23.0771	23.3761	4.97304	0.000220883
25.3391	26.1784	4.96775	0.00021921
22.0277	27.6505	4.96747	0.000225627
29.636	10.915	4.72823	0.00021499
27.8022	8.40541	0.0873398	0.000219629
29.9033	7.6571	0.0698263	0.00021961
29.636	10.915	4.72823	0.00021499
27.0253	10.7509	4.68101	0.000215357
27.8022	8.40541	0.0873398	0.000219629
32.5813	11.7351	4.74844	0.000214825
29.636	10.915	4.72823	0.00021499
31.25	9.60269	0.123593	0.000218596
28.2875	13.053	4.83067	0.000214828
27.0253	10.7509	4.68101	0.000215357
29.636	10.915	4.72823	0.00021499
23.0432	12.7235	0.13102	0.000219231
25.6653	12.8882	4.73695	0.000215156
24.3933	15.2742	0.211098	0.000219079
24.4145	10.5869	0.109908	0.000219272
25.4207	8.55507	0.0728541	0.000219964
27.0253	10.7509	4.68101	0.000215357
23.0432	12.7235	0.13102	0.000219231
24.4145	10.5869	0.109908	0.000219272
25.6653	12.8882	4.73695	0.000215156
23.0432	12.7235	0.13102	0.000219231
21.25	9.60269	0.0678755	0.00022048
24.4145	10.5869	0.109908	0.000219272
24.1844	6.78374	0.039619	0.000221154
22.5483	7.6571	0.0438842	0.000220976
21.4331	5.91038	0.0301883	0.000222052
25	4.37335	0.0224159	0.000222317
24.1844	6.78374	0.039619	0.000221154
22.7267	4.37335	0.0212549	0.000222582
25.4207	8.55507	0.0728541	0.000219964
24.4145	10.5869	0.109908	0.000219272
22.5483	7.6571	0.0438842	0.000220976
24.4145	10.5869	0.109908	0.000219272
21.25	9.60269	0.0678755	0.00022048
22.5483	7.6571	0.0438842	0.000220976
19.5656	14.0413	0.181092	0.000220801
20.9532	16.5071	0.220973	0.000220897
18.2554	16.5071	4.8586	0.00021897
19.9458	11.7351	0.122427	0.000220505
19.5656	14.0413	0.181092	0.000220801
17.7988	12.3941	4.73171	0.000218155
18.75	9.60269	0.0947635	0.00022144
19.9458	11.7351	0.122427	0.000220505
17.7988	12.3941	4.73171	0.000218155
21.25	9.60269	0.0678755	0.00022048
23.0432	12.7235	0.13102	0.000219231
19.9458	11.7351	0.122427	0.000220505
22.0108	14.5924	0.163916	0.000219792
20.9532	16.5071	0.220973	0.000220897
19.5656	14.0413	0.181092	0.000220801
19.9458	11.7351	0.122427	0.000220505
22.0108	14.5924	0.163916	0.000219792
19.5656	14.0413	0.181092	0.000220801
23.0432	12.7235	0.13102	0.000219231
24.3933	15.2742	0.211098	0.000219079
22.0108	14.5924	0.163916	0.000219792
17.7548	18.7251	4.93117	0.000220771
20.7355	19.1174	4.90385	0.000219116
17.2541	20.9431	4.96764	0.000223125
16.8484	14.0413	4.83218	0.000218948
18.2554	16.5071	4.8586	0.00021897
15.9817	15.8026	4.90207	0.000220167
20.9532	16.5071	0.220973	0.000220897
20.7355	19.1174	4.90385	0.000219116
18.2554	16.5071	4.8586	0.00021897
14.9215	7.36598	0.0762618	0.000223535
16.5822	10.0948	4.65402	0.000219004
13.513	9.30337	0.132348	0.000224103
12.6058	7.51154	0.0891727	0.00022434
14.9215	7.36598	0.0762618	0.000223535
13.513	9.30337	0.132348	0.000224103
13.6336	4.37335	0.0454022	0.00022382
15.4167	3.0556	0.0310041	0.000223538
16.6772	5.91038	0.0457525	0.000223144
19.7476	2.78306	0.018685	0.000223294
19.1515	1.10996	0.0173159	0.000223441
21.0802	0.494728	0.0137424	0.000223551
20.4534	4.37335	0.0230961	0.000222824
19.0551	5.91038	0.0361954	0.000222539
18.1801	4.37335	0.0281846	0.000223126
21.913	2.6468	0.0159673	0.00022324
20.4534	4.37335	0.0230961	0.000222824
19.7476	2.78306	0.018685	0.000223294
21.4331	5.91038	0.0301883	0.000222052
19.0551	5.91038	0.0361954	0.000222539
20.4534	4.37335	0.0230961	0.000222824
24.1844	6.78374	0.039619	0.000221154
21.4331	5.91038	0.0301883	0.000222052
22.7267	4.37335	0.0212549	0.000222582
20.0967	7.6571	0.0491476	0.000221603
19.0551	5.91038	0.0361954	0.000222539
21.4331	5.91038	0.0301883	0.000222052
20.4534	4.37335	0.0230961	0.000222824
18.1801	4.37335	0.0281846	0.000223126
19.7476	2.78306	0.018685	0.000223294
23.0835	1.59882	0.0137974	0.0002234
21.0802	0.494728	0.0137424	0.000223551
23.0339	0.123895	0.0127396	0.000223538
27.8022	8.40541	0.0873398	0.000219629
26.189	5.91038	0.0350413	0.000221322
28.5669	5.91038	0.0393249	0.000220877
25.6653	12.8882	4.73695	0.000215156
24.4145	10.5869	0.109908	0.000219272
27.0253	10.7509	4.68101	0.000215357
22.5483	7.6571	0.0438842	0.000220976
20.0967	7.6571	0.0491476	0.000221603
21.4331	5.91038	0.0301883	0.000222052
25.4207	8.55507	0.0728541	0.000219964
22.5483	7.6571	0.0438842	0.000220976
24.1844	6.78374	0.039619	0.000221154
21.25	9.60269	0.0678755	0.00022048
20.0967	7.6571	0.0491476	0.000221603
22.5483	7.6571	0.0438842	0.000220976
14.9215	7.36598	0.0762618	0.000223535
16.6772	5.91038	0.0457525	0.000223144
17.645	7.6571	0.0679575	0.000222421
21.913	2.6468	0.0159673	0.00022324
21.0802	0.494728	0.0137424	0.000223551
23.0835	1.59882	0.0137974	0.0002234
37.3284	7.80676	0.071147	0.000217888
38.0788	5.91038	0.0563119	0.000218016
39.7099	7.6571	0.0913304	0.000217766
33.4473	6.2015	0.0430672	0.000219284
35.7008	5.91038	0.044465	0.000218611
34.9468	7.95642	0.0662451	0.000218317
33.75	9.60269	0.104738	0.000218243
32.355	7.6571	0.0646017	0.00021904
34.9468	7.95642	0.0662451	0.000218317
31.8199	4.37335	0.0282662	0.000220642
34.5833	3.0556	0.0265445	0.000219962
33.4473	6.2015	0.0430672	0.000219284
36.3664	4.37335	0.0390814	0.000218846
38.0788	5.91038	0.0563119	0.000218016
35.7008	5.91038	0.044465	0.000218611
19.7476	2.78306	0.018685	0.000223294
17.2597	1.96546	0.022319	0.000223441
19.1515	1.10996	0.0173159	0.000223441
18.1801	4.37335	0.0281846	0.000223126
16.6772	5.91038	0.0457525	0.000223144
15.4167	3.0556	0.0310041	0.000223538
19.7476	2.78306	0.018685	0.000223294
18.1801	4.37335	0.0281846	0.000223126
17.2597	1.96546	0.022319	0.000223441
19.0551	5.91038	0.0361954	0.000222539
16.6772	5.91038	0.0457525	0.000223144
18.1801	4.37335	0.0281846	0.000223126
21.913	2.6468	0.0159673	0.00022324
22.7267	4.37335	0.0212549	0.000222582
20.4534	4.37335	0.0230961	0.000222824
20.0967	7.6571	0.0491476	0.000221603
18.75	9.60269	0.0947635	0.00022144
17.645	7.6571	0.0679575	0.000222421
14.9215	7.36598	0.0762618	0.000223535
13.6336	4.37335	0.0454022	0.00022382
16.6772	5.91038	0.0457525	0.000223144
32.355	7.6571	0.0646017	0.00021904
33.75	9.60269	0.104738	0.000218243
31.25	9.60269	0.123593	0.000218596
38.0788	5.91038	0.0563119	0.000218016
37.3284	7.80676	0.071147	0.000217888
35.7008	5.91038	0.044465	0.000218611
38.75	9.60269	0.120389	0.000217982
41.25	9.60269	0.165594	0.000218404
40.1627	11.7351	4.79333	0.000215736
36.25	9.60269	0.0987422	0.000217996
38.75	9.60269	0.120389	0.000217982
37.4683	11.4071	0.1726	0.000218416
39.7099	7.6571	0.0913304	0.000217766
41.25	9.60269	0.165594	0.000218404
38.75	9.60269	0.120389	0.000217982
15.4167	3.0556	0.0310041	0.000223538
17.2597	1.96546	0.022319	0.000223441
18.1801	4.37335	0.0281846	0.000223126
44.0204	14.0413	4.94379	0.000219431
41.2166	14.2175	4.91857	0.00021813
42.6898	11.7351	4.86436	0.000216658
14.9215	7.36598	0.0762618	0.000223535
12.6058	7.51154	0.0891727	0.00022434
13.6336	4.37335	0.0454022	0.00022382
15.1767	12.2293	4.80843	0.000219776
12.5545	12.0646	4.82383	0.000221469
13.513	9.30337	0.132348	0.000224103
16.5822	10.0948	4.65402	0.000219004
17.7988	12.3941	4.73171	0.000218155
15.1767	12.2293	4.80843	0.000219776
14.1312	14.0413	4.88966	0.000220874
12.5545	12.0646	4.82383	0.000221469
15.1767	12.2293	4.80843	0.000219776
15.9817	15.8026	4.90207	0.000220167
14.7591	18.4213	4.95849	0.000222729
13.1778	15.9788	4.93981	0.000222399
16.5822	10.0948	4.65402	0.000219004
18.75	9.60269	0.0947635	0.00022144
17.7988	12.3941	4.73171	0.000218155
22.0108	14.5924	0.163916	0.000219792
24.3933	15.2742	0.211098	0.000219079
20.9532	16.5071	0.220973	0.000220897
11.4404	21.3083	4.98763	0.00022798
12.2064	19.1174	4.97647	0.000225274
14.6026	21.856	4.98275	0.000226181
8.66123	21.856	4.99246	0.000230524
11.4404	21.3083	4.98763	0.00022798
10.9756	24.1362	4.99325	0.000232014
8.66123	21.856	4.99246	0.000230524
9.3634	19.1174	4.98359	0.000227322
11.4404	21.3083	4.98763	0.00022798
6.52038	19.1174	4.98833	0.00022894
7.464	16.5071	4.97292	0.000226456
9.3634	19.1174	4.98359	0.000227322
3.67737	19.1174	4.99153	0.000230128
6.52038	19.1174	4.98833	0.00022894
5.62671	21.6734	4.99452	0.000231981
3.67737	19.1174	4.99153	0.000230128
4.76616	16.5071	4.9808	0.000227568
6.52038	19.1174	4.98833	0.00022894
10.1618	16.5071	4.96286	0.000224893
12.2064	19.1174	4.97647	0.000225274
9.3634	19.1174	4.98359	0.000227322
5.97957	14.0413	4.95494	0.00022551
8.69678	14.0413	4.93377	0.000224399
7.464	16.5071	4.97292	0.000226456
11.414	14.0413	4.91299	0.000222798
13.1778	15.9788	4.93981	0.000222399
10.1618	16.5071	4.96286	0.000224893
15.1767	12.2293	4.80843	0.000219776
16.8484	14.0413	4.83218	0.000218948
14.1312	14.0413	4.88966	0.000220874
6.52038	19.1174	4.98833	0.00022894
9.3634	19.1174	4.98359	0.000227322
8.66123	21.856	4.99246	0.000230524
14.7591	18.4213	4.95849	0.000222729
12.2064	19.1174	4.97647	0.000225274
13.1778	15.9788	4.93981	0.000222399
14.7591	18.4213	4.95849	0.000222729
14.6026	21.856	4.98275	0.000226181
12.2064	19.1174	4.97647	0.000225274
12.6058	7.51154	0.0891727	0.00022434
11.9212	5.91038	0.0748927	0.000224295
13.6336	4.37335	0.0454022	0.00022382
11.25	9.60269	0.152086	0.000225221
12.6058	7.51154	0.0891727	0.00022434
13.513	9.30337	0.132348	0.000224103
10.2901	7.6571	0.11437	0.000225066
11.9212	5.91038	0.0748927	0.000224295
12.6058	7.51154	0.0891727	0.00022434
41.2166	14.2175	4.91857	0.00021813
40.1627	11.7351	4.79333	0.000215736
42.6898	11.7351	4.86436	0.000216658
35.1085	11.7351	0.177708	0.000218303
37.4683	11.4071	0.1726	0.000218416
35.6088	14.5697	4.87206	0.000216222
33.1516	14.0413	4.86715	0.000215336
35.1085	11.7351	0.177708	0.000218303
35.6088	14.5697	4.87206	0.000216222
32.5813	11.7351	4.74844	0.000214825
33.75	9.60269	0.104738	0.000218243
35.1085	11.7351	0.177708	0.000218303
37.3284	7.80676	0.071147	0.000217888
39.7099	7.6571	0.0913304	0.000217766
38.75	9.60269	0.120389	0.000217982
36.25	9.60269	0.0987422	0.000217996
37.3284	7.80676	0.071147	0.000217888
38.75	9.60269	0.120389	0.000217982
35.1085	11.7351	0.177708	0.000218303
36.25	9.60269	0.0987422	0.000217996
37.4683	11.4071	0.1726	0.000218416
34.9468	7.95642	0.0662451	0.000218317
37.3284	7.80676	0.071147	0.000217888
36.25	9.60269	0.0987422	0.000217996
34.9468	7.95642	0.0662451	0.000218317
35.7008	5.91038	0.044465	0.000218611
37.3284	7.80676	0.071147	0.000217888
42.536	16.5071	4.96584	0.000221436
44.0204	14.0413	4.94379	0.000219431
45.2338	16.5071	4.97601	0.000223023
38.4127	14.3936	4.88615	0.00021706
41.2166	14.2175	4.91857	0.00021813
39.693	16.8552	4.95666	0.000220112
38.4127	14.3936	4.88615	0.00021706
37.4683	11.4071	0.1726	0.000218416
40.1627	11.7351	4.79333	0.000215736
10.2901	7.6571	0.11437	0.000225066
12.6058	7.51154	0.0891727	0.00022434
11.25	9.60269	0.152086	0.000225221
28.2875	13.053	4.83067	0.000214828
30.001	14.922	4.90167	0.000215089
26.3489	16.5071	4.87712	0.00021551
35.1085	11.7351	0.177708	0.000218303
33.1516	14.0413	4.86715	0.000215336
32.5813	11.7351	4.74844	0.000214825
30.001	14.922	4.90167	0.000215089
28.6113	17.5512	4.93486	0.000215646
26.3489	16.5071	4.87712	0.00021551
30.9096	13.2177	4.8483	0.000214864
30.001	14.922	4.90167	0.000215089
28.2875	13.053	4.83067	0.000214828
29.636	10.915	4.72823	0.00021499
30.9096	13.2177	4.8483	0.000214864
28.2875	13.053	4.83067	0.000214828
32.5813	11.7351	4.74844	0.000214825
33.1516	14.0413	4.86715	0.000215336
30.9096	13.2177	4.8483	0.000214864
31.7446	16.5071	4.93496	0.000215887
28.6113	17.5512	4.93486	0.000215646
30.001	14.922	4.90167	0.000215089
34.4425	16.5071	4.93537	0.000216912
31.7446	16.5071	4.93496	0.000215887
33.1516	14.0413	4.86715	0.000215336
34.4425	16.5071	4.93537	0.000216912
34.9506	19.1174	4.97004	0.000218727
32.1075	19.1174	4.96536	0.000216839
37.1403	16.5071	4.93966	0.000218304
34.4425	16.5071	4.93537	0.000216912
35.6088	14.5697	4.87206	0.000216222
37.1403	16.5071	4.93966	0.000218304
37.7936	19.1174	4.97405	0.000220998
34.9506	19.1174	4.97004	0.000218727
11.414	14.0413	4.91299	0.000222798
14.1312	14.0413	4.88966	0.000220874
13.1778	15.9788	4.93981	0.000222399
8.69678	14.0413	4.93377	0.000224399
9.93237	11.8999	4.84515	0.000222898
11.414	14.0413	4.91299	0.000222798
11.25	9.60269	0.152086	0.000225221
13.513	9.30337	0.132348	0.000224103
12.5545	12.0646	4.82383	0.000221469
10.2901	7.6571	0.11437	0.000225066
11.25	9.60269	0.152086	0.000225221
8.74996	9.60269	0.188205	0.000226105
13.513	9.30337	0.132348	0.000224103
16.5822	10.0948	4.65402	0.000219004
15.1767	12.2293	4.80843	0.000219776
9.93237	11.8999	4.84515	0.000222898
11.25	9.60269	0.152086	0.000225221
12.5545	12.0646	4.82383	0.000221469
11.414	14.0413	4.91299	0.000222798
9.93237	11.8999	4.84515	0.000222898
12.5545	12.0646	4.82383	0.000221469
8.69678	14.0413	4.93377	0.000224399
7.31021	11.7351	4.8888	0.000223844
9.93237	11.8999	4.84515	0.000222898
37.4683	11.4071	0.1726	0.000218416
38.4127	14.3936	4.88615	0.00021706
35.6088	14.5697	4.87206	0.000216222
42.536	16.5071	4.96584	0.000221436
43.4158	19.3	4.98634	0.000225538
40.5089	19.4825	4.98201	0.000223673
44.0204	14.0413	4.94379	0.000219431
42.536	16.5071	4.96584	0.000221436
41.2166	14.2175	4.91857	0.00021813
45.2338	16.5071	4.97601	0.000223023
43.4158	19.3	4.98634	0.000225538
42.536	16.5071	4.96584	0.000221436
40.5089	19.4825	4.98201	0.000223673
41.2294	22.236	4.99179	0.000227281
38.204	22.4261	4.98846	0.000224214
42.536	16.5071	4.96584	0.000221436
40.5089	19.4825	4.98201	0.000223673
39.693	16.8552	4.95666	0.000220112
43.4158	19.3	4.98634	0.000225538
41.2294	22.236	4.99179	0.000227281
40.5089	19.4825	4.98201	0.000223673
47.2801	21.856	4.99526	0.00023087
44.3095	21.856	4.99371	0.000229301
46.3226	19.1174	4.98965	0.000226983
38.4127	14.3936	4.88615	0.00021706
37.1403	16.5071	4.93966	0.000218304
35.6088	14.5697	4.87206	0.000216222
40.1627	11.7351	4.79333	0.000215736
41.2166	14.2175	4.91857	0.00021813
38.4127	14.3936	4.88615	0.00021706
38.75	9.60269	0.120389	0.000217982
40.1627	11.7351	4.79333	0.000215736
37.4683	11.4071	0.1726	0.000218416
41.25	9.60269	0.165594	0.000218404
42.6898	11.7351	4.86436	0.000216658
40.1627	11.7351	4.79333	0.000215736
39.693	16.8552	4.95666	0.000220112
37.1403	16.5071	4.93966	0.000218304
38.4127	14.3936	4.88615	0.00021706
40.5089	19.4825	4.98201	0.000223673
37.7936	19.1174	4.97405	0.000220998
39.693	16.8552	4.95666	0.000220112
28.8815	20.2128	4.96156	0.00021616
29.1279	22.9961	4.96057	0.000216456
26.1025	23.1861	4.9688	0.000217907
32.1075	19.1174	4.96536	0.000216839
34.9506	19.1174	4.97004	0.000218727
32.4267	21.856	4.97283	0.000217524
28.8815	20.2128	4.96156	0.00021616
32.1075	19.1174	4.96536	0.000216839
32.4267	21.856	4.97283	0.000217524
31.7446	16.5071	4.93496	0.000215887
34.4425	16.5071	4.93537	0.000216912
32.1075	19.1174	4.96536	0.000216839
28.6113	17.5512	4.93486	0.000215646
31.7446	16.5071	4.93496	0.000215887
32.1075	19.1174	4.96536	0.000216839
11.414	14.0413	4.91299	0.000222798
12.5545	12.0646	4.82383	0.000221469
14.1312	14.0413	4.88966	0.000220874
12.2064	19.1174	4.97647	0.000225274
10.1618	16.5071	4.96286	0.000224893
13.1778	15.9788	4.93981	0.000222399
9.93237	11.8999	4.84515	0.000222898
8.74996	9.60269	0.188205	0.000226105
11.25	9.60269	0.152086	0.000225221
43.4158	19.3	4.98634	0.000225538
45.2338	16.5071	4.97601	0.000223023
46.3226	19.1174	4.98965	0.000226983
33.1516	14.0413	4.86715	0.000215336
35.6088	14.5697	4.87206	0.000216222
34.4425	16.5071	4.93537	0.000216912
36.25	9.60269	0.0987422	0.000217996
33.75	9.60269	0.104738	0.000218243
34.9468	7.95642	0.0662451	0.000218317
21.9134	33.7485	0.251062	0.000244935
18.9132	34.917	4.85134	0.000264142
18.6835	32.5943	4.91455	0.000247073
25	30.6708	4.90896	0.00021839
21.9134	33.7485	0.251062	0.000244935
21.9612	30.6708	4.91573	0.000229555
21.8846	36.8646	4.79194	0.000278675
18.9132	34.917	4.85134	0.000264142
21.9134	33.7485	0.251062	0.000244935
25	40	4.85399	0.000344063
21.8846	36.8646	4.79194	0.000278675
25.1151	35.3065	0.230702	0.000239133
21.9134	33.7485	0.251062	0.000244935
18.6835	32.5943	4.91455	0.000247073
21.9612	30.6708	4.91573	0.000229555
18.7212	38.8242	0.204491	0.000349032
18.9132	34.917	4.85134	0.000264142
21.8846	36.8646	4.79194	0.000278675
17.2667	36.7732	0.24835	0.000306024
15.8122	34.7222	4.90289	0.000269641
18.9132	34.917	4.85134	0.000264142
18.7212	38.8242	0.204491	0.000349032
17.2667	36.7732	0.24835	0.000306024
18.9132	34.917	4.85134	0.000264142
18.7212	38.8242	0.204491	0.000349032
15.601	39.0202	0.243118	0.000361737
17.2667	36.7732	0.24835	0.000306024
18.7981	41.9596	0.233284	0.000559949
18.7212	38.8242	0.204491	0.000349032
21.9014	39.3141	0.231591	0.000352361
15.601	39.0202	0.243118	0.000361737
15.8122	34.7222	4.90289	0.000269641
17.2667	36.7732	0.24835	0.000306024
14.001	23.9462	4.98923	0.000229433
14.6026	21.856	4.98275	0.000226181
17.2998	24.7062	4.98509	0.000227932
13.1107	27.6505	4.99026	0.000237334
12.8447	30.6708	4.98288	0.000247146
10.1383	27.6505	4.99436	0.000239694
15.2052	26.1784	4.98838	0.000232364
15.7173	29.727	4.97784	0.000240602
13.1107	27.6505	4.99026	0.000237334
20.3799	24.7062	4.97782	0.000225014
18.0114	27.1222	4.98063	0.000231476
17.2998	24.7062	4.98509	0.000227932
18.7229	29.5382	4.96224	0.000235585
15.7173	29.727	4.97784	0.000240602
18.0114	27.1222	4.98063	0.000231476
18.7229	29.5382	4.96224	0.000235585
18.6835	32.5943	4.91455	0.000247073
15.7173	29.727	4.97784	0.000240602
10.9756	24.1362	4.99325	0.000232014
8.05963	24.7062	4.99585	0.00023491
8.66123	21.856	4.99246	0.000230524
10.1383	27.6505	4.99436	0.000239694
8.05963	24.7062	4.99585	0.00023491
10.9756	24.1362	4.99325	0.000232014
10.1383	27.6505	4.99436	0.000239694
9.80591	30.6708	4.9912	0.000250353
7.16598	27.6505	4.99683	0.000241519
6.70061	30.2933	4.99621	0.000250216
7.16598	27.6505	4.99683	0.000241519
9.80591	30.6708	4.9912	0.000250353
4.97956	24.7062	4.99719	0.0002366
5.62671	21.6734	4.99452	0.000231981
8.05963	24.7062	4.99585	0.00023491
3.67737	19.1174	4.99153	0.000230128
5.62671	21.6734	4.99452	0.000231981
2.71986	21.856	4.99601	0.00023345
6.52038	19.1174	4.98833	0.00022894
4.76616	16.5071	4.9808	0.000227568
7.464	16.5071	4.97292	0.000226456
25	30.6708	4.90896	0.00021839
28.0388	30.6708	4.93267	0.000214518
28.0866	33.7485	4.84562	0.00021933
47.2801	21.856	4.99526	0.00023087
48.1005	24.7062	4.99721	0.000234349
45.0204	24.7062	4.99653	0.000232898
26.4215	19.1174	4.93854	0.00021649
26.3489	16.5071	4.87712	0.00021551
28.6113	17.5512	4.93486	0.000215646
18.0114	27.1222	4.98063	0.000231476
22.0277	27.6505	4.96747	0.000225627
18.7229	29.5382	4.96224	0.000235585
17.2541	20.9431	4.96764	0.000223125
20.544	21.856	4.96248	0.000221627
17.2998	24.7062	4.98509	0.000227932
23.0771	23.3761	4.97304	0.000220883
26.1025	23.1861	4.9688	0.000217907
25.3391	26.1784	4.96775	0.00021921
17.2998	24.7062	4.98509	0.000227932
20.544	21.856	4.96248	0.000221627
20.3799	24.7062	4.97782	0.000225014
24.8405	21.1517	4.95405	0.000217979
26.1025	23.1861	4.9688	0.000217907
23.0771	23.3761	4.97304	0.000220883
20.544	21.856	4.96248	0.000221627
24.8405	21.1517	4.95405	0.000217979
23.0771	23.3761	4.97304	0.000220883
23.5785	19.1174	4.90609	0.000217493
26.4215	19.1174	4.93854	0.00021649
24.8405	21.1517	4.95405	0.000217979
31.199	26.5464	0.345322	0.000220095
30.7452	28.7831	4.94358	0.000215554
28.269	26.3624	4.95109	0.000216417
29.1279	22.9961	4.96057	0.000216456
31.199	26.5464	0.345322	0.000220095
28.269	26.3624	4.95109	0.000216417
32.7002	24.7062	4.95622	0.000217923
33.7508	28.5944	4.96363	0.000219901
31.199	26.5464	0.345322	0.000220095
20.544	21.856	4.96248	0.000221627
23.0771	23.3761	4.97304	0.000220883
20.3799	24.7062	4.97782	0.000225014
20.7355	19.1174	4.90385	0.000219116
20.544	21.856	4.96248	0.000221627
17.2541	20.9431	4.96764	0.000223125
17.7548	18.7251	4.93117	0.000220771
18.2554	16.5071	4.8586	0.00021897
20.7355	19.1174	4.90385	0.000219116
14.7591	18.4213	4.95849	0.000222729
17.7548	18.7251	4.93117	0.000220771
17.2541	20.9431	4.96764	0.000223125
14.7591	18.4213	4.95849	0.000222729
15.9817	15.8026	4.90207	0.000220167
17.7548	18.7251	4.93117	0.000220771
20.9532	16.5071	0.220973	0.000220897
23.5785	19.1174	4.90609	0.000217493
20.7355	19.1174	4.90385	0.000219116
23.5785	19.1174	4.90609	0.000217493
24.8405	21.1517	4.95405	0.000217979
20.544	21.856	4.96248	0.000221627
26.689	28.4246	4.95044	0.000216252
22.0277	27.6505	4.96747	0.000225627
25.3391	26.1784	4.96775	0.00021921
21.9612	30.6708	4.91573	0.000229555
18.6835	32.5943	4.91455	0.000247073
18.7229	29.5382	4.96224	0.000235585
20.7355	19.1174	4.90385	0.000219116
23.5785	19.1174	4.90609	0.000217493
20.544	21.856	4.96248	0.000221627
16.8484	14.0413	4.83218	0.000218948
19.5656	14.0413	0.181092	0.000220801
18.2554	16.5071	4.8586	0.00021897
16.8484	14.0413	4.83218	0.000218948
17.7988	12.3941	4.73171	0.000218155
19.5656	14.0413	0.181092	0.000220801
14.1312	14.0413	4.88966	0.000220874
16.8484	14.0413	4.83218	0.000218948
15.9817	15.8026	4.90207	0.000220167
15.1767	12.2293	4.80843	0.000219776
17.7988	12.3941	4.73171	0.000218155
16.8484	14.0413	4.83218	0.000218948
18.75	9.60269	0.0947635	0.00022144
21.25	9.60269	0.0678755	0.00022048
19.9458	11.7351	0.122427	0.000220505
24.3933	15.2742	0.211098	0.000219079
23.5785	19.1174	4.90609	0.000217493
20.9532	16.5071	0.220973	0.000220897
4.97956	24.7062	4.99719	0.0002366
4.19365	27.6505	4.99798	0.000243117
1.8995	24.7062	4.9978	0.000237993
8.74996	9.60269	0.188205	0.000226105
9.93237	11.8999	4.84515	0.000222898
7.31021	11.7351	4.8888	0.000223844
46.8029	37.0605	4.96789	0.000251336
43.6827	37.2565	4.93235	0.000251449
46.6062	33.7485	4.98688	0.000242103
41.9404	24.7062	4.99487	0.000230324
45.0204	24.7062	4.99653	0.000232898
42.7675	28.0281	4.99474	0.000233708
38.8603	24.7062	4.99144	0.000226659
41.9404	24.7062	4.99487	0.000230324
39.9888	27.0985	4.99241	0.000229682
41.2294	22.236	4.99179	0.000227281
44.3095	21.856	4.99371	0.000229301
41.9404	24.7062	4.99487	0.000230324
48.7787	27.6505	4.99704	0.000237229
49.3105	30.6708	4.99477	0.000239793
46.2478	30.8632	4.9936	0.000238738
26.1025	23.1861	4.9688	0.000217907
24.8405	21.1517	4.95405	0.000217979
28.8815	20.2128	4.96156	0.00021616
28.269	26.3624	4.95109	0.000216417
26.1025	23.1861	4.9688	0.000217907
29.1279	22.9961	4.96057	0.000216456
23.0771	23.3761	4.97304	0.000220883
22.0277	27.6505	4.96747	0.000225627
20.3799	24.7062	4.97782	0.000225014
12.8447	30.6708	4.98288	0.000247146
12.7112	34.5275	4.96021	0.000273347
9.49534	33.1714	4.98735	0.000264538
10.1383	27.6505	4.99436	0.000239694
12.8447	30.6708	4.98288	0.000247146
9.80591	30.6708	4.9912	0.000250353
14.3285	32.6965	4.95964	0.000256994
18.6835	32.5943	4.91455	0.000247073
15.8122	34.7222	4.90289	0.000269641
25.1151	35.3065	0.230702	0.000239133
21.8846	36.8646	4.79194	0.000278675
21.9134	33.7485	0.251062	0.000244935
14.3285	32.6965	4.95964	0.000256994
12.7112	34.5275	4.96021	0.000273347
12.8447	30.6708	4.98288	0.000247146
18.9132	34.917	4.85134	0.000264142
15.8122	34.7222	4.90289	0.000269641
18.6835	32.5943	4.91455	0.000247073
15.601	39.0202	0.243118	0.000361737
12.5385	36.8646	4.93783	0.000305753
15.8122	34.7222	4.90289	0.000269641
23.5785	19.1174	4.90609	0.000217493
24.3933	15.2742	0.211098	0.000219079
26.3489	16.5071	4.87712	0.00021551
28.8815	20.2128	4.96156	0.00021616
24.8405	21.1517	4.95405	0.000217979
26.4215	19.1174	4.93854	0.00021649
18.2554	16.5071	4.8586	0.00021897
17.7548	18.7251	4.93117	0.000220771
15.9817	15.8026	4.90207	0.000220167
14.6026	21.856	4.98275	0.000226181
17.2541	20.9431	4.96764	0.000223125
17.2998	24.7062	4.98509	0.000227932
15.9817	15.8026	4.90207	0.000220167
13.1778	15.9788	4.93981	0.000222399
14.1312	14.0413	4.88966	0.000220874
14.6026	21.856	4.98275	0.000226181
14.7591	18.4213	4.95849	0.000222729
17.2541	20.9431	4.96764	0.000223125
11.4404	21.3083	4.98763	0.00022798
14.001	23.9462	4.98923	0.000229433
10.9756	24.1362	4.99325	0.000232014
30.001	14.922	4.90167	0.000215089
30.9096	13.2177	4.8483	0.000214864
33.1516	14.0413	4.86715	0.000215336
31.7446	16.5071	4.93496	0.000215887
30.001	14.922	4.90167	0.000215089
33.1516	14.0413	4.86715	0.000215336
25.6653	12.8882	4.73695	0.000215156
27.0253	10.7509	4.68101	0.000215357
28.2875	13.053	4.83067	0.000214828
25.6653	12.8882	4.73695	0.000215156
28.2875	13.053	4.83067	0.000214828
26.3489	16.5071	4.87712	0.00021551
33.75	9.60269	0.104738	0.000218243
36.25	9.60269	0.0987422	0.000217996
35.1085	11.7351	0.177708	0.000218303
39.693	16.8552	4.95666	0.000220112
41.2166	14.2175	4.91857	0.00021813
42.536	16.5071	4.96584	0.000221436
28.8815	20.2128	4.96156	0.00021616
26.4215	19.1174	4.93854	0.00021649
28.6113	17.5512	4.93486	0.000215646
40.625	40	0.221914	0.000284392
43.75	40	4.86576	0.000277348
43.6923	43.1354	0.238415	0.000369178
34.399	40.9798	0.166275	0.000363824
37.5	40	4.78036	0.000286927
37.5191	43.9145	0.142757	0.000483337
40.5769	36.8646	4.91229	0.0002473
43.6827	37.2565	4.93235	0.000251449
40.625	40	0.221914	0.000284392
37.3464	33.7485	4.96065	0.000232855
33.997	31.6326	4.96094	0.000222573
37.1553	30.6708	4.97944	0.000227593
40.625	40	0.221914	0.000284392
37.5	40	4.78036	0.000286927
40.5769	36.8646	4.91229	0.0002473
37.4615	36.8646	4.90805	0.00024771
34.1596	34.7385	4.92939	0.000231572
37.3464	33.7485	4.96065	0.000232855
46.2478	30.8632	4.9936	0.000238738
45.7731	27.8393	4.99646	0.000236124
48.7787	27.6505	4.99704	0.000237229
49.6928	33.7485	4.98918	0.000243488
46.6062	33.7485	4.98688	0.000242103
49.3105	30.6708	4.99477	0.000239793
40.1941	30.6708	4.98715	0.000232154
37.1553	30.6708	4.97944	0.000227593
36.8893	27.6505	4.98486	0.000225181
43.2329	30.6708	4.99109	0.000235907
40.1941	30.6708	4.98715	0.000232154
42.7675	28.0281	4.99474	0.000233708
40.433	33.7485	4.96869	0.000236131
37.3464	33.7485	4.96065	0.000232855
40.1941	30.6708	4.98715	0.000232154
31.3171	35.696	4.87453	0.000233634
31.2019	38.0404	0.22729	0.00027066
28.1154	36.8646	4.74797	0.000249832
33.997	31.6326	4.96094	0.000222573
34.1596	34.7385	4.92939	0.000231572
30.9343	31.8249	4.94127	0.000216088
34.3221	37.8444	4.83764	0.000259893
31.2019	38.0404	0.22729	0.00027066
31.3171	35.696	4.87453	0.000233634
37.5	40	4.78036	0.000286927
34.3221	37.8444	4.83764	0.000259893
37.4615	36.8646	4.90805	0.00024771
34.399	40.9798	0.166275	0.000363824
31.2019	38.0404	0.22729	0.00027066
34.3221	37.8444	4.83764	0.000259893
40.1941	30.6708	4.98715	0.000232154
39.9888	27.0985	4.99241	0.000229682
42.7675	28.0281	4.99474	0.000233708
7.16598	27.6505	4.99683	0.000241519
8.05963	24.7062	4.99585	0.00023491
10.1383	27.6505	4.99436	0.000239694
3.69504	30.482	4.99793	0.000252371
4.19365	27.6505	4.99798	0.000243117
6.70061	30.2933	4.99621	0.000250216
4.97956	24.7062	4.99719	0.0002366
8.05963	24.7062	4.99585	0.00023491
7.16598	27.6505	4.99683	0.000241519
2.71986	21.856	4.99601	0.00023345
4.97956	24.7062	4.99719	0.0002366
1.8995	24.7062	4.9978	0.000237993
14.001	23.9462	4.98923	0.000229433
11.4404	21.3083	4.98763	0.00022798
14.6026	21.856	4.98275	0.000226181
13.1107	27.6505	4.99026	0.000237334
10.9756	24.1362	4.99325	0.000232014
14.001	23.9462	4.98923	0.000229433
8.66123	21.856	4.99246	0.000230524
5.62671	21.6734	4.99452	0.000231981
6.52038	19.1174	4.98833	0.00022894
12.2064	19.1174	4.97647	0.000225274
11.4404	21.3083	4.98763	0.00022798
9.3634	19.1174	4.98359	0.000227322
8.05963	24.7062	4.99585	0.00023491
5.62671	21.6734	4.99452	0.000231981
8.66123	21.856	4.99246	0.000230524
44.3095	21.856	4.99371	0.000229301
41.2294	22.236	4.99179	0.000227281
43.4158	19.3	4.98634	0.000225538
45.7731	27.8393	4.99646	0.000236124
45.0204	24.7062	4.99653	0.000232898
48.1005	24.7062	4.99721	0.000234349
38.8603	24.7062	4.99144	0.000226659
36.8893	27.6505	4.98486	0.000225181
35.7802	24.7062	4.9827	0.000222096
45.7731	27.8393	4.99646	0.000236124
42.7675	28.0281	4.99474	0.000233708
45.0204	24.7062	4.99653	0.000232898
43.2329	30.6708	4.99109	0.000235907
46.2478	30.8632	4.9936	0.000238738
43.5196	33.7485	4.97769	0.000239566
40.433	33.7485	4.96869	0.000236131
43.2329	30.6708	4.99109	0.000235907
43.5196	33.7485	4.97769	0.000239566
42.7675	28.0281	4.99474	0.000233708
45.7731	27.8393	4.99646	0.000236124
43.2329	30.6708	4.99109	0.000235907
41.9404	24.7062	4.99487	0.000230324
42.7675	28.0281	4.99474	0.000233708
39.9888	27.0985	4.99241	0.000229682
45.7731	27.8393	4.99646	0.000236124
46.2478	30.8632	4.9936	0.000238738
43.2329	30.6708	4.99109	0.000235907
8.69678	14.0413	4.93377	0.000224399
5.97957	14.0413	4.95494	0.00022551
7.31021	11.7351	4.8888	0.000223844
10.1618	16.5071	4.96286	0.000224893
8.69678	14.0413	4.93377	0.000224399
11.414	14.0413	4.91299	0.000222798
7.464	16.5071	4.97292	0.000226456
4.76616	16.5071	4.9808	0.000227568
5.97957	14.0413	4.95494	0.00022551
10.1618	16.5071	4.96286	0.000224893
7.464	16.5071	4.97292	0.000226456
8.69678	14.0413	4.93377	0.000224399
10.1618	16.5071	4.96286	0.000224893
9.3634	19.1174	4.98359	0.000227322
7.464	16.5071	4.97292	0.000226456
9.42308	36.8646	4.97916	0.000308055
9.49534	33.1714	4.98735	0.000264538
12.7112	34.5275	4.96021	0.000273347
12.5	40	4.93207	0.000396172
9.36058	39.4121	4.97828	0.000374097
12.5385	36.8646	4.93783	0.000305753
9.36058	39.4121	4.97828	0.000374097
6.30769	36.8646	4.99245	0.000305651
9.42308	36.8646	4.97916	0.000308055
3.19231	36.8646	4.99683	0.000304998
3.40821	33.9432	4.99741	0.000271978
6.30769	36.8646	4.99245	0.000305651
0.076922	36.8646	4.99784	0.000303667
3.19231	36.8646	4.99683	0.000304998
3.125	40	4.99653	0.000383361
0.076922	36.8646	4.99784	0.000303667
0.307214	33.7485	4.99817	0.000271062
3.19231	36.8646	4.99683	0.000304998
6.70061	30.2933	4.99621	0.000250216
9.80591	30.6708	4.9912	0.000250353
9.49534	33.1714	4.98735	0.000264538
2.71986	21.856	4.99601	0.00023345
5.62671	21.6734	4.99452	0.000231981
4.97956	24.7062	4.99719	0.0002366
18.0114	27.1222	4.98063	0.000231476
15.7173	29.727	4.97784	0.000240602
15.2052	26.1784	4.98838	0.000232364
43.5196	33.7485	4.97769	0.000239566
40.5769	36.8646	4.91229	0.0002473
40.433	33.7485	4.96869	0.000236131
49.9231	36.8646	4.97545	0.00025293
46.8029	37.0605	4.96789	0.000251336
49.6928	33.7485	4.98918	0.000243488
43.75	40	4.86576	0.000277348
40.625	40	0.221914	0.000284392
43.6827	37.2565	4.93235	0.000251449
13.1107	27.6505	4.99026	0.000237334
15.7173	29.727	4.97784	0.000240602
12.8447	30.6708	4.98288	0.000247146
10.9756	24.1362	4.99325	0.000232014
13.1107	27.6505	4.99026	0.000237334
10.1383	27.6505	4.99436	0.000239694
15.2052	26.1784	4.98838	0.000232364
17.2998	24.7062	4.98509	0.000227932
18.0114	27.1222	4.98063	0.000231476
14.001	23.9462	4.98923	0.000229433
15.2052	26.1784	4.98838	0.000232364
13.1107	27.6505	4.99026	0.000237334
14.001	23.9462	4.98923	0.000229433
17.2998	24.7062	4.98509	0.000227932
15.2052	26.1784	4.98838	0.000232364
46.6062	33.7485	4.98688	0.000242103
43.6827	37.2565	4.93235	0.000251449
43.5196	33.7485	4.97769	0.000239566
50	40	4.9592	0.000274357
46.8029	37.0605	4.96789	0.000251336
49.9231	36.8646	4.97545	0.00025293
46.8798	40.196	4.93445	0.000293622
43.75	40	4.86576	0.000277348
46.8029	37.0605	4.96789	0.000251336
21.9014	39.3141	0.231591	0.000352361
21.9183	41.7637	4.84267	0.000528811
18.7981	41.9596	0.233284	0.000559949
25	40	4.85399	0.000344063
21.9014	39.3141	0.231591	0.000352361
21.8846	36.8646	4.79194	0.000278675
25	40	4.85399	0.000344063
21.9183	41.7637	4.84267	0.000528811
21.9014	39.3141	0.231591	0.000352361
22.0142	44.8882	4.90503	0.000966956
18.7981	41.9596	0.233284	0.000559949
21.9183	41.7637	4.84267	0.000528811
3.69504	30.482	4.99793	0.000252371
3.40821	33.9432	4.99741	0.000271978
0.68946	30.6708	4.99842	0.000254323
1.22131	27.6505	4.99837	0.000244495
3.69504	30.482	4.99793	0.000252371
0.68946	30.6708	4.99842	0.000254323
6.70061	30.2933	4.99621	0.000250216
6.43263	33.3637	4.99486	0.000266468
3.69504	30.482	4.99793	0.000252371
43.5196	33.7485	4.97769	0.000239566
43.6827	37.2565	4.93235	0.000251449
40.5769	36.8646	4.91229	0.0002473
40.1941	30.6708	4.98715	0.000232154
43.2329	30.6708	4.99109	0.000235907
40.433	33.7485	4.96869	0.000236131
46.6062	33.7485	4.98688	0.000242103
49.6928	33.7485	4.98918	0.000243488
46.8029	37.0605	4.96789	0.000251336
46.2478	30.8632	4.9936	0.000238738
46.6062	33.7485	4.98688	0.000242103
43.5196	33.7485	4.97769	0.000239566
46.2478	30.8632	4.9936	0.000238738
49.3105	30.6708	4.99477	0.000239793
46.6062	33.7485	4.98688	0.000242103
46.8798	40.196	4.93445	0.000293622
46.8029	37.0605	4.96789	0.000251336
50	40	4.9592	0.000274357
9.4375	42.5475	4.98246	0.000594826
6.24038	39.6081	4.99221	0.000370955
9.36058	39.4121	4.97828	0.000374097
9.49534	33.1714	4.98735	0.000264538
9.80591	30.6708	4.9912	0.000250353
12.8447	30.6708	4.98288	0.000247146
12.5385	36.8646	4.93783	0.000305753
9.42308	36.8646	4.97916	0.000308055
12.7112	34.5275	4.96021	0.000273347
6.43263	33.3637	4.99486	0.000266468
6.70061	30.2933	4.99621	0.000250216
9.49534	33.1714	4.98735	0.000264538
4.19365	27.6505	4.99798	0.000243117
4.97956	24.7062	4.99719	0.0002366
7.16598	27.6505	4.99683	0.000241519
1.22131	27.6505	4.99837	0.000244495
4.19365	27.6505	4.99798	0.000243117
3.69504	30.482	4.99793	0.000252371
1.22131	27.6505	4.99837	0.000244495
1.8995	24.7062	4.9978	0.000237993
4.19365	27.6505	4.99798	0.000243117
6.70061	30.2933	4.99621	0.000250216
4.19365	27.6505	4.99798	0.000243117
7.16598	27.6505	4.99683	0.000241519
18.7229	29.5382	4.96224	0.000235585
22.0277	27.6505	4.96747	0.000225627
21.9612	30.6708	4.91573	0.000229555
14.3285	32.6965	4.95964	0.000256994
12.8447	30.6708	4.98288	0.000247146
15.7173	29.727	4.97784	0.000240602
18.6835	32.5943	4.91455	0.000247073
14.3285	32.6965	4.95964	0.000256994
15.7173	29.727	4.97784	0.000240602
15.8122	34.7222	4.90289	0.000269641
12.7112	34.5275	4.96021	0.000273347
14.3285	32.6965	4.95964	0.000256994
18.0114	27.1222	4.98063	0.000231476
20.3799	24.7062	4.97782	0.000225014
22.0277	27.6505	4.96747	0.000225627
3.40821	33.9432	4.99741	0.000271978
3.69504	30.482	4.99793	0.000252371
6.43263	33.3637	4.99486	0.000266468
46.8077	43.1354	4.91121	0.000354709
43.6923	43.1354	0.238415	0.000369178
46.8798	40.196	4.93445	0.000293622
49.9231	43.1354	4.94834	0.000348272
46.8077	43.1354	4.91121	0.000354709
46.8798	40.196	4.93445	0.000293622
46.2717	49.3292	4.95708	0.00087966
49.3105	49.3292	4.96694	0.000791587
48.7787	52.3495	4.96531	0.00155569
43.5196	46.2515	4.8729	0.000545496
46.2717	49.3292	4.95708	0.00087966
43.2329	49.3292	4.92864	0.00100808
40.433	46.2515	4.79392	0.000602813
43.5196	46.2515	4.8729	0.000545496
43.2329	49.3292	4.92864	0.00100808
43.6923	43.1354	0.238415	0.000369178
46.8077	43.1354	4.91121	0.000354709
46.6062	46.2515	4.93205	0.000503185
46.6062	46.2515	4.93205	0.000503185
49.3105	49.3292	4.96694	0.000791587
46.2717	49.3292	4.95708	0.00087966
6.30769	36.8646	4.99245	0.000305651
6.43263	33.3637	4.99486	0.000266468
9.42308	36.8646	4.97916	0.000308055
3.125	40	4.99653	0.000383361
3.19231	36.8646	4.99683	0.000304998
6.24038	39.6081	4.99221	0.000370955
3.40821	33.9432	4.99741	0.000271978
6.43263	33.3637	4.99486	0.000266468
6.30769	36.8646	4.99245	0.000305651
0.307214	33.7485	4.99817	0.000271062
3.40821	33.9432	4.99741	0.000271978
3.19231	36.8646	4.99683	0.000304998
0.307214	33.7485	4.99817	0.000271062
0.68946	30.6708	4.99842	0.000254323
3.40821	33.9432	4.99741	0.000271978
