25	30.6708	4.91382	0.000153672
28.0866	33.7485	4.8918	0.000160422
25.1151	35.3065	0.240361	0.00017748
22.0277	27.6505	4.96662	0.000155425
25	30.6708	4.91382	0.000153672
21.9612	30.6708	4.91672	0.000160276
26.689	28.4246	4.95234	0.000150487
28.269	26.3624	4.95117	0.000149704
30.7452	28.7831	4.94517	0.000150111
25	30.6708	4.91382	0.000153672
26.689	28.4246	4.95234	0.000150487
28.0388	30.6708	4.93899	0.000151639
25.3391	26.1784	4.96737	0.000151191
28.269	26.3624	4.95117	0.000149704
26.689	28.4246	4.95234	0.000150487
28.0388	30.6708	4.93899	0.000151639
30.9343	31.8249	4.94632	0.000152887
28.0866	33.7485	4.8918	0.000160422
22.0277	27.6505	4.96662	0.000155425
26.689	28.4246	4.95234	0.000150487
25	30.6708	4.91382	0.000153672
30.7452	28.7831	4.94517	0.000150111
30.9343	31.8249	4.94632	0.000152887
28.0388	30.6708	4.93899	0.000151639
26.689	28.4246	4.95234	0.000150487
30.7452	28.7831	4.94517	0.000150111
28.0388	30.6708	4.93899	0.000151639
26.1025	23.1861	4.96809	0.000150168
28.269	26.3624	4.95117	0.000149704
25.3391	26.1784	4.96737	0.000151191
29.1279	22.9961	4.96021	0.00014947
32.7002	24.7062	4.95609	0.000150558
31.199	26.5464	0.34549	0.000152394
33.7508	28.5944	4.96327	0.000152073
30.9343	31.8249	4.94632	0.000152887
30.7452	28.7831	4.94517	0.000150111
31.199	26.5464	0.34549	0.000152394
33.7508	28.5944	4.96327	0.000152073
30.7452	28.7831	4.94517	0.000150111
37.4615	36.8646	4.90696	0.000178837
40.433	33.7485	4.96798	0.000164627
40.5769	36.8646	4.91166	0.000176622
36.8893	27.6505	4.98419	0.000155006
37.1553	30.6708	4.97859	0.000157413
33.7508	28.5944	4.96327	0.000152073
36.8893	27.6505	4.98419	0.000155006
39.9888	27.0985	4.99188	0.000157717
40.1941	30.6708	4.98646	0.000160059
34.9506	19.1174	4.96955	0.000150562
34.4425	16.5071	4.93483	0.000149432
37.1403	16.5071	4.93922	0.000150352
38.204	22.4261	4.98802	0.000154018
35.1786	22.6161	4.98082	0.000151819
36.4861	20.8667	4.97969	0.000152078
32.1075	19.1174	4.96484	0.000149445
28.8815	20.2128	4.961	0.000149109
28.6113	17.5512	4.93415	0.000148688
38.204	22.4261	4.98802	0.000154018
35.7802	24.7062	4.98229	0.000152911
35.1786	22.6161	4.98082	0.000151819
32.7002	24.7062	4.95609	0.000150558
29.1279	22.9961	4.96021	0.00014947
32.4267	21.856	4.97254	0.000150087
45.7731	27.8393	4.99622	0.000161997
48.1005	24.7062	4.99705	0.00016072
48.7787	27.6505	4.99685	0.000162707
38.8603	24.7062	4.99096	0.000155622
41.2294	22.236	4.99144	0.000155991
41.9404	24.7062	4.9945	0.000157983
38.8603	24.7062	4.99096	0.000155622
38.204	22.4261	4.98802	0.000154018
41.2294	22.236	4.99144	0.000155991
36.8893	27.6505	4.98419	0.000155006
38.8603	24.7062	4.99096	0.000155622
39.9888	27.0985	4.99188	0.000157717
35.7802	24.7062	4.98229	0.000152911
38.204	22.4261	4.98802	0.000154018
38.8603	24.7062	4.99096	0.000155622
33.7508	28.5944	4.96327	0.000152073
35.7802	24.7062	4.98229	0.000152911
36.8893	27.6505	4.98419	0.000155006
32.7002	24.7062	4.95609	0.000150558
32.4267	21.856	4.97254	0.000150087
35.1786	22.6161	4.98082	0.000151819
37.7936	19.1174	4.97361	0.000151986
40.5089	19.4825	4.98168	0.000153725
38.204	22.4261	4.98802	0.000154018
35.1786	22.6161	4.98082	0.000151819
32.4267	21.856	4.97254	0.000150087
34.9506	19.1174	4.96955	0.000150562
36.4861	20.8667	4.97969	0.000152078
35.1786	22.6161	4.98082	0.000151819
34.9506	19.1174	4.96955	0.000150562
37.7936	19.1174	4.97361	0.000151986
36.4861	20.8667	4.97969	0.000152078
34.9506	19.1174	4.96955	0.000150562
37.7936	19.1174	4.97361	0.000151986
38.204	22.4261	4.98802	0.000154018
36.4861	20.8667	4.97969	0.000152078
35.7802	24.7062	4.98229	0.000152911
32.7002	24.7062	4.95609	0.000150558
35.1786	22.6161	4.98082	0.000151819
33.7508	28.5944	4.96327	0.000152073
32.7002	24.7062	4.95609	0.000150558
35.7802	24.7062	4.98229	0.000152911
29.1279	22.9961	4.96021	0.00014947
28.8815	20.2128	4.961	0.000149109
32.4267	21.856	4.97254	0.000150087
37.1403	16.5071	4.93922	0.000150352
39.693	16.8552	4.95636	0.000151556
37.7936	19.1174	4.97361	0.000151986
44.3095	21.856	4.99351	0.000157404
47.2801	21.856	4.99512	0.000158465
45.0204	24.7062	4.99632	0.000159738
41.9404	24.7062	4.9945	0.000157983
44.3095	21.856	4.99351	0.000157404
45.0204	24.7062	4.99632	0.000159738
43.4158	19.3	4.98614	0.000155025
46.3226	19.1174	4.98952	0.000155995
44.3095	21.856	4.99351	0.000157404
28.0866	46.2515	4.88705	0.00106706
31.0776	49.3292	4.83951	0.00239412
28.0388	49.3292	4.88733	0.00256952
25	43.1354	4.90068	0.000520058
28.1154	43.1354	4.85044	0.000525117
28.0866	46.2515	4.88705	0.00106706
37.3464	46.2515	0.15973	0.000666099
34.3294	43.6157	0.131379	0.000454477
37.5191	43.9145	0.142511	0.000408957
31.226	43.7137	0.184718	0.000545529
31.2788	41.1758	0.178393	0.000330577
34.3294	43.6157	0.131379	0.000454477
28.0866	46.2515	4.88705	0.00106706
31.226	43.7137	0.184718	0.000545529
31.1732	46.2515	4.77858	0.00101616
28.1154	43.1354	4.85044	0.000525117
31.2788	41.1758	0.178393	0.000330577
31.226	43.7137	0.184718	0.000545529
25	46.2515	4.91424	0.000966307
25	43.1354	4.90068	0.000520058
28.0866	46.2515	4.88705	0.00106706
28.125	40	4.83123	0.000278732
31.2788	41.1758	0.178393	0.000330577
28.1154	43.1354	4.85044	0.000525117
28.125	40	4.83123	0.000278732
31.2019	38.0404	0.231961	0.000206544
31.2788	41.1758	0.178393	0.000330577
31.2019	38.0404	0.231961	0.000206544
34.399	40.9798	0.165762	0.000290804
31.2788	41.1758	0.178393	0.000330577
28.0866	33.7485	4.8918	0.000160422
31.3171	35.696	4.88299	0.000171768
28.1154	36.8646	4.84315	0.00019079
37.3464	33.7485	4.95964	0.000163191
37.1553	30.6708	4.97859	0.000157413
40.1941	30.6708	4.98646	0.000160059
37.4615	36.8646	4.90696	0.000178837
37.3464	33.7485	4.95964	0.000163191
40.433	33.7485	4.96798	0.000164627
37.4615	36.8646	4.90696	0.000178837
34.3221	37.8444	4.83799	0.000193575
34.1596	34.7385	4.93033	0.000165355
34.1596	34.7385	4.93033	0.000165355
33.997	31.6326	4.96138	0.000155469
37.3464	33.7485	4.95964	0.000163191
31.3171	35.696	4.88299	0.000171768
34.1596	34.7385	4.93033	0.000165355
34.3221	37.8444	4.83799	0.000193575
31.3171	35.696	4.88299	0.000171768
30.9343	31.8249	4.94632	0.000152887
34.1596	34.7385	4.93033	0.000165355
30.9343	31.8249	4.94632	0.000152887
33.7508	28.5944	4.96327	0.000152073
33.997	31.6326	4.96138	0.000155469
40.433	46.2515	4.79413	0.000527001
40.6201	43.7197	0.185263	0.000343048
43.5196	46.2515	4.87282	0.000465858
46.8029	37.0605	4.96759	0.000176973
43.75	40	4.86544	0.0002046
43.6827	37.2565	4.93201	0.00017882
49.9231	43.1354	4.94802	0.000266751
46.8798	40.196	4.93414	0.000213975
50	40	4.95888	0.000198962
49.9231	43.1354	4.94802	0.000266751
49.6928	46.2515	4.95611	0.000394553
46.8077	43.1354	4.9109	0.000273984
25	43.1354	4.90068	0.000520058
25	46.2515	4.91424	0.000966307
22.0142	44.8882	4.89571	0.000735257
25	40	4.85957	0.000280403
25	43.1354	4.90068	0.000520058
21.9183	41.7637	4.84112	0.000429489
25	40	4.85957	0.000280403
28.1154	43.1354	4.85044	0.000525117
25	43.1354	4.90068	0.000520058
31.2019	38.0404	0.231961	0.000206544
28.125	40	4.83123	0.000278732
28.1154	36.8646	4.84315	0.00019079
28.1154	43.1354	4.85044	0.000525117
31.226	43.7137	0.184718	0.000545529
28.0866	46.2515	4.88705	0.00106706
18.7981	41.9596	0.231632	0.000456423
15.601	39.0202	0.242872	0.000283965
18.7212	38.8242	0.204376	0.000274373
17.2523	44.2036	4.88855	0.000745468
15.7402	46.2515	4.94203	0.00128566
14.1489	44.3016	4.94686	0.00081354
18.7981	41.9596	0.231632	0.000456423
17.2523	44.2036	4.88855	0.000745468
15.6779	42.1556	4.87609	0.000500364
18.8268	46.2515	4.90635	0.00100802
15.7402	46.2515	4.94203	0.00128566
17.2523	44.2036	4.88855	0.000745468
21.7462	47.598	4.87539	0.00136078
18.8268	46.2515	4.90635	0.00100802
22.0142	44.8882	4.89571	0.000735257
21.7462	47.598	4.87539	0.00136078
18.9224	49.3292	4.85523	0.00245688
18.8268	46.2515	4.90635	0.00100802
15.6779	42.1556	4.87609	0.000500364
15.601	39.0202	0.242872	0.000283965
18.7981	41.9596	0.231632	0.000456423
18.8268	46.2515	4.90635	0.00100802
17.2523	44.2036	4.88855	0.000745468
18.7981	41.9596	0.231632	0.000456423
14.1489	44.3016	4.94686	0.00081354
12.6536	46.2515	4.97339	0.00124286
12.5577	42.3516	4.95295	0.000498556
15.6779	42.1556	4.87609	0.000500364
14.1489	44.3016	4.94686	0.00081354
12.5577	42.3516	4.95295	0.000498556
15.7402	46.2515	4.94203	0.00128566
12.6536	46.2515	4.97339	0.00124286
14.1489	44.3016	4.94686	0.00081354
12.7118	50.0843	4.96729	0.00382803
12.6536	46.2515	4.97339	0.00124286
15.8835	49.3292	4.9349	0.00287865
16.083	52.3495	4.88583	0.00768279
13.1107	52.3495	4.9473	0.00744211
15.8835	49.3292	4.9349	0.00287865
18.9224	49.3292	4.85523	0.00245688
16.083	52.3495	4.88583	0.00768279
15.8835	49.3292	4.9349	0.00287865
13.1107	52.3495	4.9473	0.00744211
10.6893	54.7417	4.92391	0.0136715
10.1383	52.3495	4.9647	0.00678857
15.8835	49.3292	4.9349	0.00287865
13.1107	52.3495	4.9473	0.00744211
12.7118	50.0843	4.96729	0.00382803
14.2198	55.2938	4.89162	0.0194743
10.6893	54.7417	4.92391	0.0136715
13.1107	52.3495	4.9473	0.00744211
17.0264	56.2438	4.83486	0.0296523
14.2198	55.2938	4.89162	0.0194743
16.083	52.3495	4.88583	0.00768279
17.2808	59.0298	4.74437	0.0738825
17.5295	61.7527	0.0866808	4.62814
15.0494	60.8826	0.105773	0.0817741
17.0264	56.2438	4.83486	0.0296523
17.2808	59.0298	4.74437	0.0738825
14.6026	58.144	4.78011	0.0441557
17.0264	56.2438	4.83486	0.0296523
20.0518	56.4338	4.77332	0.033093
17.2808	59.0298	4.74437	0.0738825
7.16598	52.3495	4.97216	0.00637191
8.05963	55.2938	4.92459	0.0153627
4.92487	55.4838	4.93405	0.0166239
6.76709	49.3292	4.9879	0.00261608
7.16598	52.3495	4.97216	0.00637191
4.19365	52.3495	4.97651	0.00601735
10.1383	52.3495	4.9647	0.00678857
8.05963	55.2938	4.92459	0.0153627
7.16598	52.3495	4.97216	0.00637191
12.7118	50.0843	4.96729	0.00382803
10.1383	52.3495	4.9647	0.00678857
9.70619	49.8955	4.98127	0.00333675
10.6893	54.7417	4.92391	0.0136715
8.05963	55.2938	4.92459	0.0153627
10.1383	52.3495	4.9647	0.00678857
12.5577	42.3516	4.95295	0.000498556
12.5	40	4.93196	0.000315087
15.6779	42.1556	4.87609	0.000500364
9.61019	45.6673	4.98763	0.000984823
12.5577	42.3516	4.95295	0.000498556
12.6536	46.2515	4.97339	0.00124286
9.61019	45.6673	4.98763	0.000984823
6.31731	42.7435	4.99289	0.000486456
9.4375	42.5475	4.98248	0.000505223
-3.10282e-28	40	4.99759	0.000313265
3.125	40	4.99659	0.000298321
3.19711	42.9395	4.99621	0.000502089
-3.10282e-28	40	4.99759	0.000313265
0.076922	36.8646	4.99792	0.000221337
3.125	40	4.99659	0.000298321
46.6062	46.2515	4.9318	0.000420656
46.2717	49.3292	4.95692	0.000795029
43.5196	46.2515	4.87282	0.000465858
43.6923	43.1354	0.238253	0.000289537
46.6062	46.2515	4.9318	0.000420656
43.5196	46.2515	4.87282	0.000465858
49.6928	46.2515	4.95611	0.000394553
49.3105	49.3292	4.9667	0.000705962
46.6062	46.2515	4.9318	0.000420656
27.4517	72.3429	0.00280486	0.023628
25	72.3429	0.00286514	0.0292773
27.0253	69.2491	0.00681252	0.0553853
24.7277	76.3587	0.00109085	0.00980532
26.189	74.0896	0.00179843	0.0162345
27.2733	75.6267	0.0012561	0.0101795
24.7277	76.3587	0.00109085	0.00980532
23.0327	74.7883	0.0015979	0.0167853
26.189	74.0896	0.00179843	0.0162345
23.0339	79.8761	0.000785956	0.00654935
21.0802	79.5053	0.000894676	0.00760301
21.6827	78.0345	0.000933041	0.00814795
19.6759	76.9444	0.0011713	0.0100388
19.0551	74.0896	0.00213908	0.0203235
21.4331	74.0896	0.00198135	0.021683
19.6759	76.9444	0.0011713	0.0100388
18.1801	75.6267	0.00164082	0.0137061
19.0551	74.0896	0.00213908	0.0203235
21.4331	74.0896	0.00198135	0.021683
23.0327	74.7883	0.0015979	0.0167853
22.3999	76.5052	0.00114086	0.0108886
20.0967	72.3429	0.00324673	0.0376966
22.5483	72.3429	0.00308995	0.0389312
21.4331	74.0896	0.00198135	0.021683
16.5527	73.7985	0.00249194	0.0184654
17.645	72.3429	0.00333126	0.0275568
19.0551	74.0896	0.00213908	0.0203235
19.193	69.7412	0.0067928	0.0686052
21.8037	69.5771	0.00693944	4.50888
20.0967	72.3429	0.00324673	0.0376966
21.8037	69.5771	0.00693944	4.50888
23.75	70.3973	0.00532804	0.0594155
22.5483	72.3429	0.00308995	0.0389312
21.6827	78.0345	0.000933041	0.00814795
19.1515	78.89	0.00103316	0.00852546
19.6759	76.9444	0.0011713	0.0100388
22.3999	76.5052	0.00114086	0.0108886
19.6759	76.9444	0.0011713	0.0100388
21.4331	74.0896	0.00198135	0.021683
22.3999	76.5052	0.00114086	0.0108886
21.6827	78.0345	0.000933041	0.00814795
19.6759	76.9444	0.0011713	0.0100388
24.7277	76.3587	0.00109085	0.00980532
22.3999	76.5052	0.00114086	0.0108886
23.0327	74.7883	0.0015979	0.0167853
24.7277	76.3587	0.00109085	0.00980532
24.9752	78.5234	0.000807624	0.00657655
23.329	78.279	0.000856727	0.00735015
21.0802	79.5053	0.000894676	0.00760301
19.1515	78.89	0.00103316	0.00852546
21.6827	78.0345	0.000933041	0.00814795
25	80	0.000765736	0.00611804
24.9752	78.5234	0.000807624	0.00657655
26.9661	79.8761	0.000752062	0.00559537
19.6759	76.9444	0.0011713	0.0100388
19.1515	78.89	0.00103316	0.00852546
17.2597	78.0345	0.00129292	0.0100749
28.3173	78.0345	0.000860495	0.00617454
30.8485	78.89	0.000938755	0.00603199
28.9198	79.5053	0.000827254	0.00576715
18.1801	75.6267	0.00164082	0.0137061
19.6759	76.9444	0.0011713	0.0100388
17.2597	78.0345	0.00129292	0.0100749
15.4167	76.9444	0.00167439	0.0118084
18.1801	75.6267	0.00164082	0.0137061
17.2597	78.0345	0.00129292	0.0100749
23.0327	74.7883	0.0015979	0.0167853
21.4331	74.0896	0.00198135	0.021683
22.5483	72.3429	0.00308995	0.0389312
15.4167	76.9444	0.00167439	0.0118084
16.5527	73.7985	0.00249194	0.0184654
18.1801	75.6267	0.00164082	0.0137061
20.0967	72.3429	0.00324673	0.0376966
21.8037	69.5771	0.00693944	4.50888
22.5483	72.3429	0.00308995	0.0389312
15.4167	76.9444	0.00167439	0.0118084
13.6336	75.6267	0.00247537	0.0158632
14.237	73.9441	0.00283766	0.0181057
29.3832	76.0659	0.00117803	0.00837923
31.3712	77.1646	0.00110762	0.00698613
28.3173	78.0345	0.000860495	0.00617454
31.9219	75.3472	0.00147636	0.00920215
34.5833	76.9444	0.00144098	0.0079008
32.7403	78.0345	0.00111825	0.00667705
14.237	73.9441	0.00283766	0.0181057
11.9212	74.0896	0.00353949	0.0207987
12.7417	72.3429	0.00418455	0.0242044
11.25	70.3973	0.00708683	0.0381608
12.7417	72.3429	0.00418455	0.0242044
10.2901	72.3429	0.00559178	0.0308569
17.645	72.3429	0.00333126	0.0275568
16.5527	73.7985	0.00249194	0.0184654
15.1934	72.3429	0.00354479	0.0232371
19.193	69.7412	0.0067928	0.0686052
17.645	72.3429	0.00333126	0.0275568
16.25	70.3973	0.00523076	0.0355476
20.0967	72.3429	0.00324673	0.0376966
19.0551	74.0896	0.00213908	0.0203235
17.645	72.3429	0.00333126	0.0275568
19.0551	74.0896	0.00213908	0.0203235
18.1801	75.6267	0.00164082	0.0137061
16.5527	73.7985	0.00249194	0.0184654
32.355	72.3429	0.00286834	0.0182646
34.8066	72.3429	0.00323055	0.017234
33.3228	74.0896	0.00201004	0.0116491
33.3228	74.0896	0.00201004	0.0116491
31.9219	75.3472	0.00147636	0.00920215
30.9297	73.8705	0.00192317	0.0131821
35.7008	74.0896	0.00244059	0.0124508
33.3228	74.0896	0.00201004	0.0116491
34.8066	72.3429	0.00323055	0.017234
34.5833	76.9444	0.00144098	0.0079008
31.9219	75.3472	0.00147636	0.00920215
33.3228	74.0896	0.00201004	0.0116491
17.4187	68.2649	0.00952226	0.067874
14.8915	68.2649	0.00785072	0.045817
16.8484	65.9587	0.0170245	0.29974
16.25	70.3973	0.00523076	0.0355476
13.513	70.6966	0.00526037	0.0299821
14.8915	68.2649	0.00785072	0.045817
19.193	69.7412	0.0067928	0.0686052
16.25	70.3973	0.00523076	0.0355476
17.4187	68.2649	0.00952226	0.067874
15.1934	72.3429	0.00354479	0.0232371
14.237	73.9441	0.00283766	0.0181057
12.7417	72.3429	0.00418455	0.0242044
17.645	72.3429	0.00333126	0.0275568
15.1934	72.3429	0.00354479	0.0232371
16.25	70.3973	0.00523076	0.0355476
16.5527	73.7985	0.00249194	0.0184654
14.237	73.9441	0.00283766	0.0181057
15.1934	72.3429	0.00354479	0.0232371
12.7417	72.3429	0.00418455	0.0242044
11.25	70.3973	0.00708683	0.0381608
13.513	70.6966	0.00526037	0.0299821
8.74996	70.3973	0.00966454	0.0521294
11.25	70.3973	0.00708683	0.0381608
10.2901	72.3429	0.00559178	0.0308569
12.3644	68.2649	0.00987072	0.0520164
13.846	66.4528	0.0131785	0.0581988
14.8915	68.2649	0.00785072	0.045817
9.83732	68.2649	0.0132991	0.0750068
12.3644	68.2649	0.00987072	0.0520164
11.25	70.3973	0.00708683	0.0381608
9.83732	68.2649	0.0132991	0.0750068
11.414	65.9587	0.0200413	0.69609
12.3644	68.2649	0.00987072	0.0520164
9.83732	68.2649	0.0132991	0.0750068
11.25	70.3973	0.00708683	0.0381608
8.74996	70.3973	0.00966454	0.0521294
14.8915	68.2649	0.00785072	0.045817
13.513	70.6966	0.00526037	0.0299821
12.3644	68.2649	0.00987072	0.0520164
15.1934	72.3429	0.00354479	0.0232371
12.7417	72.3429	0.00418455	0.0242044
13.513	70.6966	0.00526037	0.0299821
15.4167	76.9444	0.00167439	0.0118084
14.237	73.9441	0.00283766	0.0181057
16.5527	73.7985	0.00249194	0.0184654
13.6336	75.6267	0.00247537	0.0158632
11.9212	74.0896	0.00353949	0.0207987
14.237	73.9441	0.00283766	0.0181057
11.9212	74.0896	0.00353949	0.0207987
10.2901	72.3429	0.00559178	0.0308569
12.7417	72.3429	0.00418455	0.0242044
7.31021	68.2649	0.0178784	0.103314
9.83732	68.2649	0.0132991	0.0750068
8.74996	70.3973	0.00966454	0.0521294
7.31021	68.2649	0.0178784	0.103314
5.97957	65.9587	0.0352416	4.63591
8.78345	65.7825	0.0276723	4.58785
28.3173	78.0345	0.000860495	0.00617454
28.9198	79.5053	0.000827254	0.00576715
26.9661	79.8761	0.000752062	0.00559537
31.3712	77.1646	0.00110762	0.00698613
31.9219	75.3472	0.00147636	0.00920215
32.7403	78.0345	0.00111825	0.00667705
28.3173	78.0345	0.000860495	0.00617454
31.3712	77.1646	0.00110762	0.00698613
30.8485	78.89	0.000938755	0.00603199
29.3832	76.0659	0.00117803	0.00837923
31.9219	75.3472	0.00147636	0.00920215
31.3712	77.1646	0.00110762	0.00698613
27.2733	75.6267	0.0012561	0.0101795
29.3832	76.0659	0.00117803	0.00837923
28.3173	78.0345	0.000860495	0.00617454
28.5669	74.0896	0.00178049	0.013878
29.9033	72.3429	0.0027795	0.0212029
30.9297	73.8705	0.00192317	0.0131821
27.2733	75.6267	0.0012561	0.0101795
28.5669	74.0896	0.00178049	0.013878
29.3832	76.0659	0.00117803	0.00837923
27.2733	75.6267	0.0012561	0.0101795
26.189	74.0896	0.00179843	0.0162345
28.5669	74.0896	0.00178049	0.013878
26.2439	77.6257	0.000887491	0.00708543
27.2733	75.6267	0.0012561	0.0101795
28.3173	78.0345	0.000860495	0.00617454
26.9661	79.8761	0.000752062	0.00559537
26.2439	77.6257	0.000887491	0.00708543
28.3173	78.0345	0.000860495	0.00617454
24.9752	78.5234	0.000807624	0.00657655
24.7277	76.3587	0.00109085	0.00980532
26.2439	77.6257	0.000887491	0.00708543
31.0572	70.658	0.00434238	0.0327573
30.0542	68.2649	0.00875901	4.39957
32.2468	68.921	0.00696941	0.0444154
31.0572	70.658	0.00434238	0.0327573
28.75	70.3973	0.00483314	0.0401272
30.0542	68.2649	0.00875901	4.39957
33.75	70.3973	0.00493959	0.0267199
31.0572	70.658	0.00434238	0.0327573
32.2468	68.921	0.00696941	0.0444154
29.9033	72.3429	0.0027795	0.0212029
28.75	70.3973	0.00483314	0.0401272
31.0572	70.658	0.00434238	0.0327573
30.9297	73.8705	0.00192317	0.0131821
29.9033	72.3429	0.0027795	0.0212029
32.355	72.3429	0.00286834	0.0182646
33.3228	74.0896	0.00201004	0.0116491
30.9297	73.8705	0.00192317	0.0131821
32.355	72.3429	0.00286834	0.0182646
31.9219	75.3472	0.00147636	0.00920215
29.3832	76.0659	0.00117803	0.00837923
30.9297	73.8705	0.00192317	0.0131821
28.5669	74.0896	0.00178049	0.013878
26.189	74.0896	0.00179843	0.0162345
27.4517	72.3429	0.00280486	0.023628
25	72.3429	0.00286514	0.0292773
23.75	70.3973	0.00532804	0.0594155
27.0253	69.2491	0.00681252	0.0553853
26.9661	79.8761	0.000752062	0.00559537
24.9752	78.5234	0.000807624	0.00657655
26.2439	77.6257	0.000887491	0.00708543
27.0253	69.2491	0.00681252	0.0553853
24.3347	67.1118	0.0142858	0.113151
26.9568	67.2765	0.0124169	0.0817962
19.0904	66.7823	0.0168046	0.117832
19.999	65.078	0.0315815	4.66378
22.2828	65.9587	0.0217784	4.66025
17.4187	68.2649	0.00952226	0.067874
19.0904	66.7823	0.0168046	0.117832
19.193	69.7412	0.0067928	0.0686052
17.4187	68.2649	0.00952226	0.067874
16.8484	65.9587	0.0170245	0.29974
19.0904	66.7823	0.0168046	0.117832
27.4517	72.3429	0.00280486	0.023628
28.75	70.3973	0.00483314	0.0401272
29.9033	72.3429	0.0027795	0.0212029
28.5669	74.0896	0.00178049	0.013878
27.4517	72.3429	0.00280486	0.023628
29.9033	72.3429	0.0027795	0.0212029
26.189	74.0896	0.00179843	0.0162345
25	72.3429	0.00286514	0.0292773
27.4517	72.3429	0.00280486	0.023628
27.0253	69.2491	0.00681252	0.0553853
26.9568	67.2765	0.0124169	0.0817962
30.0542	68.2649	0.00875901	4.39957
27.4517	72.3429	0.00280486	0.023628
27.0253	69.2491	0.00681252	0.0553853
28.75	70.3973	0.00483314	0.0401272
23.75	70.3973	0.00532804	0.0594155
24.3347	67.1118	0.0142858	0.113151
27.0253	69.2491	0.00681252	0.0553853
34.8233	67.7707	0.0107479	0.0462921
37.4455	67.9354	0.0120141	4.34133
36.25	70.3973	0.00568744	0.0299946
31.3712	77.1646	0.00110762	0.00698613
32.7403	78.0345	0.00111825	0.00667705
30.8485	78.89	0.000938755	0.00603199
23.329	78.279	0.000856727	0.00735015
22.3999	76.5052	0.00114086	0.0108886
24.7277	76.3587	0.00109085	0.00980532
23.0339	79.8761	0.000785956	0.00654935
23.329	78.279	0.000856727	0.00735015
24.9752	78.5234	0.000807624	0.00657655
21.6827	78.0345	0.000933041	0.00814795
22.3999	76.5052	0.00114086	0.0108886
23.329	78.279	0.000856727	0.00735015
21.6827	78.0345	0.000933041	0.00814795
23.329	78.279	0.000856727	0.00735015
23.0339	79.8761	0.000785956	0.00654935
25	72.3429	0.00286514	0.0292773
26.189	74.0896	0.00179843	0.0162345
23.0327	74.7883	0.0015979	0.0167853
27.2733	75.6267	0.0012561	0.0101795
26.2439	77.6257	0.000887491	0.00708543
24.7277	76.3587	0.00109085	0.00980532
25	80	0.000765736	0.00611804
23.0339	79.8761	0.000785956	0.00654935
24.9752	78.5234	0.000807624	0.00657655
35.7008	74.0896	0.00244059	0.0124508
37.3942	72.4885	0.00390602	0.0183546
38.0788	74.0896	0.00324973	0.0151466
34.5833	76.9444	0.00144098	0.0079008
35.7008	74.0896	0.00244059	0.0124508
36.3664	75.6267	0.00216748	0.0110129
34.8066	72.3429	0.00323055	0.017234
37.3942	72.4885	0.00390602	0.0183546
35.7008	74.0896	0.00244059	0.0124508
34.5833	76.9444	0.00144098	0.0079008
33.3228	74.0896	0.00201004	0.0116491
35.7008	74.0896	0.00244059	0.0124508
33.75	70.3973	0.00493959	0.0267199
36.25	70.3973	0.00568744	0.0299946
34.8066	72.3429	0.00323055	0.017234
35.7008	74.0896	0.00244059	0.0124508
38.0788	74.0896	0.00324973	0.0151466
36.3664	75.6267	0.00216748	0.0110129
37.4455	67.9354	0.0120141	4.34133
38.75	70.3973	0.00700015	0.02997
36.25	70.3973	0.00568744	0.0299946
39.7099	72.3429	0.00535608	0.0217795
38.0788	74.0896	0.00324973	0.0151466
37.3942	72.4885	0.00390602	0.0183546
36.25	70.3973	0.00568744	0.0299946
33.75	70.3973	0.00493959	0.0267199
34.8233	67.7707	0.0107479	0.0462921
37.3942	72.4885	0.00390602	0.0183546
36.25	70.3973	0.00568744	0.0299946
38.75	70.3973	0.00700015	0.02997
37.3942	72.4885	0.00390602	0.0183546
34.8066	72.3429	0.00323055	0.017234
36.25	70.3973	0.00568744	0.0299946
15.5575	63.4929	0.0438704	1.88135
16.8484	65.9587	0.0170245	0.29974
13.846	66.4528	0.0131785	0.0581988
11.414	65.9587	0.0200413	0.69609
12.8597	63.4929	0.0388608	0.0705902
13.846	66.4528	0.0131785	0.0581988
15.0494	60.8826	0.105773	0.0817741
17.5295	61.7527	0.0866808	4.62814
15.5575	63.4929	0.0438704	1.88135
15.5575	63.4929	0.0438704	1.88135
17.5295	61.7527	0.0866808	4.62814
16.8484	65.9587	0.0170245	0.29974
11.6319	58.144	3.47799	0.0361884
14.6026	58.144	4.78011	0.0441557
12.3979	60.3349	0.114848	0.269846
14.6026	58.144	4.78011	0.0441557
17.2808	59.0298	4.74437	0.0738825
15.0494	60.8826	0.105773	0.0817741
20.363	63.0044	0.0628398	4.67605
19.999	65.078	0.0315815	4.66378
17.5295	61.7527	0.0866808	4.62814
20.7355	60.8826	0.117639	4.60137
20.363	63.0044	0.0628398	4.67605
17.5295	61.7527	0.0866808	4.62814
20.7355	60.8826	0.117639	4.60137
23.0704	62.1007	0.0778746	0.136078
20.363	63.0044	0.0628398	4.67605
11.6319	58.144	3.47799	0.0361884
10.6893	54.7417	4.92391	0.0136715
14.2198	55.2938	4.89162	0.0194743
9.3634	60.8826	0.107636	0.0668315
11.6319	58.144	3.47799	0.0361884
12.3979	60.3349	0.114848	0.269846
8.66123	58.144	4.79969	0.0337084
10.6893	54.7417	4.92391	0.0136715
11.6319	58.144	3.47799	0.0361884
5.69054	58.144	4.83091	0.0395104
4.92487	55.4838	4.93405	0.0166239
8.05963	55.2938	4.92459	0.0153627
6.4478	61.0566	0.119095	0.0794509
5.69054	58.144	4.83091	0.0395104
8.66123	58.144	4.79969	0.0337084
3.67737	60.8826	0.152351	4.45279
2.71986	58.144	4.8672	0.0375108
5.69054	58.144	4.83091	0.0395104
36.8222	64.0212	0.0359484	0.0476009
39.6261	63.8451	0.043785	0.0403641
38.586	65.9587	0.0221474	0.0440548
34.1521	62.7968	0.0466912	4.44195
36.8222	64.0212	0.0359484	0.0476009
35.8688	65.9587	0.0189221	0.053108
37.7936	60.8826	0.104472	0.0277368
39.6261	63.8451	0.043785	0.0403641
36.8222	64.0212	0.0359484	0.0476009
38.75	70.3973	0.00700015	0.02997
40.1627	68.2649	0.0132712	0.0370686
41.25	70.3973	0.00939113	0.0269202
37.3942	72.4885	0.00390602	0.0183546
38.75	70.3973	0.00700015	0.02997
39.7099	72.3429	0.00535608	0.0217795
37.4455	67.9354	0.0120141	4.34133
40.1627	68.2649	0.0132712	0.0370686
38.75	70.3973	0.00700015	0.02997
35.8688	65.9587	0.0189221	0.053108
37.4455	67.9354	0.0120141	4.34133
34.8233	67.7707	0.0107479	0.0462921
33.1516	65.9587	0.0167	0.064614
35.8688	65.9587	0.0189221	0.053108
34.8233	67.7707	0.0107479	0.0462921
34.1521	62.7968	0.0466912	4.44195
34.9506	60.8826	0.0836323	0.0517551
36.8222	64.0212	0.0359484	0.0476009
38.75	70.3973	0.00700015	0.02997
41.25	70.3973	0.00939113	0.0269202
39.7099	72.3429	0.00535608	0.0217795
38.586	65.9587	0.0221474	0.0440548
40.1627	68.2649	0.0132712	0.0370686
37.4455	67.9354	0.0120141	4.34133
41.3032	65.9587	0.0263256	0.041812
42.6898	68.2649	0.0174108	0.0334963
40.1627	68.2649	0.0132712	0.0370686
41.3032	65.9587	0.0263256	0.041812
44.0204	65.9587	0.0338649	0.0475635
42.6898	68.2649	0.0174108	0.0334963
41.25	70.3973	0.00939113	0.0269202
40.1627	68.2649	0.0132712	0.0370686
42.6898	68.2649	0.0174108	0.0334963
36.8222	64.0212	0.0359484	0.0476009
34.9506	60.8826	0.0836323	0.0517551
37.7936	60.8826	0.104472	0.0277368
2.71986	58.144	4.8672	0.0375108
4.92487	55.4838	4.93405	0.0166239
5.69054	58.144	4.83091	0.0395104
8.66123	58.144	4.79969	0.0337084
8.05963	55.2938	4.92459	0.0153627
10.6893	54.7417	4.92391	0.0136715
6.4478	61.0566	0.119095	0.0794509
8.66123	58.144	4.79969	0.0337084
9.3634	60.8826	0.107636	0.0668315
5.69054	58.144	4.83091	0.0395104
8.05963	55.2938	4.92459	0.0153627
8.66123	58.144	4.79969	0.0337084
1.8995	55.2938	4.9502	0.0136265
4.92487	55.4838	4.93405	0.0166239
2.71986	58.144	4.8672	0.0375108
1.8995	55.2938	4.9502	0.0136265
1.22131	52.3495	4.98017	0.00527131
4.19365	52.3495	4.97651	0.00601735
41.3032	65.9587	0.0263256	0.041812
42.43	63.669	0.0535881	4.34692
44.0204	65.9587	0.0338649	0.0475635
43.4796	60.8826	0.123439	0.0284911
40.6366	60.8826	0.115072	0.0286194
41.4664	58.5091	4.78833	0.0136004
45.2338	63.4929	0.0688444	0.0438375
43.4796	60.8826	0.123439	0.0284911
46.3226	60.8826	0.145769	0.0196952
42.43	63.669	0.0535881	4.34692
40.6366	60.8826	0.115072	0.0286194
43.4796	60.8826	0.123439	0.0284911
41.4664	58.5091	4.78833	0.0136004
38.5596	58.6917	4.75501	0.016233
38.8603	55.2938	4.88997	0.00618369
46.3226	60.8826	0.145769	0.0196952
43.4796	60.8826	0.123439	0.0284911
44.2548	57.954	4.83253	0.00997299
42.43	63.669	0.0535881	4.34692
39.6261	63.8451	0.043785	0.0403641
40.6366	60.8826	0.115072	0.0286194
44.0204	65.9587	0.0338649	0.0475635
42.43	63.669	0.0535881	4.34692
45.2338	63.4929	0.0688444	0.0438375
36.8222	64.0212	0.0359484	0.0476009
38.586	65.9587	0.0221474	0.0440548
35.8688	65.9587	0.0189221	0.053108
40.6366	60.8826	0.115072	0.0286194
39.6261	63.8451	0.043785	0.0403641
37.7936	60.8826	0.104472	0.0277368
38.586	65.9587	0.0221474	0.0440548
37.4455	67.9354	0.0120141	4.34133
35.8688	65.9587	0.0189221	0.053108
41.3032	65.9587	0.0263256	0.041812
38.586	65.9587	0.0221474	0.0440548
39.6261	63.8451	0.043785	0.0403641
41.3032	65.9587	0.0263256	0.041812
40.1627	68.2649	0.0132712	0.0370686
38.586	65.9587	0.0221474	0.0440548
32.2468	68.921	0.00696941	0.0444154
30.4344	65.9587	0.0162589	0.0762284
33.1516	65.9587	0.0167	0.064614
21.7285	50.6506	0.211755	0.00395087
19.0553	52.3495	0.211751	0.00735244
18.9224	49.3292	4.85523	0.00245688
21.7462	47.598	4.87539	0.00136078
21.7285	50.6506	0.211755	0.00395087
18.9224	49.3292	4.85523	0.00245688
15.8835	49.3292	4.9349	0.00287865
18.8268	46.2515	4.90635	0.00100802
18.9224	49.3292	4.85523	0.00245688
22.0142	44.8882	4.89571	0.000735257
25	46.2515	4.91424	0.000966307
21.7462	47.598	4.87539	0.00136078
24.7341	50.8393	4.81061	0.00404254
22.4091	54.0056	0.167348	0.0135701
21.7285	50.6506	0.211755	0.00395087
26.54	55.2938	0.195015	0.0203805
26.4853	58.144	4.69456	0.0514366
23.0771	56.6239	4.74093	0.0322211
30.9447	52.3495	4.8563	0.00573311
29.6201	55.2938	4.7831	0.0152741
27.9723	52.3495	4.836	0.00670072
26.4853	58.144	4.69456	0.0514366
26.4215	60.8826	0.0931489	4.53059
24.0253	59.6046	4.67117	0.0806338
29.6201	55.2938	4.7831	0.0152741
26.4853	58.144	4.69456	0.0514366
26.54	55.2938	0.195015	0.0203805
29.6201	55.2938	4.7831	0.0152741
32.1533	57.1939	0.165779	0.0255232
29.839	59.2394	0.110555	0.0565768
17.2808	59.0298	4.74437	0.0738825
20.7355	60.8826	0.117639	4.60137
17.5295	61.7527	0.0866808	4.62814
23.0771	56.6239	4.74093	0.0322211
20.3936	58.6582	4.73685	0.0730631
20.0518	56.4338	4.77332	0.033093
23.0771	56.6239	4.74093	0.0322211
24.0253	59.6046	4.67117	0.0806338
20.3936	58.6582	4.73685	0.0730631
39.0601	41.8598	0.182392	0.000290058
37.5191	43.9145	0.142511	0.000408957
37.5	40	4.77921	0.000218377
40.625	40	0.22158	0.000212962
39.0601	41.8598	0.182392	0.000290058
37.5	40	4.77921	0.000218377
40.6201	43.7197	0.185263	0.000343048
37.5191	43.9145	0.142511	0.000408957
39.0601	41.8598	0.182392	0.000290058
40.6201	43.7197	0.185263	0.000343048
40.433	46.2515	4.79413	0.000527001
37.5191	43.9145	0.142511	0.000408957
43.6923	43.1354	0.238253	0.000289537
40.6201	43.7197	0.185263	0.000343048
40.625	40	0.22158	0.000212962
43.6923	43.1354	0.238253	0.000289537
43.5196	46.2515	4.87282	0.000465858
40.6201	43.7197	0.185263	0.000343048
46.8798	40.196	4.93414	0.000213975
43.6923	43.1354	0.238253	0.000289537
43.75	40	4.86544	0.0002046
46.8077	43.1354	4.9109	0.000273984
49.6928	46.2515	4.95611	0.000394553
46.6062	46.2515	4.9318	0.000420656
37.5	40	4.77921	0.000218377
34.399	40.9798	0.165762	0.000290804
34.3221	37.8444	4.83799	0.000193575
40.5769	36.8646	4.91166	0.000176622
37.5	40	4.77921	0.000218377
37.4615	36.8646	4.90696	0.000178837
40.625	40	0.22158	0.000212962
40.6201	43.7197	0.185263	0.000343048
39.0601	41.8598	0.182392	0.000290058
40.1224	48.7521	4.85641	0.000921949
37.0597	48.5598	0.198382	0.0011994
37.3464	46.2515	0.15973	0.000666099
34.1165	49.3292	0.205106	0.00175966
36.7564	51.5944	4.849	0.00264171
34.1289	53.2696	4.84539	0.00587068
31.1732	46.2515	4.77858	0.00101616
34.1165	49.3292	0.205106	0.00175966
31.0776	49.3292	4.83951	0.00239412
28.0866	46.2515	4.88705	0.00106706
31.1732	46.2515	4.77858	0.00101616
31.0776	49.3292	4.83951	0.00239412
34.3294	43.6157	0.131379	0.000454477
34.399	40.9798	0.165762	0.000290804
37.5191	43.9145	0.142511	0.000408957
31.1732	46.2515	4.77858	0.00101616
31.226	43.7137	0.184718	0.000545529
34.2598	46.2515	0.150568	0.00081387
31.2788	41.1758	0.178393	0.000330577
34.399	40.9798	0.165762	0.000290804
34.3294	43.6157	0.131379	0.000454477
37.0597	48.5598	0.198382	0.0011994
36.7564	51.5944	4.849	0.00264171
34.1165	49.3292	0.205106	0.00175966
37.3464	46.2515	0.15973	0.000666099
37.0597	48.5598	0.198382	0.0011994
34.2598	46.2515	0.150568	0.00081387
40.433	46.2515	4.79413	0.000527001
37.3464	46.2515	0.15973	0.000666099
37.5191	43.9145	0.142511	0.000408957
40.433	46.2515	4.79413	0.000527001
40.1224	48.7521	4.85641	0.000921949
37.3464	46.2515	0.15973	0.000666099
40.1224	48.7521	4.85641	0.000921949
36.7564	51.5944	4.849	0.00264171
37.0597	48.5598	0.198382	0.0011994
46.2717	49.3292	4.95692	0.000795029
45.8487	52.5335	4.95767	0.00182899
43.2329	49.3292	4.92876	0.00092686
34.1165	49.3292	0.205106	0.00175966
34.1289	53.2696	4.84539	0.00587068
30.9447	52.3495	4.8563	0.00573311
7.464	63.4929	0.0564844	4.58093
8.78345	65.7825	0.0276723	4.58785
5.97957	65.9587	0.0352416	4.63591
6.4478	61.0566	0.119095	0.0794509
7.464	63.4929	0.0564844	4.58093
4.76616	63.4929	0.0705059	0.114943
6.4478	61.0566	0.119095	0.0794509
9.3634	60.8826	0.107636	0.0668315
7.464	63.4929	0.0564844	4.58093
12.3979	60.3349	0.114848	0.269846
10.1618	63.4929	0.0451357	0.0920662
9.3634	60.8826	0.107636	0.0668315
12.8597	63.4929	0.0388608	0.0705902
15.0494	60.8826	0.105773	0.0817741
15.5575	63.4929	0.0438704	1.88135
12.3644	68.2649	0.00987072	0.0520164
13.513	70.6966	0.00526037	0.0299821
11.25	70.3973	0.00708683	0.0381608
16.8484	65.9587	0.0170245	0.29974
14.8915	68.2649	0.00785072	0.045817
13.846	66.4528	0.0131785	0.0581988
17.4187	68.2649	0.00952226	0.067874
16.25	70.3973	0.00523076	0.0355476
14.8915	68.2649	0.00785072	0.045817
19.999	65.078	0.0315815	4.66378
19.0904	66.7823	0.0168046	0.117832
16.8484	65.9587	0.0170245	0.29974
19.193	69.7412	0.0067928	0.0686052
20.0967	72.3429	0.00324673	0.0376966
17.645	72.3429	0.00333126	0.0275568
9.83732	68.2649	0.0132991	0.0750068
8.78345	65.7825	0.0276723	4.58785
11.414	65.9587	0.0200413	0.69609
6.48041	46.2515	4.99232	0.00113856
3.72828	49.3292	4.99014	0.0024133
3.39381	46.2515	4.99488	0.00104579
9.70619	49.8955	4.98127	0.00333675
6.76709	49.3292	4.9879	0.00261608
9.61019	45.6673	4.98763	0.000984823
9.70619	49.8955	4.98127	0.00333675
10.1383	52.3495	4.9647	0.00678857
7.16598	52.3495	4.97216	0.00637191
13.1107	52.3495	4.9473	0.00744211
10.1383	52.3495	4.9647	0.00678857
12.7118	50.0843	4.96729	0.00382803
4.19365	52.3495	4.97651	0.00601735
3.72828	49.3292	4.99014	0.0024133
6.76709	49.3292	4.9879	0.00261608
1.8995	55.2938	4.9502	0.0136265
4.19365	52.3495	4.97651	0.00601735
4.92487	55.4838	4.93405	0.0166239
1.22131	52.3495	4.98017	0.00527131
3.72828	49.3292	4.99014	0.0024133
4.19365	52.3495	4.97651	0.00601735
22.2828	65.9587	0.0217784	4.66025
23.0704	62.1007	0.0778746	0.136078
25.6067	64.7258	0.029105	4.6042
21.8037	69.5771	0.00693944	4.50888
22.2828	65.9587	0.0217784	4.66025
24.3347	67.1118	0.0142858	0.113151
19.999	65.078	0.0315815	4.66378
20.363	63.0044	0.0628398	4.67605
22.2828	65.9587	0.0217784	4.66025
21.8037	69.5771	0.00693944	4.50888
19.193	69.7412	0.0067928	0.0686052
19.0904	66.7823	0.0168046	0.117832
16.8484	65.9587	0.0170245	0.29974
17.5295	61.7527	0.0866808	4.62814
19.999	65.078	0.0315815	4.66378
22.2828	65.9587	0.0217784	4.66025
20.363	63.0044	0.0628398	4.67605
23.0704	62.1007	0.0778746	0.136078
16.25	70.3973	0.00523076	0.0355476
15.1934	72.3429	0.00354479	0.0232371
13.513	70.6966	0.00526037	0.0299821
7.464	63.4929	0.0564844	4.58093
10.1618	63.4929	0.0451357	0.0920662
8.78345	65.7825	0.0276723	4.58785
20.0518	56.4338	4.77332	0.033093
19.0553	52.3495	0.211751	0.00735244
22.4091	54.0056	0.167348	0.0135701
20.3936	58.6582	4.73685	0.0730631
17.2808	59.0298	4.74437	0.0738825
20.0518	56.4338	4.77332	0.033093
15.0494	60.8826	0.105773	0.0817741
12.8597	63.4929	0.0388608	0.0705902
12.3979	60.3349	0.114848	0.269846
9.3634	60.8826	0.107636	0.0668315
8.66123	58.144	4.79969	0.0337084
11.6319	58.144	3.47799	0.0361884
9.70619	49.8955	4.98127	0.00333675
7.16598	52.3495	4.97216	0.00637191
6.76709	49.3292	4.9879	0.00261608
13.1107	52.3495	4.9473	0.00744211
16.083	52.3495	4.88583	0.00768279
14.2198	55.2938	4.89162	0.0194743
23.0771	56.6239	4.74093	0.0322211
22.4091	54.0056	0.167348	0.0135701
26.54	55.2938	0.195015	0.0203805
20.7355	60.8826	0.117639	4.60137
20.3936	58.6582	4.73685	0.0730631
24.0253	59.6046	4.67117	0.0806338
20.0518	56.4338	4.77332	0.033093
22.4091	54.0056	0.167348	0.0135701
23.0771	56.6239	4.74093	0.0322211
20.7355	60.8826	0.117639	4.60137
17.2808	59.0298	4.74437	0.0738825
20.3936	58.6582	4.73685	0.0730631
17.0264	56.2438	4.83486	0.0296523
19.0553	52.3495	0.211751	0.00735244
20.0518	56.4338	4.77332	0.033093
6.30769	36.8646	4.9925	0.000224021
6.24038	39.6081	4.99223	0.000286479
3.19231	36.8646	4.99691	0.000222943
9.49534	33.1714	4.98736	0.000186962
9.42308	36.8646	4.97915	0.000227085
6.43263	33.3637	4.99492	0.000188075
6.31731	42.7435	4.99289	0.000486456
3.125	40	4.99659	0.000298321
6.24038	39.6081	4.99223	0.000286479
9.4375	42.5475	4.98248	0.000505223
12.5	40	4.93196	0.000315087
12.5577	42.3516	4.95295	0.000498556
6.30769	36.8646	4.9925	0.000224021
9.36058	39.4121	4.97826	0.00029081
6.24038	39.6081	4.99223	0.000286479
9.42308	36.8646	4.97915	0.000227085
12.5385	36.8646	4.93762	0.00022546
9.36058	39.4121	4.97826	0.00029081
15.8122	34.7222	4.90231	0.000192371
12.5385	36.8646	4.93762	0.00022546
12.7112	34.5275	4.96001	0.000195249
9.4375	42.5475	4.98248	0.000505223
12.5577	42.3516	4.95295	0.000498556
9.61019	45.6673	4.98763	0.000984823
6.24038	39.6081	4.99223	0.000286479
9.4375	42.5475	4.98248	0.000505223
6.31731	42.7435	4.99289	0.000486456
9.36058	39.4121	4.97826	0.00029081
12.5	40	4.93196	0.000315087
9.4375	42.5475	4.98248	0.000505223
15.601	39.0202	0.242872	0.000283965
12.5	40	4.93196	0.000315087
12.5385	36.8646	4.93762	0.00022546
15.601	39.0202	0.242872	0.000283965
15.6779	42.1556	4.87609	0.000500364
12.5	40	4.93196	0.000315087
6.48041	46.2515	4.99232	0.00113856
6.76709	49.3292	4.9879	0.00261608
3.72828	49.3292	4.99014	0.0024133
6.31731	42.7435	4.99289	0.000486456
6.48041	46.2515	4.99232	0.00113856
3.39381	46.2515	4.99488	0.00104579
9.61019	45.6673	4.98763	0.000984823
6.76709	49.3292	4.9879	0.00261608
6.48041	46.2515	4.99232	0.00113856
12.7118	50.0843	4.96729	0.00382803
9.70619	49.8955	4.98127	0.00333675
11.1799	48.0735	4.97983	0.00222941
3.19711	42.9395	4.99621	0.000502089
0.076922	43.1354	4.99689	0.000523809
-3.10282e-28	40	4.99759	0.000313265
6.31731	42.7435	4.99289	0.000486456
3.19711	42.9395	4.99621	0.000502089
3.125	40	4.99659	0.000298321
3.39381	46.2515	4.99488	0.00104579
0.307214	46.2515	4.99568	0.000979143
3.19711	42.9395	4.99621	0.000502089
45.0204	55.2938	4.92629	0.00422456
41.9404	55.2938	4.91095	0.00511455
42.834	52.3495	4.94282	0.00209218
48.1005	55.2938	4.93973	0.00335539
45.0204	55.2938	4.92629	0.00422456
45.8487	52.5335	4.95767	0.00182899
44.2548	57.954	4.83253	0.00997299
41.9404	55.2938	4.91095	0.00511455
45.0204	55.2938	4.92629	0.00422456
46.3226	60.8826	0.145769	0.0196952
44.2548	57.954	4.83253	0.00997299
47.2801	58.144	4.85792	0.00798155
41.4664	58.5091	4.78833	0.0136004
38.8603	55.2938	4.88997	0.00618369
41.9404	55.2938	4.91095	0.00511455
27.9723	52.3495	4.836	0.00670072
28.0388	49.3292	4.88733	0.00256952
30.9447	52.3495	4.8563	0.00573311
19.0553	52.3495	0.211751	0.00735244
21.7285	50.6506	0.211755	0.00395087
22.4091	54.0056	0.167348	0.0135701
25	46.2515	4.91424	0.000966307
28.0388	49.3292	4.88733	0.00256952
24.7341	50.8393	4.81061	0.00404254
21.7285	50.6506	0.211755	0.00395087
21.7462	47.598	4.87539	0.00136078
24.7341	50.8393	4.81061	0.00404254
15.6779	42.1556	4.87609	0.000500364
17.2523	44.2036	4.88855	0.000745468
14.1489	44.3016	4.94686	0.00081354
22.0142	44.8882	4.89571	0.000735257
18.8268	46.2515	4.90635	0.00100802
18.7981	41.9596	0.231632	0.000456423
15.8835	49.3292	4.9349	0.00287865
12.6536	46.2515	4.97339	0.00124286
15.7402	46.2515	4.94203	0.00128566
17.0264	56.2438	4.83486	0.0296523
16.083	52.3495	4.88583	0.00768279
19.0553	52.3495	0.211751	0.00735244
4.19365	52.3495	4.97651	0.00601735
7.16598	52.3495	4.97216	0.00637191
4.92487	55.4838	4.93405	0.0166239
21.9183	41.7637	4.84112	0.000429489
25	43.1354	4.90068	0.000520058
22.0142	44.8882	4.89571	0.000735257
28.125	40	4.83123	0.000278732
25	40	4.85957	0.000280403
28.1154	36.8646	4.84315	0.00019079
25	30.6708	4.91382	0.000153672
25.1151	35.3065	0.240361	0.00017748
21.9134	33.7485	0.253867	0.000175585
31.3171	35.696	4.88299	0.000171768
28.0866	33.7485	4.8918	0.000160422
30.9343	31.8249	4.94632	0.000152887
28.1154	36.8646	4.84315	0.00019079
25.1151	35.3065	0.240361	0.00017748
28.0866	33.7485	4.8918	0.000160422
33.7508	28.5944	4.96327	0.000152073
37.1553	30.6708	4.97859	0.000157413
33.997	31.6326	4.96138	0.000155469
21.8846	36.8646	4.79587	0.000209995
21.9014	39.3141	0.232837	0.000281953
18.7212	38.8242	0.204376	0.000274373
28.1154	36.8646	4.84315	0.00019079
25	40	4.85957	0.000280403
25.1151	35.3065	0.240361	0.00017748
28.125	40	4.83123	0.000278732
28.1154	43.1354	4.85044	0.000525117
25	40	4.85957	0.000280403
3.72828	49.3292	4.99014	0.0024133
1.22131	52.3495	4.98017	0.00527131
0.68946	49.3292	4.99148	0.00216859
0.307214	46.2515	4.99568	0.000979143
3.39381	46.2515	4.99488	0.00104579
0.68946	49.3292	4.99148	0.00216859
11.1799	48.0735	4.97983	0.00222941
12.6536	46.2515	4.97339	0.00124286
12.7118	50.0843	4.96729	0.00382803
9.61019	45.6673	4.98763	0.000984823
11.1799	48.0735	4.97983	0.00222941
9.70619	49.8955	4.98127	0.00333675
9.61019	45.6673	4.98763	0.000984823
12.6536	46.2515	4.97339	0.00124286
11.1799	48.0735	4.97983	0.00222941
31.3817	62.6228	0.0394387	4.51702
34.1521	62.7968	0.0466912	4.44195
33.1516	65.9587	0.0167	0.064614
26.9568	67.2765	0.0124169	0.0817962
28.4106	64.5496	0.0266997	0.0947154
30.4344	65.9587	0.0162589	0.0762284
29.839	59.2394	0.110555	0.0565768
33.5519	59.0383	0.122689	0.0383958
31.3817	62.6228	0.0394387	4.51702
28.6113	62.4488	0.0487286	0.0994723
29.839	59.2394	0.110555	0.0565768
31.3817	62.6228	0.0394387	4.51702
20.7355	60.8826	0.117639	4.60137
24.0253	59.6046	4.67117	0.0806338
23.0704	62.1007	0.0778746	0.136078
25.6371	53.0665	0.208736	0.00990394
24.7341	50.8393	4.81061	0.00404254
27.9723	52.3495	4.836	0.00670072
22.4091	54.0056	0.167348	0.0135701
25.6371	53.0665	0.208736	0.00990394
26.54	55.2938	0.195015	0.0203805
22.4091	54.0056	0.167348	0.0135701
24.7341	50.8393	4.81061	0.00404254
25.6371	53.0665	0.208736	0.00990394
29.6201	55.2938	4.7831	0.0152741
31.8745	54.2817	4.81951	0.0102874
32.1533	57.1939	0.165779	0.0255232
34.2598	46.2515	0.150568	0.00081387
34.3294	43.6157	0.131379	0.000454477
37.3464	46.2515	0.15973	0.000666099
31.1732	46.2515	4.77858	0.00101616
34.2598	46.2515	0.150568	0.00081387
34.1165	49.3292	0.205106	0.00175966
34.2598	46.2515	0.150568	0.00081387
31.226	43.7137	0.184718	0.000545529
34.3294	43.6157	0.131379	0.000454477
35.6527	58.8743	4.67376	0.0266445
38.5596	58.6917	4.75501	0.016233
37.7936	60.8826	0.104472	0.0277368
33.5519	59.0383	0.122689	0.0383958
35.6527	58.8743	4.67376	0.0266445
34.9506	60.8826	0.0836323	0.0517551
35.7802	55.2938	4.84669	0.00836877
38.5596	58.6917	4.75501	0.016233
35.6527	58.8743	4.67376	0.0266445
42.43	63.669	0.0535881	4.34692
43.4796	60.8826	0.123439	0.0284911
45.2338	63.4929	0.0688444	0.0438375
6.48041	46.2515	4.99232	0.00113856
6.31731	42.7435	4.99289	0.000486456
9.61019	45.6673	4.98763	0.000984823
0.68946	49.3292	4.99148	0.00216859
3.39381	46.2515	4.99488	0.00104579
3.72828	49.3292	4.99014	0.0024133
0.307214	46.2515	4.99568	0.000979143
0.076922	43.1354	4.99689	0.000523809
3.19711	42.9395	4.99621	0.000502089
6.4478	61.0566	0.119095	0.0794509
4.76616	63.4929	0.0705059	0.114943
3.67737	60.8826	0.152351	4.45279
5.69054	58.144	4.83091	0.0395104
6.4478	61.0566	0.119095	0.0794509
3.67737	60.8826	0.152351	4.45279
9.3634	60.8826	0.107636	0.0668315
10.1618	63.4929	0.0451357	0.0920662
7.464	63.4929	0.0564844	4.58093
14.6026	58.144	4.78011	0.0441557
15.0494	60.8826	0.105773	0.0817741
12.3979	60.3349	0.114848	0.269846
14.2198	55.2938	4.89162	0.0194743
14.6026	58.144	4.78011	0.0441557
11.6319	58.144	3.47799	0.0361884
14.2198	55.2938	4.89162	0.0194743
17.0264	56.2438	4.83486	0.0296523
14.6026	58.144	4.78011	0.0441557
7.464	63.4929	0.0564844	4.58093
5.97957	65.9587	0.0352416	4.63591
4.76616	63.4929	0.0705059	0.114943
11.414	65.9587	0.0200413	0.69609
13.846	66.4528	0.0131785	0.0581988
12.3644	68.2649	0.00987072	0.0520164
10.1618	63.4929	0.0451357	0.0920662
11.414	65.9587	0.0200413	0.69609
8.78345	65.7825	0.0276723	4.58785
12.8597	63.4929	0.0388608	0.0705902
15.5575	63.4929	0.0438704	1.88135
13.846	66.4528	0.0131785	0.0581988
10.1618	63.4929	0.0451357	0.0920662
12.8597	63.4929	0.0388608	0.0705902
11.414	65.9587	0.0200413	0.69609
10.1618	63.4929	0.0451357	0.0920662
12.3979	60.3349	0.114848	0.269846
12.8597	63.4929	0.0388608	0.0705902
9.83732	68.2649	0.0132991	0.0750068
7.31021	68.2649	0.0178784	0.103314
8.78345	65.7825	0.0276723	4.58785
31.8745	54.2817	4.81951	0.0102874
30.9447	52.3495	4.8563	0.00573311
34.1289	53.2696	4.84539	0.00587068
35.7802	55.2938	4.84669	0.00836877
31.8745	54.2817	4.81951	0.0102874
34.1289	53.2696	4.84539	0.00587068
29.6201	55.2938	4.7831	0.0152741
30.9447	52.3495	4.8563	0.00573311
31.8745	54.2817	4.81951	0.0102874
29.839	59.2394	0.110555	0.0565768
26.4853	58.144	4.69456	0.0514366
29.6201	55.2938	4.7831	0.0152741
33.5519	59.0383	0.122689	0.0383958
29.839	59.2394	0.110555	0.0565768
32.1533	57.1939	0.165779	0.0255232
35.7802	55.2938	4.84669	0.00836877
33.5519	59.0383	0.122689	0.0383958
32.1533	57.1939	0.165779	0.0255232
34.9506	60.8826	0.0836323	0.0517551
31.3817	62.6228	0.0394387	4.51702
33.5519	59.0383	0.122689	0.0383958
28.6113	62.4488	0.0487286	0.0994723
26.4215	60.8826	0.0931489	4.53059
29.839	59.2394	0.110555	0.0565768
26.54	55.2938	0.195015	0.0203805
27.9723	52.3495	4.836	0.00670072
29.6201	55.2938	4.7831	0.0152741
25.6371	53.0665	0.208736	0.00990394
27.9723	52.3495	4.836	0.00670072
26.54	55.2938	0.195015	0.0203805
24.7341	50.8393	4.81061	0.00404254
28.0388	49.3292	4.88733	0.00256952
27.9723	52.3495	4.836	0.00670072
22.5483	72.3429	0.00308995	0.0389312
23.75	70.3973	0.00532804	0.0594155
25	72.3429	0.00286514	0.0292773
23.0327	74.7883	0.0015979	0.0167853
22.5483	72.3429	0.00308995	0.0389312
25	72.3429	0.00286514	0.0292773
21.4331	74.0896	0.00198135	0.021683
19.0551	74.0896	0.00213908	0.0203235
20.0967	72.3429	0.00324673	0.0376966
19.0904	66.7823	0.0168046	0.117832
22.2828	65.9587	0.0217784	4.66025
21.8037	69.5771	0.00693944	4.50888
24.3347	67.1118	0.0142858	0.113151
23.75	70.3973	0.00532804	0.0594155
21.8037	69.5771	0.00693944	4.50888
27.0253	69.2491	0.00681252	0.0553853
30.0542	68.2649	0.00875901	4.39957
28.75	70.3973	0.00483314	0.0401272
25.6067	64.7258	0.029105	4.6042
28.4106	64.5496	0.0266997	0.0947154
26.9568	67.2765	0.0124169	0.0817962
22.2828	65.9587	0.0217784	4.66025
25.6067	64.7258	0.029105	4.6042
24.3347	67.1118	0.0142858	0.113151
23.0704	62.1007	0.0778746	0.136078
26.4215	60.8826	0.0931489	4.53059
25.6067	64.7258	0.029105	4.6042
30.4344	65.9587	0.0162589	0.0762284
30.0542	68.2649	0.00875901	4.39957
26.9568	67.2765	0.0124169	0.0817962
28.6113	62.4488	0.0487286	0.0994723
31.3817	62.6228	0.0394387	4.51702
28.4106	64.5496	0.0266997	0.0947154
25.6067	64.7258	0.029105	4.6042
28.6113	62.4488	0.0487286	0.0994723
28.4106	64.5496	0.0266997	0.0947154
26.4215	60.8826	0.0931489	4.53059
26.4853	58.144	4.69456	0.0514366
29.839	59.2394	0.110555	0.0565768
25.6067	64.7258	0.029105	4.6042
26.4215	60.8826	0.0931489	4.53059
28.6113	62.4488	0.0487286	0.0994723
24.0253	59.6046	4.67117	0.0806338
23.0771	56.6239	4.74093	0.0322211
26.4853	58.144	4.69456	0.0514366
33.1516	65.9587	0.0167	0.064614
34.8233	67.7707	0.0107479	0.0462921
32.2468	68.921	0.00696941	0.0444154
31.3817	62.6228	0.0394387	4.51702
33.1516	65.9587	0.0167	0.064614
30.4344	65.9587	0.0162589	0.0762284
34.1521	62.7968	0.0466912	4.44195
35.8688	65.9587	0.0189221	0.053108
33.1516	65.9587	0.0167	0.064614
32.355	72.3429	0.00286834	0.0182646
33.75	70.3973	0.00493959	0.0267199
34.8066	72.3429	0.00323055	0.017234
29.3832	76.0659	0.00117803	0.00837923
28.5669	74.0896	0.00178049	0.013878
30.9297	73.8705	0.00192317	0.0131821
31.0572	70.658	0.00434238	0.0327573
33.75	70.3973	0.00493959	0.0267199
32.355	72.3429	0.00286834	0.0182646
29.9033	72.3429	0.0027795	0.0212029
31.0572	70.658	0.00434238	0.0327573
32.355	72.3429	0.00286834	0.0182646
28.4106	64.5496	0.0266997	0.0947154
31.3817	62.6228	0.0394387	4.51702
30.4344	65.9587	0.0162589	0.0762284
24.3347	67.1118	0.0142858	0.113151
25.6067	64.7258	0.029105	4.6042
26.9568	67.2765	0.0124169	0.0817962
23.0704	62.1007	0.0778746	0.136078
24.0253	59.6046	4.67117	0.0806338
26.4215	60.8826	0.0931489	4.53059
30.4344	65.9587	0.0162589	0.0762284
32.2468	68.921	0.00696941	0.0444154
30.0542	68.2649	0.00875901	4.39957
34.8233	67.7707	0.0107479	0.0462921
33.75	70.3973	0.00493959	0.0267199
32.2468	68.921	0.00696941	0.0444154
43.2329	49.3292	4.92876	0.00092686
40.1224	48.7521	4.85641	0.000921949
40.433	46.2515	4.79413	0.000527001
48.7787	52.3495	4.96513	0.00146776
45.8487	52.5335	4.95767	0.00182899
46.2717	49.3292	4.95692	0.000795029
42.834	52.3495	4.94282	0.00209218
40.1224	48.7521	4.85641	0.000921949
43.2329	49.3292	4.92876	0.00092686
47.2801	58.144	4.85792	0.00798155
44.2548	57.954	4.83253	0.00997299
45.0204	55.2938	4.92629	0.00422456
38.8603	55.2938	4.88997	0.00618369
35.7802	55.2938	4.84669	0.00836877
36.7564	51.5944	4.849	0.00264171
41.9404	55.2938	4.91095	0.00511455
38.8603	55.2938	4.88997	0.00618369
39.8617	52.3495	4.91	0.00258955
45.8487	52.5335	4.95767	0.00182899
45.0204	55.2938	4.92629	0.00422456
42.834	52.3495	4.94282	0.00209218
41.4664	58.5091	4.78833	0.0136004
40.6366	60.8826	0.115072	0.0286194
38.5596	58.6917	4.75501	0.016233
44.2548	57.954	4.83253	0.00997299
41.4664	58.5091	4.78833	0.0136004
41.9404	55.2938	4.91095	0.00511455
44.2548	57.954	4.83253	0.00997299
43.4796	60.8826	0.123439	0.0284911
41.4664	58.5091	4.78833	0.0136004
38.5596	58.6917	4.75501	0.016233
35.7802	55.2938	4.84669	0.00836877
38.8603	55.2938	4.88997	0.00618369
6.31731	42.7435	4.99289	0.000486456
3.39381	46.2515	4.99488	0.00104579
3.19711	42.9395	4.99621	0.000502089
45.8487	52.5335	4.95767	0.00182899
42.834	52.3495	4.94282	0.00209218
43.2329	49.3292	4.92876	0.00092686
48.1005	55.2938	4.93973	0.00335539
45.8487	52.5335	4.95767	0.00182899
48.7787	52.3495	4.96513	0.00146776
48.1005	55.2938	4.93973	0.00335539
47.2801	58.144	4.85792	0.00798155
45.0204	55.2938	4.92629	0.00422456
37.7936	60.8826	0.104472	0.0277368
38.5596	58.6917	4.75501	0.016233
40.6366	60.8826	0.115072	0.0286194
41.3032	65.9587	0.0263256	0.041812
39.6261	63.8451	0.043785	0.0403641
42.43	63.669	0.0535881	4.34692
34.9506	60.8826	0.0836323	0.0517551
35.6527	58.8743	4.67376	0.0266445
37.7936	60.8826	0.104472	0.0277368
31.3817	62.6228	0.0394387	4.51702
34.9506	60.8826	0.0836323	0.0517551
34.1521	62.7968	0.0466912	4.44195
33.5519	59.0383	0.122689	0.0383958
35.7802	55.2938	4.84669	0.00836877
35.6527	58.8743	4.67376	0.0266445
31.8745	54.2817	4.81951	0.0102874
35.7802	55.2938	4.84669	0.00836877
32.1533	57.1939	0.165779	0.0255232
34.1165	49.3292	0.205106	0.00175966
34.2598	46.2515	0.150568	0.00081387
37.0597	48.5598	0.198382	0.0011994
28.0388	49.3292	4.88733	0.00256952
31.0776	49.3292	4.83951	0.00239412
30.9447	52.3495	4.8563	0.00573311
28.0388	49.3292	4.88733	0.00256952
25	46.2515	4.91424	0.000966307
28.0866	46.2515	4.88705	0.00106706
36.7564	51.5944	4.849	0.00264171
35.7802	55.2938	4.84669	0.00836877
34.1289	53.2696	4.84539	0.00587068
30.9447	52.3495	4.8563	0.00573311
31.0776	49.3292	4.83951	0.00239412
34.1165	49.3292	0.205106	0.00175966
40.1224	48.7521	4.85641	0.000921949
42.834	52.3495	4.94282	0.00209218
39.8617	52.3495	4.91	0.00258955
39.8617	52.3495	4.91	0.00258955
42.834	52.3495	4.94282	0.00209218
41.9404	55.2938	4.91095	0.00511455
36.7564	51.5944	4.849	0.00264171
39.8617	52.3495	4.91	0.00258955
38.8603	55.2938	4.88997	0.00618369
36.7564	51.5944	4.849	0.00264171
40.1224	48.7521	4.85641	0.000921949
39.8617	52.3495	4.91	0.00258955
18.9224	49.3292	4.85523	0.00245688
19.0553	52.3495	0.211751	0.00735244
16.083	52.3495	4.88583	0.00768279
15.7402	46.2515	4.94203	0.00128566
18.8268	46.2515	4.90635	0.00100802
15.8835	49.3292	4.9349	0.00287865
21.7462	47.598	4.87539	0.00136078
25	46.2515	4.91424	0.000966307
24.7341	50.8393	4.81061	0.00404254
22.0108	14.5924	0.163476	0.000151796
19.9458	11.7351	0.122069	0.000152228
23.0432	12.7235	0.130609	0.000151401
17.645	7.6571	0.0676891	0.000153212
18.75	9.60269	0.0944667	0.000152709
16.5822	10.0948	4.6533	0.000150957
14.9215	7.36598	0.0760172	0.000153869
17.645	7.6571	0.0676891	0.000153212
16.5822	10.0948	4.6533	0.000150957
16.6772	5.91038	0.0455046	0.000153581
19.0551	5.91038	0.0359366	0.000153196
17.645	7.6571	0.0676891	0.000153212
20.0967	7.6571	0.0488687	0.000152703
21.25	9.60269	0.0675686	0.000152106
18.75	9.60269	0.0944667	0.000152709
17.645	7.6571	0.0676891	0.000153212
19.0551	5.91038	0.0359366	0.000153196
20.0967	7.6571	0.0488687	0.000152703
24.1844	6.78374	0.039343	0.000152287
26.189	5.91038	0.0347808	0.000152281
25.4207	8.55507	0.0725505	0.000151623
28.5669	5.91038	0.0390794	0.000151957
31.8199	4.37335	0.0280559	0.000151744
31.1316	6.34706	0.0459923	0.00015141
26.9661	0.123895	0.0125184	0.000153248
28.4094	2.238	0.0164242	0.00015282
26.0648	3.0556	0.0172352	0.000153022
28.9198	0.494728	0.0148745	0.00015289
30.8485	1.10996	0.017194	0.000152481
28.4094	2.238	0.0164242	0.00015282
31.25	9.60269	0.123321	0.00015074
33.75	9.60269	0.104518	0.000150573
32.5813	11.7351	4.74785	0.00014822
30.9096	13.2177	4.84767	0.000148221
29.636	10.915	4.72753	0.000148306
32.5813	11.7351	4.74785	0.00014822
32.355	7.6571	0.0643826	0.000150946
33.4473	6.2015	0.0428707	0.000151047
34.9468	7.95642	0.0660621	0.000150596
29.9033	7.6571	0.0695732	0.000151273
32.355	7.6571	0.0643826	0.000150946
31.25	9.60269	0.123321	0.00015074
31.1316	6.34706	0.0459923	0.00015141
31.8199	4.37335	0.0280559	0.000151744
33.4473	6.2015	0.0428707	0.000151047
29.9033	7.6571	0.0695732	0.000151273
31.1316	6.34706	0.0459923	0.00015141
32.355	7.6571	0.0643826	0.000150946
29.9033	7.6571	0.0695732	0.000151273
28.5669	5.91038	0.0390794	0.000151957
31.1316	6.34706	0.0459923	0.00015141
28.5669	5.91038	0.0390794	0.000151957
29.9033	7.6571	0.0695732	0.000151273
27.8022	8.40541	0.0870487	0.000151346
25	4.37335	0.0221653	0.000152842
27.2733	4.37335	0.0245996	0.000152563
26.189	5.91038	0.0347808	0.000152281
27.2733	4.37335	0.0245996	0.000152563
30.3241	3.0556	0.020227	0.000152327
28.5669	5.91038	0.0390794	0.000151957
31.1316	6.34706	0.0459923	0.00015141
33.4473	6.2015	0.0428707	0.000151047
32.355	7.6571	0.0643826	0.000150946
27.2733	4.37335	0.0245996	0.000152563
28.4094	2.238	0.0164242	0.00015282
30.3241	3.0556	0.020227	0.000152327
26.189	5.91038	0.0347808	0.000152281
27.2733	4.37335	0.0245996	0.000152563
28.5669	5.91038	0.0390794	0.000151957
26.0648	3.0556	0.0172352	0.000153022
28.4094	2.238	0.0164242	0.00015282
27.2733	4.37335	0.0245996	0.000152563
29.636	10.915	4.72753	0.000148306
29.9033	7.6571	0.0695732	0.000151273
31.25	9.60269	0.123321	0.00015074
25.4207	8.55507	0.0725505	0.000151623
27.8022	8.40541	0.0870487	0.000151346
27.0253	10.7509	4.68017	0.00014858
25.4207	8.55507	0.0725505	0.000151623
26.189	5.91038	0.0347808	0.000152281
27.8022	8.40541	0.0870487	0.000151346
26.3489	16.5071	4.87631	0.000148671
24.3933	15.2742	0.21057	0.000151239
25.6653	12.8882	4.73609	0.000148534
30.3241	3.0556	0.020227	0.000152327
31.8199	4.37335	0.0280559	0.000151744
28.5669	5.91038	0.0390794	0.000151957
30.8485	1.10996	0.017194	0.000152481
30.3241	3.0556	0.020227	0.000152327
28.4094	2.238	0.0164242	0.00015282
30.8485	1.10996	0.017194	0.000152481
32.7403	1.96546	0.0210501	0.000151954
30.3241	3.0556	0.020227	0.000152327
30.3241	3.0556	0.020227	0.000152327
32.7403	1.96546	0.0210501	0.000151954
31.8199	4.37335	0.0280559	0.000151744
23.9352	3.0556	0.0164427	0.000153224
25	4.37335	0.0221653	0.000152842
22.7267	4.37335	0.0210017	0.000153072
26.9661	0.123895	0.0125184	0.000153248
26.0648	3.0556	0.0172352	0.000153022
25.0248	1.47661	0.0134224	0.000153344
26.9661	0.123895	0.0125184	0.000153248
28.9198	0.494728	0.0148745	0.00015289
28.4094	2.238	0.0164242	0.00015282
25.0248	1.47661	0.0134224	0.000153344
25	-8.70219e-28	0.0125415	0.000153406
26.9661	0.123895	0.0125184	0.000153248
23.9352	3.0556	0.0164427	0.000153224
25.0248	1.47661	0.0134224	0.000153344
26.0648	3.0556	0.0172352	0.000153022
23.9352	3.0556	0.0164427	0.000153224
23.0835	1.59882	0.013558	0.000153468
25.0248	1.47661	0.0134224	0.000153344
32.7403	1.96546	0.0210501	0.000151954
34.5833	3.0556	0.026354	0.000151365
31.8199	4.37335	0.0280559	0.000151744
25	4.37335	0.0221653	0.000152842
26.0648	3.0556	0.0172352	0.000153022
27.2733	4.37335	0.0245996	0.000152563
24.1844	6.78374	0.039343	0.000152287
25	4.37335	0.0221653	0.000152842
26.189	5.91038	0.0347808	0.000152281
23.9352	3.0556	0.0164427	0.000153224
26.0648	3.0556	0.0172352	0.000153022
25	4.37335	0.0221653	0.000152842
21.913	2.6468	0.0157239	0.000153431
23.9352	3.0556	0.0164427	0.000153224
22.7267	4.37335	0.0210017	0.000153072
23.0835	1.59882	0.013558	0.000153468
23.0339	0.123895	0.0125021	0.000153535
25.0248	1.47661	0.0134224	0.000153344
21.913	2.6468	0.0157239	0.000153431
23.0835	1.59882	0.013558	0.000153468
23.9352	3.0556	0.0164427	0.000153224
21.4331	5.91038	0.029923	0.000152861
20.4534	4.37335	0.0228445	0.000153279
22.7267	4.37335	0.0210017	0.000153072
19.7476	2.78306	0.0184417	0.000153528
21.0802	0.494728	0.0135035	0.000153603
21.913	2.6468	0.0157239	0.000153431
23.0339	0.123895	0.0125021	0.000153535
25	-8.70219e-28	0.0125415	0.000153406
25.0248	1.47661	0.0134224	0.000153344
33.4473	6.2015	0.0428707	0.000151047
34.5833	3.0556	0.026354	0.000151365
35.7008	5.91038	0.0442916	0.000150711
36.3664	4.37335	0.0389072	0.00015082
35.7008	5.91038	0.0442916	0.000150711
34.5833	3.0556	0.026354	0.000151365
23.5785	19.1174	4.90529	0.000149972
26.3489	16.5071	4.87631	0.000148671
26.4215	19.1174	4.93779	0.000149259
23.0771	23.3761	4.97209	0.000151952
25.3391	26.1784	4.96737	0.000151191
22.0277	27.6505	4.96662	0.000155425
29.636	10.915	4.72753	0.000148306
27.8022	8.40541	0.0870487	0.000151346
29.9033	7.6571	0.0695732	0.000151273
29.636	10.915	4.72753	0.000148306
27.0253	10.7509	4.68017	0.00014858
27.8022	8.40541	0.0870487	0.000151346
32.5813	11.7351	4.74785	0.00014822
29.636	10.915	4.72753	0.000148306
31.25	9.60269	0.123321	0.00015074
28.2875	13.053	4.82995	0.000148237
27.0253	10.7509	4.68017	0.00014858
29.636	10.915	4.72753	0.000148306
23.0432	12.7235	0.130609	0.000151401
25.6653	12.8882	4.73609	0.000148534
24.3933	15.2742	0.21057	0.000151239
24.4145	10.5869	0.109534	0.000151323
25.4207	8.55507	0.0725505	0.000151623
27.0253	10.7509	4.68017	0.00014858
23.0432	12.7235	0.130609	0.000151401
24.4145	10.5869	0.109534	0.000151323
25.6653	12.8882	4.73609	0.000148534
23.0432	12.7235	0.130609	0.000151401
21.25	9.60269	0.0675686	0.000152106
24.4145	10.5869	0.109534	0.000151323
24.1844	6.78374	0.039343	0.000152287
22.5483	7.6571	0.043599	0.000152277
21.4331	5.91038	0.029923	0.000152861
25	4.37335	0.0221653	0.000152842
24.1844	6.78374	0.039343	0.000152287
22.7267	4.37335	0.0210017	0.000153072
25.4207	8.55507	0.0725505	0.000151623
24.4145	10.5869	0.109534	0.000151323
22.5483	7.6571	0.043599	0.000152277
24.4145	10.5869	0.109534	0.000151323
21.25	9.60269	0.0675686	0.000152106
22.5483	7.6571	0.043599	0.000152277
19.5656	14.0413	0.180699	0.000152474
20.9532	16.5071	0.220499	0.000152511
18.2554	16.5071	4.85806	0.000151157
19.9458	11.7351	0.122069	0.000152228
19.5656	14.0413	0.180699	0.000152474
17.7988	12.3941	4.73104	0.000150545
18.75	9.60269	0.0944667	0.000152709
19.9458	11.7351	0.122069	0.000152228
17.7988	12.3941	4.73104	0.000150545
21.25	9.60269	0.0675686	0.000152106
23.0432	12.7235	0.130609	0.000151401
19.9458	11.7351	0.122069	0.000152228
22.0108	14.5924	0.163476	0.000151796
20.9532	16.5071	0.220499	0.000152511
19.5656	14.0413	0.180699	0.000152474
19.9458	11.7351	0.122069	0.000152228
22.0108	14.5924	0.163476	0.000151796
19.5656	14.0413	0.180699	0.000152474
23.0432	12.7235	0.130609	0.000151401
24.3933	15.2742	0.21057	0.000151239
22.0108	14.5924	0.163476	0.000151796
17.7548	18.7251	4.93072	0.000152334
20.7355	19.1174	4.90318	0.000151145
17.2541	20.9431	4.96724	0.000153901
16.8484	14.0413	4.83166	0.000151083
18.2554	16.5071	4.85806	0.000151157
15.9817	15.8026	4.90165	0.000151892
20.9532	16.5071	0.220499	0.000152511
20.7355	19.1174	4.90318	0.000151145
18.2554	16.5071	4.85806	0.000151157
14.9215	7.36598	0.0760172	0.000153869
16.5822	10.0948	4.6533	0.000150957
13.513	9.30337	0.132106	0.000154277
12.6058	7.51154	0.0889463	0.000154367
14.9215	7.36598	0.0760172	0.000153869
13.513	9.30337	0.132106	0.000154277
13.6336	4.37335	0.0451703	0.00015398
15.4167	3.0556	0.0307667	0.000153766
16.6772	5.91038	0.0455046	0.000153581
19.7476	2.78306	0.0184417	0.000153528
19.1515	1.10996	0.0170752	0.000153603
21.0802	0.494728	0.0135035	0.000153603
20.4534	4.37335	0.0228445	0.000153279
19.0551	5.91038	0.0359366	0.000153196
18.1801	4.37335	0.0279381	0.000153504
21.913	2.6468	0.0157239	0.000153431
20.4534	4.37335	0.0228445	0.000153279
19.7476	2.78306	0.0184417	0.000153528
21.4331	5.91038	0.029923	0.000152861
19.0551	5.91038	0.0359366	0.000153196
20.4534	4.37335	0.0228445	0.000153279
24.1844	6.78374	0.039343	0.000152287
21.4331	5.91038	0.029923	0.000152861
22.7267	4.37335	0.0210017	0.000153072
20.0967	7.6571	0.0488687	0.000152703
19.0551	5.91038	0.0359366	0.000153196
21.4331	5.91038	0.029923	0.000152861
20.4534	4.37335	0.0228445	0.000153279
18.1801	4.37335	0.0279381	0.000153504
19.7476	2.78306	0.0184417	0.000153528
23.0835	1.59882	0.013558	0.000153468
21.0802	0.494728	0.0135035	0.000153603
23.0339	0.123895	0.0125021	0.000153535
27.8022	8.40541	0.0870487	0.000151346
26.189	5.91038	0.0347808	0.000152281
28.5669	5.91038	0.0390794	0.000151957
25.6653	12.8882	4.73609	0.000148534
24.4145	10.5869	0.109534	0.000151323
27.0253	10.7509	4.68017	0.00014858
22.5483	7.6571	0.043599	0.000152277
20.0967	7.6571	0.0488687	0.000152703
21.4331	5.91038	0.029923	0.000152861
25.4207	8.55507	0.0725505	0.000151623
22.5483	7.6571	0.043599	0.000152277
24.1844	6.78374	0.039343	0.000152287
21.25	9.60269	0.0675686	0.000152106
20.0967	7.6571	0.0488687	0.000152703
22.5483	7.6571	0.043599	0.000152277
14.9215	7.36598	0.0760172	0.000153869
16.6772	5.91038	0.0455046	0.000153581
17.645	7.6571	0.0676891	0.000153212
21.913	2.6468	0.0157239	0.000153431
21.0802	0.494728	0.0135035	0.000153603
23.0835	1.59882	0.013558	0.000153468
37.3284	7.80676	0.0709934	0.000150423
38.0788	5.91038	0.0561574	0.000150453
39.7099	7.6571	0.0911939	0.000150429
33.4473	6.2015	0.0428707	0.000151047
35.7008	5.91038	0.0442916	0.000150711
34.9468	7.95642	0.0660621	0.000150596
33.75	9.60269	0.104518	0.000150573
32.355	7.6571	0.0643826	0.000150946
34.9468	7.95642	0.0660621	0.000150596
31.8199	4.37335	0.0280559	0.000151744
34.5833	3.0556	0.026354	0.000151365
33.4473	6.2015	0.0428707	0.000151047
36.3664	4.37335	0.0389072	0.00015082
38.0788	5.91038	0.0561574	0.000150453
35.7008	5.91038	0.0442916	0.000150711
19.7476	2.78306	0.0184417	0.000153528
17.2597	1.96546	0.022079	0.000153658
19.1515	1.10996	0.0170752	0.000153603
18.1801	4.37335	0.0279381	0.000153504
16.6772	5.91038	0.0455046	0.000153581
15.4167	3.0556	0.0307667	0.000153766
19.7476	2.78306	0.0184417	0.000153528
18.1801	4.37335	0.0279381	0.000153504
17.2597	1.96546	0.022079	0.000153658
19.0551	5.91038	0.0359366	0.000153196
16.6772	5.91038	0.0455046	0.000153581
18.1801	4.37335	0.0279381	0.000153504
21.913	2.6468	0.0157239	0.000153431
22.7267	4.37335	0.0210017	0.000153072
20.4534	4.37335	0.0228445	0.000153279
20.0967	7.6571	0.0488687	0.000152703
18.75	9.60269	0.0944667	0.000152709
17.645	7.6571	0.0676891	0.000153212
14.9215	7.36598	0.0760172	0.000153869
13.6336	4.37335	0.0451703	0.00015398
16.6772	5.91038	0.0455046	0.000153581
32.355	7.6571	0.0643826	0.000150946
33.75	9.60269	0.104518	0.000150573
31.25	9.60269	0.123321	0.00015074
38.0788	5.91038	0.0561574	0.000150453
37.3284	7.80676	0.0709934	0.000150423
35.7008	5.91038	0.0442916	0.000150711
38.75	9.60269	0.120248	0.000150589
41.25	9.60269	0.165468	0.000150905
40.1627	11.7351	4.79309	0.000149001
36.25	9.60269	0.0985686	0.000150508
38.75	9.60269	0.120248	0.000150589
37.4683	11.4071	0.172408	0.000150832
39.7099	7.6571	0.0911939	0.000150429
41.25	9.60269	0.165468	0.000150905
38.75	9.60269	0.120248	0.000150589
15.4167	3.0556	0.0307667	0.000153766
17.2597	1.96546	0.022079	0.000153658
18.1801	4.37335	0.0279381	0.000153504
44.0204	14.0413	4.94365	0.000151304
41.2166	14.2175	4.91837	0.000150465
42.6898	11.7351	4.86419	0.000149599
14.9215	7.36598	0.0760172	0.000153869
12.6058	7.51154	0.0889463	0.000154367
13.6336	4.37335	0.0451703	0.00015398
15.1767	12.2293	4.80793	0.000151497
12.5545	12.0646	4.82344	0.000152494
13.513	9.30337	0.132106	0.000154277
16.5822	10.0948	4.6533	0.000150957
17.7988	12.3941	4.73104	0.000150545
15.1767	12.2293	4.80793	0.000151497
14.1312	14.0413	4.88928	0.000152235
12.5545	12.0646	4.82344	0.000152494
15.1767	12.2293	4.80793	0.000151497
15.9817	15.8026	4.90165	0.000151892
14.7591	18.4213	4.95819	0.000153606
13.1778	15.9788	4.93951	0.000153263
16.5822	10.0948	4.6533	0.000150957
18.75	9.60269	0.0944667	0.000152709
17.7988	12.3941	4.73104	0.000150545
22.0108	14.5924	0.163476	0.000151796
24.3933	15.2742	0.21057	0.000151239
20.9532	16.5071	0.220499	0.000152511
11.4404	21.3083	4.98751	0.000157189
12.2064	19.1174	4.97629	0.000155267
14.6026	21.856	4.98253	0.000156029
8.66123	21.856	4.99241	0.000158924
11.4404	21.3083	4.98751	0.000157189
10.9756	24.1362	4.99319	0.000160162
8.66123	21.856	4.99241	0.000158924
9.3634	19.1174	4.98348	0.00015658
11.4404	21.3083	4.98751	0.000157189
6.52038	19.1174	4.98827	0.000157659
7.464	16.5071	4.97279	0.000155851
9.3634	19.1174	4.98348	0.00015658
3.67737	19.1174	4.9915	0.000158502
6.52038	19.1174	4.98827	0.000157659
5.62671	21.6734	4.9945	0.000159903
3.67737	19.1174	4.9915	0.000158502
4.76616	16.5071	4.98071	0.000156621
6.52038	19.1174	4.98827	0.000157659
10.1618	16.5071	4.96267	0.000154842
12.2064	19.1174	4.97629	0.000155267
9.3634	19.1174	4.98348	0.00015658
5.97957	14.0413	4.95478	0.000155138
8.69678	14.0413	4.93357	0.000154393
7.464	16.5071	4.97279	0.000155851
11.414	14.0413	4.91271	0.000153394
13.1778	15.9788	4.93951	0.000153263
10.1618	16.5071	4.96267	0.000154842
15.1767	12.2293	4.80793	0.000151497
16.8484	14.0413	4.83166	0.000151083
14.1312	14.0413	4.88928	0.000152235
6.52038	19.1174	4.98827	0.000157659
9.3634	19.1174	4.98348	0.00015658
8.66123	21.856	4.99241	0.000158924
14.7591	18.4213	4.95819	0.000153606
12.2064	19.1174	4.97629	0.000155267
13.1778	15.9788	4.93951	0.000153263
14.7591	18.4213	4.95819	0.000153606
14.6026	21.856	4.98253	0.000156029
12.2064	19.1174	4.97629	0.000155267
12.6058	7.51154	0.0889463	0.000154367
11.9212	5.91038	0.0746677	0.000154317
13.6336	4.37335	0.0451703	0.00015398
11.25	9.60269	0.151871	0.000154963
12.6058	7.51154	0.0889463	0.000154367
13.513	9.30337	0.132106	0.000154277
10.2901	7.6571	0.114158	0.000154832
11.9212	5.91038	0.0746677	0.000154317
12.6058	7.51154	0.0889463	0.000154367
41.2166	14.2175	4.91837	0.000150465
40.1627	11.7351	4.79309	0.000149001
42.6898	11.7351	4.86419	0.000149599
35.1085	11.7351	0.177449	0.000150679
37.4683	11.4071	0.172408	0.000150832
35.6088	14.5697	4.8716	0.000149095
33.1516	14.0413	4.86659	0.000148506
35.1085	11.7351	0.177449	0.000150679
35.6088	14.5697	4.8716	0.000149095
32.5813	11.7351	4.74785	0.00014822
33.75	9.60269	0.104518	0.000150573
35.1085	11.7351	0.177449	0.000150679
37.3284	7.80676	0.0709934	0.000150423
39.7099	7.6571	0.0911939	0.000150429
38.75	9.60269	0.120248	0.000150589
36.25	9.60269	0.0985686	0.000150508
37.3284	7.80676	0.0709934	0.000150423
38.75	9.60269	0.120248	0.000150589
35.1085	11.7351	0.177449	0.000150679
36.25	9.60269	0.0985686	0.000150508
37.4683	11.4071	0.172408	0.000150832
34.9468	7.95642	0.0660621	0.000150596
37.3284	7.80676	0.0709934	0.000150423
36.25	9.60269	0.0985686	0.000150508
34.9468	7.95642	0.0660621	0.000150596
35.7008	5.91038	0.0442916	0.000150711
37.3284	7.80676	0.0709934	0.000150423
42.536	16.5071	4.96566	0.000152493
44.0204	14.0413	4.94365	0.000151304
45.2338	16.5071	4.97588	0.000153521
38.4127	14.3936	4.88583	0.000149712
41.2166	14.2175	4.91837	0.000150465
39.693	16.8552	4.95636	0.000151556
38.4127	14.3936	4.88583	0.000149712
37.4683	11.4071	0.172408	0.000150832
40.1627	11.7351	4.79309	0.000149001
10.2901	7.6571	0.114158	0.000154832
12.6058	7.51154	0.0889463	0.000154367
11.25	9.60269	0.151871	0.000154963
28.2875	13.053	4.82995	0.000148237
30.001	14.922	4.901	0.000148332
26.3489	16.5071	4.87631	0.000148671
35.1085	11.7351	0.177449	0.000150679
33.1516	14.0413	4.86659	0.000148506
32.5813	11.7351	4.74785	0.00014822
30.001	14.922	4.901	0.000148332
28.6113	17.5512	4.93415	0.000148688
26.3489	16.5071	4.87631	0.000148671
30.9096	13.2177	4.84767	0.000148221
30.001	14.922	4.901	0.000148332
28.2875	13.053	4.82995	0.000148237
29.636	10.915	4.72753	0.000148306
30.9096	13.2177	4.84767	0.000148221
28.2875	13.053	4.82995	0.000148237
32.5813	11.7351	4.74785	0.00014822
33.1516	14.0413	4.86659	0.000148506
30.9096	13.2177	4.84767	0.000148221
31.7446	16.5071	4.93434	0.000148797
28.6113	17.5512	4.93415	0.000148688
30.001	14.922	4.901	0.000148332
34.4425	16.5071	4.93483	0.000149432
31.7446	16.5071	4.93434	0.000148797
33.1516	14.0413	4.86659	0.000148506
34.4425	16.5071	4.93483	0.000149432
34.9506	19.1174	4.96955	0.000150562
32.1075	19.1174	4.96484	0.000149445
37.1403	16.5071	4.93922	0.000150352
34.4425	16.5071	4.93483	0.000149432
35.6088	14.5697	4.8716	0.000149095
37.1403	16.5071	4.93922	0.000150352
37.7936	19.1174	4.97361	0.000151986
34.9506	19.1174	4.96955	0.000150562
11.414	14.0413	4.91271	0.000153394
14.1312	14.0413	4.88928	0.000152235
13.1778	15.9788	4.93951	0.000153263
8.69678	14.0413	4.93357	0.000154393
9.93237	11.8999	4.84484	0.000153357
11.414	14.0413	4.91271	0.000153394
11.25	9.60269	0.151871	0.000154963
13.513	9.30337	0.132106	0.000154277
12.5545	12.0646	4.82344	0.000152494
10.2901	7.6571	0.114158	0.000154832
11.25	9.60269	0.151871	0.000154963
8.74996	9.60269	0.188008	0.000155527
13.513	9.30337	0.132106	0.000154277
16.5822	10.0948	4.6533	0.000150957
15.1767	12.2293	4.80793	0.000151497
9.93237	11.8999	4.84484	0.000153357
11.25	9.60269	0.151871	0.000154963
12.5545	12.0646	4.82344	0.000152494
11.414	14.0413	4.91271	0.000153394
9.93237	11.8999	4.84484	0.000153357
12.5545	12.0646	4.82344	0.000152494
8.69678	14.0413	4.93357	0.000154393
7.31021	11.7351	4.88855	0.000153968
9.93237	11.8999	4.84484	0.000153357
37.4683	11.4071	0.172408	0.000150832
38.4127	14.3936	4.88583	0.000149712
35.6088	14.5697	4.8716	0.000149095
42.536	16.5071	4.96566	0.000152493
43.4158	19.3	4.98614	0.000155025
40.5089	19.4825	4.98168	0.000153725
44.0204	14.0413	4.94365	0.000151304
42.536	16.5071	4.96566	0.000152493
41.2166	14.2175	4.91837	0.000150465
45.2338	16.5071	4.97588	0.000153521
43.4158	19.3	4.98614	0.000155025
42.536	16.5071	4.96566	0.000152493
40.5089	19.4825	4.98168	0.000153725
41.2294	22.236	4.99144	0.000155991
38.204	22.4261	4.98802	0.000154018
42.536	16.5071	4.96566	0.000152493
40.5089	19.4825	4.98168	0.000153725
39.693	16.8552	4.95636	0.000151556
43.4158	19.3	4.98614	0.000155025
41.2294	22.236	4.99144	0.000155991
40.5089	19.4825	4.98168	0.000153725
47.2801	21.856	4.99512	0.000158465
44.3095	21.856	4.99351	0.000157404
46.3226	19.1174	4.98952	0.000155995
38.4127	14.3936	4.88583	0.000149712
37.1403	16.5071	4.93922	0.000150352
35.6088	14.5697	4.8716	0.000149095
40.1627	11.7351	4.79309	0.000149001
41.2166	14.2175	4.91837	0.000150465
38.4127	14.3936	4.88583	0.000149712
38.75	9.60269	0.120248	0.000150589
40.1627	11.7351	4.79309	0.000149001
37.4683	11.4071	0.172408	0.000150832
41.25	9.60269	0.165468	0.000150905
42.6898	11.7351	4.86419	0.000149599
40.1627	11.7351	4.79309	0.000149001
39.693	16.8552	4.95636	0.000151556
37.1403	16.5071	4.93922	0.000150352
38.4127	14.3936	4.88583	0.000149712
40.5089	19.4825	4.98168	0.000153725
37.7936	19.1174	4.97361	0.000151986
39.693	16.8552	4.95636	0.000151556
28.8815	20.2128	4.961	0.000149109
29.1279	22.9961	4.96021	0.00014947
26.1025	23.1861	4.96809	0.000150168
32.1075	19.1174	4.96484	0.000149445
34.9506	19.1174	4.96955	0.000150562
32.4267	21.856	4.97254	0.000150087
28.8815	20.2128	4.961	0.000149109
32.1075	19.1174	4.96484	0.000149445
32.4267	21.856	4.97254	0.000150087
31.7446	16.5071	4.93434	0.000148797
34.4425	16.5071	4.93483	0.000149432
32.1075	19.1174	4.96484	0.000149445
28.6113	17.5512	4.93415	0.000148688
31.7446	16.5071	4.93434	0.000148797
32.1075	19.1174	4.96484	0.000149445
11.414	14.0413	4.91271	0.000153394
12.5545	12.0646	4.82344	0.000152494
14.1312	14.0413	4.88928	0.000152235
12.2064	19.1174	4.97629	0.000155267
10.1618	16.5071	4.96267	0.000154842
13.1778	15.9788	4.93951	0.000153263
9.93237	11.8999	4.84484	0.000153357
8.74996	9.60269	0.188008	0.000155527
11.25	9.60269	0.151871	0.000154963
43.4158	19.3	4.98614	0.000155025
45.2338	16.5071	4.97588	0.000153521
46.3226	19.1174	4.98952	0.000155995
33.1516	14.0413	4.86659	0.000148506
35.6088	14.5697	4.8716	0.000149095
34.4425	16.5071	4.93483	0.000149432
36.25	9.60269	0.0985686	0.000150508
33.75	9.60269	0.104518	0.000150573
34.9468	7.95642	0.0660621	0.000150596
21.9134	33.7485	0.253867	0.000175585
18.9132	34.917	4.85136	0.000190032
18.6835	32.5943	4.91411	0.000173444
25	30.6708	4.91382	0.000153672
21.9134	33.7485	0.253867	0.000175585
21.9612	30.6708	4.91672	0.000160276
21.8846	36.8646	4.79587	0.000209995
18.9132	34.917	4.85136	0.000190032
21.9134	33.7485	0.253867	0.000175585
25	40	4.85957	0.000280403
21.8846	36.8646	4.79587	0.000209995
25.1151	35.3065	0.240361	0.00017748
21.9134	33.7485	0.253867	0.000175585
18.6835	32.5943	4.91411	0.000173444
21.9612	30.6708	4.91672	0.000160276
18.7212	38.8242	0.204376	0.000274373
18.9132	34.917	4.85136	0.000190032
21.8846	36.8646	4.79587	0.000209995
17.2667	36.7732	0.24802	0.000228721
15.8122	34.7222	4.90231	0.000192371
18.9132	34.917	4.85136	0.000190032
18.7212	38.8242	0.204376	0.000274373
17.2667	36.7732	0.24802	0.000228721
18.9132	34.917	4.85136	0.000190032
18.7212	38.8242	0.204376	0.000274373
15.601	39.0202	0.242872	0.000283965
17.2667	36.7732	0.24802	0.000228721
18.7981	41.9596	0.231632	0.000456423
18.7212	38.8242	0.204376	0.000274373
21.9014	39.3141	0.232837	0.000281953
15.601	39.0202	0.242872	0.000283965
15.8122	34.7222	4.90231	0.000192371
17.2667	36.7732	0.24802	0.000228721
14.001	23.9462	4.98905	0.000158352
14.6026	21.856	4.98253	0.000156029
17.2998	24.7062	4.98461	0.000157159
13.1107	27.6505	4.99013	0.000164324
12.8447	30.6708	4.98272	0.000172228
10.1383	27.6505	4.99435	0.000166046
15.2052	26.1784	4.98808	0.000160492
15.7173	29.727	4.97736	0.000166884
13.1107	27.6505	4.99013	0.000164324
20.3799	24.7062	4.97695	0.000154845
18.0114	27.1222	4.9799	0.000159636
17.2998	24.7062	4.98461	0.000157159
18.7229	29.5382	4.9615	0.0001631
15.7173	29.727	4.97736	0.000166884
18.0114	27.1222	4.9799	0.000159636
18.7229	29.5382	4.9615	0.0001631
18.6835	32.5943	4.91411	0.000173444
15.7173	29.727	4.97736	0.000166884
10.9756	24.1362	4.99319	0.000160162
8.05963	24.7062	4.99585	0.0001622
8.66123	21.856	4.99241	0.000158924
10.1383	27.6505	4.99435	0.000166046
8.05963	24.7062	4.99585	0.0001622
10.9756	24.1362	4.99319	0.000160162
10.1383	27.6505	4.99435	0.000166046
9.80591	30.6708	4.9912	0.000174748
7.16598	27.6505	4.99686	0.000167255
6.70061	30.2933	4.99626	0.000174228
7.16598	27.6505	4.99686	0.000167255
9.80591	30.6708	4.9912	0.000174748
4.97956	24.7062	4.99722	0.000163364
5.62671	21.6734	4.9945	0.000159903
8.05963	24.7062	4.99585	0.0001622
3.67737	19.1174	4.9915	0.000158502
5.62671	21.6734	4.9945	0.000159903
2.71986	21.856	4.99602	0.000160968
6.52038	19.1174	4.98827	0.000157659
4.76616	16.5071	4.98071	0.000156621
7.464	16.5071	4.97279	0.000155851
25	30.6708	4.91382	0.000153672
28.0388	30.6708	4.93899	0.000151639
28.0866	33.7485	4.8918	0.000160422
47.2801	21.856	4.99512	0.000158465
48.1005	24.7062	4.99705	0.00016072
45.0204	24.7062	4.99632	0.000159738
26.4215	19.1174	4.93779	0.000149259
26.3489	16.5071	4.87631	0.000148671
28.6113	17.5512	4.93415	0.000148688
18.0114	27.1222	4.9799	0.000159636
22.0277	27.6505	4.96662	0.000155425
18.7229	29.5382	4.9615	0.0001631
17.2541	20.9431	4.96724	0.000153901
20.544	21.856	4.96176	0.000152671
17.2998	24.7062	4.98461	0.000157159
23.0771	23.3761	4.97209	0.000151952
26.1025	23.1861	4.96809	0.000150168
25.3391	26.1784	4.96737	0.000151191
17.2998	24.7062	4.98461	0.000157159
20.544	21.856	4.96176	0.000152671
20.3799	24.7062	4.97695	0.000154845
24.8405	21.1517	4.95323	0.000150174
26.1025	23.1861	4.96809	0.000150168
23.0771	23.3761	4.97209	0.000151952
20.544	21.856	4.96176	0.000152671
24.8405	21.1517	4.95323	0.000150174
23.0771	23.3761	4.97209	0.000151952
23.5785	19.1174	4.90529	0.000149972
26.4215	19.1174	4.93779	0.000149259
24.8405	21.1517	4.95323	0.000150174
31.199	26.5464	0.34549	0.000152394
30.7452	28.7831	4.94517	0.000150111
28.269	26.3624	4.95117	0.000149704
29.1279	22.9961	4.96021	0.00014947
31.199	26.5464	0.34549	0.000152394
28.269	26.3624	4.95117	0.000149704
32.7002	24.7062	4.95609	0.000150558
33.7508	28.5944	4.96327	0.000152073
31.199	26.5464	0.34549	0.000152394
20.544	21.856	4.96176	0.000152671
23.0771	23.3761	4.97209	0.000151952
20.3799	24.7062	4.97695	0.000154845
20.7355	19.1174	4.90318	0.000151145
20.544	21.856	4.96176	0.000152671
17.2541	20.9431	4.96724	0.000153901
17.7548	18.7251	4.93072	0.000152334
18.2554	16.5071	4.85806	0.000151157
20.7355	19.1174	4.90318	0.000151145
14.7591	18.4213	4.95819	0.000153606
17.7548	18.7251	4.93072	0.000152334
17.2541	20.9431	4.96724	0.000153901
14.7591	18.4213	4.95819	0.000153606
15.9817	15.8026	4.90165	0.000151892
17.7548	18.7251	4.93072	0.000152334
20.9532	16.5071	0.220499	0.000152511
23.5785	19.1174	4.90529	0.000149972
20.7355	19.1174	4.90318	0.000151145
23.5785	19.1174	4.90529	0.000149972
24.8405	21.1517	4.95323	0.000150174
20.544	21.856	4.96176	0.000152671
26.689	28.4246	4.95234	0.000150487
22.0277	27.6505	4.96662	0.000155425
25.3391	26.1784	4.96737	0.000151191
21.9612	30.6708	4.91672	0.000160276
18.6835	32.5943	4.91411	0.000173444
18.7229	29.5382	4.9615	0.0001631
20.7355	19.1174	4.90318	0.000151145
23.5785	19.1174	4.90529	0.000149972
20.544	21.856	4.96176	0.000152671
16.8484	14.0413	4.83166	0.000151083
19.5656	14.0413	0.180699	0.000152474
18.2554	16.5071	4.85806	0.000151157
16.8484	14.0413	4.83166	0.000151083
17.7988	12.3941	4.73104	0.000150545
19.5656	14.0413	0.180699	0.000152474
14.1312	14.0413	4.88928	0.000152235
16.8484	14.0413	4.83166	0.000151083
15.9817	15.8026	4.90165	0.000151892
15.1767	12.2293	4.80793	0.000151497
17.7988	12.3941	4.73104	0.000150545
16.8484	14.0413	4.83166	0.000151083
18.75	9.60269	0.0944667	0.000152709
21.25	9.60269	0.0675686	0.000152106
19.9458	11.7351	0.122069	0.000152228
24.3933	15.2742	0.21057	0.000151239
23.5785	19.1174	4.90529	0.000149972
20.9532	16.5071	0.220499	0.000152511
4.97956	24.7062	4.99722	0.000163364
4.19365	27.6505	4.99803	0.000168346
1.8995	24.7062	4.99784	0.000164371
8.74996	9.60269	0.188008	0.000155527
9.93237	11.8999	4.84484	0.000153357
7.31021	11.7351	4.88855	0.000153968
46.8029	37.0605	4.96759	0.000176973
43.6827	37.2565	4.93201	0.00017882
46.6062	33.7485	4.9866	0.00016761
41.9404	24.7062	4.9945	0.000157983
45.0204	24.7062	4.99632	0.000159738
42.7675	28.0281	4.99437	0.000160427
38.8603	24.7062	4.99096	0.000155622
41.9404	24.7062	4.9945	0.000157983
39.9888	27.0985	4.99188	0.000157717
41.2294	22.236	4.99144	0.000155991
44.3095	21.856	4.99351	0.000157404
41.9404	24.7062	4.9945	0.000157983
48.7787	27.6505	4.99685	0.000162707
49.3105	30.6708	4.99454	0.000164827
46.2478	30.8632	4.99334	0.000164213
26.1025	23.1861	4.96809	0.000150168
24.8405	21.1517	4.95323	0.000150174
28.8815	20.2128	4.961	0.000149109
28.269	26.3624	4.95117	0.000149704
26.1025	23.1861	4.96809	0.000150168
29.1279	22.9961	4.96021	0.00014947
23.0771	23.3761	4.97209	0.000151952
22.0277	27.6505	4.96662	0.000155425
20.3799	24.7062	4.97695	0.000154845
12.8447	30.6708	4.98272	0.000172228
12.7112	34.5275	4.96001	0.000195249
9.49534	33.1714	4.98736	0.000186962
10.1383	27.6505	4.99435	0.000166046
12.8447	30.6708	4.98272	0.000172228
9.80591	30.6708	4.9912	0.000174748
14.3285	32.6965	4.95926	0.000180808
18.6835	32.5943	4.91411	0.000173444
15.8122	34.7222	4.90231	0.000192371
25.1151	35.3065	0.240361	0.00017748
21.8846	36.8646	4.79587	0.000209995
21.9134	33.7485	0.253867	0.000175585
14.3285	32.6965	4.95926	0.000180808
12.7112	34.5275	4.96001	0.000195249
12.8447	30.6708	4.98272	0.000172228
18.9132	34.917	4.85136	0.000190032
15.8122	34.7222	4.90231	0.000192371
18.6835	32.5943	4.91411	0.000173444
15.601	39.0202	0.242872	0.000283965
12.5385	36.8646	4.93762	0.00022546
15.8122	34.7222	4.90231	0.000192371
23.5785	19.1174	4.90529	0.000149972
24.3933	15.2742	0.21057	0.000151239
26.3489	16.5071	4.87631	0.000148671
28.8815	20.2128	4.961	0.000149109
24.8405	21.1517	4.95323	0.000150174
26.4215	19.1174	4.93779	0.000149259
18.2554	16.5071	4.85806	0.000151157
17.7548	18.7251	4.93072	0.000152334
15.9817	15.8026	4.90165	0.000151892
14.6026	21.856	4.98253	0.000156029
17.2541	20.9431	4.96724	0.000153901
17.2998	24.7062	4.98461	0.000157159
15.9817	15.8026	4.90165	0.000151892
13.1778	15.9788	4.93951	0.000153263
14.1312	14.0413	4.88928	0.000152235
14.6026	21.856	4.98253	0.000156029
14.7591	18.4213	4.95819	0.000153606
17.2541	20.9431	4.96724	0.000153901
11.4404	21.3083	4.98751	0.000157189
14.001	23.9462	4.98905	0.000158352
10.9756	24.1362	4.99319	0.000160162
30.001	14.922	4.901	0.000148332
30.9096	13.2177	4.84767	0.000148221
33.1516	14.0413	4.86659	0.000148506
31.7446	16.5071	4.93434	0.000148797
30.001	14.922	4.901	0.000148332
33.1516	14.0413	4.86659	0.000148506
25.6653	12.8882	4.73609	0.000148534
27.0253	10.7509	4.68017	0.00014858
28.2875	13.053	4.82995	0.000148237
25.6653	12.8882	4.73609	0.000148534
28.2875	13.053	4.82995	0.000148237
26.3489	16.5071	4.87631	0.000148671
33.75	9.60269	0.104518	0.000150573
36.25	9.60269	0.0985686	0.000150508
35.1085	11.7351	0.177449	0.000150679
39.693	16.8552	4.95636	0.000151556
41.2166	14.2175	4.91837	0.000150465
42.536	16.5071	4.96566	0.000152493
28.8815	20.2128	4.961	0.000149109
26.4215	19.1174	4.93779	0.000149259
28.6113	17.5512	4.93415	0.000148688
40.625	40	0.22158	0.000212962
43.75	40	4.86544	0.0002046
43.6923	43.1354	0.238253	0.000289537
34.399	40.9798	0.165762	0.000290804
37.5	40	4.77921	0.000218377
37.5191	43.9145	0.142511	0.000408957
40.5769	36.8646	4.91166	0.000176622
43.6827	37.2565	4.93201	0.00017882
40.625	40	0.22158	0.000212962
37.3464	33.7485	4.95964	0.000163191
33.997	31.6326	4.96138	0.000155469
37.1553	30.6708	4.97859	0.000157413
40.625	40	0.22158	0.000212962
37.5	40	4.77921	0.000218377
40.5769	36.8646	4.91166	0.000176622
37.4615	36.8646	4.90696	0.000178837
34.1596	34.7385	4.93033	0.000165355
37.3464	33.7485	4.95964	0.000163191
46.2478	30.8632	4.99334	0.000164213
45.7731	27.8393	4.99622	0.000161997
48.7787	27.6505	4.99685	0.000162707
49.6928	33.7485	4.98891	0.000168477
46.6062	33.7485	4.9866	0.00016761
49.3105	30.6708	4.99454	0.000164827
40.1941	30.6708	4.98646	0.000160059
37.1553	30.6708	4.97859	0.000157413
36.8893	27.6505	4.98419	0.000155006
43.2329	30.6708	4.99071	0.000162423
40.1941	30.6708	4.98646	0.000160059
42.7675	28.0281	4.99437	0.000160427
40.433	33.7485	4.96798	0.000164627
37.3464	33.7485	4.95964	0.000163191
40.1941	30.6708	4.98646	0.000160059
31.3171	35.696	4.88299	0.000171768
31.2019	38.0404	0.231961	0.000206544
28.1154	36.8646	4.84315	0.00019079
33.997	31.6326	4.96138	0.000155469
34.1596	34.7385	4.93033	0.000165355
30.9343	31.8249	4.94632	0.000152887
34.3221	37.8444	4.83799	0.000193575
31.2019	38.0404	0.231961	0.000206544
31.3171	35.696	4.88299	0.000171768
37.5	40	4.77921	0.000218377
34.3221	37.8444	4.83799	0.000193575
37.4615	36.8646	4.90696	0.000178837
34.399	40.9798	0.165762	0.000290804
31.2019	38.0404	0.231961	0.000206544
34.3221	37.8444	4.83799	0.000193575
40.1941	30.6708	4.98646	0.000160059
39.9888	27.0985	4.99188	0.000157717
42.7675	28.0281	4.99437	0.000160427
7.16598	27.6505	4.99686	0.000167255
8.05963	24.7062	4.99585	0.0001622
10.1383	27.6505	4.99435	0.000166046
3.69504	30.482	4.998	0.000175733
4.19365	27.6505	4.99803	0.000168346
6.70061	30.2933	4.99626	0.000174228
4.97956	24.7062	4.99722	0.000163364
8.05963	24.7062	4.99585	0.0001622
7.16598	27.6505	4.99686	0.000167255
2.71986	21.856	4.99602	0.000160968
4.97956	24.7062	4.99722	0.000163364
1.8995	24.7062	4.99784	0.000164371
14.001	23.9462	4.98905	0.000158352
11.4404	21.3083	4.98751	0.000157189
14.6026	21.856	4.98253	0.000156029
13.1107	27.6505	4.99013	0.000164324
10.9756	24.1362	4.99319	0.000160162
14.001	23.9462	4.98905	0.000158352
8.66123	21.856	4.99241	0.000158924
5.62671	21.6734	4.9945	0.000159903
6.52038	19.1174	4.98827	0.000157659
12.2064	19.1174	4.97629	0.000155267
11.4404	21.3083	4.98751	0.000157189
9.3634	19.1174	4.98348	0.00015658
8.05963	24.7062	4.99585	0.0001622
5.62671	21.6734	4.9945	0.000159903
8.66123	21.856	4.99241	0.000158924
44.3095	21.856	4.99351	0.000157404
41.2294	22.236	4.99144	0.000155991
43.4158	19.3	4.98614	0.000155025
45.7731	27.8393	4.99622	0.000161997
45.0204	24.7062	4.99632	0.000159738
48.1005	24.7062	4.99705	0.00016072
38.8603	24.7062	4.99096	0.000155622
36.8893	27.6505	4.98419	0.000155006
35.7802	24.7062	4.98229	0.000152911
45.7731	27.8393	4.99622	0.000161997
42.7675	28.0281	4.99437	0.000160427
45.0204	24.7062	4.99632	0.000159738
43.2329	30.6708	4.99071	0.000162423
46.2478	30.8632	4.99334	0.000164213
43.5196	33.7485	4.97732	0.000166441
40.433	33.7485	4.96798	0.000164627
43.2329	30.6708	4.99071	0.000162423
43.5196	33.7485	4.97732	0.000166441
42.7675	28.0281	4.99437	0.000160427
45.7731	27.8393	4.99622	0.000161997
43.2329	30.6708	4.99071	0.000162423
41.9404	24.7062	4.9945	0.000157983
42.7675	28.0281	4.99437	0.000160427
39.9888	27.0985	4.99188	0.000157717
45.7731	27.8393	4.99622	0.000161997
46.2478	30.8632	4.99334	0.000164213
43.2329	30.6708	4.99071	0.000162423
8.69678	14.0413	4.93357	0.000154393
5.97957	14.0413	4.95478	0.000155138
7.31021	11.7351	4.88855	0.000153968
10.1618	16.5071	4.96267	0.000154842
8.69678	14.0413	4.93357	0.000154393
11.414	14.0413	4.91271	0.000153394
7.464	16.5071	4.97279	0.000155851
4.76616	16.5071	4.98071	0.000156621
5.97957	14.0413	4.95478	0.000155138
10.1618	16.5071	4.96267	0.000154842
7.464	16.5071	4.97279	0.000155851
8.69678	14.0413	4.93357	0.000154393
10.1618	16.5071	4.96267	0.000154842
9.3634	19.1174	4.98348	0.00015658
7.464	16.5071	4.97279	0.000155851
9.42308	36.8646	4.97915	0.000227085
9.49534	33.1714	4.98736	0.000186962
12.7112	34.5275	4.96001	0.000195249
12.5	40	4.93196	0.000315087
9.36058	39.4121	4.97826	0.00029081
12.5385	36.8646	4.93762	0.00022546
9.36058	39.4121	4.97826	0.00029081
6.30769	36.8646	4.9925	0.000224021
9.42308	36.8646	4.97915	0.000227085
3.19231	36.8646	4.99691	0.000222943
3.40821	33.9432	4.99748	0.000192572
6.30769	36.8646	4.9925	0.000224021
0.076922	36.8646	4.99792	0.000221337
3.19231	36.8646	4.99691	0.000222943
3.125	40	4.99659	0.000298321
0.076922	36.8646	4.99792	0.000221337
0.307214	33.7485	4.99825	0.000191454
3.19231	36.8646	4.99691	0.000222943
6.70061	30.2933	4.99626	0.000174228
9.80591	30.6708	4.9912	0.000174748
9.49534	33.1714	4.98736	0.000186962
2.71986	21.856	4.99602	0.000160968
5.62671	21.6734	4.9945	0.000159903
4.97956	24.7062	4.99722	0.000163364
18.0114	27.1222	4.9799	0.000159636
15.7173	29.727	4.97736	0.000166884
15.2052	26.1784	4.98808	0.000160492
43.5196	33.7485	4.97732	0.000166441
40.5769	36.8646	4.91166	0.000176622
40.433	33.7485	4.96798	0.000164627
49.9231	36.8646	4.97515	0.000178002
46.8029	37.0605	4.96759	0.000176973
49.6928	33.7485	4.98891	0.000168477
43.75	40	4.86544	0.0002046
40.625	40	0.22158	0.000212962
43.6827	37.2565	4.93201	0.00017882
13.1107	27.6505	4.99013	0.000164324
15.7173	29.727	4.97736	0.000166884
12.8447	30.6708	4.98272	0.000172228
10.9756	24.1362	4.99319	0.000160162
13.1107	27.6505	4.99013	0.000164324
10.1383	27.6505	4.99435	0.000166046
15.2052	26.1784	4.98808	0.000160492
17.2998	24.7062	4.98461	0.000157159
18.0114	27.1222	4.9799	0.000159636
14.001	23.9462	4.98905	0.000158352
15.2052	26.1784	4.98808	0.000160492
13.1107	27.6505	4.99013	0.000164324
14.001	23.9462	4.98905	0.000158352
17.2998	24.7062	4.98461	0.000157159
15.2052	26.1784	4.98808	0.000160492
46.6062	33.7485	4.9866	0.00016761
43.6827	37.2565	4.93201	0.00017882
43.5196	33.7485	4.97732	0.000166441
50	40	4.95888	0.000198962
46.8029	37.0605	4.96759	0.000176973
49.9231	36.8646	4.97515	0.000178002
46.8798	40.196	4.93414	0.000213975
43.75	40	4.86544	0.0002046
46.8029	37.0605	4.96759	0.000176973
21.9014	39.3141	0.232837	0.000281953
21.9183	41.7637	4.84112	0.000429489
18.7981	41.9596	0.231632	0.000456423
25	40	4.85957	0.000280403
21.9014	39.3141	0.232837	0.000281953
21.8846	36.8646	4.79587	0.000209995
25	40	4.85957	0.000280403
21.9183	41.7637	4.84112	0.000429489
21.9014	39.3141	0.232837	0.000281953
22.0142	44.8882	4.89571	0.000735257
18.7981	41.9596	0.231632	0.000456423
21.9183	41.7637	4.84112	0.000429489
3.69504	30.482	4.998	0.000175733
3.40821	33.9432	4.99748	0.000192572
0.68946	30.6708	4.9985	0.000177165
1.22131	27.6505	4.99844	0.000169339
3.69504	30.482	4.998	0.000175733
0.68946	30.6708	4.9985	0.000177165
6.70061	30.2933	4.99626	0.000174228
6.43263	33.3637	4.99492	0.000188075
3.69504	30.482	4.998	0.000175733
43.5196	33.7485	4.97732	0.000166441
43.6827	37.2565	4.93201	0.00017882
40.5769	36.8646	4.91166	0.000176622
40.1941	30.6708	4.98646	0.000160059
43.2329	30.6708	4.99071	0.000162423
40.433	33.7485	4.96798	0.000164627
46.6062	33.7485	4.9866	0.00016761
49.6928	33.7485	4.98891	0.000168477
46.8029	37.0605	4.96759	0.000176973
46.2478	30.8632	4.99334	0.000164213
46.6062	33.7485	4.9866	0.00016761
43.5196	33.7485	4.97732	0.000166441
46.2478	30.8632	4.99334	0.000164213
49.3105	30.6708	4.99454	0.000164827
46.6062	33.7485	4.9866	0.00016761
46.8798	40.196	4.93414	0.000213975
46.8029	37.0605	4.96759	0.000176973
50	40	4.95888	0.000198962
9.4375	42.5475	4.98248	0.000505223
6.24038	39.6081	4.99223	0.000286479
9.36058	39.4121	4.97826	0.00029081
9.49534	33.1714	4.98736	0.000186962
9.80591	30.6708	4.9912	0.000174748
12.8447	30.6708	4.98272	0.000172228
12.5385	36.8646	4.93762	0.00022546
9.42308	36.8646	4.97915	0.000227085
12.7112	34.5275	4.96001	0.000195249
6.43263	33.3637	4.99492	0.000188075
6.70061	30.2933	4.99626	0.000174228
9.49534	33.1714	4.98736	0.000186962
4.19365	27.6505	4.99803	0.000168346
4.97956	24.7062	4.99722	0.000163364
7.16598	27.6505	4.99686	0.000167255
1.22131	27.6505	4.99844	0.000169339
4.19365	27.6505	4.99803	0.000168346
3.69504	30.482	4.998	0.000175733
1.22131	27.6505	4.99844	0.000169339
1.8995	24.7062	4.99784	0.000164371
4.19365	27.6505	4.99803	0.000168346
6.70061	30.2933	4.99626	0.000174228
4.19365	27.6505	4.99803	0.000168346
7.16598	27.6505	4.99686	0.000167255
18.7229	29.5382	4.9615	0.0001631
22.0277	27.6505	4.96662	0.000155425
21.9612	30.6708	4.91672	0.000160276
14.3285	32.6965	4.95926	0.000180808
12.8447	30.6708	4.98272	0.000172228
15.7173	29.727	4.97736	0.000166884
18.6835	32.5943	4.91411	0.000173444
14.3285	32.6965	4.95926	0.000180808
15.7173	29.727	4.97736	0.000166884
15.8122	34.7222	4.90231	0.000192371
12.7112	34.5275	4.96001	0.000195249
14.3285	32.6965	4.95926	0.000180808
18.0114	27.1222	4.9799	0.000159636
20.3799	24.7062	4.97695	0.000154845
22.0277	27.6505	4.96662	0.000155425
3.40821	33.9432	4.99748	0.000192572
3.69504	30.482	4.998	0.000175733
6.43263	33.3637	4.99492	0.000188075
46.8077	43.1354	4.9109	0.000273984
43.6923	43.1354	0.238253	0.000289537
46.8798	40.196	4.93414	0.000213975
49.9231	43.1354	4.94802	0.000266751
46.8077	43.1354	4.9109	0.000273984
46.8798	40.196	4.93414	0.000213975
46.2717	49.3292	4.95692	0.000795029
49.3105	49.3292	4.9667	0.000705962
48.7787	52.3495	4.96513	0.00146776
43.5196	46.2515	4.87282	0.000465858
46.2717	49.3292	4.95692	0.000795029
43.2329	49.3292	4.92876	0.00092686
40.433	46.2515	4.79413	0.000527001
43.5196	46.2515	4.87282	0.000465858
43.2329	49.3292	4.92876	0.00092686
43.6923	43.1354	0.238253	0.000289537
46.8077	43.1354	4.9109	0.000273984
46.6062	46.2515	4.9318	0.000420656
46.6062	46.2515	4.9318	0.000420656
49.3105	49.3292	4.9667	0.000705962
46.2717	49.3292	4.95692	0.000795029
6.30769	36.8646	4.9925	0.000224021
6.43263	33.3637	4.99492	0.000188075
9.42308	36.8646	4.97915	0.000227085
3.125	40	4.99659	0.000298321
3.19231	36.8646	4.99691	0.000222943
6.24038	39.6081	4.99223	0.000286479
3.40821	33.9432	4.99748	0.000192572
6.43263	33.3637	4.99492	0.000188075
6.30769	36.8646	4.9925	0.000224021
0.307214	33.7485	4.99825	0.000191454
3.40821	33.9432	4.99748	0.000192572
3.19231	36.8646	4.99691	0.000222943
0.307214	33.7485	4.99825	0.000191454
0.68946	30.6708	4.9985	0.000177165
3.40821	33.9432	4.99748	0.000192572
