25	30.6708	4.91565	0.000129013
28.0866	33.7485	4.8968	0.000137254
25.1151	35.3065	0.243114	0.000153705
22.0277	27.6505	4.96663	0.000129308
25	30.6708	4.91565	0.000129013
21.9612	30.6708	4.91743	0.000134329
26.689	28.4246	4.9533	0.000125723
28.269	26.3624	4.95142	0.000124631
30.7452	28.7831	4.94601	0.000125423
25	30.6708	4.91565	0.000129013
26.689	28.4246	4.9533	0.000125723
28.0388	30.6708	4.9411	0.000127574
25.3391	26.1784	4.96749	0.000125762
28.269	26.3624	4.95142	0.000124631
26.689	28.4246	4.9533	0.000125723
28.0388	30.6708	4.9411	0.000127574
30.9343	31.8249	4.94821	0.000128807
28.0866	33.7485	4.8968	0.000137254
22.0277	27.6505	4.96663	0.000129308
26.689	28.4246	4.9533	0.000125723
25	30.6708	4.91565	0.000129013
30.7452	28.7831	4.94601	0.000125423
30.9343	31.8249	4.94821	0.000128807
28.0388	30.6708	4.9411	0.000127574
26.689	28.4246	4.9533	0.000125723
30.7452	28.7831	4.94601	0.000125423
28.0388	30.6708	4.9411	0.000127574
26.1025	23.1861	4.96789	0.000124711
28.269	26.3624	4.95142	0.000124631
25.3391	26.1784	4.96749	0.000125762
29.1279	22.9961	4.96008	0.000124185
32.7002	24.7062	4.95604	0.000125118
31.199	26.5464	0.345686	0.000126865
33.7508	28.5944	4.96338	0.000126643
30.9343	31.8249	4.94821	0.000128807
30.7452	28.7831	4.94601	0.000125423
31.199	26.5464	0.345686	0.000126865
33.7508	28.5944	4.96338	0.000126643
30.7452	28.7831	4.94601	0.000125423
37.4615	36.8646	4.9068	0.000152943
40.433	33.7485	4.96773	0.000137789
40.5769	36.8646	4.91141	0.000149956
36.8893	27.6505	4.98402	0.000128727
37.1553	30.6708	4.97844	0.000131191
33.7508	28.5944	4.96338	0.000126643
36.8893	27.6505	4.98402	0.000128727
39.9888	27.0985	4.99169	0.000130783
40.1941	30.6708	4.98622	0.000133077
34.9506	19.1174	4.96938	0.000124948
34.4425	16.5071	4.93464	0.00012405
37.1403	16.5071	4.93907	0.00012479
38.204	22.4261	4.98786	0.000127697
35.1786	22.6161	4.98067	0.000125992
36.4861	20.8667	4.97954	0.000126159
32.1075	19.1174	4.96466	0.000124078
28.8815	20.2128	4.96079	0.000123832
28.6113	17.5512	4.93391	0.000123478
38.204	22.4261	4.98786	0.000127697
35.7802	24.7062	4.98212	0.000126897
35.1786	22.6161	4.98067	0.000125992
32.7002	24.7062	4.95604	0.000125118
29.1279	22.9961	4.96008	0.000124185
32.4267	21.856	4.9724	0.000124638
45.7731	27.8393	4.99612	0.000134243
48.1005	24.7062	4.99697	0.000133119
48.7787	27.6505	4.99676	0.00013481
38.8603	24.7062	4.99078	0.00012901
41.2294	22.236	4.99131	0.000129271
41.9404	24.7062	4.99436	0.000130895
38.8603	24.7062	4.99078	0.00012901
38.204	22.4261	4.98786	0.000127697
41.2294	22.236	4.99131	0.000129271
36.8893	27.6505	4.98402	0.000128727
38.8603	24.7062	4.99078	0.00012901
39.9888	27.0985	4.99169	0.000130783
35.7802	24.7062	4.98212	0.000126897
38.204	22.4261	4.98786	0.000127697
38.8603	24.7062	4.99078	0.00012901
33.7508	28.5944	4.96338	0.000126643
35.7802	24.7062	4.98212	0.000126897
36.8893	27.6505	4.98402	0.000128727
32.7002	24.7062	4.95604	0.000125118
32.4267	21.856	4.9724	0.000124638
35.1786	22.6161	4.98067	0.000125992
37.7936	19.1174	4.97347	0.000126075
40.5089	19.4825	4.98156	0.000127467
38.204	22.4261	4.98786	0.000127697
35.1786	22.6161	4.98067	0.000125992
32.4267	21.856	4.9724	0.000124638
34.9506	19.1174	4.96938	0.000124948
36.4861	20.8667	4.97954	0.000126159
35.1786	22.6161	4.98067	0.000125992
34.9506	19.1174	4.96938	0.000124948
37.7936	19.1174	4.97347	0.000126075
36.4861	20.8667	4.97954	0.000126159
34.9506	19.1174	4.96938	0.000124948
37.7936	19.1174	4.97347	0.000126075
38.204	22.4261	4.98786	0.000127697
36.4861	20.8667	4.97954	0.000126159
35.7802	24.7062	4.98212	0.000126897
32.7002	24.7062	4.95604	0.000125118
35.1786	22.6161	4.98067	0.000125992
33.7508	28.5944	4.96338	0.000126643
32.7002	24.7062	4.95604	0.000125118
35.7802	24.7062	4.98212	0.000126897
29.1279	22.9961	4.96008	0.000124185
28.8815	20.2128	4.96079	0.000123832
32.4267	21.856	4.9724	0.000124638
37.1403	16.5071	4.93907	0.00012479
39.693	16.8552	4.95624	0.000125763
37.7936	19.1174	4.97347	0.000126075
44.3095	21.856	4.99343	0.000130424
47.2801	21.856	4.99505	0.000131285
45.0204	24.7062	4.99623	0.000132318
41.9404	24.7062	4.99436	0.000130895
44.3095	21.856	4.99343	0.000130424
45.0204	24.7062	4.99623	0.000132318
43.4158	19.3	4.98606	0.000128529
46.3226	19.1174	4.98945	0.000129314
44.3095	21.856	4.99343	0.000130424
28.0866	46.2515	4.885	0.00101022
31.0776	49.3292	4.83788	0.00234442
28.0388	49.3292	4.88524	0.00255447
25	43.1354	4.89969	0.000466305
28.1154	43.1354	4.85028	0.000483074
28.0866	46.2515	4.885	0.00101022
37.3464	46.2515	0.159725	0.000638052
34.3294	43.6157	0.131334	0.000426939
37.5191	43.9145	0.142425	0.000380989
31.226	43.7137	0.18465	0.000511968
31.2788	41.1758	0.179027	0.000303565
34.3294	43.6157	0.131334	0.000426939
28.0866	46.2515	4.885	0.00101022
31.226	43.7137	0.18465	0.000511968
31.1732	46.2515	4.77761	0.00097326
28.1154	43.1354	4.85028	0.000483074
31.2788	41.1758	0.179027	0.000303565
31.226	43.7137	0.18465	0.000511968
25	46.2515	4.91241	0.000931274
25	43.1354	4.89969	0.000466305
28.0866	46.2515	4.885	0.00101022
28.125	40	4.83372	0.000252529
31.2788	41.1758	0.179027	0.000303565
28.1154	43.1354	4.85028	0.000483074
28.125	40	4.83372	0.000252529
31.2019	38.0404	0.233652	0.000182642
31.2788	41.1758	0.179027	0.000303565
31.2019	38.0404	0.233652	0.000182642
34.399	40.9798	0.165871	0.00026387
31.2788	41.1758	0.179027	0.000303565
28.0866	33.7485	4.8968	0.000137254
31.3171	35.696	4.88579	0.000148115
28.1154	36.8646	4.85063	0.000167933
37.3464	33.7485	4.95952	0.000137138
37.1553	30.6708	4.97844	0.000131191
40.1941	30.6708	4.98622	0.000133077
37.4615	36.8646	4.9068	0.000152943
37.3464	33.7485	4.95952	0.000137138
40.433	33.7485	4.96773	0.000137789
37.4615	36.8646	4.9068	0.000152943
34.3221	37.8444	4.83868	0.000168738
34.1596	34.7385	4.93114	0.000140484
34.1596	34.7385	4.93114	0.000140484
33.997	31.6326	4.96191	0.000130334
37.3464	33.7485	4.95952	0.000137138
31.3171	35.696	4.88579	0.000148115
34.1596	34.7385	4.93114	0.000140484
34.3221	37.8444	4.83868	0.000168738
31.3171	35.696	4.88579	0.000148115
30.9343	31.8249	4.94821	0.000128807
34.1596	34.7385	4.93114	0.000140484
30.9343	31.8249	4.94821	0.000128807
33.7508	28.5944	4.96338	0.000126643
33.997	31.6326	4.96191	0.000130334
40.433	46.2515	4.79417	0.000498325
40.6201	43.7197	0.185204	0.000314003
43.5196	46.2515	4.8728	0.000435892
46.8029	37.0605	4.96748	0.000149066
43.75	40	4.86529	0.000177174
43.6827	37.2565	4.93185	0.000151468
49.9231	43.1354	4.94791	0.000236192
46.8798	40.196	4.93402	0.000184059
50	40	4.95877	0.000170677
49.9231	43.1354	4.94791	0.000236192
49.6928	46.2515	4.95602	0.000363373
46.8077	43.1354	4.9108	0.000243691
25	43.1354	4.89969	0.000466305
25	46.2515	4.91241	0.000931274
22.0142	44.8882	4.89422	0.000699026
25	40	4.86143	0.000250502
25	43.1354	4.89969	0.000466305
21.9183	41.7637	4.84037	0.000382892
25	40	4.86143	0.000250502
28.1154	43.1354	4.85028	0.000483074
25	43.1354	4.89969	0.000466305
31.2019	38.0404	0.233652	0.000182642
28.125	40	4.83372	0.000252529
28.1154	36.8646	4.85063	0.000167933
28.1154	43.1354	4.85028	0.000483074
31.226	43.7137	0.18465	0.000511968
28.0866	46.2515	4.885	0.00101022
18.7981	41.9596	0.230553	0.000403001
15.601	39.0202	0.242723	0.000252847
18.7212	38.8242	0.204316	0.000241977
17.2523	44.2036	4.88665	0.00069848
15.7402	46.2515	4.93985	0.00123657
14.1489	44.3016	4.94549	0.000762002
18.7981	41.9596	0.230553	0.000403001
17.2523	44.2036	4.88665	0.00069848
15.6779	42.1556	4.87512	0.000456323
18.8268	46.2515	4.90537	0.00100407
15.7402	46.2515	4.93985	0.00123657
17.2523	44.2036	4.88665	0.00069848
21.7462	47.598	4.87906	0.00147201
18.8268	46.2515	4.90537	0.00100407
22.0142	44.8882	4.89422	0.000699026
21.7462	47.598	4.87906	0.00147201
18.9224	49.3292	4.86277	0.00266247
18.8268	46.2515	4.90537	0.00100407
15.6779	42.1556	4.87512	0.000456323
15.601	39.0202	0.242723	0.000252847
18.7981	41.9596	0.230553	0.000403001
18.8268	46.2515	4.90537	0.00100407
17.2523	44.2036	4.88665	0.00069848
18.7981	41.9596	0.230553	0.000403001
14.1489	44.3016	4.94549	0.000762002
12.6536	46.2515	4.97176	0.00117954
12.5577	42.3516	4.95258	0.000460718
15.6779	42.1556	4.87512	0.000456323
14.1489	44.3016	4.94549	0.000762002
12.5577	42.3516	4.95258	0.000460718
15.7402	46.2515	4.93985	0.00123657
12.6536	46.2515	4.97176	0.00117954
14.1489	44.3016	4.94549	0.000762002
12.7118	50.0843	4.9647	0.00372566
12.6536	46.2515	4.97176	0.00117954
15.8835	49.3292	4.93401	0.00287586
16.083	52.3495	4.88836	0.00776468
13.1107	52.3495	4.94449	0.00732164
15.8835	49.3292	4.93401	0.00287586
18.9224	49.3292	4.86277	0.00266247
16.083	52.3495	4.88836	0.00776468
15.8835	49.3292	4.93401	0.00287586
13.1107	52.3495	4.94449	0.00732164
10.6893	54.7417	4.92328	0.0133029
10.1383	52.3495	4.96274	0.00664224
15.8835	49.3292	4.93401	0.00287586
13.1107	52.3495	4.94449	0.00732164
12.7118	50.0843	4.9647	0.00372566
14.2198	55.2938	4.88968	0.0187254
10.6893	54.7417	4.92328	0.0133029
13.1107	52.3495	4.94449	0.00732164
17.0264	56.2438	4.83401	0.0288401
14.2198	55.2938	4.88968	0.0187254
16.083	52.3495	4.88836	0.00776468
17.2808	59.0298	4.73773	0.0703414
17.5295	61.7527	0.0854036	4.61154
15.0494	60.8826	0.106086	0.0746365
17.0264	56.2438	4.83401	0.0288401
17.2808	59.0298	4.73773	0.0703414
14.6026	58.144	4.77826	0.0400593
17.0264	56.2438	4.83401	0.0288401
20.0518	56.4338	4.77772	0.0331442
17.2808	59.0298	4.73773	0.0703414
7.16598	52.3495	4.97125	0.0062506
8.05963	55.2938	4.92344	0.0150574
4.92487	55.4838	4.93329	0.0164677
6.76709	49.3292	4.98761	0.00255827
7.16598	52.3495	4.97125	0.0062506
4.19365	52.3495	4.97629	0.00595371
10.1383	52.3495	4.96274	0.00664224
8.05963	55.2938	4.92344	0.0150574
7.16598	52.3495	4.97125	0.0062506
12.7118	50.0843	4.9647	0.00372566
10.1383	52.3495	4.96274	0.00664224
9.70619	49.8955	4.97997	0.00324427
10.6893	54.7417	4.92328	0.0133029
8.05963	55.2938	4.92344	0.0150574
10.1383	52.3495	4.96274	0.00664224
12.5577	42.3516	4.95258	0.000460718
12.5	40	4.93187	0.000284039
15.6779	42.1556	4.87512	0.000456323
9.61019	45.6673	4.98731	0.000943723
12.5577	42.3516	4.95258	0.000460718
12.6536	46.2515	4.97176	0.00117954
9.61019	45.6673	4.98731	0.000943723
6.31731	42.7435	4.99293	0.000452824
9.4375	42.5475	4.98244	0.000471064
-3.10282e-28	40	4.99761	0.000279143
3.125	40	4.99661	0.000266355
3.19711	42.9395	4.99623	0.000467308
-3.10282e-28	40	4.99761	0.000279143
0.076922	36.8646	4.99795	0.000190373
3.125	40	4.99661	0.000266355
46.6062	46.2515	4.93173	0.000389767
46.2717	49.3292	4.95688	0.000763422
43.5196	46.2515	4.8728	0.000435892
43.6923	43.1354	0.238188	0.000259529
46.6062	46.2515	4.93173	0.000389767
43.5196	46.2515	4.8728	0.000435892
49.6928	46.2515	4.95602	0.000363373
49.3105	49.3292	4.96663	0.000674043
46.6062	46.2515	4.93173	0.000389767
27.4517	72.3429	0.0027753	0.0236002
25	72.3429	0.00283178	0.0292099
27.0253	69.2491	0.00678422	0.0553477
24.7277	76.3587	0.00106294	0.00977756
26.189	74.0896	0.00176926	0.0162055
27.2733	75.6267	0.00122796	0.010154
24.7277	76.3587	0.00106294	0.00977756
23.0327	74.7883	0.00156544	0.0167285
26.189	74.0896	0.00176926	0.0162055
23.0339	79.8761	0.000759433	0.00652485
21.0802	79.5053	0.000867914	0.00757452
21.6827	78.0345	0.000905942	0.00811833
19.6759	76.9444	0.00113928	0.00997692
19.0551	74.0896	0.00206544	0.0199721
21.4331	74.0896	0.00193489	0.0215223
19.6759	76.9444	0.00113928	0.00997692
18.1801	75.6267	0.00158773	0.0135043
19.0551	74.0896	0.00206544	0.0199721
21.4331	74.0896	0.00193489	0.0215223
23.0327	74.7883	0.00156544	0.0167285
22.3999	76.5052	0.00111216	0.0108522
20.0967	72.3429	0.00313076	0.0369819
22.5483	72.3429	0.00303842	0.0387173
21.4331	74.0896	0.00193489	0.0215223
16.5527	73.7985	0.00238147	0.0178617
17.645	72.3429	0.0031702	0.0265139
19.0551	74.0896	0.00206544	0.0199721
19.193	69.7412	0.00656464	0.0660229
21.8037	69.5771	0.00677215	4.50607
20.0967	72.3429	0.00313076	0.0369819
21.8037	69.5771	0.00677215	4.50607
23.75	70.3973	0.00526952	0.0590958
22.5483	72.3429	0.00303842	0.0387173
21.6827	78.0345	0.000905942	0.00811833
19.1515	78.89	0.00100449	0.008483
19.6759	76.9444	0.00113928	0.00997692
22.3999	76.5052	0.00111216	0.0108522
19.6759	76.9444	0.00113928	0.00997692
21.4331	74.0896	0.00193489	0.0215223
22.3999	76.5052	0.00111216	0.0108522
21.6827	78.0345	0.000905942	0.00811833
19.6759	76.9444	0.00113928	0.00997692
24.7277	76.3587	0.00106294	0.00977756
22.3999	76.5052	0.00111216	0.0108522
23.0327	74.7883	0.00156544	0.0167285
24.7277	76.3587	0.00106294	0.00977756
24.9752	78.5234	0.000780535	0.00655148
23.329	78.279	0.000829842	0.00732423
21.0802	79.5053	0.000867914	0.00757452
19.1515	78.89	0.00100449	0.008483
21.6827	78.0345	0.000905942	0.00811833
25	80	0.000738713	0.0060931
24.9752	78.5234	0.000780535	0.00655148
26.9661	79.8761	0.000724612	0.00556983
19.6759	76.9444	0.00113928	0.00997692
19.1515	78.89	0.00100449	0.008483
17.2597	78.0345	0.00125653	0.0099858
28.3173	78.0345	0.000832694	0.00614859
30.8485	78.89	0.000910701	0.0060052
28.9198	79.5053	0.000799446	0.00574103
18.1801	75.6267	0.00158773	0.0135043
19.6759	76.9444	0.00113928	0.00997692
17.2597	78.0345	0.00125653	0.0099858
15.4167	76.9444	0.00161863	0.0116063
18.1801	75.6267	0.00158773	0.0135043
17.2597	78.0345	0.00125653	0.0099858
23.0327	74.7883	0.00156544	0.0167285
21.4331	74.0896	0.00193489	0.0215223
22.5483	72.3429	0.00303842	0.0387173
15.4167	76.9444	0.00161863	0.0116063
16.5527	73.7985	0.00238147	0.0178617
18.1801	75.6267	0.00158773	0.0135043
20.0967	72.3429	0.00313076	0.0369819
21.8037	69.5771	0.00677215	4.50607
22.5483	72.3429	0.00303842	0.0387173
15.4167	76.9444	0.00161863	0.0116063
13.6336	75.6267	0.00237435	0.0153442
14.237	73.9441	0.00271489	0.01742
29.3832	76.0659	0.00114981	0.00835289
31.3712	77.1646	0.00107942	0.00695898
28.3173	78.0345	0.000832694	0.00614859
31.9219	75.3472	0.00144791	0.00917439
34.5833	76.9444	0.00141287	0.00787251
32.7403	78.0345	0.00109009	0.0066496
14.237	73.9441	0.00271489	0.01742
11.9212	74.0896	0.00340455	0.019978
12.7417	72.3429	0.00402947	0.0231816
11.25	70.3973	0.00686702	0.0362614
12.7417	72.3429	0.00402947	0.0231816
10.2901	72.3429	0.00541947	0.0295488
17.645	72.3429	0.0031702	0.0265139
16.5527	73.7985	0.00238147	0.0178617
15.1934	72.3429	0.00338535	0.0221948
19.193	69.7412	0.00656464	0.0660229
17.645	72.3429	0.0031702	0.0265139
16.25	70.3973	0.00514713	0.0341158
20.0967	72.3429	0.00313076	0.0369819
19.0551	74.0896	0.00206544	0.0199721
17.645	72.3429	0.0031702	0.0265139
19.0551	74.0896	0.00206544	0.0199721
18.1801	75.6267	0.00158773	0.0135043
16.5527	73.7985	0.00238147	0.0178617
32.355	72.3429	0.00283867	0.0182355
34.8066	72.3429	0.00320176	0.0172037
33.3228	74.0896	0.00198148	0.0116203
33.3228	74.0896	0.00198148	0.0116203
31.9219	75.3472	0.00144791	0.00917439
30.9297	73.8705	0.00189418	0.0131546
35.7008	74.0896	0.00241259	0.0124211
33.3228	74.0896	0.00198148	0.0116203
34.8066	72.3429	0.00320176	0.0172037
34.5833	76.9444	0.00141287	0.00787251
31.9219	75.3472	0.00144791	0.00917439
33.3228	74.0896	0.00198148	0.0116203
17.4187	68.2649	0.00977095	0.0651277
14.8915	68.2649	0.00876514	0.0467658
16.8484	65.9587	0.0189781	0.106926
16.25	70.3973	0.00514713	0.0341158
13.513	70.6966	0.00514343	0.0288553
14.8915	68.2649	0.00876514	0.0467658
19.193	69.7412	0.00656464	0.0660229
16.25	70.3973	0.00514713	0.0341158
17.4187	68.2649	0.00977095	0.0651277
15.1934	72.3429	0.00338535	0.0221948
14.237	73.9441	0.00271489	0.01742
12.7417	72.3429	0.00402947	0.0231816
17.645	72.3429	0.0031702	0.0265139
15.1934	72.3429	0.00338535	0.0221948
16.25	70.3973	0.00514713	0.0341158
16.5527	73.7985	0.00238147	0.0178617
14.237	73.9441	0.00271489	0.01742
15.1934	72.3429	0.00338535	0.0221948
12.7417	72.3429	0.00402947	0.0231816
11.25	70.3973	0.00686702	0.0362614
13.513	70.6966	0.00514343	0.0288553
8.74996	70.3973	0.00940661	0.0499279
11.25	70.3973	0.00686702	0.0362614
10.2901	72.3429	0.00541947	0.0295488
12.3644	68.2649	0.0100252	0.0489284
13.846	66.4528	0.0155134	0.0586026
14.8915	68.2649	0.00876514	0.0467658
9.83732	68.2649	0.0129126	0.0705753
12.3644	68.2649	0.0100252	0.0489284
11.25	70.3973	0.00686702	0.0362614
9.83732	68.2649	0.0129126	0.0705753
11.414	65.9587	0.0205726	0.133702
12.3644	68.2649	0.0100252	0.0489284
9.83732	68.2649	0.0129126	0.0705753
11.25	70.3973	0.00686702	0.0362614
8.74996	70.3973	0.00940661	0.0499279
14.8915	68.2649	0.00876514	0.0467658
13.513	70.6966	0.00514343	0.0288553
12.3644	68.2649	0.0100252	0.0489284
15.1934	72.3429	0.00338535	0.0221948
12.7417	72.3429	0.00402947	0.0231816
13.513	70.6966	0.00514343	0.0288553
15.4167	76.9444	0.00161863	0.0116063
14.237	73.9441	0.00271489	0.01742
16.5527	73.7985	0.00238147	0.0178617
13.6336	75.6267	0.00237435	0.0153442
11.9212	74.0896	0.00340455	0.019978
14.237	73.9441	0.00271489	0.01742
11.9212	74.0896	0.00340455	0.019978
10.2901	72.3429	0.00541947	0.0295488
12.7417	72.3429	0.00402947	0.0231816
7.31021	68.2649	0.0174371	0.100328
9.83732	68.2649	0.0129126	0.0705753
8.74996	70.3973	0.00940661	0.0499279
7.31021	68.2649	0.0174371	0.100328
5.97957	65.9587	0.0345622	4.63107
8.78345	65.7825	0.0271203	4.57572
28.3173	78.0345	0.000832694	0.00614859
28.9198	79.5053	0.000799446	0.00574103
26.9661	79.8761	0.000724612	0.00556983
31.3712	77.1646	0.00107942	0.00695898
31.9219	75.3472	0.00144791	0.00917439
32.7403	78.0345	0.00109009	0.0066496
28.3173	78.0345	0.000832694	0.00614859
31.3712	77.1646	0.00107942	0.00695898
30.8485	78.89	0.000910701	0.0060052
29.3832	76.0659	0.00114981	0.00835289
31.9219	75.3472	0.00144791	0.00917439
31.3712	77.1646	0.00107942	0.00695898
27.2733	75.6267	0.00122796	0.010154
29.3832	76.0659	0.00114981	0.00835289
28.3173	78.0345	0.000832694	0.00614859
28.5669	74.0896	0.00175161	0.013852
29.9033	72.3429	0.00274965	0.0211757
30.9297	73.8705	0.00189418	0.0131546
27.2733	75.6267	0.00122796	0.010154
28.5669	74.0896	0.00175161	0.013852
29.3832	76.0659	0.00114981	0.00835289
27.2733	75.6267	0.00122796	0.010154
26.189	74.0896	0.00176926	0.0162055
28.5669	74.0896	0.00175161	0.013852
26.2439	77.6257	0.000860005	0.00706002
27.2733	75.6267	0.00122796	0.010154
28.3173	78.0345	0.000832694	0.00614859
26.9661	79.8761	0.000724612	0.00556983
26.2439	77.6257	0.000860005	0.00706002
28.3173	78.0345	0.000832694	0.00614859
24.9752	78.5234	0.000780535	0.00655148
24.7277	76.3587	0.00106294	0.00977756
26.2439	77.6257	0.000860005	0.00706002
31.0572	70.658	0.00431163	0.0327281
30.0542	68.2649	0.00872616	4.3994
32.2468	68.921	0.00693952	0.044382
31.0572	70.658	0.00431163	0.0327281
28.75	70.3973	0.00480351	0.0400989
30.0542	68.2649	0.00872616	4.3994
33.75	70.3973	0.00490911	0.0266889
31.0572	70.658	0.00431163	0.0327281
32.2468	68.921	0.00693952	0.044382
29.9033	72.3429	0.00274965	0.0211757
28.75	70.3973	0.00480351	0.0400989
31.0572	70.658	0.00431163	0.0327281
30.9297	73.8705	0.00189418	0.0131546
29.9033	72.3429	0.00274965	0.0211757
32.355	72.3429	0.00283867	0.0182355
33.3228	74.0896	0.00198148	0.0116203
30.9297	73.8705	0.00189418	0.0131546
32.355	72.3429	0.00283867	0.0182355
31.9219	75.3472	0.00144791	0.00917439
29.3832	76.0659	0.00114981	0.00835289
30.9297	73.8705	0.00189418	0.0131546
28.5669	74.0896	0.00175161	0.013852
26.189	74.0896	0.00176926	0.0162055
27.4517	72.3429	0.0027753	0.0236002
25	72.3429	0.00283178	0.0292099
23.75	70.3973	0.00526952	0.0590958
27.0253	69.2491	0.00678422	0.0553477
26.9661	79.8761	0.000724612	0.00556983
24.9752	78.5234	0.000780535	0.00655148
26.2439	77.6257	0.000860005	0.00706002
27.0253	69.2491	0.00678422	0.0553477
24.3347	67.1118	0.014147	0.112575
26.9568	67.2765	0.0123545	0.0817041
19.0904	66.7823	0.0167158	0.113545
19.999	65.078	0.0308772	4.65384
22.2828	65.9587	0.0213363	4.65626
17.4187	68.2649	0.00977095	0.0651277
19.0904	66.7823	0.0167158	0.113545
19.193	69.7412	0.00656464	0.0660229
17.4187	68.2649	0.00977095	0.0651277
16.8484	65.9587	0.0189781	0.106926
19.0904	66.7823	0.0167158	0.113545
27.4517	72.3429	0.0027753	0.0236002
28.75	70.3973	0.00480351	0.0400989
29.9033	72.3429	0.00274965	0.0211757
28.5669	74.0896	0.00175161	0.013852
27.4517	72.3429	0.0027753	0.0236002
29.9033	72.3429	0.00274965	0.0211757
26.189	74.0896	0.00176926	0.0162055
25	72.3429	0.00283178	0.0292099
27.4517	72.3429	0.0027753	0.0236002
27.0253	69.2491	0.00678422	0.0553477
26.9568	67.2765	0.0123545	0.0817041
30.0542	68.2649	0.00872616	4.3994
27.4517	72.3429	0.0027753	0.0236002
27.0253	69.2491	0.00678422	0.0553477
28.75	70.3973	0.00480351	0.0400989
23.75	70.3973	0.00526952	0.0590958
24.3347	67.1118	0.014147	0.112575
27.0253	69.2491	0.00678422	0.0553477
34.8233	67.7707	0.0107176	0.0462562
37.4455	67.9354	0.0119848	4.34108
36.25	70.3973	0.00565846	0.0299619
31.3712	77.1646	0.00107942	0.00695898
32.7403	78.0345	0.00109009	0.0066496
30.8485	78.89	0.000910701	0.0060052
23.329	78.279	0.000829842	0.00732423
22.3999	76.5052	0.00111216	0.0108522
24.7277	76.3587	0.00106294	0.00977756
23.0339	79.8761	0.000759433	0.00652485
23.329	78.279	0.000829842	0.00732423
24.9752	78.5234	0.000780535	0.00655148
21.6827	78.0345	0.000905942	0.00811833
22.3999	76.5052	0.00111216	0.0108522
23.329	78.279	0.000829842	0.00732423
21.6827	78.0345	0.000905942	0.00811833
23.329	78.279	0.000829842	0.00732423
23.0339	79.8761	0.000759433	0.00652485
25	72.3429	0.00283178	0.0292099
26.189	74.0896	0.00176926	0.0162055
23.0327	74.7883	0.00156544	0.0167285
27.2733	75.6267	0.00122796	0.010154
26.2439	77.6257	0.000860005	0.00706002
24.7277	76.3587	0.00106294	0.00977756
25	80	0.000738713	0.0060931
23.0339	79.8761	0.000759433	0.00652485
24.9752	78.5234	0.000780535	0.00655148
35.7008	74.0896	0.00241259	0.0124211
37.3942	72.4885	0.00387847	0.0183232
38.0788	74.0896	0.0032223	0.0151158
34.5833	76.9444	0.00141287	0.00787251
35.7008	74.0896	0.00241259	0.0124211
36.3664	75.6267	0.00213957	0.0109835
34.8066	72.3429	0.00320176	0.0172037
37.3942	72.4885	0.00387847	0.0183232
35.7008	74.0896	0.00241259	0.0124211
34.5833	76.9444	0.00141287	0.00787251
33.3228	74.0896	0.00198148	0.0116203
35.7008	74.0896	0.00241259	0.0124211
33.75	70.3973	0.00490911	0.0266889
36.25	70.3973	0.00565846	0.0299619
34.8066	72.3429	0.00320176	0.0172037
35.7008	74.0896	0.00241259	0.0124211
38.0788	74.0896	0.0032223	0.0151158
36.3664	75.6267	0.00213957	0.0109835
37.4455	67.9354	0.0119848	4.34108
38.75	70.3973	0.00697299	0.0299364
36.25	70.3973	0.00565846	0.0299619
39.7099	72.3429	0.00532925	0.0217469
38.0788	74.0896	0.0032223	0.0151158
37.3942	72.4885	0.00387847	0.0183232
36.25	70.3973	0.00565846	0.0299619
33.75	70.3973	0.00490911	0.0266889
34.8233	67.7707	0.0107176	0.0462562
37.3942	72.4885	0.00387847	0.0183232
36.25	70.3973	0.00565846	0.0299619
38.75	70.3973	0.00697299	0.0299364
37.3942	72.4885	0.00387847	0.0183232
34.8066	72.3429	0.00320176	0.0172037
36.25	70.3973	0.00565846	0.0299619
15.5575	63.4929	0.0470245	0.555159
16.8484	65.9587	0.0189781	0.106926
13.846	66.4528	0.0155134	0.0586026
11.414	65.9587	0.0205726	0.133702
12.8597	63.4929	0.0427432	0.0681886
13.846	66.4528	0.0155134	0.0586026
15.0494	60.8826	0.106086	0.0746365
17.5295	61.7527	0.0854036	4.61154
15.5575	63.4929	0.0470245	0.555159
15.5575	63.4929	0.0470245	0.555159
17.5295	61.7527	0.0854036	4.61154
16.8484	65.9587	0.0189781	0.106926
11.6319	58.144	3.93195	0.0325298
14.6026	58.144	4.77826	0.0400593
12.3979	60.3349	0.11729	0.066259
14.6026	58.144	4.77826	0.0400593
17.2808	59.0298	4.73773	0.0703414
15.0494	60.8826	0.106086	0.0746365
20.363	63.0044	0.0612671	4.66863
19.999	65.078	0.0308772	4.65384
17.5295	61.7527	0.0854036	4.61154
20.7355	60.8826	0.115404	4.59721
20.363	63.0044	0.0612671	4.66863
17.5295	61.7527	0.0854036	4.61154
20.7355	60.8826	0.115404	4.59721
23.0704	62.1007	0.0764136	0.135158
20.363	63.0044	0.0612671	4.66863
11.6319	58.144	3.93195	0.0325298
10.6893	54.7417	4.92328	0.0133029
14.2198	55.2938	4.88968	0.0187254
9.3634	60.8826	0.108679	0.0622692
11.6319	58.144	3.93195	0.0325298
12.3979	60.3349	0.11729	0.066259
8.66123	58.144	4.80083	0.0323279
10.6893	54.7417	4.92328	0.0133029
11.6319	58.144	3.93195	0.0325298
5.69054	58.144	4.82979	0.0390892
4.92487	55.4838	4.93329	0.0164677
8.05963	55.2938	4.92344	0.0150574
6.4478	61.0566	0.118497	0.0780178
5.69054	58.144	4.82979	0.0390892
8.66123	58.144	4.80083	0.0323279
3.67737	60.8826	0.151534	4.45142
2.71986	58.144	4.86641	0.0373088
5.69054	58.144	4.82979	0.0390892
36.8222	64.0212	0.035927	0.0475639
39.6261	63.8451	0.0437636	0.0403258
38.586	65.9587	0.0221204	0.0440166
34.1521	62.7968	0.0466563	4.44179
36.8222	64.0212	0.035927	0.0475639
35.8688	65.9587	0.018895	0.0530708
37.7936	60.8826	0.104477	0.0277017
39.6261	63.8451	0.0437636	0.0403258
36.8222	64.0212	0.035927	0.0475639
38.75	70.3973	0.00697299	0.0299364
40.1627	68.2649	0.0132447	0.0370307
41.25	70.3973	0.00936493	0.026886
37.3942	72.4885	0.00387847	0.0183232
38.75	70.3973	0.00697299	0.0299364
39.7099	72.3429	0.00532925	0.0217469
37.4455	67.9354	0.0119848	4.34108
40.1627	68.2649	0.0132447	0.0370307
38.75	70.3973	0.00697299	0.0299364
35.8688	65.9587	0.018895	0.0530708
37.4455	67.9354	0.0119848	4.34108
34.8233	67.7707	0.0107176	0.0462562
33.1516	65.9587	0.0166739	0.0645785
35.8688	65.9587	0.018895	0.0530708
34.8233	67.7707	0.0107176	0.0462562
34.1521	62.7968	0.0466563	4.44179
34.9506	60.8826	0.0836126	0.0517186
36.8222	64.0212	0.035927	0.0475639
38.75	70.3973	0.00697299	0.0299364
41.25	70.3973	0.00936493	0.026886
39.7099	72.3429	0.00532925	0.0217469
38.586	65.9587	0.0221204	0.0440166
40.1627	68.2649	0.0132447	0.0370307
37.4455	67.9354	0.0119848	4.34108
41.3032	65.9587	0.0263004	0.0417728
42.6898	68.2649	0.0173852	0.0334581
40.1627	68.2649	0.0132447	0.0370307
41.3032	65.9587	0.0263004	0.0417728
44.0204	65.9587	0.0338402	0.047523
42.6898	68.2649	0.0173852	0.0334581
41.25	70.3973	0.00936493	0.026886
40.1627	68.2649	0.0132447	0.0370307
42.6898	68.2649	0.0173852	0.0334581
36.8222	64.0212	0.035927	0.0475639
34.9506	60.8826	0.0836126	0.0517186
37.7936	60.8826	0.104477	0.0277017
2.71986	58.144	4.86641	0.0373088
4.92487	55.4838	4.93329	0.0164677
5.69054	58.144	4.82979	0.0390892
8.66123	58.144	4.80083	0.0323279
8.05963	55.2938	4.92344	0.0150574
10.6893	54.7417	4.92328	0.0133029
6.4478	61.0566	0.118497	0.0780178
8.66123	58.144	4.80083	0.0323279
9.3634	60.8826	0.108679	0.0622692
5.69054	58.144	4.82979	0.0390892
8.05963	55.2938	4.92344	0.0150574
8.66123	58.144	4.80083	0.0323279
1.8995	55.2938	4.94992	0.0135487
4.92487	55.4838	4.93329	0.0164677
2.71986	58.144	4.86641	0.0373088
1.8995	55.2938	4.94992	0.0135487
1.22131	52.3495	4.98014	0.00523152
4.19365	52.3495	4.97629	0.00595371
41.3032	65.9587	0.0263004	0.0417728
42.43	63.669	0.0535657	4.34666
44.0204	65.9587	0.0338402	0.047523
43.4796	60.8826	0.123425	0.0284531
40.6366	60.8826	0.115069	0.0285824
41.4664	58.5091	4.78837	0.0135661
45.2338	63.4929	0.0688214	0.0437972
43.4796	60.8826	0.123425	0.0284531
46.3226	60.8826	0.145748	0.0196579
42.43	63.669	0.0535657	4.34666
40.6366	60.8826	0.115069	0.0285824
43.4796	60.8826	0.123425	0.0284531
41.4664	58.5091	4.78837	0.0135661
38.5596	58.6917	4.7551	0.0162003
38.8603	55.2938	4.89014	0.00615304
46.3226	60.8826	0.145748	0.0196579
43.4796	60.8826	0.123425	0.0284531
44.2548	57.954	4.83252	0.00993826
42.43	63.669	0.0535657	4.34666
39.6261	63.8451	0.0437636	0.0403258
40.6366	60.8826	0.115069	0.0285824
44.0204	65.9587	0.0338402	0.047523
42.43	63.669	0.0535657	4.34666
45.2338	63.4929	0.0688214	0.0437972
36.8222	64.0212	0.035927	0.0475639
38.586	65.9587	0.0221204	0.0440166
35.8688	65.9587	0.018895	0.0530708
40.6366	60.8826	0.115069	0.0285824
39.6261	63.8451	0.0437636	0.0403258
37.7936	60.8826	0.104477	0.0277017
38.586	65.9587	0.0221204	0.0440166
37.4455	67.9354	0.0119848	4.34108
35.8688	65.9587	0.018895	0.0530708
41.3032	65.9587	0.0263004	0.0417728
38.586	65.9587	0.0221204	0.0440166
39.6261	63.8451	0.0437636	0.0403258
41.3032	65.9587	0.0263004	0.0417728
40.1627	68.2649	0.0132447	0.0370307
38.586	65.9587	0.0221204	0.0440166
32.2468	68.921	0.00693952	0.044382
30.4344	65.9587	0.016206	0.0761933
33.1516	65.9587	0.0166739	0.0645785
21.7285	50.6506	0.22138	0.00435827
19.0553	52.3495	0.221591	0.0078094
18.9224	49.3292	4.86277	0.00266247
21.7462	47.598	4.87906	0.00147201
21.7285	50.6506	0.22138	0.00435827
18.9224	49.3292	4.86277	0.00266247
15.8835	49.3292	4.93401	0.00287586
18.8268	46.2515	4.90537	0.00100407
18.9224	49.3292	4.86277	0.00266247
22.0142	44.8882	4.89422	0.000699026
25	46.2515	4.91241	0.000931274
21.7462	47.598	4.87906	0.00147201
24.7341	50.8393	4.81698	0.00429231
22.4091	54.0056	0.17631	0.01413
21.7285	50.6506	0.22138	0.00435827
26.54	55.2938	0.194837	0.0205142
26.4853	58.144	4.69	0.0514515
23.0771	56.6239	4.74405	0.0325144
30.9447	52.3495	4.85426	0.0056826
29.6201	55.2938	4.78006	0.0152393
27.9723	52.3495	4.8341	0.00674481
26.4853	58.144	4.69	0.0514515
26.4215	60.8826	0.0918274	4.53047
24.0253	59.6046	4.66649	0.0805465
29.6201	55.2938	4.78006	0.0152393
26.4853	58.144	4.69	0.0514515
26.54	55.2938	0.194837	0.0205142
29.6201	55.2938	4.78006	0.0152393
32.1533	57.1939	0.165125	0.0254721
29.839	59.2394	0.109538	0.056515
17.2808	59.0298	4.73773	0.0703414
20.7355	60.8826	0.115404	4.59721
17.5295	61.7527	0.0854036	4.61154
23.0771	56.6239	4.74405	0.0325144
20.3936	58.6582	4.73333	0.0721429
20.0518	56.4338	4.77772	0.0331442
23.0771	56.6239	4.74405	0.0325144
24.0253	59.6046	4.66649	0.0805465
20.3936	58.6582	4.73333	0.0721429
39.0601	41.8598	0.182274	0.000261602
37.5191	43.9145	0.142425	0.000380989
37.5	40	4.77894	0.000192536
40.625	40	0.221437	0.000185921
39.0601	41.8598	0.182274	0.000261602
37.5	40	4.77894	0.000192536
40.6201	43.7197	0.185204	0.000314003
37.5191	43.9145	0.142425	0.000380989
39.0601	41.8598	0.182274	0.000261602
40.6201	43.7197	0.185204	0.000314003
40.433	46.2515	4.79417	0.000498325
37.5191	43.9145	0.142425	0.000380989
43.6923	43.1354	0.238188	0.000259529
40.6201	43.7197	0.185204	0.000314003
40.625	40	0.221437	0.000185921
43.6923	43.1354	0.238188	0.000259529
43.5196	46.2515	4.8728	0.000435892
40.6201	43.7197	0.185204	0.000314003
46.8798	40.196	4.93402	0.000184059
43.6923	43.1354	0.238188	0.000259529
43.75	40	4.86529	0.000177174
46.8077	43.1354	4.9108	0.000243691
49.6928	46.2515	4.95602	0.000363373
46.6062	46.2515	4.93173	0.000389767
37.5	40	4.77894	0.000192536
34.399	40.9798	0.165871	0.00026387
34.3221	37.8444	4.83868	0.000168738
40.5769	36.8646	4.91141	0.000149956
37.5	40	4.77894	0.000192536
37.4615	36.8646	4.9068	0.000152943
40.625	40	0.221437	0.000185921
40.6201	43.7197	0.185204	0.000314003
39.0601	41.8598	0.182274	0.000261602
40.1224	48.7521	4.85656	0.000893225
37.0597	48.5598	0.198457	0.0011706
37.3464	46.2515	0.159725	0.000638052
34.1165	49.3292	0.204889	0.00172241
36.7564	51.5944	4.84922	0.00261193
34.1289	53.2696	4.84497	0.00582968
31.1732	46.2515	4.77761	0.00097326
34.1165	49.3292	0.204889	0.00172241
31.0776	49.3292	4.83788	0.00234442
28.0866	46.2515	4.885	0.00101022
31.1732	46.2515	4.77761	0.00097326
31.0776	49.3292	4.83788	0.00234442
34.3294	43.6157	0.131334	0.000426939
34.399	40.9798	0.165871	0.00026387
37.5191	43.9145	0.142425	0.000380989
31.1732	46.2515	4.77761	0.00097326
31.226	43.7137	0.18465	0.000511968
34.2598	46.2515	0.150453	0.000783624
31.2788	41.1758	0.179027	0.000303565
34.399	40.9798	0.165871	0.00026387
34.3294	43.6157	0.131334	0.000426939
37.0597	48.5598	0.198457	0.0011706
36.7564	51.5944	4.84922	0.00261193
34.1165	49.3292	0.204889	0.00172241
37.3464	46.2515	0.159725	0.000638052
37.0597	48.5598	0.198457	0.0011706
34.2598	46.2515	0.150453	0.000783624
40.433	46.2515	4.79417	0.000498325
37.3464	46.2515	0.159725	0.000638052
37.5191	43.9145	0.142425	0.000380989
40.433	46.2515	4.79417	0.000498325
40.1224	48.7521	4.85656	0.000893225
37.3464	46.2515	0.159725	0.000638052
40.1224	48.7521	4.85656	0.000893225
36.7564	51.5944	4.84922	0.00261193
37.0597	48.5598	0.198457	0.0011706
46.2717	49.3292	4.95688	0.000763422
45.8487	52.5335	4.95766	0.00179648
43.2329	49.3292	4.9288	0.000896316
34.1165	49.3292	0.204889	0.00172241
34.1289	53.2696	4.84497	0.00582968
30.9447	52.3495	4.85426	0.0056826
7.464	63.4929	0.0558387	4.57433
8.78345	65.7825	0.0271203	4.57572
5.97957	65.9587	0.0345622	4.63107
6.4478	61.0566	0.118497	0.0780178
7.464	63.4929	0.0558387	4.57433
4.76616	63.4929	0.0696997	0.113553
6.4478	61.0566	0.118497	0.0780178
9.3634	60.8826	0.108679	0.0622692
7.464	63.4929	0.0558387	4.57433
12.3979	60.3349	0.11729	0.066259
10.1618	63.4929	0.0458267	0.0858162
9.3634	60.8826	0.108679	0.0622692
12.8597	63.4929	0.0427432	0.0681886
15.0494	60.8826	0.106086	0.0746365
15.5575	63.4929	0.0470245	0.555159
12.3644	68.2649	0.0100252	0.0489284
13.513	70.6966	0.00514343	0.0288553
11.25	70.3973	0.00686702	0.0362614
16.8484	65.9587	0.0189781	0.106926
14.8915	68.2649	0.00876514	0.0467658
13.846	66.4528	0.0155134	0.0586026
17.4187	68.2649	0.00977095	0.0651277
16.25	70.3973	0.00514713	0.0341158
14.8915	68.2649	0.00876514	0.0467658
19.999	65.078	0.0308772	4.65384
19.0904	66.7823	0.0167158	0.113545
16.8484	65.9587	0.0189781	0.106926
19.193	69.7412	0.00656464	0.0660229
20.0967	72.3429	0.00313076	0.0369819
17.645	72.3429	0.0031702	0.0265139
9.83732	68.2649	0.0129126	0.0705753
8.78345	65.7825	0.0271203	4.57572
11.414	65.9587	0.0205726	0.133702
6.48041	46.2515	4.99229	0.00110141
3.72828	49.3292	4.99012	0.00237487
3.39381	46.2515	4.9949	0.00101049
9.70619	49.8955	4.97997	0.00324427
6.76709	49.3292	4.98761	0.00255827
9.61019	45.6673	4.98731	0.000943723
9.70619	49.8955	4.97997	0.00324427
10.1383	52.3495	4.96274	0.00664224
7.16598	52.3495	4.97125	0.0062506
13.1107	52.3495	4.94449	0.00732164
10.1383	52.3495	4.96274	0.00664224
12.7118	50.0843	4.9647	0.00372566
4.19365	52.3495	4.97629	0.00595371
3.72828	49.3292	4.99012	0.00237487
6.76709	49.3292	4.98761	0.00255827
1.8995	55.2938	4.94992	0.0135487
4.19365	52.3495	4.97629	0.00595371
4.92487	55.4838	4.93329	0.0164677
1.22131	52.3495	4.98014	0.00523152
3.72828	49.3292	4.99012	0.00237487
4.19365	52.3495	4.97629	0.00595371
22.2828	65.9587	0.0213363	4.65626
23.0704	62.1007	0.0764136	0.135158
25.6067	64.7258	0.0287312	4.60385
21.8037	69.5771	0.00677215	4.50607
22.2828	65.9587	0.0213363	4.65626
24.3347	67.1118	0.014147	0.112575
19.999	65.078	0.0308772	4.65384
20.363	63.0044	0.0612671	4.66863
22.2828	65.9587	0.0213363	4.65626
21.8037	69.5771	0.00677215	4.50607
19.193	69.7412	0.00656464	0.0660229
19.0904	66.7823	0.0167158	0.113545
16.8484	65.9587	0.0189781	0.106926
17.5295	61.7527	0.0854036	4.61154
19.999	65.078	0.0308772	4.65384
22.2828	65.9587	0.0213363	4.65626
20.363	63.0044	0.0612671	4.66863
23.0704	62.1007	0.0764136	0.135158
16.25	70.3973	0.00514713	0.0341158
15.1934	72.3429	0.00338535	0.0221948
13.513	70.6966	0.00514343	0.0288553
7.464	63.4929	0.0558387	4.57433
10.1618	63.4929	0.0458267	0.0858162
8.78345	65.7825	0.0271203	4.57572
20.0518	56.4338	4.77772	0.0331442
19.0553	52.3495	0.221591	0.0078094
22.4091	54.0056	0.17631	0.01413
20.3936	58.6582	4.73333	0.0721429
17.2808	59.0298	4.73773	0.0703414
20.0518	56.4338	4.77772	0.0331442
15.0494	60.8826	0.106086	0.0746365
12.8597	63.4929	0.0427432	0.0681886
12.3979	60.3349	0.11729	0.066259
9.3634	60.8826	0.108679	0.0622692
8.66123	58.144	4.80083	0.0323279
11.6319	58.144	3.93195	0.0325298
9.70619	49.8955	4.97997	0.00324427
7.16598	52.3495	4.97125	0.0062506
6.76709	49.3292	4.98761	0.00255827
13.1107	52.3495	4.94449	0.00732164
16.083	52.3495	4.88836	0.00776468
14.2198	55.2938	4.88968	0.0187254
23.0771	56.6239	4.74405	0.0325144
22.4091	54.0056	0.17631	0.01413
26.54	55.2938	0.194837	0.0205142
20.7355	60.8826	0.115404	4.59721
20.3936	58.6582	4.73333	0.0721429
24.0253	59.6046	4.66649	0.0805465
20.0518	56.4338	4.77772	0.0331442
22.4091	54.0056	0.17631	0.01413
23.0771	56.6239	4.74405	0.0325144
20.7355	60.8826	0.115404	4.59721
17.2808	59.0298	4.73773	0.0703414
20.3936	58.6582	4.73333	0.0721429
17.0264	56.2438	4.83401	0.0288401
19.0553	52.3495	0.221591	0.0078094
20.0518	56.4338	4.77772	0.0331442
6.30769	36.8646	4.99251	0.000193314
6.24038	39.6081	4.99226	0.000255078
3.19231	36.8646	4.99693	0.000192038
9.49534	33.1714	4.98735	0.000157716
9.42308	36.8646	4.97914	0.000196761
6.43263	33.3637	4.99494	0.000158529
6.31731	42.7435	4.99293	0.000452824
3.125	40	4.99661	0.000266355
6.24038	39.6081	4.99226	0.000255078
9.4375	42.5475	4.98244	0.000471064
12.5	40	4.93187	0.000284039
12.5577	42.3516	4.95258	0.000460718
6.30769	36.8646	4.99251	0.000193314
9.36058	39.4121	4.97825	0.000259928
6.24038	39.6081	4.99226	0.000255078
9.42308	36.8646	4.97914	0.000196761
12.5385	36.8646	4.93755	0.000195872
9.36058	39.4121	4.97825	0.000259928
15.8122	34.7222	4.90222	0.000163981
12.5385	36.8646	4.93755	0.000195872
12.7112	34.5275	4.95992	0.000166018
9.4375	42.5475	4.98244	0.000471064
12.5577	42.3516	4.95258	0.000460718
9.61019	45.6673	4.98731	0.000943723
6.24038	39.6081	4.99226	0.000255078
9.4375	42.5475	4.98244	0.000471064
6.31731	42.7435	4.99293	0.000452824
9.36058	39.4121	4.97825	0.000259928
12.5	40	4.93187	0.000284039
9.4375	42.5475	4.98244	0.000471064
15.601	39.0202	0.242723	0.000252847
12.5	40	4.93187	0.000284039
12.5385	36.8646	4.93755	0.000195872
15.601	39.0202	0.242723	0.000252847
15.6779	42.1556	4.87512	0.000456323
12.5	40	4.93187	0.000284039
6.48041	46.2515	4.99229	0.00110141
6.76709	49.3292	4.98761	0.00255827
3.72828	49.3292	4.99012	0.00237487
6.31731	42.7435	4.99293	0.000452824
6.48041	46.2515	4.99229	0.00110141
3.39381	46.2515	4.9949	0.00101049
9.61019	45.6673	4.98731	0.000943723
6.76709	49.3292	4.98761	0.00255827
6.48041	46.2515	4.99229	0.00110141
12.7118	50.0843	4.9647	0.00372566
9.70619	49.8955	4.97997	0.00324427
11.1799	48.0735	4.97835	0.00215257
3.19711	42.9395	4.99623	0.000467308
0.076922	43.1354	4.99691	0.000488828
-3.10282e-28	40	4.99761	0.000279143
6.31731	42.7435	4.99293	0.000452824
3.19711	42.9395	4.99623	0.000467308
3.125	40	4.99661	0.000266355
3.39381	46.2515	4.9949	0.00101049
0.307214	46.2515	4.99569	0.000943664
3.19711	42.9395	4.99623	0.000467308
45.0204	55.2938	4.92629	0.00419115
41.9404	55.2938	4.91103	0.00508231
42.834	52.3495	4.9429	0.00206084
48.1005	55.2938	4.9397	0.00332177
45.0204	55.2938	4.92629	0.00419115
45.8487	52.5335	4.95766	0.00179648
44.2548	57.954	4.83252	0.00993826
41.9404	55.2938	4.91103	0.00508231
45.0204	55.2938	4.92629	0.00419115
46.3226	60.8826	0.145748	0.0196579
44.2548	57.954	4.83252	0.00993826
47.2801	58.144	4.85788	0.00794673
41.4664	58.5091	4.78837	0.0135661
38.8603	55.2938	4.89014	0.00615304
41.9404	55.2938	4.91103	0.00508231
27.9723	52.3495	4.8341	0.00674481
28.0388	49.3292	4.88524	0.00255447
30.9447	52.3495	4.85426	0.0056826
19.0553	52.3495	0.221591	0.0078094
21.7285	50.6506	0.22138	0.00435827
22.4091	54.0056	0.17631	0.01413
25	46.2515	4.91241	0.000931274
28.0388	49.3292	4.88524	0.00255447
24.7341	50.8393	4.81698	0.00429231
21.7285	50.6506	0.22138	0.00435827
21.7462	47.598	4.87906	0.00147201
24.7341	50.8393	4.81698	0.00429231
15.6779	42.1556	4.87512	0.000456323
17.2523	44.2036	4.88665	0.00069848
14.1489	44.3016	4.94549	0.000762002
22.0142	44.8882	4.89422	0.000699026
18.8268	46.2515	4.90537	0.00100407
18.7981	41.9596	0.230553	0.000403001
15.8835	49.3292	4.93401	0.00287586
12.6536	46.2515	4.97176	0.00117954
15.7402	46.2515	4.93985	0.00123657
17.0264	56.2438	4.83401	0.0288401
16.083	52.3495	4.88836	0.00776468
19.0553	52.3495	0.221591	0.0078094
4.19365	52.3495	4.97629	0.00595371
7.16598	52.3495	4.97125	0.0062506
4.92487	55.4838	4.93329	0.0164677
21.9183	41.7637	4.84037	0.000382892
25	43.1354	4.89969	0.000466305
22.0142	44.8882	4.89422	0.000699026
28.125	40	4.83372	0.000252529
25	40	4.86143	0.000250502
28.1154	36.8646	4.85063	0.000167933
25	30.6708	4.91565	0.000129013
25.1151	35.3065	0.243114	0.000153705
21.9134	33.7485	0.255029	0.000149581
31.3171	35.696	4.88579	0.000148115
28.0866	33.7485	4.8968	0.000137254
30.9343	31.8249	4.94821	0.000128807
28.1154	36.8646	4.85063	0.000167933
25.1151	35.3065	0.243114	0.000153705
28.0866	33.7485	4.8968	0.000137254
33.7508	28.5944	4.96338	0.000126643
37.1553	30.6708	4.97844	0.000131191
33.997	31.6326	4.96191	0.000130334
21.8846	36.8646	4.79759	0.000183929
21.9014	39.3141	0.233308	0.000250005
18.7212	38.8242	0.204316	0.000241977
28.1154	36.8646	4.85063	0.000167933
25	40	4.86143	0.000250502
25.1151	35.3065	0.243114	0.000153705
28.125	40	4.83372	0.000252529
28.1154	43.1354	4.85028	0.000483074
25	40	4.86143	0.000250502
3.72828	49.3292	4.99012	0.00237487
1.22131	52.3495	4.98014	0.00523152
0.68946	49.3292	4.9915	0.00213369
0.307214	46.2515	4.99569	0.000943664
3.39381	46.2515	4.9949	0.00101049
0.68946	49.3292	4.9915	0.00213369
11.1799	48.0735	4.97835	0.00215257
12.6536	46.2515	4.97176	0.00117954
12.7118	50.0843	4.9647	0.00372566
9.61019	45.6673	4.98731	0.000943723
11.1799	48.0735	4.97835	0.00215257
9.70619	49.8955	4.97997	0.00324427
9.61019	45.6673	4.98731	0.000943723
12.6536	46.2515	4.97176	0.00117954
11.1799	48.0735	4.97835	0.00215257
31.3817	62.6228	0.0392871	4.51689
34.1521	62.7968	0.0466563	4.44179
33.1516	65.9587	0.0166739	0.0645785
26.9568	67.2765	0.0123545	0.0817041
28.4106	64.5496	0.0264982	0.0946626
30.4344	65.9587	0.016206	0.0761933
29.839	59.2394	0.109538	0.056515
33.5519	59.0383	0.122497	0.0383539
31.3817	62.6228	0.0392871	4.51689
28.6113	62.4488	0.0482157	0.0994272
29.839	59.2394	0.109538	0.056515
31.3817	62.6228	0.0392871	4.51689
20.7355	60.8826	0.115404	4.59721
24.0253	59.6046	4.66649	0.0805465
23.0704	62.1007	0.0764136	0.135158
25.6371	53.0665	0.211683	0.0101531
24.7341	50.8393	4.81698	0.00429231
27.9723	52.3495	4.8341	0.00674481
22.4091	54.0056	0.17631	0.01413
25.6371	53.0665	0.211683	0.0101531
26.54	55.2938	0.194837	0.0205142
22.4091	54.0056	0.17631	0.01413
24.7341	50.8393	4.81698	0.00429231
25.6371	53.0665	0.211683	0.0101531
29.6201	55.2938	4.78006	0.0152393
31.8745	54.2817	4.81802	0.0102367
32.1533	57.1939	0.165125	0.0254721
34.2598	46.2515	0.150453	0.000783624
34.3294	43.6157	0.131334	0.000426939
37.3464	46.2515	0.159725	0.000638052
31.1732	46.2515	4.77761	0.00097326
34.2598	46.2515	0.150453	0.000783624
34.1165	49.3292	0.204889	0.00172241
34.2598	46.2515	0.150453	0.000783624
31.226	43.7137	0.18465	0.000511968
34.3294	43.6157	0.131334	0.000426939
35.6527	58.8743	4.67379	0.02661
38.5596	58.6917	4.7551	0.0162003
37.7936	60.8826	0.104477	0.0277017
33.5519	59.0383	0.122497	0.0383539
35.6527	58.8743	4.67379	0.02661
34.9506	60.8826	0.0836126	0.0517186
35.7802	55.2938	4.8468	0.00833534
38.5596	58.6917	4.7551	0.0162003
35.6527	58.8743	4.67379	0.02661
42.43	63.669	0.0535657	4.34666
43.4796	60.8826	0.123425	0.0284531
45.2338	63.4929	0.0688214	0.0437972
6.48041	46.2515	4.99229	0.00110141
6.31731	42.7435	4.99293	0.000452824
9.61019	45.6673	4.98731	0.000943723
0.68946	49.3292	4.9915	0.00213369
3.39381	46.2515	4.9949	0.00101049
3.72828	49.3292	4.99012	0.00237487
0.307214	46.2515	4.99569	0.000943664
0.076922	43.1354	4.99691	0.000488828
3.19711	42.9395	4.99623	0.000467308
6.4478	61.0566	0.118497	0.0780178
4.76616	63.4929	0.0696997	0.113553
3.67737	60.8826	0.151534	4.45142
5.69054	58.144	4.82979	0.0390892
6.4478	61.0566	0.118497	0.0780178
3.67737	60.8826	0.151534	4.45142
9.3634	60.8826	0.108679	0.0622692
10.1618	63.4929	0.0458267	0.0858162
7.464	63.4929	0.0558387	4.57433
14.6026	58.144	4.77826	0.0400593
15.0494	60.8826	0.106086	0.0746365
12.3979	60.3349	0.11729	0.066259
14.2198	55.2938	4.88968	0.0187254
14.6026	58.144	4.77826	0.0400593
11.6319	58.144	3.93195	0.0325298
14.2198	55.2938	4.88968	0.0187254
17.0264	56.2438	4.83401	0.0288401
14.6026	58.144	4.77826	0.0400593
7.464	63.4929	0.0558387	4.57433
5.97957	65.9587	0.0345622	4.63107
4.76616	63.4929	0.0696997	0.113553
11.414	65.9587	0.0205726	0.133702
13.846	66.4528	0.0155134	0.0586026
12.3644	68.2649	0.0100252	0.0489284
10.1618	63.4929	0.0458267	0.0858162
11.414	65.9587	0.0205726	0.133702
8.78345	65.7825	0.0271203	4.57572
12.8597	63.4929	0.0427432	0.0681886
15.5575	63.4929	0.0470245	0.555159
13.846	66.4528	0.0155134	0.0586026
10.1618	63.4929	0.0458267	0.0858162
12.8597	63.4929	0.0427432	0.0681886
11.414	65.9587	0.0205726	0.133702
10.1618	63.4929	0.0458267	0.0858162
12.3979	60.3349	0.11729	0.066259
12.8597	63.4929	0.0427432	0.0681886
9.83732	68.2649	0.0129126	0.0705753
7.31021	68.2649	0.0174371	0.100328
8.78345	65.7825	0.0271203	4.57572
31.8745	54.2817	4.81802	0.0102367
30.9447	52.3495	4.85426	0.0056826
34.1289	53.2696	4.84497	0.00582968
35.7802	55.2938	4.8468	0.00833534
31.8745	54.2817	4.81802	0.0102367
34.1289	53.2696	4.84497	0.00582968
29.6201	55.2938	4.78006	0.0152393
30.9447	52.3495	4.85426	0.0056826
31.8745	54.2817	4.81802	0.0102367
29.839	59.2394	0.109538	0.056515
26.4853	58.144	4.69	0.0514515
29.6201	55.2938	4.78006	0.0152393
33.5519	59.0383	0.122497	0.0383539
29.839	59.2394	0.109538	0.056515
32.1533	57.1939	0.165125	0.0254721
35.7802	55.2938	4.8468	0.00833534
33.5519	59.0383	0.122497	0.0383539
32.1533	57.1939	0.165125	0.0254721
34.9506	60.8826	0.0836126	0.0517186
31.3817	62.6228	0.0392871	4.51689
33.5519	59.0383	0.122497	0.0383539
28.6113	62.4488	0.0482157	0.0994272
26.4215	60.8826	0.0918274	4.53047
29.839	59.2394	0.109538	0.056515
26.54	55.2938	0.194837	0.0205142
27.9723	52.3495	4.8341	0.00674481
29.6201	55.2938	4.78006	0.0152393
25.6371	53.0665	0.211683	0.0101531
27.9723	52.3495	4.8341	0.00674481
26.54	55.2938	0.194837	0.0205142
24.7341	50.8393	4.81698	0.00429231
28.0388	49.3292	4.88524	0.00255447
27.9723	52.3495	4.8341	0.00674481
22.5483	72.3429	0.00303842	0.0387173
23.75	70.3973	0.00526952	0.0590958
25	72.3429	0.00283178	0.0292099
23.0327	74.7883	0.00156544	0.0167285
22.5483	72.3429	0.00303842	0.0387173
25	72.3429	0.00283178	0.0292099
21.4331	74.0896	0.00193489	0.0215223
19.0551	74.0896	0.00206544	0.0199721
20.0967	72.3429	0.00313076	0.0369819
19.0904	66.7823	0.0167158	0.113545
22.2828	65.9587	0.0213363	4.65626
21.8037	69.5771	0.00677215	4.50607
24.3347	67.1118	0.014147	0.112575
23.75	70.3973	0.00526952	0.0590958
21.8037	69.5771	0.00677215	4.50607
27.0253	69.2491	0.00678422	0.0553477
30.0542	68.2649	0.00872616	4.3994
28.75	70.3973	0.00480351	0.0400989
25.6067	64.7258	0.0287312	4.60385
28.4106	64.5496	0.0264982	0.0946626
26.9568	67.2765	0.0123545	0.0817041
22.2828	65.9587	0.0213363	4.65626
25.6067	64.7258	0.0287312	4.60385
24.3347	67.1118	0.014147	0.112575
23.0704	62.1007	0.0764136	0.135158
26.4215	60.8826	0.0918274	4.53047
25.6067	64.7258	0.0287312	4.60385
30.4344	65.9587	0.016206	0.0761933
30.0542	68.2649	0.00872616	4.3994
26.9568	67.2765	0.0123545	0.0817041
28.6113	62.4488	0.0482157	0.0994272
31.3817	62.6228	0.0392871	4.51689
28.4106	64.5496	0.0264982	0.0946626
25.6067	64.7258	0.0287312	4.60385
28.6113	62.4488	0.0482157	0.0994272
28.4106	64.5496	0.0264982	0.0946626
26.4215	60.8826	0.0918274	4.53047
26.4853	58.144	4.69	0.0514515
29.839	59.2394	0.109538	0.056515
25.6067	64.7258	0.0287312	4.60385
26.4215	60.8826	0.0918274	4.53047
28.6113	62.4488	0.0482157	0.0994272
24.0253	59.6046	4.66649	0.0805465
23.0771	56.6239	4.74405	0.0325144
26.4853	58.144	4.69	0.0514515
33.1516	65.9587	0.0166739	0.0645785
34.8233	67.7707	0.0107176	0.0462562
32.2468	68.921	0.00693952	0.044382
31.3817	62.6228	0.0392871	4.51689
33.1516	65.9587	0.0166739	0.0645785
30.4344	65.9587	0.016206	0.0761933
34.1521	62.7968	0.0466563	4.44179
35.8688	65.9587	0.018895	0.0530708
33.1516	65.9587	0.0166739	0.0645785
32.355	72.3429	0.00283867	0.0182355
33.75	70.3973	0.00490911	0.0266889
34.8066	72.3429	0.00320176	0.0172037
29.3832	76.0659	0.00114981	0.00835289
28.5669	74.0896	0.00175161	0.013852
30.9297	73.8705	0.00189418	0.0131546
31.0572	70.658	0.00431163	0.0327281
33.75	70.3973	0.00490911	0.0266889
32.355	72.3429	0.00283867	0.0182355
29.9033	72.3429	0.00274965	0.0211757
31.0572	70.658	0.00431163	0.0327281
32.355	72.3429	0.00283867	0.0182355
28.4106	64.5496	0.0264982	0.0946626
31.3817	62.6228	0.0392871	4.51689
30.4344	65.9587	0.016206	0.0761933
24.3347	67.1118	0.014147	0.112575
25.6067	64.7258	0.0287312	4.60385
26.9568	67.2765	0.0123545	0.0817041
23.0704	62.1007	0.0764136	0.135158
24.0253	59.6046	4.66649	0.0805465
26.4215	60.8826	0.0918274	4.53047
30.4344	65.9587	0.016206	0.0761933
32.2468	68.921	0.00693952	0.044382
30.0542	68.2649	0.00872616	4.3994
34.8233	67.7707	0.0107176	0.0462562
33.75	70.3973	0.00490911	0.0266889
32.2468	68.921	0.00693952	0.044382
43.2329	49.3292	4.9288	0.000896316
40.1224	48.7521	4.85656	0.000893225
40.433	46.2515	4.79417	0.000498325
48.7787	52.3495	4.96508	0.00143504
45.8487	52.5335	4.95766	0.00179648
46.2717	49.3292	4.95688	0.000763422
42.834	52.3495	4.9429	0.00206084
40.1224	48.7521	4.85656	0.000893225
43.2329	49.3292	4.9288	0.000896316
47.2801	58.144	4.85788	0.00794673
44.2548	57.954	4.83252	0.00993826
45.0204	55.2938	4.92629	0.00419115
38.8603	55.2938	4.89014	0.00615304
35.7802	55.2938	4.8468	0.00833534
36.7564	51.5944	4.84922	0.00261193
41.9404	55.2938	4.91103	0.00508231
38.8603	55.2938	4.89014	0.00615304
39.8617	52.3495	4.91018	0.00255974
45.8487	52.5335	4.95766	0.00179648
45.0204	55.2938	4.92629	0.00419115
42.834	52.3495	4.9429	0.00206084
41.4664	58.5091	4.78837	0.0135661
40.6366	60.8826	0.115069	0.0285824
38.5596	58.6917	4.7551	0.0162003
44.2548	57.954	4.83252	0.00993826
41.4664	58.5091	4.78837	0.0135661
41.9404	55.2938	4.91103	0.00508231
44.2548	57.954	4.83252	0.00993826
43.4796	60.8826	0.123425	0.0284531
41.4664	58.5091	4.78837	0.0135661
38.5596	58.6917	4.7551	0.0162003
35.7802	55.2938	4.8468	0.00833534
38.8603	55.2938	4.89014	0.00615304
6.31731	42.7435	4.99293	0.000452824
3.39381	46.2515	4.9949	0.00101049
3.19711	42.9395	4.99623	0.000467308
45.8487	52.5335	4.95766	0.00179648
42.834	52.3495	4.9429	0.00206084
43.2329	49.3292	4.9288	0.000896316
48.1005	55.2938	4.9397	0.00332177
45.8487	52.5335	4.95766	0.00179648
48.7787	52.3495	4.96508	0.00143504
48.1005	55.2938	4.9397	0.00332177
47.2801	58.144	4.85788	0.00794673
45.0204	55.2938	4.92629	0.00419115
37.7936	60.8826	0.104477	0.0277017
38.5596	58.6917	4.7551	0.0162003
40.6366	60.8826	0.115069	0.0285824
41.3032	65.9587	0.0263004	0.0417728
39.6261	63.8451	0.0437636	0.0403258
42.43	63.669	0.0535657	4.34666
34.9506	60.8826	0.0836126	0.0517186
35.6527	58.8743	4.67379	0.02661
37.7936	60.8826	0.104477	0.0277017
31.3817	62.6228	0.0392871	4.51689
34.9506	60.8826	0.0836126	0.0517186
34.1521	62.7968	0.0466563	4.44179
33.5519	59.0383	0.122497	0.0383539
35.7802	55.2938	4.8468	0.00833534
35.6527	58.8743	4.67379	0.02661
31.8745	54.2817	4.81802	0.0102367
35.7802	55.2938	4.8468	0.00833534
32.1533	57.1939	0.165125	0.0254721
34.1165	49.3292	0.204889	0.00172241
34.2598	46.2515	0.150453	0.000783624
37.0597	48.5598	0.198457	0.0011706
28.0388	49.3292	4.88524	0.00255447
31.0776	49.3292	4.83788	0.00234442
30.9447	52.3495	4.85426	0.0056826
28.0388	49.3292	4.88524	0.00255447
25	46.2515	4.91241	0.000931274
28.0866	46.2515	4.885	0.00101022
36.7564	51.5944	4.84922	0.00261193
35.7802	55.2938	4.8468	0.00833534
34.1289	53.2696	4.84497	0.00582968
30.9447	52.3495	4.85426	0.0056826
31.0776	49.3292	4.83788	0.00234442
34.1165	49.3292	0.204889	0.00172241
40.1224	48.7521	4.85656	0.000893225
42.834	52.3495	4.9429	0.00206084
39.8617	52.3495	4.91018	0.00255974
39.8617	52.3495	4.91018	0.00255974
42.834	52.3495	4.9429	0.00206084
41.9404	55.2938	4.91103	0.00508231
36.7564	51.5944	4.84922	0.00261193
39.8617	52.3495	4.91018	0.00255974
38.8603	55.2938	4.89014	0.00615304
36.7564	51.5944	4.84922	0.00261193
40.1224	48.7521	4.85656	0.000893225
39.8617	52.3495	4.91018	0.00255974
18.9224	49.3292	4.86277	0.00266247
19.0553	52.3495	0.221591	0.0078094
16.083	52.3495	4.88836	0.00776468
15.7402	46.2515	4.93985	0.00123657
18.8268	46.2515	4.90537	0.00100407
15.8835	49.3292	4.93401	0.00287586
21.7462	47.598	4.87906	0.00147201
25	46.2515	4.91241	0.000931274
24.7341	50.8393	4.81698	0.00429231
22.0108	14.5924	0.163313	0.000126116
19.9458	11.7351	0.121936	0.00012645
23.0432	12.7235	0.130456	0.000125783
17.645	7.6571	0.0675885	0.000127156
18.75	9.60269	0.0943559	0.000126796
16.5822	10.0948	4.65303	0.00012532
14.9215	7.36598	0.0759247	0.000127668
17.645	7.6571	0.0675885	0.000127156
16.5822	10.0948	4.65303	0.00012532
16.6772	5.91038	0.0454108	0.00012742
19.0551	5.91038	0.0358393	0.000127109
17.645	7.6571	0.0675885	0.000127156
20.0967	7.6571	0.0487645	0.00012675
21.25	9.60269	0.067454	0.000126313
18.75	9.60269	0.0943559	0.000126796
17.645	7.6571	0.0675885	0.000127156
19.0551	5.91038	0.0358393	0.000127109
20.0967	7.6571	0.0487645	0.00012675
24.1844	6.78374	0.0392393	0.00012637
26.189	5.91038	0.0346825	0.000126327
25.4207	8.55507	0.0724361	0.000125871
28.5669	5.91038	0.0389861	0.000126057
31.8199	4.37335	0.0279756	0.000125869
31.1316	6.34706	0.0459058	0.000125639
26.9661	0.123895	0.012431	0.00012701
28.4094	2.238	0.0163377	0.000126679
26.0648	3.0556	0.0171445	0.000126859
28.9198	0.494728	0.014789	0.000126727
30.8485	1.10996	0.0171116	0.00012641
28.4094	2.238	0.0163377	0.000126679
31.25	9.60269	0.123214	0.000125165
33.75	9.60269	0.10443	0.000125052
32.5813	11.7351	4.74761	0.0001231
30.9096	13.2177	4.84744	0.000123098
29.636	10.915	4.72726	0.000123161
32.5813	11.7351	4.74761	0.0001231
32.355	7.6571	0.0642969	0.000125305
33.4473	6.2015	0.0427943	0.00012537
34.9468	7.95642	0.0659888	0.000125064
29.9033	7.6571	0.0694757	0.000125553
32.355	7.6571	0.0642969	0.000125305
31.25	9.60269	0.123214	0.000125165
31.1316	6.34706	0.0459058	0.000125639
31.8199	4.37335	0.0279756	0.000125869
33.4473	6.2015	0.0427943	0.00012537
29.9033	7.6571	0.0694757	0.000125553
31.1316	6.34706	0.0459058	0.000125639
32.355	7.6571	0.0642969	0.000125305
29.9033	7.6571	0.0694757	0.000125553
28.5669	5.91038	0.0389861	0.000126057
31.1316	6.34706	0.0459058	0.000125639
28.5669	5.91038	0.0389861	0.000126057
29.9033	7.6571	0.0694757	0.000125553
27.8022	8.40541	0.0869378	0.00012563
25	4.37335	0.0220707	0.000126749
27.2733	4.37335	0.0245078	0.00012651
26.189	5.91038	0.0346825	0.000126327
27.2733	4.37335	0.0245078	0.00012651
30.3241	3.0556	0.0201438	0.000126301
28.5669	5.91038	0.0389861	0.000126057
31.1316	6.34706	0.0459058	0.000125639
33.4473	6.2015	0.0427943	0.00012537
32.355	7.6571	0.0642969	0.000125305
27.2733	4.37335	0.0245078	0.00012651
28.4094	2.238	0.0163377	0.000126679
30.3241	3.0556	0.0201438	0.000126301
26.189	5.91038	0.0346825	0.000126327
27.2733	4.37335	0.0245078	0.00012651
28.5669	5.91038	0.0389861	0.000126057
26.0648	3.0556	0.0171445	0.000126859
28.4094	2.238	0.0163377	0.000126679
27.2733	4.37335	0.0245078	0.00012651
29.636	10.915	4.72726	0.000123161
29.9033	7.6571	0.0694757	0.000125553
31.25	9.60269	0.123214	0.000125165
25.4207	8.55507	0.0724361	0.000125871
27.8022	8.40541	0.0869378	0.00012563
27.0253	10.7509	4.67985	0.000123393
25.4207	8.55507	0.0724361	0.000125871
26.189	5.91038	0.0346825	0.000126327
27.8022	8.40541	0.0869378	0.00012563
26.3489	16.5071	4.87602	0.000123484
24.3933	15.2742	0.210379	0.00012564
25.6653	12.8882	4.73577	0.000123388
30.3241	3.0556	0.0201438	0.000126301
31.8199	4.37335	0.0279756	0.000125869
28.5669	5.91038	0.0389861	0.000126057
30.8485	1.10996	0.0171116	0.00012641
30.3241	3.0556	0.0201438	0.000126301
28.4094	2.238	0.0163377	0.000126679
30.8485	1.10996	0.0171116	0.00012641
32.7403	1.96546	0.0209717	0.000126016
30.3241	3.0556	0.0201438	0.000126301
30.3241	3.0556	0.0201438	0.000126301
32.7403	1.96546	0.0209717	0.000126016
31.8199	4.37335	0.0279756	0.000125869
23.9352	3.0556	0.0163501	0.00012704
25	4.37335	0.0220707	0.000126749
22.7267	4.37335	0.0209061	0.000126953
26.9661	0.123895	0.012431	0.00012701
26.0648	3.0556	0.0171445	0.000126859
25.0248	1.47661	0.0133325	0.000127107
26.9661	0.123895	0.012431	0.00012701
28.9198	0.494728	0.014789	0.000126727
28.4094	2.238	0.0163377	0.000126679
25.0248	1.47661	0.0133325	0.000127107
25	-8.70219e-28	0.0124521	0.000127151
26.9661	0.123895	0.012431	0.00012701
23.9352	3.0556	0.0163501	0.00012704
25.0248	1.47661	0.0133325	0.000127107
26.0648	3.0556	0.0171445	0.000126859
23.9352	3.0556	0.0163501	0.00012704
23.0835	1.59882	0.0134668	0.000127226
25.0248	1.47661	0.0133325	0.000127107
32.7403	1.96546	0.0209717	0.000126016
34.5833	3.0556	0.0262811	0.000125587
31.8199	4.37335	0.0279756	0.000125869
25	4.37335	0.0220707	0.000126749
26.0648	3.0556	0.0171445	0.000126859
27.2733	4.37335	0.0245078	0.00012651
24.1844	6.78374	0.0392393	0.00012637
25	4.37335	0.0220707	0.000126749
26.189	5.91038	0.0346825	0.000126327
23.9352	3.0556	0.0163501	0.00012704
26.0648	3.0556	0.0171445	0.000126859
25	4.37335	0.0220707	0.000126749
21.913	2.6468	0.0156314	0.000127219
23.9352	3.0556	0.0163501	0.00012704
22.7267	4.37335	0.0209061	0.000126953
23.0835	1.59882	0.0134668	0.000127226
23.0339	0.123895	0.0124116	0.000127272
25.0248	1.47661	0.0133325	0.000127107
21.913	2.6468	0.0156314	0.000127219
23.0835	1.59882	0.0134668	0.000127226
23.9352	3.0556	0.0163501	0.00012704
21.4331	5.91038	0.0298235	0.00012683
20.4534	4.37335	0.0227494	0.000127138
22.7267	4.37335	0.0209061	0.000126953
19.7476	2.78306	0.0183492	0.000127319
21.0802	0.494728	0.0134124	0.000127347
21.913	2.6468	0.0156314	0.000127219
23.0339	0.123895	0.0124116	0.000127272
25	-8.70219e-28	0.0124521	0.000127151
25.0248	1.47661	0.0133325	0.000127107
33.4473	6.2015	0.0427943	0.00012537
34.5833	3.0556	0.0262811	0.000125587
35.7008	5.91038	0.0442235	0.000125134
36.3664	4.37335	0.0388392	0.000125207
35.7008	5.91038	0.0442235	0.000125134
34.5833	3.0556	0.0262811	0.000125587
23.5785	19.1174	4.905	0.000124538
26.3489	16.5071	4.87602	0.000123484
26.4215	19.1174	4.93752	0.000123944
23.0771	23.3761	4.97181	0.000126117
25.3391	26.1784	4.96749	0.000125762
22.0277	27.6505	4.96663	0.000129308
29.636	10.915	4.72726	0.000123161
27.8022	8.40541	0.0869378	0.00012563
29.9033	7.6571	0.0694757	0.000125553
29.636	10.915	4.72726	0.000123161
27.0253	10.7509	4.67985	0.000123393
27.8022	8.40541	0.0869378	0.00012563
32.5813	11.7351	4.74761	0.0001231
29.636	10.915	4.72726	0.000123161
31.25	9.60269	0.123214	0.000125165
28.2875	13.053	4.82969	0.000123123
27.0253	10.7509	4.67985	0.000123393
29.636	10.915	4.72726	0.000123161
23.0432	12.7235	0.130456	0.000125783
25.6653	12.8882	4.73577	0.000123388
24.3933	15.2742	0.210379	0.00012564
24.4145	10.5869	0.109394	0.000125681
25.4207	8.55507	0.0724361	0.000125871
27.0253	10.7509	4.67985	0.000123393
23.0432	12.7235	0.130456	0.000125783
24.4145	10.5869	0.109394	0.000125681
25.6653	12.8882	4.73577	0.000123388
23.0432	12.7235	0.130456	0.000125783
21.25	9.60269	0.067454	0.000126313
24.4145	10.5869	0.109394	0.000125681
24.1844	6.78374	0.0392393	0.00012637
22.5483	7.6571	0.0434922	0.000126397
21.4331	5.91038	0.0298235	0.00012683
25	4.37335	0.0220707	0.000126749
24.1844	6.78374	0.0392393	0.00012637
22.7267	4.37335	0.0209061	0.000126953
25.4207	8.55507	0.0724361	0.000125871
24.4145	10.5869	0.109394	0.000125681
22.5483	7.6571	0.0434922	0.000126397
24.4145	10.5869	0.109394	0.000125681
21.25	9.60269	0.067454	0.000126313
22.5483	7.6571	0.0434922	0.000126397
19.5656	14.0413	0.180552	0.00012667
20.9532	16.5071	0.22032	0.000126696
18.2554	16.5071	4.85785	0.000125563
19.9458	11.7351	0.121936	0.00012645
19.5656	14.0413	0.180552	0.00012667
17.7988	12.3941	4.73079	0.000125034
18.75	9.60269	0.0943559	0.000126796
19.9458	11.7351	0.121936	0.00012645
17.7988	12.3941	4.73079	0.000125034
21.25	9.60269	0.067454	0.000126313
23.0432	12.7235	0.130456	0.000125783
19.9458	11.7351	0.121936	0.00012645
22.0108	14.5924	0.163313	0.000126116
20.9532	16.5071	0.22032	0.000126696
19.5656	14.0413	0.180552	0.00012667
19.9458	11.7351	0.121936	0.00012645
22.0108	14.5924	0.163313	0.000126116
19.5656	14.0413	0.180552	0.00012667
23.0432	12.7235	0.130456	0.000125783
24.3933	15.2742	0.210379	0.00012564
22.0108	14.5924	0.163313	0.000126116
17.7548	18.7251	4.93054	0.000126521
20.7355	19.1174	4.90293	0.00012552
17.2541	20.9431	4.96707	0.000127805
16.8484	14.0413	4.83146	0.00012548
18.2554	16.5071	4.85785	0.000125563
15.9817	15.8026	4.90149	0.000126145
20.9532	16.5071	0.22032	0.000126696
20.7355	19.1174	4.90293	0.00012552
18.2554	16.5071	4.85785	0.000125563
14.9215	7.36598	0.0759247	0.000127668
16.5822	10.0948	4.65303	0.00012532
13.513	9.30337	0.132014	0.000128014
12.6058	7.51154	0.0888599	0.000128065
14.9215	7.36598	0.0759247	0.000127668
13.513	9.30337	0.132014	0.000128014
13.6336	4.37335	0.0450818	0.000127731
15.4167	3.0556	0.0306763	0.000127545
16.6772	5.91038	0.0454108	0.00012742
19.7476	2.78306	0.0183492	0.000127319
19.1515	1.10996	0.0169835	0.000127373
21.0802	0.494728	0.0134124	0.000127347
20.4534	4.37335	0.0227494	0.000127138
19.0551	5.91038	0.0358393	0.000127109
18.1801	4.37335	0.0278447	0.000127332
21.913	2.6468	0.0156314	0.000127219
20.4534	4.37335	0.0227494	0.000127138
19.7476	2.78306	0.0183492	0.000127319
21.4331	5.91038	0.0298235	0.00012683
19.0551	5.91038	0.0358393	0.000127109
20.4534	4.37335	0.0227494	0.000127138
24.1844	6.78374	0.0392393	0.00012637
21.4331	5.91038	0.0298235	0.00012683
22.7267	4.37335	0.0209061	0.000126953
20.0967	7.6571	0.0487645	0.00012675
19.0551	5.91038	0.0358393	0.000127109
21.4331	5.91038	0.0298235	0.00012683
20.4534	4.37335	0.0227494	0.000127138
18.1801	4.37335	0.0278447	0.000127332
19.7476	2.78306	0.0183492	0.000127319
23.0835	1.59882	0.0134668	0.000127226
21.0802	0.494728	0.0134124	0.000127347
23.0339	0.123895	0.0124116	0.000127272
27.8022	8.40541	0.0869378	0.00012563
26.189	5.91038	0.0346825	0.000126327
28.5669	5.91038	0.0389861	0.000126057
25.6653	12.8882	4.73577	0.000123388
24.4145	10.5869	0.109394	0.000125681
27.0253	10.7509	4.67985	0.000123393
22.5483	7.6571	0.0434922	0.000126397
20.0967	7.6571	0.0487645	0.00012675
21.4331	5.91038	0.0298235	0.00012683
25.4207	8.55507	0.0724361	0.000125871
22.5483	7.6571	0.0434922	0.000126397
24.1844	6.78374	0.0392393	0.00012637
21.25	9.60269	0.067454	0.000126313
20.0967	7.6571	0.0487645	0.00012675
22.5483	7.6571	0.0434922	0.000126397
14.9215	7.36598	0.0759247	0.000127668
16.6772	5.91038	0.0454108	0.00012742
17.645	7.6571	0.0675885	0.000127156
21.913	2.6468	0.0156314	0.000127219
21.0802	0.494728	0.0134124	0.000127347
23.0835	1.59882	0.0134668	0.000127226
37.3284	7.80676	0.0709308	0.000124961
38.0788	5.91038	0.0560955	0.000124969
39.7099	7.6571	0.0911368	0.000124995
33.4473	6.2015	0.0427943	0.00012537
35.7008	5.91038	0.0442235	0.000125134
34.9468	7.95642	0.0659888	0.000125064
33.75	9.60269	0.10443	0.000125052
32.355	7.6571	0.0642969	0.000125305
34.9468	7.95642	0.0659888	0.000125064
31.8199	4.37335	0.0279756	0.000125869
34.5833	3.0556	0.0262811	0.000125587
33.4473	6.2015	0.0427943	0.00012537
36.3664	4.37335	0.0388392	0.000125207
38.0788	5.91038	0.0560955	0.000124969
35.7008	5.91038	0.0442235	0.000125134
19.7476	2.78306	0.0183492	0.000127319
17.2597	1.96546	0.0219876	0.000127439
19.1515	1.10996	0.0169835	0.000127373
18.1801	4.37335	0.0278447	0.000127332
16.6772	5.91038	0.0454108	0.00012742
15.4167	3.0556	0.0306763	0.000127545
19.7476	2.78306	0.0183492	0.000127319
18.1801	4.37335	0.0278447	0.000127332
17.2597	1.96546	0.0219876	0.000127439
19.0551	5.91038	0.0358393	0.000127109
16.6772	5.91038	0.0454108	0.00012742
18.1801	4.37335	0.0278447	0.000127332
21.913	2.6468	0.0156314	0.000127219
22.7267	4.37335	0.0209061	0.000126953
20.4534	4.37335	0.0227494	0.000127138
20.0967	7.6571	0.0487645	0.00012675
18.75	9.60269	0.0943559	0.000126796
17.645	7.6571	0.0675885	0.000127156
14.9215	7.36598	0.0759247	0.000127668
13.6336	4.37335	0.0450818	0.000127731
16.6772	5.91038	0.0454108	0.00012742
32.355	7.6571	0.0642969	0.000125305
33.75	9.60269	0.10443	0.000125052
31.25	9.60269	0.123214	0.000125165
38.0788	5.91038	0.0560955	0.000124969
37.3284	7.80676	0.0709308	0.000124961
35.7008	5.91038	0.0442235	0.000125134
38.75	9.60269	0.120188	0.000125128
41.25	9.60269	0.165412	0.000125397
40.1627	11.7351	4.79298	0.000123793
36.25	9.60269	0.098497	0.000125032
38.75	9.60269	0.120188	0.000125128
37.4683	11.4071	0.172326	0.000125309
39.7099	7.6571	0.0911368	0.000124995
41.25	9.60269	0.165412	0.000125397
38.75	9.60269	0.120188	0.000125128
15.4167	3.0556	0.0306763	0.000127545
17.2597	1.96546	0.0219876	0.000127439
18.1801	4.37335	0.0278447	0.000127332
44.0204	14.0413	4.94358	0.000125614
41.2166	14.2175	4.91828	0.000124941
42.6898	11.7351	4.8641	0.000124275
14.9215	7.36598	0.0759247	0.000127668
12.6058	7.51154	0.0888599	0.000128065
13.6336	4.37335	0.0450818	0.000127731
15.1767	12.2293	4.80775	0.000125773
12.5545	12.0646	4.82329	0.000126546
13.513	9.30337	0.132014	0.000128014
16.5822	10.0948	4.65303	0.00012532
17.7988	12.3941	4.73079	0.000125034
15.1767	12.2293	4.80775	0.000125773
14.1312	14.0413	4.88913	0.000126382
12.5545	12.0646	4.82329	0.000126546
15.1767	12.2293	4.80775	0.000125773
15.9817	15.8026	4.90149	0.000126145
14.7591	18.4213	4.95807	0.000127557
13.1778	15.9788	4.9394	0.000127232
16.5822	10.0948	4.65303	0.00012532
18.75	9.60269	0.0943559	0.000126796
17.7988	12.3941	4.73079	0.000125034
22.0108	14.5924	0.163313	0.000126116
24.3933	15.2742	0.210379	0.00012564
20.9532	16.5071	0.22032	0.000126696
11.4404	21.3083	4.98745	0.000130536
12.2064	19.1174	4.97621	0.000128911
14.6026	21.856	4.98243	0.000129588
8.66123	21.856	4.99238	0.000131977
11.4404	21.3083	4.98745	0.000130536
10.9756	24.1362	4.99315	0.000133096
8.66123	21.856	4.99238	0.000131977
9.3634	19.1174	4.98343	0.00012997
11.4404	21.3083	4.98745	0.000130536
6.52038	19.1174	4.98824	0.000130851
7.464	16.5071	4.97274	0.000129311
9.3634	19.1174	4.98343	0.00012997
3.67737	19.1174	4.99148	0.000131561
6.52038	19.1174	4.98824	0.000130851
5.62671	21.6734	4.99449	0.000132779
3.67737	19.1174	4.99148	0.000131561
4.76616	16.5071	4.98068	0.000129952
6.52038	19.1174	4.98824	0.000130851
10.1618	16.5071	4.9626	0.000128498
12.2064	19.1174	4.97621	0.000128911
9.3634	19.1174	4.98343	0.00012997
5.97957	14.0413	4.95472	0.000128696
8.69678	14.0413	4.93349	0.000128085
7.464	16.5071	4.97274	0.000129311
11.414	14.0413	4.9126	0.000127291
13.1778	15.9788	4.9394	0.000127232
10.1618	16.5071	4.9626	0.000128498
15.1767	12.2293	4.80775	0.000125773
16.8484	14.0413	4.83146	0.00012548
14.1312	14.0413	4.88913	0.000126382
6.52038	19.1174	4.98824	0.000130851
9.3634	19.1174	4.98343	0.00012997
8.66123	21.856	4.99238	0.000131977
14.7591	18.4213	4.95807	0.000127557
12.2064	19.1174	4.97621	0.000128911
13.1778	15.9788	4.9394	0.000127232
14.7591	18.4213	4.95807	0.000127557
14.6026	21.856	4.98243	0.000129588
12.2064	19.1174	4.97621	0.000128911
12.6058	7.51154	0.0888599	0.000128065
11.9212	5.91038	0.0745817	0.000128016
13.6336	4.37335	0.0450818	0.000127731
11.25	9.60269	0.151788	0.000128557
12.6058	7.51154	0.0888599	0.000128065
13.513	9.30337	0.132014	0.000128014
10.2901	7.6571	0.114076	0.000128439
11.9212	5.91038	0.0745817	0.000128016
12.6058	7.51154	0.0888599	0.000128065
41.2166	14.2175	4.91828	0.000124941
40.1627	11.7351	4.79298	0.000123793
42.6898	11.7351	4.8641	0.000124275
35.1085	11.7351	0.177345	0.000125159
37.4683	11.4071	0.172326	0.000125309
35.6088	14.5697	4.87142	0.000123801
33.1516	14.0413	4.86638	0.000123323
35.1085	11.7351	0.177345	0.000125159
35.6088	14.5697	4.87142	0.000123801
32.5813	11.7351	4.74761	0.0001231
33.75	9.60269	0.10443	0.000125052
35.1085	11.7351	0.177345	0.000125159
37.3284	7.80676	0.0709308	0.000124961
39.7099	7.6571	0.0911368	0.000124995
38.75	9.60269	0.120188	0.000125128
36.25	9.60269	0.098497	0.000125032
37.3284	7.80676	0.0709308	0.000124961
38.75	9.60269	0.120188	0.000125128
35.1085	11.7351	0.177345	0.000125159
36.25	9.60269	0.098497	0.000125032
37.4683	11.4071	0.172326	0.000125309
34.9468	7.95642	0.0659888	0.000125064
37.3284	7.80676	0.0709308	0.000124961
36.25	9.60269	0.098497	0.000125032
34.9468	7.95642	0.0659888	0.000125064
35.7008	5.91038	0.0442235	0.000125134
37.3284	7.80676	0.0709308	0.000124961
42.536	16.5071	4.96558	0.000126534
44.0204	14.0413	4.94358	0.000125614
45.2338	16.5071	4.97582	0.000127358
38.4127	14.3936	4.8857	0.000124318
41.2166	14.2175	4.91828	0.000124941
39.693	16.8552	4.95624	0.000125763
38.4127	14.3936	4.8857	0.000124318
37.4683	11.4071	0.172326	0.000125309
40.1627	11.7351	4.79298	0.000123793
10.2901	7.6571	0.114076	0.000128439
12.6058	7.51154	0.0888599	0.000128065
11.25	9.60269	0.151788	0.000128557
28.2875	13.053	4.82969	0.000123123
30.001	14.922	4.90076	0.000123185
26.3489	16.5071	4.87602	0.000123484
35.1085	11.7351	0.177345	0.000125159
33.1516	14.0413	4.86638	0.000123323
32.5813	11.7351	4.74761	0.0001231
30.001	14.922	4.90076	0.000123185
28.6113	17.5512	4.93391	0.000123478
26.3489	16.5071	4.87602	0.000123484
30.9096	13.2177	4.84744	0.000123098
30.001	14.922	4.90076	0.000123185
28.2875	13.053	4.82969	0.000123123
29.636	10.915	4.72726	0.000123161
30.9096	13.2177	4.84744	0.000123098
28.2875	13.053	4.82969	0.000123123
32.5813	11.7351	4.74761	0.0001231
33.1516	14.0413	4.86638	0.000123323
30.9096	13.2177	4.84744	0.000123098
31.7446	16.5071	4.93412	0.000123549
28.6113	17.5512	4.93391	0.000123478
30.001	14.922	4.90076	0.000123185
34.4425	16.5071	4.93464	0.00012405
31.7446	16.5071	4.93412	0.000123549
33.1516	14.0413	4.86638	0.000123323
34.4425	16.5071	4.93464	0.00012405
34.9506	19.1174	4.96938	0.000124948
32.1075	19.1174	4.96466	0.000124078
37.1403	16.5071	4.93907	0.00012479
34.4425	16.5071	4.93464	0.00012405
35.6088	14.5697	4.87142	0.000123801
37.1403	16.5071	4.93907	0.00012479
37.7936	19.1174	4.97347	0.000126075
34.9506	19.1174	4.96938	0.000124948
11.414	14.0413	4.9126	0.000127291
14.1312	14.0413	4.88913	0.000126382
13.1778	15.9788	4.9394	0.000127232
8.69678	14.0413	4.93349	0.000128085
9.93237	11.8999	4.84472	0.000127223
11.414	14.0413	4.9126	0.000127291
11.25	9.60269	0.151788	0.000128557
13.513	9.30337	0.132014	0.000128014
12.5545	12.0646	4.82329	0.000126546
10.2901	7.6571	0.114076	0.000128439
11.25	9.60269	0.151788	0.000128557
8.74996	9.60269	0.187931	0.000129011
13.513	9.30337	0.132014	0.000128014
16.5822	10.0948	4.65303	0.00012532
15.1767	12.2293	4.80775	0.000125773
9.93237	11.8999	4.84472	0.000127223
11.25	9.60269	0.151788	0.000128557
12.5545	12.0646	4.82329	0.000126546
11.414	14.0413	4.9126	0.000127291
9.93237	11.8999	4.84472	0.000127223
12.5545	12.0646	4.82329	0.000126546
8.69678	14.0413	4.93349	0.000128085
7.31021	11.7351	4.88846	0.000127716
9.93237	11.8999	4.84472	0.000127223
37.4683	11.4071	0.172326	0.000125309
38.4127	14.3936	4.8857	0.000124318
35.6088	14.5697	4.87142	0.000123801
42.536	16.5071	4.96558	0.000126534
43.4158	19.3	4.98606	0.000128529
40.5089	19.4825	4.98156	0.000127467
44.0204	14.0413	4.94358	0.000125614
42.536	16.5071	4.96558	0.000126534
41.2166	14.2175	4.91828	0.000124941
45.2338	16.5071	4.97582	0.000127358
43.4158	19.3	4.98606	0.000128529
42.536	16.5071	4.96558	0.000126534
40.5089	19.4825	4.98156	0.000127467
41.2294	22.236	4.99131	0.000129271
38.204	22.4261	4.98786	0.000127697
42.536	16.5071	4.96558	0.000126534
40.5089	19.4825	4.98156	0.000127467
39.693	16.8552	4.95624	0.000125763
43.4158	19.3	4.98606	0.000128529
41.2294	22.236	4.99131	0.000129271
40.5089	19.4825	4.98156	0.000127467
47.2801	21.856	4.99505	0.000131285
44.3095	21.856	4.99343	0.000130424
46.3226	19.1174	4.98945	0.000129314
38.4127	14.3936	4.8857	0.000124318
37.1403	16.5071	4.93907	0.00012479
35.6088	14.5697	4.87142	0.000123801
40.1627	11.7351	4.79298	0.000123793
41.2166	14.2175	4.91828	0.000124941
38.4127	14.3936	4.8857	0.000124318
38.75	9.60269	0.120188	0.000125128
40.1627	11.7351	4.79298	0.000123793
37.4683	11.4071	0.172326	0.000125309
41.25	9.60269	0.165412	0.000125397
42.6898	11.7351	4.8641	0.000124275
40.1627	11.7351	4.79298	0.000123793
39.693	16.8552	4.95624	0.000125763
37.1403	16.5071	4.93907	0.00012479
38.4127	14.3936	4.8857	0.000124318
40.5089	19.4825	4.98156	0.000127467
37.7936	19.1174	4.97347	0.000126075
39.693	16.8552	4.95624	0.000125763
28.8815	20.2128	4.96079	0.000123832
29.1279	22.9961	4.96008	0.000124185
26.1025	23.1861	4.96789	0.000124711
32.1075	19.1174	4.96466	0.000124078
34.9506	19.1174	4.96938	0.000124948
32.4267	21.856	4.9724	0.000124638
28.8815	20.2128	4.96079	0.000123832
32.1075	19.1174	4.96466	0.000124078
32.4267	21.856	4.9724	0.000124638
31.7446	16.5071	4.93412	0.000123549
34.4425	16.5071	4.93464	0.00012405
32.1075	19.1174	4.96466	0.000124078
28.6113	17.5512	4.93391	0.000123478
31.7446	16.5071	4.93412	0.000123549
32.1075	19.1174	4.96466	0.000124078
11.414	14.0413	4.9126	0.000127291
12.5545	12.0646	4.82329	0.000126546
14.1312	14.0413	4.88913	0.000126382
12.2064	19.1174	4.97621	0.000128911
10.1618	16.5071	4.9626	0.000128498
13.1778	15.9788	4.9394	0.000127232
9.93237	11.8999	4.84472	0.000127223
8.74996	9.60269	0.187931	0.000129011
11.25	9.60269	0.151788	0.000128557
43.4158	19.3	4.98606	0.000128529
45.2338	16.5071	4.97582	0.000127358
46.3226	19.1174	4.98945	0.000129314
33.1516	14.0413	4.86638	0.000123323
35.6088	14.5697	4.87142	0.000123801
34.4425	16.5071	4.93464	0.00012405
36.25	9.60269	0.098497	0.000125032
33.75	9.60269	0.10443	0.000125052
34.9468	7.95642	0.0659888	0.000125064
21.9134	33.7485	0.255029	0.000149581
18.9132	34.917	4.85173	0.000162922
18.6835	32.5943	4.91423	0.000146094
25	30.6708	4.91565	0.000129013
21.9134	33.7485	0.255029	0.000149581
21.9612	30.6708	4.91743	0.000134329
21.8846	36.8646	4.79759	0.000183929
18.9132	34.917	4.85173	0.000162922
21.9134	33.7485	0.255029	0.000149581
25	40	4.86143	0.000250502
21.8846	36.8646	4.79759	0.000183929
25.1151	35.3065	0.243114	0.000153705
21.9134	33.7485	0.255029	0.000149581
18.6835	32.5943	4.91423	0.000146094
21.9612	30.6708	4.91743	0.000134329
18.7212	38.8242	0.204316	0.000241977
18.9132	34.917	4.85173	0.000162922
21.8846	36.8646	4.79759	0.000183929
17.2667	36.7732	0.248018	0.000199449
15.8122	34.7222	4.90222	0.000163981
18.9132	34.917	4.85173	0.000162922
18.7212	38.8242	0.204316	0.000241977
17.2667	36.7732	0.248018	0.000199449
18.9132	34.917	4.85173	0.000162922
18.7212	38.8242	0.204316	0.000241977
15.601	39.0202	0.242723	0.000252847
17.2667	36.7732	0.248018	0.000199449
18.7981	41.9596	0.230553	0.000403001
18.7212	38.8242	0.204316	0.000241977
21.9014	39.3141	0.233308	0.000250005
15.601	39.0202	0.242723	0.000252847
15.8122	34.7222	4.90222	0.000163981
17.2667	36.7732	0.248018	0.000199449
14.001	23.9462	4.98896	0.000131562
14.6026	21.856	4.98243	0.000129588
17.2998	24.7062	4.98441	0.000130529
13.1107	27.6505	4.99005	0.000136801
12.8447	30.6708	4.98264	0.000143982
10.1383	27.6505	4.99433	0.000138287
15.2052	26.1784	4.98794	0.000133422
15.7173	29.727	4.9772	0.000139182
13.1107	27.6505	4.99005	0.000136801
20.3799	24.7062	4.97669	0.000128557
18.0114	27.1222	4.97969	0.000132716
17.2998	24.7062	4.98441	0.000130529
18.7229	29.5382	4.96142	0.000136044
15.7173	29.727	4.9772	0.000139182
18.0114	27.1222	4.97969	0.000132716
18.7229	29.5382	4.96142	0.000136044
18.6835	32.5943	4.91423	0.000146094
15.7173	29.727	4.9772	0.000139182
10.9756	24.1362	4.99315	0.000133096
8.05963	24.7062	4.99584	0.00013482
8.66123	21.856	4.99238	0.000131977
10.1383	27.6505	4.99433	0.000138287
8.05963	24.7062	4.99584	0.00013482
10.9756	24.1362	4.99315	0.000133096
10.1383	27.6505	4.99433	0.000138287
9.80591	30.6708	4.99118	0.000146245
7.16598	27.6505	4.99687	0.000139278
6.70061	30.2933	4.99628	0.000145599
7.16598	27.6505	4.99687	0.000139278
9.80591	30.6708	4.99118	0.000146245
4.97956	24.7062	4.99723	0.000135785
5.62671	21.6734	4.99449	0.000132779
8.05963	24.7062	4.99584	0.00013482
3.67737	19.1174	4.99148	0.000131561
5.62671	21.6734	4.99449	0.000132779
2.71986	21.856	4.99602	0.000133685
6.52038	19.1174	4.98824	0.000130851
4.76616	16.5071	4.98068	0.000129952
7.464	16.5071	4.97274	0.000129311
25	30.6708	4.91565	0.000129013
28.0388	30.6708	4.9411	0.000127574
28.0866	33.7485	4.8968	0.000137254
47.2801	21.856	4.99505	0.000131285
48.1005	24.7062	4.99697	0.000133119
45.0204	24.7062	4.99623	0.000132318
26.4215	19.1174	4.93752	0.000123944
26.3489	16.5071	4.87602	0.000123484
28.6113	17.5512	4.93391	0.000123478
18.0114	27.1222	4.97969	0.000132716
22.0277	27.6505	4.96663	0.000129308
18.7229	29.5382	4.96142	0.000136044
17.2541	20.9431	4.96707	0.000127805
20.544	21.856	4.96149	0.000126731
17.2998	24.7062	4.98441	0.000130529
23.0771	23.3761	4.97181	0.000126117
26.1025	23.1861	4.96789	0.000124711
25.3391	26.1784	4.96749	0.000125762
17.2998	24.7062	4.98441	0.000130529
20.544	21.856	4.96149	0.000126731
20.3799	24.7062	4.97669	0.000128557
24.8405	21.1517	4.95296	0.000124675
26.1025	23.1861	4.96789	0.000124711
23.0771	23.3761	4.97181	0.000126117
20.544	21.856	4.96149	0.000126731
24.8405	21.1517	4.95296	0.000124675
23.0771	23.3761	4.97181	0.000126117
23.5785	19.1174	4.905	0.000124538
26.4215	19.1174	4.93752	0.000123944
24.8405	21.1517	4.95296	0.000124675
31.199	26.5464	0.345686	0.000126865
30.7452	28.7831	4.94601	0.000125423
28.269	26.3624	4.95142	0.000124631
29.1279	22.9961	4.96008	0.000124185
31.199	26.5464	0.345686	0.000126865
28.269	26.3624	4.95142	0.000124631
32.7002	24.7062	4.95604	0.000125118
33.7508	28.5944	4.96338	0.000126643
31.199	26.5464	0.345686	0.000126865
20.544	21.856	4.96149	0.000126731
23.0771	23.3761	4.97181	0.000126117
20.3799	24.7062	4.97669	0.000128557
20.7355	19.1174	4.90293	0.00012552
20.544	21.856	4.96149	0.000126731
17.2541	20.9431	4.96707	0.000127805
17.7548	18.7251	4.93054	0.000126521
18.2554	16.5071	4.85785	0.000125563
20.7355	19.1174	4.90293	0.00012552
14.7591	18.4213	4.95807	0.000127557
17.7548	18.7251	4.93054	0.000126521
17.2541	20.9431	4.96707	0.000127805
14.7591	18.4213	4.95807	0.000127557
15.9817	15.8026	4.90149	0.000126145
17.7548	18.7251	4.93054	0.000126521
20.9532	16.5071	0.22032	0.000126696
23.5785	19.1174	4.905	0.000124538
20.7355	19.1174	4.90293	0.00012552
23.5785	19.1174	4.905	0.000124538
24.8405	21.1517	4.95296	0.000124675
20.544	21.856	4.96149	0.000126731
26.689	28.4246	4.9533	0.000125723
22.0277	27.6505	4.96663	0.000129308
25.3391	26.1784	4.96749	0.000125762
21.9612	30.6708	4.91743	0.000134329
18.6835	32.5943	4.91423	0.000146094
18.7229	29.5382	4.96142	0.000136044
20.7355	19.1174	4.90293	0.00012552
23.5785	19.1174	4.905	0.000124538
20.544	21.856	4.96149	0.000126731
16.8484	14.0413	4.83146	0.00012548
19.5656	14.0413	0.180552	0.00012667
18.2554	16.5071	4.85785	0.000125563
16.8484	14.0413	4.83146	0.00012548
17.7988	12.3941	4.73079	0.000125034
19.5656	14.0413	0.180552	0.00012667
14.1312	14.0413	4.88913	0.000126382
16.8484	14.0413	4.83146	0.00012548
15.9817	15.8026	4.90149	0.000126145
15.1767	12.2293	4.80775	0.000125773
17.7988	12.3941	4.73079	0.000125034
16.8484	14.0413	4.83146	0.00012548
18.75	9.60269	0.0943559	0.000126796
21.25	9.60269	0.067454	0.000126313
19.9458	11.7351	0.121936	0.00012645
24.3933	15.2742	0.210379	0.00012564
23.5785	19.1174	4.905	0.000124538
20.9532	16.5071	0.22032	0.000126696
4.97956	24.7062	4.99723	0.000135785
4.19365	27.6505	4.99805	0.00014018
1.8995	24.7062	4.99785	0.000136643
8.74996	9.60269	0.187931	0.000129011
9.93237	11.8999	4.84472	0.000127223
7.31021	11.7351	4.88846	0.000127716
46.8029	37.0605	4.96748	0.000149066
43.6827	37.2565	4.93185	0.000151468
46.6062	33.7485	4.98648	0.000139705
41.9404	24.7062	4.99436	0.000130895
45.0204	24.7062	4.99623	0.000132318
42.7675	28.0281	4.99421	0.000132997
38.8603	24.7062	4.99078	0.00012901
41.9404	24.7062	4.99436	0.000130895
39.9888	27.0985	4.99169	0.000130783
41.2294	22.236	4.99131	0.000129271
44.3095	21.856	4.99343	0.000130424
41.9404	24.7062	4.99436	0.000130895
48.7787	27.6505	4.99676	0.00013481
49.3105	30.6708	4.99444	0.000136785
46.2478	30.8632	4.99323	0.000136318
26.1025	23.1861	4.96789	0.000124711
24.8405	21.1517	4.95296	0.000124675
28.8815	20.2128	4.96079	0.000123832
28.269	26.3624	4.95142	0.000124631
26.1025	23.1861	4.96789	0.000124711
29.1279	22.9961	4.96008	0.000124185
23.0771	23.3761	4.97181	0.000126117
22.0277	27.6505	4.96663	0.000129308
20.3799	24.7062	4.97669	0.000128557
12.8447	30.6708	4.98264	0.000143982
12.7112	34.5275	4.95992	0.000166018
9.49534	33.1714	4.98735	0.000157716
10.1383	27.6505	4.99433	0.000138287
12.8447	30.6708	4.98264	0.000143982
9.80591	30.6708	4.99118	0.000146245
14.3285	32.6965	4.95913	0.000152256
18.6835	32.5943	4.91423	0.000146094
15.8122	34.7222	4.90222	0.000163981
25.1151	35.3065	0.243114	0.000153705
21.8846	36.8646	4.79759	0.000183929
21.9134	33.7485	0.255029	0.000149581
14.3285	32.6965	4.95913	0.000152256
12.7112	34.5275	4.95992	0.000166018
12.8447	30.6708	4.98264	0.000143982
18.9132	34.917	4.85173	0.000162922
15.8122	34.7222	4.90222	0.000163981
18.6835	32.5943	4.91423	0.000146094
15.601	39.0202	0.242723	0.000252847
12.5385	36.8646	4.93755	0.000195872
15.8122	34.7222	4.90222	0.000163981
23.5785	19.1174	4.905	0.000124538
24.3933	15.2742	0.210379	0.00012564
26.3489	16.5071	4.87602	0.000123484
28.8815	20.2128	4.96079	0.000123832
24.8405	21.1517	4.95296	0.000124675
26.4215	19.1174	4.93752	0.000123944
18.2554	16.5071	4.85785	0.000125563
17.7548	18.7251	4.93054	0.000126521
15.9817	15.8026	4.90149	0.000126145
14.6026	21.856	4.98243	0.000129588
17.2541	20.9431	4.96707	0.000127805
17.2998	24.7062	4.98441	0.000130529
15.9817	15.8026	4.90149	0.000126145
13.1778	15.9788	4.9394	0.000127232
14.1312	14.0413	4.88913	0.000126382
14.6026	21.856	4.98243	0.000129588
14.7591	18.4213	4.95807	0.000127557
17.2541	20.9431	4.96707	0.000127805
11.4404	21.3083	4.98745	0.000130536
14.001	23.9462	4.98896	0.000131562
10.9756	24.1362	4.99315	0.000133096
30.001	14.922	4.90076	0.000123185
30.9096	13.2177	4.84744	0.000123098
33.1516	14.0413	4.86638	0.000123323
31.7446	16.5071	4.93412	0.000123549
30.001	14.922	4.90076	0.000123185
33.1516	14.0413	4.86638	0.000123323
25.6653	12.8882	4.73577	0.000123388
27.0253	10.7509	4.67985	0.000123393
28.2875	13.053	4.82969	0.000123123
25.6653	12.8882	4.73577	0.000123388
28.2875	13.053	4.82969	0.000123123
26.3489	16.5071	4.87602	0.000123484
33.75	9.60269	0.10443	0.000125052
36.25	9.60269	0.098497	0.000125032
35.1085	11.7351	0.177345	0.000125159
39.693	16.8552	4.95624	0.000125763
41.2166	14.2175	4.91828	0.000124941
42.536	16.5071	4.96558	0.000126534
28.8815	20.2128	4.96079	0.000123832
26.4215	19.1174	4.93752	0.000123944
28.6113	17.5512	4.93391	0.000123478
40.625	40	0.221437	0.000185921
43.75	40	4.86529	0.000177174
43.6923	43.1354	0.238188	0.000259529
34.399	40.9798	0.165871	0.00026387
37.5	40	4.77894	0.000192536
37.5191	43.9145	0.142425	0.000380989
40.5769	36.8646	4.91141	0.000149956
43.6827	37.2565	4.93185	0.000151468
40.625	40	0.221437	0.000185921
37.3464	33.7485	4.95952	0.000137138
33.997	31.6326	4.96191	0.000130334
37.1553	30.6708	4.97844	0.000131191
40.625	40	0.221437	0.000185921
37.5	40	4.77894	0.000192536
40.5769	36.8646	4.91141	0.000149956
37.4615	36.8646	4.9068	0.000152943
34.1596	34.7385	4.93114	0.000140484
37.3464	33.7485	4.95952	0.000137138
46.2478	30.8632	4.99323	0.000136318
45.7731	27.8393	4.99612	0.000134243
48.7787	27.6505	4.99676	0.00013481
49.6928	33.7485	4.9888	0.000140405
46.6062	33.7485	4.98648	0.000139705
49.3105	30.6708	4.99444	0.000136785
40.1941	30.6708	4.98622	0.000133077
37.1553	30.6708	4.97844	0.000131191
36.8893	27.6505	4.98402	0.000128727
43.2329	30.6708	4.99055	0.000134899
40.1941	30.6708	4.98622	0.000133077
42.7675	28.0281	4.99421	0.000132997
40.433	33.7485	4.96773	0.000137789
37.3464	33.7485	4.95952	0.000137138
40.1941	30.6708	4.98622	0.000133077
31.3171	35.696	4.88579	0.000148115
31.2019	38.0404	0.233652	0.000182642
28.1154	36.8646	4.85063	0.000167933
33.997	31.6326	4.96191	0.000130334
34.1596	34.7385	4.93114	0.000140484
30.9343	31.8249	4.94821	0.000128807
34.3221	37.8444	4.83868	0.000168738
31.2019	38.0404	0.233652	0.000182642
31.3171	35.696	4.88579	0.000148115
37.5	40	4.77894	0.000192536
34.3221	37.8444	4.83868	0.000168738
37.4615	36.8646	4.9068	0.000152943
34.399	40.9798	0.165871	0.00026387
31.2019	38.0404	0.233652	0.000182642
34.3221	37.8444	4.83868	0.000168738
40.1941	30.6708	4.98622	0.000133077
39.9888	27.0985	4.99169	0.000130783
42.7675	28.0281	4.99421	0.000132997
7.16598	27.6505	4.99687	0.000139278
8.05963	24.7062	4.99584	0.00013482
10.1383	27.6505	4.99433	0.000138287
3.69504	30.482	4.99802	0.000146871
4.19365	27.6505	4.99805	0.00014018
6.70061	30.2933	4.99628	0.000145599
4.97956	24.7062	4.99723	0.000135785
8.05963	24.7062	4.99584	0.00013482
7.16598	27.6505	4.99687	0.000139278
2.71986	21.856	4.99602	0.000133685
4.97956	24.7062	4.99723	0.000135785
1.8995	24.7062	4.99785	0.000136643
14.001	23.9462	4.98896	0.000131562
11.4404	21.3083	4.98745	0.000130536
14.6026	21.856	4.98243	0.000129588
13.1107	27.6505	4.99005	0.000136801
10.9756	24.1362	4.99315	0.000133096
14.001	23.9462	4.98896	0.000131562
8.66123	21.856	4.99238	0.000131977
5.62671	21.6734	4.99449	0.000132779
6.52038	19.1174	4.98824	0.000130851
12.2064	19.1174	4.97621	0.000128911
11.4404	21.3083	4.98745	0.000130536
9.3634	19.1174	4.98343	0.00012997
8.05963	24.7062	4.99584	0.00013482
5.62671	21.6734	4.99449	0.000132779
8.66123	21.856	4.99238	0.000131977
44.3095	21.856	4.99343	0.000130424
41.2294	22.236	4.99131	0.000129271
43.4158	19.3	4.98606	0.000128529
45.7731	27.8393	4.99612	0.000134243
45.0204	24.7062	4.99623	0.000132318
48.1005	24.7062	4.99697	0.000133119
38.8603	24.7062	4.99078	0.00012901
36.8893	27.6505	4.98402	0.000128727
35.7802	24.7062	4.98212	0.000126897
45.7731	27.8393	4.99612	0.000134243
42.7675	28.0281	4.99421	0.000132997
45.0204	24.7062	4.99623	0.000132318
43.2329	30.6708	4.99055	0.000134899
46.2478	30.8632	4.99323	0.000136318
43.5196	33.7485	4.97715	0.00013899
40.433	33.7485	4.96773	0.000137789
43.2329	30.6708	4.99055	0.000134899
43.5196	33.7485	4.97715	0.00013899
42.7675	28.0281	4.99421	0.000132997
45.7731	27.8393	4.99612	0.000134243
43.2329	30.6708	4.99055	0.000134899
41.9404	24.7062	4.99436	0.000130895
42.7675	28.0281	4.99421	0.000132997
39.9888	27.0985	4.99169	0.000130783
45.7731	27.8393	4.99612	0.000134243
46.2478	30.8632	4.99323	0.000136318
43.2329	30.6708	4.99055	0.000134899
8.69678	14.0413	4.93349	0.000128085
5.97957	14.0413	4.95472	0.000128696
7.31021	11.7351	4.88846	0.000127716
10.1618	16.5071	4.9626	0.000128498
8.69678	14.0413	4.93349	0.000128085
11.414	14.0413	4.9126	0.000127291
7.464	16.5071	4.97274	0.000129311
4.76616	16.5071	4.98068	0.000129952
5.97957	14.0413	4.95472	0.000128696
10.1618	16.5071	4.9626	0.000128498
7.464	16.5071	4.97274	0.000129311
8.69678	14.0413	4.93349	0.000128085
10.1618	16.5071	4.9626	0.000128498
9.3634	19.1174	4.98343	0.00012997
7.464	16.5071	4.97274	0.000129311
9.42308	36.8646	4.97914	0.000196761
9.49534	33.1714	4.98735	0.000157716
12.7112	34.5275	4.95992	0.000166018
12.5	40	4.93187	0.000284039
9.36058	39.4121	4.97825	0.000259928
12.5385	36.8646	4.93755	0.000195872
9.36058	39.4121	4.97825	0.000259928
6.30769	36.8646	4.99251	0.000193314
9.42308	36.8646	4.97914	0.000196761
3.19231	36.8646	4.99693	0.000192038
3.40821	33.9432	4.99751	0.000162679
6.30769	36.8646	4.99251	0.000193314
0.076922	36.8646	4.99795	0.000190373
3.19231	36.8646	4.99693	0.000192038
3.125	40	4.99661	0.000266355
0.076922	36.8646	4.99795	0.000190373
0.307214	33.7485	4.99828	0.000161512
3.19231	36.8646	4.99693	0.000192038
6.70061	30.2933	4.99628	0.000145599
9.80591	30.6708	4.99118	0.000146245
9.49534	33.1714	4.98735	0.000157716
2.71986	21.856	4.99602	0.000133685
5.62671	21.6734	4.99449	0.000132779
4.97956	24.7062	4.99723	0.000135785
18.0114	27.1222	4.97969	0.000132716
15.7173	29.727	4.9772	0.000139182
15.2052	26.1784	4.98794	0.000133422
43.5196	33.7485	4.97715	0.00013899
40.5769	36.8646	4.91141	0.000149956
40.433	33.7485	4.96773	0.000137789
49.9231	36.8646	4.97504	0.000149917
46.8029	37.0605	4.96748	0.000149066
49.6928	33.7485	4.9888	0.000140405
43.75	40	4.86529	0.000177174
40.625	40	0.221437	0.000185921
43.6827	37.2565	4.93185	0.000151468
13.1107	27.6505	4.99005	0.000136801
15.7173	29.727	4.9772	0.000139182
12.8447	30.6708	4.98264	0.000143982
10.9756	24.1362	4.99315	0.000133096
13.1107	27.6505	4.99005	0.000136801
10.1383	27.6505	4.99433	0.000138287
15.2052	26.1784	4.98794	0.000133422
17.2998	24.7062	4.98441	0.000130529
18.0114	27.1222	4.97969	0.000132716
14.001	23.9462	4.98896	0.000131562
15.2052	26.1784	4.98794	0.000133422
13.1107	27.6505	4.99005	0.000136801
14.001	23.9462	4.98896	0.000131562
17.2998	24.7062	4.98441	0.000130529
15.2052	26.1784	4.98794	0.000133422
46.6062	33.7485	4.98648	0.000139705
43.6827	37.2565	4.93185	0.000151468
43.5196	33.7485	4.97715	0.00013899
50	40	4.95877	0.000170677
46.8029	37.0605	4.96748	0.000149066
49.9231	36.8646	4.97504	0.000149917
46.8798	40.196	4.93402	0.000184059
43.75	40	4.86529	0.000177174
46.8029	37.0605	4.96748	0.000149066
21.9014	39.3141	0.233308	0.000250005
21.9183	41.7637	4.84037	0.000382892
18.7981	41.9596	0.230553	0.000403001
25	40	4.86143	0.000250502
21.9014	39.3141	0.233308	0.000250005
21.8846	36.8646	4.79759	0.000183929
25	40	4.86143	0.000250502
21.9183	41.7637	4.84037	0.000382892
21.9014	39.3141	0.233308	0.000250005
22.0142	44.8882	4.89422	0.000699026
18.7981	41.9596	0.230553	0.000403001
21.9183	41.7637	4.84037	0.000382892
3.69504	30.482	4.99802	0.000146871
3.40821	33.9432	4.99751	0.000162679
0.68946	30.6708	4.99852	0.000148112
1.22131	27.6505	4.99846	0.000141026
3.69504	30.482	4.99802	0.000146871
0.68946	30.6708	4.99852	0.000148112
6.70061	30.2933	4.99628	0.000145599
6.43263	33.3637	4.99494	0.000158529
3.69504	30.482	4.99802	0.000146871
43.5196	33.7485	4.97715	0.00013899
43.6827	37.2565	4.93185	0.000151468
40.5769	36.8646	4.91141	0.000149956
40.1941	30.6708	4.98622	0.000133077
43.2329	30.6708	4.99055	0.000134899
40.433	33.7485	4.96773	0.000137789
46.6062	33.7485	4.98648	0.000139705
49.6928	33.7485	4.9888	0.000140405
46.8029	37.0605	4.96748	0.000149066
46.2478	30.8632	4.99323	0.000136318
46.6062	33.7485	4.98648	0.000139705
43.5196	33.7485	4.97715	0.00013899
46.2478	30.8632	4.99323	0.000136318
49.3105	30.6708	4.99444	0.000136785
46.6062	33.7485	4.98648	0.000139705
46.8798	40.196	4.93402	0.000184059
46.8029	37.0605	4.96748	0.000149066
50	40	4.95877	0.000170677
9.4375	42.5475	4.98244	0.000471064
6.24038	39.6081	4.99226	0.000255078
9.36058	39.4121	4.97825	0.000259928
9.49534	33.1714	4.98735	0.000157716
9.80591	30.6708	4.99118	0.000146245
12.8447	30.6708	4.98264	0.000143982
12.5385	36.8646	4.93755	0.000195872
9.42308	36.8646	4.97914	0.000196761
12.7112	34.5275	4.95992	0.000166018
6.43263	33.3637	4.99494	0.000158529
6.70061	30.2933	4.99628	0.000145599
9.49534	33.1714	4.98735	0.000157716
4.19365	27.6505	4.99805	0.00014018
4.97956	24.7062	4.99723	0.000135785
7.16598	27.6505	4.99687	0.000139278
1.22131	27.6505	4.99846	0.000141026
4.19365	27.6505	4.99805	0.00014018
3.69504	30.482	4.99802	0.000146871
1.22131	27.6505	4.99846	0.000141026
1.8995	24.7062	4.99785	0.000136643
4.19365	27.6505	4.99805	0.00014018
6.70061	30.2933	4.99628	0.000145599
4.19365	27.6505	4.99805	0.00014018
7.16598	27.6505	4.99687	0.000139278
18.7229	29.5382	4.96142	0.000136044
22.0277	27.6505	4.96663	0.000129308
21.9612	30.6708	4.91743	0.000134329
14.3285	32.6965	4.95913	0.000152256
12.8447	30.6708	4.98264	0.000143982
15.7173	29.727	4.9772	0.000139182
18.6835	32.5943	4.91423	0.000146094
14.3285	32.6965	4.95913	0.000152256
15.7173	29.727	4.9772	0.000139182
15.8122	34.7222	4.90222	0.000163981
12.7112	34.5275	4.95992	0.000166018
14.3285	32.6965	4.95913	0.000152256
18.0114	27.1222	4.97969	0.000132716
20.3799	24.7062	4.97669	0.000128557
22.0277	27.6505	4.96663	0.000129308
3.40821	33.9432	4.99751	0.000162679
3.69504	30.482	4.99802	0.000146871
6.43263	33.3637	4.99494	0.000158529
46.8077	43.1354	4.9108	0.000243691
43.6923	43.1354	0.238188	0.000259529
46.8798	40.196	4.93402	0.000184059
49.9231	43.1354	4.94791	0.000236192
46.8077	43.1354	4.9108	0.000243691
46.8798	40.196	4.93402	0.000184059
46.2717	49.3292	4.95688	0.000763422
49.3105	49.3292	4.96663	0.000674043
48.7787	52.3495	4.96508	0.00143504
43.5196	46.2515	4.8728	0.000435892
46.2717	49.3292	4.95688	0.000763422
43.2329	49.3292	4.9288	0.000896316
40.433	46.2515	4.79417	0.000498325
43.5196	46.2515	4.8728	0.000435892
43.2329	49.3292	4.9288	0.000896316
43.6923	43.1354	0.238188	0.000259529
46.8077	43.1354	4.9108	0.000243691
46.6062	46.2515	4.93173	0.000389767
46.6062	46.2515	4.93173	0.000389767
49.3105	49.3292	4.96663	0.000674043
46.2717	49.3292	4.95688	0.000763422
6.30769	36.8646	4.99251	0.000193314
6.43263	33.3637	4.99494	0.000158529
9.42308	36.8646	4.97914	0.000196761
3.125	40	4.99661	0.000266355
3.19231	36.8646	4.99693	0.000192038
6.24038	39.6081	4.99226	0.000255078
3.40821	33.9432	4.99751	0.000162679
6.43263	33.3637	4.99494	0.000158529
6.30769	36.8646	4.99251	0.000193314
0.307214	33.7485	4.99828	0.000161512
3.40821	33.9432	4.99751	0.000162679
3.19231	36.8646	4.99693	0.000192038
0.307214	33.7485	4.99828	0.000161512
0.68946	30.6708	4.99852	0.000148112
3.40821	33.9432	4.99751	0.000162679
