25	30.6708	4.91767	9.95859e-05
28.0866	33.7485	4.90082	0.000109135
25.1151	35.3065	0.245758	0.000124167
22.0277	27.6505	4.96684	9.83539e-05
25	30.6708	4.91767	9.95859e-05
21.9612	30.6708	4.91841	0.000103547
26.689	28.4246	4.95448	9.6163e-05
28.269	26.3624	4.95186	9.47707e-05
30.7452	28.7831	4.94706	9.59306e-05
25	30.6708	4.91767	9.95859e-05
26.689	28.4246	4.95448	9.6163e-05
28.0388	30.6708	4.94331	9.86675e-05
25.3391	26.1784	4.96778	9.55472e-05
28.269	26.3624	4.95186	9.47707e-05
26.689	28.4246	4.95448	9.6163e-05
28.0388	30.6708	4.94331	9.86675e-05
30.9343	31.8249	4.95026	9.99306e-05
28.0866	33.7485	4.90082	0.000109135
22.0277	27.6505	4.96684	9.83539e-05
26.689	28.4246	4.95448	9.6163e-05
25	30.6708	4.91767	9.95859e-05
30.7452	28.7831	4.94706	9.59306e-05
30.9343	31.8249	4.95026	9.99306e-05
28.0388	30.6708	4.94331	9.86675e-05
26.689	28.4246	4.95448	9.6163e-05
30.7452	28.7831	4.94706	9.59306e-05
28.0388	30.6708	4.94331	9.86675e-05
26.1025	23.1861	4.96774	9.44428e-05
28.269	26.3624	4.95186	9.47707e-05
25.3391	26.1784	4.96778	9.55472e-05
29.1279	22.9961	4.95998	9.40693e-05
32.7002	24.7062	4.95604	9.48208e-05
31.199	26.5464	0.346023	9.64454e-05
33.7508	28.5944	4.96369	9.64037e-05
30.9343	31.8249	4.95026	9.99306e-05
30.7452	28.7831	4.94706	9.59306e-05
31.199	26.5464	0.346023	9.64454e-05
33.7508	28.5944	4.96369	9.64037e-05
30.7452	28.7831	4.94706	9.59306e-05
37.4615	36.8646	4.90682	0.000122186
40.433	33.7485	4.9675	0.000105913
40.5769	36.8646	4.91118	0.000118211
36.8893	27.6505	4.98389	9.75541e-05
37.1553	30.6708	4.97841	0.000100094
33.7508	28.5944	4.96369	9.64037e-05
36.8893	27.6505	4.98389	9.75541e-05
39.9888	27.0985	4.99149	9.88506e-05
40.1941	30.6708	4.98598	0.000101092
34.9506	19.1174	4.96918	9.4472e-05
34.4425	16.5071	4.93443	9.3833e-05
37.1403	16.5071	4.93889	9.43652e-05
38.204	22.4261	4.98768	9.64387e-05
35.1786	22.6161	4.9805	9.52704e-05
36.4861	20.8667	4.97935	9.53433e-05
32.1075	19.1174	4.96443	9.3872e-05
28.8815	20.2128	4.96055	9.3722e-05
28.6113	17.5512	4.93362	9.34474e-05
38.204	22.4261	4.98768	9.64387e-05
35.7802	24.7062	4.98196	9.59816e-05
35.1786	22.6161	4.9805	9.52704e-05
32.7002	24.7062	4.95604	9.48208e-05
29.1279	22.9961	4.95998	9.40693e-05
32.4267	21.856	4.97224	9.43244e-05
45.7731	27.8393	4.99599	0.000101339
48.1005	24.7062	4.99687	0.000100377
48.7787	27.6505	4.99665	0.00010174
38.8603	24.7062	4.99059	9.74322e-05
41.2294	22.236	4.99116	9.75552e-05
41.9404	24.7062	4.9942	9.87649e-05
38.8603	24.7062	4.99059	9.74322e-05
38.204	22.4261	4.98768	9.64387e-05
41.2294	22.236	4.99116	9.75552e-05
36.8893	27.6505	4.98389	9.75541e-05
38.8603	24.7062	4.99059	9.74322e-05
39.9888	27.0985	4.99149	9.88506e-05
35.7802	24.7062	4.98196	9.59816e-05
38.204	22.4261	4.98768	9.64387e-05
38.8603	24.7062	4.99059	9.74322e-05
33.7508	28.5944	4.96369	9.64037e-05
35.7802	24.7062	4.98196	9.59816e-05
36.8893	27.6505	4.98389	9.75541e-05
32.7002	24.7062	4.95604	9.48208e-05
32.4267	21.856	4.97224	9.43244e-05
35.1786	22.6161	4.9805	9.52704e-05
37.7936	19.1174	4.97329	9.52689e-05
40.5089	19.4825	4.98141	9.62629e-05
38.204	22.4261	4.98768	9.64387e-05
35.1786	22.6161	4.9805	9.52704e-05
32.4267	21.856	4.97224	9.43244e-05
34.9506	19.1174	4.96918	9.4472e-05
36.4861	20.8667	4.97935	9.53433e-05
35.1786	22.6161	4.9805	9.52704e-05
34.9506	19.1174	4.96918	9.4472e-05
37.7936	19.1174	4.97329	9.52689e-05
36.4861	20.8667	4.97935	9.53433e-05
34.9506	19.1174	4.96918	9.4472e-05
37.7936	19.1174	4.97329	9.52689e-05
38.204	22.4261	4.98768	9.64387e-05
36.4861	20.8667	4.97935	9.53433e-05
35.7802	24.7062	4.98196	9.59816e-05
32.7002	24.7062	4.95604	9.48208e-05
35.1786	22.6161	4.9805	9.52704e-05
33.7508	28.5944	4.96369	9.64037e-05
32.7002	24.7062	4.95604	9.48208e-05
35.7802	24.7062	4.98196	9.59816e-05
29.1279	22.9961	4.95998	9.40693e-05
28.8815	20.2128	4.96055	9.3722e-05
32.4267	21.856	4.97224	9.43244e-05
37.1403	16.5071	4.93889	9.43652e-05
39.693	16.8552	4.9561	9.50676e-05
37.7936	19.1174	4.97329	9.52689e-05
44.3095	21.856	4.99331	9.83898e-05
47.2801	21.856	4.99495	9.9015e-05
45.0204	24.7062	4.99611	9.97894e-05
41.9404	24.7062	4.9942	9.87649e-05
44.3095	21.856	4.99331	9.83898e-05
45.0204	24.7062	4.99611	9.97894e-05
43.4158	19.3	4.98595	9.70356e-05
46.3226	19.1174	4.98936	9.76018e-05
44.3095	21.856	4.99331	9.83898e-05
28.0866	46.2515	4.88351	0.000970071
31.0776	49.3292	4.8363	0.00230085
28.0388	49.3292	4.88453	0.00258438
25	43.1354	4.89918	0.000419754
28.1154	43.1354	4.85015	0.000435592
28.0866	46.2515	4.88351	0.000970071
37.3464	46.2515	0.15968	0.000603098
34.3294	43.6157	0.131318	0.000391436
37.5191	43.9145	0.142353	0.000347162
31.226	43.7137	0.184536	0.000468201
31.2788	41.1758	0.179722	0.000267568
34.3294	43.6157	0.131318	0.000391436
28.0866	46.2515	4.88351	0.000970071
31.226	43.7137	0.184536	0.000468201
31.1732	46.2515	4.77645	0.000927067
28.1154	43.1354	4.85015	0.000435592
31.2788	41.1758	0.179722	0.000267568
31.226	43.7137	0.184536	0.000468201
25	46.2515	4.91209	0.000932554
25	43.1354	4.89918	0.000419754
28.0866	46.2515	4.88351	0.000970071
28.125	40	4.8361	0.000217769
31.2788	41.1758	0.179722	0.000267568
28.1154	43.1354	4.85015	0.000435592
28.125	40	4.8361	0.000217769
31.2019	38.0404	0.23542	0.000153114
31.2788	41.1758	0.179722	0.000267568
31.2019	38.0404	0.23542	0.000153114
34.399	40.9798	0.166138	0.000230904
31.2788	41.1758	0.179722	0.000267568
28.0866	33.7485	4.90082	0.000109135
31.3171	35.696	4.88865	0.000119641
28.1154	36.8646	4.85549	0.000138961
37.3464	33.7485	4.95956	0.000106214
37.1553	30.6708	4.97841	0.000100094
40.1941	30.6708	4.98598	0.000101092
37.4615	36.8646	4.90682	0.000122186
37.3464	33.7485	4.95956	0.000106214
40.433	33.7485	4.9675	0.000105913
37.4615	36.8646	4.90682	0.000122186
34.3221	37.8444	4.83972	0.000139169
34.1596	34.7385	4.93226	0.000110887
34.1596	34.7385	4.93226	0.000110887
33.997	31.6326	4.96269	0.000100413
37.3464	33.7485	4.95956	0.000106214
31.3171	35.696	4.88865	0.000119641
34.1596	34.7385	4.93226	0.000110887
34.3221	37.8444	4.83972	0.000139169
31.3171	35.696	4.88865	0.000119641
30.9343	31.8249	4.95026	9.99306e-05
34.1596	34.7385	4.93226	0.000110887
30.9343	31.8249	4.95026	9.99306e-05
33.7508	28.5944	4.96369	9.64037e-05
33.997	31.6326	4.96269	0.000100413
40.433	46.2515	4.79418	0.000463927
40.6201	43.7197	0.185135	0.000279363
43.5196	46.2515	4.87276	0.000400252
46.8029	37.0605	4.96733	0.000115915
43.75	40	4.86512	0.000144508
43.6827	37.2565	4.93166	0.000118914
49.9231	43.1354	4.94779	0.000199927
46.8798	40.196	4.93388	0.000148502
50	40	4.95863	0.00013709
49.9231	43.1354	4.94779	0.000199927
49.6928	46.2515	4.95592	0.00032643
46.8077	43.1354	4.91067	0.000207707
25	43.1354	4.89918	0.000419754
25	46.2515	4.91209	0.000932554
22.0142	44.8882	4.89404	0.000695076
25	40	4.86321	0.000211632
25	43.1354	4.89918	0.000419754
21.9183	41.7637	4.83989	0.000336493
25	40	4.86321	0.000211632
28.1154	43.1354	4.85015	0.000435592
25	43.1354	4.89918	0.000419754
31.2019	38.0404	0.23542	0.000153114
28.125	40	4.8361	0.000217769
28.1154	36.8646	4.85549	0.000138961
28.1154	43.1354	4.85015	0.000435592
31.226	43.7137	0.184536	0.000468201
28.0866	46.2515	4.88351	0.000970071
18.7981	41.9596	0.22962	0.000348207
15.601	39.0202	0.242442	0.000212747
18.7212	38.8242	0.204244	0.000201021
17.2523	44.2036	4.88539	0.000663947
15.7402	46.2515	4.93863	0.00120688
14.1489	44.3016	4.94407	0.000706827
18.7981	41.9596	0.22962	0.000348207
17.2523	44.2036	4.88539	0.000663947
15.6779	42.1556	4.87394	0.00040648
18.8268	46.2515	4.90592	0.00103527
15.7402	46.2515	4.93863	0.00120688
17.2523	44.2036	4.88539	0.000663947
21.7462	47.598	4.88343	0.00160481
18.8268	46.2515	4.90592	0.00103527
22.0142	44.8882	4.89404	0.000695076
21.7462	47.598	4.88343	0.00160481
18.9224	49.3292	4.86967	0.00286923
18.8268	46.2515	4.90592	0.00103527
15.6779	42.1556	4.87394	0.00040648
15.601	39.0202	0.242442	0.000212747
18.7981	41.9596	0.22962	0.000348207
18.8268	46.2515	4.90592	0.00103527
17.2523	44.2036	4.88539	0.000663947
18.7981	41.9596	0.22962	0.000348207
14.1489	44.3016	4.94407	0.000706827
12.6536	46.2515	4.97007	0.00111115
12.5577	42.3516	4.95189	0.000412321
15.6779	42.1556	4.87394	0.00040648
14.1489	44.3016	4.94407	0.000706827
12.5577	42.3516	4.95189	0.000412321
15.7402	46.2515	4.93863	0.00120688
12.6536	46.2515	4.97007	0.00111115
14.1489	44.3016	4.94407	0.000706827
12.7118	50.0843	4.96296	0.00361745
12.6536	46.2515	4.97007	0.00111115
15.8835	49.3292	4.93458	0.00290631
16.083	52.3495	4.89159	0.0076604
13.1107	52.3495	4.9433	0.00703226
15.8835	49.3292	4.93458	0.00290631
18.9224	49.3292	4.86967	0.00286923
16.083	52.3495	4.89159	0.0076604
15.8835	49.3292	4.93458	0.00290631
13.1107	52.3495	4.9433	0.00703226
10.6893	54.7417	4.92442	0.0123011
10.1383	52.3495	4.96135	0.00635423
15.8835	49.3292	4.93458	0.00290631
13.1107	52.3495	4.9433	0.00703226
12.7118	50.0843	4.96296	0.00361745
14.2198	55.2938	4.89081	0.0171508
10.6893	54.7417	4.92442	0.0123011
13.1107	52.3495	4.9433	0.00703226
17.0264	56.2438	4.83573	0.0273735
14.2198	55.2938	4.89081	0.0171508
16.083	52.3495	4.89159	0.0076604
17.2808	59.0298	4.73618	0.066914
17.5295	61.7527	0.0851387	4.59166
15.0494	60.8826	0.107381	0.0664769
17.0264	56.2438	4.83573	0.0273735
17.2808	59.0298	4.73618	0.066914
14.6026	58.144	4.78023	0.0356244
17.0264	56.2438	4.83573	0.0273735
20.0518	56.4338	4.78165	0.0321902
17.2808	59.0298	4.73618	0.066914
7.16598	52.3495	4.97026	0.0060744
8.05963	55.2938	4.92312	0.0143695
4.92487	55.4838	4.93252	0.0161801
6.76709	49.3292	4.98703	0.00247834
7.16598	52.3495	4.97026	0.0060744
4.19365	52.3495	4.97585	0.00585546
10.1383	52.3495	4.96135	0.00635423
8.05963	55.2938	4.92312	0.0143695
7.16598	52.3495	4.97026	0.0060744
12.7118	50.0843	4.96296	0.00361745
10.1383	52.3495	4.96135	0.00635423
9.70619	49.8955	4.97849	0.00312563
10.6893	54.7417	4.92442	0.0123011
8.05963	55.2938	4.92312	0.0143695
10.1383	52.3495	4.96135	0.00635423
12.5577	42.3516	4.95189	0.000412321
12.5	40	4.93158	0.000244797
15.6779	42.1556	4.87394	0.00040648
9.61019	45.6673	4.98663	0.00088684
12.5577	42.3516	4.95189	0.000412321
12.6536	46.2515	4.97007	0.00111115
9.61019	45.6673	4.98663	0.00088684
6.31731	42.7435	4.99293	0.000411711
9.4375	42.5475	4.98223	0.000427128
-3.10282e-28	40	4.99764	0.000238674
3.125	40	4.99664	0.000228665
3.19711	42.9395	4.99626	0.000426177
-3.10282e-28	40	4.99764	0.000238674
0.076922	36.8646	4.99797	0.000153482
3.125	40	4.99664	0.000228665
46.6062	46.2515	4.93165	0.00035313
46.2717	49.3292	4.95685	0.00072599
43.5196	46.2515	4.87276	0.000400252
43.6923	43.1354	0.238102	0.000223793
46.6062	46.2515	4.93165	0.00035313
43.5196	46.2515	4.87276	0.000400252
49.6928	46.2515	4.95592	0.00032643
49.3105	49.3292	4.96656	0.00063628
46.6062	46.2515	4.93165	0.00035313
27.4517	72.3429	0.00273337	0.0235303
25	72.3429	0.00277067	0.0289809
27.0253	69.2491	0.00681661	0.0554166
24.7277	76.3587	0.00102705	0.00972313
26.189	74.0896	0.00172863	0.0161311
27.2733	75.6267	0.0011935	0.0101158
24.7277	76.3587	0.00102705	0.00972313
23.0327	74.7883	0.00151288	0.0165514
26.189	74.0896	0.00172863	0.0161311
23.0339	79.8761	0.000726111	0.00648613
21.0802	79.5053	0.000830958	0.00751014
21.6827	78.0345	0.000868438	0.00805022
19.6759	76.9444	0.0010871	0.00980787
19.0551	74.0896	0.00196601	0.0193671
21.4331	74.0896	0.00185837	0.0211386
19.6759	76.9444	0.0010871	0.00980787
18.1801	75.6267	0.00150647	0.0131026
19.0551	74.0896	0.00196601	0.0193671
21.4331	74.0896	0.00185837	0.0211386
23.0327	74.7883	0.00151288	0.0165514
22.3999	76.5052	0.00107054	0.010754
20.0967	72.3429	0.00301116	0.0359981
22.5483	72.3429	0.00294913	0.0381946
21.4331	74.0896	0.00185837	0.0211386
16.5527	73.7985	0.00226719	0.0170471
17.645	72.3429	0.00307083	0.0253726
19.0551	74.0896	0.00196601	0.0193671
19.193	69.7412	0.00657335	0.063847
21.8037	69.5771	0.0067346	4.50182
20.0967	72.3429	0.00301116	0.0359981
21.8037	69.5771	0.0067346	4.50182
23.75	70.3973	0.00523109	0.0585968
22.5483	72.3429	0.00294913	0.0381946
21.6827	78.0345	0.000868438	0.00805022
19.1515	78.89	0.000959476	0.00836506
19.6759	76.9444	0.0010871	0.00980787
22.3999	76.5052	0.00107054	0.010754
19.6759	76.9444	0.0010871	0.00980787
21.4331	74.0896	0.00185837	0.0211386
22.3999	76.5052	0.00107054	0.010754
21.6827	78.0345	0.000868438	0.00805022
19.6759	76.9444	0.0010871	0.00980787
24.7277	76.3587	0.00102705	0.00972313
22.3999	76.5052	0.00107054	0.010754
23.0327	74.7883	0.00151288	0.0165514
24.7277	76.3587	0.00102705	0.00972313
24.9752	78.5234	0.000747334	0.00651639
23.329	78.279	0.00079537	0.00727839
21.0802	79.5053	0.000830958	0.00751014
19.1515	78.89	0.000959476	0.00836506
21.6827	78.0345	0.000868438	0.00805022
25	80	0.000705833	0.00605979
24.9752	78.5234	0.000747334	0.00651639
26.9661	79.8761	0.000691768	0.00553895
19.6759	76.9444	0.0010871	0.00980787
19.1515	78.89	0.000959476	0.00836506
17.2597	78.0345	0.00119319	0.00974755
28.3173	78.0345	0.000799461	0.00611732
30.8485	78.89	0.000877277	0.00597342
28.9198	79.5053	0.000766274	0.00570988
18.1801	75.6267	0.00150647	0.0131026
19.6759	76.9444	0.0010871	0.00980787
17.2597	78.0345	0.00119319	0.00974755
15.4167	76.9444	0.00152347	0.011166
18.1801	75.6267	0.00150647	0.0131026
17.2597	78.0345	0.00119319	0.00974755
23.0327	74.7883	0.00151288	0.0165514
21.4331	74.0896	0.00185837	0.0211386
22.5483	72.3429	0.00294913	0.0381946
15.4167	76.9444	0.00152347	0.011166
16.5527	73.7985	0.00226719	0.0170471
18.1801	75.6267	0.00150647	0.0131026
20.0967	72.3429	0.00301116	0.0359981
21.8037	69.5771	0.0067346	4.50182
22.5483	72.3429	0.00294913	0.0381946
15.4167	76.9444	0.00152347	0.011166
13.6336	75.6267	0.00224694	0.0145536
14.237	73.9441	0.0025836	0.0164795
29.3832	76.0659	0.00111607	0.00832067
31.3712	77.1646	0.00104577	0.00692669
28.3173	78.0345	0.000799461	0.00611732
31.9219	75.3472	0.00141397	0.00914145
34.5833	76.9444	0.00137926	0.00783868
32.7403	78.0345	0.00105649	0.00661691
14.237	73.9441	0.0025836	0.0164795
11.9212	74.0896	0.00325018	0.0187778
12.7417	72.3429	0.00391177	0.0217676
11.25	70.3973	0.0067871	0.0336454
12.7417	72.3429	0.00391177	0.0217676
10.2901	72.3429	0.0052306	0.0275325
17.645	72.3429	0.00307083	0.0253726
16.5527	73.7985	0.00226719	0.0170471
15.1934	72.3429	0.0033092	0.0210351
19.193	69.7412	0.00657335	0.063847
17.645	72.3429	0.00307083	0.0253726
16.25	70.3973	0.00530914	0.0325338
20.0967	72.3429	0.00301116	0.0359981
19.0551	74.0896	0.00196601	0.0193671
17.645	72.3429	0.00307083	0.0253726
19.0551	74.0896	0.00196601	0.0193671
18.1801	75.6267	0.00150647	0.0131026
16.5527	73.7985	0.00226719	0.0170471
32.355	72.3429	0.0028027	0.0181981
34.8066	72.3429	0.00316736	0.0171668
33.3228	74.0896	0.00194741	0.0115862
33.3228	74.0896	0.00194741	0.0115862
31.9219	75.3472	0.00141397	0.00914145
30.9297	73.8705	0.00185972	0.0131214
35.7008	74.0896	0.00237897	0.0123855
33.3228	74.0896	0.00194741	0.0115862
34.8066	72.3429	0.00316736	0.0171668
34.5833	76.9444	0.00137926	0.00783868
31.9219	75.3472	0.00141397	0.00914145
33.3228	74.0896	0.00194741	0.0115862
17.4187	68.2649	0.0102524	0.0621597
14.8915	68.2649	0.00968722	0.044173
16.8484	65.9587	0.0203163	0.0846736
16.25	70.3973	0.00530914	0.0325338
13.513	70.6966	0.0052361	0.0271704
14.8915	68.2649	0.00968722	0.044173
19.193	69.7412	0.00657335	0.063847
16.25	70.3973	0.00530914	0.0325338
17.4187	68.2649	0.0102524	0.0621597
15.1934	72.3429	0.0033092	0.0210351
14.237	73.9441	0.0025836	0.0164795
12.7417	72.3429	0.00391177	0.0217676
17.645	72.3429	0.00307083	0.0253726
15.1934	72.3429	0.0033092	0.0210351
16.25	70.3973	0.00530914	0.0325338
16.5527	73.7985	0.00226719	0.0170471
14.237	73.9441	0.0025836	0.0164795
15.1934	72.3429	0.0033092	0.0210351
12.7417	72.3429	0.00391177	0.0217676
11.25	70.3973	0.0067871	0.0336454
13.513	70.6966	0.0052361	0.0271704
8.74996	70.3973	0.00913074	0.0464925
11.25	70.3973	0.0067871	0.0336454
10.2901	72.3429	0.0052306	0.0275325
12.3644	68.2649	0.0106248	0.0448584
13.846	66.4528	0.0172246	0.0530626
14.8915	68.2649	0.00968722	0.044173
9.83732	68.2649	0.012833	0.0654894
12.3644	68.2649	0.0106248	0.0448584
11.25	70.3973	0.0067871	0.0336454
9.83732	68.2649	0.012833	0.0654894
11.414	65.9587	0.0216207	0.0678412
12.3644	68.2649	0.0106248	0.0448584
9.83732	68.2649	0.012833	0.0654894
11.25	70.3973	0.0067871	0.0336454
8.74996	70.3973	0.00913074	0.0464925
14.8915	68.2649	0.00968722	0.044173
13.513	70.6966	0.0052361	0.0271704
12.3644	68.2649	0.0106248	0.0448584
15.1934	72.3429	0.0033092	0.0210351
12.7417	72.3429	0.00391177	0.0217676
13.513	70.6966	0.0052361	0.0271704
15.4167	76.9444	0.00152347	0.011166
14.237	73.9441	0.0025836	0.0164795
16.5527	73.7985	0.00226719	0.0170471
13.6336	75.6267	0.00224694	0.0145536
11.9212	74.0896	0.00325018	0.0187778
14.237	73.9441	0.0025836	0.0164795
11.9212	74.0896	0.00325018	0.0187778
10.2901	72.3429	0.0052306	0.0275325
12.7417	72.3429	0.00391177	0.0217676
7.31021	68.2649	0.0170069	0.0954148
9.83732	68.2649	0.012833	0.0654894
8.74996	70.3973	0.00913074	0.0464925
7.31021	68.2649	0.0170069	0.0954148
5.97957	65.9587	0.0339669	4.62175
8.78345	65.7825	0.0270558	4.55896
28.3173	78.0345	0.000799461	0.00611732
28.9198	79.5053	0.000766274	0.00570988
26.9661	79.8761	0.000691768	0.00553895
31.3712	77.1646	0.00104577	0.00692669
31.9219	75.3472	0.00141397	0.00914145
32.7403	78.0345	0.00105649	0.00661691
28.3173	78.0345	0.000799461	0.00611732
31.3712	77.1646	0.00104577	0.00692669
30.8485	78.89	0.000877277	0.00597342
29.3832	76.0659	0.00111607	0.00832067
31.9219	75.3472	0.00141397	0.00914145
31.3712	77.1646	0.00104577	0.00692669
27.2733	75.6267	0.0011935	0.0101158
29.3832	76.0659	0.00111607	0.00832067
28.3173	78.0345	0.000799461	0.00611732
28.5669	74.0896	0.00171616	0.013814
29.9033	72.3429	0.00271183	0.0211347
30.9297	73.8705	0.00185972	0.0131214
27.2733	75.6267	0.0011935	0.0101158
28.5669	74.0896	0.00171616	0.013814
29.3832	76.0659	0.00111607	0.00832067
27.2733	75.6267	0.0011935	0.0101158
26.189	74.0896	0.00172863	0.0161311
28.5669	74.0896	0.00171616	0.013814
26.2439	77.6257	0.000826541	0.00702531
27.2733	75.6267	0.0011935	0.0101158
28.3173	78.0345	0.000799461	0.00611732
26.9661	79.8761	0.000691768	0.00553895
26.2439	77.6257	0.000826541	0.00702531
28.3173	78.0345	0.000799461	0.00611732
24.9752	78.5234	0.000747334	0.00651639
24.7277	76.3587	0.00102705	0.00972313
26.2439	77.6257	0.000826541	0.00702531
31.0572	70.658	0.0042745	0.0326896
30.0542	68.2649	0.0087106	4.39931
32.2468	68.921	0.00695798	0.0444679
31.0572	70.658	0.0042745	0.0326896
28.75	70.3973	0.00477599	0.0400738
30.0542	68.2649	0.0087106	4.39931
33.75	70.3973	0.00487397	0.0266506
31.0572	70.658	0.0042745	0.0326896
32.2468	68.921	0.00695798	0.0444679
29.9033	72.3429	0.00271183	0.0211347
28.75	70.3973	0.00477599	0.0400738
31.0572	70.658	0.0042745	0.0326896
30.9297	73.8705	0.00185972	0.0131214
29.9033	72.3429	0.00271183	0.0211347
32.355	72.3429	0.0028027	0.0181981
33.3228	74.0896	0.00194741	0.0115862
30.9297	73.8705	0.00185972	0.0131214
32.355	72.3429	0.0028027	0.0181981
31.9219	75.3472	0.00141397	0.00914145
29.3832	76.0659	0.00111607	0.00832067
30.9297	73.8705	0.00185972	0.0131214
28.5669	74.0896	0.00171616	0.013814
26.189	74.0896	0.00172863	0.0161311
27.4517	72.3429	0.00273337	0.0235303
25	72.3429	0.00277067	0.0289809
23.75	70.3973	0.00523109	0.0585968
27.0253	69.2491	0.00681661	0.0554166
26.9661	79.8761	0.000691768	0.00553895
24.9752	78.5234	0.000747334	0.00651639
26.2439	77.6257	0.000826541	0.00702531
27.0253	69.2491	0.00681661	0.0554166
24.3347	67.1118	0.0132382	0.110127
26.9568	67.2765	0.0119816	0.0810043
19.0904	66.7823	0.016703	0.109402
19.999	65.078	0.029042	4.64028
22.2828	65.9587	0.01864	4.64372
17.4187	68.2649	0.0102524	0.0621597
19.0904	66.7823	0.016703	0.109402
19.193	69.7412	0.00657335	0.063847
17.4187	68.2649	0.0102524	0.0621597
16.8484	65.9587	0.0203163	0.0846736
19.0904	66.7823	0.016703	0.109402
27.4517	72.3429	0.00273337	0.0235303
28.75	70.3973	0.00477599	0.0400738
29.9033	72.3429	0.00271183	0.0211347
28.5669	74.0896	0.00171616	0.013814
27.4517	72.3429	0.00273337	0.0235303
29.9033	72.3429	0.00271183	0.0211347
26.189	74.0896	0.00172863	0.0161311
25	72.3429	0.00277067	0.0289809
27.4517	72.3429	0.00273337	0.0235303
27.0253	69.2491	0.00681661	0.0554166
26.9568	67.2765	0.0119816	0.0810043
30.0542	68.2649	0.0087106	4.39931
27.4517	72.3429	0.00273337	0.0235303
27.0253	69.2491	0.00681661	0.0554166
28.75	70.3973	0.00477599	0.0400738
23.75	70.3973	0.00523109	0.0585968
24.3347	67.1118	0.0132382	0.110127
27.0253	69.2491	0.00681661	0.0554166
34.8233	67.7707	0.0106947	0.0462473
37.4455	67.9354	0.0119506	4.34078
36.25	70.3973	0.00562318	0.0299193
31.3712	77.1646	0.00104577	0.00692669
32.7403	78.0345	0.00105649	0.00661691
30.8485	78.89	0.000877277	0.00597342
23.329	78.279	0.00079537	0.00727839
22.3999	76.5052	0.00107054	0.010754
24.7277	76.3587	0.00102705	0.00972313
23.0339	79.8761	0.000726111	0.00648613
23.329	78.279	0.00079537	0.00727839
24.9752	78.5234	0.000747334	0.00651639
21.6827	78.0345	0.000868438	0.00805022
22.3999	76.5052	0.00107054	0.010754
23.329	78.279	0.00079537	0.00727839
21.6827	78.0345	0.000868438	0.00805022
23.329	78.279	0.00079537	0.00727839
23.0339	79.8761	0.000726111	0.00648613
25	72.3429	0.00277067	0.0289809
26.189	74.0896	0.00172863	0.0161311
23.0327	74.7883	0.00151288	0.0165514
27.2733	75.6267	0.0011935	0.0101158
26.2439	77.6257	0.000826541	0.00702531
24.7277	76.3587	0.00102705	0.00972313
25	80	0.000705833	0.00605979
23.0339	79.8761	0.000726111	0.00648613
24.9752	78.5234	0.000747334	0.00651639
35.7008	74.0896	0.00237897	0.0123855
37.3942	72.4885	0.00384531	0.0182858
38.0788	74.0896	0.00318918	0.0150789
34.5833	76.9444	0.00137926	0.00783868
35.7008	74.0896	0.00237897	0.0123855
36.3664	75.6267	0.00210606	0.0109482
34.8066	72.3429	0.00316736	0.0171668
37.3942	72.4885	0.00384531	0.0182858
35.7008	74.0896	0.00237897	0.0123855
34.5833	76.9444	0.00137926	0.00783868
33.3228	74.0896	0.00194741	0.0115862
35.7008	74.0896	0.00237897	0.0123855
33.75	70.3973	0.00487397	0.0266506
36.25	70.3973	0.00562318	0.0299193
34.8066	72.3429	0.00316736	0.0171668
35.7008	74.0896	0.00237897	0.0123855
38.0788	74.0896	0.00318918	0.0150789
36.3664	75.6267	0.00210606	0.0109482
37.4455	67.9354	0.0119506	4.34078
38.75	70.3973	0.0069404	0.0298961
36.25	70.3973	0.00562318	0.0299193
39.7099	72.3429	0.00529672	0.021708
38.0788	74.0896	0.00318918	0.0150789
37.3942	72.4885	0.00384531	0.0182858
36.25	70.3973	0.00562318	0.0299193
33.75	70.3973	0.00487397	0.0266506
34.8233	67.7707	0.0106947	0.0462473
37.3942	72.4885	0.00384531	0.0182858
36.25	70.3973	0.00562318	0.0299193
38.75	70.3973	0.0069404	0.0298961
37.3942	72.4885	0.00384531	0.0182858
34.8066	72.3429	0.00316736	0.0171668
36.25	70.3973	0.00562318	0.0299193
15.5575	63.4929	0.0486536	0.0931175
16.8484	65.9587	0.0203163	0.0846736
13.846	66.4528	0.0172246	0.0530626
11.414	65.9587	0.0216207	0.0678412
12.8597	63.4929	0.0450655	0.0598535
13.846	66.4528	0.0172246	0.0530626
15.0494	60.8826	0.107381	0.0664769
17.5295	61.7527	0.0851387	4.59166
15.5575	63.4929	0.0486536	0.0931175
15.5575	63.4929	0.0486536	0.0931175
17.5295	61.7527	0.0851387	4.59166
16.8484	65.9587	0.0203163	0.0846736
11.6319	58.144	4.58127	0.0282718
14.6026	58.144	4.78023	0.0356244
12.3979	60.3349	0.120665	0.0441681
14.6026	58.144	4.78023	0.0356244
17.2808	59.0298	4.73618	0.066914
15.0494	60.8826	0.107381	0.0664769
20.363	63.0044	0.0536131	4.64486
19.999	65.078	0.029042	4.64028
17.5295	61.7527	0.0851387	4.59166
20.7355	60.8826	0.100052	4.57168
20.363	63.0044	0.0536131	4.64486
17.5295	61.7527	0.0851387	4.59166
20.7355	60.8826	0.100052	4.57168
23.0704	62.1007	0.0389756	0.0834983
20.363	63.0044	0.0536131	4.64486
11.6319	58.144	4.58127	0.0282718
10.6893	54.7417	4.92442	0.0123011
14.2198	55.2938	4.89081	0.0171508
9.3634	60.8826	0.1106	0.0572696
11.6319	58.144	4.58127	0.0282718
12.3979	60.3349	0.120665	0.0441681
8.66123	58.144	4.804	0.0300087
10.6893	54.7417	4.92442	0.0123011
11.6319	58.144	4.58127	0.0282718
5.69054	58.144	4.8291	0.0381907
4.92487	55.4838	4.93252	0.0161801
8.05963	55.2938	4.92312	0.0143695
6.4478	61.0566	0.118251	0.0756048
5.69054	58.144	4.8291	0.0381907
8.66123	58.144	4.804	0.0300087
3.67737	60.8826	0.150796	4.44806
2.71986	58.144	4.8654	0.0368721
5.69054	58.144	4.8291	0.0381907
36.8222	64.0212	0.0358819	0.0475078
39.6261	63.8451	0.0437414	0.040274
38.586	65.9587	0.02209	0.0439654
34.1521	62.7968	0.0464357	4.44107
36.8222	64.0212	0.0358819	0.0475078
35.8688	65.9587	0.0188849	0.0530925
37.7936	60.8826	0.104475	0.0276777
39.6261	63.8451	0.0437414	0.040274
36.8222	64.0212	0.0358819	0.0475078
38.75	70.3973	0.0069404	0.0298961
40.1627	68.2649	0.0132134	0.0369854
41.25	70.3973	0.00933322	0.0268453
37.3942	72.4885	0.00384531	0.0182858
38.75	70.3973	0.0069404	0.0298961
39.7099	72.3429	0.00529672	0.021708
37.4455	67.9354	0.0119506	4.34078
40.1627	68.2649	0.0132134	0.0369854
38.75	70.3973	0.0069404	0.0298961
35.8688	65.9587	0.0188849	0.0530925
37.4455	67.9354	0.0119506	4.34078
34.8233	67.7707	0.0106947	0.0462473
33.1516	65.9587	0.0167662	0.0648179
35.8688	65.9587	0.0188849	0.0530925
34.8233	67.7707	0.0106947	0.0462473
34.1521	62.7968	0.0464357	4.44107
34.9506	60.8826	0.0838316	0.0520979
36.8222	64.0212	0.0358819	0.0475078
38.75	70.3973	0.0069404	0.0298961
41.25	70.3973	0.00933322	0.0268453
39.7099	72.3429	0.00529672	0.021708
38.586	65.9587	0.02209	0.0439654
40.1627	68.2649	0.0132134	0.0369854
37.4455	67.9354	0.0119506	4.34078
41.3032	65.9587	0.0262725	0.0417263
42.6898	68.2649	0.0173548	0.0334126
40.1627	68.2649	0.0132134	0.0369854
41.3032	65.9587	0.0262725	0.0417263
44.0204	65.9587	0.0338123	0.0474748
42.6898	68.2649	0.0173548	0.0334126
41.25	70.3973	0.00933322	0.0268453
40.1627	68.2649	0.0132134	0.0369854
42.6898	68.2649	0.0173548	0.0334126
36.8222	64.0212	0.0358819	0.0475078
34.9506	60.8826	0.0838316	0.0520979
37.7936	60.8826	0.104475	0.0276777
2.71986	58.144	4.8654	0.0368721
4.92487	55.4838	4.93252	0.0161801
5.69054	58.144	4.8291	0.0381907
8.66123	58.144	4.804	0.0300087
8.05963	55.2938	4.92312	0.0143695
10.6893	54.7417	4.92442	0.0123011
6.4478	61.0566	0.118251	0.0756048
8.66123	58.144	4.804	0.0300087
9.3634	60.8826	0.1106	0.0572696
5.69054	58.144	4.8291	0.0381907
8.05963	55.2938	4.92312	0.0143695
8.66123	58.144	4.804	0.0300087
1.8995	55.2938	4.94937	0.0133962
4.92487	55.4838	4.93252	0.0161801
2.71986	58.144	4.8654	0.0368721
1.8995	55.2938	4.94937	0.0133962
1.22131	52.3495	4.97995	0.00516126
4.19365	52.3495	4.97585	0.00585546
41.3032	65.9587	0.0262725	0.0417263
42.43	63.669	0.0535431	4.34634
44.0204	65.9587	0.0338123	0.0474748
43.4796	60.8826	0.123414	0.028408
40.6366	60.8826	0.115073	0.0285368
41.4664	58.5091	4.78843	0.0135278
45.2338	63.4929	0.068798	0.0437491
43.4796	60.8826	0.123414	0.028408
46.3226	60.8826	0.145731	0.0196134
42.43	63.669	0.0535431	4.34634
40.6366	60.8826	0.115073	0.0285368
43.4796	60.8826	0.123414	0.028408
41.4664	58.5091	4.78843	0.0135278
38.5596	58.6917	4.75517	0.0161514
38.8603	55.2938	4.89026	0.00610098
46.3226	60.8826	0.145731	0.0196134
43.4796	60.8826	0.123414	0.028408
44.2548	57.954	4.83252	0.00989711
42.43	63.669	0.0535431	4.34634
39.6261	63.8451	0.0437414	0.040274
40.6366	60.8826	0.115073	0.0285368
44.0204	65.9587	0.0338123	0.0474748
42.43	63.669	0.0535431	4.34634
45.2338	63.4929	0.068798	0.0437491
36.8222	64.0212	0.0358819	0.0475078
38.586	65.9587	0.02209	0.0439654
35.8688	65.9587	0.0188849	0.0530925
40.6366	60.8826	0.115073	0.0285368
39.6261	63.8451	0.0437414	0.040274
37.7936	60.8826	0.104475	0.0276777
38.586	65.9587	0.02209	0.0439654
37.4455	67.9354	0.0119506	4.34078
35.8688	65.9587	0.0188849	0.0530925
41.3032	65.9587	0.0262725	0.0417263
38.586	65.9587	0.02209	0.0439654
39.6261	63.8451	0.0437414	0.040274
41.3032	65.9587	0.0262725	0.0417263
40.1627	68.2649	0.0132134	0.0369854
38.586	65.9587	0.02209	0.0439654
32.2468	68.921	0.00695798	0.0444679
30.4344	65.9587	0.015608	0.0751707
33.1516	65.9587	0.0167662	0.0648179
21.7285	50.6506	0.228852	0.0047452
19.0553	52.3495	0.229043	0.00817099
18.9224	49.3292	4.86967	0.00286923
21.7462	47.598	4.88343	0.00160481
21.7285	50.6506	0.228852	0.0047452
18.9224	49.3292	4.86967	0.00286923
15.8835	49.3292	4.93458	0.00290631
18.8268	46.2515	4.90592	0.00103527
18.9224	49.3292	4.86967	0.00286923
22.0142	44.8882	4.89404	0.000695076
25	46.2515	4.91209	0.000932554
21.7462	47.598	4.88343	0.00160481
24.7341	50.8393	4.82379	0.00454616
22.4091	54.0056	0.18336	0.0145134
21.7285	50.6506	0.228852	0.0047452
26.54	55.2938	0.176823	0.0162423
26.4853	58.144	0.404832	0.023759
23.0771	56.6239	4.71708	0.025952
30.9447	52.3495	4.85283	0.00570477
29.6201	55.2938	4.76823	0.0148319
27.9723	52.3495	4.83487	0.00696157
26.4853	58.144	0.404832	0.023759
26.4215	60.8826	0.03621	0.309579
24.0253	59.6046	0.382998	0.0393058
29.6201	55.2938	4.76823	0.0148319
26.4853	58.144	0.404832	0.023759
26.54	55.2938	0.176823	0.0162423
29.6201	55.2938	4.76823	0.0148319
32.1533	57.1939	0.164037	0.0252595
29.839	59.2394	0.0919266	0.0446857
17.2808	59.0298	4.73618	0.066914
20.7355	60.8826	0.100052	4.57168
17.5295	61.7527	0.0851387	4.59166
23.0771	56.6239	4.71708	0.025952
20.3936	58.6582	4.71821	0.0662494
20.0518	56.4338	4.78165	0.0321902
23.0771	56.6239	4.71708	0.025952
24.0253	59.6046	0.382998	0.0393058
20.3936	58.6582	4.71821	0.0662494
39.0601	41.8598	0.182176	0.000227662
37.5191	43.9145	0.142353	0.000347162
37.5	40	4.77883	0.000161829
40.625	40	0.221289	0.000153684
39.0601	41.8598	0.182176	0.000227662
37.5	40	4.77883	0.000161829
40.6201	43.7197	0.185135	0.000279363
37.5191	43.9145	0.142353	0.000347162
39.0601	41.8598	0.182176	0.000227662
40.6201	43.7197	0.185135	0.000279363
40.433	46.2515	4.79418	0.000463927
37.5191	43.9145	0.142353	0.000347162
43.6923	43.1354	0.238102	0.000223793
40.6201	43.7197	0.185135	0.000279363
40.625	40	0.221289	0.000153684
43.6923	43.1354	0.238102	0.000223793
43.5196	46.2515	4.87276	0.000400252
40.6201	43.7197	0.185135	0.000279363
46.8798	40.196	4.93388	0.000148502
43.6923	43.1354	0.238102	0.000223793
43.75	40	4.86512	0.000144508
46.8077	43.1354	4.91067	0.000207707
49.6928	46.2515	4.95592	0.00032643
46.6062	46.2515	4.93165	0.00035313
37.5	40	4.77883	0.000161829
34.399	40.9798	0.166138	0.000230904
34.3221	37.8444	4.83972	0.000139169
40.5769	36.8646	4.91118	0.000118211
37.5	40	4.77883	0.000161829
37.4615	36.8646	4.90682	0.000122186
40.625	40	0.221289	0.000153684
40.6201	43.7197	0.185135	0.000279363
39.0601	41.8598	0.182176	0.000227662
40.1224	48.7521	4.85669	0.000859682
37.0597	48.5598	0.198431	0.0011354
37.3464	46.2515	0.15968	0.000603098
34.1165	49.3292	0.20442	0.00167148
36.7564	51.5944	4.84922	0.00256637
34.1289	53.2696	4.8442	0.00576933
31.1732	46.2515	4.77645	0.000927067
34.1165	49.3292	0.20442	0.00167148
31.0776	49.3292	4.8363	0.00230085
28.0866	46.2515	4.88351	0.000970071
31.1732	46.2515	4.77645	0.000927067
31.0776	49.3292	4.8363	0.00230085
34.3294	43.6157	0.131318	0.000391436
34.399	40.9798	0.166138	0.000230904
37.5191	43.9145	0.142353	0.000347162
31.1732	46.2515	4.77645	0.000927067
31.226	43.7137	0.184536	0.000468201
34.2598	46.2515	0.150224	0.000744271
31.2788	41.1758	0.179722	0.000267568
34.399	40.9798	0.166138	0.000230904
34.3294	43.6157	0.131318	0.000391436
37.0597	48.5598	0.198431	0.0011354
36.7564	51.5944	4.84922	0.00256637
34.1165	49.3292	0.20442	0.00167148
37.3464	46.2515	0.15968	0.000603098
37.0597	48.5598	0.198431	0.0011354
34.2598	46.2515	0.150224	0.000744271
40.433	46.2515	4.79418	0.000463927
37.3464	46.2515	0.15968	0.000603098
37.5191	43.9145	0.142353	0.000347162
40.433	46.2515	4.79418	0.000463927
40.1224	48.7521	4.85669	0.000859682
37.3464	46.2515	0.15968	0.000603098
40.1224	48.7521	4.85669	0.000859682
36.7564	51.5944	4.84922	0.00256637
37.0597	48.5598	0.198431	0.0011354
46.2717	49.3292	4.95685	0.00072599
45.8487	52.5335	4.95766	0.00175799
43.2329	49.3292	4.92885	0.00085987
34.1165	49.3292	0.20442	0.00167148
34.1289	53.2696	4.8442	0.00576933
30.9447	52.3495	4.85283	0.00570477
7.464	63.4929	0.0556251	4.56346
8.78345	65.7825	0.0270558	4.55896
5.97957	65.9587	0.0339669	4.62175
6.4478	61.0566	0.118251	0.0756048
7.464	63.4929	0.0556251	4.56346
4.76616	63.4929	0.0690239	0.110853
6.4478	61.0566	0.118251	0.0756048
9.3634	60.8826	0.1106	0.0572696
7.464	63.4929	0.0556251	4.56346
12.3979	60.3349	0.120665	0.0441681
10.1618	63.4929	0.0469752	0.0788128
9.3634	60.8826	0.1106	0.0572696
12.8597	63.4929	0.0450655	0.0598535
15.0494	60.8826	0.107381	0.0664769
15.5575	63.4929	0.0486536	0.0931175
12.3644	68.2649	0.0106248	0.0448584
13.513	70.6966	0.0052361	0.0271704
11.25	70.3973	0.0067871	0.0336454
16.8484	65.9587	0.0203163	0.0846736
14.8915	68.2649	0.00968722	0.044173
13.846	66.4528	0.0172246	0.0530626
17.4187	68.2649	0.0102524	0.0621597
16.25	70.3973	0.00530914	0.0325338
14.8915	68.2649	0.00968722	0.044173
19.999	65.078	0.029042	4.64028
19.0904	66.7823	0.016703	0.109402
16.8484	65.9587	0.0203163	0.0846736
19.193	69.7412	0.00657335	0.063847
20.0967	72.3429	0.00301116	0.0359981
17.645	72.3429	0.00307083	0.0253726
9.83732	68.2649	0.012833	0.0654894
8.78345	65.7825	0.0270558	4.55896
11.414	65.9587	0.0216207	0.0678412
6.48041	46.2515	4.99208	0.00105032
3.72828	49.3292	4.98999	0.00231944
3.39381	46.2515	4.99489	0.000966722
9.70619	49.8955	4.97849	0.00312563
6.76709	49.3292	4.98703	0.00247834
9.61019	45.6673	4.98663	0.00088684
9.70619	49.8955	4.97849	0.00312563
10.1383	52.3495	4.96135	0.00635423
7.16598	52.3495	4.97026	0.0060744
13.1107	52.3495	4.9433	0.00703226
10.1383	52.3495	4.96135	0.00635423
12.7118	50.0843	4.96296	0.00361745
4.19365	52.3495	4.97585	0.00585546
3.72828	49.3292	4.98999	0.00231944
6.76709	49.3292	4.98703	0.00247834
1.8995	55.2938	4.94937	0.0133962
4.19365	52.3495	4.97585	0.00585546
4.92487	55.4838	4.93252	0.0161801
1.22131	52.3495	4.97995	0.00516126
3.72828	49.3292	4.98999	0.00231944
4.19365	52.3495	4.97585	0.00585546
22.2828	65.9587	0.01864	4.64372
23.0704	62.1007	0.0389756	0.0834983
25.6067	64.7258	0.0196768	4.57456
21.8037	69.5771	0.0067346	4.50182
22.2828	65.9587	0.01864	4.64372
24.3347	67.1118	0.0132382	0.110127
19.999	65.078	0.029042	4.64028
20.363	63.0044	0.0536131	4.64486
22.2828	65.9587	0.01864	4.64372
21.8037	69.5771	0.0067346	4.50182
19.193	69.7412	0.00657335	0.063847
19.0904	66.7823	0.016703	0.109402
16.8484	65.9587	0.0203163	0.0846736
17.5295	61.7527	0.0851387	4.59166
19.999	65.078	0.029042	4.64028
22.2828	65.9587	0.01864	4.64372
20.363	63.0044	0.0536131	4.64486
23.0704	62.1007	0.0389756	0.0834983
16.25	70.3973	0.00530914	0.0325338
15.1934	72.3429	0.0033092	0.0210351
13.513	70.6966	0.0052361	0.0271704
7.464	63.4929	0.0556251	4.56346
10.1618	63.4929	0.0469752	0.0788128
8.78345	65.7825	0.0270558	4.55896
20.0518	56.4338	4.78165	0.0321902
19.0553	52.3495	0.229043	0.00817099
22.4091	54.0056	0.18336	0.0145134
20.3936	58.6582	4.71821	0.0662494
17.2808	59.0298	4.73618	0.066914
20.0518	56.4338	4.78165	0.0321902
15.0494	60.8826	0.107381	0.0664769
12.8597	63.4929	0.0450655	0.0598535
12.3979	60.3349	0.120665	0.0441681
9.3634	60.8826	0.1106	0.0572696
8.66123	58.144	4.804	0.0300087
11.6319	58.144	4.58127	0.0282718
9.70619	49.8955	4.97849	0.00312563
7.16598	52.3495	4.97026	0.0060744
6.76709	49.3292	4.98703	0.00247834
13.1107	52.3495	4.9433	0.00703226
16.083	52.3495	4.89159	0.0076604
14.2198	55.2938	4.89081	0.0171508
23.0771	56.6239	4.71708	0.025952
22.4091	54.0056	0.18336	0.0145134
26.54	55.2938	0.176823	0.0162423
20.7355	60.8826	0.100052	4.57168
20.3936	58.6582	4.71821	0.0662494
24.0253	59.6046	0.382998	0.0393058
20.0518	56.4338	4.78165	0.0321902
22.4091	54.0056	0.18336	0.0145134
23.0771	56.6239	4.71708	0.025952
20.7355	60.8826	0.100052	4.57168
17.2808	59.0298	4.73618	0.066914
20.3936	58.6582	4.71821	0.0662494
17.0264	56.2438	4.83573	0.0273735
19.0553	52.3495	0.229043	0.00817099
20.0518	56.4338	4.78165	0.0321902
6.30769	36.8646	4.99253	0.000156995
6.24038	39.6081	4.99229	0.000218065
3.19231	36.8646	4.99696	0.000155334
9.49534	33.1714	4.98732	0.00012296
9.42308	36.8646	4.97911	0.000160771
6.43263	33.3637	4.99495	0.000123373
6.31731	42.7435	4.99293	0.000411711
3.125	40	4.99664	0.000228665
6.24038	39.6081	4.99229	0.000218065
9.4375	42.5475	4.98223	0.000427128
12.5	40	4.93158	0.000244797
12.5577	42.3516	4.95189	0.000412321
6.30769	36.8646	4.99253	0.000156995
9.36058	39.4121	4.97821	0.000222712
6.24038	39.6081	4.99229	0.000218065
9.42308	36.8646	4.97911	0.000160771
12.5385	36.8646	4.93745	0.000160198
9.36058	39.4121	4.97821	0.000222712
15.8122	34.7222	4.90222	0.000130083
12.5385	36.8646	4.93745	0.000160198
12.7112	34.5275	4.95984	0.000131375
9.4375	42.5475	4.98223	0.000427128
12.5577	42.3516	4.95189	0.000412321
9.61019	45.6673	4.98663	0.00088684
6.24038	39.6081	4.99229	0.000218065
9.4375	42.5475	4.98223	0.000427128
6.31731	42.7435	4.99293	0.000411711
9.36058	39.4121	4.97821	0.000222712
12.5	40	4.93158	0.000244797
9.4375	42.5475	4.98223	0.000427128
15.601	39.0202	0.242442	0.000212747
12.5	40	4.93158	0.000244797
12.5385	36.8646	4.93745	0.000160198
15.601	39.0202	0.242442	0.000212747
15.6779	42.1556	4.87394	0.00040648
12.5	40	4.93158	0.000244797
6.48041	46.2515	4.99208	0.00105032
6.76709	49.3292	4.98703	0.00247834
3.72828	49.3292	4.98999	0.00231944
6.31731	42.7435	4.99293	0.000411711
6.48041	46.2515	4.99208	0.00105032
3.39381	46.2515	4.99489	0.000966722
9.61019	45.6673	4.98663	0.00088684
6.76709	49.3292	4.98703	0.00247834
6.48041	46.2515	4.99208	0.00105032
12.7118	50.0843	4.96296	0.00361745
9.70619	49.8955	4.97849	0.00312563
11.1799	48.0735	4.97678	0.00206428
3.19711	42.9395	4.99626	0.000426177
0.076922	43.1354	4.99694	0.000447522
-3.10282e-28	40	4.99764	0.000238674
6.31731	42.7435	4.99293	0.000411711
3.19711	42.9395	4.99626	0.000426177
3.125	40	4.99664	0.000228665
3.39381	46.2515	4.99489	0.000966722
0.307214	46.2515	4.99571	0.000901413
3.19711	42.9395	4.99626	0.000426177
45.0204	55.2938	4.92631	0.00415153
41.9404	55.2938	4.91113	0.00504448
42.834	52.3495	4.94299	0.00202342
48.1005	55.2938	4.93968	0.00328199
45.0204	55.2938	4.92631	0.00415153
45.8487	52.5335	4.95766	0.00175799
44.2548	57.954	4.83252	0.00989711
41.9404	55.2938	4.91113	0.00504448
45.0204	55.2938	4.92631	0.00415153
46.3226	60.8826	0.145731	0.0196134
44.2548	57.954	4.83252	0.00989711
47.2801	58.144	4.85786	0.00790539
41.4664	58.5091	4.78843	0.0135278
38.8603	55.2938	4.89026	0.00610098
41.9404	55.2938	4.91113	0.00504448
27.9723	52.3495	4.83487	0.00696157
28.0388	49.3292	4.88453	0.00258438
30.9447	52.3495	4.85283	0.00570477
19.0553	52.3495	0.229043	0.00817099
21.7285	50.6506	0.228852	0.0047452
22.4091	54.0056	0.18336	0.0145134
25	46.2515	4.91209	0.000932554
28.0388	49.3292	4.88453	0.00258438
24.7341	50.8393	4.82379	0.00454616
21.7285	50.6506	0.228852	0.0047452
21.7462	47.598	4.88343	0.00160481
24.7341	50.8393	4.82379	0.00454616
15.6779	42.1556	4.87394	0.00040648
17.2523	44.2036	4.88539	0.000663947
14.1489	44.3016	4.94407	0.000706827
22.0142	44.8882	4.89404	0.000695076
18.8268	46.2515	4.90592	0.00103527
18.7981	41.9596	0.22962	0.000348207
15.8835	49.3292	4.93458	0.00290631
12.6536	46.2515	4.97007	0.00111115
15.7402	46.2515	4.93863	0.00120688
17.0264	56.2438	4.83573	0.0273735
16.083	52.3495	4.89159	0.0076604
19.0553	52.3495	0.229043	0.00817099
4.19365	52.3495	4.97585	0.00585546
7.16598	52.3495	4.97026	0.0060744
4.92487	55.4838	4.93252	0.0161801
21.9183	41.7637	4.83989	0.000336493
25	43.1354	4.89918	0.000419754
22.0142	44.8882	4.89404	0.000695076
28.125	40	4.8361	0.000217769
25	40	4.86321	0.000211632
28.1154	36.8646	4.85549	0.000138961
25	30.6708	4.91767	9.95859e-05
25.1151	35.3065	0.245758	0.000124167
21.9134	33.7485	0.256364	0.000118408
31.3171	35.696	4.88865	0.000119641
28.0866	33.7485	4.90082	0.000109135
30.9343	31.8249	4.95026	9.99306e-05
28.1154	36.8646	4.85549	0.000138961
25.1151	35.3065	0.245758	0.000124167
28.0866	33.7485	4.90082	0.000109135
33.7508	28.5944	4.96369	9.64037e-05
37.1553	30.6708	4.97841	0.000100094
33.997	31.6326	4.96269	0.000100413
21.8846	36.8646	4.79949	0.000150501
21.9014	39.3141	0.233806	0.000209517
18.7212	38.8242	0.204244	0.000201021
28.1154	36.8646	4.85549	0.000138961
25	40	4.86321	0.000211632
25.1151	35.3065	0.245758	0.000124167
28.125	40	4.8361	0.000217769
28.1154	43.1354	4.85015	0.000435592
25	40	4.86321	0.000211632
3.72828	49.3292	4.98999	0.00231944
1.22131	52.3495	4.97995	0.00516126
0.68946	49.3292	4.99148	0.0020868
0.307214	46.2515	4.99571	0.000901413
3.39381	46.2515	4.99489	0.000966722
0.68946	49.3292	4.99148	0.0020868
11.1799	48.0735	4.97678	0.00206428
12.6536	46.2515	4.97007	0.00111115
12.7118	50.0843	4.96296	0.00361745
9.61019	45.6673	4.98663	0.00088684
11.1799	48.0735	4.97678	0.00206428
9.70619	49.8955	4.97849	0.00312563
9.61019	45.6673	4.98663	0.00088684
12.6536	46.2515	4.97007	0.00111115
11.1799	48.0735	4.97678	0.00206428
31.3817	62.6228	0.0367516	4.5082
34.1521	62.7968	0.0464357	4.44107
33.1516	65.9587	0.0167662	0.0648179
26.9568	67.2765	0.0119816	0.0810043
28.4106	64.5496	0.0206238	0.0834496
30.4344	65.9587	0.015608	0.0751707
29.839	59.2394	0.0919266	0.0446857
33.5519	59.0383	0.123014	0.0390615
31.3817	62.6228	0.0367516	4.5082
28.6113	62.4488	0.0285601	0.0630918
29.839	59.2394	0.0919266	0.0446857
31.3817	62.6228	0.0367516	4.5082
20.7355	60.8826	0.100052	4.57168
24.0253	59.6046	0.382998	0.0393058
23.0704	62.1007	0.0389756	0.0834983
25.6371	53.0665	0.212543	0.0098693
24.7341	50.8393	4.82379	0.00454616
27.9723	52.3495	4.83487	0.00696157
22.4091	54.0056	0.18336	0.0145134
25.6371	53.0665	0.212543	0.0098693
26.54	55.2938	0.176823	0.0162423
22.4091	54.0056	0.18336	0.0145134
24.7341	50.8393	4.82379	0.00454616
25.6371	53.0665	0.212543	0.0098693
29.6201	55.2938	4.76823	0.0148319
31.8745	54.2817	4.81599	0.0102718
32.1533	57.1939	0.164037	0.0252595
34.2598	46.2515	0.150224	0.000744271
34.3294	43.6157	0.131318	0.000391436
37.3464	46.2515	0.15968	0.000603098
31.1732	46.2515	4.77645	0.000927067
34.2598	46.2515	0.150224	0.000744271
34.1165	49.3292	0.20442	0.00167148
34.2598	46.2515	0.150224	0.000744271
31.226	43.7137	0.184536	0.000468201
34.3294	43.6157	0.131318	0.000391436
35.6527	58.8743	4.67395	0.0268038
38.5596	58.6917	4.75517	0.0161514
37.7936	60.8826	0.104475	0.0276777
33.5519	59.0383	0.123014	0.0390615
35.6527	58.8743	4.67395	0.0268038
34.9506	60.8826	0.0838316	0.0520979
35.7802	55.2938	4.84669	0.00829927
38.5596	58.6917	4.75517	0.0161514
35.6527	58.8743	4.67395	0.0268038
42.43	63.669	0.0535431	4.34634
43.4796	60.8826	0.123414	0.028408
45.2338	63.4929	0.068798	0.0437491
6.48041	46.2515	4.99208	0.00105032
6.31731	42.7435	4.99293	0.000411711
9.61019	45.6673	4.98663	0.00088684
0.68946	49.3292	4.99148	0.0020868
3.39381	46.2515	4.99489	0.000966722
3.72828	49.3292	4.98999	0.00231944
0.307214	46.2515	4.99571	0.000901413
0.076922	43.1354	4.99694	0.000447522
3.19711	42.9395	4.99626	0.000426177
6.4478	61.0566	0.118251	0.0756048
4.76616	63.4929	0.0690239	0.110853
3.67737	60.8826	0.150796	4.44806
5.69054	58.144	4.8291	0.0381907
6.4478	61.0566	0.118251	0.0756048
3.67737	60.8826	0.150796	4.44806
9.3634	60.8826	0.1106	0.0572696
10.1618	63.4929	0.0469752	0.0788128
7.464	63.4929	0.0556251	4.56346
14.6026	58.144	4.78023	0.0356244
15.0494	60.8826	0.107381	0.0664769
12.3979	60.3349	0.120665	0.0441681
14.2198	55.2938	4.89081	0.0171508
14.6026	58.144	4.78023	0.0356244
11.6319	58.144	4.58127	0.0282718
14.2198	55.2938	4.89081	0.0171508
17.0264	56.2438	4.83573	0.0273735
14.6026	58.144	4.78023	0.0356244
7.464	63.4929	0.0556251	4.56346
5.97957	65.9587	0.0339669	4.62175
4.76616	63.4929	0.0690239	0.110853
11.414	65.9587	0.0216207	0.0678412
13.846	66.4528	0.0172246	0.0530626
12.3644	68.2649	0.0106248	0.0448584
10.1618	63.4929	0.0469752	0.0788128
11.414	65.9587	0.0216207	0.0678412
8.78345	65.7825	0.0270558	4.55896
12.8597	63.4929	0.0450655	0.0598535
15.5575	63.4929	0.0486536	0.0931175
13.846	66.4528	0.0172246	0.0530626
10.1618	63.4929	0.0469752	0.0788128
12.8597	63.4929	0.0450655	0.0598535
11.414	65.9587	0.0216207	0.0678412
10.1618	63.4929	0.0469752	0.0788128
12.3979	60.3349	0.120665	0.0441681
12.8597	63.4929	0.0450655	0.0598535
9.83732	68.2649	0.012833	0.0654894
7.31021	68.2649	0.0170069	0.0954148
8.78345	65.7825	0.0270558	4.55896
31.8745	54.2817	4.81599	0.0102718
30.9447	52.3495	4.85283	0.00570477
34.1289	53.2696	4.8442	0.00576933
35.7802	55.2938	4.84669	0.00829927
31.8745	54.2817	4.81599	0.0102718
34.1289	53.2696	4.8442	0.00576933
29.6201	55.2938	4.76823	0.0148319
30.9447	52.3495	4.85283	0.00570477
31.8745	54.2817	4.81599	0.0102718
29.839	59.2394	0.0919266	0.0446857
26.4853	58.144	0.404832	0.023759
29.6201	55.2938	4.76823	0.0148319
33.5519	59.0383	0.123014	0.0390615
29.839	59.2394	0.0919266	0.0446857
32.1533	57.1939	0.164037	0.0252595
35.7802	55.2938	4.84669	0.00829927
33.5519	59.0383	0.123014	0.0390615
32.1533	57.1939	0.164037	0.0252595
34.9506	60.8826	0.0838316	0.0520979
31.3817	62.6228	0.0367516	4.5082
33.5519	59.0383	0.123014	0.0390615
28.6113	62.4488	0.0285601	0.0630918
26.4215	60.8826	0.03621	0.309579
29.839	59.2394	0.0919266	0.0446857
26.54	55.2938	0.176823	0.0162423
27.9723	52.3495	4.83487	0.00696157
29.6201	55.2938	4.76823	0.0148319
25.6371	53.0665	0.212543	0.0098693
27.9723	52.3495	4.83487	0.00696157
26.54	55.2938	0.176823	0.0162423
24.7341	50.8393	4.82379	0.00454616
28.0388	49.3292	4.88453	0.00258438
27.9723	52.3495	4.83487	0.00696157
22.5483	72.3429	0.00294913	0.0381946
23.75	70.3973	0.00523109	0.0585968
25	72.3429	0.00277067	0.0289809
23.0327	74.7883	0.00151288	0.0165514
22.5483	72.3429	0.00294913	0.0381946
25	72.3429	0.00277067	0.0289809
21.4331	74.0896	0.00185837	0.0211386
19.0551	74.0896	0.00196601	0.0193671
20.0967	72.3429	0.00301116	0.0359981
19.0904	66.7823	0.016703	0.109402
22.2828	65.9587	0.01864	4.64372
21.8037	69.5771	0.0067346	4.50182
24.3347	67.1118	0.0132382	0.110127
23.75	70.3973	0.00523109	0.0585968
21.8037	69.5771	0.0067346	4.50182
27.0253	69.2491	0.00681661	0.0554166
30.0542	68.2649	0.0087106	4.39931
28.75	70.3973	0.00477599	0.0400738
25.6067	64.7258	0.0196768	4.57456
28.4106	64.5496	0.0206238	0.0834496
26.9568	67.2765	0.0119816	0.0810043
22.2828	65.9587	0.01864	4.64372
25.6067	64.7258	0.0196768	4.57456
24.3347	67.1118	0.0132382	0.110127
23.0704	62.1007	0.0389756	0.0834983
26.4215	60.8826	0.03621	0.309579
25.6067	64.7258	0.0196768	4.57456
30.4344	65.9587	0.015608	0.0751707
30.0542	68.2649	0.0087106	4.39931
26.9568	67.2765	0.0119816	0.0810043
28.6113	62.4488	0.0285601	0.0630918
31.3817	62.6228	0.0367516	4.5082
28.4106	64.5496	0.0206238	0.0834496
25.6067	64.7258	0.0196768	4.57456
28.6113	62.4488	0.0285601	0.0630918
28.4106	64.5496	0.0206238	0.0834496
26.4215	60.8826	0.03621	0.309579
26.4853	58.144	0.404832	0.023759
29.839	59.2394	0.0919266	0.0446857
25.6067	64.7258	0.0196768	4.57456
26.4215	60.8826	0.03621	0.309579
28.6113	62.4488	0.0285601	0.0630918
24.0253	59.6046	0.382998	0.0393058
23.0771	56.6239	4.71708	0.025952
26.4853	58.144	0.404832	0.023759
33.1516	65.9587	0.0167662	0.0648179
34.8233	67.7707	0.0106947	0.0462473
32.2468	68.921	0.00695798	0.0444679
31.3817	62.6228	0.0367516	4.5082
33.1516	65.9587	0.0167662	0.0648179
30.4344	65.9587	0.015608	0.0751707
34.1521	62.7968	0.0464357	4.44107
35.8688	65.9587	0.0188849	0.0530925
33.1516	65.9587	0.0167662	0.0648179
32.355	72.3429	0.0028027	0.0181981
33.75	70.3973	0.00487397	0.0266506
34.8066	72.3429	0.00316736	0.0171668
29.3832	76.0659	0.00111607	0.00832067
28.5669	74.0896	0.00171616	0.013814
30.9297	73.8705	0.00185972	0.0131214
31.0572	70.658	0.0042745	0.0326896
33.75	70.3973	0.00487397	0.0266506
32.355	72.3429	0.0028027	0.0181981
29.9033	72.3429	0.00271183	0.0211347
31.0572	70.658	0.0042745	0.0326896
32.355	72.3429	0.0028027	0.0181981
28.4106	64.5496	0.0206238	0.0834496
31.3817	62.6228	0.0367516	4.5082
30.4344	65.9587	0.015608	0.0751707
24.3347	67.1118	0.0132382	0.110127
25.6067	64.7258	0.0196768	4.57456
26.9568	67.2765	0.0119816	0.0810043
23.0704	62.1007	0.0389756	0.0834983
24.0253	59.6046	0.382998	0.0393058
26.4215	60.8826	0.03621	0.309579
30.4344	65.9587	0.015608	0.0751707
32.2468	68.921	0.00695798	0.0444679
30.0542	68.2649	0.0087106	4.39931
34.8233	67.7707	0.0106947	0.0462473
33.75	70.3973	0.00487397	0.0266506
32.2468	68.921	0.00695798	0.0444679
43.2329	49.3292	4.92885	0.00085987
40.1224	48.7521	4.85669	0.000859682
40.433	46.2515	4.79418	0.000463927
48.7787	52.3495	4.96504	0.00139634
45.8487	52.5335	4.95766	0.00175799
46.2717	49.3292	4.95685	0.00072599
42.834	52.3495	4.94299	0.00202342
40.1224	48.7521	4.85669	0.000859682
43.2329	49.3292	4.92885	0.00085987
47.2801	58.144	4.85786	0.00790539
44.2548	57.954	4.83252	0.00989711
45.0204	55.2938	4.92631	0.00415153
38.8603	55.2938	4.89026	0.00610098
35.7802	55.2938	4.84669	0.00829927
36.7564	51.5944	4.84922	0.00256637
41.9404	55.2938	4.91113	0.00504448
38.8603	55.2938	4.89026	0.00610098
39.8617	52.3495	4.91034	0.00252539
45.8487	52.5335	4.95766	0.00175799
45.0204	55.2938	4.92631	0.00415153
42.834	52.3495	4.94299	0.00202342
41.4664	58.5091	4.78843	0.0135278
40.6366	60.8826	0.115073	0.0285368
38.5596	58.6917	4.75517	0.0161514
44.2548	57.954	4.83252	0.00989711
41.4664	58.5091	4.78843	0.0135278
41.9404	55.2938	4.91113	0.00504448
44.2548	57.954	4.83252	0.00989711
43.4796	60.8826	0.123414	0.028408
41.4664	58.5091	4.78843	0.0135278
38.5596	58.6917	4.75517	0.0161514
35.7802	55.2938	4.84669	0.00829927
38.8603	55.2938	4.89026	0.00610098
6.31731	42.7435	4.99293	0.000411711
3.39381	46.2515	4.99489	0.000966722
3.19711	42.9395	4.99626	0.000426177
45.8487	52.5335	4.95766	0.00175799
42.834	52.3495	4.94299	0.00202342
43.2329	49.3292	4.92885	0.00085987
48.1005	55.2938	4.93968	0.00328199
45.8487	52.5335	4.95766	0.00175799
48.7787	52.3495	4.96504	0.00139634
48.1005	55.2938	4.93968	0.00328199
47.2801	58.144	4.85786	0.00790539
45.0204	55.2938	4.92631	0.00415153
37.7936	60.8826	0.104475	0.0276777
38.5596	58.6917	4.75517	0.0161514
40.6366	60.8826	0.115073	0.0285368
41.3032	65.9587	0.0262725	0.0417263
39.6261	63.8451	0.0437414	0.040274
42.43	63.669	0.0535431	4.34634
34.9506	60.8826	0.0838316	0.0520979
35.6527	58.8743	4.67395	0.0268038
37.7936	60.8826	0.104475	0.0276777
31.3817	62.6228	0.0367516	4.5082
34.9506	60.8826	0.0838316	0.0520979
34.1521	62.7968	0.0464357	4.44107
33.5519	59.0383	0.123014	0.0390615
35.7802	55.2938	4.84669	0.00829927
35.6527	58.8743	4.67395	0.0268038
31.8745	54.2817	4.81599	0.0102718
35.7802	55.2938	4.84669	0.00829927
32.1533	57.1939	0.164037	0.0252595
34.1165	49.3292	0.20442	0.00167148
34.2598	46.2515	0.150224	0.000744271
37.0597	48.5598	0.198431	0.0011354
28.0388	49.3292	4.88453	0.00258438
31.0776	49.3292	4.8363	0.00230085
30.9447	52.3495	4.85283	0.00570477
28.0388	49.3292	4.88453	0.00258438
25	46.2515	4.91209	0.000932554
28.0866	46.2515	4.88351	0.000970071
36.7564	51.5944	4.84922	0.00256637
35.7802	55.2938	4.84669	0.00829927
34.1289	53.2696	4.8442	0.00576933
30.9447	52.3495	4.85283	0.00570477
31.0776	49.3292	4.8363	0.00230085
34.1165	49.3292	0.20442	0.00167148
40.1224	48.7521	4.85669	0.000859682
42.834	52.3495	4.94299	0.00202342
39.8617	52.3495	4.91034	0.00252539
39.8617	52.3495	4.91034	0.00252539
42.834	52.3495	4.94299	0.00202342
41.9404	55.2938	4.91113	0.00504448
36.7564	51.5944	4.84922	0.00256637
39.8617	52.3495	4.91034	0.00252539
38.8603	55.2938	4.89026	0.00610098
36.7564	51.5944	4.84922	0.00256637
40.1224	48.7521	4.85669	0.000859682
39.8617	52.3495	4.91034	0.00252539
18.9224	49.3292	4.86967	0.00286923
19.0553	52.3495	0.229043	0.00817099
16.083	52.3495	4.89159	0.0076604
15.7402	46.2515	4.93863	0.00120688
18.8268	46.2515	4.90592	0.00103527
15.8835	49.3292	4.93458	0.00290631
21.7462	47.598	4.88343	0.00160481
25	46.2515	4.91209	0.000932554
24.7341	50.8393	4.82379	0.00454616
22.0108	14.5924	0.163119	9.54844e-05
19.9458	11.7351	0.121777	9.57081e-05
23.0432	12.7235	0.130275	9.52246e-05
17.645	7.6571	0.0674688	9.61372e-05
18.75	9.60269	0.0942246	9.59183e-05
16.5822	10.0948	4.6527	9.47839e-05
14.9215	7.36598	0.075814	9.64949e-05
17.645	7.6571	0.0674688	9.61372e-05
16.5822	10.0948	4.6527	9.47839e-05
16.6772	5.91038	0.0452988	9.62962e-05
19.0551	5.91038	0.0357232	9.60674e-05
17.645	7.6571	0.0674688	9.61372e-05
20.0967	7.6571	0.0486408	9.58435e-05
21.25	9.60269	0.0673182	9.55689e-05
18.75	9.60269	0.0942246	9.59183e-05
17.645	7.6571	0.0674688	9.61372e-05
19.0551	5.91038	0.0357232	9.60674e-05
20.0967	7.6571	0.0486408	9.58435e-05
24.1844	6.78374	0.0391159	9.55246e-05
26.189	5.91038	0.0345649	9.54581e-05
25.4207	8.55507	0.0722997	9.51992e-05
28.5669	5.91038	0.038874	9.52557e-05
31.8199	4.37335	0.0278786	9.51081e-05
31.1316	6.34706	0.0458011	9.49775e-05
26.9661	0.123895	0.0123262	9.58612e-05
28.4094	2.238	0.016234	9.56373e-05
26.0648	3.0556	0.0170359	9.57812e-05
28.9198	0.494728	0.0146865	9.56642e-05
30.8485	1.10996	0.0170127	9.54486e-05
28.4094	2.238	0.016234	9.56373e-05
31.25	9.60269	0.123086	9.46954e-05
33.75	9.60269	0.104321	9.46341e-05
32.5813	11.7351	4.74734	9.31612e-05
30.9096	13.2177	4.84716	9.31606e-05
29.636	10.915	4.72693	9.31953e-05
32.5813	11.7351	4.74734	9.31612e-05
32.355	7.6571	0.0641924	9.47735e-05
33.4473	6.2015	0.042701	9.48063e-05
34.9468	7.95642	0.065898	9.46376e-05
29.9033	7.6571	0.069358	9.49361e-05
32.355	7.6571	0.0641924	9.47735e-05
31.25	9.60269	0.123086	9.46954e-05
31.1316	6.34706	0.0458011	9.49775e-05
31.8199	4.37335	0.0278786	9.51081e-05
33.4473	6.2015	0.042701	9.48063e-05
29.9033	7.6571	0.069358	9.49361e-05
31.1316	6.34706	0.0458011	9.49775e-05
32.355	7.6571	0.0641924	9.47735e-05
29.9033	7.6571	0.069358	9.49361e-05
28.5669	5.91038	0.038874	9.52557e-05
31.1316	6.34706	0.0458011	9.49775e-05
28.5669	5.91038	0.038874	9.52557e-05
29.9033	7.6571	0.069358	9.49361e-05
27.8022	8.40541	0.086805	9.50077e-05
25	4.37335	0.0219576	9.57337e-05
27.2733	4.37335	0.024398	9.55497e-05
26.189	5.91038	0.0345649	9.54581e-05
27.2733	4.37335	0.024398	9.55497e-05
30.3241	3.0556	0.0200438	9.53829e-05
28.5669	5.91038	0.038874	9.52557e-05
31.1316	6.34706	0.0458011	9.49775e-05
33.4473	6.2015	0.042701	9.48063e-05
32.355	7.6571	0.0641924	9.47735e-05
27.2733	4.37335	0.024398	9.55497e-05
28.4094	2.238	0.016234	9.56373e-05
30.3241	3.0556	0.0200438	9.53829e-05
26.189	5.91038	0.0345649	9.54581e-05
27.2733	4.37335	0.024398	9.55497e-05
28.5669	5.91038	0.038874	9.52557e-05
26.0648	3.0556	0.0170359	9.57812e-05
28.4094	2.238	0.016234	9.56373e-05
27.2733	4.37335	0.024398	9.55497e-05
29.636	10.915	4.72693	9.31953e-05
29.9033	7.6571	0.069358	9.49361e-05
31.25	9.60269	0.123086	9.46954e-05
25.4207	8.55507	0.0722997	9.51992e-05
27.8022	8.40541	0.086805	9.50077e-05
27.0253	10.7509	4.67947	9.33727e-05
25.4207	8.55507	0.0722997	9.51992e-05
26.189	5.91038	0.0345649	9.54581e-05
27.8022	8.40541	0.086805	9.50077e-05
26.3489	16.5071	4.87569	9.34683e-05
24.3933	15.2742	0.210155	9.51165e-05
25.6653	12.8882	4.73539	9.3403e-05
30.3241	3.0556	0.0200438	9.53829e-05
31.8199	4.37335	0.0278786	9.51081e-05
28.5669	5.91038	0.038874	9.52557e-05
30.8485	1.10996	0.0170127	9.54486e-05
30.3241	3.0556	0.0200438	9.53829e-05
28.4094	2.238	0.016234	9.56373e-05
30.8485	1.10996	0.0170127	9.54486e-05
32.7403	1.96546	0.0208773	9.51935e-05
30.3241	3.0556	0.0200438	9.53829e-05
30.3241	3.0556	0.0200438	9.53829e-05
32.7403	1.96546	0.0208773	9.51935e-05
31.8199	4.37335	0.0278786	9.51081e-05
23.9352	3.0556	0.0162395	9.59273e-05
25	4.37335	0.0219576	9.57337e-05
22.7267	4.37335	0.020792	9.58997e-05
26.9661	0.123895	0.0123262	9.58612e-05
26.0648	3.0556	0.0170359	9.57812e-05
25.0248	1.47661	0.0132248	9.59485e-05
26.9661	0.123895	0.0123262	9.58612e-05
28.9198	0.494728	0.0146865	9.56642e-05
28.4094	2.238	0.016234	9.56373e-05
25.0248	1.47661	0.0132248	9.59485e-05
25	-8.70219e-28	0.0123449	9.59755e-05
26.9661	0.123895	0.0123262	9.58612e-05
23.9352	3.0556	0.0162395	9.59273e-05
25.0248	1.47661	0.0132248	9.59485e-05
26.0648	3.0556	0.0170359	9.57812e-05
23.9352	3.0556	0.0162395	9.59273e-05
23.0835	1.59882	0.0133577	9.60515e-05
25.0248	1.47661	0.0132248	9.59485e-05
32.7403	1.96546	0.0208773	9.51935e-05
34.5833	3.0556	0.0261924	9.49277e-05
31.8199	4.37335	0.0278786	9.51081e-05
25	4.37335	0.0219576	9.57337e-05
26.0648	3.0556	0.0170359	9.57812e-05
27.2733	4.37335	0.024398	9.55497e-05
24.1844	6.78374	0.0391159	9.55246e-05
25	4.37335	0.0219576	9.57337e-05
26.189	5.91038	0.0345649	9.54581e-05
23.9352	3.0556	0.0162395	9.59273e-05
26.0648	3.0556	0.0170359	9.57812e-05
25	4.37335	0.0219576	9.57337e-05
21.913	2.6468	0.0155208	9.60692e-05
23.9352	3.0556	0.0162395	9.59273e-05
22.7267	4.37335	0.020792	9.58997e-05
23.0835	1.59882	0.0133577	9.60515e-05
23.0339	0.123895	0.0123031	9.60776e-05
25.0248	1.47661	0.0132248	9.59485e-05
21.913	2.6468	0.0155208	9.60692e-05
23.0835	1.59882	0.0133577	9.60515e-05
23.9352	3.0556	0.0162395	9.59273e-05
21.4331	5.91038	0.0297049	9.58548e-05
20.4534	4.37335	0.0226358	9.60516e-05
22.7267	4.37335	0.020792	9.58997e-05
19.7476	2.78306	0.0182385	9.61643e-05
21.0802	0.494728	0.0133032	9.61521e-05
21.913	2.6468	0.0155208	9.60692e-05
23.0339	0.123895	0.0123031	9.60776e-05
25	-8.70219e-28	0.0123449	9.59755e-05
25.0248	1.47661	0.0132248	9.59485e-05
33.4473	6.2015	0.042701	9.48063e-05
34.5833	3.0556	0.0261924	9.49277e-05
35.7008	5.91038	0.0441393	9.46682e-05
36.3664	4.37335	0.0387555	9.47088e-05
35.7008	5.91038	0.0441393	9.46682e-05
34.5833	3.0556	0.0261924	9.49277e-05
23.5785	19.1174	4.90467	9.42448e-05
26.3489	16.5071	4.87569	9.34683e-05
26.4215	19.1174	4.93722	9.37974e-05
23.0771	23.3761	4.97157	9.54429e-05
25.3391	26.1784	4.96778	9.55472e-05
22.0277	27.6505	4.96684	9.83539e-05
29.636	10.915	4.72693	9.31953e-05
27.8022	8.40541	0.086805	9.50077e-05
29.9033	7.6571	0.069358	9.49361e-05
29.636	10.915	4.72693	9.31953e-05
27.0253	10.7509	4.67947	9.33727e-05
27.8022	8.40541	0.086805	9.50077e-05
32.5813	11.7351	4.74734	9.31612e-05
29.636	10.915	4.72693	9.31953e-05
31.25	9.60269	0.123086	9.46954e-05
28.2875	13.053	4.82937	9.31893e-05
27.0253	10.7509	4.67947	9.33727e-05
29.636	10.915	4.72693	9.31953e-05
23.0432	12.7235	0.130275	9.52246e-05
25.6653	12.8882	4.73539	9.3403e-05
24.3933	15.2742	0.210155	9.51165e-05
24.4145	10.5869	0.109228	9.51112e-05
25.4207	8.55507	0.0722997	9.51992e-05
27.0253	10.7509	4.67947	9.33727e-05
23.0432	12.7235	0.130275	9.52246e-05
24.4145	10.5869	0.109228	9.51112e-05
25.6653	12.8882	4.73539	9.3403e-05
23.0432	12.7235	0.130275	9.52246e-05
21.25	9.60269	0.0673182	9.55689e-05
24.4145	10.5869	0.109228	9.51112e-05
24.1844	6.78374	0.0391159	9.55246e-05
22.5483	7.6571	0.0433654	9.55787e-05
21.4331	5.91038	0.0297049	9.58548e-05
25	4.37335	0.0219576	9.57337e-05
24.1844	6.78374	0.0391159	9.55246e-05
22.7267	4.37335	0.020792	9.58997e-05
25.4207	8.55507	0.0722997	9.51992e-05
24.4145	10.5869	0.109228	9.51112e-05
22.5483	7.6571	0.0433654	9.55787e-05
24.4145	10.5869	0.109228	9.51112e-05
21.25	9.60269	0.0673182	9.55689e-05
22.5483	7.6571	0.0433654	9.55787e-05
19.5656	14.0413	0.180376	9.5893e-05
20.9532	16.5071	0.220109	9.59124e-05
18.2554	16.5071	4.85759	9.50444e-05
19.9458	11.7351	0.121777	9.57081e-05
19.5656	14.0413	0.180376	9.5893e-05
17.7988	12.3941	4.73049	9.4622e-05
18.75	9.60269	0.0942246	9.59183e-05
19.9458	11.7351	0.121777	9.57081e-05
17.7988	12.3941	4.73049	9.4622e-05
21.25	9.60269	0.0673182	9.55689e-05
23.0432	12.7235	0.130275	9.52246e-05
19.9458	11.7351	0.121777	9.57081e-05
22.0108	14.5924	0.163119	9.54844e-05
20.9532	16.5071	0.220109	9.59124e-05
19.5656	14.0413	0.180376	9.5893e-05
19.9458	11.7351	0.121777	9.57081e-05
22.0108	14.5924	0.163119	9.54844e-05
19.5656	14.0413	0.180376	9.5893e-05
23.0432	12.7235	0.130275	9.52246e-05
24.3933	15.2742	0.210155	9.51165e-05
22.0108	14.5924	0.163119	9.54844e-05
17.7548	18.7251	4.93031	9.57559e-05
20.7355	19.1174	4.90262	9.49906e-05
17.2541	20.9431	4.96686	9.67203e-05
16.8484	14.0413	4.83123	9.4961e-05
18.2554	16.5071	4.85759	9.50444e-05
15.9817	15.8026	4.9013	9.54593e-05
20.9532	16.5071	0.220109	9.59124e-05
20.7355	19.1174	4.90262	9.49906e-05
18.2554	16.5071	4.85759	9.50444e-05
14.9215	7.36598	0.075814	9.64949e-05
16.5822	10.0948	4.6527	9.47839e-05
13.513	9.30337	0.131904	9.67656e-05
12.6058	7.51154	0.0887561	9.67806e-05
14.9215	7.36598	0.075814	9.64949e-05
13.513	9.30337	0.131904	9.67656e-05
13.6336	4.37335	0.0449758	9.6515e-05
15.4167	3.0556	0.030568	9.63636e-05
16.6772	5.91038	0.0452988	9.62962e-05
19.7476	2.78306	0.0182385	9.61643e-05
19.1515	1.10996	0.0168736	9.61968e-05
21.0802	0.494728	0.0133032	9.61521e-05
20.4534	4.37335	0.0226358	9.60516e-05
19.0551	5.91038	0.0357232	9.60674e-05
18.1801	4.37335	0.0277331	9.62057e-05
21.913	2.6468	0.0155208	9.60692e-05
20.4534	4.37335	0.0226358	9.60516e-05
19.7476	2.78306	0.0182385	9.61643e-05
21.4331	5.91038	0.0297049	9.58548e-05
19.0551	5.91038	0.0357232	9.60674e-05
20.4534	4.37335	0.0226358	9.60516e-05
24.1844	6.78374	0.0391159	9.55246e-05
21.4331	5.91038	0.0297049	9.58548e-05
22.7267	4.37335	0.020792	9.58997e-05
20.0967	7.6571	0.0486408	9.58435e-05
19.0551	5.91038	0.0357232	9.60674e-05
21.4331	5.91038	0.0297049	9.58548e-05
20.4534	4.37335	0.0226358	9.60516e-05
18.1801	4.37335	0.0277331	9.62057e-05
19.7476	2.78306	0.0182385	9.61643e-05
23.0835	1.59882	0.0133577	9.60515e-05
21.0802	0.494728	0.0133032	9.61521e-05
23.0339	0.123895	0.0123031	9.60776e-05
27.8022	8.40541	0.086805	9.50077e-05
26.189	5.91038	0.0345649	9.54581e-05
28.5669	5.91038	0.038874	9.52557e-05
25.6653	12.8882	4.73539	9.3403e-05
24.4145	10.5869	0.109228	9.51112e-05
27.0253	10.7509	4.67947	9.33727e-05
22.5483	7.6571	0.0433654	9.55787e-05
20.0967	7.6571	0.0486408	9.58435e-05
21.4331	5.91038	0.0297049	9.58548e-05
25.4207	8.55507	0.0722997	9.51992e-05
22.5483	7.6571	0.0433654	9.55787e-05
24.1844	6.78374	0.0391159	9.55246e-05
21.25	9.60269	0.0673182	9.55689e-05
20.0967	7.6571	0.0486408	9.58435e-05
22.5483	7.6571	0.0433654	9.55787e-05
14.9215	7.36598	0.075814	9.64949e-05
16.6772	5.91038	0.0452988	9.62962e-05
17.645	7.6571	0.0674688	9.61372e-05
21.913	2.6468	0.0155208	9.60692e-05
21.0802	0.494728	0.0133032	9.61521e-05
23.0835	1.59882	0.0133577	9.60515e-05
37.3284	7.80676	0.0708515	9.4598e-05
38.0788	5.91038	0.0560177	9.45889e-05
39.7099	7.6571	0.0910631	9.46483e-05
33.4473	6.2015	0.042701	9.48063e-05
35.7008	5.91038	0.0441393	9.46682e-05
34.9468	7.95642	0.065898	9.46376e-05
33.75	9.60269	0.104321	9.46341e-05
32.355	7.6571	0.0641924	9.47735e-05
34.9468	7.95642	0.065898	9.46376e-05
31.8199	4.37335	0.0278786	9.51081e-05
34.5833	3.0556	0.0261924	9.49277e-05
33.4473	6.2015	0.042701	9.48063e-05
36.3664	4.37335	0.0387555	9.47088e-05
38.0788	5.91038	0.0560177	9.45889e-05
35.7008	5.91038	0.0441393	9.46682e-05
19.7476	2.78306	0.0182385	9.61643e-05
17.2597	1.96546	0.0218781	9.62667e-05
19.1515	1.10996	0.0168736	9.61968e-05
18.1801	4.37335	0.0277331	9.62057e-05
16.6772	5.91038	0.0452988	9.62962e-05
15.4167	3.0556	0.030568	9.63636e-05
19.7476	2.78306	0.0182385	9.61643e-05
18.1801	4.37335	0.0277331	9.62057e-05
17.2597	1.96546	0.0218781	9.62667e-05
19.0551	5.91038	0.0357232	9.60674e-05
16.6772	5.91038	0.0452988	9.62962e-05
18.1801	4.37335	0.0277331	9.62057e-05
21.913	2.6468	0.0155208	9.60692e-05
22.7267	4.37335	0.020792	9.58997e-05
20.4534	4.37335	0.0226358	9.60516e-05
20.0967	7.6571	0.0486408	9.58435e-05
18.75	9.60269	0.0942246	9.59183e-05
17.645	7.6571	0.0674688	9.61372e-05
14.9215	7.36598	0.075814	9.64949e-05
13.6336	4.37335	0.0449758	9.6515e-05
16.6772	5.91038	0.0452988	9.62962e-05
32.355	7.6571	0.0641924	9.47735e-05
33.75	9.60269	0.104321	9.46341e-05
31.25	9.60269	0.123086	9.46954e-05
38.0788	5.91038	0.0560177	9.45889e-05
37.3284	7.80676	0.0708515	9.4598e-05
35.7008	5.91038	0.0441393	9.46682e-05
38.75	9.60269	0.12011	9.47483e-05
41.25	9.60269	0.165338	9.49558e-05
40.1627	11.7351	4.79284	9.37192e-05
36.25	9.60269	0.098407	9.465e-05
38.75	9.60269	0.12011	9.47483e-05
37.4683	11.4071	0.172224	9.48655e-05
39.7099	7.6571	0.0910631	9.46483e-05
41.25	9.60269	0.165338	9.49558e-05
38.75	9.60269	0.12011	9.47483e-05
15.4167	3.0556	0.030568	9.63636e-05
17.2597	1.96546	0.0218781	9.62667e-05
18.1801	4.37335	0.0277331	9.62057e-05
44.0204	14.0413	4.94348	9.50025e-05
41.2166	14.2175	4.91817	9.45213e-05
42.6898	11.7351	4.86399	9.40664e-05
14.9215	7.36598	0.075814	9.64949e-05
12.6058	7.51154	0.0887561	9.67806e-05
13.6336	4.37335	0.0449758	9.6515e-05
15.1767	12.2293	4.80753	9.51342e-05
12.5545	12.0646	4.82311	9.56694e-05
13.513	9.30337	0.131904	9.67656e-05
16.5822	10.0948	4.6527	9.47839e-05
17.7988	12.3941	4.73049	9.4622e-05
15.1767	12.2293	4.80753	9.51342e-05
14.1312	14.0413	4.88896	9.5594e-05
12.5545	12.0646	4.82311	9.56694e-05
15.1767	12.2293	4.80753	9.51342e-05
15.9817	15.8026	4.9013	9.54593e-05
14.7591	18.4213	4.95793	9.65214e-05
13.1778	15.9788	4.93927	9.62366e-05
16.5822	10.0948	4.6527	9.47839e-05
18.75	9.60269	0.0942246	9.59183e-05
17.7988	12.3941	4.73049	9.4622e-05
22.0108	14.5924	0.163119	9.54844e-05
24.3933	15.2742	0.210155	9.51165e-05
20.9532	16.5071	0.220109	9.59124e-05
11.4404	21.3083	4.98738	9.87984e-05
12.2064	19.1174	4.97612	9.75292e-05
14.6026	21.856	4.98229	9.80933e-05
8.66123	21.856	4.99235	9.98994e-05
11.4404	21.3083	4.98738	9.87984e-05
10.9756	24.1362	4.9931	0.000100857
8.66123	21.856	4.99235	9.98994e-05
9.3634	19.1174	4.98337	9.8304e-05
11.4404	21.3083	4.98738	9.87984e-05
6.52038	19.1174	4.9882	9.89579e-05
7.464	16.5071	4.97267	9.77473e-05
9.3634	19.1174	4.98337	9.8304e-05
3.67737	19.1174	4.99146	9.95059e-05
6.52038	19.1174	4.9882	9.89579e-05
5.62671	21.6734	4.99448	0.000100496
3.67737	19.1174	4.99146	9.95059e-05
4.76616	16.5071	4.98063	9.82343e-05
6.52038	19.1174	4.9882	9.89579e-05
10.1618	16.5071	4.96251	9.71546e-05
12.2064	19.1174	4.97612	9.75292e-05
9.3634	19.1174	4.98337	9.8304e-05
5.97957	14.0413	4.95464	9.72561e-05
8.69678	14.0413	4.93339	9.67998e-05
7.464	16.5071	4.97267	9.77473e-05
11.414	14.0413	4.91247	9.6232e-05
13.1778	15.9788	4.93927	9.62366e-05
10.1618	16.5071	4.96251	9.71546e-05
15.1767	12.2293	4.80753	9.51342e-05
16.8484	14.0413	4.83123	9.4961e-05
14.1312	14.0413	4.88896	9.5594e-05
6.52038	19.1174	4.9882	9.89579e-05
9.3634	19.1174	4.98337	9.8304e-05
8.66123	21.856	4.99235	9.98994e-05
14.7591	18.4213	4.95793	9.65214e-05
12.2064	19.1174	4.97612	9.75292e-05
13.1778	15.9788	4.93927	9.62366e-05
14.7591	18.4213	4.95793	9.65214e-05
14.6026	21.856	4.98229	9.80933e-05
12.2064	19.1174	4.97612	9.75292e-05
12.6058	7.51154	0.0887561	9.67806e-05
11.9212	5.91038	0.0744784	9.67372e-05
13.6336	4.37335	0.0449758	9.6515e-05
11.25	9.60269	0.151688	9.71524e-05
12.6058	7.51154	0.0887561	9.67806e-05
13.513	9.30337	0.131904	9.67656e-05
10.2901	7.6571	0.113978	9.7055e-05
11.9212	5.91038	0.0744784	9.67372e-05
12.6058	7.51154	0.0887561	9.67806e-05
41.2166	14.2175	4.91817	9.45213e-05
40.1627	11.7351	4.79284	9.37192e-05
42.6898	11.7351	4.86399	9.40664e-05
35.1085	11.7351	0.177217	9.47338e-05
37.4683	11.4071	0.172224	9.48655e-05
35.6088	14.5697	4.87121	9.36704e-05
33.1516	14.0413	4.86614	9.33211e-05
35.1085	11.7351	0.177217	9.47338e-05
35.6088	14.5697	4.87121	9.36704e-05
32.5813	11.7351	4.74734	9.31612e-05
33.75	9.60269	0.104321	9.46341e-05
35.1085	11.7351	0.177217	9.47338e-05
37.3284	7.80676	0.0708515	9.4598e-05
39.7099	7.6571	0.0910631	9.46483e-05
38.75	9.60269	0.12011	9.47483e-05
36.25	9.60269	0.098407	9.465e-05
37.3284	7.80676	0.0708515	9.4598e-05
38.75	9.60269	0.12011	9.47483e-05
35.1085	11.7351	0.177217	9.47338e-05
36.25	9.60269	0.098407	9.465e-05
37.4683	11.4071	0.172224	9.48655e-05
34.9468	7.95642	0.065898	9.46376e-05
37.3284	7.80676	0.0708515	9.4598e-05
36.25	9.60269	0.098407	9.465e-05
34.9468	7.95642	0.065898	9.46376e-05
35.7008	5.91038	0.0441393	9.46682e-05
37.3284	7.80676	0.0708515	9.4598e-05
42.536	16.5071	4.96547	9.5635e-05
44.0204	14.0413	4.94348	9.50025e-05
45.2338	16.5071	4.97572	9.62224e-05
38.4127	14.3936	4.88554	9.40592e-05
41.2166	14.2175	4.91817	9.45213e-05
39.693	16.8552	4.9561	9.50676e-05
38.4127	14.3936	4.88554	9.40592e-05
37.4683	11.4071	0.172224	9.48655e-05
40.1627	11.7351	4.79284	9.37192e-05
10.2901	7.6571	0.113978	9.7055e-05
12.6058	7.51154	0.0887561	9.67806e-05
11.25	9.60269	0.151688	9.71524e-05
28.2875	13.053	4.82937	9.31893e-05
30.001	14.922	4.90048	9.32258e-05
26.3489	16.5071	4.87569	9.34683e-05
35.1085	11.7351	0.177217	9.47338e-05
33.1516	14.0413	4.86614	9.33211e-05
32.5813	11.7351	4.74734	9.31612e-05
30.001	14.922	4.90048	9.32258e-05
28.6113	17.5512	4.93362	9.34474e-05
26.3489	16.5071	4.87569	9.34683e-05
30.9096	13.2177	4.84716	9.31606e-05
30.001	14.922	4.90048	9.32258e-05
28.2875	13.053	4.82937	9.31893e-05
29.636	10.915	4.72693	9.31953e-05
30.9096	13.2177	4.84716	9.31606e-05
28.2875	13.053	4.82937	9.31893e-05
32.5813	11.7351	4.74734	9.31612e-05
33.1516	14.0413	4.86614	9.33211e-05
30.9096	13.2177	4.84716	9.31606e-05
31.7446	16.5071	4.93387	9.34819e-05
28.6113	17.5512	4.93362	9.34474e-05
30.001	14.922	4.90048	9.32258e-05
34.4425	16.5071	4.93443	9.3833e-05
31.7446	16.5071	4.93387	9.34819e-05
33.1516	14.0413	4.86614	9.33211e-05
34.4425	16.5071	4.93443	9.3833e-05
34.9506	19.1174	4.96918	9.4472e-05
32.1075	19.1174	4.96443	9.3872e-05
37.1403	16.5071	4.93889	9.43652e-05
34.4425	16.5071	4.93443	9.3833e-05
35.6088	14.5697	4.87121	9.36704e-05
37.1403	16.5071	4.93889	9.43652e-05
37.7936	19.1174	4.97329	9.52689e-05
34.9506	19.1174	4.96918	9.4472e-05
11.414	14.0413	4.91247	9.6232e-05
14.1312	14.0413	4.88896	9.5594e-05
13.1778	15.9788	4.93927	9.62366e-05
8.69678	14.0413	4.93339	9.67998e-05
9.93237	11.8999	4.84458	9.61442e-05
11.414	14.0413	4.91247	9.6232e-05
11.25	9.60269	0.151688	9.71524e-05
13.513	9.30337	0.131904	9.67656e-05
12.5545	12.0646	4.82311	9.56694e-05
10.2901	7.6571	0.113978	9.7055e-05
11.25	9.60269	0.151688	9.71524e-05
8.74996	9.60269	0.187838	9.74831e-05
13.513	9.30337	0.131904	9.67656e-05
16.5822	10.0948	4.6527	9.47839e-05
15.1767	12.2293	4.80753	9.51342e-05
9.93237	11.8999	4.84458	9.61442e-05
11.25	9.60269	0.151688	9.71524e-05
12.5545	12.0646	4.82311	9.56694e-05
11.414	14.0413	4.91247	9.6232e-05
9.93237	11.8999	4.84458	9.61442e-05
12.5545	12.0646	4.82311	9.56694e-05
8.69678	14.0413	4.93339	9.67998e-05
7.31021	11.7351	4.88834	9.65053e-05
9.93237	11.8999	4.84458	9.61442e-05
37.4683	11.4071	0.172224	9.48655e-05
38.4127	14.3936	4.88554	9.40592e-05
35.6088	14.5697	4.87121	9.36704e-05
42.536	16.5071	4.96547	9.5635e-05
43.4158	19.3	4.98595	9.70356e-05
40.5089	19.4825	4.98141	9.62629e-05
44.0204	14.0413	4.94348	9.50025e-05
42.536	16.5071	4.96547	9.5635e-05
41.2166	14.2175	4.91817	9.45213e-05
45.2338	16.5071	4.97572	9.62224e-05
43.4158	19.3	4.98595	9.70356e-05
42.536	16.5071	4.96547	9.5635e-05
40.5089	19.4825	4.98141	9.62629e-05
41.2294	22.236	4.99116	9.75552e-05
38.204	22.4261	4.98768	9.64387e-05
42.536	16.5071	4.96547	9.5635e-05
40.5089	19.4825	4.98141	9.62629e-05
39.693	16.8552	4.9561	9.50676e-05
43.4158	19.3	4.98595	9.70356e-05
41.2294	22.236	4.99116	9.75552e-05
40.5089	19.4825	4.98141	9.62629e-05
47.2801	21.856	4.99495	9.9015e-05
44.3095	21.856	4.99331	9.83898e-05
46.3226	19.1174	4.98936	9.76018e-05
38.4127	14.3936	4.88554	9.40592e-05
37.1403	16.5071	4.93889	9.43652e-05
35.6088	14.5697	4.87121	9.36704e-05
40.1627	11.7351	4.79284	9.37192e-05
41.2166	14.2175	4.91817	9.45213e-05
38.4127	14.3936	4.88554	9.40592e-05
38.75	9.60269	0.12011	9.47483e-05
40.1627	11.7351	4.79284	9.37192e-05
37.4683	11.4071	0.172224	9.48655e-05
41.25	9.60269	0.165338	9.49558e-05
42.6898	11.7351	4.86399	9.40664e-05
40.1627	11.7351	4.79284	9.37192e-05
39.693	16.8552	4.9561	9.50676e-05
37.1403	16.5071	4.93889	9.43652e-05
38.4127	14.3936	4.88554	9.40592e-05
40.5089	19.4825	4.98141	9.62629e-05
37.7936	19.1174	4.97329	9.52689e-05
39.693	16.8552	4.9561	9.50676e-05
28.8815	20.2128	4.96055	9.3722e-05
29.1279	22.9961	4.95998	9.40693e-05
26.1025	23.1861	4.96774	9.44428e-05
32.1075	19.1174	4.96443	9.3872e-05
34.9506	19.1174	4.96918	9.4472e-05
32.4267	21.856	4.97224	9.43244e-05
28.8815	20.2128	4.96055	9.3722e-05
32.1075	19.1174	4.96443	9.3872e-05
32.4267	21.856	4.97224	9.43244e-05
31.7446	16.5071	4.93387	9.34819e-05
34.4425	16.5071	4.93443	9.3833e-05
32.1075	19.1174	4.96443	9.3872e-05
28.6113	17.5512	4.93362	9.34474e-05
31.7446	16.5071	4.93387	9.34819e-05
32.1075	19.1174	4.96443	9.3872e-05
11.414	14.0413	4.91247	9.6232e-05
12.5545	12.0646	4.82311	9.56694e-05
14.1312	14.0413	4.88896	9.5594e-05
12.2064	19.1174	4.97612	9.75292e-05
10.1618	16.5071	4.96251	9.71546e-05
13.1778	15.9788	4.93927	9.62366e-05
9.93237	11.8999	4.84458	9.61442e-05
8.74996	9.60269	0.187838	9.74831e-05
11.25	9.60269	0.151688	9.71524e-05
43.4158	19.3	4.98595	9.70356e-05
45.2338	16.5071	4.97572	9.62224e-05
46.3226	19.1174	4.98936	9.76018e-05
33.1516	14.0413	4.86614	9.33211e-05
35.6088	14.5697	4.87121	9.36704e-05
34.4425	16.5071	4.93443	9.3833e-05
36.25	9.60269	0.098407	9.465e-05
33.75	9.60269	0.104321	9.46341e-05
34.9468	7.95642	0.065898	9.46376e-05
21.9134	33.7485	0.256364	0.000118408
18.9132	34.917	4.85232	0.000130079
18.6835	32.5943	4.91456	0.000113775
25	30.6708	4.91767	9.95859e-05
21.9134	33.7485	0.256364	0.000118408
21.9612	30.6708	4.91841	0.000103547
21.8846	36.8646	4.79949	0.000150501
18.9132	34.917	4.85232	0.000130079
21.9134	33.7485	0.256364	0.000118408
25	40	4.86321	0.000211632
21.8846	36.8646	4.79949	0.000150501
25.1151	35.3065	0.245758	0.000124167
21.9134	33.7485	0.256364	0.000118408
18.6835	32.5943	4.91456	0.000113775
21.9612	30.6708	4.91841	0.000103547
18.7212	38.8242	0.204244	0.000201021
18.9132	34.917	4.85232	0.000130079
21.8846	36.8646	4.79949	0.000150501
17.2667	36.7732	0.24804	0.000162909
15.8122	34.7222	4.90222	0.000130083
18.9132	34.917	4.85232	0.000130079
18.7212	38.8242	0.204244	0.000201021
17.2667	36.7732	0.24804	0.000162909
18.9132	34.917	4.85232	0.000130079
18.7212	38.8242	0.204244	0.000201021
15.601	39.0202	0.242442	0.000212747
17.2667	36.7732	0.24804	0.000162909
18.7981	41.9596	0.22962	0.000348207
18.7212	38.8242	0.204244	0.000201021
21.9014	39.3141	0.233806	0.000209517
15.601	39.0202	0.242442	0.000212747
15.8122	34.7222	4.90222	0.000130083
17.2667	36.7732	0.24804	0.000162909
14.001	23.9462	4.98884	9.96574e-05
14.6026	21.856	4.98229	9.80933e-05
17.2998	24.7062	4.9842	9.88664e-05
13.1107	27.6505	4.98994	0.000104027
12.8447	30.6708	4.98254	0.000110414
10.1383	27.6505	4.99429	0.000105211
15.2052	26.1784	4.98778	0.000101213
15.7173	29.727	4.97707	0.000106322
13.1107	27.6505	4.98994	0.000104027
20.3799	24.7062	4.97648	9.73581e-05
18.0114	27.1222	4.97953	0.000100778
17.2998	24.7062	4.9842	9.88664e-05
18.7229	29.5382	4.96148	0.000104017
15.7173	29.727	4.97707	0.000106322
18.0114	27.1222	4.97953	0.000100778
18.7229	29.5382	4.96148	0.000104017
18.6835	32.5943	4.91456	0.000113775
15.7173	29.727	4.97707	0.000106322
10.9756	24.1362	4.9931	0.000100857
8.05963	24.7062	4.99583	0.000102213
8.66123	21.856	4.99235	9.98994e-05
10.1383	27.6505	4.99429	0.000105211
8.05963	24.7062	4.99583	0.000102213
10.9756	24.1362	4.9931	0.000100857
10.1383	27.6505	4.99429	0.000105211
9.80591	30.6708	4.99115	0.000112303
7.16598	27.6505	4.99687	0.000105948
6.70061	30.2933	4.99629	0.000111487
7.16598	27.6505	4.99687	0.000105948
9.80591	30.6708	4.99115	0.000112303
4.97956	24.7062	4.99723	0.000102946
5.62671	21.6734	4.99448	0.000100496
8.05963	24.7062	4.99583	0.000102213
3.67737	19.1174	4.99146	9.95059e-05
5.62671	21.6734	4.99448	0.000100496
2.71986	21.856	4.99602	0.000101209
6.52038	19.1174	4.9882	9.89579e-05
4.76616	16.5071	4.98063	9.82343e-05
7.464	16.5071	4.97267	9.77473e-05
25	30.6708	4.91767	9.95859e-05
28.0388	30.6708	4.94331	9.86675e-05
28.0866	33.7485	4.90082	0.000109135
47.2801	21.856	4.99495	9.9015e-05
48.1005	24.7062	4.99687	0.000100377
45.0204	24.7062	4.99611	9.97894e-05
26.4215	19.1174	4.93722	9.37974e-05
26.3489	16.5071	4.87569	9.34683e-05
28.6113	17.5512	4.93362	9.34474e-05
18.0114	27.1222	4.97953	0.000100778
22.0277	27.6505	4.96684	9.83539e-05
18.7229	29.5382	4.96148	0.000104017
17.2541	20.9431	4.96686	9.67203e-05
20.544	21.856	4.96121	9.58812e-05
17.2998	24.7062	4.9842	9.88664e-05
23.0771	23.3761	4.97157	9.54429e-05
26.1025	23.1861	4.96774	9.44428e-05
25.3391	26.1784	4.96778	9.55472e-05
17.2998	24.7062	4.9842	9.88664e-05
20.544	21.856	4.96121	9.58812e-05
20.3799	24.7062	4.97648	9.73581e-05
24.8405	21.1517	4.95267	9.43437e-05
26.1025	23.1861	4.96774	9.44428e-05
23.0771	23.3761	4.97157	9.54429e-05
20.544	21.856	4.96121	9.58812e-05
24.8405	21.1517	4.95267	9.43437e-05
23.0771	23.3761	4.97157	9.54429e-05
23.5785	19.1174	4.90467	9.42448e-05
26.4215	19.1174	4.93722	9.37974e-05
24.8405	21.1517	4.95267	9.43437e-05
31.199	26.5464	0.346023	9.64454e-05
30.7452	28.7831	4.94706	9.59306e-05
28.269	26.3624	4.95186	9.47707e-05
29.1279	22.9961	4.95998	9.40693e-05
31.199	26.5464	0.346023	9.64454e-05
28.269	26.3624	4.95186	9.47707e-05
32.7002	24.7062	4.95604	9.48208e-05
33.7508	28.5944	4.96369	9.64037e-05
31.199	26.5464	0.346023	9.64454e-05
20.544	21.856	4.96121	9.58812e-05
23.0771	23.3761	4.97157	9.54429e-05
20.3799	24.7062	4.97648	9.73581e-05
20.7355	19.1174	4.90262	9.49906e-05
20.544	21.856	4.96121	9.58812e-05
17.2541	20.9431	4.96686	9.67203e-05
17.7548	18.7251	4.93031	9.57559e-05
18.2554	16.5071	4.85759	9.50444e-05
20.7355	19.1174	4.90262	9.49906e-05
14.7591	18.4213	4.95793	9.65214e-05
17.7548	18.7251	4.93031	9.57559e-05
17.2541	20.9431	4.96686	9.67203e-05
14.7591	18.4213	4.95793	9.65214e-05
15.9817	15.8026	4.9013	9.54593e-05
17.7548	18.7251	4.93031	9.57559e-05
20.9532	16.5071	0.220109	9.59124e-05
23.5785	19.1174	4.90467	9.42448e-05
20.7355	19.1174	4.90262	9.49906e-05
23.5785	19.1174	4.90467	9.42448e-05
24.8405	21.1517	4.95267	9.43437e-05
20.544	21.856	4.96121	9.58812e-05
26.689	28.4246	4.95448	9.6163e-05
22.0277	27.6505	4.96684	9.83539e-05
25.3391	26.1784	4.96778	9.55472e-05
21.9612	30.6708	4.91841	0.000103547
18.6835	32.5943	4.91456	0.000113775
18.7229	29.5382	4.96148	0.000104017
20.7355	19.1174	4.90262	9.49906e-05
23.5785	19.1174	4.90467	9.42448e-05
20.544	21.856	4.96121	9.58812e-05
16.8484	14.0413	4.83123	9.4961e-05
19.5656	14.0413	0.180376	9.5893e-05
18.2554	16.5071	4.85759	9.50444e-05
16.8484	14.0413	4.83123	9.4961e-05
17.7988	12.3941	4.73049	9.4622e-05
19.5656	14.0413	0.180376	9.5893e-05
14.1312	14.0413	4.88896	9.5594e-05
16.8484	14.0413	4.83123	9.4961e-05
15.9817	15.8026	4.9013	9.54593e-05
15.1767	12.2293	4.80753	9.51342e-05
17.7988	12.3941	4.73049	9.4622e-05
16.8484	14.0413	4.83123	9.4961e-05
18.75	9.60269	0.0942246	9.59183e-05
21.25	9.60269	0.0673182	9.55689e-05
19.9458	11.7351	0.121777	9.57081e-05
24.3933	15.2742	0.210155	9.51165e-05
23.5785	19.1174	4.90467	9.42448e-05
20.9532	16.5071	0.220109	9.59124e-05
4.97956	24.7062	4.99723	0.000102946
4.19365	27.6505	4.99807	0.000106634
1.8995	24.7062	4.99786	0.000103623
8.74996	9.60269	0.187838	9.74831e-05
9.93237	11.8999	4.84458	9.61442e-05
7.31021	11.7351	4.88834	9.65053e-05
46.8029	37.0605	4.96733	0.000115915
43.6827	37.2565	4.93166	0.000118914
46.6062	33.7485	4.98634	0.000106597
41.9404	24.7062	4.9942	9.87649e-05
45.0204	24.7062	4.99611	9.97894e-05
42.7675	28.0281	4.99403	0.00010048
38.8603	24.7062	4.99059	9.74322e-05
41.9404	24.7062	4.9942	9.87649e-05
39.9888	27.0985	4.99149	9.88506e-05
41.2294	22.236	4.99116	9.75552e-05
44.3095	21.856	4.99331	9.83898e-05
41.9404	24.7062	4.9942	9.87649e-05
48.7787	27.6505	4.99665	0.00010174
49.3105	30.6708	4.99432	0.000103549
46.2478	30.8632	4.99309	0.000103248
26.1025	23.1861	4.96774	9.44428e-05
24.8405	21.1517	4.95267	9.43437e-05
28.8815	20.2128	4.96055	9.3722e-05
28.269	26.3624	4.95186	9.47707e-05
26.1025	23.1861	4.96774	9.44428e-05
29.1279	22.9961	4.95998	9.40693e-05
23.0771	23.3761	4.97157	9.54429e-05
22.0277	27.6505	4.96684	9.83539e-05
20.3799	24.7062	4.97648	9.73581e-05
12.8447	30.6708	4.98254	0.000110414
12.7112	34.5275	4.95984	0.000131375
9.49534	33.1714	4.98732	0.00012296
10.1383	27.6505	4.99429	0.000105211
12.8447	30.6708	4.98254	0.000110414
9.80591	30.6708	4.99115	0.000112303
14.3285	32.6965	4.95903	0.000118466
18.6835	32.5943	4.91456	0.000113775
15.8122	34.7222	4.90222	0.000130083
25.1151	35.3065	0.245758	0.000124167
21.8846	36.8646	4.79949	0.000150501
21.9134	33.7485	0.256364	0.000118408
14.3285	32.6965	4.95903	0.000118466
12.7112	34.5275	4.95984	0.000131375
12.8447	30.6708	4.98254	0.000110414
18.9132	34.917	4.85232	0.000130079
15.8122	34.7222	4.90222	0.000130083
18.6835	32.5943	4.91456	0.000113775
15.601	39.0202	0.242442	0.000212747
12.5385	36.8646	4.93745	0.000160198
15.8122	34.7222	4.90222	0.000130083
23.5785	19.1174	4.90467	9.42448e-05
24.3933	15.2742	0.210155	9.51165e-05
26.3489	16.5071	4.87569	9.34683e-05
28.8815	20.2128	4.96055	9.3722e-05
24.8405	21.1517	4.95267	9.43437e-05
26.4215	19.1174	4.93722	9.37974e-05
18.2554	16.5071	4.85759	9.50444e-05
17.7548	18.7251	4.93031	9.57559e-05
15.9817	15.8026	4.9013	9.54593e-05
14.6026	21.856	4.98229	9.80933e-05
17.2541	20.9431	4.96686	9.67203e-05
17.2998	24.7062	4.9842	9.88664e-05
15.9817	15.8026	4.9013	9.54593e-05
13.1778	15.9788	4.93927	9.62366e-05
14.1312	14.0413	4.88896	9.5594e-05
14.6026	21.856	4.98229	9.80933e-05
14.7591	18.4213	4.95793	9.65214e-05
17.2541	20.9431	4.96686	9.67203e-05
11.4404	21.3083	4.98738	9.87984e-05
14.001	23.9462	4.98884	9.96574e-05
10.9756	24.1362	4.9931	0.000100857
30.001	14.922	4.90048	9.32258e-05
30.9096	13.2177	4.84716	9.31606e-05
33.1516	14.0413	4.86614	9.33211e-05
31.7446	16.5071	4.93387	9.34819e-05
30.001	14.922	4.90048	9.32258e-05
33.1516	14.0413	4.86614	9.33211e-05
25.6653	12.8882	4.73539	9.3403e-05
27.0253	10.7509	4.67947	9.33727e-05
28.2875	13.053	4.82937	9.31893e-05
25.6653	12.8882	4.73539	9.3403e-05
28.2875	13.053	4.82937	9.31893e-05
26.3489	16.5071	4.87569	9.34683e-05
33.75	9.60269	0.104321	9.46341e-05
36.25	9.60269	0.098407	9.465e-05
35.1085	11.7351	0.177217	9.47338e-05
39.693	16.8552	4.9561	9.50676e-05
41.2166	14.2175	4.91817	9.45213e-05
42.536	16.5071	4.96547	9.5635e-05
28.8815	20.2128	4.96055	9.3722e-05
26.4215	19.1174	4.93722	9.37974e-05
28.6113	17.5512	4.93362	9.34474e-05
40.625	40	0.221289	0.000153684
43.75	40	4.86512	0.000144508
43.6923	43.1354	0.238102	0.000223793
34.399	40.9798	0.166138	0.000230904
37.5	40	4.77883	0.000161829
37.5191	43.9145	0.142353	0.000347162
40.5769	36.8646	4.91118	0.000118211
43.6827	37.2565	4.93166	0.000118914
40.625	40	0.221289	0.000153684
37.3464	33.7485	4.95956	0.000106214
33.997	31.6326	4.96269	0.000100413
37.1553	30.6708	4.97841	0.000100094
40.625	40	0.221289	0.000153684
37.5	40	4.77883	0.000161829
40.5769	36.8646	4.91118	0.000118211
37.4615	36.8646	4.90682	0.000122186
34.1596	34.7385	4.93226	0.000110887
37.3464	33.7485	4.95956	0.000106214
46.2478	30.8632	4.99309	0.000103248
45.7731	27.8393	4.99599	0.000101339
48.7787	27.6505	4.99665	0.00010174
49.6928	33.7485	4.98867	0.000107116
46.6062	33.7485	4.98634	0.000106597
49.3105	30.6708	4.99432	0.000103549
40.1941	30.6708	4.98598	0.000101092
37.1553	30.6708	4.97841	0.000100094
36.8893	27.6505	4.98389	9.75541e-05
43.2329	30.6708	4.99035	0.000102261
40.1941	30.6708	4.98598	0.000101092
42.7675	28.0281	4.99403	0.00010048
40.433	33.7485	4.9675	0.000105913
37.3464	33.7485	4.95956	0.000106214
40.1941	30.6708	4.98598	0.000101092
31.3171	35.696	4.88865	0.000119641
31.2019	38.0404	0.23542	0.000153114
28.1154	36.8646	4.85549	0.000138961
33.997	31.6326	4.96269	0.000100413
34.1596	34.7385	4.93226	0.000110887
30.9343	31.8249	4.95026	9.99306e-05
34.3221	37.8444	4.83972	0.000139169
31.2019	38.0404	0.23542	0.000153114
31.3171	35.696	4.88865	0.000119641
37.5	40	4.77883	0.000161829
34.3221	37.8444	4.83972	0.000139169
37.4615	36.8646	4.90682	0.000122186
34.399	40.9798	0.166138	0.000230904
31.2019	38.0404	0.23542	0.000153114
34.3221	37.8444	4.83972	0.000139169
40.1941	30.6708	4.98598	0.000101092
39.9888	27.0985	4.99149	9.88506e-05
42.7675	28.0281	4.99403	0.00010048
7.16598	27.6505	4.99687	0.000105948
8.05963	24.7062	4.99583	0.000102213
10.1383	27.6505	4.99429	0.000105211
3.69504	30.482	4.99805	0.00011249
4.19365	27.6505	4.99807	0.000106634
6.70061	30.2933	4.99629	0.000111487
4.97956	24.7062	4.99723	0.000102946
8.05963	24.7062	4.99583	0.000102213
7.16598	27.6505	4.99687	0.000105948
2.71986	21.856	4.99602	0.000101209
4.97956	24.7062	4.99723	0.000102946
1.8995	24.7062	4.99786	0.000103623
14.001	23.9462	4.98884	9.96574e-05
11.4404	21.3083	4.98738	9.87984e-05
14.6026	21.856	4.98229	9.80933e-05
13.1107	27.6505	4.98994	0.000104027
10.9756	24.1362	4.9931	0.000100857
14.001	23.9462	4.98884	9.96574e-05
8.66123	21.856	4.99235	9.98994e-05
5.62671	21.6734	4.99448	0.000100496
6.52038	19.1174	4.9882	9.89579e-05
12.2064	19.1174	4.97612	9.75292e-05
11.4404	21.3083	4.98738	9.87984e-05
9.3634	19.1174	4.98337	9.8304e-05
8.05963	24.7062	4.99583	0.000102213
5.62671	21.6734	4.99448	0.000100496
8.66123	21.856	4.99235	9.98994e-05
44.3095	21.856	4.99331	9.83898e-05
41.2294	22.236	4.99116	9.75552e-05
43.4158	19.3	4.98595	9.70356e-05
45.7731	27.8393	4.99599	0.000101339
45.0204	24.7062	4.99611	9.97894e-05
48.1005	24.7062	4.99687	0.000100377
38.8603	24.7062	4.99059	9.74322e-05
36.8893	27.6505	4.98389	9.75541e-05
35.7802	24.7062	4.98196	9.59816e-05
45.7731	27.8393	4.99599	0.000101339
42.7675	28.0281	4.99403	0.00010048
45.0204	24.7062	4.99611	9.97894e-05
43.2329	30.6708	4.99035	0.000102261
46.2478	30.8632	4.99309	0.000103248
43.5196	33.7485	4.97695	0.00010639
40.433	33.7485	4.9675	0.000105913
43.2329	30.6708	4.99035	0.000102261
43.5196	33.7485	4.97695	0.00010639
42.7675	28.0281	4.99403	0.00010048
45.7731	27.8393	4.99599	0.000101339
43.2329	30.6708	4.99035	0.000102261
41.9404	24.7062	4.9942	9.87649e-05
42.7675	28.0281	4.99403	0.00010048
39.9888	27.0985	4.99149	9.88506e-05
45.7731	27.8393	4.99599	0.000101339
46.2478	30.8632	4.99309	0.000103248
43.2329	30.6708	4.99035	0.000102261
8.69678	14.0413	4.93339	9.67998e-05
5.97957	14.0413	4.95464	9.72561e-05
7.31021	11.7351	4.88834	9.65053e-05
10.1618	16.5071	4.96251	9.71546e-05
8.69678	14.0413	4.93339	9.67998e-05
11.414	14.0413	4.91247	9.6232e-05
7.464	16.5071	4.97267	9.77473e-05
4.76616	16.5071	4.98063	9.82343e-05
5.97957	14.0413	4.95464	9.72561e-05
10.1618	16.5071	4.96251	9.71546e-05
7.464	16.5071	4.97267	9.77473e-05
8.69678	14.0413	4.93339	9.67998e-05
10.1618	16.5071	4.96251	9.71546e-05
9.3634	19.1174	4.98337	9.8304e-05
7.464	16.5071	4.97267	9.77473e-05
9.42308	36.8646	4.97911	0.000160771
9.49534	33.1714	4.98732	0.00012296
12.7112	34.5275	4.95984	0.000131375
12.5	40	4.93158	0.000244797
9.36058	39.4121	4.97821	0.000222712
12.5385	36.8646	4.93745	0.000160198
9.36058	39.4121	4.97821	0.000222712
6.30769	36.8646	4.99253	0.000156995
9.42308	36.8646	4.97911	0.000160771
3.19231	36.8646	4.99696	0.000155334
3.40821	33.9432	4.99753	0.000127081
6.30769	36.8646	4.99253	0.000156995
0.076922	36.8646	4.99797	0.000153482
3.19231	36.8646	4.99696	0.000155334
3.125	40	4.99664	0.000228665
0.076922	36.8646	4.99797	0.000153482
0.307214	33.7485	4.99831	0.00012584
3.19231	36.8646	4.99696	0.000155334
6.70061	30.2933	4.99629	0.000111487
9.80591	30.6708	4.99115	0.000112303
9.49534	33.1714	4.98732	0.00012296
2.71986	21.856	4.99602	0.000101209
5.62671	21.6734	4.99448	0.000100496
4.97956	24.7062	4.99723	0.000102946
18.0114	27.1222	4.97953	0.000100778
15.7173	29.727	4.97707	0.000106322
15.2052	26.1784	4.98778	0.000101213
43.5196	33.7485	4.97695	0.00010639
40.5769	36.8646	4.91118	0.000118211
40.433	33.7485	4.9675	0.000105913
49.9231	36.8646	4.9749	0.000116578
46.8029	37.0605	4.96733	0.000115915
49.6928	33.7485	4.98867	0.000107116
43.75	40	4.86512	0.000144508
40.625	40	0.221289	0.000153684
43.6827	37.2565	4.93166	0.000118914
13.1107	27.6505	4.98994	0.000104027
15.7173	29.727	4.97707	0.000106322
12.8447	30.6708	4.98254	0.000110414
10.9756	24.1362	4.9931	0.000100857
13.1107	27.6505	4.98994	0.000104027
10.1383	27.6505	4.99429	0.000105211
15.2052	26.1784	4.98778	0.000101213
17.2998	24.7062	4.9842	9.88664e-05
18.0114	27.1222	4.97953	0.000100778
14.001	23.9462	4.98884	9.96574e-05
15.2052	26.1784	4.98778	0.000101213
13.1107	27.6505	4.98994	0.000104027
14.001	23.9462	4.98884	9.96574e-05
17.2998	24.7062	4.9842	9.88664e-05
15.2052	26.1784	4.98778	0.000101213
46.6062	33.7485	4.98634	0.000106597
43.6827	37.2565	4.93166	0.000118914
43.5196	33.7485	4.97695	0.00010639
50	40	4.95863	0.00013709
46.8029	37.0605	4.96733	0.000115915
49.9231	36.8646	4.9749	0.000116578
46.8798	40.196	4.93388	0.000148502
43.75	40	4.86512	0.000144508
46.8029	37.0605	4.96733	0.000115915
21.9014	39.3141	0.233806	0.000209517
21.9183	41.7637	4.83989	0.000336493
18.7981	41.9596	0.22962	0.000348207
25	40	4.86321	0.000211632
21.9014	39.3141	0.233806	0.000209517
21.8846	36.8646	4.79949	0.000150501
25	40	4.86321	0.000211632
21.9183	41.7637	4.83989	0.000336493
21.9014	39.3141	0.233806	0.000209517
22.0142	44.8882	4.89404	0.000695076
18.7981	41.9596	0.22962	0.000348207
21.9183	41.7637	4.83989	0.000336493
3.69504	30.482	4.99805	0.00011249
3.40821	33.9432	4.99753	0.000127081
0.68946	30.6708	4.99855	0.000113516
1.22131	27.6505	4.99848	0.000107309
3.69504	30.482	4.99805	0.00011249
0.68946	30.6708	4.99855	0.000113516
6.70061	30.2933	4.99629	0.000111487
6.43263	33.3637	4.99495	0.000123373
3.69504	30.482	4.99805	0.00011249
43.5196	33.7485	4.97695	0.00010639
43.6827	37.2565	4.93166	0.000118914
40.5769	36.8646	4.91118	0.000118211
40.1941	30.6708	4.98598	0.000101092
43.2329	30.6708	4.99035	0.000102261
40.433	33.7485	4.9675	0.000105913
46.6062	33.7485	4.98634	0.000106597
49.6928	33.7485	4.98867	0.000107116
46.8029	37.0605	4.96733	0.000115915
46.2478	30.8632	4.99309	0.000103248
46.6062	33.7485	4.98634	0.000106597
43.5196	33.7485	4.97695	0.00010639
46.2478	30.8632	4.99309	0.000103248
49.3105	30.6708	4.99432	0.000103549
46.6062	33.7485	4.98634	0.000106597
46.8798	40.196	4.93388	0.000148502
46.8029	37.0605	4.96733	0.000115915
50	40	4.95863	0.00013709
9.4375	42.5475	4.98223	0.000427128
6.24038	39.6081	4.99229	0.000218065
9.36058	39.4121	4.97821	0.000222712
9.49534	33.1714	4.98732	0.00012296
9.80591	30.6708	4.99115	0.000112303
12.8447	30.6708	4.98254	0.000110414
12.5385	36.8646	4.93745	0.000160198
9.42308	36.8646	4.97911	0.000160771
12.7112	34.5275	4.95984	0.000131375
6.43263	33.3637	4.99495	0.000123373
6.70061	30.2933	4.99629	0.000111487
9.49534	33.1714	4.98732	0.00012296
4.19365	27.6505	4.99807	0.000106634
4.97956	24.7062	4.99723	0.000102946
7.16598	27.6505	4.99687	0.000105948
1.22131	27.6505	4.99848	0.000107309
4.19365	27.6505	4.99807	0.000106634
3.69504	30.482	4.99805	0.00011249
1.22131	27.6505	4.99848	0.000107309
1.8995	24.7062	4.99786	0.000103623
4.19365	27.6505	4.99807	0.000106634
6.70061	30.2933	4.99629	0.000111487
4.19365	27.6505	4.99807	0.000106634
7.16598	27.6505	4.99687	0.000105948
18.7229	29.5382	4.96148	0.000104017
22.0277	27.6505	4.96684	9.83539e-05
21.9612	30.6708	4.91841	0.000103547
14.3285	32.6965	4.95903	0.000118466
12.8447	30.6708	4.98254	0.000110414
15.7173	29.727	4.97707	0.000106322
18.6835	32.5943	4.91456	0.000113775
14.3285	32.6965	4.95903	0.000118466
15.7173	29.727	4.97707	0.000106322
15.8122	34.7222	4.90222	0.000130083
12.7112	34.5275	4.95984	0.000131375
14.3285	32.6965	4.95903	0.000118466
18.0114	27.1222	4.97953	0.000100778
20.3799	24.7062	4.97648	9.73581e-05
22.0277	27.6505	4.96684	9.83539e-05
3.40821	33.9432	4.99753	0.000127081
3.69504	30.482	4.99805	0.00011249
6.43263	33.3637	4.99495	0.000123373
46.8077	43.1354	4.91067	0.000207707
43.6923	43.1354	0.238102	0.000223793
46.8798	40.196	4.93388	0.000148502
49.9231	43.1354	4.94779	0.000199927
46.8077	43.1354	4.91067	0.000207707
46.8798	40.196	4.93388	0.000148502
46.2717	49.3292	4.95685	0.00072599
49.3105	49.3292	4.96656	0.00063628
48.7787	52.3495	4.96504	0.00139634
43.5196	46.2515	4.87276	0.000400252
46.2717	49.3292	4.95685	0.00072599
43.2329	49.3292	4.92885	0.00085987
40.433	46.2515	4.79418	0.000463927
43.5196	46.2515	4.87276	0.000400252
43.2329	49.3292	4.92885	0.00085987
43.6923	43.1354	0.238102	0.000223793
46.8077	43.1354	4.91067	0.000207707
46.6062	46.2515	4.93165	0.00035313
46.6062	46.2515	4.93165	0.00035313
49.3105	49.3292	4.96656	0.00063628
46.2717	49.3292	4.95685	0.00072599
6.30769	36.8646	4.99253	0.000156995
6.43263	33.3637	4.99495	0.000123373
9.42308	36.8646	4.97911	0.000160771
3.125	40	4.99664	0.000228665
3.19231	36.8646	4.99696	0.000155334
6.24038	39.6081	4.99229	0.000218065
3.40821	33.9432	4.99753	0.000127081
6.43263	33.3637	4.99495	0.000123373
6.30769	36.8646	4.99253	0.000156995
0.307214	33.7485	4.99831	0.00012584
3.40821	33.9432	4.99753	0.000127081
3.19231	36.8646	4.99696	0.000155334
0.307214	33.7485	4.99831	0.00012584
0.68946	30.6708	4.99855	0.000113516
3.40821	33.9432	4.99753	0.000127081
