25	30.6708	4.91738	0.000103943
28.0866	33.7485	4.90031	0.000113346
25.1151	35.3065	0.245409	0.000128665
22.0277	27.6505	4.9668	0.000102922
25	30.6708	4.91738	0.000103943
21.9612	30.6708	4.91826	0.000108095
26.689	28.4246	4.95431	0.000100539
28.269	26.3624	4.95179	9.91881e-05
30.7452	28.7831	4.9469	0.000100299
25	30.6708	4.91738	0.000103943
26.689	28.4246	4.95431	0.000100539
28.0388	30.6708	4.94301	0.000102959
25.3391	26.1784	4.96773	0.000100013
28.269	26.3624	4.95179	9.91881e-05
26.689	28.4246	4.95431	0.000100539
28.0388	30.6708	4.94301	0.000102959
30.9343	31.8249	4.94997	0.000104214
28.0866	33.7485	4.90031	0.000113346
22.0277	27.6505	4.9668	0.000102922
26.689	28.4246	4.95431	0.000100539
25	30.6708	4.91738	0.000103943
30.7452	28.7831	4.9469	0.000100299
30.9343	31.8249	4.94997	0.000104214
28.0388	30.6708	4.94301	0.000102959
26.689	28.4246	4.95431	0.000100539
30.7452	28.7831	4.9469	0.000100299
28.0388	30.6708	4.94301	0.000102959
26.1025	23.1861	4.96776	9.89164e-05
28.269	26.3624	4.95179	9.91881e-05
25.3391	26.1784	4.96773	0.000100013
29.1279	22.9961	4.95999	9.85232e-05
32.7002	24.7062	4.95604	9.93012e-05
31.199	26.5464	0.345967	0.000100946
33.7508	28.5944	4.96363	0.000100874
30.9343	31.8249	4.94997	0.000104214
30.7452	28.7831	4.9469	0.000100299
31.199	26.5464	0.345967	0.000100946
33.7508	28.5944	4.96363	0.000100874
30.7452	28.7831	4.9469	0.000100299
37.4615	36.8646	4.90681	0.00012673
40.433	33.7485	4.96753	0.00011062
40.5769	36.8646	4.91121	0.000122902
36.8893	27.6505	4.9839	0.000102156
37.1553	30.6708	4.9784	0.000104685
33.7508	28.5944	4.96363	0.000100874
36.8893	27.6505	4.9839	0.000102156
39.9888	27.0985	4.99151	0.000103563
40.1941	30.6708	4.98601	0.000105812
34.9506	19.1174	4.96921	9.89775e-05
34.4425	16.5071	4.93446	9.83016e-05
37.1403	16.5071	4.93892	9.8864e-05
38.204	22.4261	4.98771	0.000101056
35.1786	22.6161	4.98053	9.98111e-05
36.4861	20.8667	4.97938	9.98973e-05
32.1075	19.1174	4.96447	9.83394e-05
28.8815	20.2128	4.96058	9.81756e-05
28.6113	17.5512	4.93366	9.78898e-05
38.204	22.4261	4.98771	0.000101056
35.7802	24.7062	4.98198	0.000100549
35.1786	22.6161	4.98053	9.98111e-05
32.7002	24.7062	4.95604	9.93012e-05
29.1279	22.9961	4.95999	9.85232e-05
32.4267	21.856	4.97226	9.88076e-05
45.7731	27.8393	4.99601	0.000106194
48.1005	24.7062	4.99688	0.000105209
48.7787	27.6505	4.99667	0.000106619
38.8603	24.7062	4.99062	0.000102094
41.2294	22.236	4.99118	0.000102238
41.9404	24.7062	4.99422	0.000103507
38.8603	24.7062	4.99062	0.000102094
38.204	22.4261	4.98771	0.000101056
41.2294	22.236	4.99118	0.000102238
36.8893	27.6505	4.9839	0.000102156
38.8603	24.7062	4.99062	0.000102094
39.9888	27.0985	4.99151	0.000103563
35.7802	24.7062	4.98198	0.000100549
38.204	22.4261	4.98771	0.000101056
38.8603	24.7062	4.99062	0.000102094
33.7508	28.5944	4.96363	0.000100874
35.7802	24.7062	4.98198	0.000100549
36.8893	27.6505	4.9839	0.000102156
32.7002	24.7062	4.95604	9.93012e-05
32.4267	21.856	4.97226	9.88076e-05
35.1786	22.6161	4.98053	9.98111e-05
37.7936	19.1174	4.97332	9.98216e-05
40.5089	19.4825	4.98144	0.000100873
38.204	22.4261	4.98771	0.000101056
35.1786	22.6161	4.98053	9.98111e-05
32.4267	21.856	4.97226	9.88076e-05
34.9506	19.1174	4.96921	9.89775e-05
36.4861	20.8667	4.97938	9.98973e-05
35.1786	22.6161	4.98053	9.98111e-05
34.9506	19.1174	4.96921	9.89775e-05
37.7936	19.1174	4.97332	9.98216e-05
36.4861	20.8667	4.97938	9.98973e-05
34.9506	19.1174	4.96921	9.89775e-05
37.7936	19.1174	4.97332	9.98216e-05
38.204	22.4261	4.98771	0.000101056
36.4861	20.8667	4.97938	9.98973e-05
35.7802	24.7062	4.98198	0.000100549
32.7002	24.7062	4.95604	9.93012e-05
35.1786	22.6161	4.98053	9.98111e-05
33.7508	28.5944	4.96363	0.000100874
32.7002	24.7062	4.95604	9.93012e-05
35.7802	24.7062	4.98198	0.000100549
29.1279	22.9961	4.95999	9.85232e-05
28.8815	20.2128	4.96058	9.81756e-05
32.4267	21.856	4.97226	9.88076e-05
37.1403	16.5071	4.93892	9.8864e-05
39.693	16.8552	4.95612	9.96059e-05
37.7936	19.1174	4.97332	9.98216e-05
44.3095	21.856	4.99333	0.00010312
47.2801	21.856	4.99497	0.00010378
45.0204	24.7062	4.99612	0.000104591
41.9404	24.7062	4.99422	0.000103507
44.3095	21.856	4.99333	0.00010312
45.0204	24.7062	4.99612	0.000104591
43.4158	19.3	4.98597	0.000101689
46.3226	19.1174	4.98937	0.000102287
44.3095	21.856	4.99333	0.00010312
28.0866	46.2515	4.88366	0.000974583
31.0776	49.3292	4.83647	0.00230481
28.0388	49.3292	4.88448	0.00257141
25	43.1354	4.8992	0.00042521
28.1154	43.1354	4.85015	0.000441956
28.0866	46.2515	4.88366	0.000974583
37.3464	46.2515	0.15969	0.000608323
34.3294	43.6157	0.131319	0.000396884
37.5191	43.9145	0.142362	0.000352264
31.226	43.7137	0.18455	0.000474543
31.2788	41.1758	0.179626	0.000273125
34.3294	43.6157	0.131319	0.000396884
28.0866	46.2515	4.88366	0.000974583
31.226	43.7137	0.18455	0.000474543
31.1732	46.2515	4.77661	0.000933276
28.1154	43.1354	4.85015	0.000441956
31.2788	41.1758	0.179626	0.000273125
31.226	43.7137	0.18455	0.000474543
25	46.2515	4.91206	0.000932735
25	43.1354	4.8992	0.00042521
28.0866	46.2515	4.88366	0.000974583
28.125	40	4.83578	0.00022306
31.2788	41.1758	0.179626	0.000273125
28.1154	43.1354	4.85015	0.000441956
28.125	40	4.83578	0.00022306
31.2019	38.0404	0.235179	0.000157601
31.2788	41.1758	0.179626	0.000273125
31.2019	38.0404	0.235179	0.000157601
34.399	40.9798	0.166093	0.000235886
31.2788	41.1758	0.179626	0.000273125
28.0866	33.7485	4.90031	0.000113346
31.3171	35.696	4.88827	0.000123896
28.1154	36.8646	4.85492	0.000143403
37.3464	33.7485	4.95954	0.00011078
37.1553	30.6708	4.9784	0.000104685
40.1941	30.6708	4.98601	0.000105812
37.4615	36.8646	4.90681	0.00012673
37.3464	33.7485	4.95954	0.00011078
40.433	33.7485	4.96753	0.00011062
37.4615	36.8646	4.90681	0.00012673
34.3221	37.8444	4.83956	0.000143566
34.1596	34.7385	4.93209	0.000115267
34.1596	34.7385	4.93209	0.000115267
33.997	31.6326	4.96257	0.000104838
37.3464	33.7485	4.95954	0.00011078
31.3171	35.696	4.88827	0.000123896
34.1596	34.7385	4.93209	0.000115267
34.3221	37.8444	4.83956	0.000143566
31.3171	35.696	4.88827	0.000123896
30.9343	31.8249	4.94997	0.000104214
34.1596	34.7385	4.93209	0.000115267
30.9343	31.8249	4.94997	0.000104214
33.7508	28.5944	4.96363	0.000100874
33.997	31.6326	4.96257	0.000104838
40.433	46.2515	4.79418	0.000469019
40.6201	43.7197	0.185144	0.000284502
43.5196	46.2515	4.87277	0.000405536
46.8029	37.0605	4.96735	0.000120811
43.75	40	4.86514	0.000149339
43.6827	37.2565	4.93168	0.000123726
49.9231	43.1354	4.94781	0.000205281
46.8798	40.196	4.9339	0.000153756
50	40	4.95865	0.00014205
49.9231	43.1354	4.94781	0.000205281
49.6928	46.2515	4.95593	0.000331881
46.8077	43.1354	4.91069	0.000213023
25	43.1354	4.8992	0.00042521
25	46.2515	4.91206	0.000932735
22.0142	44.8882	4.89398	0.000693821
25	40	4.86297	0.000217384
25	43.1354	4.8992	0.00042521
21.9183	41.7637	4.83992	0.000342322
25	40	4.86297	0.000217384
28.1154	43.1354	4.85015	0.000441956
25	43.1354	4.8992	0.00042521
31.2019	38.0404	0.235179	0.000157601
28.125	40	4.83578	0.00022306
28.1154	36.8646	4.85492	0.000143403
28.1154	43.1354	4.85015	0.000441956
31.226	43.7137	0.18455	0.000474543
28.0866	46.2515	4.88366	0.000974583
18.7981	41.9596	0.229724	0.000355297
15.601	39.0202	0.242488	0.000218821
18.7212	38.8242	0.204251	0.000207123
17.2523	44.2036	4.8855	0.000667534
15.7402	46.2515	4.93873	0.00120924
14.1489	44.3016	4.94425	0.00071422
18.7981	41.9596	0.229724	0.000355297
17.2523	44.2036	4.8855	0.000667534
15.6779	42.1556	4.8741	0.000413474
18.8268	46.2515	4.90577	0.001029
15.7402	46.2515	4.93873	0.00120924
17.2523	44.2036	4.8855	0.000667534
21.7462	47.598	4.88284	0.00158755
18.8268	46.2515	4.90577	0.001029
22.0142	44.8882	4.89398	0.000693821
21.7462	47.598	4.88284	0.00158755
18.9224	49.3292	4.86881	0.00284399
18.8268	46.2515	4.90577	0.001029
15.6779	42.1556	4.8741	0.000413474
15.601	39.0202	0.242488	0.000218821
18.7981	41.9596	0.229724	0.000355297
18.8268	46.2515	4.90577	0.001029
17.2523	44.2036	4.8855	0.000667534
18.7981	41.9596	0.229724	0.000355297
14.1489	44.3016	4.94425	0.00071422
12.6536	46.2515	4.97029	0.00111987
12.5577	42.3516	4.952	0.000419588
15.6779	42.1556	4.8741	0.000413474
14.1489	44.3016	4.94425	0.00071422
12.5577	42.3516	4.952	0.000419588
15.7402	46.2515	4.93873	0.00120924
12.6536	46.2515	4.97029	0.00111987
14.1489	44.3016	4.94425	0.00071422
12.7118	50.0843	4.96313	0.00363674
12.6536	46.2515	4.97029	0.00111987
15.8835	49.3292	4.93444	0.0029039
16.083	52.3495	4.89112	0.00769823
13.1107	52.3495	4.94335	0.00709454
15.8835	49.3292	4.93444	0.0029039
18.9224	49.3292	4.86881	0.00284399
16.083	52.3495	4.89112	0.00769823
15.8835	49.3292	4.93444	0.0029039
13.1107	52.3495	4.94335	0.00709454
10.6893	54.7417	4.9241	0.012478
10.1383	52.3495	4.96148	0.00641059
15.8835	49.3292	4.93444	0.0029039
13.1107	52.3495	4.94335	0.00709454
12.7118	50.0843	4.96313	0.00363674
14.2198	55.2938	4.89043	0.0174102
10.6893	54.7417	4.9241	0.012478
13.1107	52.3495	4.94335	0.00709454
17.0264	56.2438	4.83527	0.0275789
14.2198	55.2938	4.89043	0.0174102
16.083	52.3495	4.89112	0.00769823
17.2808	59.0298	4.73632	0.0676578
17.5295	61.7527	0.085501	4.59521
15.0494	60.8826	0.107083	0.0675693
17.0264	56.2438	4.83527	0.0275789
17.2808	59.0298	4.73632	0.0676578
14.6026	58.144	4.7796	0.0362127
17.0264	56.2438	4.83527	0.0275789
20.0518	56.4338	4.78208	0.0326348
17.2808	59.0298	4.73632	0.0676578
7.16598	52.3495	4.97039	0.00610722
8.05963	55.2938	4.92309	0.014497
4.92487	55.4838	4.93262	0.016236
6.76709	49.3292	4.98712	0.0024911
7.16598	52.3495	4.97039	0.00610722
4.19365	52.3495	4.97592	0.00587253
10.1383	52.3495	4.96148	0.00641059
8.05963	55.2938	4.92309	0.014497
7.16598	52.3495	4.97039	0.00610722
12.7118	50.0843	4.96313	0.00363674
10.1383	52.3495	4.96148	0.00641059
9.70619	49.8955	4.97869	0.00314546
10.6893	54.7417	4.9241	0.012478
8.05963	55.2938	4.92309	0.014497
10.1383	52.3495	4.96148	0.00641059
12.5577	42.3516	4.952	0.000419588
12.5	40	4.93164	0.000250751
15.6779	42.1556	4.8741	0.000413474
9.61019	45.6673	4.98674	0.000895409
12.5577	42.3516	4.952	0.000419588
12.6536	46.2515	4.97029	0.00111987
9.61019	45.6673	4.98674	0.000895409
6.31731	42.7435	4.99294	0.000417973
9.4375	42.5475	4.98228	0.000433879
-3.10282e-28	40	4.99763	0.000244629
3.125	40	4.99664	0.000234212
3.19711	42.9395	4.99625	0.000432273
-3.10282e-28	40	4.99763	0.000244629
0.076922	36.8646	4.99797	0.000158933
3.125	40	4.99664	0.000234212
46.6062	46.2515	4.93166	0.000358535
46.2717	49.3292	4.95685	0.000731512
43.5196	46.2515	4.87277	0.000405536
43.6923	43.1354	0.238115	0.000229075
46.6062	46.2515	4.93166	0.000358535
43.5196	46.2515	4.87277	0.000405536
49.6928	46.2515	4.95593	0.000331881
49.3105	49.3292	4.96657	0.000641848
46.6062	46.2515	4.93166	0.000358535
27.4517	72.3429	0.00273671	0.023537
25	72.3429	0.00277422	0.0290092
27.0253	69.2491	0.00681183	0.0554088
24.7277	76.3587	0.00103268	0.00973426
26.189	74.0896	0.00173659	0.0161495
27.2733	75.6267	0.00119889	0.0101231
24.7277	76.3587	0.00103268	0.00973426
23.0327	74.7883	0.00152329	0.0165901
26.189	74.0896	0.00173659	0.0161495
23.0339	79.8761	0.000731315	0.00649352
21.0802	79.5053	0.000837033	0.0075237
21.6827	78.0345	0.000874591	0.00806459
19.6759	76.9444	0.00109589	0.00984154
19.0551	74.0896	0.00197977	0.019464
21.4331	74.0896	0.00187056	0.0212061
19.6759	76.9444	0.00109589	0.00984154
18.1801	75.6267	0.00151885	0.0131716
19.0551	74.0896	0.00197977	0.019464
21.4331	74.0896	0.00187056	0.0212061
23.0327	74.7883	0.00152329	0.0165901
22.3999	76.5052	0.00107754	0.0107749
20.0967	72.3429	0.00302037	0.0361305
22.5483	72.3429	0.00295667	0.0382677
21.4331	74.0896	0.00187056	0.0212061
16.5527	73.7985	0.00228072	0.0171733
17.645	72.3429	0.00307807	0.0255398
19.0551	74.0896	0.00197977	0.019464
19.193	69.7412	0.00655209	0.0641264
21.8037	69.5771	0.00673904	4.50248
20.0967	72.3429	0.00302037	0.0361305
21.8037	69.5771	0.00673904	4.50248
23.75	70.3973	0.00521323	0.0586342
22.5483	72.3429	0.00295667	0.0382677
21.6827	78.0345	0.000874591	0.00806459
19.1515	78.89	0.00096718	0.00838975
19.6759	76.9444	0.00109589	0.00984154
22.3999	76.5052	0.00107754	0.0107749
19.6759	76.9444	0.00109589	0.00984154
21.4331	74.0896	0.00187056	0.0212061
22.3999	76.5052	0.00107754	0.0107749
21.6827	78.0345	0.000874591	0.00806459
19.6759	76.9444	0.00109589	0.00984154
24.7277	76.3587	0.00103268	0.00973426
22.3999	76.5052	0.00107754	0.0107749
23.0327	74.7883	0.00152329	0.0165901
24.7277	76.3587	0.00103268	0.00973426
24.9752	78.5234	0.000752374	0.00652253
23.329	78.279	0.000800771	0.00728743
21.0802	79.5053	0.000837033	0.0075237
19.1515	78.89	0.00096718	0.00838975
21.6827	78.0345	0.000874591	0.00806459
25	80	0.00071082	0.00606546
24.9752	78.5234	0.000752374	0.00652253
26.9661	79.8761	0.000696677	0.00554374
19.6759	76.9444	0.00109589	0.00984154
19.1515	78.89	0.00096718	0.00838975
17.2597	78.0345	0.00120399	0.00979352
28.3173	78.0345	0.000804385	0.00612206
30.8485	78.89	0.000882231	0.00597813
28.9198	79.5053	0.000771196	0.00571456
18.1801	75.6267	0.00151885	0.0131716
19.6759	76.9444	0.00109589	0.00984154
17.2597	78.0345	0.00120399	0.00979352
15.4167	76.9444	0.00153877	0.0112429
18.1801	75.6267	0.00151885	0.0131716
17.2597	78.0345	0.00120399	0.00979352
23.0327	74.7883	0.00152329	0.0165901
21.4331	74.0896	0.00187056	0.0212061
22.5483	72.3429	0.00295667	0.0382677
15.4167	76.9444	0.00153877	0.0112429
16.5527	73.7985	0.00228072	0.0171733
18.1801	75.6267	0.00151885	0.0131716
20.0967	72.3429	0.00302037	0.0361305
21.8037	69.5771	0.00673904	4.50248
22.5483	72.3429	0.00295667	0.0382677
15.4167	76.9444	0.00153877	0.0112429
13.6336	75.6267	0.00226437	0.0146818
14.237	73.9441	0.00259949	0.0166289
29.3832	76.0659	0.00112103	0.00832559
31.3712	77.1646	0.00105075	0.00693148
28.3173	78.0345	0.000804385	0.00612206
31.9219	75.3472	0.00141896	0.00914628
34.5833	76.9444	0.00138424	0.00784367
32.7403	78.0345	0.00106147	0.00662176
14.237	73.9441	0.00259949	0.0166289
11.9212	74.0896	0.0032688	0.0189731
12.7417	72.3429	0.00392112	0.022
11.25	70.3973	0.00678456	0.034059
12.7417	72.3429	0.00392112	0.022
10.2901	72.3429	0.00524939	0.0278588
17.645	72.3429	0.00307807	0.0255398
16.5527	73.7985	0.00228072	0.0171733
15.1934	72.3429	0.00331204	0.0212187
19.193	69.7412	0.00655209	0.0641264
17.645	72.3429	0.00307807	0.0255398
16.25	70.3973	0.00527722	0.0328016
20.0967	72.3429	0.00302037	0.0361305
19.0551	74.0896	0.00197977	0.019464
17.645	72.3429	0.00307807	0.0255398
19.0551	74.0896	0.00197977	0.019464
18.1801	75.6267	0.00151885	0.0131716
16.5527	73.7985	0.00228072	0.0171733
32.355	72.3429	0.00280887	0.0182057
34.8066	72.3429	0.00317264	0.017173
33.3228	74.0896	0.00195244	0.0115913
33.3228	74.0896	0.00195244	0.0115913
31.9219	75.3472	0.00141896	0.00914628
30.9297	73.8705	0.00186503	0.0131269
35.7008	74.0896	0.00238394	0.0123907
33.3228	74.0896	0.00195244	0.0115913
34.8066	72.3429	0.00317264	0.017173
34.5833	76.9444	0.00138424	0.00784367
31.9219	75.3472	0.00141896	0.00914628
33.3228	74.0896	0.00195244	0.0115913
17.4187	68.2649	0.0101836	0.0626359
14.8915	68.2649	0.00957119	0.0447108
16.8484	65.9587	0.0201149	0.0858546
16.25	70.3973	0.00527722	0.0328016
13.513	70.6966	0.0052118	0.0274678
14.8915	68.2649	0.00957119	0.0447108
19.193	69.7412	0.00655209	0.0641264
16.25	70.3973	0.00527722	0.0328016
17.4187	68.2649	0.0101836	0.0626359
15.1934	72.3429	0.00331204	0.0212187
14.237	73.9441	0.00259949	0.0166289
12.7417	72.3429	0.00392112	0.022
17.645	72.3429	0.00307807	0.0255398
15.1934	72.3429	0.00331204	0.0212187
16.25	70.3973	0.00527722	0.0328016
16.5527	73.7985	0.00228072	0.0171733
14.237	73.9441	0.00259949	0.0166289
15.1934	72.3429	0.00331204	0.0212187
12.7417	72.3429	0.00392112	0.022
11.25	70.3973	0.00678456	0.034059
13.513	70.6966	0.0052118	0.0274678
8.74996	70.3973	0.00915465	0.0470216
11.25	70.3973	0.00678456	0.034059
10.2901	72.3429	0.00524939	0.0278588
12.3644	68.2649	0.0105363	0.0455044
13.846	66.4528	0.0170311	0.0540074
14.8915	68.2649	0.00957119	0.0447108
9.83732	68.2649	0.0128227	0.0662128
12.3644	68.2649	0.0105363	0.0455044
11.25	70.3973	0.00678456	0.034059
9.83732	68.2649	0.0128227	0.0662128
11.414	65.9587	0.0214788	0.0698908
12.3644	68.2649	0.0105363	0.0455044
9.83732	68.2649	0.0128227	0.0662128
11.25	70.3973	0.00678456	0.034059
8.74996	70.3973	0.00915465	0.0470216
14.8915	68.2649	0.00957119	0.0447108
13.513	70.6966	0.0052118	0.0274678
12.3644	68.2649	0.0105363	0.0455044
15.1934	72.3429	0.00331204	0.0212187
12.7417	72.3429	0.00392112	0.022
13.513	70.6966	0.0052118	0.0274678
15.4167	76.9444	0.00153877	0.0112429
14.237	73.9441	0.00259949	0.0166289
16.5527	73.7985	0.00228072	0.0171733
13.6336	75.6267	0.00226437	0.0146818
11.9212	74.0896	0.0032688	0.0189731
14.237	73.9441	0.00259949	0.0166289
11.9212	74.0896	0.0032688	0.0189731
10.2901	72.3429	0.00524939	0.0278588
12.7417	72.3429	0.00392112	0.022
7.31021	68.2649	0.0170449	0.0961701
9.83732	68.2649	0.0128227	0.0662128
8.74996	70.3973	0.00915465	0.0470216
7.31021	68.2649	0.0170449	0.0961701
5.97957	65.9587	0.0340238	4.62335
8.78345	65.7825	0.0270377	4.5615
28.3173	78.0345	0.000804385	0.00612206
28.9198	79.5053	0.000771196	0.00571456
26.9661	79.8761	0.000696677	0.00554374
31.3712	77.1646	0.00105075	0.00693148
31.9219	75.3472	0.00141896	0.00914628
32.7403	78.0345	0.00106147	0.00662176
28.3173	78.0345	0.000804385	0.00612206
31.3712	77.1646	0.00105075	0.00693148
30.8485	78.89	0.000882231	0.00597813
29.3832	76.0659	0.00112103	0.00832559
31.9219	75.3472	0.00141896	0.00914628
31.3712	77.1646	0.00105075	0.00693148
27.2733	75.6267	0.00119889	0.0101231
29.3832	76.0659	0.00112103	0.00832559
28.3173	78.0345	0.000804385	0.00612206
28.5669	74.0896	0.00172218	0.0138221
29.9033	72.3429	0.00271893	0.0211444
30.9297	73.8705	0.00186503	0.0131269
27.2733	75.6267	0.00119889	0.0101231
28.5669	74.0896	0.00172218	0.0138221
29.3832	76.0659	0.00112103	0.00832559
27.2733	75.6267	0.00119889	0.0101231
26.189	74.0896	0.00173659	0.0161495
28.5669	74.0896	0.00172218	0.0138221
26.2439	77.6257	0.000831561	0.00703121
27.2733	75.6267	0.00119889	0.0101231
28.3173	78.0345	0.000804385	0.00612206
26.9661	79.8761	0.000696677	0.00554374
26.2439	77.6257	0.000831561	0.00703121
28.3173	78.0345	0.000804385	0.00612206
24.9752	78.5234	0.000752374	0.00652253
24.7277	76.3587	0.00103268	0.00973426
26.2439	77.6257	0.000831561	0.00703121
31.0572	70.658	0.00427452	0.0326824
30.0542	68.2649	0.00871215	4.39927
32.2468	68.921	0.00693047	0.0443936
31.0572	70.658	0.00427452	0.0326824
28.75	70.3973	0.00476835	0.0400534
30.0542	68.2649	0.00871215	4.39927
33.75	70.3973	0.00487721	0.0266509
31.0572	70.658	0.00427452	0.0326824
32.2468	68.921	0.00693047	0.0443936
29.9033	72.3429	0.00271893	0.0211444
28.75	70.3973	0.00476835	0.0400534
31.0572	70.658	0.00427452	0.0326824
30.9297	73.8705	0.00186503	0.0131269
29.9033	72.3429	0.00271893	0.0211444
32.355	72.3429	0.00280887	0.0182057
33.3228	74.0896	0.00195244	0.0115913
30.9297	73.8705	0.00186503	0.0131269
32.355	72.3429	0.00280887	0.0182057
31.9219	75.3472	0.00141896	0.00914628
29.3832	76.0659	0.00112103	0.00832559
30.9297	73.8705	0.00186503	0.0131269
28.5669	74.0896	0.00172218	0.0138221
26.189	74.0896	0.00173659	0.0161495
27.4517	72.3429	0.00273671	0.023537
25	72.3429	0.00277422	0.0290092
23.75	70.3973	0.00521323	0.0586342
27.0253	69.2491	0.00681183	0.0554088
26.9661	79.8761	0.000696677	0.00554374
24.9752	78.5234	0.000752374	0.00652253
26.2439	77.6257	0.000831561	0.00703121
27.0253	69.2491	0.00681183	0.0554088
24.3347	67.1118	0.013716	0.111254
26.9568	67.2765	0.0124163	0.0819104
19.0904	66.7823	0.0168084	0.110235
19.999	65.078	0.0296609	4.64321
22.2828	65.9587	0.0192518	4.64645
17.4187	68.2649	0.0101836	0.0626359
19.0904	66.7823	0.0168084	0.110235
19.193	69.7412	0.00655209	0.0641264
17.4187	68.2649	0.0101836	0.0626359
16.8484	65.9587	0.0201149	0.0858546
19.0904	66.7823	0.0168084	0.110235
27.4517	72.3429	0.00273671	0.023537
28.75	70.3973	0.00476835	0.0400534
29.9033	72.3429	0.00271893	0.0211444
28.5669	74.0896	0.00172218	0.0138221
27.4517	72.3429	0.00273671	0.023537
29.9033	72.3429	0.00271893	0.0211444
26.189	74.0896	0.00173659	0.0161495
25	72.3429	0.00277422	0.0290092
27.4517	72.3429	0.00273671	0.023537
27.0253	69.2491	0.00681183	0.0554088
26.9568	67.2765	0.0124163	0.0819104
30.0542	68.2649	0.00871215	4.39927
27.4517	72.3429	0.00273671	0.023537
27.0253	69.2491	0.00681183	0.0554088
28.75	70.3973	0.00476835	0.0400534
23.75	70.3973	0.00521323	0.0586342
24.3347	67.1118	0.013716	0.111254
27.0253	69.2491	0.00681183	0.0554088
34.8233	67.7707	0.01069	0.0462286
37.4455	67.9354	0.0119556	4.34082
36.25	70.3973	0.00562915	0.0299273
31.3712	77.1646	0.00105075	0.00693148
32.7403	78.0345	0.00106147	0.00662176
30.8485	78.89	0.000882231	0.00597813
23.329	78.279	0.000800771	0.00728743
22.3999	76.5052	0.00107754	0.0107749
24.7277	76.3587	0.00103268	0.00973426
23.0339	79.8761	0.000731315	0.00649352
23.329	78.279	0.000800771	0.00728743
24.9752	78.5234	0.000752374	0.00652253
21.6827	78.0345	0.000874591	0.00806459
22.3999	76.5052	0.00107754	0.0107749
23.329	78.279	0.000800771	0.00728743
21.6827	78.0345	0.000874591	0.00806459
23.329	78.279	0.000800771	0.00728743
23.0339	79.8761	0.000731315	0.00649352
25	72.3429	0.00277422	0.0290092
26.189	74.0896	0.00173659	0.0161495
23.0327	74.7883	0.00152329	0.0165901
27.2733	75.6267	0.00119889	0.0101231
26.2439	77.6257	0.000831561	0.00703121
24.7277	76.3587	0.00103268	0.00973426
25	80	0.00071082	0.00606546
23.0339	79.8761	0.000731315	0.00649352
24.9752	78.5234	0.000752374	0.00652253
35.7008	74.0896	0.00238394	0.0123907
37.3942	72.4885	0.00385021	0.0182914
38.0788	74.0896	0.00319409	0.0150843
34.5833	76.9444	0.00138424	0.00784367
35.7008	74.0896	0.00238394	0.0123907
36.3664	75.6267	0.00211103	0.0109534
34.8066	72.3429	0.00317264	0.017173
37.3942	72.4885	0.00385021	0.0182914
35.7008	74.0896	0.00238394	0.0123907
34.5833	76.9444	0.00138424	0.00784367
33.3228	74.0896	0.00195244	0.0115913
35.7008	74.0896	0.00238394	0.0123907
33.75	70.3973	0.00487721	0.0266509
36.25	70.3973	0.00562915	0.0299273
34.8066	72.3429	0.00317264	0.017173
35.7008	74.0896	0.00238394	0.0123907
38.0788	74.0896	0.00319409	0.0150843
36.3664	75.6267	0.00211103	0.0109534
37.4455	67.9354	0.0119556	4.34082
38.75	70.3973	0.0069453	0.0299024
36.25	70.3973	0.00562915	0.0299273
39.7099	72.3429	0.0053015	0.0217137
38.0788	74.0896	0.00319409	0.0150843
37.3942	72.4885	0.00385021	0.0182914
36.25	70.3973	0.00562915	0.0299273
33.75	70.3973	0.00487721	0.0266509
34.8233	67.7707	0.01069	0.0462286
37.3942	72.4885	0.00385021	0.0182914
36.25	70.3973	0.00562915	0.0299273
38.75	70.3973	0.0069453	0.0299024
37.3942	72.4885	0.00385021	0.0182914
34.8066	72.3429	0.00317264	0.017173
36.25	70.3973	0.00562915	0.0299273
15.5575	63.4929	0.0484466	0.105172
16.8484	65.9587	0.0201149	0.0858546
13.846	66.4528	0.0170311	0.0540074
11.414	65.9587	0.0214788	0.0698908
12.8597	63.4929	0.0447959	0.0611218
13.846	66.4528	0.0170311	0.0540074
15.0494	60.8826	0.107083	0.0675693
17.5295	61.7527	0.085501	4.59521
15.5575	63.4929	0.0484466	0.105172
15.5575	63.4929	0.0484466	0.105172
17.5295	61.7527	0.085501	4.59521
16.8484	65.9587	0.0201149	0.0858546
11.6319	58.144	4.50884	0.028866
14.6026	58.144	4.7796	0.0362127
12.3979	60.3349	0.120115	0.0453739
14.6026	58.144	4.7796	0.0362127
17.2808	59.0298	4.73632	0.0676578
15.0494	60.8826	0.107083	0.0675693
20.363	63.0044	0.0551756	4.64945
19.999	65.078	0.0296609	4.64321
17.5295	61.7527	0.085501	4.59521
20.7355	60.8826	0.103128	4.57739
20.363	63.0044	0.0551756	4.64945
17.5295	61.7527	0.085501	4.59521
20.7355	60.8826	0.103128	4.57739
23.0704	62.1007	0.0361295	0.0750532
20.363	63.0044	0.0551756	4.64945
11.6319	58.144	4.50884	0.028866
10.6893	54.7417	4.9241	0.012478
14.2198	55.2938	4.89043	0.0174102
9.3634	60.8826	0.110264	0.0579747
11.6319	58.144	4.50884	0.028866
12.3979	60.3349	0.120115	0.0453739
8.66123	58.144	4.80339	0.0303705
10.6893	54.7417	4.9241	0.012478
11.6319	58.144	4.50884	0.028866
5.69054	58.144	4.82915	0.0383555
4.92487	55.4838	4.93262	0.016236
8.05963	55.2938	4.92309	0.014497
6.4478	61.0566	0.118251	0.0760037
5.69054	58.144	4.82915	0.0383555
8.66123	58.144	4.80339	0.0303705
3.67737	60.8826	0.15088	4.44872
2.71986	58.144	4.86554	0.0369584
5.69054	58.144	4.82915	0.0383555
36.8222	64.0212	0.0358877	0.0475058
39.6261	63.8451	0.0437469	0.0402847
38.586	65.9587	0.0220952	0.0439733
34.1521	62.7968	0.04653	4.44145
36.8222	64.0212	0.0358877	0.0475058
35.8688	65.9587	0.0188762	0.053061
37.7936	60.8826	0.104465	0.0276596
39.6261	63.8451	0.0437469	0.0402847
36.8222	64.0212	0.0358877	0.0475058
38.75	70.3973	0.0069453	0.0299024
40.1627	68.2649	0.013218	0.0369928
41.25	70.3973	0.00933785	0.0268511
37.3942	72.4885	0.00385021	0.0182914
38.75	70.3973	0.0069453	0.0299024
39.7099	72.3429	0.0053015	0.0217137
37.4455	67.9354	0.0119556	4.34082
40.1627	68.2649	0.013218	0.0369928
38.75	70.3973	0.0069453	0.0299024
35.8688	65.9587	0.0188762	0.053061
37.4455	67.9354	0.0119556	4.34082
34.8233	67.7707	0.01069	0.0462286
33.1516	65.9587	0.0167788	0.0648924
35.8688	65.9587	0.0188762	0.053061
34.8233	67.7707	0.01069	0.0462286
34.1521	62.7968	0.04653	4.44145
34.9506	60.8826	0.0837678	0.0520889
36.8222	64.0212	0.0358877	0.0475058
38.75	70.3973	0.0069453	0.0299024
41.25	70.3973	0.00933785	0.0268511
39.7099	72.3429	0.0053015	0.0217137
38.586	65.9587	0.0220952	0.0439733
40.1627	68.2649	0.013218	0.0369928
37.4455	67.9354	0.0119556	4.34082
41.3032	65.9587	0.0262763	0.0417336
42.6898	68.2649	0.0173591	0.0334191
40.1627	68.2649	0.013218	0.0369928
41.3032	65.9587	0.0262763	0.0417336
44.0204	65.9587	0.0338163	0.0474817
42.6898	68.2649	0.0173591	0.0334191
41.25	70.3973	0.00933785	0.0268511
40.1627	68.2649	0.013218	0.0369928
42.6898	68.2649	0.0173591	0.0334191
36.8222	64.0212	0.0358877	0.0475058
34.9506	60.8826	0.0837678	0.0520889
37.7936	60.8826	0.104465	0.0276596
2.71986	58.144	4.86554	0.0369584
4.92487	55.4838	4.93262	0.016236
5.69054	58.144	4.82915	0.0383555
8.66123	58.144	4.80339	0.0303705
8.05963	55.2938	4.92309	0.014497
10.6893	54.7417	4.9241	0.012478
6.4478	61.0566	0.118251	0.0760037
8.66123	58.144	4.80339	0.0303705
9.3634	60.8826	0.110264	0.0579747
5.69054	58.144	4.82915	0.0383555
8.05963	55.2938	4.92309	0.014497
8.66123	58.144	4.80339	0.0303705
1.8995	55.2938	4.94946	0.0134251
4.92487	55.4838	4.93262	0.016236
2.71986	58.144	4.86554	0.0369584
1.8995	55.2938	4.94946	0.0134251
1.22131	52.3495	4.97999	0.00517344
4.19365	52.3495	4.97592	0.00587253
41.3032	65.9587	0.0262763	0.0417336
42.43	63.669	0.0535458	4.34639
44.0204	65.9587	0.0338163	0.0474817
43.4796	60.8826	0.123415	0.0284144
40.6366	60.8826	0.115073	0.0285449
41.4664	58.5091	4.78842	0.0135341
45.2338	63.4929	0.0688012	0.0437563
43.4796	60.8826	0.123415	0.0284144
46.3226	60.8826	0.145733	0.0196201
42.43	63.669	0.0535458	4.34639
40.6366	60.8826	0.115073	0.0285449
43.4796	60.8826	0.123415	0.0284144
41.4664	58.5091	4.78842	0.0135341
38.5596	58.6917	4.75518	0.0161609
38.8603	55.2938	4.89026	0.00611378
46.3226	60.8826	0.145733	0.0196201
43.4796	60.8826	0.123415	0.0284144
44.2548	57.954	4.83252	0.00990288
42.43	63.669	0.0535458	4.34639
39.6261	63.8451	0.0437469	0.0402847
40.6366	60.8826	0.115073	0.0285449
44.0204	65.9587	0.0338163	0.0474817
42.43	63.669	0.0535458	4.34639
45.2338	63.4929	0.0688012	0.0437563
36.8222	64.0212	0.0358877	0.0475058
38.586	65.9587	0.0220952	0.0439733
35.8688	65.9587	0.0188762	0.053061
40.6366	60.8826	0.115073	0.0285449
39.6261	63.8451	0.0437469	0.0402847
37.7936	60.8826	0.104465	0.0276596
38.586	65.9587	0.0220952	0.0439733
37.4455	67.9354	0.0119556	4.34082
35.8688	65.9587	0.0188762	0.053061
41.3032	65.9587	0.0262763	0.0417336
38.586	65.9587	0.0220952	0.0439733
39.6261	63.8451	0.0437469	0.0402847
41.3032	65.9587	0.0262763	0.0417336
40.1627	68.2649	0.013218	0.0369928
38.586	65.9587	0.0220952	0.0439733
32.2468	68.921	0.00693047	0.0443936
30.4344	65.9587	0.0159177	0.0758153
33.1516	65.9587	0.0167788	0.0648924
21.7285	50.6506	0.227859	0.00467259
19.0553	52.3495	0.227978	0.00808915
18.9224	49.3292	4.86881	0.00284399
21.7462	47.598	4.88284	0.00158755
21.7285	50.6506	0.227859	0.00467259
18.9224	49.3292	4.86881	0.00284399
15.8835	49.3292	4.93444	0.0029039
18.8268	46.2515	4.90577	0.001029
18.9224	49.3292	4.86881	0.00284399
22.0142	44.8882	4.89398	0.000693821
25	46.2515	4.91206	0.000932735
21.7462	47.598	4.88284	0.00158755
24.7341	50.8393	4.82281	0.0044965
22.4091	54.0056	0.183329	0.0147113
21.7285	50.6506	0.227859	0.00467259
26.54	55.2938	0.181044	0.0172253
26.4853	58.144	0.614725	0.022671
23.0771	56.6239	4.72506	0.027329
30.9447	52.3495	4.85298	0.00567284
29.6201	55.2938	4.77157	0.0151596
27.9723	52.3495	4.83511	0.00699506
26.4853	58.144	0.614725	0.022671
26.4215	60.8826	0.0335833	0.511195
24.0253	59.6046	0.592211	0.0358189
29.6201	55.2938	4.77157	0.0151596
26.4853	58.144	0.614725	0.022671
26.54	55.2938	0.181044	0.0172253
29.6201	55.2938	4.77157	0.0151596
32.1533	57.1939	0.16483	0.0256154
29.839	59.2394	0.0956009	0.0471373
17.2808	59.0298	4.73632	0.0676578
20.7355	60.8826	0.103128	4.57739
17.5295	61.7527	0.085501	4.59521
23.0771	56.6239	4.72506	0.027329
20.3936	58.6582	4.72289	0.0678999
20.0518	56.4338	4.78208	0.0326348
23.0771	56.6239	4.72506	0.027329
24.0253	59.6046	0.592211	0.0358189
20.3936	58.6582	4.72289	0.0678999
39.0601	41.8598	0.182187	0.000232694
37.5191	43.9145	0.142362	0.000352264
37.5	40	4.77883	0.000166374
40.625	40	0.221308	0.000158453
39.0601	41.8598	0.182187	0.000232694
37.5	40	4.77883	0.000166374
40.6201	43.7197	0.185144	0.000284502
37.5191	43.9145	0.142362	0.000352264
39.0601	41.8598	0.182187	0.000232694
40.6201	43.7197	0.185144	0.000284502
40.433	46.2515	4.79418	0.000469019
37.5191	43.9145	0.142362	0.000352264
43.6923	43.1354	0.238115	0.000229075
40.6201	43.7197	0.185144	0.000284502
40.625	40	0.221308	0.000158453
43.6923	43.1354	0.238115	0.000229075
43.5196	46.2515	4.87277	0.000405536
40.6201	43.7197	0.185144	0.000284502
46.8798	40.196	4.9339	0.000153756
43.6923	43.1354	0.238115	0.000229075
43.75	40	4.86514	0.000149339
46.8077	43.1354	4.91069	0.000213023
49.6928	46.2515	4.95593	0.000331881
46.6062	46.2515	4.93166	0.000358535
37.5	40	4.77883	0.000166374
34.399	40.9798	0.166093	0.000235886
34.3221	37.8444	4.83956	0.000143566
40.5769	36.8646	4.91121	0.000122902
37.5	40	4.77883	0.000166374
37.4615	36.8646	4.90681	0.00012673
40.625	40	0.221308	0.000158453
40.6201	43.7197	0.185144	0.000284502
39.0601	41.8598	0.182187	0.000232694
40.1224	48.7521	4.85668	0.000863719
37.0597	48.5598	0.198445	0.00114053
37.3464	46.2515	0.15969	0.000608323
34.1165	49.3292	0.204488	0.00168229
36.7564	51.5944	4.84925	0.00258074
34.1289	53.2696	4.84432	0.00577288
31.1732	46.2515	4.77661	0.000933276
34.1165	49.3292	0.204488	0.00168229
31.0776	49.3292	4.83647	0.00230481
28.0866	46.2515	4.88366	0.000974583
31.1732	46.2515	4.77661	0.000933276
31.0776	49.3292	4.83647	0.00230481
34.3294	43.6157	0.131319	0.000396884
34.399	40.9798	0.166093	0.000235886
37.5191	43.9145	0.142362	0.000352264
31.1732	46.2515	4.77661	0.000933276
31.226	43.7137	0.18455	0.000474543
34.2598	46.2515	0.150263	0.000750033
31.2788	41.1758	0.179626	0.000273125
34.399	40.9798	0.166093	0.000235886
34.3294	43.6157	0.131319	0.000396884
37.0597	48.5598	0.198445	0.00114053
36.7564	51.5944	4.84925	0.00258074
34.1165	49.3292	0.204488	0.00168229
37.3464	46.2515	0.15969	0.000608323
37.0597	48.5598	0.198445	0.00114053
34.2598	46.2515	0.150263	0.000750033
40.433	46.2515	4.79418	0.000469019
37.3464	46.2515	0.15969	0.000608323
37.5191	43.9145	0.142362	0.000352264
40.433	46.2515	4.79418	0.000469019
40.1224	48.7521	4.85668	0.000863719
37.3464	46.2515	0.15969	0.000608323
40.1224	48.7521	4.85668	0.000863719
36.7564	51.5944	4.84925	0.00258074
37.0597	48.5598	0.198445	0.00114053
46.2717	49.3292	4.95685	0.000731512
45.8487	52.5335	4.95766	0.0017637
43.2329	49.3292	4.92884	0.000865302
34.1165	49.3292	0.204488	0.00168229
34.1289	53.2696	4.84432	0.00577288
30.9447	52.3495	4.85298	0.00567284
7.464	63.4929	0.0556227	4.56525
8.78345	65.7825	0.0270377	4.5615
5.97957	65.9587	0.0340238	4.62335
6.4478	61.0566	0.118251	0.0760037
7.464	63.4929	0.0556227	4.56525
4.76616	63.4929	0.069094	0.111325
6.4478	61.0566	0.118251	0.0760037
9.3634	60.8826	0.110264	0.0579747
7.464	63.4929	0.0556227	4.56525
12.3979	60.3349	0.120115	0.0453739
10.1618	63.4929	0.046804	0.0798083
9.3634	60.8826	0.110264	0.0579747
12.8597	63.4929	0.0447959	0.0611218
15.0494	60.8826	0.107083	0.0675693
15.5575	63.4929	0.0484466	0.105172
12.3644	68.2649	0.0105363	0.0455044
13.513	70.6966	0.0052118	0.0274678
11.25	70.3973	0.00678456	0.034059
16.8484	65.9587	0.0201149	0.0858546
14.8915	68.2649	0.00957119	0.0447108
13.846	66.4528	0.0170311	0.0540074
17.4187	68.2649	0.0101836	0.0626359
16.25	70.3973	0.00527722	0.0328016
14.8915	68.2649	0.00957119	0.0447108
19.999	65.078	0.0296609	4.64321
19.0904	66.7823	0.0168084	0.110235
16.8484	65.9587	0.0201149	0.0858546
19.193	69.7412	0.00655209	0.0641264
20.0967	72.3429	0.00302037	0.0361305
17.645	72.3429	0.00307807	0.0255398
9.83732	68.2649	0.0128227	0.0662128
8.78345	65.7825	0.0270377	4.5615
11.414	65.9587	0.0214788	0.0698908
6.48041	46.2515	4.99213	0.00105831
3.72828	49.3292	4.99002	0.00232839
3.39381	46.2515	4.99489	0.000973439
9.70619	49.8955	4.97869	0.00314546
6.76709	49.3292	4.98712	0.0024911
9.61019	45.6673	4.98674	0.000895409
9.70619	49.8955	4.97869	0.00314546
10.1383	52.3495	4.96148	0.00641059
7.16598	52.3495	4.97039	0.00610722
13.1107	52.3495	4.94335	0.00709454
10.1383	52.3495	4.96148	0.00641059
12.7118	50.0843	4.96313	0.00363674
4.19365	52.3495	4.97592	0.00587253
3.72828	49.3292	4.99002	0.00232839
6.76709	49.3292	4.98712	0.0024911
1.8995	55.2938	4.94946	0.0134251
4.19365	52.3495	4.97592	0.00587253
4.92487	55.4838	4.93262	0.016236
1.22131	52.3495	4.97999	0.00517344
3.72828	49.3292	4.99002	0.00232839
4.19365	52.3495	4.97592	0.00587253
22.2828	65.9587	0.0192518	4.64645
23.0704	62.1007	0.0361295	0.0750532
25.6067	64.7258	0.021452	4.5823
21.8037	69.5771	0.00673904	4.50248
22.2828	65.9587	0.0192518	4.64645
24.3347	67.1118	0.013716	0.111254
19.999	65.078	0.0296609	4.64321
20.363	63.0044	0.0551756	4.64945
22.2828	65.9587	0.0192518	4.64645
21.8037	69.5771	0.00673904	4.50248
19.193	69.7412	0.00655209	0.0641264
19.0904	66.7823	0.0168084	0.110235
16.8484	65.9587	0.0201149	0.0858546
17.5295	61.7527	0.085501	4.59521
19.999	65.078	0.0296609	4.64321
22.2828	65.9587	0.0192518	4.64645
20.363	63.0044	0.0551756	4.64945
23.0704	62.1007	0.0361295	0.0750532
16.25	70.3973	0.00527722	0.0328016
15.1934	72.3429	0.00331204	0.0212187
13.513	70.6966	0.0052118	0.0274678
7.464	63.4929	0.0556227	4.56525
10.1618	63.4929	0.046804	0.0798083
8.78345	65.7825	0.0270377	4.5615
20.0518	56.4338	4.78208	0.0326348
19.0553	52.3495	0.227978	0.00808915
22.4091	54.0056	0.183329	0.0147113
20.3936	58.6582	4.72289	0.0678999
17.2808	59.0298	4.73632	0.0676578
20.0518	56.4338	4.78208	0.0326348
15.0494	60.8826	0.107083	0.0675693
12.8597	63.4929	0.0447959	0.0611218
12.3979	60.3349	0.120115	0.0453739
9.3634	60.8826	0.110264	0.0579747
8.66123	58.144	4.80339	0.0303705
11.6319	58.144	4.50884	0.028866
9.70619	49.8955	4.97869	0.00314546
7.16598	52.3495	4.97039	0.00610722
6.76709	49.3292	4.98712	0.0024911
13.1107	52.3495	4.94335	0.00709454
16.083	52.3495	4.89112	0.00769823
14.2198	55.2938	4.89043	0.0174102
23.0771	56.6239	4.72506	0.027329
22.4091	54.0056	0.183329	0.0147113
26.54	55.2938	0.181044	0.0172253
20.7355	60.8826	0.103128	4.57739
20.3936	58.6582	4.72289	0.0678999
24.0253	59.6046	0.592211	0.0358189
20.0518	56.4338	4.78208	0.0326348
22.4091	54.0056	0.183329	0.0147113
23.0771	56.6239	4.72506	0.027329
20.7355	60.8826	0.103128	4.57739
17.2808	59.0298	4.73632	0.0676578
20.3936	58.6582	4.72289	0.0678999
17.0264	56.2438	4.83527	0.0275789
19.0553	52.3495	0.227978	0.00808915
20.0518	56.4338	4.78208	0.0326348
6.30769	36.8646	4.99253	0.00016235
6.24038	39.6081	4.99228	0.00022355
3.19231	36.8646	4.99695	0.000160747
9.49534	33.1714	4.98733	0.000128094
9.42308	36.8646	4.97912	0.000166102
6.43263	33.3637	4.99495	0.000128566
6.31731	42.7435	4.99294	0.000417973
3.125	40	4.99664	0.000234212
6.24038	39.6081	4.99228	0.00022355
9.4375	42.5475	4.98228	0.000433879
12.5	40	4.93164	0.000250751
12.5577	42.3516	4.952	0.000419588
6.30769	36.8646	4.99253	0.00016235
9.36058	39.4121	4.97822	0.000228292
6.24038	39.6081	4.99228	0.00022355
9.42308	36.8646	4.97912	0.000166102
12.5385	36.8646	4.93747	0.000165532
9.36058	39.4121	4.97822	0.000228292
15.8122	34.7222	4.90222	0.000135133
12.5385	36.8646	4.93747	0.000165532
12.7112	34.5275	4.95985	0.000136504
9.4375	42.5475	4.98228	0.000433879
12.5577	42.3516	4.952	0.000419588
9.61019	45.6673	4.98674	0.000895409
6.24038	39.6081	4.99228	0.00022355
9.4375	42.5475	4.98228	0.000433879
6.31731	42.7435	4.99294	0.000417973
9.36058	39.4121	4.97822	0.000228292
12.5	40	4.93164	0.000250751
9.4375	42.5475	4.98228	0.000433879
15.601	39.0202	0.242488	0.000218821
12.5	40	4.93164	0.000250751
12.5385	36.8646	4.93747	0.000165532
15.601	39.0202	0.242488	0.000218821
15.6779	42.1556	4.8741	0.000413474
12.5	40	4.93164	0.000250751
6.48041	46.2515	4.99213	0.00105831
6.76709	49.3292	4.98712	0.0024911
3.72828	49.3292	4.99002	0.00232839
6.31731	42.7435	4.99294	0.000417973
6.48041	46.2515	4.99213	0.00105831
3.39381	46.2515	4.99489	0.000973439
9.61019	45.6673	4.98674	0.000895409
6.76709	49.3292	4.98712	0.0024911
6.48041	46.2515	4.99213	0.00105831
12.7118	50.0843	4.96313	0.00363674
9.70619	49.8955	4.97869	0.00314546
11.1799	48.0735	4.97698	0.00207768
3.19711	42.9395	4.99625	0.000432273
0.076922	43.1354	4.99693	0.000453615
-3.10282e-28	40	4.99763	0.000244629
6.31731	42.7435	4.99294	0.000417973
3.19711	42.9395	4.99625	0.000432273
3.125	40	4.99664	0.000234212
3.39381	46.2515	4.99489	0.000973439
0.307214	46.2515	4.99571	0.000907775
3.19711	42.9395	4.99625	0.000432273
45.0204	55.2938	4.9263	0.00415738
41.9404	55.2938	4.91112	0.00505014
42.834	52.3495	4.94298	0.00202882
48.1005	55.2938	4.93968	0.00328784
45.0204	55.2938	4.9263	0.00415738
45.8487	52.5335	4.95766	0.0017637
44.2548	57.954	4.83252	0.00990288
41.9404	55.2938	4.91112	0.00505014
45.0204	55.2938	4.9263	0.00415738
46.3226	60.8826	0.145733	0.0196201
44.2548	57.954	4.83252	0.00990288
47.2801	58.144	4.85786	0.00791156
41.4664	58.5091	4.78842	0.0135341
38.8603	55.2938	4.89026	0.00611378
41.9404	55.2938	4.91112	0.00505014
27.9723	52.3495	4.83511	0.00699506
28.0388	49.3292	4.88448	0.00257141
30.9447	52.3495	4.85298	0.00567284
19.0553	52.3495	0.227978	0.00808915
21.7285	50.6506	0.227859	0.00467259
22.4091	54.0056	0.183329	0.0147113
25	46.2515	4.91206	0.000932735
28.0388	49.3292	4.88448	0.00257141
24.7341	50.8393	4.82281	0.0044965
21.7285	50.6506	0.227859	0.00467259
21.7462	47.598	4.88284	0.00158755
24.7341	50.8393	4.82281	0.0044965
15.6779	42.1556	4.8741	0.000413474
17.2523	44.2036	4.8855	0.000667534
14.1489	44.3016	4.94425	0.00071422
22.0142	44.8882	4.89398	0.000693821
18.8268	46.2515	4.90577	0.001029
18.7981	41.9596	0.229724	0.000355297
15.8835	49.3292	4.93444	0.0029039
12.6536	46.2515	4.97029	0.00111987
15.7402	46.2515	4.93873	0.00120924
17.0264	56.2438	4.83527	0.0275789
16.083	52.3495	4.89112	0.00769823
19.0553	52.3495	0.227978	0.00808915
4.19365	52.3495	4.97592	0.00587253
7.16598	52.3495	4.97039	0.00610722
4.92487	55.4838	4.93262	0.016236
21.9183	41.7637	4.83992	0.000342322
25	43.1354	4.8992	0.00042521
22.0142	44.8882	4.89398	0.000693821
28.125	40	4.83578	0.00022306
25	40	4.86297	0.000217384
28.1154	36.8646	4.85492	0.000143403
25	30.6708	4.91738	0.000103943
25.1151	35.3065	0.245409	0.000128665
21.9134	33.7485	0.256174	0.000123066
31.3171	35.696	4.88827	0.000123896
28.0866	33.7485	4.90031	0.000113346
30.9343	31.8249	4.94997	0.000104214
28.1154	36.8646	4.85492	0.000143403
25.1151	35.3065	0.245409	0.000128665
28.0866	33.7485	4.90031	0.000113346
33.7508	28.5944	4.96363	0.000100874
37.1553	30.6708	4.9784	0.000104685
33.997	31.6326	4.96257	0.000104838
21.8846	36.8646	4.79923	0.000155594
21.9014	39.3141	0.233733	0.000215499
18.7212	38.8242	0.204251	0.000207123
28.1154	36.8646	4.85492	0.000143403
25	40	4.86297	0.000217384
25.1151	35.3065	0.245409	0.000128665
28.125	40	4.83578	0.00022306
28.1154	43.1354	4.85015	0.000441956
25	40	4.86297	0.000217384
3.72828	49.3292	4.99002	0.00232839
1.22131	52.3495	4.97999	0.00517344
0.68946	49.3292	4.99149	0.00209438
0.307214	46.2515	4.99571	0.000907775
3.39381	46.2515	4.99489	0.000973439
0.68946	49.3292	4.99149	0.00209438
11.1799	48.0735	4.97698	0.00207768
12.6536	46.2515	4.97029	0.00111987
12.7118	50.0843	4.96313	0.00363674
9.61019	45.6673	4.98674	0.000895409
11.1799	48.0735	4.97698	0.00207768
9.70619	49.8955	4.97869	0.00314546
9.61019	45.6673	4.98674	0.000895409
12.6536	46.2515	4.97029	0.00111987
11.1799	48.0735	4.97698	0.00207768
31.3817	62.6228	0.0374496	4.51058
34.1521	62.7968	0.04653	4.44145
33.1516	65.9587	0.0167788	0.0648924
26.9568	67.2765	0.0124163	0.0819104
28.4106	64.5496	0.0215841	0.0852503
30.4344	65.9587	0.0159177	0.0758153
29.839	59.2394	0.0956009	0.0471373
33.5519	59.0383	0.123284	0.0392865
31.3817	62.6228	0.0374496	4.51058
28.6113	62.4488	0.0267972	0.0579353
29.839	59.2394	0.0956009	0.0471373
31.3817	62.6228	0.0374496	4.51058
20.7355	60.8826	0.103128	4.57739
24.0253	59.6046	0.592211	0.0358189
23.0704	62.1007	0.0361295	0.0750532
25.6371	53.0665	0.213305	0.0101082
24.7341	50.8393	4.82281	0.0044965
27.9723	52.3495	4.83511	0.00699506
22.4091	54.0056	0.183329	0.0147113
25.6371	53.0665	0.213305	0.0101082
26.54	55.2938	0.181044	0.0172253
22.4091	54.0056	0.183329	0.0147113
24.7341	50.8393	4.82281	0.0044965
25.6371	53.0665	0.213305	0.0101082
29.6201	55.2938	4.77157	0.0151596
31.8745	54.2817	4.8165	0.010258
32.1533	57.1939	0.16483	0.0256154
34.2598	46.2515	0.150263	0.000750033
34.3294	43.6157	0.131319	0.000396884
37.3464	46.2515	0.15969	0.000608323
31.1732	46.2515	4.77661	0.000933276
34.2598	46.2515	0.150263	0.000750033
34.1165	49.3292	0.204488	0.00168229
34.2598	46.2515	0.150263	0.000750033
31.226	43.7137	0.18455	0.000474543
34.3294	43.6157	0.131319	0.000396884
35.6527	58.8743	4.67386	0.0267381
38.5596	58.6917	4.75518	0.0161609
37.7936	60.8826	0.104465	0.0276596
33.5519	59.0383	0.123284	0.0392865
35.6527	58.8743	4.67386	0.0267381
34.9506	60.8826	0.0837678	0.0520889
35.7802	55.2938	4.84659	0.00823321
38.5596	58.6917	4.75518	0.0161609
35.6527	58.8743	4.67386	0.0267381
42.43	63.669	0.0535458	4.34639
43.4796	60.8826	0.123415	0.0284144
45.2338	63.4929	0.0688012	0.0437563
6.48041	46.2515	4.99213	0.00105831
6.31731	42.7435	4.99294	0.000417973
9.61019	45.6673	4.98674	0.000895409
0.68946	49.3292	4.99149	0.00209438
3.39381	46.2515	4.99489	0.000973439
3.72828	49.3292	4.99002	0.00232839
0.307214	46.2515	4.99571	0.000907775
0.076922	43.1354	4.99693	0.000453615
3.19711	42.9395	4.99625	0.000432273
6.4478	61.0566	0.118251	0.0760037
4.76616	63.4929	0.069094	0.111325
3.67737	60.8826	0.15088	4.44872
5.69054	58.144	4.82915	0.0383555
6.4478	61.0566	0.118251	0.0760037
3.67737	60.8826	0.15088	4.44872
9.3634	60.8826	0.110264	0.0579747
10.1618	63.4929	0.046804	0.0798083
7.464	63.4929	0.0556227	4.56525
14.6026	58.144	4.7796	0.0362127
15.0494	60.8826	0.107083	0.0675693
12.3979	60.3349	0.120115	0.0453739
14.2198	55.2938	4.89043	0.0174102
14.6026	58.144	4.7796	0.0362127
11.6319	58.144	4.50884	0.028866
14.2198	55.2938	4.89043	0.0174102
17.0264	56.2438	4.83527	0.0275789
14.6026	58.144	4.7796	0.0362127
7.464	63.4929	0.0556227	4.56525
5.97957	65.9587	0.0340238	4.62335
4.76616	63.4929	0.069094	0.111325
11.414	65.9587	0.0214788	0.0698908
13.846	66.4528	0.0170311	0.0540074
12.3644	68.2649	0.0105363	0.0455044
10.1618	63.4929	0.046804	0.0798083
11.414	65.9587	0.0214788	0.0698908
8.78345	65.7825	0.0270377	4.5615
12.8597	63.4929	0.0447959	0.0611218
15.5575	63.4929	0.0484466	0.105172
13.846	66.4528	0.0170311	0.0540074
10.1618	63.4929	0.046804	0.0798083
12.8597	63.4929	0.0447959	0.0611218
11.414	65.9587	0.0214788	0.0698908
10.1618	63.4929	0.046804	0.0798083
12.3979	60.3349	0.120115	0.0453739
12.8597	63.4929	0.0447959	0.0611218
9.83732	68.2649	0.0128227	0.0662128
7.31021	68.2649	0.0170449	0.0961701
8.78345	65.7825	0.0270377	4.5615
31.8745	54.2817	4.8165	0.010258
30.9447	52.3495	4.85298	0.00567284
34.1289	53.2696	4.84432	0.00577288
35.7802	55.2938	4.84659	0.00823321
31.8745	54.2817	4.8165	0.010258
34.1289	53.2696	4.84432	0.00577288
29.6201	55.2938	4.77157	0.0151596
30.9447	52.3495	4.85298	0.00567284
31.8745	54.2817	4.8165	0.010258
29.839	59.2394	0.0956009	0.0471373
26.4853	58.144	0.614725	0.022671
29.6201	55.2938	4.77157	0.0151596
33.5519	59.0383	0.123284	0.0392865
29.839	59.2394	0.0956009	0.0471373
32.1533	57.1939	0.16483	0.0256154
35.7802	55.2938	4.84659	0.00823321
33.5519	59.0383	0.123284	0.0392865
32.1533	57.1939	0.16483	0.0256154
34.9506	60.8826	0.0837678	0.0520889
31.3817	62.6228	0.0374496	4.51058
33.5519	59.0383	0.123284	0.0392865
28.6113	62.4488	0.0267972	0.0579353
26.4215	60.8826	0.0335833	0.511195
29.839	59.2394	0.0956009	0.0471373
26.54	55.2938	0.181044	0.0172253
27.9723	52.3495	4.83511	0.00699506
29.6201	55.2938	4.77157	0.0151596
25.6371	53.0665	0.213305	0.0101082
27.9723	52.3495	4.83511	0.00699506
26.54	55.2938	0.181044	0.0172253
24.7341	50.8393	4.82281	0.0044965
28.0388	49.3292	4.88448	0.00257141
27.9723	52.3495	4.83511	0.00699506
22.5483	72.3429	0.00295667	0.0382677
23.75	70.3973	0.00521323	0.0586342
25	72.3429	0.00277422	0.0290092
23.0327	74.7883	0.00152329	0.0165901
22.5483	72.3429	0.00295667	0.0382677
25	72.3429	0.00277422	0.0290092
21.4331	74.0896	0.00187056	0.0212061
19.0551	74.0896	0.00197977	0.019464
20.0967	72.3429	0.00302037	0.0361305
19.0904	66.7823	0.0168084	0.110235
22.2828	65.9587	0.0192518	4.64645
21.8037	69.5771	0.00673904	4.50248
24.3347	67.1118	0.013716	0.111254
23.75	70.3973	0.00521323	0.0586342
21.8037	69.5771	0.00673904	4.50248
27.0253	69.2491	0.00681183	0.0554088
30.0542	68.2649	0.00871215	4.39927
28.75	70.3973	0.00476835	0.0400534
25.6067	64.7258	0.021452	4.5823
28.4106	64.5496	0.0215841	0.0852503
26.9568	67.2765	0.0124163	0.0819104
22.2828	65.9587	0.0192518	4.64645
25.6067	64.7258	0.021452	4.5823
24.3347	67.1118	0.013716	0.111254
23.0704	62.1007	0.0361295	0.0750532
26.4215	60.8826	0.0335833	0.511195
25.6067	64.7258	0.021452	4.5823
30.4344	65.9587	0.0159177	0.0758153
30.0542	68.2649	0.00871215	4.39927
26.9568	67.2765	0.0124163	0.0819104
28.6113	62.4488	0.0267972	0.0579353
31.3817	62.6228	0.0374496	4.51058
28.4106	64.5496	0.0215841	0.0852503
25.6067	64.7258	0.021452	4.5823
28.6113	62.4488	0.0267972	0.0579353
28.4106	64.5496	0.0215841	0.0852503
26.4215	60.8826	0.0335833	0.511195
26.4853	58.144	0.614725	0.022671
29.839	59.2394	0.0956009	0.0471373
25.6067	64.7258	0.021452	4.5823
26.4215	60.8826	0.0335833	0.511195
28.6113	62.4488	0.0267972	0.0579353
24.0253	59.6046	0.592211	0.0358189
23.0771	56.6239	4.72506	0.027329
26.4853	58.144	0.614725	0.022671
33.1516	65.9587	0.0167788	0.0648924
34.8233	67.7707	0.01069	0.0462286
32.2468	68.921	0.00693047	0.0443936
31.3817	62.6228	0.0374496	4.51058
33.1516	65.9587	0.0167788	0.0648924
30.4344	65.9587	0.0159177	0.0758153
34.1521	62.7968	0.04653	4.44145
35.8688	65.9587	0.0188762	0.053061
33.1516	65.9587	0.0167788	0.0648924
32.355	72.3429	0.00280887	0.0182057
33.75	70.3973	0.00487721	0.0266509
34.8066	72.3429	0.00317264	0.017173
29.3832	76.0659	0.00112103	0.00832559
28.5669	74.0896	0.00172218	0.0138221
30.9297	73.8705	0.00186503	0.0131269
31.0572	70.658	0.00427452	0.0326824
33.75	70.3973	0.00487721	0.0266509
32.355	72.3429	0.00280887	0.0182057
29.9033	72.3429	0.00271893	0.0211444
31.0572	70.658	0.00427452	0.0326824
32.355	72.3429	0.00280887	0.0182057
28.4106	64.5496	0.0215841	0.0852503
31.3817	62.6228	0.0374496	4.51058
30.4344	65.9587	0.0159177	0.0758153
24.3347	67.1118	0.013716	0.111254
25.6067	64.7258	0.021452	4.5823
26.9568	67.2765	0.0124163	0.0819104
23.0704	62.1007	0.0361295	0.0750532
24.0253	59.6046	0.592211	0.0358189
26.4215	60.8826	0.0335833	0.511195
30.4344	65.9587	0.0159177	0.0758153
32.2468	68.921	0.00693047	0.0443936
30.0542	68.2649	0.00871215	4.39927
34.8233	67.7707	0.01069	0.0462286
33.75	70.3973	0.00487721	0.0266509
32.2468	68.921	0.00693047	0.0443936
43.2329	49.3292	4.92884	0.000865302
40.1224	48.7521	4.85668	0.000863719
40.433	46.2515	4.79418	0.000469019
48.7787	52.3495	4.96505	0.00140204
45.8487	52.5335	4.95766	0.0017637
46.2717	49.3292	4.95685	0.000731512
42.834	52.3495	4.94298	0.00202882
40.1224	48.7521	4.85668	0.000863719
43.2329	49.3292	4.92884	0.000865302
47.2801	58.144	4.85786	0.00791156
44.2548	57.954	4.83252	0.00990288
45.0204	55.2938	4.9263	0.00415738
38.8603	55.2938	4.89026	0.00611378
35.7802	55.2938	4.84659	0.00823321
36.7564	51.5944	4.84925	0.00258074
41.9404	55.2938	4.91112	0.00505014
38.8603	55.2938	4.89026	0.00611378
39.8617	52.3495	4.91032	0.00253076
45.8487	52.5335	4.95766	0.0017637
45.0204	55.2938	4.9263	0.00415738
42.834	52.3495	4.94298	0.00202882
41.4664	58.5091	4.78842	0.0135341
40.6366	60.8826	0.115073	0.0285449
38.5596	58.6917	4.75518	0.0161609
44.2548	57.954	4.83252	0.00990288
41.4664	58.5091	4.78842	0.0135341
41.9404	55.2938	4.91112	0.00505014
44.2548	57.954	4.83252	0.00990288
43.4796	60.8826	0.123415	0.0284144
41.4664	58.5091	4.78842	0.0135341
38.5596	58.6917	4.75518	0.0161609
35.7802	55.2938	4.84659	0.00823321
38.8603	55.2938	4.89026	0.00611378
6.31731	42.7435	4.99294	0.000417973
3.39381	46.2515	4.99489	0.000973439
3.19711	42.9395	4.99625	0.000432273
45.8487	52.5335	4.95766	0.0017637
42.834	52.3495	4.94298	0.00202882
43.2329	49.3292	4.92884	0.000865302
48.1005	55.2938	4.93968	0.00328784
45.8487	52.5335	4.95766	0.0017637
48.7787	52.3495	4.96505	0.00140204
48.1005	55.2938	4.93968	0.00328784
47.2801	58.144	4.85786	0.00791156
45.0204	55.2938	4.9263	0.00415738
37.7936	60.8826	0.104465	0.0276596
38.5596	58.6917	4.75518	0.0161609
40.6366	60.8826	0.115073	0.0285449
41.3032	65.9587	0.0262763	0.0417336
39.6261	63.8451	0.0437469	0.0402847
42.43	63.669	0.0535458	4.34639
34.9506	60.8826	0.0837678	0.0520889
35.6527	58.8743	4.67386	0.0267381
37.7936	60.8826	0.104465	0.0276596
31.3817	62.6228	0.0374496	4.51058
34.9506	60.8826	0.0837678	0.0520889
34.1521	62.7968	0.04653	4.44145
33.5519	59.0383	0.123284	0.0392865
35.7802	55.2938	4.84659	0.00823321
35.6527	58.8743	4.67386	0.0267381
31.8745	54.2817	4.8165	0.010258
35.7802	55.2938	4.84659	0.00823321
32.1533	57.1939	0.16483	0.0256154
34.1165	49.3292	0.204488	0.00168229
34.2598	46.2515	0.150263	0.000750033
37.0597	48.5598	0.198445	0.00114053
28.0388	49.3292	4.88448	0.00257141
31.0776	49.3292	4.83647	0.00230481
30.9447	52.3495	4.85298	0.00567284
28.0388	49.3292	4.88448	0.00257141
25	46.2515	4.91206	0.000932735
28.0866	46.2515	4.88366	0.000974583
36.7564	51.5944	4.84925	0.00258074
35.7802	55.2938	4.84659	0.00823321
34.1289	53.2696	4.84432	0.00577288
30.9447	52.3495	4.85298	0.00567284
31.0776	49.3292	4.83647	0.00230481
34.1165	49.3292	0.204488	0.00168229
40.1224	48.7521	4.85668	0.000863719
42.834	52.3495	4.94298	0.00202882
39.8617	52.3495	4.91032	0.00253076
39.8617	52.3495	4.91032	0.00253076
42.834	52.3495	4.94298	0.00202882
41.9404	55.2938	4.91112	0.00505014
36.7564	51.5944	4.84925	0.00258074
39.8617	52.3495	4.91032	0.00253076
38.8603	55.2938	4.89026	0.00611378
36.7564	51.5944	4.84925	0.00258074
40.1224	48.7521	4.85668	0.000863719
39.8617	52.3495	4.91032	0.00253076
18.9224	49.3292	4.86881	0.00284399
19.0553	52.3495	0.227978	0.00808915
16.083	52.3495	4.89112	0.00769823
15.7402	46.2515	4.93873	0.00120924
18.8268	46.2515	4.90577	0.001029
15.8835	49.3292	4.93444	0.0029039
21.7462	47.598	4.88284	0.00158755
25	46.2515	4.91206	0.000932735
24.7341	50.8393	4.82281	0.0044965
22.0108	14.5924	0.163148	0.000100018
19.9458	11.7351	0.121801	0.000100258
23.0432	12.7235	0.130302	9.97476e-05
17.645	7.6571	0.0674865	0.000100724
18.75	9.60269	0.094244	0.000100486
16.5822	10.0948	4.65275	9.93005e-05
14.9215	7.36598	0.0758304	0.000101103
17.645	7.6571	0.0674865	0.000100724
16.5822	10.0948	4.65275	9.93005e-05
16.6772	5.91038	0.0453154	0.000100897
19.0551	5.91038	0.0357404	0.000100657
17.645	7.6571	0.0674865	0.000100724
20.0967	7.6571	0.0486591	0.000100414
21.25	9.60269	0.0673383	0.000100118
18.75	9.60269	0.094244	0.000100486
17.645	7.6571	0.0674865	0.000100724
19.0551	5.91038	0.0357404	0.000100657
20.0967	7.6571	0.0486591	0.000100414
24.1844	6.78374	0.0391341	0.000100085
26.189	5.91038	0.0345823	0.000100021
25.4207	8.55507	0.0723199	9.97359e-05
28.5669	5.91038	0.0388906	9.98081e-05
31.8199	4.37335	0.027893	9.9654e-05
31.1316	6.34706	0.0458167	9.95104e-05
26.9661	0.123895	0.0123417	0.000100461
28.4094	2.238	0.0162494	0.000100222
26.0648	3.0556	0.017052	0.000100372
28.9198	0.494728	0.0147017	0.000100252
30.8485	1.10996	0.0170274	0.000100022
28.4094	2.238	0.0162494	0.000100222
31.25	9.60269	0.123105	9.92027e-05
33.75	9.60269	0.104338	9.91346e-05
32.5813	11.7351	4.74738	9.75908e-05
30.9096	13.2177	4.8472	9.75898e-05
29.636	10.915	4.72698	9.76286e-05
32.5813	11.7351	4.74738	9.75908e-05
32.355	7.6571	0.064208	9.92889e-05
33.4473	6.2015	0.042715	9.93258e-05
34.9468	7.95642	0.0659117	9.91391e-05
29.9033	7.6571	0.0693755	9.94634e-05
32.355	7.6571	0.064208	9.92889e-05
31.25	9.60269	0.123105	9.92027e-05
31.1316	6.34706	0.0458167	9.95104e-05
31.8199	4.37335	0.027893	9.9654e-05
33.4473	6.2015	0.042715	9.93258e-05
29.9033	7.6571	0.0693755	9.94634e-05
31.1316	6.34706	0.0458167	9.95104e-05
32.355	7.6571	0.064208	9.92889e-05
29.9033	7.6571	0.0693755	9.94634e-05
28.5669	5.91038	0.0388906	9.98081e-05
31.1316	6.34706	0.0458167	9.95104e-05
28.5669	5.91038	0.0388906	9.98081e-05
29.9033	7.6571	0.0693755	9.94634e-05
27.8022	8.40541	0.0868247	9.95365e-05
25	4.37335	0.0219743	0.000100317
27.2733	4.37335	0.0244143	0.000100124
26.189	5.91038	0.0345823	0.000100021
27.2733	4.37335	0.0244143	0.000100124
30.3241	3.0556	0.0200587	9.99503e-05
28.5669	5.91038	0.0388906	9.98081e-05
31.1316	6.34706	0.0458167	9.95104e-05
33.4473	6.2015	0.042715	9.93258e-05
32.355	7.6571	0.064208	9.92889e-05
27.2733	4.37335	0.0244143	0.000100124
28.4094	2.238	0.0162494	0.000100222
30.3241	3.0556	0.0200587	9.99503e-05
26.189	5.91038	0.0345823	0.000100021
27.2733	4.37335	0.0244143	0.000100124
28.5669	5.91038	0.0388906	9.98081e-05
26.0648	3.0556	0.017052	0.000100372
28.4094	2.238	0.0162494	0.000100222
27.2733	4.37335	0.0244143	0.000100124
29.636	10.915	4.72698	9.76286e-05
29.9033	7.6571	0.0693755	9.94634e-05
31.25	9.60269	0.123105	9.92027e-05
25.4207	8.55507	0.0723199	9.97359e-05
27.8022	8.40541	0.0868247	9.95365e-05
27.0253	10.7509	4.67952	9.78143e-05
25.4207	8.55507	0.0723199	9.97359e-05
26.189	5.91038	0.0345823	0.000100021
27.8022	8.40541	0.0868247	9.95365e-05
26.3489	16.5071	4.87574	9.79092e-05
24.3933	15.2742	0.210188	9.96338e-05
25.6653	12.8882	4.73545	9.78404e-05
30.3241	3.0556	0.0200587	9.99503e-05
31.8199	4.37335	0.027893	9.9654e-05
28.5669	5.91038	0.0388906	9.98081e-05
30.8485	1.10996	0.0170274	0.000100022
30.3241	3.0556	0.0200587	9.99503e-05
28.4094	2.238	0.0162494	0.000100222
30.8485	1.10996	0.0170274	0.000100022
32.7403	1.96546	0.0208914	9.97475e-05
30.3241	3.0556	0.0200587	9.99503e-05
30.3241	3.0556	0.0200587	9.99503e-05
32.7403	1.96546	0.0208914	9.97475e-05
31.8199	4.37335	0.027893	9.9654e-05
23.9352	3.0556	0.0162559	0.000100524
25	4.37335	0.0219743	0.000100317
22.7267	4.37335	0.0208089	0.000100489
26.9661	0.123895	0.0123417	0.000100461
26.0648	3.0556	0.017052	0.000100372
25.0248	1.47661	0.0132407	0.000100551
26.9661	0.123895	0.0123417	0.000100461
28.9198	0.494728	0.0147017	0.000100252
28.4094	2.238	0.0162494	0.000100222
25.0248	1.47661	0.0132407	0.000100551
25	-8.70219e-28	0.0123608	0.00010058
26.9661	0.123895	0.0123417	0.000100461
23.9352	3.0556	0.0162559	0.000100524
25.0248	1.47661	0.0132407	0.000100551
26.0648	3.0556	0.017052	0.000100372
23.9352	3.0556	0.0162559	0.000100524
23.0835	1.59882	0.0133739	0.000100657
25.0248	1.47661	0.0132407	0.000100551
32.7403	1.96546	0.0208914	9.97475e-05
34.5833	3.0556	0.0262057	9.94597e-05
31.8199	4.37335	0.027893	9.9654e-05
25	4.37335	0.0219743	0.000100317
26.0648	3.0556	0.017052	0.000100372
27.2733	4.37335	0.0244143	0.000100124
24.1844	6.78374	0.0391341	0.000100085
25	4.37335	0.0219743	0.000100317
26.189	5.91038	0.0345823	0.000100021
23.9352	3.0556	0.0162559	0.000100524
26.0648	3.0556	0.017052	0.000100372
25	4.37335	0.0219743	0.000100317
21.913	2.6468	0.0155372	0.000100672
23.9352	3.0556	0.0162559	0.000100524
22.7267	4.37335	0.0208089	0.000100489
23.0835	1.59882	0.0133739	0.000100657
23.0339	0.123895	0.0123192	0.000100685
25.0248	1.47661	0.0132407	0.000100551
21.913	2.6468	0.0155372	0.000100672
23.0835	1.59882	0.0133739	0.000100657
23.9352	3.0556	0.0162559	0.000100524
21.4331	5.91038	0.0297225	0.000100434
20.4534	4.37335	0.0226527	0.000100646
22.7267	4.37335	0.0208089	0.000100489
19.7476	2.78306	0.0182549	0.000100768
21.0802	0.494728	0.0133194	0.000100761
21.913	2.6468	0.0155372	0.000100672
23.0339	0.123895	0.0123192	0.000100685
25	-8.70219e-28	0.0123608	0.00010058
25.0248	1.47661	0.0132407	0.000100551
33.4473	6.2015	0.042715	9.93258e-05
34.5833	3.0556	0.0262057	9.94597e-05
35.7008	5.91038	0.044152	9.91746e-05
36.3664	4.37335	0.0387681	9.92195e-05
35.7008	5.91038	0.044152	9.91746e-05
34.5833	3.0556	0.0262057	9.94597e-05
23.5785	19.1174	4.90472	9.87253e-05
26.3489	16.5071	4.87574	9.79092e-05
26.4215	19.1174	4.93726	9.82562e-05
23.0771	23.3761	4.9716	9.99738e-05
25.3391	26.1784	4.96773	0.000100013
22.0277	27.6505	4.9668	0.000102922
29.636	10.915	4.72698	9.76286e-05
27.8022	8.40541	0.0868247	9.95365e-05
29.9033	7.6571	0.0693755	9.94634e-05
29.636	10.915	4.72698	9.76286e-05
27.0253	10.7509	4.67952	9.78143e-05
27.8022	8.40541	0.0868247	9.95365e-05
32.5813	11.7351	4.74738	9.75908e-05
29.636	10.915	4.72698	9.76286e-05
31.25	9.60269	0.123105	9.92027e-05
28.2875	13.053	4.82942	9.76185e-05
27.0253	10.7509	4.67952	9.78143e-05
29.636	10.915	4.72698	9.76286e-05
23.0432	12.7235	0.130302	9.97476e-05
25.6653	12.8882	4.73545	9.78404e-05
24.3933	15.2742	0.210188	9.96338e-05
24.4145	10.5869	0.109252	9.96347e-05
25.4207	8.55507	0.0723199	9.97359e-05
27.0253	10.7509	4.67952	9.78143e-05
23.0432	12.7235	0.130302	9.97476e-05
24.4145	10.5869	0.109252	9.96347e-05
25.6653	12.8882	4.73545	9.78404e-05
23.0432	12.7235	0.130302	9.97476e-05
21.25	9.60269	0.0673383	0.000100118
24.4145	10.5869	0.109252	9.96347e-05
24.1844	6.78374	0.0391341	0.000100085
22.5483	7.6571	0.0433841	0.000100137
21.4331	5.91038	0.0297225	0.000100434
25	4.37335	0.0219743	0.000100317
24.1844	6.78374	0.0391341	0.000100085
22.7267	4.37335	0.0208089	0.000100489
25.4207	8.55507	0.0723199	9.97359e-05
24.4145	10.5869	0.109252	9.96347e-05
22.5483	7.6571	0.0433841	0.000100137
24.4145	10.5869	0.109252	9.96347e-05
21.25	9.60269	0.0673383	0.000100118
22.5483	7.6571	0.0433841	0.000100137
19.5656	14.0413	0.180402	0.000100448
20.9532	16.5071	0.22014	0.000100468
18.2554	16.5071	4.85763	9.95607e-05
19.9458	11.7351	0.121801	0.000100258
19.5656	14.0413	0.180402	0.000100448
17.7988	12.3941	4.73054	9.91222e-05
18.75	9.60269	0.094244	0.000100486
19.9458	11.7351	0.121801	0.000100258
17.7988	12.3941	4.73054	9.91222e-05
21.25	9.60269	0.0673383	0.000100118
23.0432	12.7235	0.130302	9.97476e-05
19.9458	11.7351	0.121801	0.000100258
22.0108	14.5924	0.163148	0.000100018
20.9532	16.5071	0.22014	0.000100468
19.5656	14.0413	0.180402	0.000100448
19.9458	11.7351	0.121801	0.000100258
22.0108	14.5924	0.163148	0.000100018
19.5656	14.0413	0.180402	0.000100448
23.0432	12.7235	0.130302	9.97476e-05
24.3933	15.2742	0.210188	9.96338e-05
22.0108	14.5924	0.163148	0.000100018
17.7548	18.7251	4.93035	0.000100308
20.7355	19.1174	4.90267	9.95065e-05
17.2541	20.9431	4.96689	0.000101318
16.8484	14.0413	4.83126	9.94769e-05
18.2554	16.5071	4.85763	9.95607e-05
15.9817	15.8026	4.90133	9.99994e-05
20.9532	16.5071	0.22014	0.000100468
20.7355	19.1174	4.90267	9.95065e-05
18.2554	16.5071	4.85763	9.95607e-05
14.9215	7.36598	0.0758304	0.000101103
16.5822	10.0948	4.65275	9.93005e-05
13.513	9.30337	0.13192	0.000101385
12.6058	7.51154	0.0887715	0.000101405
14.9215	7.36598	0.0758304	0.000101103
13.513	9.30337	0.13192	0.000101385
13.6336	4.37335	0.0449916	0.000101129
15.4167	3.0556	0.030584	0.000100972
16.6772	5.91038	0.0453154	0.000100897
19.7476	2.78306	0.0182549	0.000100768
19.1515	1.10996	0.0168899	0.000100803
21.0802	0.494728	0.0133194	0.000100761
20.4534	4.37335	0.0226527	0.000100646
19.0551	5.91038	0.0357404	0.000100657
18.1801	4.37335	0.0277496	0.000100806
21.913	2.6468	0.0155372	0.000100672
20.4534	4.37335	0.0226527	0.000100646
19.7476	2.78306	0.0182549	0.000100768
21.4331	5.91038	0.0297225	0.000100434
19.0551	5.91038	0.0357404	0.000100657
20.4534	4.37335	0.0226527	0.000100646
24.1844	6.78374	0.0391341	0.000100085
21.4331	5.91038	0.0297225	0.000100434
22.7267	4.37335	0.0208089	0.000100489
20.0967	7.6571	0.0486591	0.000100414
19.0551	5.91038	0.0357404	0.000100657
21.4331	5.91038	0.0297225	0.000100434
20.4534	4.37335	0.0226527	0.000100646
18.1801	4.37335	0.0277496	0.000100806
19.7476	2.78306	0.0182549	0.000100768
23.0835	1.59882	0.0133739	0.000100657
21.0802	0.494728	0.0133194	0.000100761
23.0339	0.123895	0.0123192	0.000100685
27.8022	8.40541	0.0868247	9.95365e-05
26.189	5.91038	0.0345823	0.000100021
28.5669	5.91038	0.0388906	9.98081e-05
25.6653	12.8882	4.73545	9.78404e-05
24.4145	10.5869	0.109252	9.96347e-05
27.0253	10.7509	4.67952	9.78143e-05
22.5483	7.6571	0.0433841	0.000100137
20.0967	7.6571	0.0486591	0.000100414
21.4331	5.91038	0.0297225	0.000100434
25.4207	8.55507	0.0723199	9.97359e-05
22.5483	7.6571	0.0433841	0.000100137
24.1844	6.78374	0.0391341	0.000100085
21.25	9.60269	0.0673383	0.000100118
20.0967	7.6571	0.0486591	0.000100414
22.5483	7.6571	0.0433841	0.000100137
14.9215	7.36598	0.0758304	0.000101103
16.6772	5.91038	0.0453154	0.000100897
17.645	7.6571	0.0674865	0.000100724
21.913	2.6468	0.0155372	0.000100672
21.0802	0.494728	0.0133194	0.000100761
23.0835	1.59882	0.0133739	0.000100657
37.3284	7.80676	0.0708636	9.90917e-05
38.0788	5.91038	0.0560296	9.90844e-05
39.7099	7.6571	0.0910744	9.91406e-05
33.4473	6.2015	0.042715	9.93258e-05
35.7008	5.91038	0.044152	9.91746e-05
34.9468	7.95642	0.0659117	9.91391e-05
33.75	9.60269	0.104338	9.91346e-05
32.355	7.6571	0.064208	9.92889e-05
34.9468	7.95642	0.0659117	9.91391e-05
31.8199	4.37335	0.027893	9.9654e-05
34.5833	3.0556	0.0262057	9.94597e-05
33.4473	6.2015	0.042715	9.93258e-05
36.3664	4.37335	0.0387681	9.92195e-05
38.0788	5.91038	0.0560296	9.90844e-05
35.7008	5.91038	0.044152	9.91746e-05
19.7476	2.78306	0.0182549	0.000100768
17.2597	1.96546	0.0218944	0.000100873
19.1515	1.10996	0.0168899	0.000100803
18.1801	4.37335	0.0277496	0.000100806
16.6772	5.91038	0.0453154	0.000100897
15.4167	3.0556	0.030584	0.000100972
19.7476	2.78306	0.0182549	0.000100768
18.1801	4.37335	0.0277496	0.000100806
17.2597	1.96546	0.0218944	0.000100873
19.0551	5.91038	0.0357404	0.000100657
16.6772	5.91038	0.0453154	0.000100897
18.1801	4.37335	0.0277496	0.000100806
21.913	2.6468	0.0155372	0.000100672
22.7267	4.37335	0.0208089	0.000100489
20.4534	4.37335	0.0226527	0.000100646
20.0967	7.6571	0.0486591	0.000100414
18.75	9.60269	0.094244	0.000100486
17.645	7.6571	0.0674865	0.000100724
14.9215	7.36598	0.0758304	0.000101103
13.6336	4.37335	0.0449916	0.000101129
16.6772	5.91038	0.0453154	0.000100897
32.355	7.6571	0.064208	9.92889e-05
33.75	9.60269	0.104338	9.91346e-05
31.25	9.60269	0.123105	9.92027e-05
38.0788	5.91038	0.0560296	9.90844e-05
37.3284	7.80676	0.0708636	9.90917e-05
35.7008	5.91038	0.044152	9.91746e-05
38.75	9.60269	0.120122	9.92456e-05
41.25	9.60269	0.16535	9.94624e-05
40.1627	11.7351	4.79286	9.81708e-05
36.25	9.60269	0.0984206	9.91464e-05
38.75	9.60269	0.120122	9.92456e-05
37.4683	11.4071	0.172239	9.93714e-05
39.7099	7.6571	0.0910744	9.91406e-05
41.25	9.60269	0.16535	9.94624e-05
38.75	9.60269	0.120122	9.92456e-05
15.4167	3.0556	0.030584	0.000100972
17.2597	1.96546	0.0218944	0.000100873
18.1801	4.37335	0.0277496	0.000100806
44.0204	14.0413	4.94349	9.95309e-05
41.2166	14.2175	4.91818	9.9022e-05
42.6898	11.7351	4.86401	9.85376e-05
14.9215	7.36598	0.0758304	0.000101103
12.6058	7.51154	0.0887715	0.000101405
13.6336	4.37335	0.0449916	0.000101129
15.1767	12.2293	4.80756	9.9666e-05
12.5545	12.0646	4.82314	0.000100234
13.513	9.30337	0.13192	0.000101385
16.5822	10.0948	4.65275	9.93005e-05
17.7988	12.3941	4.73054	9.91222e-05
15.1767	12.2293	4.80756	9.9666e-05
14.1312	14.0413	4.88899	0.000100148
12.5545	12.0646	4.82314	0.000100234
15.1767	12.2293	4.80756	9.9666e-05
15.9817	15.8026	4.90133	9.99994e-05
14.7591	18.4213	4.95795	0.000101112
13.1778	15.9788	4.93929	0.000100821
16.5822	10.0948	4.65275	9.93005e-05
18.75	9.60269	0.094244	0.000100486
17.7988	12.3941	4.73054	9.91222e-05
22.0108	14.5924	0.163148	0.000100018
24.3933	15.2742	0.210188	9.96338e-05
20.9532	16.5071	0.22014	0.000100468
11.4404	21.3083	4.98739	0.000103492
12.2064	19.1174	4.97613	0.00010217
14.6026	21.856	4.98231	0.000102752
8.66123	21.856	4.99235	0.000104643
11.4404	21.3083	4.98739	0.000103492
10.9756	24.1362	4.99311	0.000105625
8.66123	21.856	4.99235	0.000104643
9.3634	19.1174	4.98338	0.000102986
11.4404	21.3083	4.98739	0.000103492
6.52038	19.1174	4.98821	0.000103673
7.464	16.5071	4.97268	0.000102413
9.3634	19.1174	4.98338	0.000102986
3.67737	19.1174	4.99146	0.000104245
6.52038	19.1174	4.98821	0.000103673
5.62671	21.6734	4.99448	0.000105269
3.67737	19.1174	4.99146	0.000104245
4.76616	16.5071	4.98063	0.000102922
6.52038	19.1174	4.98821	0.000103673
10.1618	16.5071	4.96253	0.000101788
12.2064	19.1174	4.97613	0.00010217
9.3634	19.1174	4.98338	0.000102986
5.97957	14.0413	4.95465	0.000101903
8.69678	14.0413	4.9334	0.000101424
7.464	16.5071	4.97268	0.000102413
11.414	14.0413	4.91249	0.000100824
13.1778	15.9788	4.93929	0.000100821
10.1618	16.5071	4.96253	0.000101788
15.1767	12.2293	4.80756	9.9666e-05
16.8484	14.0413	4.83126	9.94769e-05
14.1312	14.0413	4.88899	0.000100148
6.52038	19.1174	4.98821	0.000103673
9.3634	19.1174	4.98338	0.000102986
8.66123	21.856	4.99235	0.000104643
14.7591	18.4213	4.95795	0.000101112
12.2064	19.1174	4.97613	0.00010217
13.1778	15.9788	4.93929	0.000100821
14.7591	18.4213	4.95795	0.000101112
14.6026	21.856	4.98231	0.000102752
12.2064	19.1174	4.97613	0.00010217
12.6058	7.51154	0.0887715	0.000101405
11.9212	5.91038	0.0744938	0.00010136
13.6336	4.37335	0.0449916	0.000101129
11.25	9.60269	0.151703	0.000101794
12.6058	7.51154	0.0887715	0.000101405
13.513	9.30337	0.13192	0.000101385
10.2901	7.6571	0.113993	0.000101694
11.9212	5.91038	0.0744938	0.00010136
12.6058	7.51154	0.0887715	0.000101405
41.2166	14.2175	4.91818	9.9022e-05
40.1627	11.7351	4.79286	9.81708e-05
42.6898	11.7351	4.86401	9.85376e-05
35.1085	11.7351	0.177236	9.9236e-05
37.4683	11.4071	0.172239	9.93714e-05
35.6088	14.5697	4.87124	9.81276e-05
33.1516	14.0413	4.86618	9.77595e-05
35.1085	11.7351	0.177236	9.9236e-05
35.6088	14.5697	4.87124	9.81276e-05
32.5813	11.7351	4.74738	9.75908e-05
33.75	9.60269	0.104338	9.91346e-05
35.1085	11.7351	0.177236	9.9236e-05
37.3284	7.80676	0.0708636	9.90917e-05
39.7099	7.6571	0.0910744	9.91406e-05
38.75	9.60269	0.120122	9.92456e-05
36.25	9.60269	0.0984206	9.91464e-05
37.3284	7.80676	0.0708636	9.90917e-05
38.75	9.60269	0.120122	9.92456e-05
35.1085	11.7351	0.177236	9.9236e-05
36.25	9.60269	0.0984206	9.91464e-05
37.4683	11.4071	0.172239	9.93714e-05
34.9468	7.95642	0.0659117	9.91391e-05
37.3284	7.80676	0.0708636	9.90917e-05
36.25	9.60269	0.0984206	9.91464e-05
34.9468	7.95642	0.0659117	9.91391e-05
35.7008	5.91038	0.044152	9.91746e-05
37.3284	7.80676	0.0708636	9.90917e-05
42.536	16.5071	4.96549	0.000100204
44.0204	14.0413	4.94349	9.95309e-05
45.2338	16.5071	4.97574	0.000100825
38.4127	14.3936	4.88556	9.85358e-05
41.2166	14.2175	4.91818	9.9022e-05
39.693	16.8552	4.95612	9.96059e-05
38.4127	14.3936	4.88556	9.85358e-05
37.4683	11.4071	0.172239	9.93714e-05
40.1627	11.7351	4.79286	9.81708e-05
10.2901	7.6571	0.113993	0.000101694
12.6058	7.51154	0.0887715	0.000101405
11.25	9.60269	0.151703	0.000101794
28.2875	13.053	4.82942	9.76185e-05
30.001	14.922	4.90052	9.7658e-05
26.3489	16.5071	4.87574	9.79092e-05
35.1085	11.7351	0.177236	9.9236e-05
33.1516	14.0413	4.86618	9.77595e-05
32.5813	11.7351	4.74738	9.75908e-05
30.001	14.922	4.90052	9.7658e-05
28.6113	17.5512	4.93366	9.78898e-05
26.3489	16.5071	4.87574	9.79092e-05
30.9096	13.2177	4.8472	9.75898e-05
30.001	14.922	4.90052	9.7658e-05
28.2875	13.053	4.82942	9.76185e-05
29.636	10.915	4.72698	9.76286e-05
30.9096	13.2177	4.8472	9.75898e-05
28.2875	13.053	4.82942	9.76185e-05
32.5813	11.7351	4.74738	9.75908e-05
33.1516	14.0413	4.86618	9.77595e-05
30.9096	13.2177	4.8472	9.75898e-05
31.7446	16.5071	4.93391	9.79291e-05
28.6113	17.5512	4.93366	9.78898e-05
30.001	14.922	4.90052	9.7658e-05
34.4425	16.5071	4.93446	9.83016e-05
31.7446	16.5071	4.93391	9.79291e-05
33.1516	14.0413	4.86618	9.77595e-05
34.4425	16.5071	4.93446	9.83016e-05
34.9506	19.1174	4.96921	9.89775e-05
32.1075	19.1174	4.96447	9.83394e-05
37.1403	16.5071	4.93892	9.8864e-05
34.4425	16.5071	4.93446	9.83016e-05
35.6088	14.5697	4.87124	9.81276e-05
37.1403	16.5071	4.93892	9.8864e-05
37.7936	19.1174	4.97332	9.98216e-05
34.9506	19.1174	4.96921	9.89775e-05
11.414	14.0413	4.91249	0.000100824
14.1312	14.0413	4.88899	0.000100148
13.1778	15.9788	4.93929	0.000100821
8.69678	14.0413	4.9334	0.000101424
9.93237	11.8999	4.8446	0.000100738
11.414	14.0413	4.91249	0.000100824
11.25	9.60269	0.151703	0.000101794
13.513	9.30337	0.13192	0.000101385
12.5545	12.0646	4.82314	0.000100234
10.2901	7.6571	0.113993	0.000101694
11.25	9.60269	0.151703	0.000101794
8.74996	9.60269	0.187852	0.000102143
13.513	9.30337	0.13192	0.000101385
16.5822	10.0948	4.65275	9.93005e-05
15.1767	12.2293	4.80756	9.9666e-05
9.93237	11.8999	4.8446	0.000100738
11.25	9.60269	0.151703	0.000101794
12.5545	12.0646	4.82314	0.000100234
11.414	14.0413	4.91249	0.000100824
9.93237	11.8999	4.8446	0.000100738
12.5545	12.0646	4.82314	0.000100234
8.69678	14.0413	4.9334	0.000101424
7.31021	11.7351	4.88836	0.000101118
9.93237	11.8999	4.8446	0.000100738
37.4683	11.4071	0.172239	9.93714e-05
38.4127	14.3936	4.88556	9.85358e-05
35.6088	14.5697	4.87124	9.81276e-05
42.536	16.5071	4.96549	0.000100204
43.4158	19.3	4.98597	0.000101689
40.5089	19.4825	4.98144	0.000100873
44.0204	14.0413	4.94349	9.95309e-05
42.536	16.5071	4.96549	0.000100204
41.2166	14.2175	4.91818	9.9022e-05
45.2338	16.5071	4.97574	0.000100825
43.4158	19.3	4.98597	0.000101689
42.536	16.5071	4.96549	0.000100204
40.5089	19.4825	4.98144	0.000100873
41.2294	22.236	4.99118	0.000102238
38.204	22.4261	4.98771	0.000101056
42.536	16.5071	4.96549	0.000100204
40.5089	19.4825	4.98144	0.000100873
39.693	16.8552	4.95612	9.96059e-05
43.4158	19.3	4.98597	0.000101689
41.2294	22.236	4.99118	0.000102238
40.5089	19.4825	4.98144	0.000100873
47.2801	21.856	4.99497	0.00010378
44.3095	21.856	4.99333	0.00010312
46.3226	19.1174	4.98937	0.000102287
38.4127	14.3936	4.88556	9.85358e-05
37.1403	16.5071	4.93892	9.8864e-05
35.6088	14.5697	4.87124	9.81276e-05
40.1627	11.7351	4.79286	9.81708e-05
41.2166	14.2175	4.91818	9.9022e-05
38.4127	14.3936	4.88556	9.85358e-05
38.75	9.60269	0.120122	9.92456e-05
40.1627	11.7351	4.79286	9.81708e-05
37.4683	11.4071	0.172239	9.93714e-05
41.25	9.60269	0.16535	9.94624e-05
42.6898	11.7351	4.86401	9.85376e-05
40.1627	11.7351	4.79286	9.81708e-05
39.693	16.8552	4.95612	9.96059e-05
37.1403	16.5071	4.93892	9.8864e-05
38.4127	14.3936	4.88556	9.85358e-05
40.5089	19.4825	4.98144	0.000100873
37.7936	19.1174	4.97332	9.98216e-05
39.693	16.8552	4.95612	9.96059e-05
28.8815	20.2128	4.96058	9.81756e-05
29.1279	22.9961	4.95999	9.85232e-05
26.1025	23.1861	4.96776	9.89164e-05
32.1075	19.1174	4.96447	9.83394e-05
34.9506	19.1174	4.96921	9.89775e-05
32.4267	21.856	4.97226	9.88076e-05
28.8815	20.2128	4.96058	9.81756e-05
32.1075	19.1174	4.96447	9.83394e-05
32.4267	21.856	4.97226	9.88076e-05
31.7446	16.5071	4.93391	9.79291e-05
34.4425	16.5071	4.93446	9.83016e-05
32.1075	19.1174	4.96447	9.83394e-05
28.6113	17.5512	4.93366	9.78898e-05
31.7446	16.5071	4.93391	9.79291e-05
32.1075	19.1174	4.96447	9.83394e-05
11.414	14.0413	4.91249	0.000100824
12.5545	12.0646	4.82314	0.000100234
14.1312	14.0413	4.88899	0.000100148
12.2064	19.1174	4.97613	0.00010217
10.1618	16.5071	4.96253	0.000101788
13.1778	15.9788	4.93929	0.000100821
9.93237	11.8999	4.8446	0.000100738
8.74996	9.60269	0.187852	0.000102143
11.25	9.60269	0.151703	0.000101794
43.4158	19.3	4.98597	0.000101689
45.2338	16.5071	4.97574	0.000100825
46.3226	19.1174	4.98937	0.000102287
33.1516	14.0413	4.86618	9.77595e-05
35.6088	14.5697	4.87124	9.81276e-05
34.4425	16.5071	4.93446	9.83016e-05
36.25	9.60269	0.0984206	9.91464e-05
33.75	9.60269	0.104338	9.91346e-05
34.9468	7.95642	0.0659117	9.91391e-05
21.9134	33.7485	0.256174	0.000123066
18.9132	34.917	4.85223	0.00013501
18.6835	32.5943	4.9145	0.000118555
25	30.6708	4.91738	0.000103943
21.9134	33.7485	0.256174	0.000123066
21.9612	30.6708	4.91826	0.000108095
21.8846	36.8646	4.79923	0.000155594
18.9132	34.917	4.85223	0.00013501
21.9134	33.7485	0.256174	0.000123066
25	40	4.86297	0.000217384
21.8846	36.8646	4.79923	0.000155594
25.1151	35.3065	0.245409	0.000128665
21.9134	33.7485	0.256174	0.000123066
18.6835	32.5943	4.9145	0.000118555
21.9612	30.6708	4.91826	0.000108095
18.7212	38.8242	0.204251	0.000207123
18.9132	34.917	4.85223	0.00013501
21.8846	36.8646	4.79923	0.000155594
17.2667	36.7732	0.248035	0.000168409
15.8122	34.7222	4.90222	0.000135133
18.9132	34.917	4.85223	0.00013501
18.7212	38.8242	0.204251	0.000207123
17.2667	36.7732	0.248035	0.000168409
18.9132	34.917	4.85223	0.00013501
18.7212	38.8242	0.204251	0.000207123
15.601	39.0202	0.242488	0.000218821
17.2667	36.7732	0.248035	0.000168409
18.7981	41.9596	0.229724	0.000355297
18.7212	38.8242	0.204251	0.000207123
21.9014	39.3141	0.233733	0.000215499
15.601	39.0202	0.242488	0.000218821
15.8122	34.7222	4.90222	0.000135133
17.2667	36.7732	0.248035	0.000168409
14.001	23.9462	4.98886	0.000104376
14.6026	21.856	4.98231	0.000102752
17.2998	24.7062	4.98423	0.000103545
13.1107	27.6505	4.98996	0.000108872
12.8447	30.6708	4.98255	0.000115371
10.1383	27.6505	4.9943	0.000110104
15.2052	26.1784	4.98781	0.000105973
15.7173	29.727	4.97709	0.000111169
13.1107	27.6505	4.98996	0.000108872
20.3799	24.7062	4.97651	0.000101965
18.0114	27.1222	4.97954	0.000105492
17.2998	24.7062	4.98423	0.000103545
18.7229	29.5382	4.96146	0.00010874
15.7173	29.727	4.97709	0.000111169
18.0114	27.1222	4.97954	0.000105492
18.7229	29.5382	4.96146	0.00010874
18.6835	32.5943	4.9145	0.000118555
15.7173	29.727	4.97709	0.000111169
10.9756	24.1362	4.99311	0.000105625
8.05963	24.7062	4.99583	0.000107035
8.66123	21.856	4.99235	0.000104643
10.1383	27.6505	4.9943	0.000110104
8.05963	24.7062	4.99583	0.000107035
10.9756	24.1362	4.99311	0.000105625
10.1383	27.6505	4.9943	0.000110104
9.80591	30.6708	4.99115	0.000117321
7.16598	27.6505	4.99687	0.000110879
6.70061	30.2933	4.99628	0.000116533
7.16598	27.6505	4.99687	0.000110879
9.80591	30.6708	4.99115	0.000117321
4.97956	24.7062	4.99723	0.000107802
5.62671	21.6734	4.99448	0.000105269
8.05963	24.7062	4.99583	0.000107035
3.67737	19.1174	4.99146	0.000104245
5.62671	21.6734	4.99448	0.000105269
2.71986	21.856	4.99602	0.000106011
6.52038	19.1174	4.98821	0.000103673
4.76616	16.5071	4.98063	0.000102922
7.464	16.5071	4.97268	0.000102413
25	30.6708	4.91738	0.000103943
28.0388	30.6708	4.94301	0.000102959
28.0866	33.7485	4.90031	0.000113346
47.2801	21.856	4.99497	0.00010378
48.1005	24.7062	4.99688	0.000105209
45.0204	24.7062	4.99612	0.000104591
26.4215	19.1174	4.93726	9.82562e-05
26.3489	16.5071	4.87574	9.79092e-05
28.6113	17.5512	4.93366	9.78898e-05
18.0114	27.1222	4.97954	0.000105492
22.0277	27.6505	4.9668	0.000102922
18.7229	29.5382	4.96146	0.00010874
17.2541	20.9431	4.96689	0.000101318
20.544	21.856	4.96125	0.000100441
17.2998	24.7062	4.98423	0.000103545
23.0771	23.3761	4.9716	9.99738e-05
26.1025	23.1861	4.96776	9.89164e-05
25.3391	26.1784	4.96773	0.000100013
17.2998	24.7062	4.98423	0.000103545
20.544	21.856	4.96125	0.000100441
20.3799	24.7062	4.97651	0.000101965
24.8405	21.1517	4.95271	9.88273e-05
26.1025	23.1861	4.96776	9.89164e-05
23.0771	23.3761	4.9716	9.99738e-05
20.544	21.856	4.96125	0.000100441
24.8405	21.1517	4.95271	9.88273e-05
23.0771	23.3761	4.9716	9.99738e-05
23.5785	19.1174	4.90472	9.87253e-05
26.4215	19.1174	4.93726	9.82562e-05
24.8405	21.1517	4.95271	9.88273e-05
31.199	26.5464	0.345967	0.000100946
30.7452	28.7831	4.9469	0.000100299
28.269	26.3624	4.95179	9.91881e-05
29.1279	22.9961	4.95999	9.85232e-05
31.199	26.5464	0.345967	0.000100946
28.269	26.3624	4.95179	9.91881e-05
32.7002	24.7062	4.95604	9.93012e-05
33.7508	28.5944	4.96363	0.000100874
31.199	26.5464	0.345967	0.000100946
20.544	21.856	4.96125	0.000100441
23.0771	23.3761	4.9716	9.99738e-05
20.3799	24.7062	4.97651	0.000101965
20.7355	19.1174	4.90267	9.95065e-05
20.544	21.856	4.96125	0.000100441
17.2541	20.9431	4.96689	0.000101318
17.7548	18.7251	4.93035	0.000100308
18.2554	16.5071	4.85763	9.95607e-05
20.7355	19.1174	4.90267	9.95065e-05
14.7591	18.4213	4.95795	0.000101112
17.7548	18.7251	4.93035	0.000100308
17.2541	20.9431	4.96689	0.000101318
14.7591	18.4213	4.95795	0.000101112
15.9817	15.8026	4.90133	9.99994e-05
17.7548	18.7251	4.93035	0.000100308
20.9532	16.5071	0.22014	0.000100468
23.5785	19.1174	4.90472	9.87253e-05
20.7355	19.1174	4.90267	9.95065e-05
23.5785	19.1174	4.90472	9.87253e-05
24.8405	21.1517	4.95271	9.88273e-05
20.544	21.856	4.96125	0.000100441
26.689	28.4246	4.95431	0.000100539
22.0277	27.6505	4.9668	0.000102922
25.3391	26.1784	4.96773	0.000100013
21.9612	30.6708	4.91826	0.000108095
18.6835	32.5943	4.9145	0.000118555
18.7229	29.5382	4.96146	0.00010874
20.7355	19.1174	4.90267	9.95065e-05
23.5785	19.1174	4.90472	9.87253e-05
20.544	21.856	4.96125	0.000100441
16.8484	14.0413	4.83126	9.94769e-05
19.5656	14.0413	0.180402	0.000100448
18.2554	16.5071	4.85763	9.95607e-05
16.8484	14.0413	4.83126	9.94769e-05
17.7988	12.3941	4.73054	9.91222e-05
19.5656	14.0413	0.180402	0.000100448
14.1312	14.0413	4.88899	0.000100148
16.8484	14.0413	4.83126	9.94769e-05
15.9817	15.8026	4.90133	9.99994e-05
15.1767	12.2293	4.80756	9.9666e-05
17.7988	12.3941	4.73054	9.91222e-05
16.8484	14.0413	4.83126	9.94769e-05
18.75	9.60269	0.094244	0.000100486
21.25	9.60269	0.0673383	0.000100118
19.9458	11.7351	0.121801	0.000100258
24.3933	15.2742	0.210188	9.96338e-05
23.5785	19.1174	4.90472	9.87253e-05
20.9532	16.5071	0.22014	0.000100468
4.97956	24.7062	4.99723	0.000107802
4.19365	27.6505	4.99807	0.000111596
1.8995	24.7062	4.99786	0.000108507
8.74996	9.60269	0.187852	0.000102143
9.93237	11.8999	4.8446	0.000100738
7.31021	11.7351	4.88836	0.000101118
46.8029	37.0605	4.96735	0.000120811
43.6827	37.2565	4.93168	0.000123726
46.6062	33.7485	4.98636	0.000111484
41.9404	24.7062	4.99422	0.000103507
45.0204	24.7062	4.99612	0.000104591
42.7675	28.0281	4.99406	0.000105278
38.8603	24.7062	4.99062	0.000102094
41.9404	24.7062	4.99422	0.000103507
39.9888	27.0985	4.99151	0.000103563
41.2294	22.236	4.99118	0.000102238
44.3095	21.856	4.99333	0.00010312
41.9404	24.7062	4.99422	0.000103507
48.7787	27.6505	4.99667	0.000106619
49.3105	30.6708	4.99434	0.000108453
46.2478	30.8632	4.99311	0.000108128
26.1025	23.1861	4.96776	9.89164e-05
24.8405	21.1517	4.95271	9.88273e-05
28.8815	20.2128	4.96058	9.81756e-05
28.269	26.3624	4.95179	9.91881e-05
26.1025	23.1861	4.96776	9.89164e-05
29.1279	22.9961	4.95999	9.85232e-05
23.0771	23.3761	4.9716	9.99738e-05
22.0277	27.6505	4.9668	0.000102922
20.3799	24.7062	4.97651	0.000101965
12.8447	30.6708	4.98255	0.000115371
12.7112	34.5275	4.95985	0.000136504
9.49534	33.1714	4.98733	0.000128094
10.1383	27.6505	4.9943	0.000110104
12.8447	30.6708	4.98255	0.000115371
9.80591	30.6708	4.99115	0.000117321
14.3285	32.6965	4.95904	0.000123459
18.6835	32.5943	4.9145	0.000118555
15.8122	34.7222	4.90222	0.000135133
25.1151	35.3065	0.245409	0.000128665
21.8846	36.8646	4.79923	0.000155594
21.9134	33.7485	0.256174	0.000123066
14.3285	32.6965	4.95904	0.000123459
12.7112	34.5275	4.95985	0.000136504
12.8447	30.6708	4.98255	0.000115371
18.9132	34.917	4.85223	0.00013501
15.8122	34.7222	4.90222	0.000135133
18.6835	32.5943	4.9145	0.000118555
15.601	39.0202	0.242488	0.000218821
12.5385	36.8646	4.93747	0.000165532
15.8122	34.7222	4.90222	0.000135133
23.5785	19.1174	4.90472	9.87253e-05
24.3933	15.2742	0.210188	9.96338e-05
26.3489	16.5071	4.87574	9.79092e-05
28.8815	20.2128	4.96058	9.81756e-05
24.8405	21.1517	4.95271	9.88273e-05
26.4215	19.1174	4.93726	9.82562e-05
18.2554	16.5071	4.85763	9.95607e-05
17.7548	18.7251	4.93035	0.000100308
15.9817	15.8026	4.90133	9.99994e-05
14.6026	21.856	4.98231	0.000102752
17.2541	20.9431	4.96689	0.000101318
17.2998	24.7062	4.98423	0.000103545
15.9817	15.8026	4.90133	9.99994e-05
13.1778	15.9788	4.93929	0.000100821
14.1312	14.0413	4.88899	0.000100148
14.6026	21.856	4.98231	0.000102752
14.7591	18.4213	4.95795	0.000101112
17.2541	20.9431	4.96689	0.000101318
11.4404	21.3083	4.98739	0.000103492
14.001	23.9462	4.98886	0.000104376
10.9756	24.1362	4.99311	0.000105625
30.001	14.922	4.90052	9.7658e-05
30.9096	13.2177	4.8472	9.75898e-05
33.1516	14.0413	4.86618	9.77595e-05
31.7446	16.5071	4.93391	9.79291e-05
30.001	14.922	4.90052	9.7658e-05
33.1516	14.0413	4.86618	9.77595e-05
25.6653	12.8882	4.73545	9.78404e-05
27.0253	10.7509	4.67952	9.78143e-05
28.2875	13.053	4.82942	9.76185e-05
25.6653	12.8882	4.73545	9.78404e-05
28.2875	13.053	4.82942	9.76185e-05
26.3489	16.5071	4.87574	9.79092e-05
33.75	9.60269	0.104338	9.91346e-05
36.25	9.60269	0.0984206	9.91464e-05
35.1085	11.7351	0.177236	9.9236e-05
39.693	16.8552	4.95612	9.96059e-05
41.2166	14.2175	4.91818	9.9022e-05
42.536	16.5071	4.96549	0.000100204
28.8815	20.2128	4.96058	9.81756e-05
26.4215	19.1174	4.93726	9.82562e-05
28.6113	17.5512	4.93366	9.78898e-05
40.625	40	0.221308	0.000158453
43.75	40	4.86514	0.000149339
43.6923	43.1354	0.238115	0.000229075
34.399	40.9798	0.166093	0.000235886
37.5	40	4.77883	0.000166374
37.5191	43.9145	0.142362	0.000352264
40.5769	36.8646	4.91121	0.000122902
43.6827	37.2565	4.93168	0.000123726
40.625	40	0.221308	0.000158453
37.3464	33.7485	4.95954	0.00011078
33.997	31.6326	4.96257	0.000104838
37.1553	30.6708	4.9784	0.000104685
40.625	40	0.221308	0.000158453
37.5	40	4.77883	0.000166374
40.5769	36.8646	4.91121	0.000122902
37.4615	36.8646	4.90681	0.00012673
34.1596	34.7385	4.93209	0.000115267
37.3464	33.7485	4.95954	0.00011078
46.2478	30.8632	4.99311	0.000108128
45.7731	27.8393	4.99601	0.000106194
48.7787	27.6505	4.99667	0.000106619
49.6928	33.7485	4.98869	0.000112029
46.6062	33.7485	4.98636	0.000111484
49.3105	30.6708	4.99434	0.000108453
40.1941	30.6708	4.98601	0.000105812
37.1553	30.6708	4.9784	0.000104685
36.8893	27.6505	4.9839	0.000102156
43.2329	30.6708	4.99038	0.000107078
40.1941	30.6708	4.98601	0.000105812
42.7675	28.0281	4.99406	0.000105278
40.433	33.7485	4.96753	0.00011062
37.3464	33.7485	4.95954	0.00011078
40.1941	30.6708	4.98601	0.000105812
31.3171	35.696	4.88827	0.000123896
31.2019	38.0404	0.235179	0.000157601
28.1154	36.8646	4.85492	0.000143403
33.997	31.6326	4.96257	0.000104838
34.1596	34.7385	4.93209	0.000115267
30.9343	31.8249	4.94997	0.000104214
34.3221	37.8444	4.83956	0.000143566
31.2019	38.0404	0.235179	0.000157601
31.3171	35.696	4.88827	0.000123896
37.5	40	4.77883	0.000166374
34.3221	37.8444	4.83956	0.000143566
37.4615	36.8646	4.90681	0.00012673
34.399	40.9798	0.166093	0.000235886
31.2019	38.0404	0.235179	0.000157601
34.3221	37.8444	4.83956	0.000143566
40.1941	30.6708	4.98601	0.000105812
39.9888	27.0985	4.99151	0.000103563
42.7675	28.0281	4.99406	0.000105278
7.16598	27.6505	4.99687	0.000110879
8.05963	24.7062	4.99583	0.000107035
10.1383	27.6505	4.9943	0.000110104
3.69504	30.482	4.99804	0.000117576
4.19365	27.6505	4.99807	0.000111596
6.70061	30.2933	4.99628	0.000116533
4.97956	24.7062	4.99723	0.000107802
8.05963	24.7062	4.99583	0.000107035
7.16598	27.6505	4.99687	0.000110879
2.71986	21.856	4.99602	0.000106011
4.97956	24.7062	4.99723	0.000107802
1.8995	24.7062	4.99786	0.000108507
14.001	23.9462	4.98886	0.000104376
11.4404	21.3083	4.98739	0.000103492
14.6026	21.856	4.98231	0.000102752
13.1107	27.6505	4.98996	0.000108872
10.9756	24.1362	4.99311	0.000105625
14.001	23.9462	4.98886	0.000104376
8.66123	21.856	4.99235	0.000104643
5.62671	21.6734	4.99448	0.000105269
6.52038	19.1174	4.98821	0.000103673
12.2064	19.1174	4.97613	0.00010217
11.4404	21.3083	4.98739	0.000103492
9.3634	19.1174	4.98338	0.000102986
8.05963	24.7062	4.99583	0.000107035
5.62671	21.6734	4.99448	0.000105269
8.66123	21.856	4.99235	0.000104643
44.3095	21.856	4.99333	0.00010312
41.2294	22.236	4.99118	0.000102238
43.4158	19.3	4.98597	0.000101689
45.7731	27.8393	4.99601	0.000106194
45.0204	24.7062	4.99612	0.000104591
48.1005	24.7062	4.99688	0.000105209
38.8603	24.7062	4.99062	0.000102094
36.8893	27.6505	4.9839	0.000102156
35.7802	24.7062	4.98198	0.000100549
45.7731	27.8393	4.99601	0.000106194
42.7675	28.0281	4.99406	0.000105278
45.0204	24.7062	4.99612	0.000104591
43.2329	30.6708	4.99038	0.000107078
46.2478	30.8632	4.99311	0.000108128
43.5196	33.7485	4.97698	0.000111205
40.433	33.7485	4.96753	0.00011062
43.2329	30.6708	4.99038	0.000107078
43.5196	33.7485	4.97698	0.000111205
42.7675	28.0281	4.99406	0.000105278
45.7731	27.8393	4.99601	0.000106194
43.2329	30.6708	4.99038	0.000107078
41.9404	24.7062	4.99422	0.000103507
42.7675	28.0281	4.99406	0.000105278
39.9888	27.0985	4.99151	0.000103563
45.7731	27.8393	4.99601	0.000106194
46.2478	30.8632	4.99311	0.000108128
43.2329	30.6708	4.99038	0.000107078
8.69678	14.0413	4.9334	0.000101424
5.97957	14.0413	4.95465	0.000101903
7.31021	11.7351	4.88836	0.000101118
10.1618	16.5071	4.96253	0.000101788
8.69678	14.0413	4.9334	0.000101424
11.414	14.0413	4.91249	0.000100824
7.464	16.5071	4.97268	0.000102413
4.76616	16.5071	4.98063	0.000102922
5.97957	14.0413	4.95465	0.000101903
10.1618	16.5071	4.96253	0.000101788
7.464	16.5071	4.97268	0.000102413
8.69678	14.0413	4.9334	0.000101424
10.1618	16.5071	4.96253	0.000101788
9.3634	19.1174	4.98338	0.000102986
7.464	16.5071	4.97268	0.000102413
9.42308	36.8646	4.97912	0.000166102
9.49534	33.1714	4.98733	0.000128094
12.7112	34.5275	4.95985	0.000136504
12.5	40	4.93164	0.000250751
9.36058	39.4121	4.97822	0.000228292
12.5385	36.8646	4.93747	0.000165532
9.36058	39.4121	4.97822	0.000228292
6.30769	36.8646	4.99253	0.00016235
9.42308	36.8646	4.97912	0.000166102
3.19231	36.8646	4.99695	0.000160747
3.40821	33.9432	4.99753	0.000132343
6.30769	36.8646	4.99253	0.00016235
0.076922	36.8646	4.99797	0.000158933
3.19231	36.8646	4.99695	0.000160747
3.125	40	4.99664	0.000234212
0.076922	36.8646	4.99797	0.000158933
0.307214	33.7485	4.99831	0.000131118
3.19231	36.8646	4.99695	0.000160747
6.70061	30.2933	4.99628	0.000116533
9.80591	30.6708	4.99115	0.000117321
9.49534	33.1714	4.98733	0.000128094
2.71986	21.856	4.99602	0.000106011
5.62671	21.6734	4.99448	0.000105269
4.97956	24.7062	4.99723	0.000107802
18.0114	27.1222	4.97954	0.000105492
15.7173	29.727	4.97709	0.000111169
15.2052	26.1784	4.98781	0.000105973
43.5196	33.7485	4.97698	0.000111205
40.5769	36.8646	4.91121	0.000122902
40.433	33.7485	4.96753	0.00011062
49.9231	36.8646	4.97492	0.000121501
46.8029	37.0605	4.96735	0.000120811
49.6928	33.7485	4.98869	0.000112029
43.75	40	4.86514	0.000149339
40.625	40	0.221308	0.000158453
43.6827	37.2565	4.93168	0.000123726
13.1107	27.6505	4.98996	0.000108872
15.7173	29.727	4.97709	0.000111169
12.8447	30.6708	4.98255	0.000115371
10.9756	24.1362	4.99311	0.000105625
13.1107	27.6505	4.98996	0.000108872
10.1383	27.6505	4.9943	0.000110104
15.2052	26.1784	4.98781	0.000105973
17.2998	24.7062	4.98423	0.000103545
18.0114	27.1222	4.97954	0.000105492
14.001	23.9462	4.98886	0.000104376
15.2052	26.1784	4.98781	0.000105973
13.1107	27.6505	4.98996	0.000108872
14.001	23.9462	4.98886	0.000104376
17.2998	24.7062	4.98423	0.000103545
15.2052	26.1784	4.98781	0.000105973
46.6062	33.7485	4.98636	0.000111484
43.6827	37.2565	4.93168	0.000123726
43.5196	33.7485	4.97698	0.000111205
50	40	4.95865	0.00014205
46.8029	37.0605	4.96735	0.000120811
49.9231	36.8646	4.97492	0.000121501
46.8798	40.196	4.9339	0.000153756
43.75	40	4.86514	0.000149339
46.8029	37.0605	4.96735	0.000120811
21.9014	39.3141	0.233733	0.000215499
21.9183	41.7637	4.83992	0.000342322
18.7981	41.9596	0.229724	0.000355297
25	40	4.86297	0.000217384
21.9014	39.3141	0.233733	0.000215499
21.8846	36.8646	4.79923	0.000155594
25	40	4.86297	0.000217384
21.9183	41.7637	4.83992	0.000342322
21.9014	39.3141	0.233733	0.000215499
22.0142	44.8882	4.89398	0.000693821
18.7981	41.9596	0.229724	0.000355297
21.9183	41.7637	4.83992	0.000342322
3.69504	30.482	4.99804	0.000117576
3.40821	33.9432	4.99753	0.000132343
0.68946	30.6708	4.99855	0.000118634
1.22131	27.6505	4.99848	0.000112296
3.69504	30.482	4.99804	0.000117576
0.68946	30.6708	4.99855	0.000118634
6.70061	30.2933	4.99628	0.000116533
6.43263	33.3637	4.99495	0.000128566
3.69504	30.482	4.99804	0.000117576
43.5196	33.7485	4.97698	0.000111205
43.6827	37.2565	4.93168	0.000123726
40.5769	36.8646	4.91121	0.000122902
40.1941	30.6708	4.98601	0.000105812
43.2329	30.6708	4.99038	0.000107078
40.433	33.7485	4.96753	0.00011062
46.6062	33.7485	4.98636	0.000111484
49.6928	33.7485	4.98869	0.000112029
46.8029	37.0605	4.96735	0.000120811
46.2478	30.8632	4.99311	0.000108128
46.6062	33.7485	4.98636	0.000111484
43.5196	33.7485	4.97698	0.000111205
46.2478	30.8632	4.99311	0.000108128
49.3105	30.6708	4.99434	0.000108453
46.6062	33.7485	4.98636	0.000111484
46.8798	40.196	4.9339	0.000153756
46.8029	37.0605	4.96735	0.000120811
50	40	4.95865	0.00014205
9.4375	42.5475	4.98228	0.000433879
6.24038	39.6081	4.99228	0.00022355
9.36058	39.4121	4.97822	0.000228292
9.49534	33.1714	4.98733	0.000128094
9.80591	30.6708	4.99115	0.000117321
12.8447	30.6708	4.98255	0.000115371
12.5385	36.8646	4.93747	0.000165532
9.42308	36.8646	4.97912	0.000166102
12.7112	34.5275	4.95985	0.000136504
6.43263	33.3637	4.99495	0.000128566
6.70061	30.2933	4.99628	0.000116533
9.49534	33.1714	4.98733	0.000128094
4.19365	27.6505	4.99807	0.000111596
4.97956	24.7062	4.99723	0.000107802
7.16598	27.6505	4.99687	0.000110879
1.22131	27.6505	4.99848	0.000112296
4.19365	27.6505	4.99807	0.000111596
3.69504	30.482	4.99804	0.000117576
1.22131	27.6505	4.99848	0.000112296
1.8995	24.7062	4.99786	0.000108507
4.19365	27.6505	4.99807	0.000111596
6.70061	30.2933	4.99628	0.000116533
4.19365	27.6505	4.99807	0.000111596
7.16598	27.6505	4.99687	0.000110879
18.7229	29.5382	4.96146	0.00010874
22.0277	27.6505	4.9668	0.000102922
21.9612	30.6708	4.91826	0.000108095
14.3285	32.6965	4.95904	0.000123459
12.8447	30.6708	4.98255	0.000115371
15.7173	29.727	4.97709	0.000111169
18.6835	32.5943	4.9145	0.000118555
14.3285	32.6965	4.95904	0.000123459
15.7173	29.727	4.97709	0.000111169
15.8122	34.7222	4.90222	0.000135133
12.7112	34.5275	4.95985	0.000136504
14.3285	32.6965	4.95904	0.000123459
18.0114	27.1222	4.97954	0.000105492
20.3799	24.7062	4.97651	0.000101965
22.0277	27.6505	4.9668	0.000102922
3.40821	33.9432	4.99753	0.000132343
3.69504	30.482	4.99804	0.000117576
6.43263	33.3637	4.99495	0.000128566
46.8077	43.1354	4.91069	0.000213023
43.6923	43.1354	0.238115	0.000229075
46.8798	40.196	4.9339	0.000153756
49.9231	43.1354	4.94781	0.000205281
46.8077	43.1354	4.91069	0.000213023
46.8798	40.196	4.9339	0.000153756
46.2717	49.3292	4.95685	0.000731512
49.3105	49.3292	4.96657	0.000641848
48.7787	52.3495	4.96505	0.00140204
43.5196	46.2515	4.87277	0.000405536
46.2717	49.3292	4.95685	0.000731512
43.2329	49.3292	4.92884	0.000865302
40.433	46.2515	4.79418	0.000469019
43.5196	46.2515	4.87277	0.000405536
43.2329	49.3292	4.92884	0.000865302
43.6923	43.1354	0.238115	0.000229075
46.8077	43.1354	4.91069	0.000213023
46.6062	46.2515	4.93166	0.000358535
46.6062	46.2515	4.93166	0.000358535
49.3105	49.3292	4.96657	0.000641848
46.2717	49.3292	4.95685	0.000731512
6.30769	36.8646	4.99253	0.00016235
6.43263	33.3637	4.99495	0.000128566
9.42308	36.8646	4.97912	0.000166102
3.125	40	4.99664	0.000234212
3.19231	36.8646	4.99695	0.000160747
6.24038	39.6081	4.99228	0.00022355
3.40821	33.9432	4.99753	0.000132343
6.43263	33.3637	4.99495	0.000128566
6.30769	36.8646	4.99253	0.00016235
0.307214	33.7485	4.99831	0.000131118
3.40821	33.9432	4.99753	0.000132343
3.19231	36.8646	4.99695	0.000160747
0.307214	33.7485	4.99831	0.000131118
0.68946	30.6708	4.99855	0.000118634
3.40821	33.9432	4.99753	0.000132343
