25	30.6708	4.91479	0.000140781
28.0866	33.7485	4.89468	0.00014834
25.1151	35.3065	0.241863	0.000165101
22.0277	27.6505	4.96661	0.000141744
25	30.6708	4.91479	0.000140781
21.9612	30.6708	4.91708	0.000146689
26.689	28.4246	4.95283	0.000137536
28.269	26.3624	4.95129	0.000136583
30.7452	28.7831	4.9456	0.000137201
25	30.6708	4.91479	0.000140781
26.689	28.4246	4.95283	0.000137536
28.0388	30.6708	4.94012	0.000139074
25.3391	26.1784	4.96741	0.000137877
28.269	26.3624	4.95129	0.000136583
26.689	28.4246	4.95283	0.000137536
28.0388	30.6708	4.94012	0.000139074
30.9343	31.8249	4.94732	0.000140309
28.0866	33.7485	4.89468	0.00014834
22.0277	27.6505	4.96661	0.000141744
26.689	28.4246	4.95283	0.000137536
25	30.6708	4.91479	0.000140781
30.7452	28.7831	4.9456	0.000137201
30.9343	31.8249	4.94732	0.000140309
28.0388	30.6708	4.94012	0.000139074
26.689	28.4246	4.95283	0.000137536
30.7452	28.7831	4.9456	0.000137201
28.0388	30.6708	4.94012	0.000139074
26.1025	23.1861	4.96798	0.000136843
28.269	26.3624	4.95129	0.000136583
25.3391	26.1784	4.96741	0.000137877
29.1279	22.9961	4.96014	0.000136241
32.7002	24.7062	4.95606	0.000137248
31.199	26.5464	0.345582	0.000139038
33.7508	28.5944	4.96331	0.000138761
30.9343	31.8249	4.94732	0.000140309
30.7452	28.7831	4.9456	0.000137201
31.199	26.5464	0.345582	0.000139038
33.7508	28.5944	4.96331	0.000138761
30.7452	28.7831	4.9456	0.000137201
37.4615	36.8646	4.90686	0.000165283
40.433	33.7485	4.96784	0.000150577
40.5769	36.8646	4.91153	0.000162671
36.8893	27.6505	4.98409	0.000141244
37.1553	30.6708	4.9785	0.000143679
33.7508	28.5944	4.96331	0.000138761
36.8893	27.6505	4.98409	0.000141244
39.9888	27.0985	4.99178	0.000143611
40.1941	30.6708	4.98633	0.000145928
34.9506	19.1174	4.96946	0.000137157
34.4425	16.5071	4.93473	0.00013615
37.1403	16.5071	4.93914	0.000136975
38.204	22.4261	4.98794	0.000140238
35.1786	22.6161	4.98074	0.000138303
36.4861	20.8667	4.97961	0.000138512
32.1075	19.1174	4.96474	0.000136172
28.8815	20.2128	4.96089	0.000135884
28.6113	17.5512	4.93402	0.000135498
38.204	22.4261	4.98794	0.000140238
35.7802	24.7062	4.9822	0.000139295
35.1786	22.6161	4.98074	0.000138303
32.7002	24.7062	4.95606	0.000137248
29.1279	22.9961	4.96014	0.000136241
32.4267	21.856	4.97247	0.000136773
45.7731	27.8393	4.99617	0.000147462
48.1005	24.7062	4.99701	0.000146267
48.7787	27.6505	4.99681	0.000148097
38.8603	24.7062	4.99087	0.000141687
41.2294	22.236	4.99137	0.000142001
41.9404	24.7062	4.99443	0.000143798
38.8603	24.7062	4.99087	0.000141687
38.204	22.4261	4.98794	0.000140238
41.2294	22.236	4.99137	0.000142001
36.8893	27.6505	4.98409	0.000141244
38.8603	24.7062	4.99087	0.000141687
39.9888	27.0985	4.99178	0.000143611
35.7802	24.7062	4.9822	0.000139295
38.204	22.4261	4.98794	0.000140238
38.8603	24.7062	4.99087	0.000141687
33.7508	28.5944	4.96331	0.000138761
35.7802	24.7062	4.9822	0.000139295
36.8893	27.6505	4.98409	0.000141244
32.7002	24.7062	4.95606	0.000137248
32.4267	21.856	4.97247	0.000136773
35.1786	22.6161	4.98074	0.000138303
37.7936	19.1174	4.97354	0.000138423
40.5089	19.4825	4.98161	0.00013998
38.204	22.4261	4.98794	0.000140238
35.1786	22.6161	4.98074	0.000138303
32.4267	21.856	4.97247	0.000136773
34.9506	19.1174	4.96946	0.000137157
36.4861	20.8667	4.97961	0.000138512
35.1786	22.6161	4.98074	0.000138303
34.9506	19.1174	4.96946	0.000137157
37.7936	19.1174	4.97354	0.000138423
36.4861	20.8667	4.97961	0.000138512
34.9506	19.1174	4.96946	0.000137157
37.7936	19.1174	4.97354	0.000138423
38.204	22.4261	4.98794	0.000140238
36.4861	20.8667	4.97961	0.000138512
35.7802	24.7062	4.9822	0.000139295
32.7002	24.7062	4.95606	0.000137248
35.1786	22.6161	4.98074	0.000138303
33.7508	28.5944	4.96331	0.000138761
32.7002	24.7062	4.95606	0.000137248
35.7802	24.7062	4.9822	0.000139295
29.1279	22.9961	4.96014	0.000136241
28.8815	20.2128	4.96089	0.000135884
32.4267	21.856	4.97247	0.000136773
37.1403	16.5071	4.93914	0.000136975
39.693	16.8552	4.95629	0.000138058
37.7936	19.1174	4.97354	0.000138423
44.3095	21.856	4.99347	0.000143279
47.2801	21.856	4.99509	0.000144235
45.0204	24.7062	4.99627	0.00014538
41.9404	24.7062	4.99443	0.000143798
44.3095	21.856	4.99347	0.000143279
45.0204	24.7062	4.99627	0.00014538
43.4158	19.3	4.9861	0.000141156
46.3226	19.1174	4.98949	0.00014203
44.3095	21.856	4.99347	0.000143279
28.0866	46.2515	4.88591	0.00103489
31.0776	49.3292	4.83865	0.00236655
28.0388	49.3292	4.88605	0.00255675
25	43.1354	4.90011	0.000490762
28.1154	43.1354	4.85036	0.000503388
28.0866	46.2515	4.88591	0.00103489
37.3464	46.2515	0.15973	0.000651508
34.3294	43.6157	0.13135	0.00044028
37.5191	43.9145	0.142463	0.000394329
31.226	43.7137	0.184691	0.000528629
31.2788	41.1758	0.178725	0.000316799
34.3294	43.6157	0.13135	0.00044028
28.0866	46.2515	4.88591	0.00103489
31.226	43.7137	0.184691	0.000528629
31.1732	46.2515	4.7781	0.000993777
28.1154	43.1354	4.85036	0.000503388
31.2788	41.1758	0.178725	0.000316799
31.226	43.7137	0.184691	0.000528629
25	46.2515	4.91306	0.000942325
25	43.1354	4.90011	0.000490762
28.0866	46.2515	4.88591	0.00103489
28.125	40	4.83259	0.000265422
31.2788	41.1758	0.178725	0.000316799
28.1154	43.1354	4.85036	0.000503388
28.125	40	4.83259	0.000265422
31.2019	38.0404	0.232864	0.000194074
31.2788	41.1758	0.178725	0.000316799
31.2019	38.0404	0.232864	0.000194074
34.399	40.9798	0.165801	0.000276729
31.2788	41.1758	0.178725	0.000316799
28.0866	33.7485	4.89468	0.00014834
31.3171	35.696	4.8845	0.000159403
28.1154	36.8646	4.84768	0.000178941
37.3464	33.7485	4.95956	0.00014955
37.1553	30.6708	4.9785	0.000143679
40.1941	30.6708	4.98633	0.000145928
37.4615	36.8646	4.90686	0.000165283
37.3464	33.7485	4.95956	0.00014955
40.433	33.7485	4.96784	0.000150577
37.4615	36.8646	4.90686	0.000165283
34.3221	37.8444	4.83832	0.00018056
34.1596	34.7385	4.93073	0.000152339
34.1596	34.7385	4.93073	0.000152339
33.997	31.6326	4.96164	0.000142315
37.3464	33.7485	4.95956	0.00014955
31.3171	35.696	4.8845	0.000159403
34.1596	34.7385	4.93073	0.000152339
34.3221	37.8444	4.83832	0.00018056
31.3171	35.696	4.8845	0.000159403
30.9343	31.8249	4.94732	0.000140309
34.1596	34.7385	4.93073	0.000152339
30.9343	31.8249	4.94732	0.000140309
33.7508	28.5944	4.96331	0.000138761
33.997	31.6326	4.96164	0.000142315
40.433	46.2515	4.79415	0.000511995
40.6201	43.7197	0.185233	0.000327854
43.5196	46.2515	4.87281	0.000450176
46.8029	37.0605	4.96753	0.000162363
43.75	40	4.86536	0.000190252
43.6827	37.2565	4.93193	0.000164507
49.9231	43.1354	4.94796	0.00025075
46.8798	40.196	4.93407	0.000198315
50	40	4.95882	0.000184154
49.9231	43.1354	4.94796	0.00025075
49.6928	46.2515	4.95606	0.000378221
46.8077	43.1354	4.91085	0.000258125
25	43.1354	4.90011	0.000490762
25	46.2515	4.91306	0.000942325
22.0142	44.8882	4.89476	0.000711865
25	40	4.86059	0.000265267
25	43.1354	4.90011	0.000490762
21.9183	41.7637	4.8407	0.000404704
25	40	4.86059	0.000265267
28.1154	43.1354	4.85036	0.000503388
25	43.1354	4.90011	0.000490762
31.2019	38.0404	0.232864	0.000194074
28.125	40	4.83259	0.000265422
28.1154	36.8646	4.84768	0.000178941
28.1154	43.1354	4.85036	0.000503388
31.226	43.7137	0.184691	0.000528629
28.0866	46.2515	4.88591	0.00103489
18.7981	41.9596	0.23105	0.000428048
15.601	39.0202	0.242806	0.000268042
18.7212	38.8242	0.204349	0.000257789
17.2523	44.2036	4.88746	0.000718711
15.7402	46.2515	4.94074	0.00125731
14.1489	44.3016	4.94614	0.00078634
18.7981	41.9596	0.23105	0.000428048
17.2523	44.2036	4.88746	0.000718711
15.6779	42.1556	4.8756	0.000477363
18.8268	46.2515	4.90562	0.00100188
15.7402	46.2515	4.94074	0.00125731
17.2523	44.2036	4.88746	0.000718711
21.7462	47.598	4.87725	0.00141731
18.8268	46.2515	4.90562	0.00100188
22.0142	44.8882	4.89476	0.000711865
21.7462	47.598	4.87725	0.00141731
18.9224	49.3292	4.85932	0.00256701
18.8268	46.2515	4.90562	0.00100188
15.6779	42.1556	4.8756	0.000477363
15.601	39.0202	0.242806	0.000268042
18.7981	41.9596	0.23105	0.000428048
18.8268	46.2515	4.90562	0.00100188
17.2523	44.2036	4.88746	0.000718711
18.7981	41.9596	0.23105	0.000428048
14.1489	44.3016	4.94614	0.00078634
12.6536	46.2515	4.97254	0.00121023
12.5577	42.3516	4.95279	0.000479117
15.6779	42.1556	4.8756	0.000477363
14.1489	44.3016	4.94614	0.00078634
12.5577	42.3516	4.95279	0.000479117
15.7402	46.2515	4.94074	0.00125731
12.6536	46.2515	4.97254	0.00121023
14.1489	44.3016	4.94614	0.00078634
12.7118	50.0843	4.96581	0.00376953
12.6536	46.2515	4.97254	0.00121023
15.8835	49.3292	4.93422	0.002872
16.083	52.3495	4.88708	0.00773012
13.1107	52.3495	4.9456	0.00737833
15.8835	49.3292	4.93422	0.002872
18.9224	49.3292	4.85932	0.00256701
16.083	52.3495	4.88708	0.00773012
15.8835	49.3292	4.93422	0.002872
13.1107	52.3495	4.9456	0.00737833
10.6893	54.7417	4.92344	0.0135364
10.1383	52.3495	4.9636	0.00671388
15.8835	49.3292	4.93422	0.002872
13.1107	52.3495	4.9456	0.00737833
12.7118	50.0843	4.96581	0.00376953
14.2198	55.2938	4.89025	0.0191685
10.6893	54.7417	4.92344	0.0135364
13.1107	52.3495	4.9456	0.00737833
17.0264	56.2438	4.8341	0.0293013
14.2198	55.2938	4.89025	0.0191685
16.083	52.3495	4.88708	0.00773012
17.2808	59.0298	4.74041	0.0720048
17.5295	61.7527	0.0858345	4.61932
15.0494	60.8826	0.105789	0.0779301
17.0264	56.2438	4.8341	0.0293013
17.2808	59.0298	4.74041	0.0720048
14.6026	58.144	4.77877	0.0420026
17.0264	56.2438	4.8341	0.0293013
20.0518	56.4338	4.77554	0.0331844
17.2808	59.0298	4.74041	0.0720048
7.16598	52.3495	4.97169	0.00630744
8.05963	55.2938	4.92389	0.0152218
4.92487	55.4838	4.93365	0.0165454
6.76709	49.3292	4.98778	0.00258729
7.16598	52.3495	4.97169	0.00630744
4.19365	52.3495	4.97641	0.00598611
10.1383	52.3495	4.9636	0.00671388
8.05963	55.2938	4.92389	0.0152218
7.16598	52.3495	4.97169	0.00630744
12.7118	50.0843	4.96581	0.00376953
10.1383	52.3495	4.9636	0.00671388
9.70619	49.8955	4.9806	0.00328866
10.6893	54.7417	4.92344	0.0135364
8.05963	55.2938	4.92389	0.0152218
10.1383	52.3495	4.9636	0.00671388
12.5577	42.3516	4.95279	0.000479117
12.5	40	4.93192	0.000299036
15.6779	42.1556	4.8756	0.000477363
9.61019	45.6673	4.9875	0.000964355
12.5577	42.3516	4.95279	0.000479117
12.6536	46.2515	4.97254	0.00121023
9.61019	45.6673	4.9875	0.000964355
6.31731	42.7435	4.99291	0.000468826
9.4375	42.5475	4.98247	0.000487569
-3.10282e-28	40	4.9976	0.000295411
3.125	40	4.9966	0.000281571
3.19711	42.9395	4.99622	0.000483848
-3.10282e-28	40	4.9976	0.000295411
0.076922	36.8646	4.99793	0.000205139
3.125	40	4.9966	0.000281571
46.6062	46.2515	4.93176	0.00040448
46.2717	49.3292	4.9569	0.000778473
43.5196	46.2515	4.87281	0.000450176
43.6923	43.1354	0.23822	0.000273837
46.6062	46.2515	4.93176	0.00040448
43.5196	46.2515	4.87281	0.000450176
49.6928	46.2515	4.95606	0.000378221
49.3105	49.3292	4.96666	0.000689237
46.6062	46.2515	4.93176	0.00040448
27.4517	72.3429	0.00278918	0.0236139
25	72.3429	0.00284843	0.0292515
27.0253	69.2491	0.00679922	0.0553706
24.7277	76.3587	0.00107637	0.00979143
26.189	74.0896	0.00178323	0.0162204
27.2733	75.6267	0.00124143	0.0101664
24.7277	76.3587	0.00107637	0.00979143
23.0327	74.7883	0.00158165	0.0167615
26.189	74.0896	0.00178323	0.0162204
23.0339	79.8761	0.000772142	0.00653684
21.0802	79.5053	0.000880935	0.00758947
21.6827	78.0345	0.000919106	0.00813375
19.6759	76.9444	0.00115545	0.0100119
19.0551	74.0896	0.00210387	0.0201654
21.4331	74.0896	0.00195943	0.0216174
19.6759	76.9444	0.00115545	0.0100119
18.1801	75.6267	0.00161535	0.0136166
19.0551	74.0896	0.00210387	0.0201654
21.4331	74.0896	0.00195943	0.0216174
23.0327	74.7883	0.00158165	0.0167615
22.3999	76.5052	0.00112616	0.0108716
20.0967	72.3429	0.00318892	0.0373576
22.5483	72.3429	0.00306706	0.0388524
21.4331	74.0896	0.00195943	0.0216174
16.5527	73.7985	0.00243564	0.018166
17.645	72.3429	0.00324249	0.027008
19.0551	74.0896	0.00210387	0.0201654
19.193	69.7412	0.00664127	0.067136
21.8037	69.5771	0.0068541	4.50761
20.0967	72.3429	0.00318892	0.0373576
21.8037	69.5771	0.0068541	4.50761
23.75	70.3973	0.0053022	0.0592841
22.5483	72.3429	0.00306706	0.0388524
21.6827	78.0345	0.000919106	0.00813375
19.1515	78.89	0.0010188	0.00850678
19.6759	76.9444	0.00115545	0.0100119
22.3999	76.5052	0.00112616	0.0108716
19.6759	76.9444	0.00115545	0.0100119
21.4331	74.0896	0.00195943	0.0216174
22.3999	76.5052	0.00112616	0.0108716
21.6827	78.0345	0.000919106	0.00813375
19.6759	76.9444	0.00115545	0.0100119
24.7277	76.3587	0.00107637	0.00979143
22.3999	76.5052	0.00112616	0.0108716
23.0327	74.7883	0.00158165	0.0167615
24.7277	76.3587	0.00107637	0.00979143
24.9752	78.5234	0.000793484	0.00656356
23.329	78.279	0.000842763	0.00733709
21.0802	79.5053	0.000880935	0.00758947
19.1515	78.89	0.0010188	0.00850678
21.6827	78.0345	0.000919106	0.00813375
25	80	0.000751609	0.00610503
24.9752	78.5234	0.000793484	0.00656356
26.9661	79.8761	0.000737689	0.00558196
19.6759	76.9444	0.00115545	0.0100119
19.1515	78.89	0.0010188	0.00850678
17.2597	78.0345	0.0012754	0.0100375
28.3173	78.0345	0.000845949	0.00616093
30.8485	78.89	0.000924071	0.00601796
28.9198	79.5053	0.000812697	0.00575345
18.1801	75.6267	0.00161535	0.0136166
19.6759	76.9444	0.00115545	0.0100119
17.2597	78.0345	0.0012754	0.0100375
15.4167	76.9444	0.00164802	0.011722
18.1801	75.6267	0.00161535	0.0136166
17.2597	78.0345	0.0012754	0.0100375
23.0327	74.7883	0.00158165	0.0167615
21.4331	74.0896	0.00195943	0.0216174
22.5483	72.3429	0.00306706	0.0388524
15.4167	76.9444	0.00164802	0.011722
16.5527	73.7985	0.00243564	0.018166
18.1801	75.6267	0.00161535	0.0136166
20.0967	72.3429	0.00318892	0.0373576
21.8037	69.5771	0.0068541	4.50761
22.5483	72.3429	0.00306706	0.0388524
15.4167	76.9444	0.00164802	0.011722
13.6336	75.6267	0.00242443	0.0156108
14.237	73.9441	0.00277445	0.0177612
29.3832	76.0659	0.00116328	0.00836544
31.3712	77.1646	0.00109286	0.00697191
28.3173	78.0345	0.000845949	0.00616093
31.9219	75.3472	0.00146148	0.00918761
34.5833	76.9444	0.00142627	0.00788602
32.7403	78.0345	0.00110351	0.0066627
14.237	73.9441	0.00277445	0.0177612
11.9212	74.0896	0.003471	0.0203904
12.7417	72.3429	0.00410206	0.0236786
11.25	70.3973	0.00696114	0.0371951
12.7417	72.3429	0.00410206	0.0236786
10.2901	72.3429	0.00550917	0.030221
17.645	72.3429	0.00324249	0.027008
16.5527	73.7985	0.00243564	0.018166
15.1934	72.3429	0.0034536	0.0226681
19.193	69.7412	0.00664127	0.067136
17.645	72.3429	0.00324249	0.027008
16.25	70.3973	0.00515165	0.0347185
20.0967	72.3429	0.00318892	0.0373576
19.0551	74.0896	0.00210387	0.0201654
17.645	72.3429	0.00324249	0.027008
19.0551	74.0896	0.00210387	0.0201654
18.1801	75.6267	0.00161535	0.0136166
16.5527	73.7985	0.00243564	0.018166
32.355	72.3429	0.00285281	0.0182493
34.8066	72.3429	0.00321552	0.0172181
33.3228	74.0896	0.00199512	0.011634
33.3228	74.0896	0.00199512	0.011634
31.9219	75.3472	0.00146148	0.00918761
30.9297	73.8705	0.00190802	0.0131677
35.7008	74.0896	0.00242597	0.0124353
33.3228	74.0896	0.00199512	0.011634
34.8066	72.3429	0.00321552	0.0172181
34.5833	76.9444	0.00142627	0.00788602
31.9219	75.3472	0.00146148	0.00918761
33.3228	74.0896	0.00199512	0.011634
17.4187	68.2649	0.00960131	0.0662638
14.8915	68.2649	0.00833186	0.0467804
16.8484	65.9587	0.0181801	0.152304
16.25	70.3973	0.00515165	0.0347185
13.513	70.6966	0.00517614	0.0293861
14.8915	68.2649	0.00833186	0.0467804
19.193	69.7412	0.00664127	0.067136
16.25	70.3973	0.00515165	0.0347185
17.4187	68.2649	0.00960131	0.0662638
15.1934	72.3429	0.0034536	0.0226681
14.237	73.9441	0.00277445	0.0177612
12.7417	72.3429	0.00410206	0.0236786
17.645	72.3429	0.00324249	0.027008
15.1934	72.3429	0.0034536	0.0226681
16.25	70.3973	0.00515165	0.0347185
16.5527	73.7985	0.00243564	0.018166
14.237	73.9441	0.00277445	0.0177612
15.1934	72.3429	0.0034536	0.0226681
12.7417	72.3429	0.00410206	0.0236786
11.25	70.3973	0.00696114	0.0371951
13.513	70.6966	0.00517614	0.0293861
8.74996	70.3973	0.00954959	0.0511024
11.25	70.3973	0.00696114	0.0371951
10.2901	72.3429	0.00550917	0.030221
12.3644	68.2649	0.00986904	0.0503855
13.846	66.4528	0.0144993	0.0592811
14.8915	68.2649	0.00833186	0.0467804
9.83732	68.2649	0.0130628	0.0727254
12.3644	68.2649	0.00986904	0.0503855
11.25	70.3973	0.00696114	0.0371951
9.83732	68.2649	0.0130628	0.0727254
11.414	65.9587	0.0202013	0.286411
12.3644	68.2649	0.00986904	0.0503855
9.83732	68.2649	0.0130628	0.0727254
11.25	70.3973	0.00696114	0.0371951
8.74996	70.3973	0.00954959	0.0511024
14.8915	68.2649	0.00833186	0.0467804
13.513	70.6966	0.00517614	0.0293861
12.3644	68.2649	0.00986904	0.0503855
15.1934	72.3429	0.0034536	0.0226681
12.7417	72.3429	0.00410206	0.0236786
13.513	70.6966	0.00517614	0.0293861
15.4167	76.9444	0.00164802	0.011722
14.237	73.9441	0.00277445	0.0177612
16.5527	73.7985	0.00243564	0.018166
13.6336	75.6267	0.00242443	0.0156108
11.9212	74.0896	0.003471	0.0203904
14.237	73.9441	0.00277445	0.0177612
11.9212	74.0896	0.003471	0.0203904
10.2901	72.3429	0.00550917	0.030221
12.7417	72.3429	0.00410206	0.0236786
7.31021	68.2649	0.0176728	0.101955
9.83732	68.2649	0.0130628	0.0727254
8.74996	70.3973	0.00954959	0.0511024
7.31021	68.2649	0.0176728	0.101955
5.97957	65.9587	0.034896	4.63371
8.78345	65.7825	0.0273133	4.58188
28.3173	78.0345	0.000845949	0.00616093
28.9198	79.5053	0.000812697	0.00575345
26.9661	79.8761	0.000737689	0.00558196
31.3712	77.1646	0.00109286	0.00697191
31.9219	75.3472	0.00146148	0.00918761
32.7403	78.0345	0.00110351	0.0066627
28.3173	78.0345	0.000845949	0.00616093
31.3712	77.1646	0.00109286	0.00697191
30.8485	78.89	0.000924071	0.00601796
29.3832	76.0659	0.00116328	0.00836544
31.9219	75.3472	0.00146148	0.00918761
31.3712	77.1646	0.00109286	0.00697191
27.2733	75.6267	0.00124143	0.0101664
29.3832	76.0659	0.00116328	0.00836544
28.3173	78.0345	0.000845949	0.00616093
28.5669	74.0896	0.00176541	0.0138646
29.9033	72.3429	0.00276382	0.0211887
30.9297	73.8705	0.00190802	0.0131677
27.2733	75.6267	0.00124143	0.0101664
28.5669	74.0896	0.00176541	0.0138646
29.3832	76.0659	0.00116328	0.00836544
27.2733	75.6267	0.00124143	0.0101664
26.189	74.0896	0.00178323	0.0162204
28.5669	74.0896	0.00176541	0.0138646
26.2439	77.6257	0.000873146	0.00707225
27.2733	75.6267	0.00124143	0.0101664
28.3173	78.0345	0.000845949	0.00616093
26.9661	79.8761	0.000737689	0.00558196
26.2439	77.6257	0.000873146	0.00707225
28.3173	78.0345	0.000845949	0.00616093
24.9752	78.5234	0.000793484	0.00656356
24.7277	76.3587	0.00107637	0.00979143
26.2439	77.6257	0.000873146	0.00707225
31.0572	70.658	0.00432606	0.0327421
30.0542	68.2649	0.00874241	4.39948
32.2468	68.921	0.00695324	0.044398
31.0572	70.658	0.00432606	0.0327421
28.75	70.3973	0.00481752	0.0401127
30.0542	68.2649	0.00874241	4.39948
33.75	70.3973	0.00492349	0.0267036
31.0572	70.658	0.00432606	0.0327421
32.2468	68.921	0.00695324	0.044398
29.9033	72.3429	0.00276382	0.0211887
28.75	70.3973	0.00481752	0.0401127
31.0572	70.658	0.00432606	0.0327421
30.9297	73.8705	0.00190802	0.0131677
29.9033	72.3429	0.00276382	0.0211887
32.355	72.3429	0.00285281	0.0182493
33.3228	74.0896	0.00199512	0.011634
30.9297	73.8705	0.00190802	0.0131677
32.355	72.3429	0.00285281	0.0182493
31.9219	75.3472	0.00146148	0.00918761
29.3832	76.0659	0.00116328	0.00836544
30.9297	73.8705	0.00190802	0.0131677
28.5669	74.0896	0.00176541	0.0138646
26.189	74.0896	0.00178323	0.0162204
27.4517	72.3429	0.00278918	0.0236139
25	72.3429	0.00284843	0.0292515
23.75	70.3973	0.0053022	0.0592841
27.0253	69.2491	0.00679922	0.0553706
26.9661	79.8761	0.000737689	0.00558196
24.9752	78.5234	0.000793484	0.00656356
26.2439	77.6257	0.000873146	0.00707225
27.0253	69.2491	0.00679922	0.0553706
24.3347	67.1118	0.0142314	0.112901
26.9568	67.2765	0.0123919	0.0817571
19.0904	66.7823	0.0167137	0.115353
19.999	65.078	0.0311672	4.65838
22.2828	65.9587	0.0215652	4.65829
17.4187	68.2649	0.00960131	0.0662638
19.0904	66.7823	0.0167137	0.115353
19.193	69.7412	0.00664127	0.067136
17.4187	68.2649	0.00960131	0.0662638
16.8484	65.9587	0.0181801	0.152304
19.0904	66.7823	0.0167137	0.115353
27.4517	72.3429	0.00278918	0.0236139
28.75	70.3973	0.00481752	0.0401127
29.9033	72.3429	0.00276382	0.0211887
28.5669	74.0896	0.00176541	0.0138646
27.4517	72.3429	0.00278918	0.0236139
29.9033	72.3429	0.00276382	0.0211887
26.189	74.0896	0.00178323	0.0162204
25	72.3429	0.00284843	0.0292515
27.4517	72.3429	0.00278918	0.0236139
27.0253	69.2491	0.00679922	0.0553706
26.9568	67.2765	0.0123919	0.0817571
30.0542	68.2649	0.00874241	4.39948
27.4517	72.3429	0.00278918	0.0236139
27.0253	69.2491	0.00679922	0.0553706
28.75	70.3973	0.00481752	0.0401127
23.75	70.3973	0.0053022	0.0592841
24.3347	67.1118	0.0142314	0.112901
27.0253	69.2491	0.00679922	0.0553706
34.8233	67.7707	0.0107316	0.0462733
37.4455	67.9354	0.0119986	4.3412
36.25	70.3973	0.00567229	0.0299775
31.3712	77.1646	0.00109286	0.00697191
32.7403	78.0345	0.00110351	0.0066627
30.8485	78.89	0.000924071	0.00601796
23.329	78.279	0.000842763	0.00733709
22.3999	76.5052	0.00112616	0.0108716
24.7277	76.3587	0.00107637	0.00979143
23.0339	79.8761	0.000772142	0.00653684
23.329	78.279	0.000842763	0.00733709
24.9752	78.5234	0.000793484	0.00656356
21.6827	78.0345	0.000919106	0.00813375
22.3999	76.5052	0.00112616	0.0108716
23.329	78.279	0.000842763	0.00733709
21.6827	78.0345	0.000919106	0.00813375
23.329	78.279	0.000842763	0.00733709
23.0339	79.8761	0.000772142	0.00653684
25	72.3429	0.00284843	0.0292515
26.189	74.0896	0.00178323	0.0162204
23.0327	74.7883	0.00158165	0.0167615
27.2733	75.6267	0.00124143	0.0101664
26.2439	77.6257	0.000873146	0.00707225
24.7277	76.3587	0.00107637	0.00979143
25	80	0.000751609	0.00610503
23.0339	79.8761	0.000772142	0.00653684
24.9752	78.5234	0.000793484	0.00656356
35.7008	74.0896	0.00242597	0.0124353
37.3942	72.4885	0.00389166	0.0183382
38.0788	74.0896	0.00323542	0.0151305
34.5833	76.9444	0.00142627	0.00788602
35.7008	74.0896	0.00242597	0.0124353
36.3664	75.6267	0.0021529	0.0109975
34.8066	72.3429	0.00321552	0.0172181
37.3942	72.4885	0.00389166	0.0183382
35.7008	74.0896	0.00242597	0.0124353
34.5833	76.9444	0.00142627	0.00788602
33.3228	74.0896	0.00199512	0.011634
35.7008	74.0896	0.00242597	0.0124353
33.75	70.3973	0.00492349	0.0267036
36.25	70.3973	0.00567229	0.0299775
34.8066	72.3429	0.00321552	0.0172181
35.7008	74.0896	0.00242597	0.0124353
38.0788	74.0896	0.00323542	0.0151305
36.3664	75.6267	0.0021529	0.0109975
37.4455	67.9354	0.0119986	4.3412
38.75	70.3973	0.00698601	0.0299524
36.25	70.3973	0.00567229	0.0299775
39.7099	72.3429	0.0053421	0.0217625
38.0788	74.0896	0.00323542	0.0151305
37.3942	72.4885	0.00389166	0.0183382
36.25	70.3973	0.00567229	0.0299775
33.75	70.3973	0.00492349	0.0267036
34.8233	67.7707	0.0107316	0.0462733
37.3942	72.4885	0.00389166	0.0183382
36.25	70.3973	0.00567229	0.0299775
38.75	70.3973	0.00698601	0.0299524
37.3942	72.4885	0.00389166	0.0183382
34.8066	72.3429	0.00321552	0.0172181
36.25	70.3973	0.00567229	0.0299775
15.5575	63.4929	0.0458992	1.17499
16.8484	65.9587	0.0181801	0.152304
13.846	66.4528	0.0144993	0.0592811
11.414	65.9587	0.0202013	0.286411
12.8597	63.4929	0.0412396	0.0702747
13.846	66.4528	0.0144993	0.0592811
15.0494	60.8826	0.105789	0.0779301
17.5295	61.7527	0.0858345	4.61932
15.5575	63.4929	0.0458992	1.17499
15.5575	63.4929	0.0458992	1.17499
17.5295	61.7527	0.0858345	4.61932
16.8484	65.9587	0.0181801	0.152304
11.6319	58.144	3.68264	0.0343492
14.6026	58.144	4.77877	0.0420026
12.3979	60.3349	0.116117	0.11308
14.6026	58.144	4.77877	0.0420026
17.2808	59.0298	4.74041	0.0720048
15.0494	60.8826	0.105789	0.0779301
20.363	63.0044	0.0619532	4.67223
19.999	65.078	0.0311672	4.65838
17.5295	61.7527	0.0858345	4.61932
20.7355	60.8826	0.11636	4.59942
20.363	63.0044	0.0619532	4.67223
17.5295	61.7527	0.0858345	4.61932
20.7355	60.8826	0.11636	4.59942
23.0704	62.1007	0.0770986	0.135675
20.363	63.0044	0.0619532	4.67223
11.6319	58.144	3.68264	0.0343492
10.6893	54.7417	4.92344	0.0135364
14.2198	55.2938	4.89025	0.0191685
9.3634	60.8826	0.108128	0.0644386
11.6319	58.144	3.68264	0.0343492
12.3979	60.3349	0.116117	0.11308
8.66123	58.144	4.80013	0.0330852
10.6893	54.7417	4.92344	0.0135364
11.6319	58.144	3.68264	0.0343492
5.69054	58.144	4.83026	0.0393173
4.92487	55.4838	4.93365	0.0165454
8.05963	55.2938	4.92389	0.0152218
6.4478	61.0566	0.118737	0.0787737
5.69054	58.144	4.83026	0.0393173
8.66123	58.144	4.80013	0.0330852
3.67737	60.8826	0.151912	4.4522
2.71986	58.144	4.86682	0.0374166
5.69054	58.144	4.83026	0.0393173
36.8222	64.0212	0.0359365	0.0475815
39.6261	63.8451	0.0437733	0.0403441
38.586	65.9587	0.022133	0.0440348
34.1521	62.7968	0.046677	4.44187
36.8222	64.0212	0.0359365	0.0475815
35.8688	65.9587	0.0189071	0.0530885
37.7936	60.8826	0.104474	0.0277185
39.6261	63.8451	0.0437733	0.0403441
36.8222	64.0212	0.0359365	0.0475815
38.75	70.3973	0.00698601	0.0299524
40.1627	68.2649	0.0132574	0.0370488
41.25	70.3973	0.00937749	0.0269024
37.3942	72.4885	0.00389166	0.0183382
38.75	70.3973	0.00698601	0.0299524
39.7099	72.3429	0.0053421	0.0217625
37.4455	67.9354	0.0119986	4.3412
40.1627	68.2649	0.0132574	0.0370488
38.75	70.3973	0.00698601	0.0299524
35.8688	65.9587	0.0189071	0.0530885
37.4455	67.9354	0.0119986	4.3412
34.8233	67.7707	0.0107316	0.0462733
33.1516	65.9587	0.016687	0.0645956
35.8688	65.9587	0.0189071	0.0530885
34.8233	67.7707	0.0107316	0.0462733
34.1521	62.7968	0.046677	4.44187
34.9506	60.8826	0.0836272	0.0517363
36.8222	64.0212	0.0359365	0.0475815
38.75	70.3973	0.00698601	0.0299524
41.25	70.3973	0.00937749	0.0269024
39.7099	72.3429	0.0053421	0.0217625
38.586	65.9587	0.022133	0.0440348
40.1627	68.2649	0.0132574	0.0370488
37.4455	67.9354	0.0119986	4.3412
41.3032	65.9587	0.0263123	0.0417915
42.6898	68.2649	0.0173974	0.0334763
40.1627	68.2649	0.0132574	0.0370488
41.3032	65.9587	0.0263123	0.0417915
44.0204	65.9587	0.0338518	0.0475423
42.6898	68.2649	0.0173974	0.0334763
41.25	70.3973	0.00937749	0.0269024
40.1627	68.2649	0.0132574	0.0370488
42.6898	68.2649	0.0173974	0.0334763
36.8222	64.0212	0.0359365	0.0475815
34.9506	60.8826	0.0836272	0.0517363
37.7936	60.8826	0.104474	0.0277185
2.71986	58.144	4.86682	0.0374166
4.92487	55.4838	4.93365	0.0165454
5.69054	58.144	4.83026	0.0393173
8.66123	58.144	4.80013	0.0330852
8.05963	55.2938	4.92389	0.0152218
10.6893	54.7417	4.92344	0.0135364
6.4478	61.0566	0.118737	0.0787737
8.66123	58.144	4.80013	0.0330852
9.3634	60.8826	0.108128	0.0644386
5.69054	58.144	4.83026	0.0393173
8.05963	55.2938	4.92389	0.0152218
8.66123	58.144	4.80013	0.0330852
1.8995	55.2938	4.95009	0.013591
4.92487	55.4838	4.93365	0.0165454
2.71986	58.144	4.86682	0.0374166
1.8995	55.2938	4.95009	0.013591
1.22131	52.3495	4.98017	0.00525241
4.19365	52.3495	4.97641	0.00598611
41.3032	65.9587	0.0263123	0.0417915
42.43	63.669	0.0535762	4.34678
44.0204	65.9587	0.0338518	0.0475423
43.4796	60.8826	0.123431	0.0284712
40.6366	60.8826	0.11507	0.0286
41.4664	58.5091	4.78835	0.0135824
45.2338	63.4929	0.068832	0.0438164
43.4796	60.8826	0.123431	0.0284712
46.3226	60.8826	0.145758	0.0196757
42.43	63.669	0.0535762	4.34678
40.6366	60.8826	0.11507	0.0286
43.4796	60.8826	0.123431	0.0284712
41.4664	58.5091	4.78835	0.0135824
38.5596	58.6917	4.75505	0.016216
38.8603	55.2938	4.89006	0.00616776
46.3226	60.8826	0.145758	0.0196757
43.4796	60.8826	0.123431	0.0284712
44.2548	57.954	4.83252	0.0099548
42.43	63.669	0.0535762	4.34678
39.6261	63.8451	0.0437733	0.0403441
40.6366	60.8826	0.11507	0.0286
44.0204	65.9587	0.0338518	0.0475423
42.43	63.669	0.0535762	4.34678
45.2338	63.4929	0.068832	0.0438164
36.8222	64.0212	0.0359365	0.0475815
38.586	65.9587	0.022133	0.0440348
35.8688	65.9587	0.0189071	0.0530885
40.6366	60.8826	0.11507	0.0286
39.6261	63.8451	0.0437733	0.0403441
37.7936	60.8826	0.104474	0.0277185
38.586	65.9587	0.022133	0.0440348
37.4455	67.9354	0.0119986	4.3412
35.8688	65.9587	0.0189071	0.0530885
41.3032	65.9587	0.0263123	0.0417915
38.586	65.9587	0.022133	0.0440348
39.6261	63.8451	0.0437733	0.0403441
41.3032	65.9587	0.0263123	0.0417915
40.1627	68.2649	0.0132574	0.0370488
38.586	65.9587	0.022133	0.0440348
32.2468	68.921	0.00695324	0.044398
30.4344	65.9587	0.0162358	0.0762101
33.1516	65.9587	0.016687	0.0645956
21.7285	50.6506	0.217279	0.0041783
19.0553	52.3495	0.217452	0.00760917
18.9224	49.3292	4.85932	0.00256701
21.7462	47.598	4.87725	0.00141731
21.7285	50.6506	0.217279	0.0041783
18.9224	49.3292	4.85932	0.00256701
15.8835	49.3292	4.93422	0.002872
18.8268	46.2515	4.90562	0.00100188
18.9224	49.3292	4.85932	0.00256701
22.0142	44.8882	4.89476	0.000711865
25	46.2515	4.91306	0.000942325
21.7462	47.598	4.87725	0.00141731
24.7341	50.8393	4.81392	0.00417711
22.4091	54.0056	0.172504	0.0138892
21.7285	50.6506	0.217279	0.0041783
26.54	55.2938	0.194791	0.0204478
26.4853	58.144	4.69192	0.0514374
23.0771	56.6239	4.74237	0.0323945
30.9447	52.3495	4.8552	0.00570404
29.6201	55.2938	4.7814	0.015252
27.9723	52.3495	4.83475	0.00671991
26.4853	58.144	4.69192	0.0514374
26.4215	60.8826	0.0924257	4.53053
24.0253	59.6046	4.6685	0.080623
29.6201	55.2938	4.7814	0.015252
26.4853	58.144	4.69192	0.0514374
26.54	55.2938	0.194791	0.0204478
29.6201	55.2938	4.7814	0.015252
32.1533	57.1939	0.165455	0.0254962
29.839	59.2394	0.110025	0.0565418
17.2808	59.0298	4.74041	0.0720048
20.7355	60.8826	0.11636	4.59942
17.5295	61.7527	0.0858345	4.61932
23.0771	56.6239	4.74237	0.0323945
20.3936	58.6582	4.73467	0.0726591
20.0518	56.4338	4.77554	0.0331844
23.0771	56.6239	4.74237	0.0323945
24.0253	59.6046	4.6685	0.080623
20.3936	58.6582	4.73467	0.0726591
39.0601	41.8598	0.182327	0.000275168
37.5191	43.9145	0.142463	0.000394329
37.5	40	4.77905	0.000204845
40.625	40	0.221504	0.00019882
39.0601	41.8598	0.182327	0.000275168
37.5	40	4.77905	0.000204845
40.6201	43.7197	0.185233	0.000327854
37.5191	43.9145	0.142463	0.000394329
39.0601	41.8598	0.182327	0.000275168
40.6201	43.7197	0.185233	0.000327854
40.433	46.2515	4.79415	0.000511995
37.5191	43.9145	0.142463	0.000394329
43.6923	43.1354	0.23822	0.000273837
40.6201	43.7197	0.185233	0.000327854
40.625	40	0.221504	0.00019882
43.6923	43.1354	0.23822	0.000273837
43.5196	46.2515	4.87281	0.000450176
40.6201	43.7197	0.185233	0.000327854
46.8798	40.196	4.93407	0.000198315
43.6923	43.1354	0.23822	0.000273837
43.75	40	4.86536	0.000190252
46.8077	43.1354	4.91085	0.000258125
49.6928	46.2515	4.95606	0.000378221
46.6062	46.2515	4.93176	0.00040448
37.5	40	4.77905	0.000204845
34.399	40.9798	0.165801	0.000276729
34.3221	37.8444	4.83832	0.00018056
40.5769	36.8646	4.91153	0.000162671
37.5	40	4.77905	0.000204845
37.4615	36.8646	4.90686	0.000165283
40.625	40	0.221504	0.00019882
40.6201	43.7197	0.185233	0.000327854
39.0601	41.8598	0.182327	0.000275168
40.1224	48.7521	4.8565	0.000906924
37.0597	48.5598	0.198431	0.00118457
37.3464	46.2515	0.15973	0.000651508
34.1165	49.3292	0.205019	0.00174065
36.7564	51.5944	4.84913	0.00262646
34.1289	53.2696	4.84521	0.00584926
31.1732	46.2515	4.7781	0.000993777
34.1165	49.3292	0.205019	0.00174065
31.0776	49.3292	4.83865	0.00236655
28.0866	46.2515	4.88591	0.00103489
31.1732	46.2515	4.7781	0.000993777
31.0776	49.3292	4.83865	0.00236655
34.3294	43.6157	0.13135	0.00044028
34.399	40.9798	0.165801	0.000276729
37.5191	43.9145	0.142463	0.000394329
31.1732	46.2515	4.7781	0.000993777
31.226	43.7137	0.184691	0.000528629
34.2598	46.2515	0.150518	0.000798492
31.2788	41.1758	0.178725	0.000316799
34.399	40.9798	0.165801	0.000276729
34.3294	43.6157	0.13135	0.00044028
37.0597	48.5598	0.198431	0.00118457
36.7564	51.5944	4.84913	0.00262646
34.1165	49.3292	0.205019	0.00174065
37.3464	46.2515	0.15973	0.000651508
37.0597	48.5598	0.198431	0.00118457
34.2598	46.2515	0.150518	0.000798492
40.433	46.2515	4.79415	0.000511995
37.3464	46.2515	0.15973	0.000651508
37.5191	43.9145	0.142463	0.000394329
40.433	46.2515	4.79415	0.000511995
40.1224	48.7521	4.8565	0.000906924
37.3464	46.2515	0.15973	0.000651508
40.1224	48.7521	4.8565	0.000906924
36.7564	51.5944	4.84913	0.00262646
37.0597	48.5598	0.198431	0.00118457
46.2717	49.3292	4.9569	0.000778473
45.8487	52.5335	4.95767	0.00181196
43.2329	49.3292	4.92878	0.00091087
34.1165	49.3292	0.205019	0.00174065
34.1289	53.2696	4.84521	0.00584926
30.9447	52.3495	4.8552	0.00570404
7.464	63.4929	0.0560874	4.57777
8.78345	65.7825	0.0273133	4.58188
5.97957	65.9587	0.034896	4.63371
6.4478	61.0566	0.118737	0.0787737
7.464	63.4929	0.0560874	4.57777
4.76616	63.4929	0.0700734	0.114303
6.4478	61.0566	0.118737	0.0787737
9.3634	60.8826	0.108128	0.0644386
7.464	63.4929	0.0560874	4.57777
12.3979	60.3349	0.116117	0.11308
10.1618	63.4929	0.0454125	0.0887611
9.3634	60.8826	0.108128	0.0644386
12.8597	63.4929	0.0412396	0.0702747
15.0494	60.8826	0.105789	0.0779301
15.5575	63.4929	0.0458992	1.17499
12.3644	68.2649	0.00986904	0.0503855
13.513	70.6966	0.00517614	0.0293861
11.25	70.3973	0.00696114	0.0371951
16.8484	65.9587	0.0181801	0.152304
14.8915	68.2649	0.00833186	0.0467804
13.846	66.4528	0.0144993	0.0592811
17.4187	68.2649	0.00960131	0.0662638
16.25	70.3973	0.00515165	0.0347185
14.8915	68.2649	0.00833186	0.0467804
19.999	65.078	0.0311672	4.65838
19.0904	66.7823	0.0167137	0.115353
16.8484	65.9587	0.0181801	0.152304
19.193	69.7412	0.00664127	0.067136
20.0967	72.3429	0.00318892	0.0373576
17.645	72.3429	0.00324249	0.027008
9.83732	68.2649	0.0130628	0.0727254
8.78345	65.7825	0.0273133	4.58188
11.414	65.9587	0.0202013	0.286411
6.48041	46.2515	4.99232	0.00111972
3.72828	49.3292	4.99014	0.00239398
3.39381	46.2515	4.99489	0.00102734
9.70619	49.8955	4.9806	0.00328866
6.76709	49.3292	4.98778	0.00258729
9.61019	45.6673	4.9875	0.000964355
9.70619	49.8955	4.9806	0.00328866
10.1383	52.3495	4.9636	0.00671388
7.16598	52.3495	4.97169	0.00630744
13.1107	52.3495	4.9456	0.00737833
10.1383	52.3495	4.9636	0.00671388
12.7118	50.0843	4.96581	0.00376953
4.19365	52.3495	4.97641	0.00598611
3.72828	49.3292	4.99014	0.00239398
6.76709	49.3292	4.98778	0.00258729
1.8995	55.2938	4.95009	0.013591
4.19365	52.3495	4.97641	0.00598611
4.92487	55.4838	4.93365	0.0165454
1.22131	52.3495	4.98017	0.00525241
3.72828	49.3292	4.99014	0.00239398
4.19365	52.3495	4.97641	0.00598611
22.2828	65.9587	0.0215652	4.65829
23.0704	62.1007	0.0770986	0.135675
25.6067	64.7258	0.0289337	4.60407
21.8037	69.5771	0.0068541	4.50761
22.2828	65.9587	0.0215652	4.65829
24.3347	67.1118	0.0142314	0.112901
19.999	65.078	0.0311672	4.65838
20.363	63.0044	0.0619532	4.67223
22.2828	65.9587	0.0215652	4.65829
21.8037	69.5771	0.0068541	4.50761
19.193	69.7412	0.00664127	0.067136
19.0904	66.7823	0.0167137	0.115353
16.8484	65.9587	0.0181801	0.152304
17.5295	61.7527	0.0858345	4.61932
19.999	65.078	0.0311672	4.65838
22.2828	65.9587	0.0215652	4.65829
20.363	63.0044	0.0619532	4.67223
23.0704	62.1007	0.0770986	0.135675
16.25	70.3973	0.00515165	0.0347185
15.1934	72.3429	0.0034536	0.0226681
13.513	70.6966	0.00517614	0.0293861
7.464	63.4929	0.0560874	4.57777
10.1618	63.4929	0.0454125	0.0887611
8.78345	65.7825	0.0273133	4.58188
20.0518	56.4338	4.77554	0.0331844
19.0553	52.3495	0.217452	0.00760917
22.4091	54.0056	0.172504	0.0138892
20.3936	58.6582	4.73467	0.0726591
17.2808	59.0298	4.74041	0.0720048
20.0518	56.4338	4.77554	0.0331844
15.0494	60.8826	0.105789	0.0779301
12.8597	63.4929	0.0412396	0.0702747
12.3979	60.3349	0.116117	0.11308
9.3634	60.8826	0.108128	0.0644386
8.66123	58.144	4.80013	0.0330852
11.6319	58.144	3.68264	0.0343492
9.70619	49.8955	4.9806	0.00328866
7.16598	52.3495	4.97169	0.00630744
6.76709	49.3292	4.98778	0.00258729
13.1107	52.3495	4.9456	0.00737833
16.083	52.3495	4.88708	0.00773012
14.2198	55.2938	4.89025	0.0191685
23.0771	56.6239	4.74237	0.0323945
22.4091	54.0056	0.172504	0.0138892
26.54	55.2938	0.194791	0.0204478
20.7355	60.8826	0.11636	4.59942
20.3936	58.6582	4.73467	0.0726591
24.0253	59.6046	4.6685	0.080623
20.0518	56.4338	4.77554	0.0331844
22.4091	54.0056	0.172504	0.0138892
23.0771	56.6239	4.74237	0.0323945
20.7355	60.8826	0.11636	4.59942
17.2808	59.0298	4.74041	0.0720048
20.3936	58.6582	4.73467	0.0726591
17.0264	56.2438	4.8341	0.0293013
19.0553	52.3495	0.217452	0.00760917
20.0518	56.4338	4.77554	0.0331844
6.30769	36.8646	4.99251	0.000207936
6.24038	39.6081	4.99224	0.000269992
3.19231	36.8646	4.99692	0.000206771
9.49534	33.1714	4.98736	0.000171657
9.42308	36.8646	4.97915	0.000211194
6.43263	33.3637	4.99493	0.000172617
6.31731	42.7435	4.99291	0.000468826
3.125	40	4.9966	0.000281571
6.24038	39.6081	4.99224	0.000269992
9.4375	42.5475	4.98247	0.000487569
12.5	40	4.93192	0.000299036
12.5577	42.3516	4.95279	0.000479117
6.30769	36.8646	4.99251	0.000207936
9.36058	39.4121	4.97826	0.000274647
6.24038	39.6081	4.99224	0.000269992
9.42308	36.8646	4.97915	0.000211194
12.5385	36.8646	4.93758	0.000209976
9.36058	39.4121	4.97826	0.000274647
15.8122	34.7222	4.90225	0.000177482
12.5385	36.8646	4.93758	0.000209976
12.7112	34.5275	4.95996	0.000179926
9.4375	42.5475	4.98247	0.000487569
12.5577	42.3516	4.95279	0.000479117
9.61019	45.6673	4.9875	0.000964355
6.24038	39.6081	4.99224	0.000269992
9.4375	42.5475	4.98247	0.000487569
6.31731	42.7435	4.99291	0.000468826
9.36058	39.4121	4.97826	0.000274647
12.5	40	4.93192	0.000299036
9.4375	42.5475	4.98247	0.000487569
15.601	39.0202	0.242806	0.000268042
12.5	40	4.93192	0.000299036
12.5385	36.8646	4.93758	0.000209976
15.601	39.0202	0.242806	0.000268042
15.6779	42.1556	4.8756	0.000477363
12.5	40	4.93192	0.000299036
6.48041	46.2515	4.99232	0.00111972
6.76709	49.3292	4.98778	0.00258729
3.72828	49.3292	4.99014	0.00239398
6.31731	42.7435	4.99291	0.000468826
6.48041	46.2515	4.99232	0.00111972
3.39381	46.2515	4.99489	0.00102734
9.61019	45.6673	4.9875	0.000964355
6.76709	49.3292	4.98778	0.00258729
6.48041	46.2515	4.99232	0.00111972
12.7118	50.0843	4.96581	0.00376953
9.70619	49.8955	4.9806	0.00328866
11.1799	48.0735	4.97906	0.00218922
3.19711	42.9395	4.99622	0.000483848
0.076922	43.1354	4.9969	0.000505485
-3.10282e-28	40	4.9976	0.000295411
6.31731	42.7435	4.99291	0.000468826
3.19711	42.9395	4.99622	0.000483848
3.125	40	4.9966	0.000281571
3.39381	46.2515	4.99489	0.00102734
0.307214	46.2515	4.99568	0.000960504
3.19711	42.9395	4.99622	0.000483848
45.0204	55.2938	4.92629	0.00420706
41.9404	55.2938	4.91099	0.00509767
42.834	52.3495	4.94287	0.00207577
48.1005	55.2938	4.93971	0.00333777
45.0204	55.2938	4.92629	0.00420706
45.8487	52.5335	4.95767	0.00181196
44.2548	57.954	4.83252	0.0099548
41.9404	55.2938	4.91099	0.00509767
45.0204	55.2938	4.92629	0.00420706
46.3226	60.8826	0.145758	0.0196757
44.2548	57.954	4.83252	0.0099548
47.2801	58.144	4.8579	0.00796331
41.4664	58.5091	4.78835	0.0135824
38.8603	55.2938	4.89006	0.00616776
41.9404	55.2938	4.91099	0.00509767
27.9723	52.3495	4.83475	0.00671991
28.0388	49.3292	4.88605	0.00255675
30.9447	52.3495	4.8552	0.00570404
19.0553	52.3495	0.217452	0.00760917
21.7285	50.6506	0.217279	0.0041783
22.4091	54.0056	0.172504	0.0138892
25	46.2515	4.91306	0.000942325
28.0388	49.3292	4.88605	0.00255675
24.7341	50.8393	4.81392	0.00417711
21.7285	50.6506	0.217279	0.0041783
21.7462	47.598	4.87725	0.00141731
24.7341	50.8393	4.81392	0.00417711
15.6779	42.1556	4.8756	0.000477363
17.2523	44.2036	4.88746	0.000718711
14.1489	44.3016	4.94614	0.00078634
22.0142	44.8882	4.89476	0.000711865
18.8268	46.2515	4.90562	0.00100188
18.7981	41.9596	0.23105	0.000428048
15.8835	49.3292	4.93422	0.002872
12.6536	46.2515	4.97254	0.00121023
15.7402	46.2515	4.94074	0.00125731
17.0264	56.2438	4.8341	0.0293013
16.083	52.3495	4.88708	0.00773012
19.0553	52.3495	0.217452	0.00760917
4.19365	52.3495	4.97641	0.00598611
7.16598	52.3495	4.97169	0.00630744
4.92487	55.4838	4.93365	0.0165454
21.9183	41.7637	4.8407	0.000404704
25	43.1354	4.90011	0.000490762
22.0142	44.8882	4.89476	0.000711865
28.125	40	4.83259	0.000265422
25	40	4.86059	0.000265267
28.1154	36.8646	4.84768	0.000178941
25	30.6708	4.91479	0.000140781
25.1151	35.3065	0.241863	0.000165101
21.9134	33.7485	0.254475	0.000161965
31.3171	35.696	4.8845	0.000159403
28.0866	33.7485	4.89468	0.00014834
30.9343	31.8249	4.94732	0.000140309
28.1154	36.8646	4.84768	0.000178941
25.1151	35.3065	0.241863	0.000165101
28.0866	33.7485	4.89468	0.00014834
33.7508	28.5944	4.96331	0.000138761
37.1553	30.6708	4.9785	0.000143679
33.997	31.6326	4.96164	0.000142315
21.8846	36.8646	4.79678	0.000196552
21.9014	39.3141	0.233092	0.000265703
18.7212	38.8242	0.204349	0.000257789
28.1154	36.8646	4.84768	0.000178941
25	40	4.86059	0.000265267
25.1151	35.3065	0.241863	0.000165101
28.125	40	4.83259	0.000265422
28.1154	43.1354	4.85036	0.000503388
25	40	4.86059	0.000265267
3.72828	49.3292	4.99014	0.00239398
1.22131	52.3495	4.98017	0.00525241
0.68946	49.3292	4.99149	0.00215043
0.307214	46.2515	4.99568	0.000960504
3.39381	46.2515	4.99489	0.00102734
0.68946	49.3292	4.99149	0.00215043
11.1799	48.0735	4.97906	0.00218922
12.6536	46.2515	4.97254	0.00121023
12.7118	50.0843	4.96581	0.00376953
9.61019	45.6673	4.9875	0.000964355
11.1799	48.0735	4.97906	0.00218922
9.70619	49.8955	4.9806	0.00328866
9.61019	45.6673	4.9875	0.000964355
12.6536	46.2515	4.97254	0.00121023
11.1799	48.0735	4.97906	0.00218922
31.3817	62.6228	0.0393737	4.51695
34.1521	62.7968	0.046677	4.44187
33.1516	65.9587	0.016687	0.0645956
26.9568	67.2765	0.0123919	0.0817571
28.4106	64.5496	0.0266083	0.0946901
30.4344	65.9587	0.0162358	0.0762101
29.839	59.2394	0.110025	0.0565418
33.5519	59.0383	0.122607	0.0383745
31.3817	62.6228	0.0393737	4.51695
28.6113	62.4488	0.0484723	0.099446
29.839	59.2394	0.110025	0.0565418
31.3817	62.6228	0.0393737	4.51695
20.7355	60.8826	0.11636	4.59942
24.0253	59.6046	4.6685	0.080623
23.0704	62.1007	0.0770986	0.135675
25.6371	53.0665	0.210292	0.0100392
24.7341	50.8393	4.81392	0.00417711
27.9723	52.3495	4.83475	0.00671991
22.4091	54.0056	0.172504	0.0138892
25.6371	53.0665	0.210292	0.0100392
26.54	55.2938	0.194791	0.0204478
22.4091	54.0056	0.172504	0.0138892
24.7341	50.8393	4.81392	0.00417711
25.6371	53.0665	0.210292	0.0100392
29.6201	55.2938	4.7814	0.015252
31.8745	54.2817	4.81875	0.0102595
32.1533	57.1939	0.165455	0.0254962
34.2598	46.2515	0.150518	0.000798492
34.3294	43.6157	0.13135	0.00044028
37.3464	46.2515	0.15973	0.000651508
31.1732	46.2515	4.7781	0.000993777
34.2598	46.2515	0.150518	0.000798492
34.1165	49.3292	0.205019	0.00174065
34.2598	46.2515	0.150518	0.000798492
31.226	43.7137	0.184691	0.000528629
34.3294	43.6157	0.13135	0.00044028
35.6527	58.8743	4.67379	0.0266268
38.5596	58.6917	4.75505	0.016216
37.7936	60.8826	0.104474	0.0277185
33.5519	59.0383	0.122607	0.0383745
35.6527	58.8743	4.67379	0.0266268
34.9506	60.8826	0.0836272	0.0517363
35.7802	55.2938	4.84677	0.00835177
38.5596	58.6917	4.75505	0.016216
35.6527	58.8743	4.67379	0.0266268
42.43	63.669	0.0535762	4.34678
43.4796	60.8826	0.123431	0.0284712
45.2338	63.4929	0.068832	0.0438164
6.48041	46.2515	4.99232	0.00111972
6.31731	42.7435	4.99291	0.000468826
9.61019	45.6673	4.9875	0.000964355
0.68946	49.3292	4.99149	0.00215043
3.39381	46.2515	4.99489	0.00102734
3.72828	49.3292	4.99014	0.00239398
0.307214	46.2515	4.99568	0.000960504
0.076922	43.1354	4.9969	0.000505485
3.19711	42.9395	4.99622	0.000483848
6.4478	61.0566	0.118737	0.0787737
4.76616	63.4929	0.0700734	0.114303
3.67737	60.8826	0.151912	4.4522
5.69054	58.144	4.83026	0.0393173
6.4478	61.0566	0.118737	0.0787737
3.67737	60.8826	0.151912	4.4522
9.3634	60.8826	0.108128	0.0644386
10.1618	63.4929	0.0454125	0.0887611
7.464	63.4929	0.0560874	4.57777
14.6026	58.144	4.77877	0.0420026
15.0494	60.8826	0.105789	0.0779301
12.3979	60.3349	0.116117	0.11308
14.2198	55.2938	4.89025	0.0191685
14.6026	58.144	4.77877	0.0420026
11.6319	58.144	3.68264	0.0343492
14.2198	55.2938	4.89025	0.0191685
17.0264	56.2438	4.8341	0.0293013
14.6026	58.144	4.77877	0.0420026
7.464	63.4929	0.0560874	4.57777
5.97957	65.9587	0.034896	4.63371
4.76616	63.4929	0.0700734	0.114303
11.414	65.9587	0.0202013	0.286411
13.846	66.4528	0.0144993	0.0592811
12.3644	68.2649	0.00986904	0.0503855
10.1618	63.4929	0.0454125	0.0887611
11.414	65.9587	0.0202013	0.286411
8.78345	65.7825	0.0273133	4.58188
12.8597	63.4929	0.0412396	0.0702747
15.5575	63.4929	0.0458992	1.17499
13.846	66.4528	0.0144993	0.0592811
10.1618	63.4929	0.0454125	0.0887611
12.8597	63.4929	0.0412396	0.0702747
11.414	65.9587	0.0202013	0.286411
10.1618	63.4929	0.0454125	0.0887611
12.3979	60.3349	0.116117	0.11308
12.8597	63.4929	0.0412396	0.0702747
9.83732	68.2649	0.0130628	0.0727254
7.31021	68.2649	0.0176728	0.101955
8.78345	65.7825	0.0273133	4.58188
31.8745	54.2817	4.81875	0.0102595
30.9447	52.3495	4.8552	0.00570404
34.1289	53.2696	4.84521	0.00584926
35.7802	55.2938	4.84677	0.00835177
31.8745	54.2817	4.81875	0.0102595
34.1289	53.2696	4.84521	0.00584926
29.6201	55.2938	4.7814	0.015252
30.9447	52.3495	4.8552	0.00570404
31.8745	54.2817	4.81875	0.0102595
29.839	59.2394	0.110025	0.0565418
26.4853	58.144	4.69192	0.0514374
29.6201	55.2938	4.7814	0.015252
33.5519	59.0383	0.122607	0.0383745
29.839	59.2394	0.110025	0.0565418
32.1533	57.1939	0.165455	0.0254962
35.7802	55.2938	4.84677	0.00835177
33.5519	59.0383	0.122607	0.0383745
32.1533	57.1939	0.165455	0.0254962
34.9506	60.8826	0.0836272	0.0517363
31.3817	62.6228	0.0393737	4.51695
33.5519	59.0383	0.122607	0.0383745
28.6113	62.4488	0.0484723	0.099446
26.4215	60.8826	0.0924257	4.53053
29.839	59.2394	0.110025	0.0565418
26.54	55.2938	0.194791	0.0204478
27.9723	52.3495	4.83475	0.00671991
29.6201	55.2938	4.7814	0.015252
25.6371	53.0665	0.210292	0.0100392
27.9723	52.3495	4.83475	0.00671991
26.54	55.2938	0.194791	0.0204478
24.7341	50.8393	4.81392	0.00417711
28.0388	49.3292	4.88605	0.00255675
27.9723	52.3495	4.83475	0.00671991
22.5483	72.3429	0.00306706	0.0388524
23.75	70.3973	0.0053022	0.0592841
25	72.3429	0.00284843	0.0292515
23.0327	74.7883	0.00158165	0.0167615
22.5483	72.3429	0.00306706	0.0388524
25	72.3429	0.00284843	0.0292515
21.4331	74.0896	0.00195943	0.0216174
19.0551	74.0896	0.00210387	0.0201654
20.0967	72.3429	0.00318892	0.0373576
19.0904	66.7823	0.0167137	0.115353
22.2828	65.9587	0.0215652	4.65829
21.8037	69.5771	0.0068541	4.50761
24.3347	67.1118	0.0142314	0.112901
23.75	70.3973	0.0053022	0.0592841
21.8037	69.5771	0.0068541	4.50761
27.0253	69.2491	0.00679922	0.0553706
30.0542	68.2649	0.00874241	4.39948
28.75	70.3973	0.00481752	0.0401127
25.6067	64.7258	0.0289337	4.60407
28.4106	64.5496	0.0266083	0.0946901
26.9568	67.2765	0.0123919	0.0817571
22.2828	65.9587	0.0215652	4.65829
25.6067	64.7258	0.0289337	4.60407
24.3347	67.1118	0.0142314	0.112901
23.0704	62.1007	0.0770986	0.135675
26.4215	60.8826	0.0924257	4.53053
25.6067	64.7258	0.0289337	4.60407
30.4344	65.9587	0.0162358	0.0762101
30.0542	68.2649	0.00874241	4.39948
26.9568	67.2765	0.0123919	0.0817571
28.6113	62.4488	0.0484723	0.099446
31.3817	62.6228	0.0393737	4.51695
28.4106	64.5496	0.0266083	0.0946901
25.6067	64.7258	0.0289337	4.60407
28.6113	62.4488	0.0484723	0.099446
28.4106	64.5496	0.0266083	0.0946901
26.4215	60.8826	0.0924257	4.53053
26.4853	58.144	4.69192	0.0514374
29.839	59.2394	0.110025	0.0565418
25.6067	64.7258	0.0289337	4.60407
26.4215	60.8826	0.0924257	4.53053
28.6113	62.4488	0.0484723	0.099446
24.0253	59.6046	4.6685	0.080623
23.0771	56.6239	4.74237	0.0323945
26.4853	58.144	4.69192	0.0514374
33.1516	65.9587	0.016687	0.0645956
34.8233	67.7707	0.0107316	0.0462733
32.2468	68.921	0.00695324	0.044398
31.3817	62.6228	0.0393737	4.51695
33.1516	65.9587	0.016687	0.0645956
30.4344	65.9587	0.0162358	0.0762101
34.1521	62.7968	0.046677	4.44187
35.8688	65.9587	0.0189071	0.0530885
33.1516	65.9587	0.016687	0.0645956
32.355	72.3429	0.00285281	0.0182493
33.75	70.3973	0.00492349	0.0267036
34.8066	72.3429	0.00321552	0.0172181
29.3832	76.0659	0.00116328	0.00836544
28.5669	74.0896	0.00176541	0.0138646
30.9297	73.8705	0.00190802	0.0131677
31.0572	70.658	0.00432606	0.0327421
33.75	70.3973	0.00492349	0.0267036
32.355	72.3429	0.00285281	0.0182493
29.9033	72.3429	0.00276382	0.0211887
31.0572	70.658	0.00432606	0.0327421
32.355	72.3429	0.00285281	0.0182493
28.4106	64.5496	0.0266083	0.0946901
31.3817	62.6228	0.0393737	4.51695
30.4344	65.9587	0.0162358	0.0762101
24.3347	67.1118	0.0142314	0.112901
25.6067	64.7258	0.0289337	4.60407
26.9568	67.2765	0.0123919	0.0817571
23.0704	62.1007	0.0770986	0.135675
24.0253	59.6046	4.6685	0.080623
26.4215	60.8826	0.0924257	4.53053
30.4344	65.9587	0.0162358	0.0762101
32.2468	68.921	0.00695324	0.044398
30.0542	68.2649	0.00874241	4.39948
34.8233	67.7707	0.0107316	0.0462733
33.75	70.3973	0.00492349	0.0267036
32.2468	68.921	0.00695324	0.044398
43.2329	49.3292	4.92878	0.00091087
40.1224	48.7521	4.8565	0.000906924
40.433	46.2515	4.79415	0.000511995
48.7787	52.3495	4.9651	0.00145061
45.8487	52.5335	4.95767	0.00181196
46.2717	49.3292	4.9569	0.000778473
42.834	52.3495	4.94287	0.00207577
40.1224	48.7521	4.8565	0.000906924
43.2329	49.3292	4.92878	0.00091087
47.2801	58.144	4.8579	0.00796331
44.2548	57.954	4.83252	0.0099548
45.0204	55.2938	4.92629	0.00420706
38.8603	55.2938	4.89006	0.00616776
35.7802	55.2938	4.84677	0.00835177
36.7564	51.5944	4.84913	0.00262646
41.9404	55.2938	4.91099	0.00509767
38.8603	55.2938	4.89006	0.00616776
39.8617	52.3495	4.9101	0.00257399
45.8487	52.5335	4.95767	0.00181196
45.0204	55.2938	4.92629	0.00420706
42.834	52.3495	4.94287	0.00207577
41.4664	58.5091	4.78835	0.0135824
40.6366	60.8826	0.11507	0.0286
38.5596	58.6917	4.75505	0.016216
44.2548	57.954	4.83252	0.0099548
41.4664	58.5091	4.78835	0.0135824
41.9404	55.2938	4.91099	0.00509767
44.2548	57.954	4.83252	0.0099548
43.4796	60.8826	0.123431	0.0284712
41.4664	58.5091	4.78835	0.0135824
38.5596	58.6917	4.75505	0.016216
35.7802	55.2938	4.84677	0.00835177
38.8603	55.2938	4.89006	0.00616776
6.31731	42.7435	4.99291	0.000468826
3.39381	46.2515	4.99489	0.00102734
3.19711	42.9395	4.99622	0.000483848
45.8487	52.5335	4.95767	0.00181196
42.834	52.3495	4.94287	0.00207577
43.2329	49.3292	4.92878	0.00091087
48.1005	55.2938	4.93971	0.00333777
45.8487	52.5335	4.95767	0.00181196
48.7787	52.3495	4.9651	0.00145061
48.1005	55.2938	4.93971	0.00333777
47.2801	58.144	4.8579	0.00796331
45.0204	55.2938	4.92629	0.00420706
37.7936	60.8826	0.104474	0.0277185
38.5596	58.6917	4.75505	0.016216
40.6366	60.8826	0.11507	0.0286
41.3032	65.9587	0.0263123	0.0417915
39.6261	63.8451	0.0437733	0.0403441
42.43	63.669	0.0535762	4.34678
34.9506	60.8826	0.0836272	0.0517363
35.6527	58.8743	4.67379	0.0266268
37.7936	60.8826	0.104474	0.0277185
31.3817	62.6228	0.0393737	4.51695
34.9506	60.8826	0.0836272	0.0517363
34.1521	62.7968	0.046677	4.44187
33.5519	59.0383	0.122607	0.0383745
35.7802	55.2938	4.84677	0.00835177
35.6527	58.8743	4.67379	0.0266268
31.8745	54.2817	4.81875	0.0102595
35.7802	55.2938	4.84677	0.00835177
32.1533	57.1939	0.165455	0.0254962
34.1165	49.3292	0.205019	0.00174065
34.2598	46.2515	0.150518	0.000798492
37.0597	48.5598	0.198431	0.00118457
28.0388	49.3292	4.88605	0.00255675
31.0776	49.3292	4.83865	0.00236655
30.9447	52.3495	4.8552	0.00570404
28.0388	49.3292	4.88605	0.00255675
25	46.2515	4.91306	0.000942325
28.0866	46.2515	4.88591	0.00103489
36.7564	51.5944	4.84913	0.00262646
35.7802	55.2938	4.84677	0.00835177
34.1289	53.2696	4.84521	0.00584926
30.9447	52.3495	4.8552	0.00570404
31.0776	49.3292	4.83865	0.00236655
34.1165	49.3292	0.205019	0.00174065
40.1224	48.7521	4.8565	0.000906924
42.834	52.3495	4.94287	0.00207577
39.8617	52.3495	4.9101	0.00257399
39.8617	52.3495	4.9101	0.00257399
42.834	52.3495	4.94287	0.00207577
41.9404	55.2938	4.91099	0.00509767
36.7564	51.5944	4.84913	0.00262646
39.8617	52.3495	4.9101	0.00257399
38.8603	55.2938	4.89006	0.00616776
36.7564	51.5944	4.84913	0.00262646
40.1224	48.7521	4.8565	0.000906924
39.8617	52.3495	4.9101	0.00257399
18.9224	49.3292	4.85932	0.00256701
19.0553	52.3495	0.217452	0.00760917
16.083	52.3495	4.88708	0.00773012
15.7402	46.2515	4.94074	0.00125731
18.8268	46.2515	4.90562	0.00100188
15.8835	49.3292	4.93422	0.002872
21.7462	47.598	4.87725	0.00141731
25	46.2515	4.91306	0.000942325
24.7341	50.8393	4.81392	0.00417711
22.0108	14.5924	0.163391	0.000138364
19.9458	11.7351	0.121999	0.000138744
23.0432	12.7235	0.130529	0.000138002
17.645	7.6571	0.0676365	0.000139578
18.75	9.60269	0.0944087	0.000139152
16.5822	10.0948	4.65315	0.000137543
14.9215	7.36598	0.0759688	0.000140157
17.645	7.6571	0.0676365	0.000139578
16.5822	10.0948	4.65315	0.000137543
16.6772	5.91038	0.0454555	0.000139889
19.0551	5.91038	0.0358857	0.000139544
17.645	7.6571	0.0676365	0.000139578
20.0967	7.6571	0.0488142	0.000139123
21.25	9.60269	0.0675086	0.000138613
18.75	9.60269	0.0944087	0.000139152
17.645	7.6571	0.0676365	0.000139578
19.0551	5.91038	0.0358857	0.000139544
20.0967	7.6571	0.0488142	0.000139123
24.1844	6.78374	0.0392888	0.000138725
26.189	5.91038	0.0347294	0.000138697
25.4207	8.55507	0.0724906	0.000138149
28.5669	5.91038	0.0390306	0.000138401
31.8199	4.37335	0.028014	0.0001382
31.1316	6.34706	0.0459472	0.000137923
26.9661	0.123895	0.0124727	0.00013951
28.4094	2.238	0.016379	0.000139134
26.0648	3.0556	0.0171878	0.000139325
28.9198	0.494728	0.0148298	0.000139192
30.8485	1.10996	0.017151	0.000138832
28.4094	2.238	0.016379	0.000139134
31.25	9.60269	0.123265	0.000137359
33.75	9.60269	0.104472	0.000137222
32.5813	11.7351	4.74773	0.000135078
30.9096	13.2177	4.84755	0.000135078
29.636	10.915	4.72739	0.000135151
32.5813	11.7351	4.74773	0.000135078
32.355	7.6571	0.064338	0.000137529
33.4473	6.2015	0.0428309	0.000137611
34.9468	7.95642	0.0660241	0.000137238
29.9033	7.6571	0.0695223	0.000137814
32.355	7.6571	0.064338	0.000137529
31.25	9.60269	0.123265	0.000137359
31.1316	6.34706	0.0459472	0.000137923
31.8199	4.37335	0.028014	0.0001382
33.4473	6.2015	0.0428309	0.000137611
29.9033	7.6571	0.0695223	0.000137814
31.1316	6.34706	0.0459472	0.000137923
32.355	7.6571	0.064338	0.000137529
29.9033	7.6571	0.0695223	0.000137814
28.5669	5.91038	0.0390306	0.000138401
31.1316	6.34706	0.0459472	0.000137923
28.5669	5.91038	0.0390306	0.000138401
29.9033	7.6571	0.0695223	0.000137814
27.8022	8.40541	0.0869908	0.00013789
25	4.37335	0.0221158	0.000139183
27.2733	4.37335	0.0245516	0.000138925
26.189	5.91038	0.0347294	0.000138697
27.2733	4.37335	0.0245516	0.000138925
30.3241	3.0556	0.0201835	0.000138702
28.5669	5.91038	0.0390306	0.000138401
31.1316	6.34706	0.0459472	0.000137923
33.4473	6.2015	0.0428309	0.000137611
32.355	7.6571	0.064338	0.000137529
27.2733	4.37335	0.0245516	0.000138925
28.4094	2.238	0.016379	0.000139134
30.3241	3.0556	0.0201835	0.000138702
26.189	5.91038	0.0347294	0.000138697
27.2733	4.37335	0.0245516	0.000138925
28.5669	5.91038	0.0390306	0.000138401
26.0648	3.0556	0.0171878	0.000139325
28.4094	2.238	0.016379	0.000139134
27.2733	4.37335	0.0245516	0.000138925
29.636	10.915	4.72739	0.000135151
29.9033	7.6571	0.0695223	0.000137814
31.25	9.60269	0.123265	0.000137359
25.4207	8.55507	0.0724906	0.000138149
27.8022	8.40541	0.0869908	0.00013789
27.0253	10.7509	4.68	0.000135403
25.4207	8.55507	0.0724906	0.000138149
26.189	5.91038	0.0347294	0.000138697
27.8022	8.40541	0.0869908	0.00013789
26.3489	16.5071	4.87616	0.000135494
24.3933	15.2742	0.21047	0.000137848
25.6653	12.8882	4.73592	0.00013538
30.3241	3.0556	0.0201835	0.000138702
31.8199	4.37335	0.028014	0.0001382
28.5669	5.91038	0.0390306	0.000138401
30.8485	1.10996	0.017151	0.000138832
30.3241	3.0556	0.0201835	0.000138702
28.4094	2.238	0.016379	0.000139134
30.8485	1.10996	0.017151	0.000138832
32.7403	1.96546	0.0210092	0.000138376
30.3241	3.0556	0.0201835	0.000138702
30.3241	3.0556	0.0201835	0.000138702
32.7403	1.96546	0.0210092	0.000138376
31.8199	4.37335	0.028014	0.0001382
23.9352	3.0556	0.0163943	0.000139517
25	4.37335	0.0221158	0.000139183
22.7267	4.37335	0.0209517	0.000139401
26.9661	0.123895	0.0124727	0.00013951
26.0648	3.0556	0.0171878	0.000139325
25.0248	1.47661	0.0133754	0.000139608
26.9661	0.123895	0.0124727	0.00013951
28.9198	0.494728	0.0148298	0.000139192
28.4094	2.238	0.016379	0.000139134
25.0248	1.47661	0.0133754	0.000139608
25	-8.70219e-28	0.0124948	0.00013966
26.9661	0.123895	0.0124727	0.00013951
23.9352	3.0556	0.0163943	0.000139517
25.0248	1.47661	0.0133754	0.000139608
26.0648	3.0556	0.0171878	0.000139325
23.9352	3.0556	0.0163943	0.000139517
23.0835	1.59882	0.0135103	0.00013973
25.0248	1.47661	0.0133754	0.000139608
32.7403	1.96546	0.0210092	0.000138376
34.5833	3.0556	0.026316	0.000137873
31.8199	4.37335	0.028014	0.0001382
25	4.37335	0.0221158	0.000139183
26.0648	3.0556	0.0171878	0.000139325
27.2733	4.37335	0.0245516	0.000138925
24.1844	6.78374	0.0392888	0.000138725
25	4.37335	0.0221158	0.000139183
26.189	5.91038	0.0347294	0.000138697
23.9352	3.0556	0.0163943	0.000139517
26.0648	3.0556	0.0171878	0.000139325
25	4.37335	0.0221158	0.000139183
21.913	2.6468	0.0156755	0.00013971
23.9352	3.0556	0.0163943	0.000139517
22.7267	4.37335	0.0209517	0.000139401
23.0835	1.59882	0.0135103	0.00013973
23.0339	0.123895	0.0124548	0.000139786
25.0248	1.47661	0.0133754	0.000139608
21.913	2.6468	0.0156755	0.00013971
23.0835	1.59882	0.0135103	0.00013973
23.9352	3.0556	0.0163943	0.000139517
21.4331	5.91038	0.0298709	0.000139238
20.4534	4.37335	0.0227947	0.000139597
22.7267	4.37335	0.0209517	0.000139401
19.7476	2.78306	0.0183934	0.000139809
21.0802	0.494728	0.0134559	0.000139859
21.913	2.6468	0.0156755	0.00013971
23.0339	0.123895	0.0124548	0.000139786
25	-8.70219e-28	0.0124948	0.00013966
25.0248	1.47661	0.0133754	0.000139608
33.4473	6.2015	0.0428309	0.000137611
34.5833	3.0556	0.026316	0.000137873
35.7008	5.91038	0.0442562	0.000137328
36.3664	4.37335	0.0388718	0.000137418
35.7008	5.91038	0.0442562	0.000137328
34.5833	3.0556	0.026316	0.000137873
23.5785	19.1174	4.90514	0.000136664
26.3489	16.5071	4.87616	0.000135494
26.4215	19.1174	4.93764	0.000136014
23.0771	23.3761	4.97193	0.000138425
25.3391	26.1784	4.96741	0.000137877
22.0277	27.6505	4.96661	0.000141744
29.636	10.915	4.72739	0.000135151
27.8022	8.40541	0.0869908	0.00013789
29.9033	7.6571	0.0695223	0.000137814
29.636	10.915	4.72739	0.000135151
27.0253	10.7509	4.68	0.000135403
27.8022	8.40541	0.0869908	0.00013789
32.5813	11.7351	4.74773	0.000135078
29.636	10.915	4.72739	0.000135151
31.25	9.60269	0.123265	0.000137359
28.2875	13.053	4.82981	0.000135099
27.0253	10.7509	4.68	0.000135403
29.636	10.915	4.72739	0.000135151
23.0432	12.7235	0.130529	0.000138002
25.6653	12.8882	4.73592	0.00013538
24.3933	15.2742	0.21047	0.000137848
24.4145	10.5869	0.109461	0.000137909
25.4207	8.55507	0.0724906	0.000138149
27.0253	10.7509	4.68	0.000135403
23.0432	12.7235	0.130529	0.000138002
24.4145	10.5869	0.109461	0.000137909
25.6653	12.8882	4.73592	0.00013538
23.0432	12.7235	0.130529	0.000138002
21.25	9.60269	0.0675086	0.000138613
24.4145	10.5869	0.109461	0.000137909
24.1844	6.78374	0.0392888	0.000138725
22.5483	7.6571	0.0435431	0.000138736
21.4331	5.91038	0.0298709	0.000139238
25	4.37335	0.0221158	0.000139183
24.1844	6.78374	0.0392888	0.000138725
22.7267	4.37335	0.0209517	0.000139401
25.4207	8.55507	0.0724906	0.000138149
24.4145	10.5869	0.109461	0.000137909
22.5483	7.6571	0.0435431	0.000138736
24.4145	10.5869	0.109461	0.000137909
21.25	9.60269	0.0675086	0.000138613
22.5483	7.6571	0.0435431	0.000138736
19.5656	14.0413	0.180622	0.000138977
20.9532	16.5071	0.220405	0.000139008
18.2554	16.5071	4.85795	0.000137769
19.9458	11.7351	0.121999	0.000138744
19.5656	14.0413	0.180622	0.000138977
17.7988	12.3941	4.73091	0.0001372
18.75	9.60269	0.0944087	0.000139152
19.9458	11.7351	0.121999	0.000138744
17.7988	12.3941	4.73091	0.0001372
21.25	9.60269	0.0675086	0.000138613
23.0432	12.7235	0.130529	0.000138002
19.9458	11.7351	0.121999	0.000138744
22.0108	14.5924	0.163391	0.000138364
20.9532	16.5071	0.220405	0.000139008
19.5656	14.0413	0.180622	0.000138977
19.9458	11.7351	0.121999	0.000138744
22.0108	14.5924	0.163391	0.000138364
19.5656	14.0413	0.180622	0.000138977
23.0432	12.7235	0.130529	0.000138002
24.3933	15.2742	0.21047	0.000137848
22.0108	14.5924	0.163391	0.000138364
17.7548	18.7251	4.93062	0.00013883
20.7355	19.1174	4.90305	0.000137738
17.2541	20.9431	4.96715	0.000140248
16.8484	14.0413	4.83156	0.000137689
18.2554	16.5071	4.85795	0.000137769
15.9817	15.8026	4.90157	0.000138422
20.9532	16.5071	0.220405	0.000139008
20.7355	19.1174	4.90305	0.000137738
18.2554	16.5071	4.85795	0.000137769
14.9215	7.36598	0.0759688	0.000140157
16.5822	10.0948	4.65315	0.000137543
13.513	9.30337	0.132058	0.000140533
12.6058	7.51154	0.0889012	0.000140601
14.9215	7.36598	0.0759688	0.000140157
13.513	9.30337	0.132058	0.000140533
13.6336	4.37335	0.0451241	0.000140242
15.4167	3.0556	0.0307194	0.000140042
16.6772	5.91038	0.0454555	0.000139889
19.7476	2.78306	0.0183934	0.000139809
19.1515	1.10996	0.0170273	0.000139873
21.0802	0.494728	0.0134559	0.000139859
20.4534	4.37335	0.0227947	0.000139597
19.0551	5.91038	0.0358857	0.000139544
18.1801	4.37335	0.0278893	0.000139806
21.913	2.6468	0.0156755	0.00013971
20.4534	4.37335	0.0227947	0.000139597
19.7476	2.78306	0.0183934	0.000139809
21.4331	5.91038	0.0298709	0.000139238
19.0551	5.91038	0.0358857	0.000139544
20.4534	4.37335	0.0227947	0.000139597
24.1844	6.78374	0.0392888	0.000138725
21.4331	5.91038	0.0298709	0.000139238
22.7267	4.37335	0.0209517	0.000139401
20.0967	7.6571	0.0488142	0.000139123
19.0551	5.91038	0.0358857	0.000139544
21.4331	5.91038	0.0298709	0.000139238
20.4534	4.37335	0.0227947	0.000139597
18.1801	4.37335	0.0278893	0.000139806
19.7476	2.78306	0.0183934	0.000139809
23.0835	1.59882	0.0135103	0.00013973
21.0802	0.494728	0.0134559	0.000139859
23.0339	0.123895	0.0124548	0.000139786
27.8022	8.40541	0.0869908	0.00013789
26.189	5.91038	0.0347294	0.000138697
28.5669	5.91038	0.0390306	0.000138401
25.6653	12.8882	4.73592	0.00013538
24.4145	10.5869	0.109461	0.000137909
27.0253	10.7509	4.68	0.000135403
22.5483	7.6571	0.0435431	0.000138736
20.0967	7.6571	0.0488142	0.000139123
21.4331	5.91038	0.0298709	0.000139238
25.4207	8.55507	0.0724906	0.000138149
22.5483	7.6571	0.0435431	0.000138736
24.1844	6.78374	0.0392888	0.000138725
21.25	9.60269	0.0675086	0.000138613
20.0967	7.6571	0.0488142	0.000139123
22.5483	7.6571	0.0435431	0.000138736
14.9215	7.36598	0.0759688	0.000140157
16.6772	5.91038	0.0454555	0.000139889
17.645	7.6571	0.0676365	0.000139578
21.913	2.6468	0.0156755	0.00013971
21.0802	0.494728	0.0134559	0.000139859
23.0835	1.59882	0.0135103	0.00013973
37.3284	7.80676	0.070961	0.000137105
38.0788	5.91038	0.0561254	0.000137122
39.7099	7.6571	0.0911645	0.000137126
33.4473	6.2015	0.0428309	0.000137611
35.7008	5.91038	0.0442562	0.000137328
34.9468	7.95642	0.0660241	0.000137238
33.75	9.60269	0.104472	0.000137222
32.355	7.6571	0.064338	0.000137529
34.9468	7.95642	0.0660241	0.000137238
31.8199	4.37335	0.028014	0.0001382
34.5833	3.0556	0.026316	0.000137873
33.4473	6.2015	0.0428309	0.000137611
36.3664	4.37335	0.0388718	0.000137418
38.0788	5.91038	0.0561254	0.000137122
35.7008	5.91038	0.0442562	0.000137328
19.7476	2.78306	0.0183934	0.000139809
17.2597	1.96546	0.0220313	0.000139935
19.1515	1.10996	0.0170273	0.000139873
18.1801	4.37335	0.0278893	0.000139806
16.6772	5.91038	0.0454555	0.000139889
15.4167	3.0556	0.0307194	0.000140042
19.7476	2.78306	0.0183934	0.000139809
18.1801	4.37335	0.0278893	0.000139806
17.2597	1.96546	0.0220313	0.000139935
19.0551	5.91038	0.0358857	0.000139544
16.6772	5.91038	0.0454555	0.000139889
18.1801	4.37335	0.0278893	0.000139806
21.913	2.6468	0.0156755	0.00013971
22.7267	4.37335	0.0209517	0.000139401
20.4534	4.37335	0.0227947	0.000139597
20.0967	7.6571	0.0488142	0.000139123
18.75	9.60269	0.0944087	0.000139152
17.645	7.6571	0.0676365	0.000139578
14.9215	7.36598	0.0759688	0.000140157
13.6336	4.37335	0.0451241	0.000140242
16.6772	5.91038	0.0454555	0.000139889
32.355	7.6571	0.064338	0.000137529
33.75	9.60269	0.104472	0.000137222
31.25	9.60269	0.123265	0.000137359
38.0788	5.91038	0.0561254	0.000137122
37.3284	7.80676	0.070961	0.000137105
35.7008	5.91038	0.0442562	0.000137328
38.75	9.60269	0.120217	0.000137272
41.25	9.60269	0.16544	0.000137564
40.1627	11.7351	4.79304	0.000135817
36.25	9.60269	0.0985316	0.000137182
38.75	9.60269	0.120217	0.000137272
37.4683	11.4071	0.172366	0.000137482
39.7099	7.6571	0.0911645	0.000137126
41.25	9.60269	0.16544	0.000137564
38.75	9.60269	0.120217	0.000137272
15.4167	3.0556	0.0307194	0.000140042
17.2597	1.96546	0.0220313	0.000139935
18.1801	4.37335	0.0278893	0.000139806
44.0204	14.0413	4.94361	0.000137864
41.2166	14.2175	4.91833	0.000137112
42.6898	11.7351	4.86414	0.000136353
14.9215	7.36598	0.0759688	0.000140157
12.6058	7.51154	0.0889012	0.000140601
13.6336	4.37335	0.0451241	0.000140242
15.1767	12.2293	4.80784	0.000138038
12.5545	12.0646	4.82336	0.000138915
13.513	9.30337	0.132058	0.000140533
16.5822	10.0948	4.65315	0.000137543
17.7988	12.3941	4.73091	0.0001372
15.1767	12.2293	4.80784	0.000138038
14.1312	14.0413	4.8892	0.000138708
12.5545	12.0646	4.82336	0.000138915
15.1767	12.2293	4.80784	0.000138038
15.9817	15.8026	4.90157	0.000138422
14.7591	18.4213	4.95813	0.000139977
13.1778	15.9788	4.93946	0.000139642
16.5822	10.0948	4.65315	0.000137543
18.75	9.60269	0.0944087	0.000139152
17.7988	12.3941	4.73091	0.0001372
22.0108	14.5924	0.163391	0.000138364
24.3933	15.2742	0.21047	0.000137848
20.9532	16.5071	0.220405	0.000139008
11.4404	21.3083	4.98748	0.000143243
12.2064	19.1174	4.97625	0.000141476
14.6026	21.856	4.98248	0.000142195
8.66123	21.856	4.99239	0.000144823
11.4404	21.3083	4.98748	0.000143243
10.9756	24.1362	4.99317	0.000146
8.66123	21.856	4.99239	0.000144823
9.3634	19.1174	4.98345	0.000142655
11.4404	21.3083	4.98748	0.000143243
6.52038	19.1174	4.98825	0.000143629
7.464	16.5071	4.97276	0.000141961
9.3634	19.1174	4.98345	0.000142655
3.67737	19.1174	4.99149	0.000144403
6.52038	19.1174	4.98825	0.000143629
5.62671	21.6734	4.9945	0.00014571
3.67737	19.1174	4.99149	0.000144403
4.76616	16.5071	4.9807	0.000142663
6.52038	19.1174	4.98825	0.000143629
10.1618	16.5071	4.96264	0.000141055
12.2064	19.1174	4.97625	0.000141476
9.3634	19.1174	4.98345	0.000142655
5.97957	14.0413	4.95475	0.000141298
8.69678	14.0413	4.93353	0.000140623
7.464	16.5071	4.97276	0.000141961
11.414	14.0413	4.91265	0.000139733
13.1778	15.9788	4.93946	0.000139642
10.1618	16.5071	4.96264	0.000141055
15.1767	12.2293	4.80784	0.000138038
16.8484	14.0413	4.83156	0.000137689
14.1312	14.0413	4.8892	0.000138708
6.52038	19.1174	4.98825	0.000143629
9.3634	19.1174	4.98345	0.000142655
8.66123	21.856	4.99239	0.000144823
14.7591	18.4213	4.95813	0.000139977
12.2064	19.1174	4.97625	0.000141476
13.1778	15.9788	4.93946	0.000139642
14.7591	18.4213	4.95813	0.000139977
14.6026	21.856	4.98248	0.000142195
12.2064	19.1174	4.97625	0.000141476
12.6058	7.51154	0.0889012	0.000140601
11.9212	5.91038	0.0746228	0.000140551
13.6336	4.37335	0.0451241	0.000140242
11.25	9.60269	0.151828	0.000141142
12.6058	7.51154	0.0889012	0.000140601
13.513	9.30337	0.132058	0.000140533
10.2901	7.6571	0.114115	0.000141018
11.9212	5.91038	0.0746228	0.000140551
12.6058	7.51154	0.0889012	0.000140601
41.2166	14.2175	4.91833	0.000137112
40.1627	11.7351	4.79304	0.000135817
42.6898	11.7351	4.86414	0.000136353
35.1085	11.7351	0.177395	0.000137329
37.4683	11.4071	0.172366	0.000137482
35.6088	14.5697	4.8715	0.000135861
33.1516	14.0413	4.86648	0.00013533
35.1085	11.7351	0.177395	0.000137329
35.6088	14.5697	4.8715	0.000135861
32.5813	11.7351	4.74773	0.000135078
33.75	9.60269	0.104472	0.000137222
35.1085	11.7351	0.177395	0.000137329
37.3284	7.80676	0.070961	0.000137105
39.7099	7.6571	0.0911645	0.000137126
38.75	9.60269	0.120217	0.000137272
36.25	9.60269	0.0985316	0.000137182
37.3284	7.80676	0.070961	0.000137105
38.75	9.60269	0.120217	0.000137272
35.1085	11.7351	0.177395	0.000137329
36.25	9.60269	0.0985316	0.000137182
37.4683	11.4071	0.172366	0.000137482
34.9468	7.95642	0.0660241	0.000137238
37.3284	7.80676	0.070961	0.000137105
36.25	9.60269	0.0985316	0.000137182
34.9468	7.95642	0.0660241	0.000137238
35.7008	5.91038	0.0442562	0.000137328
37.3284	7.80676	0.070961	0.000137105
42.536	16.5071	4.96562	0.000138909
44.0204	14.0413	4.94361	0.000137864
45.2338	16.5071	4.97585	0.00013983
38.4127	14.3936	4.88576	0.000136427
41.2166	14.2175	4.91833	0.000137112
39.693	16.8552	4.95629	0.000138058
38.4127	14.3936	4.88576	0.000136427
37.4683	11.4071	0.172366	0.000137482
40.1627	11.7351	4.79304	0.000135817
10.2901	7.6571	0.114115	0.000141018
12.6058	7.51154	0.0889012	0.000140601
11.25	9.60269	0.151828	0.000141142
28.2875	13.053	4.82981	0.000135099
30.001	14.922	4.90087	0.000135175
26.3489	16.5071	4.87616	0.000135494
35.1085	11.7351	0.177395	0.000137329
33.1516	14.0413	4.86648	0.00013533
32.5813	11.7351	4.74773	0.000135078
30.001	14.922	4.90087	0.000135175
28.6113	17.5512	4.93402	0.000135498
26.3489	16.5071	4.87616	0.000135494
30.9096	13.2177	4.84755	0.000135078
30.001	14.922	4.90087	0.000135175
28.2875	13.053	4.82981	0.000135099
29.636	10.915	4.72739	0.000135151
30.9096	13.2177	4.84755	0.000135078
28.2875	13.053	4.82981	0.000135099
32.5813	11.7351	4.74773	0.000135078
33.1516	14.0413	4.86648	0.00013533
30.9096	13.2177	4.84755	0.000135078
31.7446	16.5071	4.93422	0.000135586
28.6113	17.5512	4.93402	0.000135498
30.001	14.922	4.90087	0.000135175
34.4425	16.5071	4.93473	0.00013615
31.7446	16.5071	4.93422	0.000135586
33.1516	14.0413	4.86648	0.00013533
34.4425	16.5071	4.93473	0.00013615
34.9506	19.1174	4.96946	0.000137157
32.1075	19.1174	4.96474	0.000136172
37.1403	16.5071	4.93914	0.000136975
34.4425	16.5071	4.93473	0.00013615
35.6088	14.5697	4.8715	0.000135861
37.1403	16.5071	4.93914	0.000136975
37.7936	19.1174	4.97354	0.000138423
34.9506	19.1174	4.96946	0.000137157
11.414	14.0413	4.91265	0.000139733
14.1312	14.0413	4.8892	0.000138708
13.1778	15.9788	4.93946	0.000139642
8.69678	14.0413	4.93353	0.000140623
9.93237	11.8999	4.84478	0.000139678
11.414	14.0413	4.91265	0.000139733
11.25	9.60269	0.151828	0.000141142
13.513	9.30337	0.132058	0.000140533
12.5545	12.0646	4.82336	0.000138915
10.2901	7.6571	0.114115	0.000141018
11.25	9.60269	0.151828	0.000141142
8.74996	9.60269	0.187968	0.000141648
13.513	9.30337	0.132058	0.000140533
16.5822	10.0948	4.65315	0.000137543
15.1767	12.2293	4.80784	0.000138038
9.93237	11.8999	4.84478	0.000139678
11.25	9.60269	0.151828	0.000141142
12.5545	12.0646	4.82336	0.000138915
11.414	14.0413	4.91265	0.000139733
9.93237	11.8999	4.84478	0.000139678
12.5545	12.0646	4.82336	0.000138915
8.69678	14.0413	4.93353	0.000140623
7.31021	11.7351	4.8885	0.000140227
9.93237	11.8999	4.84478	0.000139678
37.4683	11.4071	0.172366	0.000137482
38.4127	14.3936	4.88576	0.000136427
35.6088	14.5697	4.8715	0.000135861
42.536	16.5071	4.96562	0.000138909
43.4158	19.3	4.9861	0.000141156
40.5089	19.4825	4.98161	0.00013998
44.0204	14.0413	4.94361	0.000137864
42.536	16.5071	4.96562	0.000138909
41.2166	14.2175	4.91833	0.000137112
45.2338	16.5071	4.97585	0.00013983
43.4158	19.3	4.9861	0.000141156
42.536	16.5071	4.96562	0.000138909
40.5089	19.4825	4.98161	0.00013998
41.2294	22.236	4.99137	0.000142001
38.204	22.4261	4.98794	0.000140238
42.536	16.5071	4.96562	0.000138909
40.5089	19.4825	4.98161	0.00013998
39.693	16.8552	4.95629	0.000138058
43.4158	19.3	4.9861	0.000141156
41.2294	22.236	4.99137	0.000142001
40.5089	19.4825	4.98161	0.00013998
47.2801	21.856	4.99509	0.000144235
44.3095	21.856	4.99347	0.000143279
46.3226	19.1174	4.98949	0.00014203
38.4127	14.3936	4.88576	0.000136427
37.1403	16.5071	4.93914	0.000136975
35.6088	14.5697	4.8715	0.000135861
40.1627	11.7351	4.79304	0.000135817
41.2166	14.2175	4.91833	0.000137112
38.4127	14.3936	4.88576	0.000136427
38.75	9.60269	0.120217	0.000137272
40.1627	11.7351	4.79304	0.000135817
37.4683	11.4071	0.172366	0.000137482
41.25	9.60269	0.16544	0.000137564
42.6898	11.7351	4.86414	0.000136353
40.1627	11.7351	4.79304	0.000135817
39.693	16.8552	4.95629	0.000138058
37.1403	16.5071	4.93914	0.000136975
38.4127	14.3936	4.88576	0.000136427
40.5089	19.4825	4.98161	0.00013998
37.7936	19.1174	4.97354	0.000138423
39.693	16.8552	4.95629	0.000138058
28.8815	20.2128	4.96089	0.000135884
29.1279	22.9961	4.96014	0.000136241
26.1025	23.1861	4.96798	0.000136843
32.1075	19.1174	4.96474	0.000136172
34.9506	19.1174	4.96946	0.000137157
32.4267	21.856	4.97247	0.000136773
28.8815	20.2128	4.96089	0.000135884
32.1075	19.1174	4.96474	0.000136172
32.4267	21.856	4.97247	0.000136773
31.7446	16.5071	4.93422	0.000135586
34.4425	16.5071	4.93473	0.00013615
32.1075	19.1174	4.96474	0.000136172
28.6113	17.5512	4.93402	0.000135498
31.7446	16.5071	4.93422	0.000135586
32.1075	19.1174	4.96474	0.000136172
11.414	14.0413	4.91265	0.000139733
12.5545	12.0646	4.82336	0.000138915
14.1312	14.0413	4.8892	0.000138708
12.2064	19.1174	4.97625	0.000141476
10.1618	16.5071	4.96264	0.000141055
13.1778	15.9788	4.93946	0.000139642
9.93237	11.8999	4.84478	0.000139678
8.74996	9.60269	0.187968	0.000141648
11.25	9.60269	0.151828	0.000141142
43.4158	19.3	4.9861	0.000141156
45.2338	16.5071	4.97585	0.00013983
46.3226	19.1174	4.98949	0.00014203
33.1516	14.0413	4.86648	0.00013533
35.6088	14.5697	4.8715	0.000135861
34.4425	16.5071	4.93473	0.00013615
36.25	9.60269	0.0985316	0.000137182
33.75	9.60269	0.104472	0.000137222
34.9468	7.95642	0.0660241	0.000137238
21.9134	33.7485	0.254475	0.000161965
18.9132	34.917	4.85153	0.000175844
18.6835	32.5943	4.91415	0.000159098
25	30.6708	4.91479	0.000140781
21.9134	33.7485	0.254475	0.000161965
21.9612	30.6708	4.91708	0.000146689
21.8846	36.8646	4.79678	0.000196552
18.9132	34.917	4.85153	0.000175844
21.9134	33.7485	0.254475	0.000161965
25	40	4.86059	0.000265267
21.8846	36.8646	4.79678	0.000196552
25.1151	35.3065	0.241863	0.000165101
21.9134	33.7485	0.254475	0.000161965
18.6835	32.5943	4.91415	0.000159098
21.9612	30.6708	4.91708	0.000146689
18.7212	38.8242	0.204349	0.000257789
18.9132	34.917	4.85153	0.000175844
21.8846	36.8646	4.79678	0.000196552
17.2667	36.7732	0.248016	0.000213554
15.8122	34.7222	4.90225	0.000177482
18.9132	34.917	4.85153	0.000175844
18.7212	38.8242	0.204349	0.000257789
17.2667	36.7732	0.248016	0.000213554
18.9132	34.917	4.85153	0.000175844
18.7212	38.8242	0.204349	0.000257789
15.601	39.0202	0.242806	0.000268042
17.2667	36.7732	0.248016	0.000213554
18.7981	41.9596	0.23105	0.000428048
18.7212	38.8242	0.204349	0.000257789
21.9014	39.3141	0.233092	0.000265703
15.601	39.0202	0.242806	0.000268042
15.8122	34.7222	4.90225	0.000177482
17.2667	36.7732	0.248016	0.000213554
14.001	23.9462	4.98901	0.000144335
14.6026	21.856	4.98248	0.000142195
17.2998	24.7062	4.98451	0.000143222
13.1107	27.6505	4.99009	0.000149924
12.8447	30.6708	4.98268	0.000157446
10.1383	27.6505	4.99434	0.000151524
15.2052	26.1784	4.98801	0.000146326
15.7173	29.727	4.97727	0.000152382
13.1107	27.6505	4.99009	0.000149924
20.3799	24.7062	4.97681	0.00014108
18.0114	27.1222	4.97979	0.00014554
17.2998	24.7062	4.98451	0.000143222
18.7229	29.5382	4.96144	0.000148927
15.7173	29.727	4.97727	0.000152382
18.0114	27.1222	4.97979	0.00014554
18.7229	29.5382	4.96144	0.000148927
18.6835	32.5943	4.91415	0.000159098
15.7173	29.727	4.97727	0.000152382
10.9756	24.1362	4.99317	0.000146
8.05963	24.7062	4.99585	0.000147873
8.66123	21.856	4.99239	0.000144823
10.1383	27.6505	4.99434	0.000151524
8.05963	24.7062	4.99585	0.000147873
10.9756	24.1362	4.99317	0.000146
10.1383	27.6505	4.99434	0.000151524
9.80591	30.6708	4.99119	0.000159836
7.16598	27.6505	4.99686	0.000152617
6.70061	30.2933	4.99627	0.00015925
7.16598	27.6505	4.99686	0.000152617
9.80591	30.6708	4.99119	0.000159836
4.97956	24.7062	4.99722	0.000148933
5.62671	21.6734	4.9945	0.00014571
8.05963	24.7062	4.99585	0.000147873
3.67737	19.1174	4.99149	0.000144403
5.62671	21.6734	4.9945	0.00014571
2.71986	21.856	4.99603	0.000146692
6.52038	19.1174	4.98825	0.000143629
4.76616	16.5071	4.9807	0.000142663
7.464	16.5071	4.97276	0.000141961
25	30.6708	4.91479	0.000140781
28.0388	30.6708	4.94012	0.000139074
28.0866	33.7485	4.89468	0.00014834
47.2801	21.856	4.99509	0.000144235
48.1005	24.7062	4.99701	0.000146267
45.0204	24.7062	4.99627	0.00014538
26.4215	19.1174	4.93764	0.000136014
26.3489	16.5071	4.87616	0.000135494
28.6113	17.5512	4.93402	0.000135498
18.0114	27.1222	4.97979	0.00014554
22.0277	27.6505	4.96661	0.000141744
18.7229	29.5382	4.96144	0.000148927
17.2541	20.9431	4.96715	0.000140248
20.544	21.856	4.96162	0.000139095
17.2998	24.7062	4.98451	0.000143222
23.0771	23.3761	4.97193	0.000138425
26.1025	23.1861	4.96798	0.000136843
25.3391	26.1784	4.96741	0.000137877
17.2998	24.7062	4.98451	0.000143222
20.544	21.856	4.96162	0.000139095
20.3799	24.7062	4.97681	0.00014108
24.8405	21.1517	4.95308	0.000136829
26.1025	23.1861	4.96798	0.000136843
23.0771	23.3761	4.97193	0.000138425
20.544	21.856	4.96162	0.000139095
24.8405	21.1517	4.95308	0.000136829
23.0771	23.3761	4.97193	0.000138425
23.5785	19.1174	4.90514	0.000136664
26.4215	19.1174	4.93764	0.000136014
24.8405	21.1517	4.95308	0.000136829
31.199	26.5464	0.345582	0.000139038
30.7452	28.7831	4.9456	0.000137201
28.269	26.3624	4.95129	0.000136583
29.1279	22.9961	4.96014	0.000136241
31.199	26.5464	0.345582	0.000139038
28.269	26.3624	4.95129	0.000136583
32.7002	24.7062	4.95606	0.000137248
33.7508	28.5944	4.96331	0.000138761
31.199	26.5464	0.345582	0.000139038
20.544	21.856	4.96162	0.000139095
23.0771	23.3761	4.97193	0.000138425
20.3799	24.7062	4.97681	0.00014108
20.7355	19.1174	4.90305	0.000137738
20.544	21.856	4.96162	0.000139095
17.2541	20.9431	4.96715	0.000140248
17.7548	18.7251	4.93062	0.00013883
18.2554	16.5071	4.85795	0.000137769
20.7355	19.1174	4.90305	0.000137738
14.7591	18.4213	4.95813	0.000139977
17.7548	18.7251	4.93062	0.00013883
17.2541	20.9431	4.96715	0.000140248
14.7591	18.4213	4.95813	0.000139977
15.9817	15.8026	4.90157	0.000138422
17.7548	18.7251	4.93062	0.00013883
20.9532	16.5071	0.220405	0.000139008
23.5785	19.1174	4.90514	0.000136664
20.7355	19.1174	4.90305	0.000137738
23.5785	19.1174	4.90514	0.000136664
24.8405	21.1517	4.95308	0.000136829
20.544	21.856	4.96162	0.000139095
26.689	28.4246	4.95283	0.000137536
22.0277	27.6505	4.96661	0.000141744
25.3391	26.1784	4.96741	0.000137877
21.9612	30.6708	4.91708	0.000146689
18.6835	32.5943	4.91415	0.000159098
18.7229	29.5382	4.96144	0.000148927
20.7355	19.1174	4.90305	0.000137738
23.5785	19.1174	4.90514	0.000136664
20.544	21.856	4.96162	0.000139095
16.8484	14.0413	4.83156	0.000137689
19.5656	14.0413	0.180622	0.000138977
18.2554	16.5071	4.85795	0.000137769
16.8484	14.0413	4.83156	0.000137689
17.7988	12.3941	4.73091	0.0001372
19.5656	14.0413	0.180622	0.000138977
14.1312	14.0413	4.8892	0.000138708
16.8484	14.0413	4.83156	0.000137689
15.9817	15.8026	4.90157	0.000138422
15.1767	12.2293	4.80784	0.000138038
17.7988	12.3941	4.73091	0.0001372
16.8484	14.0413	4.83156	0.000137689
18.75	9.60269	0.0944087	0.000139152
21.25	9.60269	0.0675086	0.000138613
19.9458	11.7351	0.121999	0.000138744
24.3933	15.2742	0.21047	0.000137848
23.5785	19.1174	4.90514	0.000136664
20.9532	16.5071	0.220405	0.000139008
4.97956	24.7062	4.99722	0.000148933
4.19365	27.6505	4.99804	0.000153609
1.8995	24.7062	4.99784	0.000149863
8.74996	9.60269	0.187968	0.000141648
9.93237	11.8999	4.84478	0.000139678
7.31021	11.7351	4.8885	0.000140227
46.8029	37.0605	4.96753	0.000162363
43.6827	37.2565	4.93193	0.000164507
46.6062	33.7485	4.98654	0.000152998
41.9404	24.7062	4.99443	0.000143798
45.0204	24.7062	4.99627	0.00014538
42.7675	28.0281	4.99429	0.000146062
38.8603	24.7062	4.99087	0.000141687
41.9404	24.7062	4.99443	0.000143798
39.9888	27.0985	4.99178	0.000143611
41.2294	22.236	4.99137	0.000142001
44.3095	21.856	4.99347	0.000143279
41.9404	24.7062	4.99443	0.000143798
48.7787	27.6505	4.99681	0.000148097
49.3105	30.6708	4.99449	0.00015014
46.2478	30.8632	4.99329	0.000149604
26.1025	23.1861	4.96798	0.000136843
24.8405	21.1517	4.95308	0.000136829
28.8815	20.2128	4.96089	0.000135884
28.269	26.3624	4.95129	0.000136583
26.1025	23.1861	4.96798	0.000136843
29.1279	22.9961	4.96014	0.000136241
23.0771	23.3761	4.97193	0.000138425
22.0277	27.6505	4.96661	0.000141744
20.3799	24.7062	4.97681	0.00014108
12.8447	30.6708	4.98268	0.000157446
12.7112	34.5275	4.95996	0.000179926
9.49534	33.1714	4.98736	0.000171657
10.1383	27.6505	4.99434	0.000151524
12.8447	30.6708	4.98268	0.000157446
9.80591	30.6708	4.99119	0.000159836
14.3285	32.6965	4.95919	0.000165843
18.6835	32.5943	4.91415	0.000159098
15.8122	34.7222	4.90225	0.000177482
25.1151	35.3065	0.241863	0.000165101
21.8846	36.8646	4.79678	0.000196552
21.9134	33.7485	0.254475	0.000161965
14.3285	32.6965	4.95919	0.000165843
12.7112	34.5275	4.95996	0.000179926
12.8447	30.6708	4.98268	0.000157446
18.9132	34.917	4.85153	0.000175844
15.8122	34.7222	4.90225	0.000177482
18.6835	32.5943	4.91415	0.000159098
15.601	39.0202	0.242806	0.000268042
12.5385	36.8646	4.93758	0.000209976
15.8122	34.7222	4.90225	0.000177482
23.5785	19.1174	4.90514	0.000136664
24.3933	15.2742	0.21047	0.000137848
26.3489	16.5071	4.87616	0.000135494
28.8815	20.2128	4.96089	0.000135884
24.8405	21.1517	4.95308	0.000136829
26.4215	19.1174	4.93764	0.000136014
18.2554	16.5071	4.85795	0.000137769
17.7548	18.7251	4.93062	0.00013883
15.9817	15.8026	4.90157	0.000138422
14.6026	21.856	4.98248	0.000142195
17.2541	20.9431	4.96715	0.000140248
17.2998	24.7062	4.98451	0.000143222
15.9817	15.8026	4.90157	0.000138422
13.1778	15.9788	4.93946	0.000139642
14.1312	14.0413	4.8892	0.000138708
14.6026	21.856	4.98248	0.000142195
14.7591	18.4213	4.95813	0.000139977
17.2541	20.9431	4.96715	0.000140248
11.4404	21.3083	4.98748	0.000143243
14.001	23.9462	4.98901	0.000144335
10.9756	24.1362	4.99317	0.000146
30.001	14.922	4.90087	0.000135175
30.9096	13.2177	4.84755	0.000135078
33.1516	14.0413	4.86648	0.00013533
31.7446	16.5071	4.93422	0.000135586
30.001	14.922	4.90087	0.000135175
33.1516	14.0413	4.86648	0.00013533
25.6653	12.8882	4.73592	0.00013538
27.0253	10.7509	4.68	0.000135403
28.2875	13.053	4.82981	0.000135099
25.6653	12.8882	4.73592	0.00013538
28.2875	13.053	4.82981	0.000135099
26.3489	16.5071	4.87616	0.000135494
33.75	9.60269	0.104472	0.000137222
36.25	9.60269	0.0985316	0.000137182
35.1085	11.7351	0.177395	0.000137329
39.693	16.8552	4.95629	0.000138058
41.2166	14.2175	4.91833	0.000137112
42.536	16.5071	4.96562	0.000138909
28.8815	20.2128	4.96089	0.000135884
26.4215	19.1174	4.93764	0.000136014
28.6113	17.5512	4.93402	0.000135498
40.625	40	0.221504	0.00019882
43.75	40	4.86536	0.000190252
43.6923	43.1354	0.23822	0.000273837
34.399	40.9798	0.165801	0.000276729
37.5	40	4.77905	0.000204845
37.5191	43.9145	0.142463	0.000394329
40.5769	36.8646	4.91153	0.000162671
43.6827	37.2565	4.93193	0.000164507
40.625	40	0.221504	0.00019882
37.3464	33.7485	4.95956	0.00014955
33.997	31.6326	4.96164	0.000142315
37.1553	30.6708	4.9785	0.000143679
40.625	40	0.221504	0.00019882
37.5	40	4.77905	0.000204845
40.5769	36.8646	4.91153	0.000162671
37.4615	36.8646	4.90686	0.000165283
34.1596	34.7385	4.93073	0.000152339
37.3464	33.7485	4.95956	0.00014955
46.2478	30.8632	4.99329	0.000149604
45.7731	27.8393	4.99617	0.000147462
48.7787	27.6505	4.99681	0.000148097
49.6928	33.7485	4.98885	0.000153776
46.6062	33.7485	4.98654	0.000152998
49.3105	30.6708	4.99449	0.00015014
40.1941	30.6708	4.98633	0.000145928
37.1553	30.6708	4.9785	0.000143679
36.8893	27.6505	4.98409	0.000141244
43.2329	30.6708	4.99063	0.000148009
40.1941	30.6708	4.98633	0.000145928
42.7675	28.0281	4.99429	0.000146062
40.433	33.7485	4.96784	0.000150577
37.3464	33.7485	4.95956	0.00014955
40.1941	30.6708	4.98633	0.000145928
31.3171	35.696	4.8845	0.000159403
31.2019	38.0404	0.232864	0.000194074
28.1154	36.8646	4.84768	0.000178941
33.997	31.6326	4.96164	0.000142315
34.1596	34.7385	4.93073	0.000152339
30.9343	31.8249	4.94732	0.000140309
34.3221	37.8444	4.83832	0.00018056
31.2019	38.0404	0.232864	0.000194074
31.3171	35.696	4.8845	0.000159403
37.5	40	4.77905	0.000204845
34.3221	37.8444	4.83832	0.00018056
37.4615	36.8646	4.90686	0.000165283
34.399	40.9798	0.165801	0.000276729
31.2019	38.0404	0.232864	0.000194074
34.3221	37.8444	4.83832	0.00018056
40.1941	30.6708	4.98633	0.000145928
39.9888	27.0985	4.99178	0.000143611
42.7675	28.0281	4.99429	0.000146062
7.16598	27.6505	4.99686	0.000152617
8.05963	24.7062	4.99585	0.000147873
10.1383	27.6505	4.99434	0.000151524
3.69504	30.482	4.99801	0.000160631
4.19365	27.6505	4.99804	0.000153609
6.70061	30.2933	4.99627	0.00015925
4.97956	24.7062	4.99722	0.000148933
8.05963	24.7062	4.99585	0.000147873
7.16598	27.6505	4.99686	0.000152617
2.71986	21.856	4.99603	0.000146692
4.97956	24.7062	4.99722	0.000148933
1.8995	24.7062	4.99784	0.000149863
14.001	23.9462	4.98901	0.000144335
11.4404	21.3083	4.98748	0.000143243
14.6026	21.856	4.98248	0.000142195
13.1107	27.6505	4.99009	0.000149924
10.9756	24.1362	4.99317	0.000146
14.001	23.9462	4.98901	0.000144335
8.66123	21.856	4.99239	0.000144823
5.62671	21.6734	4.9945	0.00014571
6.52038	19.1174	4.98825	0.000143629
12.2064	19.1174	4.97625	0.000141476
11.4404	21.3083	4.98748	0.000143243
9.3634	19.1174	4.98345	0.000142655
8.05963	24.7062	4.99585	0.000147873
5.62671	21.6734	4.9945	0.00014571
8.66123	21.856	4.99239	0.000144823
44.3095	21.856	4.99347	0.000143279
41.2294	22.236	4.99137	0.000142001
43.4158	19.3	4.9861	0.000141156
45.7731	27.8393	4.99617	0.000147462
45.0204	24.7062	4.99627	0.00014538
48.1005	24.7062	4.99701	0.000146267
38.8603	24.7062	4.99087	0.000141687
36.8893	27.6505	4.98409	0.000141244
35.7802	24.7062	4.9822	0.000139295
45.7731	27.8393	4.99617	0.000147462
42.7675	28.0281	4.99429	0.000146062
45.0204	24.7062	4.99627	0.00014538
43.2329	30.6708	4.99063	0.000148009
46.2478	30.8632	4.99329	0.000149604
43.5196	33.7485	4.97723	0.00015207
40.433	33.7485	4.96784	0.000150577
43.2329	30.6708	4.99063	0.000148009
43.5196	33.7485	4.97723	0.00015207
42.7675	28.0281	4.99429	0.000146062
45.7731	27.8393	4.99617	0.000147462
43.2329	30.6708	4.99063	0.000148009
41.9404	24.7062	4.99443	0.000143798
42.7675	28.0281	4.99429	0.000146062
39.9888	27.0985	4.99178	0.000143611
45.7731	27.8393	4.99617	0.000147462
46.2478	30.8632	4.99329	0.000149604
43.2329	30.6708	4.99063	0.000148009
8.69678	14.0413	4.93353	0.000140623
5.97957	14.0413	4.95475	0.000141298
7.31021	11.7351	4.8885	0.000140227
10.1618	16.5071	4.96264	0.000141055
8.69678	14.0413	4.93353	0.000140623
11.414	14.0413	4.91265	0.000139733
7.464	16.5071	4.97276	0.000141961
4.76616	16.5071	4.9807	0.000142663
5.97957	14.0413	4.95475	0.000141298
10.1618	16.5071	4.96264	0.000141055
7.464	16.5071	4.97276	0.000141961
8.69678	14.0413	4.93353	0.000140623
10.1618	16.5071	4.96264	0.000141055
9.3634	19.1174	4.98345	0.000142655
7.464	16.5071	4.97276	0.000141961
9.42308	36.8646	4.97915	0.000211194
9.49534	33.1714	4.98736	0.000171657
12.7112	34.5275	4.95996	0.000179926
12.5	40	4.93192	0.000299036
9.36058	39.4121	4.97826	0.000274647
12.5385	36.8646	4.93758	0.000209976
9.36058	39.4121	4.97826	0.000274647
6.30769	36.8646	4.99251	0.000207936
9.42308	36.8646	4.97915	0.000211194
3.19231	36.8646	4.99692	0.000206771
3.40821	33.9432	4.9975	0.000176932
6.30769	36.8646	4.99251	0.000207936
0.076922	36.8646	4.99793	0.000205139
3.19231	36.8646	4.99692	0.000206771
3.125	40	4.9966	0.000281571
0.076922	36.8646	4.99793	0.000205139
0.307214	33.7485	4.99827	0.000175786
3.19231	36.8646	4.99692	0.000206771
6.70061	30.2933	4.99627	0.00015925
9.80591	30.6708	4.99119	0.000159836
9.49534	33.1714	4.98736	0.000171657
2.71986	21.856	4.99603	0.000146692
5.62671	21.6734	4.9945	0.00014571
4.97956	24.7062	4.99722	0.000148933
18.0114	27.1222	4.97979	0.00014554
15.7173	29.727	4.97727	0.000152382
15.2052	26.1784	4.98801	0.000146326
43.5196	33.7485	4.97723	0.00015207
40.5769	36.8646	4.91153	0.000162671
40.433	33.7485	4.96784	0.000150577
49.9231	36.8646	4.97509	0.000163297
46.8029	37.0605	4.96753	0.000162363
49.6928	33.7485	4.98885	0.000153776
43.75	40	4.86536	0.000190252
40.625	40	0.221504	0.00019882
43.6827	37.2565	4.93193	0.000164507
13.1107	27.6505	4.99009	0.000149924
15.7173	29.727	4.97727	0.000152382
12.8447	30.6708	4.98268	0.000157446
10.9756	24.1362	4.99317	0.000146
13.1107	27.6505	4.99009	0.000149924
10.1383	27.6505	4.99434	0.000151524
15.2052	26.1784	4.98801	0.000146326
17.2998	24.7062	4.98451	0.000143222
18.0114	27.1222	4.97979	0.00014554
14.001	23.9462	4.98901	0.000144335
15.2052	26.1784	4.98801	0.000146326
13.1107	27.6505	4.99009	0.000149924
14.001	23.9462	4.98901	0.000144335
17.2998	24.7062	4.98451	0.000143222
15.2052	26.1784	4.98801	0.000146326
46.6062	33.7485	4.98654	0.000152998
43.6827	37.2565	4.93193	0.000164507
43.5196	33.7485	4.97723	0.00015207
50	40	4.95882	0.000184154
46.8029	37.0605	4.96753	0.000162363
49.9231	36.8646	4.97509	0.000163297
46.8798	40.196	4.93407	0.000198315
43.75	40	4.86536	0.000190252
46.8029	37.0605	4.96753	0.000162363
21.9014	39.3141	0.233092	0.000265703
21.9183	41.7637	4.8407	0.000404704
18.7981	41.9596	0.23105	0.000428048
25	40	4.86059	0.000265267
21.9014	39.3141	0.233092	0.000265703
21.8846	36.8646	4.79678	0.000196552
25	40	4.86059	0.000265267
21.9183	41.7637	4.8407	0.000404704
21.9014	39.3141	0.233092	0.000265703
22.0142	44.8882	4.89476	0.000711865
18.7981	41.9596	0.23105	0.000428048
21.9183	41.7637	4.8407	0.000404704
3.69504	30.482	4.99801	0.000160631
3.40821	33.9432	4.9975	0.000176932
0.68946	30.6708	4.99851	0.000161962
1.22131	27.6505	4.99845	0.000154525
3.69504	30.482	4.99801	0.000160631
0.68946	30.6708	4.99851	0.000161962
6.70061	30.2933	4.99627	0.00015925
6.43263	33.3637	4.99493	0.000172617
3.69504	30.482	4.99801	0.000160631
43.5196	33.7485	4.97723	0.00015207
43.6827	37.2565	4.93193	0.000164507
40.5769	36.8646	4.91153	0.000162671
40.1941	30.6708	4.98633	0.000145928
43.2329	30.6708	4.99063	0.000148009
40.433	33.7485	4.96784	0.000150577
46.6062	33.7485	4.98654	0.000152998
49.6928	33.7485	4.98885	0.000153776
46.8029	37.0605	4.96753	0.000162363
46.2478	30.8632	4.99329	0.000149604
46.6062	33.7485	4.98654	0.000152998
43.5196	33.7485	4.97723	0.00015207
46.2478	30.8632	4.99329	0.000149604
49.3105	30.6708	4.99449	0.00015014
46.6062	33.7485	4.98654	0.000152998
46.8798	40.196	4.93407	0.000198315
46.8029	37.0605	4.96753	0.000162363
50	40	4.95882	0.000184154
9.4375	42.5475	4.98247	0.000487569
6.24038	39.6081	4.99224	0.000269992
9.36058	39.4121	4.97826	0.000274647
9.49534	33.1714	4.98736	0.000171657
9.80591	30.6708	4.99119	0.000159836
12.8447	30.6708	4.98268	0.000157446
12.5385	36.8646	4.93758	0.000209976
9.42308	36.8646	4.97915	0.000211194
12.7112	34.5275	4.95996	0.000179926
6.43263	33.3637	4.99493	0.000172617
6.70061	30.2933	4.99627	0.00015925
9.49534	33.1714	4.98736	0.000171657
4.19365	27.6505	4.99804	0.000153609
4.97956	24.7062	4.99722	0.000148933
7.16598	27.6505	4.99686	0.000152617
1.22131	27.6505	4.99845	0.000154525
4.19365	27.6505	4.99804	0.000153609
3.69504	30.482	4.99801	0.000160631
1.22131	27.6505	4.99845	0.000154525
1.8995	24.7062	4.99784	0.000149863
4.19365	27.6505	4.99804	0.000153609
6.70061	30.2933	4.99627	0.00015925
4.19365	27.6505	4.99804	0.000153609
7.16598	27.6505	4.99686	0.000152617
18.7229	29.5382	4.96144	0.000148927
22.0277	27.6505	4.96661	0.000141744
21.9612	30.6708	4.91708	0.000146689
14.3285	32.6965	4.95919	0.000165843
12.8447	30.6708	4.98268	0.000157446
15.7173	29.727	4.97727	0.000152382
18.6835	32.5943	4.91415	0.000159098
14.3285	32.6965	4.95919	0.000165843
15.7173	29.727	4.97727	0.000152382
15.8122	34.7222	4.90225	0.000177482
12.7112	34.5275	4.95996	0.000179926
14.3285	32.6965	4.95919	0.000165843
18.0114	27.1222	4.97979	0.00014554
20.3799	24.7062	4.97681	0.00014108
22.0277	27.6505	4.96661	0.000141744
3.40821	33.9432	4.9975	0.000176932
3.69504	30.482	4.99801	0.000160631
6.43263	33.3637	4.99493	0.000172617
46.8077	43.1354	4.91085	0.000258125
43.6923	43.1354	0.23822	0.000273837
46.8798	40.196	4.93407	0.000198315
49.9231	43.1354	4.94796	0.00025075
46.8077	43.1354	4.91085	0.000258125
46.8798	40.196	4.93407	0.000198315
46.2717	49.3292	4.9569	0.000778473
49.3105	49.3292	4.96666	0.000689237
48.7787	52.3495	4.9651	0.00145061
43.5196	46.2515	4.87281	0.000450176
46.2717	49.3292	4.9569	0.000778473
43.2329	49.3292	4.92878	0.00091087
40.433	46.2515	4.79415	0.000511995
43.5196	46.2515	4.87281	0.000450176
43.2329	49.3292	4.92878	0.00091087
43.6923	43.1354	0.23822	0.000273837
46.8077	43.1354	4.91085	0.000258125
46.6062	46.2515	4.93176	0.00040448
46.6062	46.2515	4.93176	0.00040448
49.3105	49.3292	4.96666	0.000689237
46.2717	49.3292	4.9569	0.000778473
6.30769	36.8646	4.99251	0.000207936
6.43263	33.3637	4.99493	0.000172617
9.42308	36.8646	4.97915	0.000211194
3.125	40	4.9966	0.000281571
3.19231	36.8646	4.99692	0.000206771
6.24038	39.6081	4.99224	0.000269992
3.40821	33.9432	4.9975	0.000176932
6.43263	33.3637	4.99493	0.000172617
6.30769	36.8646	4.99251	0.000207936
0.307214	33.7485	4.99827	0.000175786
3.40821	33.9432	4.9975	0.000176932
3.19231	36.8646	4.99692	0.000206771
0.307214	33.7485	4.99827	0.000175786
0.68946	30.6708	4.99851	0.000161962
3.40821	33.9432	4.9975	0.000176932
