25	30.6708	4.91842	8.76434e-05
28.0866	33.7485	4.90209	9.74825e-05
25.1151	35.3065	0.246639	0.000111612
22.0277	27.6505	4.96698	8.58749e-05
25	30.6708	4.91842	8.76434e-05
21.9612	30.6708	4.91883	9.10984e-05
26.689	28.4246	4.95495	8.41836e-05
28.269	26.3624	4.95207	8.26847e-05
30.7452	28.7831	4.94748	8.39688e-05
25	30.6708	4.91842	8.76434e-05
26.689	28.4246	4.95495	8.41836e-05
28.0388	30.6708	4.94411	8.68956e-05
25.3391	26.1784	4.96794	8.33375e-05
28.269	26.3624	4.95207	8.26847e-05
26.689	28.4246	4.95495	8.41836e-05
28.0388	30.6708	4.94411	8.68956e-05
30.9343	31.8249	4.95101	8.81831e-05
28.0866	33.7485	4.90209	9.74825e-05
22.0277	27.6505	4.96698	8.58749e-05
26.689	28.4246	4.95495	8.41836e-05
25	30.6708	4.91842	8.76434e-05
30.7452	28.7831	4.94748	8.39688e-05
30.9343	31.8249	4.95101	8.81831e-05
28.0388	30.6708	4.94411	8.68956e-05
26.689	28.4246	4.95495	8.41836e-05
30.7452	28.7831	4.94748	8.39688e-05
28.0388	30.6708	4.94411	8.68956e-05
26.1025	23.1861	4.96772	8.22106e-05
28.269	26.3624	4.95207	8.26847e-05
25.3391	26.1784	4.96794	8.33375e-05
29.1279	22.9961	4.95996	8.18866e-05
32.7002	24.7062	4.95606	8.25666e-05
31.199	26.5464	0.346187	8.41305e-05
33.7508	28.5944	4.96385	8.41791e-05
30.9343	31.8249	4.95101	8.81831e-05
30.7452	28.7831	4.94748	8.39688e-05
31.199	26.5464	0.346187	8.41305e-05
33.7508	28.5944	4.96385	8.41791e-05
30.7452	28.7831	4.94748	8.39688e-05
37.4615	36.8646	4.9069	0.00010976
40.433	33.7485	4.96744	9.30515e-05
40.5769	36.8646	4.91111	0.000105389
36.8893	27.6505	4.98387	8.49802e-05
37.1553	30.6708	4.97844	8.75502e-05
33.7508	28.5944	4.96385	8.41791e-05
36.8893	27.6505	4.98387	8.49802e-05
39.9888	27.0985	4.99141	8.59805e-05
40.1941	30.6708	4.98591	8.82008e-05
34.9506	19.1174	4.9691	8.2151e-05
34.4425	16.5071	4.93434	8.16099e-05
37.1403	16.5071	4.93882	8.20607e-05
38.204	22.4261	4.98761	8.38218e-05
35.1786	22.6161	4.98044	8.2856e-05
36.4861	20.8667	4.97928	8.28936e-05
32.1075	19.1174	4.96435	8.16524e-05
28.8815	20.2128	4.96046	8.15397e-05
28.6113	17.5512	4.93351	8.12942e-05
38.204	22.4261	4.98761	8.38218e-05
35.7802	24.7062	4.98191	8.3498e-05
35.1786	22.6161	4.98044	8.2856e-05
32.7002	24.7062	4.95606	8.25666e-05
29.1279	22.9961	4.95996	8.18866e-05
32.4267	21.856	4.97218	8.20626e-05
45.7731	27.8393	4.99593	8.80806e-05
48.1005	24.7062	4.99682	8.71781e-05
48.7787	27.6505	4.9966	8.84158e-05
38.8603	24.7062	4.99052	8.46968e-05
41.2294	22.236	4.9911	8.47592e-05
41.9404	24.7062	4.99413	8.58119e-05
38.8603	24.7062	4.99052	8.46968e-05
38.204	22.4261	4.98761	8.38218e-05
41.2294	22.236	4.9911	8.47592e-05
36.8893	27.6505	4.98387	8.49802e-05
38.8603	24.7062	4.99052	8.46968e-05
39.9888	27.0985	4.99141	8.59805e-05
35.7802	24.7062	4.98191	8.3498e-05
38.204	22.4261	4.98761	8.38218e-05
38.8603	24.7062	4.99052	8.46968e-05
33.7508	28.5944	4.96385	8.41791e-05
35.7802	24.7062	4.98191	8.3498e-05
36.8893	27.6505	4.98387	8.49802e-05
32.7002	24.7062	4.95606	8.25666e-05
32.4267	21.856	4.97218	8.20626e-05
35.1786	22.6161	4.98044	8.2856e-05
37.7936	19.1174	4.97322	8.28214e-05
40.5089	19.4825	4.98136	8.36604e-05
38.204	22.4261	4.98761	8.38218e-05
35.1786	22.6161	4.98044	8.2856e-05
32.4267	21.856	4.97218	8.20626e-05
34.9506	19.1174	4.9691	8.2151e-05
36.4861	20.8667	4.97928	8.28936e-05
35.1786	22.6161	4.98044	8.2856e-05
34.9506	19.1174	4.9691	8.2151e-05
37.7936	19.1174	4.97322	8.28214e-05
36.4861	20.8667	4.97928	8.28936e-05
34.9506	19.1174	4.9691	8.2151e-05
37.7936	19.1174	4.97322	8.28214e-05
38.204	22.4261	4.98761	8.38218e-05
36.4861	20.8667	4.97928	8.28936e-05
35.7802	24.7062	4.98191	8.3498e-05
32.7002	24.7062	4.95606	8.25666e-05
35.1786	22.6161	4.98044	8.2856e-05
33.7508	28.5944	4.96385	8.41791e-05
32.7002	24.7062	4.95606	8.25666e-05
35.7802	24.7062	4.98191	8.3498e-05
29.1279	22.9961	4.95996	8.18866e-05
28.8815	20.2128	4.96046	8.15397e-05
32.4267	21.856	4.97218	8.20626e-05
37.1403	16.5071	4.93882	8.20607e-05
39.693	16.8552	4.95604	8.26565e-05
37.7936	19.1174	4.97322	8.28214e-05
44.3095	21.856	4.99327	8.54646e-05
47.2801	21.856	4.99491	8.59966e-05
45.0204	24.7062	4.99605	8.66759e-05
41.9404	24.7062	4.99413	8.58119e-05
44.3095	21.856	4.99327	8.54646e-05
45.0204	24.7062	4.99605	8.66759e-05
43.4158	19.3	4.9859	8.43165e-05
46.3226	19.1174	4.98932	8.47962e-05
44.3095	21.856	4.99327	8.54646e-05
28.0866	46.2515	4.88325	0.00096222
31.0776	49.3292	4.83593	0.0023078
28.0388	49.3292	4.88471	0.00261655
25	43.1354	4.8992	0.000405856
28.1154	43.1354	4.8502	0.000419234
28.0866	46.2515	4.88325	0.00096222
37.3464	46.2515	0.159646	0.000588695
34.3294	43.6157	0.131318	0.00037642
37.5191	43.9145	0.142332	0.000333112
31.226	43.7137	0.184507	0.000451078
31.2788	41.1758	0.179974	0.000252301
34.3294	43.6157	0.131318	0.00037642
28.0866	46.2515	4.88325	0.00096222
31.226	43.7137	0.184507	0.000451078
31.1732	46.2515	4.77608	0.000910195
28.1154	43.1354	4.8502	0.000419234
31.2788	41.1758	0.179974	0.000252301
31.226	43.7137	0.184507	0.000451078
25	46.2515	4.91239	0.000952
25	43.1354	4.8992	0.000405856
28.0866	46.2515	4.88325	0.00096222
28.125	40	4.83688	0.000203356
31.2788	41.1758	0.179974	0.000252301
28.1154	43.1354	4.8502	0.000419234
28.125	40	4.83688	0.000203356
31.2019	38.0404	0.0379709	2.26153e-05
31.2788	41.1758	0.179974	0.000252301
31.2019	38.0404	0.0379709	2.26153e-05
34.399	40.9798	0.0267468	3.49131e-05
31.2788	41.1758	0.179974	0.000252301
28.0866	33.7485	4.90209	9.74825e-05
31.3171	35.696	4.88965	0.000107878
28.1154	36.8646	4.85688	0.000126536
37.3464	33.7485	4.95963	9.37348e-05
37.1553	30.6708	4.97844	8.75502e-05
40.1941	30.6708	4.98591	8.82008e-05
37.4615	36.8646	4.9069	0.00010976
37.3464	33.7485	4.95963	9.37348e-05
40.433	33.7485	4.96744	9.30515e-05
37.4615	36.8646	4.9069	0.00010976
34.3221	37.8444	0.778624	2.04393e-05
34.1596	34.7385	4.93273	9.88859e-05
34.1596	34.7385	4.93273	9.88859e-05
33.997	31.6326	4.96303	8.83068e-05
37.3464	33.7485	4.95963	9.37348e-05
31.3171	35.696	4.88965	0.000107878
34.1596	34.7385	4.93273	9.88859e-05
34.3221	37.8444	0.778624	2.04393e-05
31.3171	35.696	4.88965	0.000107878
30.9343	31.8249	4.95101	8.81831e-05
34.1596	34.7385	4.93273	9.88859e-05
30.9343	31.8249	4.95101	8.81831e-05
33.7508	28.5944	4.96385	8.41791e-05
33.997	31.6326	4.96303	8.83068e-05
40.433	46.2515	4.79417	0.000450311
40.6201	43.7197	0.18511	0.000265296
43.5196	46.2515	4.87274	0.000385807
46.8029	37.0605	4.96727	0.000102532
43.75	40	4.86504	0.0001313
43.6827	37.2565	4.93158	0.000105759
49.9231	43.1354	4.94774	0.000185298
46.8798	40.196	4.93382	0.000134144
50	40	4.95858	0.000123535
49.9231	43.1354	4.94774	0.000185298
49.6928	46.2515	4.95588	0.000311547
46.8077	43.1354	4.91063	0.000193184
25	43.1354	4.8992	0.000405856
25	46.2515	4.91239	0.000952
22.0142	44.8882	4.8943	0.000699614
25	40	4.86382	0.000196301
25	43.1354	4.8992	0.000405856
21.9183	41.7637	4.83989	0.000322175
25	40	4.86382	0.000196301
28.1154	43.1354	4.8502	0.000419234
25	43.1354	4.8992	0.000405856
31.2019	38.0404	0.0379709	2.26153e-05
28.125	40	4.83688	0.000203356
28.1154	36.8646	4.85688	0.000126536
28.1154	43.1354	4.8502	0.000419234
31.226	43.7137	0.184507	0.000451078
28.0866	46.2515	4.88325	0.00096222
18.7981	41.9596	0.229404	0.000330918
15.601	39.0202	0.242319	0.000196076
18.7212	38.8242	0.204235	0.000184604
17.2523	44.2036	4.88516	0.00065624
15.7402	46.2515	4.93846	0.00120076
14.1489	44.3016	4.94364	0.000688636
18.7981	41.9596	0.229404	0.000330918
17.2523	44.2036	4.88516	0.00065624
15.6779	42.1556	4.87355	0.000388511
18.8268	46.2515	4.9064	0.00105279
15.7402	46.2515	4.93846	0.00120076
17.2523	44.2036	4.88516	0.00065624
21.7462	47.598	4.88505	0.00167235
18.8268	46.2515	4.9064	0.00105279
22.0142	44.8882	4.8943	0.000699614
21.7462	47.598	4.88505	0.00167235
18.9224	49.3292	4.87186	0.00295315
18.8268	46.2515	4.9064	0.00105279
15.6779	42.1556	4.87355	0.000388511
15.601	39.0202	0.242319	0.000196076
18.7981	41.9596	0.229404	0.000330918
18.8268	46.2515	4.9064	0.00105279
17.2523	44.2036	4.88516	0.00065624
18.7981	41.9596	0.229404	0.000330918
14.1489	44.3016	4.94364	0.000688636
12.6536	46.2515	4.96956	0.0010891
12.5577	42.3516	4.9516	0.000392822
15.6779	42.1556	4.87355	0.000388511
14.1489	44.3016	4.94364	0.000688636
12.5577	42.3516	4.9516	0.000392822
15.7402	46.2515	4.93846	0.00120076
12.6536	46.2515	4.96956	0.0010891
14.1489	44.3016	4.94364	0.000688636
12.7118	50.0843	4.96264	0.00354946
12.6536	46.2515	4.96956	0.0010891
15.8835	49.3292	4.93503	0.0029033
16.083	52.3495	4.89299	0.00756977
13.1107	52.3495	4.94339	0.00682746
15.8835	49.3292	4.93503	0.0029033
18.9224	49.3292	4.87186	0.00295315
16.083	52.3495	4.89299	0.00756977
15.8835	49.3292	4.93503	0.0029033
13.1107	52.3495	4.94339	0.00682746
10.6893	54.7417	4.92553	0.0117789
10.1383	52.3495	4.96118	0.00617106
15.8835	49.3292	4.93503	0.0029033
13.1107	52.3495	4.94339	0.00682746
12.7118	50.0843	4.96264	0.00354946
14.2198	55.2938	4.89223	0.0164452
10.6893	54.7417	4.92553	0.0117789
13.1107	52.3495	4.94339	0.00682746
17.0264	56.2438	4.83672	0.0265621
14.2198	55.2938	4.89223	0.0164452
16.083	52.3495	4.89299	0.00756977
17.2808	59.0298	4.73455	0.0641773
17.5295	61.7527	0.0837078	4.58103
15.0494	60.8826	0.10805	0.0634408
17.0264	56.2438	4.83672	0.0265621
17.2808	59.0298	4.73455	0.0641773
14.6026	58.144	4.78236	0.0339947
17.0264	56.2438	4.83672	0.0265621
20.0518	56.4338	4.77828	0.0305673
17.2808	59.0298	4.73455	0.0641773
7.16598	52.3495	4.96997	0.00596666
8.05963	55.2938	4.92337	0.0139805
4.92487	55.4838	4.93229	0.0159953
6.76709	49.3292	4.98676	0.00243968
7.16598	52.3495	4.96997	0.00596666
4.19365	52.3495	4.97565	0.00580016
10.1383	52.3495	4.96118	0.00617106
8.05963	55.2938	4.92337	0.0139805
7.16598	52.3495	4.96997	0.00596666
12.7118	50.0843	4.96264	0.00354946
10.1383	52.3495	4.96118	0.00617106
9.70619	49.8955	4.97804	0.00306308
10.6893	54.7417	4.92553	0.0117789
8.05963	55.2938	4.92337	0.0139805
10.1383	52.3495	4.96118	0.00617106
12.5577	42.3516	4.9516	0.000392822
12.5	40	4.93142	0.000228288
15.6779	42.1556	4.87355	0.000388511
9.61019	45.6673	4.98631	0.000863564
12.5577	42.3516	4.9516	0.000392822
12.6536	46.2515	4.96956	0.0010891
9.61019	45.6673	4.98631	0.000863564
6.31731	42.7435	4.9929	0.000394211
9.4375	42.5475	4.98209	0.000408334
-3.10282e-28	40	4.99765	0.000222446
3.125	40	4.99666	0.000213502
3.19711	42.9395	4.99626	0.000409375
-3.10282e-28	40	4.99765	0.000222446
0.076922	36.8646	4.99799	0.000138608
3.125	40	4.99666	0.000213502
46.6062	46.2515	4.93162	0.000338352
46.2717	49.3292	4.95683	0.000710875
43.5196	46.2515	4.87274	0.000385807
43.6923	43.1354	0.238067	0.000209334
46.6062	46.2515	4.93162	0.000338352
43.5196	46.2515	4.87274	0.000385807
49.6928	46.2515	4.95588	0.000311547
49.3105	49.3292	4.96654	0.000621089
46.6062	46.2515	4.93162	0.000338352
27.4517	72.3429	0.00274067	0.0235384
25	72.3429	0.00278634	0.0289364
27.0253	69.2491	0.00654092	0.054818
24.7277	76.3587	0.00100911	0.00968156
26.189	74.0896	0.00171587	0.0160929
27.2733	75.6267	0.00117825	0.0100918
24.7277	76.3587	0.00100911	0.00968156
23.0327	74.7883	0.00148853	0.0164436
26.189	74.0896	0.00171587	0.0160929
23.0339	79.8761	0.000711131	0.00646029
21.0802	79.5053	0.000812862	0.00746224
21.6827	78.0345	0.000849976	0.0079995
19.6759	76.9444	0.00106094	0.0096981
19.0551	74.0896	0.00193627	0.0190993
21.4331	74.0896	0.00183184	0.0209536
19.6759	76.9444	0.00106094	0.0096981
18.1801	75.6267	0.00147403	0.0128982
19.0551	74.0896	0.00193627	0.0190993
21.4331	74.0896	0.00183184	0.0209536
23.0327	74.7883	0.00148853	0.0164436
22.3999	76.5052	0.00104924	0.010683
20.0967	72.3429	0.00300667	0.0356494
22.5483	72.3429	0.00293967	0.0379887
21.4331	74.0896	0.00183184	0.0209536
16.5527	73.7985	0.00223861	0.0166852
17.645	72.3429	0.00306994	0.0249163
19.0551	74.0896	0.00193627	0.0190993
19.193	69.7412	0.00659458	0.062957
21.8037	69.5771	0.00656941	4.49941
20.0967	72.3429	0.00300667	0.0356494
21.8037	69.5771	0.00656941	4.49941
23.75	70.3973	0.0051351	0.0581609
22.5483	72.3429	0.00293967	0.0379887
21.6827	78.0345	0.000849976	0.0079995
19.1515	78.89	0.000936425	0.00828161
19.6759	76.9444	0.00106094	0.0096981
22.3999	76.5052	0.00104924	0.010683
19.6759	76.9444	0.00106094	0.0096981
21.4331	74.0896	0.00183184	0.0209536
22.3999	76.5052	0.00104924	0.010683
21.6827	78.0345	0.000849976	0.0079995
19.6759	76.9444	0.00106094	0.0096981
24.7277	76.3587	0.00100911	0.00968156
22.3999	76.5052	0.00104924	0.010683
23.0327	74.7883	0.00148853	0.0164436
24.7277	76.3587	0.00100911	0.00968156
24.9752	78.5234	0.000732979	0.00649571
23.329	78.279	0.000779491	0.00724627
21.0802	79.5053	0.000812862	0.00746224
19.1515	78.89	0.000936425	0.00828161
21.6827	78.0345	0.000849976	0.0079995
25	80	0.000691799	0.00604129
24.9752	78.5234	0.000732979	0.00649571
26.9661	79.8761	0.000678261	0.0055249
19.6759	76.9444	0.00106094	0.0096981
19.1515	78.89	0.000936425	0.00828161
17.2597	78.0345	0.00116211	0.00960263
28.3173	78.0345	0.000785793	0.00610328
30.8485	78.89	0.000863734	0.00596045
28.9198	79.5053	0.000752744	0.00569656
18.1801	75.6267	0.00147403	0.0128982
19.6759	76.9444	0.00106094	0.0096981
17.2597	78.0345	0.00116211	0.00960263
15.4167	76.9444	0.00148203	0.0109354
18.1801	75.6267	0.00147403	0.0128982
17.2597	78.0345	0.00116211	0.00960263
23.0327	74.7883	0.00148853	0.0164436
21.4331	74.0896	0.00183184	0.0209536
22.5483	72.3429	0.00293967	0.0379887
15.4167	76.9444	0.00148203	0.0109354
16.5527	73.7985	0.00223861	0.0166852
18.1801	75.6267	0.00147403	0.0128982
20.0967	72.3429	0.00300667	0.0356494
21.8037	69.5771	0.00656941	4.49941
22.5483	72.3429	0.00293967	0.0379887
15.4167	76.9444	0.00148203	0.0109354
13.6336	75.6267	0.00220571	0.0141768
14.237	73.9441	0.0025494	0.0160409
29.3832	76.0659	0.00110182	0.00830492
31.3712	77.1646	0.00103211	0.00691339
28.3173	78.0345	0.000785793	0.00610328
31.9219	75.3472	0.00140003	0.00912742
34.5833	76.9444	0.00136566	0.00782511
32.7403	78.0345	0.0010429	0.00660374
14.237	73.9441	0.0025494	0.0160409
11.9212	74.0896	0.00321235	0.0182022
12.7417	72.3429	0.00390119	0.0210769
11.25	70.3973	0.00681452	0.0324641
12.7417	72.3429	0.00390119	0.0210769
10.2901	72.3429	0.00520203	0.0265917
17.645	72.3429	0.00306994	0.0249163
16.5527	73.7985	0.00223861	0.0166852
15.1934	72.3429	0.00331358	0.0204904
19.193	69.7412	0.00659458	0.062957
17.645	72.3429	0.00306994	0.0249163
16.25	70.3973	0.00540707	0.0317408
20.0967	72.3429	0.00300667	0.0356494
19.0551	74.0896	0.00193627	0.0190993
17.645	72.3429	0.00306994	0.0249163
19.0551	74.0896	0.00193627	0.0190993
18.1801	75.6267	0.00147403	0.0128982
16.5527	73.7985	0.00223861	0.0166852
32.355	72.3429	0.00279172	0.0181911
34.8066	72.3429	0.00315413	0.0171537
33.3228	74.0896	0.00193332	0.0115715
33.3228	74.0896	0.00193332	0.0115715
31.9219	75.3472	0.00140003	0.00912742
30.9297	73.8705	0.00184535	0.013106
35.7008	74.0896	0.00236523	0.0123708
33.3228	74.0896	0.00193332	0.0115715
34.8066	72.3429	0.00315413	0.0171537
34.5833	76.9444	0.00136566	0.00782511
31.9219	75.3472	0.00140003	0.00912742
33.3228	74.0896	0.00193332	0.0115715
17.4187	68.2649	0.0103816	0.0606855
14.8915	68.2649	0.00999515	0.0426039
16.8484	65.9587	0.0206061	0.0816892
16.25	70.3973	0.00540707	0.0317408
13.513	70.6966	0.00531166	0.0262717
14.8915	68.2649	0.00999515	0.0426039
19.193	69.7412	0.00659458	0.062957
16.25	70.3973	0.00540707	0.0317408
17.4187	68.2649	0.0103816	0.0606855
15.1934	72.3429	0.00331358	0.0204904
14.237	73.9441	0.0025494	0.0160409
12.7417	72.3429	0.00390119	0.0210769
17.645	72.3429	0.00306994	0.0249163
15.1934	72.3429	0.00331358	0.0204904
16.25	70.3973	0.00540707	0.0317408
16.5527	73.7985	0.00223861	0.0166852
14.237	73.9441	0.0025494	0.0160409
15.1934	72.3429	0.00331358	0.0204904
12.7417	72.3429	0.00390119	0.0210769
11.25	70.3973	0.00681452	0.0324641
13.513	70.6966	0.00531166	0.0262717
8.74996	70.3973	0.00910106	0.0450288
11.25	70.3973	0.00681452	0.0324641
10.2901	72.3429	0.00520203	0.0265917
12.3644	68.2649	0.010856	0.0430529
13.846	66.4528	0.0177158	0.0505576
14.8915	68.2649	0.00999515	0.0426039
9.83732	68.2649	0.0128877	0.0635348
12.3644	68.2649	0.010856	0.0430529
11.25	70.3973	0.00681452	0.0324641
9.83732	68.2649	0.0128877	0.0635348
11.414	65.9587	0.0219825	0.0642724
12.3644	68.2649	0.010856	0.0430529
9.83732	68.2649	0.0128877	0.0635348
11.25	70.3973	0.00681452	0.0324641
8.74996	70.3973	0.00910106	0.0450288
14.8915	68.2649	0.00999515	0.0426039
13.513	70.6966	0.00531166	0.0262717
12.3644	68.2649	0.010856	0.0430529
15.1934	72.3429	0.00331358	0.0204904
12.7417	72.3429	0.00390119	0.0210769
13.513	70.6966	0.00531166	0.0262717
15.4167	76.9444	0.00148203	0.0109354
14.237	73.9441	0.0025494	0.0160409
16.5527	73.7985	0.00223861	0.0166852
13.6336	75.6267	0.00220571	0.0141768
11.9212	74.0896	0.00321235	0.0182022
14.237	73.9441	0.0025494	0.0160409
11.9212	74.0896	0.00321235	0.0182022
10.2901	72.3429	0.00520203	0.0265917
12.7417	72.3429	0.00390119	0.0210769
7.31021	68.2649	0.0169524	0.0933498
9.83732	68.2649	0.0128877	0.0635348
8.74996	70.3973	0.00910106	0.0450288
7.31021	68.2649	0.0169524	0.0933498
5.97957	65.9587	0.0338719	4.61709
8.78345	65.7825	0.0271409	4.55199
28.3173	78.0345	0.000785793	0.00610328
28.9198	79.5053	0.000752744	0.00569656
26.9661	79.8761	0.000678261	0.0055249
31.3712	77.1646	0.00103211	0.00691339
31.9219	75.3472	0.00140003	0.00912742
32.7403	78.0345	0.0010429	0.00660374
28.3173	78.0345	0.000785793	0.00610328
31.3712	77.1646	0.00103211	0.00691339
30.8485	78.89	0.000863734	0.00596045
29.3832	76.0659	0.00110182	0.00830492
31.9219	75.3472	0.00140003	0.00912742
31.3712	77.1646	0.00103211	0.00691339
27.2733	75.6267	0.00117825	0.0100918
29.3832	76.0659	0.00110182	0.00830492
28.3173	78.0345	0.000785793	0.00610328
28.5669	74.0896	0.00170258	0.0137952
29.9033	72.3429	0.00270431	0.0211323
30.9297	73.8705	0.00184535	0.013106
27.2733	75.6267	0.00117825	0.0100918
28.5669	74.0896	0.00170258	0.0137952
29.3832	76.0659	0.00110182	0.00830492
27.2733	75.6267	0.00117825	0.0100918
26.189	74.0896	0.00171587	0.0160929
28.5669	74.0896	0.00170258	0.0137952
26.2439	77.6257	0.000812112	0.00700543
27.2733	75.6267	0.00117825	0.0100918
28.3173	78.0345	0.000785793	0.00610328
26.9661	79.8761	0.000678261	0.0055249
26.2439	77.6257	0.000812112	0.00700543
28.3173	78.0345	0.000785793	0.00610328
24.9752	78.5234	0.000732979	0.00649571
24.7277	76.3587	0.00100911	0.00968156
26.2439	77.6257	0.000812112	0.00700543
31.0572	70.658	0.00428431	0.0327276
30.0542	68.2649	0.00847055	4.39863
32.2468	68.921	0.00696953	0.0444934
31.0572	70.658	0.00428431	0.0327276
28.75	70.3973	0.00474581	0.0400193
30.0542	68.2649	0.00847055	4.39863
33.75	70.3973	0.00487689	0.0266742
31.0572	70.658	0.00428431	0.0327276
32.2468	68.921	0.00696953	0.0444934
29.9033	72.3429	0.00270431	0.0211323
28.75	70.3973	0.00474581	0.0400193
31.0572	70.658	0.00428431	0.0327276
30.9297	73.8705	0.00184535	0.013106
29.9033	72.3429	0.00270431	0.0211323
32.355	72.3429	0.00279172	0.0181911
33.3228	74.0896	0.00193332	0.0115715
30.9297	73.8705	0.00184535	0.013106
32.355	72.3429	0.00279172	0.0181911
31.9219	75.3472	0.00140003	0.00912742
29.3832	76.0659	0.00110182	0.00830492
30.9297	73.8705	0.00184535	0.013106
28.5669	74.0896	0.00170258	0.0137952
26.189	74.0896	0.00171587	0.0160929
27.4517	72.3429	0.00274067	0.0235384
25	72.3429	0.00278634	0.0289364
23.75	70.3973	0.0051351	0.0581609
27.0253	69.2491	0.00654092	0.054818
26.9661	79.8761	0.000678261	0.0055249
24.9752	78.5234	0.000732979	0.00649571
26.2439	77.6257	0.000812112	0.00700543
27.0253	69.2491	0.00654092	0.054818
24.3347	67.1118	0.0117896	0.106885
26.9568	67.2765	0.0106035	0.0781562
19.0904	66.7823	0.0162329	0.106909
19.999	65.078	0.0274646	4.63238
22.2828	65.9587	0.0172562	4.63728
17.4187	68.2649	0.0103816	0.0606855
19.0904	66.7823	0.0162329	0.106909
19.193	69.7412	0.00659458	0.062957
17.4187	68.2649	0.0103816	0.0606855
16.8484	65.9587	0.0206061	0.0816892
19.0904	66.7823	0.0162329	0.106909
27.4517	72.3429	0.00274067	0.0235384
28.75	70.3973	0.00474581	0.0400193
29.9033	72.3429	0.00270431	0.0211323
28.5669	74.0896	0.00170258	0.0137952
27.4517	72.3429	0.00274067	0.0235384
29.9033	72.3429	0.00270431	0.0211323
26.189	74.0896	0.00171587	0.0160929
25	72.3429	0.00278634	0.0289364
27.4517	72.3429	0.00274067	0.0235384
27.0253	69.2491	0.00654092	0.054818
26.9568	67.2765	0.0106035	0.0781562
30.0542	68.2649	0.00847055	4.39863
27.4517	72.3429	0.00274067	0.0235384
27.0253	69.2491	0.00654092	0.054818
28.75	70.3973	0.00474581	0.0400193
23.75	70.3973	0.0051351	0.0581609
24.3347	67.1118	0.0117896	0.106885
27.0253	69.2491	0.00654092	0.054818
34.8233	67.7707	0.0106994	0.0462585
37.4455	67.9354	0.0119434	4.34068
36.25	70.3973	0.00561187	0.0299102
31.3712	77.1646	0.00103211	0.00691339
32.7403	78.0345	0.0010429	0.00660374
30.8485	78.89	0.000863734	0.00596045
23.329	78.279	0.000779491	0.00724627
22.3999	76.5052	0.00104924	0.010683
24.7277	76.3587	0.00100911	0.00968156
23.0339	79.8761	0.000711131	0.00646029
23.329	78.279	0.000779491	0.00724627
24.9752	78.5234	0.000732979	0.00649571
21.6827	78.0345	0.000849976	0.0079995
22.3999	76.5052	0.00104924	0.010683
23.329	78.279	0.000779491	0.00724627
21.6827	78.0345	0.000849976	0.0079995
23.329	78.279	0.000779491	0.00724627
23.0339	79.8761	0.000711131	0.00646029
25	72.3429	0.00278634	0.0289364
26.189	74.0896	0.00171587	0.0160929
23.0327	74.7883	0.00148853	0.0164436
27.2733	75.6267	0.00117825	0.0100918
26.2439	77.6257	0.000812112	0.00700543
24.7277	76.3587	0.00100911	0.00968156
25	80	0.000691799	0.00604129
23.0339	79.8761	0.000711131	0.00646029
24.9752	78.5234	0.000732979	0.00649571
35.7008	74.0896	0.00236523	0.0123708
37.3942	72.4885	0.00383141	0.0182695
38.0788	74.0896	0.00317562	0.0150637
34.5833	76.9444	0.00136566	0.00782511
35.7008	74.0896	0.00236523	0.0123708
36.3664	75.6267	0.00209243	0.0109339
34.8066	72.3429	0.00315413	0.0171537
37.3942	72.4885	0.00383141	0.0182695
35.7008	74.0896	0.00236523	0.0123708
34.5833	76.9444	0.00136566	0.00782511
33.3228	74.0896	0.00193332	0.0115715
35.7008	74.0896	0.00236523	0.0123708
33.75	70.3973	0.00487689	0.0266742
36.25	70.3973	0.00561187	0.0299102
34.8066	72.3429	0.00315413	0.0171537
35.7008	74.0896	0.00236523	0.0123708
38.0788	74.0896	0.00317562	0.0150637
36.3664	75.6267	0.00209243	0.0109339
37.4455	67.9354	0.0119434	4.34068
38.75	70.3973	0.00692671	0.0298784
36.25	70.3973	0.00561187	0.0299102
39.7099	72.3429	0.00528338	0.0216918
38.0788	74.0896	0.00317562	0.0150637
37.3942	72.4885	0.00383141	0.0182695
36.25	70.3973	0.00561187	0.0299102
33.75	70.3973	0.00487689	0.0266742
34.8233	67.7707	0.0106994	0.0462585
37.3942	72.4885	0.00383141	0.0182695
36.25	70.3973	0.00561187	0.0299102
38.75	70.3973	0.00692671	0.0298784
37.3942	72.4885	0.00383141	0.0182695
34.8066	72.3429	0.00315413	0.0171537
36.25	70.3973	0.00561187	0.0299102
15.5575	63.4929	0.0489996	0.0795581
16.8484	65.9587	0.0206061	0.0816892
13.846	66.4528	0.0177158	0.0505576
11.414	65.9587	0.0219825	0.0642724
12.8597	63.4929	0.0457833	0.0566204
13.846	66.4528	0.0177158	0.0505576
15.0494	60.8826	0.10805	0.0634408
17.5295	61.7527	0.0837078	4.58103
15.5575	63.4929	0.0489996	0.0795581
15.5575	63.4929	0.0489996	0.0795581
17.5295	61.7527	0.0837078	4.58103
16.8484	65.9587	0.0206061	0.0816892
11.6319	58.144	4.71262	0.0267194
14.6026	58.144	4.78236	0.0339947
12.3979	60.3349	0.122252	0.041489
14.6026	58.144	4.78236	0.0339947
17.2808	59.0298	4.73455	0.0641773
15.0494	60.8826	0.10805	0.0634408
20.363	63.0044	0.0509756	4.63619
19.999	65.078	0.0274646	4.63238
17.5295	61.7527	0.0837078	4.58103
20.7355	60.8826	0.0952142	4.56071
20.363	63.0044	0.0509756	4.63619
17.5295	61.7527	0.0837078	4.58103
20.7355	60.8826	0.0952142	4.56071
23.0704	62.1007	0.0437841	0.0976005
20.363	63.0044	0.0509756	4.63619
11.6319	58.144	4.71262	0.0267194
10.6893	54.7417	4.92553	0.0117789
14.2198	55.2938	4.89223	0.0164452
9.3634	60.8826	0.111581	0.0553816
11.6319	58.144	4.71262	0.0267194
12.3979	60.3349	0.122252	0.041489
8.66123	58.144	4.80586	0.0290014
10.6893	54.7417	4.92553	0.0117789
11.6319	58.144	4.71262	0.0267194
5.69054	58.144	4.82907	0.0376838
4.92487	55.4838	4.93229	0.0159953
8.05963	55.2938	4.92337	0.0139805
6.4478	61.0566	0.118334	0.0744483
5.69054	58.144	4.82907	0.0376838
8.66123	58.144	4.80586	0.0290014
3.67737	60.8826	0.150623	4.44589
2.71986	58.144	4.86507	0.0365856
5.69054	58.144	4.82907	0.0376838
36.8222	64.0212	0.0358809	0.0474786
39.6261	63.8451	0.0437306	0.0402583
38.586	65.9587	0.0220799	0.0439574
34.1521	62.7968	0.0460304	4.43957
36.8222	64.0212	0.0358809	0.0474786
35.8688	65.9587	0.0188942	0.0530886
37.7936	60.8826	0.104523	0.02772
39.6261	63.8451	0.0437306	0.0402583
36.8222	64.0212	0.0358809	0.0474786
38.75	70.3973	0.00692671	0.0298784
40.1627	68.2649	0.0132006	0.0369658
41.25	70.3973	0.00932039	0.0268281
37.3942	72.4885	0.00383141	0.0182695
38.75	70.3973	0.00692671	0.0298784
39.7099	72.3429	0.00528338	0.0216918
37.4455	67.9354	0.0119434	4.34068
40.1627	68.2649	0.0132006	0.0369658
38.75	70.3973	0.00692671	0.0298784
35.8688	65.9587	0.0188942	0.0530886
37.4455	67.9354	0.0119434	4.34068
34.8233	67.7707	0.0106994	0.0462585
33.1516	65.9587	0.0165347	0.0642642
35.8688	65.9587	0.0188942	0.0530886
34.8233	67.7707	0.0106994	0.0462585
34.1521	62.7968	0.0460304	4.43957
34.9506	60.8826	0.0836499	0.0517551
36.8222	64.0212	0.0358809	0.0474786
38.75	70.3973	0.00692671	0.0298784
41.25	70.3973	0.00932039	0.0268281
39.7099	72.3429	0.00528338	0.0216918
38.586	65.9587	0.0220799	0.0439574
40.1627	68.2649	0.0132006	0.0369658
37.4455	67.9354	0.0119434	4.34068
41.3032	65.9587	0.0262609	0.0417053
42.6898	68.2649	0.017343	0.0333937
40.1627	68.2649	0.0132006	0.0369658
41.3032	65.9587	0.0262609	0.0417053
44.0204	65.9587	0.0338024	0.0474554
42.6898	68.2649	0.017343	0.0333937
41.25	70.3973	0.00932039	0.0268281
40.1627	68.2649	0.0132006	0.0369658
42.6898	68.2649	0.017343	0.0333937
36.8222	64.0212	0.0358809	0.0474786
34.9506	60.8826	0.0836499	0.0517551
37.7936	60.8826	0.104523	0.02772
2.71986	58.144	4.86507	0.0365856
4.92487	55.4838	4.93229	0.0159953
5.69054	58.144	4.82907	0.0376838
8.66123	58.144	4.80586	0.0290014
8.05963	55.2938	4.92337	0.0139805
10.6893	54.7417	4.92553	0.0117789
6.4478	61.0566	0.118334	0.0744483
8.66123	58.144	4.80586	0.0290014
9.3634	60.8826	0.111581	0.0553816
5.69054	58.144	4.82907	0.0376838
8.05963	55.2938	4.92337	0.0139805
8.66123	58.144	4.80586	0.0290014
1.8995	55.2938	4.94913	0.0132982
4.92487	55.4838	4.93229	0.0159953
2.71986	58.144	4.86507	0.0365856
1.8995	55.2938	4.94913	0.0132982
1.22131	52.3495	4.97981	0.00512297
4.19365	52.3495	4.97565	0.00580016
41.3032	65.9587	0.0262609	0.0417053
42.43	63.669	0.0535346	4.34621
44.0204	65.9587	0.0338024	0.0474554
43.4796	60.8826	0.123413	0.0283896
40.6366	60.8826	0.115071	0.0285216
41.4664	58.5091	4.78844	0.013506
45.2338	63.4929	0.0687906	0.04373
43.4796	60.8826	0.123413	0.0283896
46.3226	60.8826	0.145726	0.0195956
42.43	63.669	0.0535346	4.34621
40.6366	60.8826	0.115071	0.0285216
43.4796	60.8826	0.123413	0.0283896
41.4664	58.5091	4.78844	0.013506
38.5596	58.6917	4.7552	0.0161672
38.8603	55.2938	4.89031	0.0060992
46.3226	60.8826	0.145726	0.0195956
43.4796	60.8826	0.123413	0.0283896
44.2548	57.954	4.83253	0.00988082
42.43	63.669	0.0535346	4.34621
39.6261	63.8451	0.0437306	0.0402583
40.6366	60.8826	0.115071	0.0285216
44.0204	65.9587	0.0338024	0.0474554
42.43	63.669	0.0535346	4.34621
45.2338	63.4929	0.0687906	0.04373
36.8222	64.0212	0.0358809	0.0474786
38.586	65.9587	0.0220799	0.0439574
35.8688	65.9587	0.0188942	0.0530886
40.6366	60.8826	0.115071	0.0285216
39.6261	63.8451	0.0437306	0.0402583
37.7936	60.8826	0.104523	0.02772
38.586	65.9587	0.0220799	0.0439574
37.4455	67.9354	0.0119434	4.34068
35.8688	65.9587	0.0188942	0.0530886
41.3032	65.9587	0.0262609	0.0417053
38.586	65.9587	0.0220799	0.0439574
39.6261	63.8451	0.0437306	0.0402583
41.3032	65.9587	0.0262609	0.0417053
40.1627	68.2649	0.0132006	0.0369658
38.586	65.9587	0.0220799	0.0439574
32.2468	68.921	0.00696953	0.0444934
30.4344	65.9587	0.0146983	0.0734249
33.1516	65.9587	0.0165347	0.0642642
21.7285	50.6506	0.231058	0.00486037
19.0553	52.3495	0.231404	0.00827377
18.9224	49.3292	4.87186	0.00295315
21.7462	47.598	4.88505	0.00167235
21.7285	50.6506	0.231058	0.00486037
18.9224	49.3292	4.87186	0.00295315
15.8835	49.3292	4.93503	0.0029033
18.8268	46.2515	4.9064	0.00105279
18.9224	49.3292	4.87186	0.00295315
22.0142	44.8882	4.8943	0.000699614
25	46.2515	4.91239	0.000952
21.7462	47.598	4.88505	0.00167235
24.7341	50.8393	4.82584	0.00457698
22.4091	54.0056	0.181603	0.0135959
21.7285	50.6506	0.231058	0.00486037
26.54	55.2938	0.169334	0.0144711
26.4853	58.144	0.150767	0.0257539
23.0771	56.6239	4.69985	0.0240477
30.9447	52.3495	4.85189	0.00570648
29.6201	55.2938	4.75922	0.013588
27.9723	52.3495	4.83269	0.00663785
26.4853	58.144	0.150767	0.0257539
26.4215	60.8826	0.042796	0.0883926
24.0253	59.6046	0.13597	0.0469094
29.6201	55.2938	4.75922	0.013588
26.4853	58.144	0.150767	0.0257539
26.54	55.2938	0.169334	0.0144711
29.6201	55.2938	4.75922	0.013588
32.1533	57.1939	0.160991	0.0238705
29.839	59.2394	0.0862143	0.0410225
17.2808	59.0298	4.73455	0.0641773
20.7355	60.8826	0.0952142	4.56071
17.5295	61.7527	0.0837078	4.58103
23.0771	56.6239	4.69985	0.0240477
20.3936	58.6582	4.70628	0.063162
20.0518	56.4338	4.77828	0.0305673
23.0771	56.6239	4.69985	0.0240477
24.0253	59.6046	0.13597	0.0469094
20.3936	58.6582	4.70628	0.063162
39.0601	41.8598	0.182154	0.000213824
37.5191	43.9145	0.142332	0.000333112
37.5	40	4.77885	0.000149339
40.625	40	0.221244	0.000140633
39.0601	41.8598	0.182154	0.000213824
37.5	40	4.77885	0.000149339
40.6201	43.7197	0.18511	0.000265296
37.5191	43.9145	0.142332	0.000333112
39.0601	41.8598	0.182154	0.000213824
40.6201	43.7197	0.18511	0.000265296
40.433	46.2515	4.79417	0.000450311
37.5191	43.9145	0.142332	0.000333112
43.6923	43.1354	0.238067	0.000209334
40.6201	43.7197	0.18511	0.000265296
40.625	40	0.221244	0.000140633
43.6923	43.1354	0.238067	0.000209334
43.5196	46.2515	4.87274	0.000385807
40.6201	43.7197	0.18511	0.000265296
46.8798	40.196	4.93382	0.000134144
43.6923	43.1354	0.238067	0.000209334
43.75	40	4.86504	0.0001313
46.8077	43.1354	4.91063	0.000193184
49.6928	46.2515	4.95588	0.000311547
46.6062	46.2515	4.93162	0.000338352
37.5	40	4.77885	0.000149339
34.399	40.9798	0.0267468	3.49131e-05
34.3221	37.8444	0.778624	2.04393e-05
40.5769	36.8646	4.91111	0.000105389
37.5	40	4.77885	0.000149339
37.4615	36.8646	4.9069	0.00010976
40.625	40	0.221244	0.000140633
40.6201	43.7197	0.18511	0.000265296
39.0601	41.8598	0.182154	0.000213824
40.1224	48.7521	4.85672	0.000845255
37.0597	48.5598	0.198378	0.00111561
37.3464	46.2515	0.159646	0.000588695
34.1165	49.3292	0.204293	0.0016555
36.7564	51.5944	4.84914	0.0025445
34.1289	53.2696	4.84381	0.00578998
31.1732	46.2515	4.77608	0.000910195
34.1165	49.3292	0.204293	0.0016555
31.0776	49.3292	4.83593	0.0023078
28.0866	46.2515	4.88325	0.00096222
31.1732	46.2515	4.77608	0.000910195
31.0776	49.3292	4.83593	0.0023078
34.3294	43.6157	0.131318	0.00037642
34.399	40.9798	0.0267468	3.49131e-05
37.5191	43.9145	0.142332	0.000333112
31.1732	46.2515	4.77608	0.000910195
31.226	43.7137	0.184507	0.000451078
34.2598	46.2515	0.150121	0.000726844
31.2788	41.1758	0.179974	0.000252301
34.399	40.9798	0.0267468	3.49131e-05
34.3294	43.6157	0.131318	0.00037642
37.0597	48.5598	0.198378	0.00111561
36.7564	51.5944	4.84914	0.0025445
34.1165	49.3292	0.204293	0.0016555
37.3464	46.2515	0.159646	0.000588695
37.0597	48.5598	0.198378	0.00111561
34.2598	46.2515	0.150121	0.000726844
40.433	46.2515	4.79417	0.000450311
37.3464	46.2515	0.159646	0.000588695
37.5191	43.9145	0.142332	0.000333112
40.433	46.2515	4.79417	0.000450311
40.1224	48.7521	4.85672	0.000845255
37.3464	46.2515	0.159646	0.000588695
40.1224	48.7521	4.85672	0.000845255
36.7564	51.5944	4.84914	0.0025445
37.0597	48.5598	0.198378	0.00111561
46.2717	49.3292	4.95683	0.000710875
45.8487	52.5335	4.95767	0.00174247
43.2329	49.3292	4.92886	0.000845534
34.1165	49.3292	0.204293	0.0016555
34.1289	53.2696	4.84381	0.00578998
30.9447	52.3495	4.85189	0.00570648
7.464	63.4929	0.0556924	4.55829
8.78345	65.7825	0.0271409	4.55199
5.97957	65.9587	0.0338719	4.61709
6.4478	61.0566	0.118334	0.0744483
7.464	63.4929	0.0556924	4.55829
4.76616	63.4929	0.0688963	0.109462
6.4478	61.0566	0.118334	0.0744483
9.3634	60.8826	0.111581	0.0553816
7.464	63.4929	0.0556924	4.55829
12.3979	60.3349	0.122252	0.041489
10.1618	63.4929	0.047457	0.0761797
9.3634	60.8826	0.111581	0.0553816
12.8597	63.4929	0.0457833	0.0566204
15.0494	60.8826	0.10805	0.0634408
15.5575	63.4929	0.0489996	0.0795581
12.3644	68.2649	0.010856	0.0430529
13.513	70.6966	0.00531166	0.0262717
11.25	70.3973	0.00681452	0.0324641
16.8484	65.9587	0.0206061	0.0816892
14.8915	68.2649	0.00999515	0.0426039
13.846	66.4528	0.0177158	0.0505576
17.4187	68.2649	0.0103816	0.0606855
16.25	70.3973	0.00540707	0.0317408
14.8915	68.2649	0.00999515	0.0426039
19.999	65.078	0.0274646	4.63238
19.0904	66.7823	0.0162329	0.106909
16.8484	65.9587	0.0206061	0.0816892
19.193	69.7412	0.00659458	0.062957
20.0967	72.3429	0.00300667	0.0356494
17.645	72.3429	0.00306994	0.0249163
9.83732	68.2649	0.0128877	0.0635348
8.78345	65.7825	0.0271409	4.55199
11.414	65.9587	0.0219825	0.0642724
6.48041	46.2515	4.99195	0.00102764
3.72828	49.3292	4.98989	0.00229306
3.39381	46.2515	4.99486	0.000947748
9.70619	49.8955	4.97804	0.00306308
6.76709	49.3292	4.98676	0.00243968
9.61019	45.6673	4.98631	0.000863564
9.70619	49.8955	4.97804	0.00306308
10.1383	52.3495	4.96118	0.00617106
7.16598	52.3495	4.96997	0.00596666
13.1107	52.3495	4.94339	0.00682746
10.1383	52.3495	4.96118	0.00617106
12.7118	50.0843	4.96264	0.00354946
4.19365	52.3495	4.97565	0.00580016
3.72828	49.3292	4.98989	0.00229306
6.76709	49.3292	4.98676	0.00243968
1.8995	55.2938	4.94913	0.0132982
4.19365	52.3495	4.97565	0.00580016
4.92487	55.4838	4.93229	0.0159953
1.22131	52.3495	4.97981	0.00512297
3.72828	49.3292	4.98989	0.00229306
4.19365	52.3495	4.97565	0.00580016
22.2828	65.9587	0.0172562	4.63728
23.0704	62.1007	0.0437841	0.0976005
25.6067	64.7258	0.01757	4.55877
21.8037	69.5771	0.00656941	4.49941
22.2828	65.9587	0.0172562	4.63728
24.3347	67.1118	0.0117896	0.106885
19.999	65.078	0.0274646	4.63238
20.363	63.0044	0.0509756	4.63619
22.2828	65.9587	0.0172562	4.63728
21.8037	69.5771	0.00656941	4.49941
19.193	69.7412	0.00659458	0.062957
19.0904	66.7823	0.0162329	0.106909
16.8484	65.9587	0.0206061	0.0816892
17.5295	61.7527	0.0837078	4.58103
19.999	65.078	0.0274646	4.63238
22.2828	65.9587	0.0172562	4.63728
20.363	63.0044	0.0509756	4.63619
23.0704	62.1007	0.0437841	0.0976005
16.25	70.3973	0.00540707	0.0317408
15.1934	72.3429	0.00331358	0.0204904
13.513	70.6966	0.00531166	0.0262717
7.464	63.4929	0.0556924	4.55829
10.1618	63.4929	0.047457	0.0761797
8.78345	65.7825	0.0271409	4.55199
20.0518	56.4338	4.77828	0.0305673
19.0553	52.3495	0.231404	0.00827377
22.4091	54.0056	0.181603	0.0135959
20.3936	58.6582	4.70628	0.063162
17.2808	59.0298	4.73455	0.0641773
20.0518	56.4338	4.77828	0.0305673
15.0494	60.8826	0.10805	0.0634408
12.8597	63.4929	0.0457833	0.0566204
12.3979	60.3349	0.122252	0.041489
9.3634	60.8826	0.111581	0.0553816
8.66123	58.144	4.80586	0.0290014
11.6319	58.144	4.71262	0.0267194
9.70619	49.8955	4.97804	0.00306308
7.16598	52.3495	4.96997	0.00596666
6.76709	49.3292	4.98676	0.00243968
13.1107	52.3495	4.94339	0.00682746
16.083	52.3495	4.89299	0.00756977
14.2198	55.2938	4.89223	0.0164452
23.0771	56.6239	4.69985	0.0240477
22.4091	54.0056	0.181603	0.0135959
26.54	55.2938	0.169334	0.0144711
20.7355	60.8826	0.0952142	4.56071
20.3936	58.6582	4.70628	0.063162
24.0253	59.6046	0.13597	0.0469094
20.0518	56.4338	4.77828	0.0305673
22.4091	54.0056	0.181603	0.0135959
23.0771	56.6239	4.69985	0.0240477
20.7355	60.8826	0.0952142	4.56071
17.2808	59.0298	4.73455	0.0641773
20.3936	58.6582	4.70628	0.063162
17.0264	56.2438	4.83672	0.0265621
19.0553	52.3495	0.231404	0.00827377
20.0518	56.4338	4.77828	0.0305673
6.30769	36.8646	4.99253	0.00014235
6.24038	39.6081	4.99229	0.000202964
3.19231	36.8646	4.99697	0.000140558
9.49534	33.1714	4.98731	0.000108925
9.42308	36.8646	4.97909	0.000146137
6.43263	33.3637	4.99495	0.000109185
6.31731	42.7435	4.9929	0.000394211
3.125	40	4.99666	0.000213502
6.24038	39.6081	4.99229	0.000202964
9.4375	42.5475	4.98209	0.000408334
12.5	40	4.93142	0.000228288
12.5577	42.3516	4.9516	0.000392822
6.30769	36.8646	4.99253	0.00014235
9.36058	39.4121	4.97816	0.000207273
6.24038	39.6081	4.99229	0.000202964
9.42308	36.8646	4.97909	0.000146137
12.5385	36.8646	4.93739	0.000145468
9.36058	39.4121	4.97816	0.000207273
15.8122	34.7222	4.90224	0.000116169
12.5385	36.8646	4.93739	0.000145468
12.7112	34.5275	4.95981	0.000117312
9.4375	42.5475	4.98209	0.000408334
12.5577	42.3516	4.9516	0.000392822
9.61019	45.6673	4.98631	0.000863564
6.24038	39.6081	4.99229	0.000202964
9.4375	42.5475	4.98209	0.000408334
6.31731	42.7435	4.9929	0.000394211
9.36058	39.4121	4.97816	0.000207273
12.5	40	4.93142	0.000228288
9.4375	42.5475	4.98209	0.000408334
15.601	39.0202	0.242319	0.000196076
12.5	40	4.93142	0.000228288
12.5385	36.8646	4.93739	0.000145468
15.601	39.0202	0.242319	0.000196076
15.6779	42.1556	4.87355	0.000388511
12.5	40	4.93142	0.000228288
6.48041	46.2515	4.99195	0.00102764
6.76709	49.3292	4.98676	0.00243968
3.72828	49.3292	4.98989	0.00229306
6.31731	42.7435	4.9929	0.000394211
6.48041	46.2515	4.99195	0.00102764
3.39381	46.2515	4.99486	0.000947748
9.61019	45.6673	4.98631	0.000863564
6.76709	49.3292	4.98676	0.00243968
6.48041	46.2515	4.99195	0.00102764
12.7118	50.0843	4.96264	0.00354946
9.70619	49.8955	4.97804	0.00306308
11.1799	48.0735	4.9763	0.00202439
3.19711	42.9395	4.99626	0.000409375
0.076922	43.1354	4.99695	0.000430804
-3.10282e-28	40	4.99765	0.000222446
6.31731	42.7435	4.9929	0.000394211
3.19711	42.9395	4.99626	0.000409375
3.125	40	4.99666	0.000213502
3.39381	46.2515	4.99486	0.000947748
0.307214	46.2515	4.99571	0.000883578
3.19711	42.9395	4.99626	0.000409375
45.0204	55.2938	4.92632	0.00413571
41.9404	55.2938	4.91116	0.00502635
42.834	52.3495	4.94302	0.00200874
48.1005	55.2938	4.93968	0.00326594
45.0204	55.2938	4.92632	0.00413571
45.8487	52.5335	4.95767	0.00174247
44.2548	57.954	4.83253	0.00988082
41.9404	55.2938	4.91116	0.00502635
45.0204	55.2938	4.92632	0.00413571
46.3226	60.8826	0.145726	0.0195956
44.2548	57.954	4.83253	0.00988082
47.2801	58.144	4.85786	0.00788883
41.4664	58.5091	4.78844	0.013506
38.8603	55.2938	4.89031	0.0060992
41.9404	55.2938	4.91116	0.00502635
27.9723	52.3495	4.83269	0.00663785
28.0388	49.3292	4.88471	0.00261655
30.9447	52.3495	4.85189	0.00570648
19.0553	52.3495	0.231404	0.00827377
21.7285	50.6506	0.231058	0.00486037
22.4091	54.0056	0.181603	0.0135959
25	46.2515	4.91239	0.000952
28.0388	49.3292	4.88471	0.00261655
24.7341	50.8393	4.82584	0.00457698
21.7285	50.6506	0.231058	0.00486037
21.7462	47.598	4.88505	0.00167235
24.7341	50.8393	4.82584	0.00457698
15.6779	42.1556	4.87355	0.000388511
17.2523	44.2036	4.88516	0.00065624
14.1489	44.3016	4.94364	0.000688636
22.0142	44.8882	4.8943	0.000699614
18.8268	46.2515	4.9064	0.00105279
18.7981	41.9596	0.229404	0.000330918
15.8835	49.3292	4.93503	0.0029033
12.6536	46.2515	4.96956	0.0010891
15.7402	46.2515	4.93846	0.00120076
17.0264	56.2438	4.83672	0.0265621
16.083	52.3495	4.89299	0.00756977
19.0553	52.3495	0.231404	0.00827377
4.19365	52.3495	4.97565	0.00580016
7.16598	52.3495	4.96997	0.00596666
4.92487	55.4838	4.93229	0.0159953
21.9183	41.7637	4.83989	0.000322175
25	43.1354	4.8992	0.000405856
22.0142	44.8882	4.8943	0.000699614
28.125	40	4.83688	0.000203356
25	40	4.86382	0.000196301
28.1154	36.8646	4.85688	0.000126536
25	30.6708	4.91842	8.76434e-05
25.1151	35.3065	0.246639	0.000111612
21.9134	33.7485	0.256866	0.000105543
31.3171	35.696	4.88965	0.000107878
28.0866	33.7485	4.90209	9.74825e-05
30.9343	31.8249	4.95101	8.81831e-05
28.1154	36.8646	4.85688	0.000126536
25.1151	35.3065	0.246639	0.000111612
28.0866	33.7485	4.90209	9.74825e-05
33.7508	28.5944	4.96385	8.41791e-05
37.1553	30.6708	4.97844	8.75502e-05
33.997	31.6326	4.96303	8.83068e-05
21.8846	36.8646	4.80017	0.000136372
21.9014	39.3141	0.23401	0.000193705
18.7212	38.8242	0.204235	0.000184604
28.1154	36.8646	4.85688	0.000126536
25	40	4.86382	0.000196301
25.1151	35.3065	0.246639	0.000111612
28.125	40	4.83688	0.000203356
28.1154	43.1354	4.8502	0.000419234
25	40	4.86382	0.000196301
3.72828	49.3292	4.98989	0.00229306
1.22131	52.3495	4.97981	0.00512297
0.68946	49.3292	4.99143	0.00206458
0.307214	46.2515	4.99571	0.000883578
3.39381	46.2515	4.99486	0.000947748
0.68946	49.3292	4.99143	0.00206458
11.1799	48.0735	4.9763	0.00202439
12.6536	46.2515	4.96956	0.0010891
12.7118	50.0843	4.96264	0.00354946
9.61019	45.6673	4.98631	0.000863564
11.1799	48.0735	4.9763	0.00202439
9.70619	49.8955	4.97804	0.00306308
9.61019	45.6673	4.98631	0.000863564
12.6536	46.2515	4.96956	0.0010891
11.1799	48.0735	4.9763	0.00202439
31.3817	62.6228	0.0350108	4.50238
34.1521	62.7968	0.0460304	4.43957
33.1516	65.9587	0.0165347	0.0642642
26.9568	67.2765	0.0106035	0.0781562
28.4106	64.5496	0.0191172	0.0810434
30.4344	65.9587	0.0146983	0.0734249
29.839	59.2394	0.0862143	0.0410225
33.5519	59.0383	0.121352	0.0378621
31.3817	62.6228	0.0350108	4.50238
28.6113	62.4488	0.0306206	0.0695029
29.839	59.2394	0.0862143	0.0410225
31.3817	62.6228	0.0350108	4.50238
20.7355	60.8826	0.0952142	4.56071
24.0253	59.6046	0.13597	0.0469094
23.0704	62.1007	0.0437841	0.0976005
25.6371	53.0665	0.209865	0.00910872
24.7341	50.8393	4.82584	0.00457698
27.9723	52.3495	4.83269	0.00663785
22.4091	54.0056	0.181603	0.0135959
25.6371	53.0665	0.209865	0.00910872
26.54	55.2938	0.169334	0.0144711
22.4091	54.0056	0.181603	0.0135959
24.7341	50.8393	4.82584	0.00457698
25.6371	53.0665	0.209865	0.00910872
29.6201	55.2938	4.75922	0.013588
31.8745	54.2817	4.81373	0.0100276
32.1533	57.1939	0.160991	0.0238705
34.2598	46.2515	0.150121	0.000726844
34.3294	43.6157	0.131318	0.00037642
37.3464	46.2515	0.159646	0.000588695
31.1732	46.2515	4.77608	0.000910195
34.2598	46.2515	0.150121	0.000726844
34.1165	49.3292	0.204293	0.0016555
34.2598	46.2515	0.150121	0.000726844
31.226	43.7137	0.184507	0.000451078
34.3294	43.6157	0.131318	0.00037642
35.6527	58.8743	4.67385	0.0266887
38.5596	58.6917	4.7552	0.0161672
37.7936	60.8826	0.104523	0.02772
33.5519	59.0383	0.121352	0.0378621
35.6527	58.8743	4.67385	0.0266887
34.9506	60.8826	0.0836499	0.0517551
35.7802	55.2938	4.84697	0.00845298
38.5596	58.6917	4.7552	0.0161672
35.6527	58.8743	4.67385	0.0266887
42.43	63.669	0.0535346	4.34621
43.4796	60.8826	0.123413	0.0283896
45.2338	63.4929	0.0687906	0.04373
6.48041	46.2515	4.99195	0.00102764
6.31731	42.7435	4.9929	0.000394211
9.61019	45.6673	4.98631	0.000863564
0.68946	49.3292	4.99143	0.00206458
3.39381	46.2515	4.99486	0.000947748
3.72828	49.3292	4.98989	0.00229306
0.307214	46.2515	4.99571	0.000883578
0.076922	43.1354	4.99695	0.000430804
3.19711	42.9395	4.99626	0.000409375
6.4478	61.0566	0.118334	0.0744483
4.76616	63.4929	0.0688963	0.109462
3.67737	60.8826	0.150623	4.44589
5.69054	58.144	4.82907	0.0376838
6.4478	61.0566	0.118334	0.0744483
3.67737	60.8826	0.150623	4.44589
9.3634	60.8826	0.111581	0.0553816
10.1618	63.4929	0.047457	0.0761797
7.464	63.4929	0.0556924	4.55829
14.6026	58.144	4.78236	0.0339947
15.0494	60.8826	0.10805	0.0634408
12.3979	60.3349	0.122252	0.041489
14.2198	55.2938	4.89223	0.0164452
14.6026	58.144	4.78236	0.0339947
11.6319	58.144	4.71262	0.0267194
14.2198	55.2938	4.89223	0.0164452
17.0264	56.2438	4.83672	0.0265621
14.6026	58.144	4.78236	0.0339947
7.464	63.4929	0.0556924	4.55829
5.97957	65.9587	0.0338719	4.61709
4.76616	63.4929	0.0688963	0.109462
11.414	65.9587	0.0219825	0.0642724
13.846	66.4528	0.0177158	0.0505576
12.3644	68.2649	0.010856	0.0430529
10.1618	63.4929	0.047457	0.0761797
11.414	65.9587	0.0219825	0.0642724
8.78345	65.7825	0.0271409	4.55199
12.8597	63.4929	0.0457833	0.0566204
15.5575	63.4929	0.0489996	0.0795581
13.846	66.4528	0.0177158	0.0505576
10.1618	63.4929	0.047457	0.0761797
12.8597	63.4929	0.0457833	0.0566204
11.414	65.9587	0.0219825	0.0642724
10.1618	63.4929	0.047457	0.0761797
12.3979	60.3349	0.122252	0.041489
12.8597	63.4929	0.0457833	0.0566204
9.83732	68.2649	0.0128877	0.0635348
7.31021	68.2649	0.0169524	0.0933498
8.78345	65.7825	0.0271409	4.55199
31.8745	54.2817	4.81373	0.0100276
30.9447	52.3495	4.85189	0.00570648
34.1289	53.2696	4.84381	0.00578998
35.7802	55.2938	4.84697	0.00845298
31.8745	54.2817	4.81373	0.0100276
34.1289	53.2696	4.84381	0.00578998
29.6201	55.2938	4.75922	0.013588
30.9447	52.3495	4.85189	0.00570648
31.8745	54.2817	4.81373	0.0100276
29.839	59.2394	0.0862143	0.0410225
26.4853	58.144	0.150767	0.0257539
29.6201	55.2938	4.75922	0.013588
33.5519	59.0383	0.121352	0.0378621
29.839	59.2394	0.0862143	0.0410225
32.1533	57.1939	0.160991	0.0238705
35.7802	55.2938	4.84697	0.00845298
33.5519	59.0383	0.121352	0.0378621
32.1533	57.1939	0.160991	0.0238705
34.9506	60.8826	0.0836499	0.0517551
31.3817	62.6228	0.0350108	4.50238
33.5519	59.0383	0.121352	0.0378621
28.6113	62.4488	0.0306206	0.0695029
26.4215	60.8826	0.042796	0.0883926
29.839	59.2394	0.0862143	0.0410225
26.54	55.2938	0.169334	0.0144711
27.9723	52.3495	4.83269	0.00663785
29.6201	55.2938	4.75922	0.013588
25.6371	53.0665	0.209865	0.00910872
27.9723	52.3495	4.83269	0.00663785
26.54	55.2938	0.169334	0.0144711
24.7341	50.8393	4.82584	0.00457698
28.0388	49.3292	4.88471	0.00261655
27.9723	52.3495	4.83269	0.00663785
22.5483	72.3429	0.00293967	0.0379887
23.75	70.3973	0.0051351	0.0581609
25	72.3429	0.00278634	0.0289364
23.0327	74.7883	0.00148853	0.0164436
22.5483	72.3429	0.00293967	0.0379887
25	72.3429	0.00278634	0.0289364
21.4331	74.0896	0.00183184	0.0209536
19.0551	74.0896	0.00193627	0.0190993
20.0967	72.3429	0.00300667	0.0356494
19.0904	66.7823	0.0162329	0.106909
22.2828	65.9587	0.0172562	4.63728
21.8037	69.5771	0.00656941	4.49941
24.3347	67.1118	0.0117896	0.106885
23.75	70.3973	0.0051351	0.0581609
21.8037	69.5771	0.00656941	4.49941
27.0253	69.2491	0.00654092	0.054818
30.0542	68.2649	0.00847055	4.39863
28.75	70.3973	0.00474581	0.0400193
25.6067	64.7258	0.01757	4.55877
28.4106	64.5496	0.0191172	0.0810434
26.9568	67.2765	0.0106035	0.0781562
22.2828	65.9587	0.0172562	4.63728
25.6067	64.7258	0.01757	4.55877
24.3347	67.1118	0.0117896	0.106885
23.0704	62.1007	0.0437841	0.0976005
26.4215	60.8826	0.042796	0.0883926
25.6067	64.7258	0.01757	4.55877
30.4344	65.9587	0.0146983	0.0734249
30.0542	68.2649	0.00847055	4.39863
26.9568	67.2765	0.0106035	0.0781562
28.6113	62.4488	0.0306206	0.0695029
31.3817	62.6228	0.0350108	4.50238
28.4106	64.5496	0.0191172	0.0810434
25.6067	64.7258	0.01757	4.55877
28.6113	62.4488	0.0306206	0.0695029
28.4106	64.5496	0.0191172	0.0810434
26.4215	60.8826	0.042796	0.0883926
26.4853	58.144	0.150767	0.0257539
29.839	59.2394	0.0862143	0.0410225
25.6067	64.7258	0.01757	4.55877
26.4215	60.8826	0.042796	0.0883926
28.6113	62.4488	0.0306206	0.0695029
24.0253	59.6046	0.13597	0.0469094
23.0771	56.6239	4.69985	0.0240477
26.4853	58.144	0.150767	0.0257539
33.1516	65.9587	0.0165347	0.0642642
34.8233	67.7707	0.0106994	0.0462585
32.2468	68.921	0.00696953	0.0444934
31.3817	62.6228	0.0350108	4.50238
33.1516	65.9587	0.0165347	0.0642642
30.4344	65.9587	0.0146983	0.0734249
34.1521	62.7968	0.0460304	4.43957
35.8688	65.9587	0.0188942	0.0530886
33.1516	65.9587	0.0165347	0.0642642
32.355	72.3429	0.00279172	0.0181911
33.75	70.3973	0.00487689	0.0266742
34.8066	72.3429	0.00315413	0.0171537
29.3832	76.0659	0.00110182	0.00830492
28.5669	74.0896	0.00170258	0.0137952
30.9297	73.8705	0.00184535	0.013106
31.0572	70.658	0.00428431	0.0327276
33.75	70.3973	0.00487689	0.0266742
32.355	72.3429	0.00279172	0.0181911
29.9033	72.3429	0.00270431	0.0211323
31.0572	70.658	0.00428431	0.0327276
32.355	72.3429	0.00279172	0.0181911
28.4106	64.5496	0.0191172	0.0810434
31.3817	62.6228	0.0350108	4.50238
30.4344	65.9587	0.0146983	0.0734249
24.3347	67.1118	0.0117896	0.106885
25.6067	64.7258	0.01757	4.55877
26.9568	67.2765	0.0106035	0.0781562
23.0704	62.1007	0.0437841	0.0976005
24.0253	59.6046	0.13597	0.0469094
26.4215	60.8826	0.042796	0.0883926
30.4344	65.9587	0.0146983	0.0734249
32.2468	68.921	0.00696953	0.0444934
30.0542	68.2649	0.00847055	4.39863
34.8233	67.7707	0.0106994	0.0462585
33.75	70.3973	0.00487689	0.0266742
32.2468	68.921	0.00696953	0.0444934
43.2329	49.3292	4.92886	0.000845534
40.1224	48.7521	4.85672	0.000845255
40.433	46.2515	4.79417	0.000450311
48.7787	52.3495	4.96503	0.00138077
45.8487	52.5335	4.95767	0.00174247
46.2717	49.3292	4.95683	0.000710875
42.834	52.3495	4.94302	0.00200874
40.1224	48.7521	4.85672	0.000845255
43.2329	49.3292	4.92886	0.000845534
47.2801	58.144	4.85786	0.00788883
44.2548	57.954	4.83253	0.00988082
45.0204	55.2938	4.92632	0.00413571
38.8603	55.2938	4.89031	0.0060992
35.7802	55.2938	4.84697	0.00845298
36.7564	51.5944	4.84914	0.0025445
41.9404	55.2938	4.91116	0.00502635
38.8603	55.2938	4.89031	0.0060992
39.8617	52.3495	4.91036	0.00250454
45.8487	52.5335	4.95767	0.00174247
45.0204	55.2938	4.92632	0.00413571
42.834	52.3495	4.94302	0.00200874
41.4664	58.5091	4.78844	0.013506
40.6366	60.8826	0.115071	0.0285216
38.5596	58.6917	4.7552	0.0161672
44.2548	57.954	4.83253	0.00988082
41.4664	58.5091	4.78844	0.013506
41.9404	55.2938	4.91116	0.00502635
44.2548	57.954	4.83253	0.00988082
43.4796	60.8826	0.123413	0.0283896
41.4664	58.5091	4.78844	0.013506
38.5596	58.6917	4.7552	0.0161672
35.7802	55.2938	4.84697	0.00845298
38.8603	55.2938	4.89031	0.0060992
6.31731	42.7435	4.9929	0.000394211
3.39381	46.2515	4.99486	0.000947748
3.19711	42.9395	4.99626	0.000409375
45.8487	52.5335	4.95767	0.00174247
42.834	52.3495	4.94302	0.00200874
43.2329	49.3292	4.92886	0.000845534
48.1005	55.2938	4.93968	0.00326594
45.8487	52.5335	4.95767	0.00174247
48.7787	52.3495	4.96503	0.00138077
48.1005	55.2938	4.93968	0.00326594
47.2801	58.144	4.85786	0.00788883
45.0204	55.2938	4.92632	0.00413571
37.7936	60.8826	0.104523	0.02772
38.5596	58.6917	4.7552	0.0161672
40.6366	60.8826	0.115071	0.0285216
41.3032	65.9587	0.0262609	0.0417053
39.6261	63.8451	0.0437306	0.0402583
42.43	63.669	0.0535346	4.34621
34.9506	60.8826	0.0836499	0.0517551
35.6527	58.8743	4.67385	0.0266887
37.7936	60.8826	0.104523	0.02772
31.3817	62.6228	0.0350108	4.50238
34.9506	60.8826	0.0836499	0.0517551
34.1521	62.7968	0.0460304	4.43957
33.5519	59.0383	0.121352	0.0378621
35.7802	55.2938	4.84697	0.00845298
35.6527	58.8743	4.67385	0.0266887
31.8745	54.2817	4.81373	0.0100276
35.7802	55.2938	4.84697	0.00845298
32.1533	57.1939	0.160991	0.0238705
34.1165	49.3292	0.204293	0.0016555
34.2598	46.2515	0.150121	0.000726844
37.0597	48.5598	0.198378	0.00111561
28.0388	49.3292	4.88471	0.00261655
31.0776	49.3292	4.83593	0.0023078
30.9447	52.3495	4.85189	0.00570648
28.0388	49.3292	4.88471	0.00261655
25	46.2515	4.91239	0.000952
28.0866	46.2515	4.88325	0.00096222
36.7564	51.5944	4.84914	0.0025445
35.7802	55.2938	4.84697	0.00845298
34.1289	53.2696	4.84381	0.00578998
30.9447	52.3495	4.85189	0.00570648
31.0776	49.3292	4.83593	0.0023078
34.1165	49.3292	0.204293	0.0016555
40.1224	48.7521	4.85672	0.000845255
42.834	52.3495	4.94302	0.00200874
39.8617	52.3495	4.91036	0.00250454
39.8617	52.3495	4.91036	0.00250454
42.834	52.3495	4.94302	0.00200874
41.9404	55.2938	4.91116	0.00502635
36.7564	51.5944	4.84914	0.0025445
39.8617	52.3495	4.91036	0.00250454
38.8603	55.2938	4.89031	0.0060992
36.7564	51.5944	4.84914	0.0025445
40.1224	48.7521	4.85672	0.000845255
39.8617	52.3495	4.91036	0.00250454
18.9224	49.3292	4.87186	0.00295315
19.0553	52.3495	0.231404	0.00827377
16.083	52.3495	4.89299	0.00756977
15.7402	46.2515	4.93846	0.00120076
18.8268	46.2515	4.9064	0.00105279
15.8835	49.3292	4.93503	0.0029033
21.7462	47.598	4.88505	0.00167235
25	46.2515	4.91239	0.000952
24.7341	50.8393	4.82584	0.00457698
22.0108	14.5924	0.163042	8.3076e-05
19.9458	11.7351	0.121714	8.3258e-05
23.0432	12.7235	0.130203	8.28464e-05
17.645	7.6571	0.0674203	8.35919e-05
18.75	9.60269	0.0941715	8.34214e-05
16.5822	10.0948	4.65257	8.24289e-05
14.9215	7.36598	0.075769	8.38928e-05
17.645	7.6571	0.0674203	8.35919e-05
16.5822	10.0948	4.65257	8.24289e-05
16.6772	5.91038	0.0452534	8.37154e-05
19.0551	5.91038	0.0356763	8.35181e-05
17.645	7.6571	0.0674203	8.35919e-05
20.0967	7.6571	0.0485908	8.33411e-05
21.25	9.60269	0.0672635	8.31232e-05
18.75	9.60269	0.0941715	8.34214e-05
17.645	7.6571	0.0674203	8.35919e-05
19.0551	5.91038	0.0356763	8.35181e-05
20.0967	7.6571	0.0485908	8.33411e-05
24.1844	6.78374	0.0390659	8.30524e-05
26.189	5.91038	0.0345172	8.29827e-05
25.4207	8.55507	0.0722446	8.27892e-05
28.5669	5.91038	0.0388283	8.28085e-05
31.8199	4.37335	0.0278387	8.26794e-05
31.1316	6.34706	0.0457581	8.25814e-05
26.9661	0.123895	0.0122836	8.32915e-05
28.4094	2.238	0.0161918	8.31073e-05
26.0648	3.0556	0.0169918	8.32342e-05
28.9198	0.494728	0.0146447	8.31272e-05
30.8485	1.10996	0.0169723	8.29497e-05
28.4094	2.238	0.0161918	8.31073e-05
31.25	9.60269	0.123034	8.23646e-05
33.75	9.60269	0.104277	8.23202e-05
32.5813	11.7351	4.74722	8.10414e-05
30.9096	13.2177	4.84705	8.1042e-05
29.636	10.915	4.7268	8.1066e-05
32.5813	11.7351	4.74722	8.10414e-05
32.355	7.6571	0.0641492	8.24222e-05
33.4473	6.2015	0.0426623	8.2445e-05
34.9468	7.95642	0.06586	8.23212e-05
29.9033	7.6571	0.0693099	8.25538e-05
32.355	7.6571	0.0641492	8.24222e-05
31.25	9.60269	0.123034	8.23646e-05
31.1316	6.34706	0.0457581	8.25814e-05
31.8199	4.37335	0.0278387	8.26794e-05
33.4473	6.2015	0.0426623	8.2445e-05
29.9033	7.6571	0.0693099	8.25538e-05
31.1316	6.34706	0.0457581	8.25814e-05
32.355	7.6571	0.0641492	8.24222e-05
29.9033	7.6571	0.0693099	8.25538e-05
28.5669	5.91038	0.0388283	8.28085e-05
31.1316	6.34706	0.0457581	8.25814e-05
28.5669	5.91038	0.0388283	8.28085e-05
29.9033	7.6571	0.0693099	8.25538e-05
27.8022	8.40541	0.0867511	8.26205e-05
25	4.37335	0.0219117	8.32058e-05
27.2733	4.37335	0.0243532	8.30455e-05
26.189	5.91038	0.0345172	8.29827e-05
27.2733	4.37335	0.0243532	8.30455e-05
30.3241	3.0556	0.0200029	8.28988e-05
28.5669	5.91038	0.0388283	8.28085e-05
31.1316	6.34706	0.0457581	8.25814e-05
33.4473	6.2015	0.0426623	8.2445e-05
32.355	7.6571	0.0641492	8.24222e-05
27.2733	4.37335	0.0243532	8.30455e-05
28.4094	2.238	0.0161918	8.31073e-05
30.3241	3.0556	0.0200029	8.28988e-05
26.189	5.91038	0.0345172	8.29827e-05
27.2733	4.37335	0.0243532	8.30455e-05
28.5669	5.91038	0.0388283	8.28085e-05
26.0648	3.0556	0.0169918	8.32342e-05
28.4094	2.238	0.0161918	8.31073e-05
27.2733	4.37335	0.0243532	8.30455e-05
29.636	10.915	4.7268	8.1066e-05
29.9033	7.6571	0.0693099	8.25538e-05
31.25	9.60269	0.123034	8.23646e-05
25.4207	8.55507	0.0722446	8.27892e-05
27.8022	8.40541	0.0867511	8.26205e-05
27.0253	10.7509	4.67931	8.122e-05
25.4207	8.55507	0.0722446	8.27892e-05
26.189	5.91038	0.0345172	8.29827e-05
27.8022	8.40541	0.0867511	8.26205e-05
26.3489	16.5071	4.87556	8.13171e-05
24.3933	15.2742	0.210067	8.27548e-05
25.6653	12.8882	4.73524	8.12596e-05
30.3241	3.0556	0.0200029	8.28988e-05
31.8199	4.37335	0.0278387	8.26794e-05
28.5669	5.91038	0.0388283	8.28085e-05
30.8485	1.10996	0.0169723	8.29497e-05
30.3241	3.0556	0.0200029	8.28988e-05
28.4094	2.238	0.0161918	8.31073e-05
30.8485	1.10996	0.0169723	8.29497e-05
32.7403	1.96546	0.0208386	8.27446e-05
30.3241	3.0556	0.0200029	8.28988e-05
30.3241	3.0556	0.0200029	8.28988e-05
32.7403	1.96546	0.0208386	8.27446e-05
31.8199	4.37335	0.0278387	8.26794e-05
23.9352	3.0556	0.0161945	8.33639e-05
25	4.37335	0.0219117	8.32058e-05
22.7267	4.37335	0.0207458	8.33536e-05
26.9661	0.123895	0.0122836	8.32915e-05
26.0648	3.0556	0.0169918	8.32342e-05
25.0248	1.47661	0.0131809	8.33718e-05
26.9661	0.123895	0.0122836	8.32915e-05
28.9198	0.494728	0.0146447	8.31272e-05
28.4094	2.238	0.0161918	8.31073e-05
25.0248	1.47661	0.0131809	8.33718e-05
25	-8.70219e-28	0.0123014	8.33928e-05
26.9661	0.123895	0.0122836	8.32915e-05
23.9352	3.0556	0.0161945	8.33639e-05
25.0248	1.47661	0.0131809	8.33718e-05
26.0648	3.0556	0.0169918	8.32342e-05
23.9352	3.0556	0.0161945	8.33639e-05
23.0835	1.59882	0.0133133	8.34656e-05
25.0248	1.47661	0.0131809	8.33718e-05
32.7403	1.96546	0.0208386	8.27446e-05
34.5833	3.0556	0.0261558	8.25353e-05
31.8199	4.37335	0.0278387	8.26794e-05
25	4.37335	0.0219117	8.32058e-05
26.0648	3.0556	0.0169918	8.32342e-05
27.2733	4.37335	0.0243532	8.30455e-05
24.1844	6.78374	0.0390659	8.30524e-05
25	4.37335	0.0219117	8.32058e-05
26.189	5.91038	0.0345172	8.29827e-05
23.9352	3.0556	0.0161945	8.33639e-05
26.0648	3.0556	0.0169918	8.32342e-05
25	4.37335	0.0219117	8.32058e-05
21.913	2.6468	0.0154758	8.34892e-05
23.9352	3.0556	0.0161945	8.33639e-05
22.7267	4.37335	0.0207458	8.33536e-05
23.0835	1.59882	0.0133133	8.34656e-05
23.0339	0.123895	0.012259	8.34849e-05
25.0248	1.47661	0.0131809	8.33718e-05
21.913	2.6468	0.0154758	8.34892e-05
23.0835	1.59882	0.0133133	8.34656e-05
23.9352	3.0556	0.0161945	8.33639e-05
21.4331	5.91038	0.029657	8.33325e-05
20.4534	4.37335	0.0225898	8.349e-05
22.7267	4.37335	0.0207458	8.33536e-05
19.7476	2.78306	0.0181935	8.35789e-05
21.0802	0.494728	0.0132588	8.35558e-05
21.913	2.6468	0.0154758	8.34892e-05
23.0339	0.123895	0.012259	8.34849e-05
25	-8.70219e-28	0.0123014	8.33928e-05
25.0248	1.47661	0.0131809	8.33718e-05
33.4473	6.2015	0.0426623	8.2445e-05
34.5833	3.0556	0.0261558	8.25353e-05
35.7008	5.91038	0.0441041	8.23401e-05
36.3664	4.37335	0.0387205	8.23699e-05
35.7008	5.91038	0.0441041	8.23401e-05
34.5833	3.0556	0.0261558	8.25353e-05
23.5785	19.1174	4.90455	8.19886e-05
26.3489	16.5071	4.87556	8.13171e-05
26.4215	19.1174	4.93711	8.16009e-05
23.0771	23.3761	4.97151	8.30588e-05
25.3391	26.1784	4.96794	8.33375e-05
22.0277	27.6505	4.96698	8.58749e-05
29.636	10.915	4.7268	8.1066e-05
27.8022	8.40541	0.0867511	8.26205e-05
29.9033	7.6571	0.0693099	8.25538e-05
29.636	10.915	4.7268	8.1066e-05
27.0253	10.7509	4.67931	8.122e-05
27.8022	8.40541	0.0867511	8.26205e-05
32.5813	11.7351	4.74722	8.10414e-05
29.636	10.915	4.7268	8.1066e-05
31.25	9.60269	0.123034	8.23646e-05
28.2875	13.053	4.82925	8.10699e-05
27.0253	10.7509	4.67931	8.122e-05
29.636	10.915	4.7268	8.1066e-05
23.0432	12.7235	0.130203	8.28464e-05
25.6653	12.8882	4.73524	8.12596e-05
24.3933	15.2742	0.210067	8.27548e-05
24.4145	10.5869	0.109161	8.27336e-05
25.4207	8.55507	0.0722446	8.27892e-05
27.0253	10.7509	4.67931	8.122e-05
23.0432	12.7235	0.130203	8.28464e-05
24.4145	10.5869	0.109161	8.27336e-05
25.6653	12.8882	4.73524	8.12596e-05
23.0432	12.7235	0.130203	8.28464e-05
21.25	9.60269	0.0672635	8.31232e-05
24.4145	10.5869	0.109161	8.27336e-05
24.1844	6.78374	0.0390659	8.30524e-05
22.5483	7.6571	0.0433141	8.31114e-05
21.4331	5.91038	0.029657	8.33325e-05
25	4.37335	0.0219117	8.32058e-05
24.1844	6.78374	0.0390659	8.30524e-05
22.7267	4.37335	0.0207458	8.33536e-05
25.4207	8.55507	0.0722446	8.27892e-05
24.4145	10.5869	0.109161	8.27336e-05
22.5483	7.6571	0.0433141	8.31114e-05
24.4145	10.5869	0.109161	8.27336e-05
21.25	9.60269	0.0672635	8.31232e-05
22.5483	7.6571	0.0433141	8.31114e-05
19.5656	14.0413	0.180305	8.34265e-05
20.9532	16.5071	0.220024	8.34456e-05
18.2554	16.5071	4.85749	8.26861e-05
19.9458	11.7351	0.121714	8.3258e-05
19.5656	14.0413	0.180305	8.34265e-05
17.7988	12.3941	4.73037	8.23083e-05
18.75	9.60269	0.0941715	8.34214e-05
19.9458	11.7351	0.121714	8.3258e-05
17.7988	12.3941	4.73037	8.23083e-05
21.25	9.60269	0.0672635	8.31232e-05
23.0432	12.7235	0.130203	8.28464e-05
19.9458	11.7351	0.121714	8.3258e-05
22.0108	14.5924	0.163042	8.3076e-05
20.9532	16.5071	0.220024	8.34456e-05
19.5656	14.0413	0.180305	8.34265e-05
19.9458	11.7351	0.121714	8.3258e-05
22.0108	14.5924	0.163042	8.3076e-05
19.5656	14.0413	0.180305	8.34265e-05
23.0432	12.7235	0.130203	8.28464e-05
24.3933	15.2742	0.210067	8.27548e-05
22.0108	14.5924	0.163042	8.3076e-05
17.7548	18.7251	4.93022	8.3303e-05
20.7355	19.1174	4.90251	8.26369e-05
17.2541	20.9431	4.96678	8.41452e-05
16.8484	14.0413	4.83113	8.26045e-05
18.2554	16.5071	4.85749	8.26861e-05
15.9817	15.8026	4.90122	8.30373e-05
20.9532	16.5071	0.220024	8.34456e-05
20.7355	19.1174	4.90251	8.26369e-05
18.2554	16.5071	4.85749	8.26861e-05
14.9215	7.36598	0.075769	8.38928e-05
16.5822	10.0948	4.65257	8.24289e-05
13.513	9.30337	0.131859	8.41323e-05
12.6058	7.51154	0.0887138	8.41367e-05
14.9215	7.36598	0.075769	8.38928e-05
13.513	9.30337	0.131859	8.41323e-05
13.6336	4.37335	0.0449327	8.38999e-05
15.4167	3.0556	0.0305239	8.37636e-05
16.6772	5.91038	0.0452534	8.37154e-05
19.7476	2.78306	0.0181935	8.35789e-05
19.1515	1.10996	0.016829	8.36041e-05
21.0802	0.494728	0.0132588	8.35558e-05
20.4534	4.37335	0.0225898	8.349e-05
19.0551	5.91038	0.0356763	8.35181e-05
18.1801	4.37335	0.0276878	8.36272e-05
21.913	2.6468	0.0154758	8.34892e-05
20.4534	4.37335	0.0225898	8.349e-05
19.7476	2.78306	0.0181935	8.35789e-05
21.4331	5.91038	0.029657	8.33325e-05
19.0551	5.91038	0.0356763	8.35181e-05
20.4534	4.37335	0.0225898	8.349e-05
24.1844	6.78374	0.0390659	8.30524e-05
21.4331	5.91038	0.029657	8.33325e-05
22.7267	4.37335	0.0207458	8.33536e-05
20.0967	7.6571	0.0485908	8.33411e-05
19.0551	5.91038	0.0356763	8.35181e-05
21.4331	5.91038	0.029657	8.33325e-05
20.4534	4.37335	0.0225898	8.349e-05
18.1801	4.37335	0.0276878	8.36272e-05
19.7476	2.78306	0.0181935	8.35789e-05
23.0835	1.59882	0.0133133	8.34656e-05
21.0802	0.494728	0.0132588	8.35558e-05
23.0339	0.123895	0.012259	8.34849e-05
27.8022	8.40541	0.0867511	8.26205e-05
26.189	5.91038	0.0345172	8.29827e-05
28.5669	5.91038	0.0388283	8.28085e-05
25.6653	12.8882	4.73524	8.12596e-05
24.4145	10.5869	0.109161	8.27336e-05
27.0253	10.7509	4.67931	8.122e-05
22.5483	7.6571	0.0433141	8.31114e-05
20.0967	7.6571	0.0485908	8.33411e-05
21.4331	5.91038	0.029657	8.33325e-05
25.4207	8.55507	0.0722446	8.27892e-05
22.5483	7.6571	0.0433141	8.31114e-05
24.1844	6.78374	0.0390659	8.30524e-05
21.25	9.60269	0.0672635	8.31232e-05
20.0967	7.6571	0.0485908	8.33411e-05
22.5483	7.6571	0.0433141	8.31114e-05
14.9215	7.36598	0.075769	8.38928e-05
16.6772	5.91038	0.0452534	8.37154e-05
17.645	7.6571	0.0674203	8.35919e-05
21.913	2.6468	0.0154758	8.34892e-05
21.0802	0.494728	0.0132588	8.35558e-05
23.0835	1.59882	0.0133133	8.34656e-05
37.3284	7.80676	0.0708178	8.23003e-05
38.0788	5.91038	0.0559847	8.22873e-05
39.7099	7.6571	0.0910312	8.23527e-05
33.4473	6.2015	0.0426623	8.2445e-05
35.7008	5.91038	0.0441041	8.23401e-05
34.9468	7.95642	0.06586	8.23212e-05
33.75	9.60269	0.104277	8.23202e-05
32.355	7.6571	0.0641492	8.24222e-05
34.9468	7.95642	0.06586	8.23212e-05
31.8199	4.37335	0.0278387	8.26794e-05
34.5833	3.0556	0.0261558	8.25353e-05
33.4473	6.2015	0.0426623	8.2445e-05
36.3664	4.37335	0.0387205	8.23699e-05
38.0788	5.91038	0.0559847	8.22873e-05
35.7008	5.91038	0.0441041	8.23401e-05
19.7476	2.78306	0.0181935	8.35789e-05
17.2597	1.96546	0.0218337	8.36726e-05
19.1515	1.10996	0.016829	8.36041e-05
18.1801	4.37335	0.0276878	8.36272e-05
16.6772	5.91038	0.0452534	8.37154e-05
15.4167	3.0556	0.0305239	8.37636e-05
19.7476	2.78306	0.0181935	8.35789e-05
18.1801	4.37335	0.0276878	8.36272e-05
17.2597	1.96546	0.0218337	8.36726e-05
19.0551	5.91038	0.0356763	8.35181e-05
16.6772	5.91038	0.0452534	8.37154e-05
18.1801	4.37335	0.0276878	8.36272e-05
21.913	2.6468	0.0154758	8.34892e-05
22.7267	4.37335	0.0207458	8.33536e-05
20.4534	4.37335	0.0225898	8.349e-05
20.0967	7.6571	0.0485908	8.33411e-05
18.75	9.60269	0.0941715	8.34214e-05
17.645	7.6571	0.0674203	8.35919e-05
14.9215	7.36598	0.075769	8.38928e-05
13.6336	4.37335	0.0449327	8.38999e-05
16.6772	5.91038	0.0452534	8.37154e-05
32.355	7.6571	0.0641492	8.24222e-05
33.75	9.60269	0.104277	8.23202e-05
31.25	9.60269	0.123034	8.23646e-05
38.0788	5.91038	0.0559847	8.22873e-05
37.3284	7.80676	0.0708178	8.23003e-05
35.7008	5.91038	0.0441041	8.23401e-05
38.75	9.60269	0.120077	8.24392e-05
41.25	9.60269	0.165306	8.26201e-05
40.1627	11.7351	4.79278	8.15358e-05
36.25	9.60269	0.0983691	8.2345e-05
38.75	9.60269	0.120077	8.24392e-05
37.4683	11.4071	0.172181	8.25342e-05
39.7099	7.6571	0.0910312	8.23527e-05
41.25	9.60269	0.165306	8.26201e-05
38.75	9.60269	0.120077	8.24392e-05
15.4167	3.0556	0.0305239	8.37636e-05
17.2597	1.96546	0.0218337	8.36726e-05
18.1801	4.37335	0.0276878	8.36272e-05
44.0204	14.0413	4.94343	8.26141e-05
41.2166	14.2175	4.91811	8.22075e-05
42.6898	11.7351	4.86394	8.18303e-05
14.9215	7.36598	0.075769	8.38928e-05
12.6058	7.51154	0.0887138	8.41367e-05
13.6336	4.37335	0.0449327	8.38999e-05
15.1767	12.2293	4.80744	8.27372e-05
12.5545	12.0646	4.82304	8.31851e-05
13.513	9.30337	0.131859	8.41323e-05
16.5822	10.0948	4.65257	8.24289e-05
17.7988	12.3941	4.73037	8.23083e-05
15.1767	12.2293	4.80744	8.27372e-05
14.1312	14.0413	4.88889	8.31377e-05
12.5545	12.0646	4.82304	8.31851e-05
15.1767	12.2293	4.80744	8.27372e-05
15.9817	15.8026	4.90122	8.30373e-05
14.7591	18.4213	4.95786	8.39615e-05
13.1778	15.9788	4.93921	8.36977e-05
16.5822	10.0948	4.65257	8.24289e-05
18.75	9.60269	0.0941715	8.34214e-05
17.7988	12.3941	4.73037	8.23083e-05
22.0108	14.5924	0.163042	8.3076e-05
24.3933	15.2742	0.210067	8.27548e-05
20.9532	16.5071	0.220024	8.34456e-05
11.4404	21.3083	4.98735	8.59589e-05
12.2064	19.1174	4.97607	8.48342e-05
14.6026	21.856	4.98223	8.5351e-05
8.66123	21.856	4.99233	8.69251e-05
11.4404	21.3083	4.98735	8.59589e-05
10.9756	24.1362	4.99307	8.78119e-05
8.66123	21.856	4.99233	8.69251e-05
9.3634	19.1174	4.98334	8.54998e-05
11.4404	21.3083	4.98735	8.59589e-05
6.52038	19.1174	4.98818	8.60647e-05
7.464	16.5071	4.97265	8.49907e-05
9.3634	19.1174	4.98334	8.54998e-05
3.67737	19.1174	4.99145	8.6547e-05
6.52038	19.1174	4.98818	8.60647e-05
5.62671	21.6734	4.99447	8.74404e-05
3.67737	19.1174	4.99145	8.6547e-05
4.76616	16.5071	4.98061	8.54159e-05
6.52038	19.1174	4.98818	8.60647e-05
10.1618	16.5071	4.96247	8.4483e-05
12.2064	19.1174	4.97607	8.48342e-05
9.3634	19.1174	4.98334	8.54998e-05
5.97957	14.0413	4.95461	8.45526e-05
8.69678	14.0413	4.93335	8.41574e-05
7.464	16.5071	4.97265	8.49907e-05
11.414	14.0413	4.91241	8.36752e-05
13.1778	15.9788	4.93921	8.36977e-05
10.1618	16.5071	4.96247	8.4483e-05
15.1767	12.2293	4.80744	8.27372e-05
16.8484	14.0413	4.83113	8.26045e-05
14.1312	14.0413	4.88889	8.31377e-05
6.52038	19.1174	4.98818	8.60647e-05
9.3634	19.1174	4.98334	8.54998e-05
8.66123	21.856	4.99233	8.69251e-05
14.7591	18.4213	4.95786	8.39615e-05
12.2064	19.1174	4.97607	8.48342e-05
13.1778	15.9788	4.93921	8.36977e-05
14.7591	18.4213	4.95786	8.39615e-05
14.6026	21.856	4.98223	8.5351e-05
12.2064	19.1174	4.97607	8.48342e-05
12.6058	7.51154	0.0887138	8.41367e-05
11.9212	5.91038	0.0744363	8.40963e-05
13.6336	4.37335	0.0449327	8.38999e-05
11.25	9.60269	0.151647	8.44605e-05
12.6058	7.51154	0.0887138	8.41367e-05
13.513	9.30337	0.131859	8.41323e-05
10.2901	7.6571	0.113938	8.43726e-05
11.9212	5.91038	0.0744363	8.40963e-05
12.6058	7.51154	0.0887138	8.41367e-05
41.2166	14.2175	4.91811	8.22075e-05
40.1627	11.7351	4.79278	8.15358e-05
42.6898	11.7351	4.86394	8.18303e-05
35.1085	11.7351	0.177165	8.2414e-05
37.4683	11.4071	0.172181	8.25342e-05
35.6088	14.5697	4.87113	8.14764e-05
33.1516	14.0413	4.86604	8.11782e-05
35.1085	11.7351	0.177165	8.2414e-05
35.6088	14.5697	4.87113	8.14764e-05
32.5813	11.7351	4.74722	8.10414e-05
33.75	9.60269	0.104277	8.23202e-05
35.1085	11.7351	0.177165	8.2414e-05
37.3284	7.80676	0.0708178	8.23003e-05
39.7099	7.6571	0.0910312	8.23527e-05
38.75	9.60269	0.120077	8.24392e-05
36.25	9.60269	0.0983691	8.2345e-05
37.3284	7.80676	0.0708178	8.23003e-05
38.75	9.60269	0.120077	8.24392e-05
35.1085	11.7351	0.177165	8.2414e-05
36.25	9.60269	0.0983691	8.2345e-05
37.4683	11.4071	0.172181	8.25342e-05
34.9468	7.95642	0.06586	8.23212e-05
37.3284	7.80676	0.0708178	8.23003e-05
36.25	9.60269	0.0983691	8.2345e-05
34.9468	7.95642	0.06586	8.23212e-05
35.7008	5.91038	0.0441041	8.23401e-05
37.3284	7.80676	0.0708178	8.23003e-05
42.536	16.5071	4.96543	8.31403e-05
44.0204	14.0413	4.94343	8.26141e-05
45.2338	16.5071	4.97568	8.36359e-05
38.4127	14.3936	4.88548	8.18116e-05
41.2166	14.2175	4.91811	8.22075e-05
39.693	16.8552	4.95604	8.26565e-05
38.4127	14.3936	4.88548	8.18116e-05
37.4683	11.4071	0.172181	8.25342e-05
40.1627	11.7351	4.79278	8.15358e-05
10.2901	7.6571	0.113938	8.43726e-05
12.6058	7.51154	0.0887138	8.41367e-05
11.25	9.60269	0.151647	8.44605e-05
28.2875	13.053	4.82925	8.10699e-05
30.001	14.922	4.90037	8.10996e-05
26.3489	16.5071	4.87556	8.13171e-05
35.1085	11.7351	0.177165	8.2414e-05
33.1516	14.0413	4.86604	8.11782e-05
32.5813	11.7351	4.74722	8.10414e-05
30.001	14.922	4.90037	8.10996e-05
28.6113	17.5512	4.93351	8.12942e-05
26.3489	16.5071	4.87556	8.13171e-05
30.9096	13.2177	4.84705	8.1042e-05
30.001	14.922	4.90037	8.10996e-05
28.2875	13.053	4.82925	8.10699e-05
29.636	10.915	4.7268	8.1066e-05
30.9096	13.2177	4.84705	8.1042e-05
28.2875	13.053	4.82925	8.10699e-05
32.5813	11.7351	4.74722	8.10414e-05
33.1516	14.0413	4.86604	8.11782e-05
30.9096	13.2177	4.84705	8.1042e-05
31.7446	16.5071	4.93378	8.13157e-05
28.6113	17.5512	4.93351	8.12942e-05
30.001	14.922	4.90037	8.10996e-05
34.4425	16.5071	4.93434	8.16099e-05
31.7446	16.5071	4.93378	8.13157e-05
33.1516	14.0413	4.86604	8.11782e-05
34.4425	16.5071	4.93434	8.16099e-05
34.9506	19.1174	4.9691	8.2151e-05
32.1075	19.1174	4.96435	8.16524e-05
37.1403	16.5071	4.93882	8.20607e-05
34.4425	16.5071	4.93434	8.16099e-05
35.6088	14.5697	4.87113	8.14764e-05
37.1403	16.5071	4.93882	8.20607e-05
37.7936	19.1174	4.97322	8.28214e-05
34.9506	19.1174	4.9691	8.2151e-05
11.414	14.0413	4.91241	8.36752e-05
14.1312	14.0413	4.88889	8.31377e-05
13.1778	15.9788	4.93921	8.36977e-05
8.69678	14.0413	4.93335	8.41574e-05
9.93237	11.8999	4.84451	8.35849e-05
11.414	14.0413	4.91241	8.36752e-05
11.25	9.60269	0.151647	8.44605e-05
13.513	9.30337	0.131859	8.41323e-05
12.5545	12.0646	4.82304	8.31851e-05
10.2901	7.6571	0.113938	8.43726e-05
11.25	9.60269	0.151647	8.44605e-05
8.74996	9.60269	0.187799	8.47439e-05
13.513	9.30337	0.131859	8.41323e-05
16.5822	10.0948	4.65257	8.24289e-05
15.1767	12.2293	4.80744	8.27372e-05
9.93237	11.8999	4.84451	8.35849e-05
11.25	9.60269	0.151647	8.44605e-05
12.5545	12.0646	4.82304	8.31851e-05
11.414	14.0413	4.91241	8.36752e-05
9.93237	11.8999	4.84451	8.35849e-05
12.5545	12.0646	4.82304	8.31851e-05
8.69678	14.0413	4.93335	8.41574e-05
7.31021	11.7351	4.88829	8.38948e-05
9.93237	11.8999	4.84451	8.35849e-05
37.4683	11.4071	0.172181	8.25342e-05
38.4127	14.3936	4.88548	8.18116e-05
35.6088	14.5697	4.87113	8.14764e-05
42.536	16.5071	4.96543	8.31403e-05
43.4158	19.3	4.9859	8.43165e-05
40.5089	19.4825	4.98136	8.36604e-05
44.0204	14.0413	4.94343	8.26141e-05
42.536	16.5071	4.96543	8.31403e-05
41.2166	14.2175	4.91811	8.22075e-05
45.2338	16.5071	4.97568	8.36359e-05
43.4158	19.3	4.9859	8.43165e-05
42.536	16.5071	4.96543	8.31403e-05
40.5089	19.4825	4.98136	8.36604e-05
41.2294	22.236	4.9911	8.47592e-05
38.204	22.4261	4.98761	8.38218e-05
42.536	16.5071	4.96543	8.31403e-05
40.5089	19.4825	4.98136	8.36604e-05
39.693	16.8552	4.95604	8.26565e-05
43.4158	19.3	4.9859	8.43165e-05
41.2294	22.236	4.9911	8.47592e-05
40.5089	19.4825	4.98136	8.36604e-05
47.2801	21.856	4.99491	8.59966e-05
44.3095	21.856	4.99327	8.54646e-05
46.3226	19.1174	4.98932	8.47962e-05
38.4127	14.3936	4.88548	8.18116e-05
37.1403	16.5071	4.93882	8.20607e-05
35.6088	14.5697	4.87113	8.14764e-05
40.1627	11.7351	4.79278	8.15358e-05
41.2166	14.2175	4.91811	8.22075e-05
38.4127	14.3936	4.88548	8.18116e-05
38.75	9.60269	0.120077	8.24392e-05
40.1627	11.7351	4.79278	8.15358e-05
37.4683	11.4071	0.172181	8.25342e-05
41.25	9.60269	0.165306	8.26201e-05
42.6898	11.7351	4.86394	8.18303e-05
40.1627	11.7351	4.79278	8.15358e-05
39.693	16.8552	4.95604	8.26565e-05
37.1403	16.5071	4.93882	8.20607e-05
38.4127	14.3936	4.88548	8.18116e-05
40.5089	19.4825	4.98136	8.36604e-05
37.7936	19.1174	4.97322	8.28214e-05
39.693	16.8552	4.95604	8.26565e-05
28.8815	20.2128	4.96046	8.15397e-05
29.1279	22.9961	4.95996	8.18866e-05
26.1025	23.1861	4.96772	8.22106e-05
32.1075	19.1174	4.96435	8.16524e-05
34.9506	19.1174	4.9691	8.2151e-05
32.4267	21.856	4.97218	8.20626e-05
28.8815	20.2128	4.96046	8.15397e-05
32.1075	19.1174	4.96435	8.16524e-05
32.4267	21.856	4.97218	8.20626e-05
31.7446	16.5071	4.93378	8.13157e-05
34.4425	16.5071	4.93434	8.16099e-05
32.1075	19.1174	4.96435	8.16524e-05
28.6113	17.5512	4.93351	8.12942e-05
31.7446	16.5071	4.93378	8.13157e-05
32.1075	19.1174	4.96435	8.16524e-05
11.414	14.0413	4.91241	8.36752e-05
12.5545	12.0646	4.82304	8.31851e-05
14.1312	14.0413	4.88889	8.31377e-05
12.2064	19.1174	4.97607	8.48342e-05
10.1618	16.5071	4.96247	8.4483e-05
13.1778	15.9788	4.93921	8.36977e-05
9.93237	11.8999	4.84451	8.35849e-05
8.74996	9.60269	0.187799	8.47439e-05
11.25	9.60269	0.151647	8.44605e-05
43.4158	19.3	4.9859	8.43165e-05
45.2338	16.5071	4.97568	8.36359e-05
46.3226	19.1174	4.98932	8.47962e-05
33.1516	14.0413	4.86604	8.11782e-05
35.6088	14.5697	4.87113	8.14764e-05
34.4425	16.5071	4.93434	8.16099e-05
36.25	9.60269	0.0983691	8.2345e-05
33.75	9.60269	0.104277	8.23202e-05
34.9468	7.95642	0.06586	8.23212e-05
21.9134	33.7485	0.256866	0.000105543
18.9132	34.917	4.85259	0.000116425
18.6835	32.5943	4.91474	0.000100666
25	30.6708	4.91842	8.76434e-05
21.9134	33.7485	0.256866	0.000105543
21.9612	30.6708	4.91883	9.10984e-05
21.8846	36.8646	4.80017	0.000136372
18.9132	34.917	4.85259	0.000116425
21.9134	33.7485	0.256866	0.000105543
25	40	4.86382	0.000196301
21.8846	36.8646	4.80017	0.000136372
25.1151	35.3065	0.246639	0.000111612
21.9134	33.7485	0.256866	0.000105543
18.6835	32.5943	4.91474	0.000100666
21.9612	30.6708	4.91883	9.10984e-05
18.7212	38.8242	0.204235	0.000184604
18.9132	34.917	4.85259	0.000116425
21.8846	36.8646	4.80017	0.000136372
17.2667	36.7732	0.248057	0.000147736
15.8122	34.7222	4.90224	0.000116169
18.9132	34.917	4.85259	0.000116425
18.7212	38.8242	0.204235	0.000184604
17.2667	36.7732	0.248057	0.000147736
18.9132	34.917	4.85259	0.000116425
18.7212	38.8242	0.204235	0.000184604
15.601	39.0202	0.242319	0.000196076
17.2667	36.7732	0.248057	0.000147736
18.7981	41.9596	0.229404	0.000330918
18.7212	38.8242	0.204235	0.000184604
21.9014	39.3141	0.23401	0.000193705
15.601	39.0202	0.242319	0.000196076
15.8122	34.7222	4.90224	0.000116169
17.2667	36.7732	0.248057	0.000147736
14.001	23.9462	4.98879	8.67522e-05
14.6026	21.856	4.98223	8.5351e-05
17.2998	24.7062	4.98413	8.60765e-05
13.1107	27.6505	4.9899	9.078e-05
12.8447	30.6708	4.98251	9.68656e-05
10.1383	27.6505	4.99427	9.18291e-05
15.2052	26.1784	4.98773	8.81989e-05
15.7173	29.727	4.97705	9.30819e-05
13.1107	27.6505	4.9899	9.078e-05
20.3799	24.7062	4.97643	8.47684e-05
18.0114	27.1222	4.97949	8.78988e-05
17.2998	24.7062	4.98413	8.60765e-05
18.7229	29.5382	4.96155	9.11133e-05
15.7173	29.727	4.97705	9.30819e-05
18.0114	27.1222	4.97949	8.78988e-05
18.7229	29.5382	4.96155	9.11133e-05
18.6835	32.5943	4.91474	0.000100666
15.7173	29.727	4.97705	9.30819e-05
10.9756	24.1362	4.99307	8.78119e-05
8.05963	24.7062	4.99582	8.90192e-05
8.66123	21.856	4.99233	8.69251e-05
10.1383	27.6505	4.99427	9.18291e-05
8.05963	24.7062	4.99582	8.90192e-05
10.9756	24.1362	4.99307	8.78119e-05
10.1383	27.6505	4.99427	9.18291e-05
9.80591	30.6708	4.99113	9.85851e-05
7.16598	27.6505	4.99687	9.24592e-05
6.70061	30.2933	4.99629	9.76891e-05
7.16598	27.6505	4.99687	9.24592e-05
9.80591	30.6708	4.99113	9.85851e-05
4.97956	24.7062	4.99723	8.966e-05
5.62671	21.6734	4.99447	8.74404e-05
8.05963	24.7062	4.99582	8.90192e-05
3.67737	19.1174	4.99145	8.6547e-05
5.62671	21.6734	4.99447	8.74404e-05
2.71986	21.856	4.99602	8.80742e-05
6.52038	19.1174	4.98818	8.60647e-05
4.76616	16.5071	4.98061	8.54159e-05
7.464	16.5071	4.97265	8.49907e-05
25	30.6708	4.91842	8.76434e-05
28.0388	30.6708	4.94411	8.68956e-05
28.0866	33.7485	4.90209	9.74825e-05
47.2801	21.856	4.99491	8.59966e-05
48.1005	24.7062	4.99682	8.71781e-05
45.0204	24.7062	4.99605	8.66759e-05
26.4215	19.1174	4.93711	8.16009e-05
26.3489	16.5071	4.87556	8.13171e-05
28.6113	17.5512	4.93351	8.12942e-05
18.0114	27.1222	4.97949	8.78988e-05
22.0277	27.6505	4.96698	8.58749e-05
18.7229	29.5382	4.96155	9.11133e-05
17.2541	20.9431	4.96678	8.41452e-05
20.544	21.856	4.96111	8.34148e-05
17.2998	24.7062	4.98413	8.60765e-05
23.0771	23.3761	4.97151	8.30588e-05
26.1025	23.1861	4.96772	8.22106e-05
25.3391	26.1784	4.96794	8.33375e-05
17.2998	24.7062	4.98413	8.60765e-05
20.544	21.856	4.96111	8.34148e-05
20.3799	24.7062	4.97643	8.47684e-05
24.8405	21.1517	4.95258	8.20831e-05
26.1025	23.1861	4.96772	8.22106e-05
23.0771	23.3761	4.97151	8.30588e-05
20.544	21.856	4.96111	8.34148e-05
24.8405	21.1517	4.95258	8.20831e-05
23.0771	23.3761	4.97151	8.30588e-05
23.5785	19.1174	4.90455	8.19886e-05
26.4215	19.1174	4.93711	8.16009e-05
24.8405	21.1517	4.95258	8.20831e-05
31.199	26.5464	0.346187	8.41305e-05
30.7452	28.7831	4.94748	8.39688e-05
28.269	26.3624	4.95207	8.26847e-05
29.1279	22.9961	4.95996	8.18866e-05
31.199	26.5464	0.346187	8.41305e-05
28.269	26.3624	4.95207	8.26847e-05
32.7002	24.7062	4.95606	8.25666e-05
33.7508	28.5944	4.96385	8.41791e-05
31.199	26.5464	0.346187	8.41305e-05
20.544	21.856	4.96111	8.34148e-05
23.0771	23.3761	4.97151	8.30588e-05
20.3799	24.7062	4.97643	8.47684e-05
20.7355	19.1174	4.90251	8.26369e-05
20.544	21.856	4.96111	8.34148e-05
17.2541	20.9431	4.96678	8.41452e-05
17.7548	18.7251	4.93022	8.3303e-05
18.2554	16.5071	4.85749	8.26861e-05
20.7355	19.1174	4.90251	8.26369e-05
14.7591	18.4213	4.95786	8.39615e-05
17.7548	18.7251	4.93022	8.3303e-05
17.2541	20.9431	4.96678	8.41452e-05
14.7591	18.4213	4.95786	8.39615e-05
15.9817	15.8026	4.90122	8.30373e-05
17.7548	18.7251	4.93022	8.3303e-05
20.9532	16.5071	0.220024	8.34456e-05
23.5785	19.1174	4.90455	8.19886e-05
20.7355	19.1174	4.90251	8.26369e-05
23.5785	19.1174	4.90455	8.19886e-05
24.8405	21.1517	4.95258	8.20831e-05
20.544	21.856	4.96111	8.34148e-05
26.689	28.4246	4.95495	8.41836e-05
22.0277	27.6505	4.96698	8.58749e-05
25.3391	26.1784	4.96794	8.33375e-05
21.9612	30.6708	4.91883	9.10984e-05
18.6835	32.5943	4.91474	0.000100666
18.7229	29.5382	4.96155	9.11133e-05
20.7355	19.1174	4.90251	8.26369e-05
23.5785	19.1174	4.90455	8.19886e-05
20.544	21.856	4.96111	8.34148e-05
16.8484	14.0413	4.83113	8.26045e-05
19.5656	14.0413	0.180305	8.34265e-05
18.2554	16.5071	4.85749	8.26861e-05
16.8484	14.0413	4.83113	8.26045e-05
17.7988	12.3941	4.73037	8.23083e-05
19.5656	14.0413	0.180305	8.34265e-05
14.1312	14.0413	4.88889	8.31377e-05
16.8484	14.0413	4.83113	8.26045e-05
15.9817	15.8026	4.90122	8.30373e-05
15.1767	12.2293	4.80744	8.27372e-05
17.7988	12.3941	4.73037	8.23083e-05
16.8484	14.0413	4.83113	8.26045e-05
18.75	9.60269	0.0941715	8.34214e-05
21.25	9.60269	0.0672635	8.31232e-05
19.9458	11.7351	0.121714	8.3258e-05
24.3933	15.2742	0.210067	8.27548e-05
23.5785	19.1174	4.90455	8.19886e-05
20.9532	16.5071	0.220024	8.34456e-05
4.97956	24.7062	4.99723	8.966e-05
4.19365	27.6505	4.99807	9.30586e-05
1.8995	24.7062	4.99787	9.02653e-05
8.74996	9.60269	0.187799	8.47439e-05
9.93237	11.8999	4.84451	8.35849e-05
7.31021	11.7351	4.88829	8.38948e-05
46.8029	37.0605	4.96727	0.000102532
43.6827	37.2565	4.93158	0.000105759
46.6062	33.7485	4.98627	9.32455e-05
41.9404	24.7062	4.99413	8.58119e-05
45.0204	24.7062	4.99605	8.66759e-05
42.7675	28.0281	4.99396	8.73772e-05
38.8603	24.7062	4.99052	8.46968e-05
41.9404	24.7062	4.99413	8.58119e-05
39.9888	27.0985	4.99141	8.59805e-05
41.2294	22.236	4.9911	8.47592e-05
44.3095	21.856	4.99327	8.54646e-05
41.9404	24.7062	4.99413	8.58119e-05
48.7787	27.6505	4.9966	8.84158e-05
49.3105	30.6708	4.99426	9.01587e-05
46.2478	30.8632	4.99303	8.99206e-05
26.1025	23.1861	4.96772	8.22106e-05
24.8405	21.1517	4.95258	8.20831e-05
28.8815	20.2128	4.96046	8.15397e-05
28.269	26.3624	4.95207	8.26847e-05
26.1025	23.1861	4.96772	8.22106e-05
29.1279	22.9961	4.95996	8.18866e-05
23.0771	23.3761	4.97151	8.30588e-05
22.0277	27.6505	4.96698	8.58749e-05
20.3799	24.7062	4.97643	8.47684e-05
12.8447	30.6708	4.98251	9.68656e-05
12.7112	34.5275	4.95981	0.000117312
9.49534	33.1714	4.98731	0.000108925
10.1383	27.6505	4.99427	9.18291e-05
12.8447	30.6708	4.98251	9.68656e-05
9.80591	30.6708	4.99113	9.85851e-05
14.3285	32.6965	4.95901	0.0001048
18.6835	32.5943	4.91474	0.000100666
15.8122	34.7222	4.90224	0.000116169
25.1151	35.3065	0.246639	0.000111612
21.8846	36.8646	4.80017	0.000136372
21.9134	33.7485	0.256866	0.000105543
14.3285	32.6965	4.95901	0.0001048
12.7112	34.5275	4.95981	0.000117312
12.8447	30.6708	4.98251	9.68656e-05
18.9132	34.917	4.85259	0.000116425
15.8122	34.7222	4.90224	0.000116169
18.6835	32.5943	4.91474	0.000100666
15.601	39.0202	0.242319	0.000196076
12.5385	36.8646	4.93739	0.000145468
15.8122	34.7222	4.90224	0.000116169
23.5785	19.1174	4.90455	8.19886e-05
24.3933	15.2742	0.210067	8.27548e-05
26.3489	16.5071	4.87556	8.13171e-05
28.8815	20.2128	4.96046	8.15397e-05
24.8405	21.1517	4.95258	8.20831e-05
26.4215	19.1174	4.93711	8.16009e-05
18.2554	16.5071	4.85749	8.26861e-05
17.7548	18.7251	4.93022	8.3303e-05
15.9817	15.8026	4.90122	8.30373e-05
14.6026	21.856	4.98223	8.5351e-05
17.2541	20.9431	4.96678	8.41452e-05
17.2998	24.7062	4.98413	8.60765e-05
15.9817	15.8026	4.90122	8.30373e-05
13.1778	15.9788	4.93921	8.36977e-05
14.1312	14.0413	4.88889	8.31377e-05
14.6026	21.856	4.98223	8.5351e-05
14.7591	18.4213	4.95786	8.39615e-05
17.2541	20.9431	4.96678	8.41452e-05
11.4404	21.3083	4.98735	8.59589e-05
14.001	23.9462	4.98879	8.67522e-05
10.9756	24.1362	4.99307	8.78119e-05
30.001	14.922	4.90037	8.10996e-05
30.9096	13.2177	4.84705	8.1042e-05
33.1516	14.0413	4.86604	8.11782e-05
31.7446	16.5071	4.93378	8.13157e-05
30.001	14.922	4.90037	8.10996e-05
33.1516	14.0413	4.86604	8.11782e-05
25.6653	12.8882	4.73524	8.12596e-05
27.0253	10.7509	4.67931	8.122e-05
28.2875	13.053	4.82925	8.10699e-05
25.6653	12.8882	4.73524	8.12596e-05
28.2875	13.053	4.82925	8.10699e-05
26.3489	16.5071	4.87556	8.13171e-05
33.75	9.60269	0.104277	8.23202e-05
36.25	9.60269	0.0983691	8.2345e-05
35.1085	11.7351	0.177165	8.2414e-05
39.693	16.8552	4.95604	8.26565e-05
41.2166	14.2175	4.91811	8.22075e-05
42.536	16.5071	4.96543	8.31403e-05
28.8815	20.2128	4.96046	8.15397e-05
26.4215	19.1174	4.93711	8.16009e-05
28.6113	17.5512	4.93351	8.12942e-05
40.625	40	0.221244	0.000140633
43.75	40	4.86504	0.0001313
43.6923	43.1354	0.238067	0.000209334
34.399	40.9798	0.0267468	3.49131e-05
37.5	40	4.77885	0.000149339
37.5191	43.9145	0.142332	0.000333112
40.5769	36.8646	4.91111	0.000105389
43.6827	37.2565	4.93158	0.000105759
40.625	40	0.221244	0.000140633
37.3464	33.7485	4.95963	9.37348e-05
33.997	31.6326	4.96303	8.83068e-05
37.1553	30.6708	4.97844	8.75502e-05
40.625	40	0.221244	0.000140633
37.5	40	4.77885	0.000149339
40.5769	36.8646	4.91111	0.000105389
37.4615	36.8646	4.9069	0.00010976
34.1596	34.7385	4.93273	9.88859e-05
37.3464	33.7485	4.95963	9.37348e-05
46.2478	30.8632	4.99303	8.99206e-05
45.7731	27.8393	4.99593	8.80806e-05
48.7787	27.6505	4.9966	8.84158e-05
49.6928	33.7485	4.98861	9.36958e-05
46.6062	33.7485	4.98627	9.32455e-05
49.3105	30.6708	4.99426	9.01587e-05
40.1941	30.6708	4.98591	8.82008e-05
37.1553	30.6708	4.97844	8.75502e-05
36.8893	27.6505	4.98387	8.49802e-05
43.2329	30.6708	4.99027	8.91057e-05
40.1941	30.6708	4.98591	8.82008e-05
42.7675	28.0281	4.99396	8.73772e-05
40.433	33.7485	4.96744	9.30515e-05
37.3464	33.7485	4.95963	9.37348e-05
40.1941	30.6708	4.98591	8.82008e-05
31.3171	35.696	4.88965	0.000107878
31.2019	38.0404	0.0379709	2.26153e-05
28.1154	36.8646	4.85688	0.000126536
33.997	31.6326	4.96303	8.83068e-05
34.1596	34.7385	4.93273	9.88859e-05
30.9343	31.8249	4.95101	8.81831e-05
34.3221	37.8444	0.778624	2.04393e-05
31.2019	38.0404	0.0379709	2.26153e-05
31.3171	35.696	4.88965	0.000107878
37.5	40	4.77885	0.000149339
34.3221	37.8444	0.778624	2.04393e-05
37.4615	36.8646	4.9069	0.00010976
34.399	40.9798	0.0267468	3.49131e-05
31.2019	38.0404	0.0379709	2.26153e-05
34.3221	37.8444	0.778624	2.04393e-05
40.1941	30.6708	4.98591	8.82008e-05
39.9888	27.0985	4.99141	8.59805e-05
42.7675	28.0281	4.99396	8.73772e-05
7.16598	27.6505	4.99687	9.24592e-05
8.05963	24.7062	4.99582	8.90192e-05
10.1383	27.6505	4.99427	9.18291e-05
3.69504	30.482	4.99806	9.85776e-05
4.19365	27.6505	4.99807	9.30586e-05
6.70061	30.2933	4.99629	9.76891e-05
4.97956	24.7062	4.99723	8.966e-05
8.05963	24.7062	4.99582	8.90192e-05
7.16598	27.6505	4.99687	9.24592e-05
2.71986	21.856	4.99602	8.80742e-05
4.97956	24.7062	4.99723	8.966e-05
1.8995	24.7062	4.99787	9.02653e-05
14.001	23.9462	4.98879	8.67522e-05
11.4404	21.3083	4.98735	8.59589e-05
14.6026	21.856	4.98223	8.5351e-05
13.1107	27.6505	4.9899	9.078e-05
10.9756	24.1362	4.99307	8.78119e-05
14.001	23.9462	4.98879	8.67522e-05
8.66123	21.856	4.99233	8.69251e-05
5.62671	21.6734	4.99447	8.74404e-05
6.52038	19.1174	4.98818	8.60647e-05
12.2064	19.1174	4.97607	8.48342e-05
11.4404	21.3083	4.98735	8.59589e-05
9.3634	19.1174	4.98334	8.54998e-05
8.05963	24.7062	4.99582	8.90192e-05
5.62671	21.6734	4.99447	8.74404e-05
8.66123	21.856	4.99233	8.69251e-05
44.3095	21.856	4.99327	8.54646e-05
41.2294	22.236	4.9911	8.47592e-05
43.4158	19.3	4.9859	8.43165e-05
45.7731	27.8393	4.99593	8.80806e-05
45.0204	24.7062	4.99605	8.66759e-05
48.1005	24.7062	4.99682	8.71781e-05
38.8603	24.7062	4.99052	8.46968e-05
36.8893	27.6505	4.98387	8.49802e-05
35.7802	24.7062	4.98191	8.3498e-05
45.7731	27.8393	4.99593	8.80806e-05
42.7675	28.0281	4.99396	8.73772e-05
45.0204	24.7062	4.99605	8.66759e-05
43.2329	30.6708	4.99027	8.91057e-05
46.2478	30.8632	4.99303	8.99206e-05
43.5196	33.7485	4.97687	9.32347e-05
40.433	33.7485	4.96744	9.30515e-05
43.2329	30.6708	4.99027	8.91057e-05
43.5196	33.7485	4.97687	9.32347e-05
42.7675	28.0281	4.99396	8.73772e-05
45.7731	27.8393	4.99593	8.80806e-05
43.2329	30.6708	4.99027	8.91057e-05
41.9404	24.7062	4.99413	8.58119e-05
42.7675	28.0281	4.99396	8.73772e-05
39.9888	27.0985	4.99141	8.59805e-05
45.7731	27.8393	4.99593	8.80806e-05
46.2478	30.8632	4.99303	8.99206e-05
43.2329	30.6708	4.99027	8.91057e-05
8.69678	14.0413	4.93335	8.41574e-05
5.97957	14.0413	4.95461	8.45526e-05
7.31021	11.7351	4.88829	8.38948e-05
10.1618	16.5071	4.96247	8.4483e-05
8.69678	14.0413	4.93335	8.41574e-05
11.414	14.0413	4.91241	8.36752e-05
7.464	16.5071	4.97265	8.49907e-05
4.76616	16.5071	4.98061	8.54159e-05
5.97957	14.0413	4.95461	8.45526e-05
10.1618	16.5071	4.96247	8.4483e-05
7.464	16.5071	4.97265	8.49907e-05
8.69678	14.0413	4.93335	8.41574e-05
10.1618	16.5071	4.96247	8.4483e-05
9.3634	19.1174	4.98334	8.54998e-05
7.464	16.5071	4.97265	8.49907e-05
9.42308	36.8646	4.97909	0.000146137
9.49534	33.1714	4.98731	0.000108925
12.7112	34.5275	4.95981	0.000117312
12.5	40	4.93142	0.000228288
9.36058	39.4121	4.97816	0.000207273
12.5385	36.8646	4.93739	0.000145468
9.36058	39.4121	4.97816	0.000207273
6.30769	36.8646	4.99253	0.00014235
9.42308	36.8646	4.97909	0.000146137
3.19231	36.8646	4.99697	0.000140558
3.40821	33.9432	4.99754	0.000112698
6.30769	36.8646	4.99253	0.00014235
0.076922	36.8646	4.99799	0.000138608
3.19231	36.8646	4.99697	0.000140558
3.125	40	4.99666	0.000213502
0.076922	36.8646	4.99799	0.000138608
0.307214	33.7485	4.99832	0.000111405
3.19231	36.8646	4.99697	0.000140558
6.70061	30.2933	4.99629	9.76891e-05
9.80591	30.6708	4.99113	9.85851e-05
9.49534	33.1714	4.98731	0.000108925
2.71986	21.856	4.99602	8.80742e-05
5.62671	21.6734	4.99447	8.74404e-05
4.97956	24.7062	4.99723	8.966e-05
18.0114	27.1222	4.97949	8.78988e-05
15.7173	29.727	4.97705	9.30819e-05
15.2052	26.1784	4.98773	8.81989e-05
43.5196	33.7485	4.97687	9.32347e-05
40.5769	36.8646	4.91111	0.000105389
40.433	33.7485	4.96744	9.30515e-05
49.9231	36.8646	4.97484	0.000103127
46.8029	37.0605	4.96727	0.000102532
49.6928	33.7485	4.98861	9.36958e-05
43.75	40	4.86504	0.0001313
40.625	40	0.221244	0.000140633
43.6827	37.2565	4.93158	0.000105759
13.1107	27.6505	4.9899	9.078e-05
15.7173	29.727	4.97705	9.30819e-05
12.8447	30.6708	4.98251	9.68656e-05
10.9756	24.1362	4.99307	8.78119e-05
13.1107	27.6505	4.9899	9.078e-05
10.1383	27.6505	4.99427	9.18291e-05
15.2052	26.1784	4.98773	8.81989e-05
17.2998	24.7062	4.98413	8.60765e-05
18.0114	27.1222	4.97949	8.78988e-05
14.001	23.9462	4.98879	8.67522e-05
15.2052	26.1784	4.98773	8.81989e-05
13.1107	27.6505	4.9899	9.078e-05
14.001	23.9462	4.98879	8.67522e-05
17.2998	24.7062	4.98413	8.60765e-05
15.2052	26.1784	4.98773	8.81989e-05
46.6062	33.7485	4.98627	9.32455e-05
43.6827	37.2565	4.93158	0.000105759
43.5196	33.7485	4.97687	9.32347e-05
50	40	4.95858	0.000123535
46.8029	37.0605	4.96727	0.000102532
49.9231	36.8646	4.97484	0.000103127
46.8798	40.196	4.93382	0.000134144
43.75	40	4.86504	0.0001313
46.8029	37.0605	4.96727	0.000102532
21.9014	39.3141	0.23401	0.000193705
21.9183	41.7637	4.83989	0.000322175
18.7981	41.9596	0.229404	0.000330918
25	40	4.86382	0.000196301
21.9014	39.3141	0.23401	0.000193705
21.8846	36.8646	4.80017	0.000136372
25	40	4.86382	0.000196301
21.9183	41.7637	4.83989	0.000322175
21.9014	39.3141	0.23401	0.000193705
22.0142	44.8882	4.8943	0.000699614
18.7981	41.9596	0.229404	0.000330918
21.9183	41.7637	4.83989	0.000322175
3.69504	30.482	4.99806	9.85776e-05
3.40821	33.9432	4.99754	0.000112698
0.68946	30.6708	4.99856	9.95125e-05
1.22131	27.6505	4.99849	9.36657e-05
3.69504	30.482	4.99806	9.85776e-05
0.68946	30.6708	4.99856	9.95125e-05
6.70061	30.2933	4.99629	9.76891e-05
6.43263	33.3637	4.99495	0.000109185
3.69504	30.482	4.99806	9.85776e-05
43.5196	33.7485	4.97687	9.32347e-05
43.6827	37.2565	4.93158	0.000105759
40.5769	36.8646	4.91111	0.000105389
40.1941	30.6708	4.98591	8.82008e-05
43.2329	30.6708	4.99027	8.91057e-05
40.433	33.7485	4.96744	9.30515e-05
46.6062	33.7485	4.98627	9.32455e-05
49.6928	33.7485	4.98861	9.36958e-05
46.8029	37.0605	4.96727	0.000102532
46.2478	30.8632	4.99303	8.99206e-05
46.6062	33.7485	4.98627	9.32455e-05
43.5196	33.7485	4.97687	9.32347e-05
46.2478	30.8632	4.99303	8.99206e-05
49.3105	30.6708	4.99426	9.01587e-05
46.6062	33.7485	4.98627	9.32455e-05
46.8798	40.196	4.93382	0.000134144
46.8029	37.0605	4.96727	0.000102532
50	40	4.95858	0.000123535
9.4375	42.5475	4.98209	0.000408334
6.24038	39.6081	4.99229	0.000202964
9.36058	39.4121	4.97816	0.000207273
9.49534	33.1714	4.98731	0.000108925
9.80591	30.6708	4.99113	9.85851e-05
12.8447	30.6708	4.98251	9.68656e-05
12.5385	36.8646	4.93739	0.000145468
9.42308	36.8646	4.97909	0.000146137
12.7112	34.5275	4.95981	0.000117312
6.43263	33.3637	4.99495	0.000109185
6.70061	30.2933	4.99629	9.76891e-05
9.49534	33.1714	4.98731	0.000108925
4.19365	27.6505	4.99807	9.30586e-05
4.97956	24.7062	4.99723	8.966e-05
7.16598	27.6505	4.99687	9.24592e-05
1.22131	27.6505	4.99849	9.36657e-05
4.19365	27.6505	4.99807	9.30586e-05
3.69504	30.482	4.99806	9.85776e-05
1.22131	27.6505	4.99849	9.36657e-05
1.8995	24.7062	4.99787	9.02653e-05
4.19365	27.6505	4.99807	9.30586e-05
6.70061	30.2933	4.99629	9.76891e-05
4.19365	27.6505	4.99807	9.30586e-05
7.16598	27.6505	4.99687	9.24592e-05
18.7229	29.5382	4.96155	9.11133e-05
22.0277	27.6505	4.96698	8.58749e-05
21.9612	30.6708	4.91883	9.10984e-05
14.3285	32.6965	4.95901	0.0001048
12.8447	30.6708	4.98251	9.68656e-05
15.7173	29.727	4.97705	9.30819e-05
18.6835	32.5943	4.91474	0.000100666
14.3285	32.6965	4.95901	0.0001048
15.7173	29.727	4.97705	9.30819e-05
15.8122	34.7222	4.90224	0.000116169
12.7112	34.5275	4.95981	0.000117312
14.3285	32.6965	4.95901	0.0001048
18.0114	27.1222	4.97949	8.78988e-05
20.3799	24.7062	4.97643	8.47684e-05
22.0277	27.6505	4.96698	8.58749e-05
3.40821	33.9432	4.99754	0.000112698
3.69504	30.482	4.99806	9.85776e-05
6.43263	33.3637	4.99495	0.000109185
46.8077	43.1354	4.91063	0.000193184
43.6923	43.1354	0.238067	0.000209334
46.8798	40.196	4.93382	0.000134144
49.9231	43.1354	4.94774	0.000185298
46.8077	43.1354	4.91063	0.000193184
46.8798	40.196	4.93382	0.000134144
46.2717	49.3292	4.95683	0.000710875
49.3105	49.3292	4.96654	0.000621089
48.7787	52.3495	4.96503	0.00138077
43.5196	46.2515	4.87274	0.000385807
46.2717	49.3292	4.95683	0.000710875
43.2329	49.3292	4.92886	0.000845534
40.433	46.2515	4.79417	0.000450311
43.5196	46.2515	4.87274	0.000385807
43.2329	49.3292	4.92886	0.000845534
43.6923	43.1354	0.238067	0.000209334
46.8077	43.1354	4.91063	0.000193184
46.6062	46.2515	4.93162	0.000338352
46.6062	46.2515	4.93162	0.000338352
49.3105	49.3292	4.96654	0.000621089
46.2717	49.3292	4.95683	0.000710875
6.30769	36.8646	4.99253	0.00014235
6.43263	33.3637	4.99495	0.000109185
9.42308	36.8646	4.97909	0.000146137
3.125	40	4.99666	0.000213502
3.19231	36.8646	4.99697	0.000140558
6.24038	39.6081	4.99229	0.000202964
3.40821	33.9432	4.99754	0.000112698
6.43263	33.3637	4.99495	0.000109185
6.30769	36.8646	4.99253	0.00014235
0.307214	33.7485	4.99832	0.000111405
3.40821	33.9432	4.99754	0.000112698
3.19231	36.8646	4.99697	0.000140558
0.307214	33.7485	4.99832	0.000111405
0.68946	30.6708	4.99856	9.95125e-05
3.40821	33.9432	4.99754	0.000112698
