25	30.6708	4.91857	8.03961e-05
28.0866	33.7485	4.90517	9.16099e-05
25.1151	35.3065	0.247431	0.000104211
22.0277	27.6505	4.96709	7.84938e-05
25	30.6708	4.91857	8.03961e-05
21.9612	30.6708	4.91908	8.37001e-05
26.689	28.4246	4.95524	7.70686e-05
28.269	26.3624	4.95221	7.55176e-05
30.7452	28.7831	4.94759	7.68101e-05
25	30.6708	4.91857	8.03961e-05
26.689	28.4246	4.95524	7.70686e-05
28.0388	30.6708	4.94424	7.97538e-05
25.3391	26.1784	4.96804	7.60995e-05
28.269	26.3624	4.95221	7.55176e-05
26.689	28.4246	4.95524	7.70686e-05
28.0388	30.6708	4.94424	7.97538e-05
30.9343	31.8249	4.95476	8.26338e-05
28.0866	33.7485	4.90517	9.16099e-05
22.0277	27.6505	4.96709	7.84938e-05
26.689	28.4246	4.95524	7.70686e-05
25	30.6708	4.91857	8.03961e-05
30.7452	28.7831	4.94759	7.68101e-05
30.9343	31.8249	4.95476	8.26338e-05
28.0388	30.6708	4.94424	7.97538e-05
26.689	28.4246	4.95524	7.70686e-05
30.7452	28.7831	4.94759	7.68101e-05
28.0388	30.6708	4.94424	7.97538e-05
26.1025	23.1861	4.96771	7.49569e-05
28.269	26.3624	4.95221	7.55176e-05
25.3391	26.1784	4.96804	7.60995e-05
29.1279	22.9961	4.95995	7.46592e-05
32.7002	24.7062	4.95612	7.53127e-05
31.199	26.5464	0.346301	7.68269e-05
33.7508	28.5944	4.96363	7.67879e-05
30.9343	31.8249	4.95476	8.26338e-05
30.7452	28.7831	4.94759	7.68101e-05
31.199	26.5464	0.346301	7.68269e-05
33.7508	28.5944	4.96363	7.67879e-05
30.7452	28.7831	4.94759	7.68101e-05
37.4615	36.8646	4.8944	9.80015e-05
40.433	33.7485	4.96873	8.58863e-05
40.5769	36.8646	4.9136	9.94821e-05
36.8893	27.6505	4.9839	7.75455e-05
37.1553	30.6708	4.97843	8.01025e-05
33.7508	28.5944	4.96363	7.67879e-05
36.8893	27.6505	4.9839	7.75455e-05
39.9888	27.0985	4.99139	7.83661e-05
40.1941	30.6708	4.98567	8.049e-05
34.9506	19.1174	4.96905	7.48446e-05
34.4425	16.5071	4.93429	7.43594e-05
37.1403	16.5071	4.93878	7.47628e-05
38.204	22.4261	4.98757	7.6345e-05
35.1786	22.6161	4.98041	7.54969e-05
36.4861	20.8667	4.97924	7.55134e-05
32.1075	19.1174	4.9643	7.44043e-05
28.8815	20.2128	4.96041	7.43131e-05
28.6113	17.5512	4.93345	7.40838e-05
38.204	22.4261	4.98757	7.6345e-05
35.7802	24.7062	4.98193	7.61172e-05
35.1786	22.6161	4.98041	7.54969e-05
32.7002	24.7062	4.95612	7.53127e-05
29.1279	22.9961	4.95995	7.46592e-05
32.4267	21.856	4.97215	7.47899e-05
45.7731	27.8393	4.99591	8.02373e-05
48.1005	24.7062	4.99679	7.93633e-05
48.7787	27.6505	4.99656	8.05231e-05
38.8603	24.7062	4.99048	7.71529e-05
41.2294	22.236	4.99106	7.71795e-05
41.9404	24.7062	4.99409	7.81416e-05
38.8603	24.7062	4.99048	7.71529e-05
38.204	22.4261	4.98757	7.6345e-05
41.2294	22.236	4.99106	7.71795e-05
36.8893	27.6505	4.9839	7.75455e-05
38.8603	24.7062	4.99048	7.71529e-05
39.9888	27.0985	4.99139	7.83661e-05
35.7802	24.7062	4.98193	7.61172e-05
38.204	22.4261	4.98757	7.6345e-05
38.8603	24.7062	4.99048	7.71529e-05
33.7508	28.5944	4.96363	7.67879e-05
35.7802	24.7062	4.98193	7.61172e-05
36.8893	27.6505	4.9839	7.75455e-05
32.7002	24.7062	4.95612	7.53127e-05
32.4267	21.856	4.97215	7.47899e-05
35.1786	22.6161	4.98041	7.54969e-05
37.7936	19.1174	4.97318	7.54423e-05
40.5089	19.4825	4.98132	7.61914e-05
38.204	22.4261	4.98757	7.6345e-05
35.1786	22.6161	4.98041	7.54969e-05
32.4267	21.856	4.97215	7.47899e-05
34.9506	19.1174	4.96905	7.48446e-05
36.4861	20.8667	4.97924	7.55134e-05
35.1786	22.6161	4.98041	7.54969e-05
34.9506	19.1174	4.96905	7.48446e-05
37.7936	19.1174	4.97318	7.54423e-05
36.4861	20.8667	4.97924	7.55134e-05
34.9506	19.1174	4.96905	7.48446e-05
37.7936	19.1174	4.97318	7.54423e-05
38.204	22.4261	4.98757	7.6345e-05
36.4861	20.8667	4.97924	7.55134e-05
35.7802	24.7062	4.98193	7.61172e-05
32.7002	24.7062	4.95612	7.53127e-05
35.1786	22.6161	4.98041	7.54969e-05
33.7508	28.5944	4.96363	7.67879e-05
32.7002	24.7062	4.95612	7.53127e-05
35.7802	24.7062	4.98193	7.61172e-05
29.1279	22.9961	4.95995	7.46592e-05
28.8815	20.2128	4.96041	7.43131e-05
32.4267	21.856	4.97215	7.47899e-05
37.1403	16.5071	4.93878	7.47628e-05
39.693	16.8552	4.956	7.52964e-05
37.7936	19.1174	4.97318	7.54423e-05
44.3095	21.856	4.99324	7.78088e-05
47.2801	21.856	4.99488	7.82865e-05
45.0204	24.7062	4.99602	7.89105e-05
41.9404	24.7062	4.99409	7.81416e-05
44.3095	21.856	4.99324	7.78088e-05
45.0204	24.7062	4.99602	7.89105e-05
43.4158	19.3	4.98588	7.67787e-05
46.3226	19.1174	4.98929	7.7208e-05
44.3095	21.856	4.99324	7.78088e-05
28.0866	46.2515	4.88307	0.00096258
31.0776	49.3292	4.83572	0.00230813
28.0388	49.3292	4.88469	0.00261187
25	43.1354	4.89917	0.00039987
28.1154	43.1354	4.85272	0.000412301
28.0866	46.2515	4.88307	0.00096258
37.3464	46.2515	0.160712	0.000580737
34.3294	43.6157	0.121708	0.000354008
37.5191	43.9145	0.141157	0.00032083
31.226	43.7137	0.18502	0.000441479
31.2788	41.1758	0.15981	0.000224745
34.3294	43.6157	0.121708	0.000354008
28.0866	46.2515	4.88307	0.00096258
31.226	43.7137	0.18502	0.000441479
31.1732	46.2515	4.77598	0.000902577
28.1154	43.1354	4.85272	0.000412301
31.2788	41.1758	0.15981	0.000224745
31.226	43.7137	0.18502	0.000441479
25	46.2515	4.91268	0.000972999
25	43.1354	4.89917	0.00039987
28.0866	46.2515	4.88307	0.00096258
28.125	40	4.82952	0.000191209
31.2788	41.1758	0.15981	0.000224745
28.1154	43.1354	4.85272	0.000412301
28.125	40	4.82952	0.000191209
31.2019	38.0404	0.0738896	4.36054e-05
31.2788	41.1758	0.15981	0.000224745
31.2019	38.0404	0.0738896	4.36054e-05
34.399	40.9798	0.0462626	7.38495e-05
31.2788	41.1758	0.15981	0.000224745
28.0866	33.7485	4.90517	9.16099e-05
31.3171	35.696	4.86729	9.00749e-05
28.1154	36.8646	4.84984	0.000114785
37.3464	33.7485	4.9612	8.69083e-05
37.1553	30.6708	4.97843	8.01025e-05
40.1941	30.6708	4.98567	8.049e-05
37.4615	36.8646	4.8944	9.80015e-05
37.3464	33.7485	4.9612	8.69083e-05
40.433	33.7485	4.96873	8.58863e-05
37.4615	36.8646	4.8944	9.80015e-05
34.3221	37.8444	0.328811	3.08451e-05
34.1596	34.7385	4.92008	8.68097e-05
34.1596	34.7385	4.92008	8.68097e-05
33.997	31.6326	4.96373	8.13117e-05
37.3464	33.7485	4.9612	8.69083e-05
31.3171	35.696	4.86729	9.00749e-05
34.1596	34.7385	4.92008	8.68097e-05
34.3221	37.8444	0.328811	3.08451e-05
31.3171	35.696	4.86729	9.00749e-05
30.9343	31.8249	4.95476	8.26338e-05
34.1596	34.7385	4.92008	8.68097e-05
30.9343	31.8249	4.95476	8.26338e-05
33.7508	28.5944	4.96363	7.67879e-05
33.997	31.6326	4.96373	8.13117e-05
40.433	46.2515	4.79424	0.000442181
40.6201	43.7197	0.185149	0.000257164
43.5196	46.2515	4.87272	0.000377296
46.8029	37.0605	4.96723	9.46041e-05
43.75	40	4.86497	0.000123448
43.6827	37.2565	4.93135	9.78409e-05
49.9231	43.1354	4.94771	0.000176634
46.8798	40.196	4.93379	0.000125643
50	40	4.95854	0.000115505
49.9231	43.1354	4.94771	0.000176634
49.6928	46.2515	4.95586	0.000302735
46.8077	43.1354	4.9106	0.000184578
25	43.1354	4.89917	0.00039987
25	46.2515	4.91268	0.000972999
22.0142	44.8882	4.89454	0.00070632
25	40	4.86498	0.000187851
25	43.1354	4.89917	0.00039987
21.9183	41.7637	4.83987	0.000314518
25	40	4.86498	0.000187851
28.1154	43.1354	4.85272	0.000412301
25	43.1354	4.89917	0.00039987
31.2019	38.0404	0.0738896	4.36054e-05
28.125	40	4.82952	0.000191209
28.1154	36.8646	4.84984	0.000114785
28.1154	43.1354	4.85272	0.000412301
31.226	43.7137	0.18502	0.000441479
28.0866	46.2515	4.88307	0.00096258
18.7981	41.9596	0.229322	0.000321433
15.601	39.0202	0.242251	0.000186311
18.7212	38.8242	0.20425	0.000175157
17.2523	44.2036	4.8851	0.000652881
15.7402	46.2515	4.93843	0.0011967
14.1489	44.3016	4.94343	0.000678704
18.7981	41.9596	0.229322	0.000321433
17.2523	44.2036	4.8851	0.000652881
15.6779	42.1556	4.87336	0.000378743
18.8268	46.2515	4.90672	0.00106644
15.7402	46.2515	4.93843	0.0011967
17.2523	44.2036	4.8851	0.000652881
21.7462	47.598	4.88598	0.0017143
18.8268	46.2515	4.90672	0.00106644
22.0142	44.8882	4.89454	0.00070632
21.7462	47.598	4.88598	0.0017143
18.9224	49.3292	4.87304	0.0029967
18.8268	46.2515	4.90672	0.00106644
15.6779	42.1556	4.87336	0.000378743
15.601	39.0202	0.242251	0.000186311
18.7981	41.9596	0.229322	0.000321433
18.8268	46.2515	4.90672	0.00106644
17.2523	44.2036	4.8851	0.000652881
18.7981	41.9596	0.229322	0.000321433
14.1489	44.3016	4.94343	0.000678704
12.6536	46.2515	4.96931	0.00107558
12.5577	42.3516	4.95143	0.000381792
15.6779	42.1556	4.87336	0.000378743
14.1489	44.3016	4.94343	0.000678704
12.5577	42.3516	4.95143	0.000381792
15.7402	46.2515	4.93843	0.0011967
12.6536	46.2515	4.96931	0.00107558
14.1489	44.3016	4.94343	0.000678704
12.7118	50.0843	4.96255	0.0034979
12.6536	46.2515	4.96931	0.00107558
15.8835	49.3292	4.93536	0.00289867
16.083	52.3495	4.89386	0.00749505
13.1107	52.3495	4.94361	0.0066908
15.8835	49.3292	4.93536	0.00289867
18.9224	49.3292	4.87304	0.0029967
16.083	52.3495	4.89386	0.00749505
15.8835	49.3292	4.93536	0.00289867
13.1107	52.3495	4.94361	0.0066908
10.6893	54.7417	4.92629	0.0114526
10.1383	52.3495	4.96119	0.00604245
15.8835	49.3292	4.93536	0.00289867
13.1107	52.3495	4.94361	0.0066908
12.7118	50.0843	4.96255	0.0034979
14.2198	55.2938	4.89321	0.0160031
10.6893	54.7417	4.92629	0.0114526
13.1107	52.3495	4.94361	0.0066908
17.0264	56.2438	4.83695	0.0258919
14.2198	55.2938	4.89321	0.0160031
16.083	52.3495	4.89386	0.00749505
17.2808	59.0298	4.7331	0.0625321
17.5295	61.7527	0.0829166	4.57482
15.0494	60.8826	0.108298	0.0616309
17.0264	56.2438	4.83695	0.0258919
17.2808	59.0298	4.7331	0.0625321
14.6026	58.144	4.78363	0.0329579
17.0264	56.2438	4.83695	0.0258919
20.0518	56.4338	4.77567	0.0296632
17.2808	59.0298	4.7331	0.0625321
7.16598	52.3495	4.96984	0.00588842
8.05963	55.2938	4.92362	0.0137238
4.92487	55.4838	4.93219	0.0158611
6.76709	49.3292	4.98661	0.00241298
7.16598	52.3495	4.96984	0.00588842
4.19365	52.3495	4.97553	0.00575928
10.1383	52.3495	4.96119	0.00604245
8.05963	55.2938	4.92362	0.0137238
7.16598	52.3495	4.96984	0.00588842
12.7118	50.0843	4.96255	0.0034979
10.1383	52.3495	4.96119	0.00604245
9.70619	49.8955	4.97783	0.00301795
10.6893	54.7417	4.92629	0.0114526
8.05963	55.2938	4.92362	0.0137238
10.1383	52.3495	4.96119	0.00604245
12.5577	42.3516	4.95143	0.000381792
12.5	40	4.93132	0.000218459
15.6779	42.1556	4.87336	0.000378743
9.61019	45.6673	4.98613	0.000849744
12.5577	42.3516	4.95143	0.000381792
12.6536	46.2515	4.96931	0.00107558
9.61019	45.6673	4.98613	0.000849744
6.31731	42.7435	4.99287	0.000383596
9.4375	42.5475	4.982	0.000397062
-3.10282e-28	40	4.99766	0.000212854
3.125	40	4.99666	0.000204493
3.19711	42.9395	4.99626	0.000399278
-3.10282e-28	40	4.99766	0.000212854
0.076922	36.8646	4.99799	0.000129815
3.125	40	4.99666	0.000204493
46.6062	46.2515	4.93161	0.000329605
46.2717	49.3292	4.95683	0.000701982
43.5196	46.2515	4.87272	0.000377296
43.6923	43.1354	0.237963	0.000200684
46.6062	46.2515	4.93161	0.000329605
43.5196	46.2515	4.87272	0.000377296
49.6928	46.2515	4.95586	0.000302735
49.3105	49.3292	4.96652	0.000612086
46.6062	46.2515	4.93161	0.000329605
27.4517	72.3429	0.00272635	0.0234992
25	72.3429	0.00277168	0.0288478
27.0253	69.2491	0.00624773	0.0541971
24.7277	76.3587	0.000999163	0.00965383
26.189	74.0896	0.00171149	0.0160704
27.2733	75.6267	0.00117058	0.0100778
24.7277	76.3587	0.000999163	0.00965383
23.0327	74.7883	0.00148026	0.0163822
26.189	74.0896	0.00171149	0.0160704
23.0339	79.8761	0.000701393	0.00643937
21.0802	79.5053	0.000800984	0.00742504
21.6827	78.0345	0.000838011	0.00796088
19.6759	76.9444	0.00104513	0.00962248
19.0551	74.0896	0.0019247	0.018935
21.4331	74.0896	0.00182055	0.0208392
19.6759	76.9444	0.00104513	0.00962248
18.1801	75.6267	0.00145711	0.0127666
19.0551	74.0896	0.0019247	0.018935
21.4331	74.0896	0.00182055	0.0208392
23.0327	74.7883	0.00148026	0.0163822
22.3999	76.5052	0.0010372	0.0106349
20.0967	72.3429	0.00300174	0.0354137
22.5483	72.3429	0.00291566	0.0378124
21.4331	74.0896	0.00182055	0.0208392
16.5527	73.7985	0.00222843	0.0164555
17.645	72.3429	0.00307763	0.0246277
19.0551	74.0896	0.0019247	0.018935
19.193	69.7412	0.00656053	0.0623198
21.8037	69.5771	0.00637883	4.49754
20.0967	72.3429	0.00300174	0.0354137
21.8037	69.5771	0.00637883	4.49754
23.75	70.3973	0.00497638	0.0577062
22.5483	72.3429	0.00291566	0.0378124
21.6827	78.0345	0.000838011	0.00796088
19.1515	78.89	0.00092149	0.00822026
19.6759	76.9444	0.00104513	0.00962248
22.3999	76.5052	0.0010372	0.0106349
19.6759	76.9444	0.00104513	0.00962248
21.4331	74.0896	0.00182055	0.0208392
22.3999	76.5052	0.0010372	0.0106349
21.6827	78.0345	0.000838011	0.00796088
19.6759	76.9444	0.00104513	0.00962248
24.7277	76.3587	0.000999163	0.00965383
22.3999	76.5052	0.0010372	0.0106349
23.0327	74.7883	0.00148026	0.0163822
24.7277	76.3587	0.000999163	0.00965383
24.9752	78.5234	0.000723818	0.00647954
23.329	78.279	0.000769133	0.00722096
21.0802	79.5053	0.000800984	0.00742504
19.1515	78.89	0.00092149	0.00822026
21.6827	78.0345	0.000838011	0.00796088
25	80	0.000682939	0.00602697
24.9752	78.5234	0.000723818	0.00647954
26.9661	79.8761	0.00066997	0.00551496
19.6759	76.9444	0.00104513	0.00962248
19.1515	78.89	0.00092149	0.00822026
17.2597	78.0345	0.00114321	0.00950299
28.3173	78.0345	0.000777426	0.00609364
30.8485	78.89	0.000855621	0.0059524
28.9198	79.5053	0.000744539	0.00568775
18.1801	75.6267	0.00145711	0.0127666
19.6759	76.9444	0.00104513	0.00962248
17.2597	78.0345	0.00114321	0.00950299
15.4167	76.9444	0.00145904	0.0107835
18.1801	75.6267	0.00145711	0.0127666
17.2597	78.0345	0.00114321	0.00950299
23.0327	74.7883	0.00148026	0.0163822
21.4331	74.0896	0.00182055	0.0208392
22.5483	72.3429	0.00291566	0.0378124
15.4167	76.9444	0.00145904	0.0107835
16.5527	73.7985	0.00222843	0.0164555
18.1801	75.6267	0.00145711	0.0127666
20.0967	72.3429	0.00300174	0.0354137
21.8037	69.5771	0.00637883	4.49754
22.5483	72.3429	0.00291566	0.0378124
15.4167	76.9444	0.00145904	0.0107835
13.6336	75.6267	0.00218697	0.0139311
14.237	73.9441	0.0025365	0.0157556
29.3832	76.0659	0.00109367	0.00829529
31.3712	77.1646	0.00102393	0.00690514
28.3173	78.0345	0.000777426	0.00609364
31.9219	75.3472	0.001392	0.00911944
34.5833	76.9444	0.00135738	0.00781655
32.7403	78.0345	0.00103472	0.00659558
14.237	73.9441	0.0025365	0.0157556
11.9212	74.0896	0.00320004	0.0178277
12.7417	72.3429	0.00390554	0.0206276
11.25	70.3973	0.00684399	0.0317325
12.7417	72.3429	0.00390554	0.0206276
10.2901	72.3429	0.00520078	0.0259989
17.645	72.3429	0.00307763	0.0246277
16.5527	73.7985	0.00222843	0.0164555
15.1934	72.3429	0.00332463	0.0201353
19.193	69.7412	0.00656053	0.0623198
17.645	72.3429	0.00307763	0.0246277
16.25	70.3973	0.00546333	0.031215
20.0967	72.3429	0.00300174	0.0354137
19.0551	74.0896	0.0019247	0.018935
17.645	72.3429	0.00307763	0.0246277
19.0551	74.0896	0.0019247	0.018935
18.1801	75.6267	0.00145711	0.0127666
16.5527	73.7985	0.00222843	0.0164555
32.355	72.3429	0.00278774	0.0181915
34.8066	72.3429	0.00314841	0.0171504
33.3228	74.0896	0.00192579	0.0115647
33.3228	74.0896	0.00192579	0.0115647
31.9219	75.3472	0.001392	0.00911944
30.9297	73.8705	0.00183872	0.0131003
35.7008	74.0896	0.00235731	0.0123626
33.3228	74.0896	0.00192579	0.0115647
34.8066	72.3429	0.00314841	0.0171504
34.5833	76.9444	0.00135738	0.00781655
31.9219	75.3472	0.001392	0.00911944
33.3228	74.0896	0.00192579	0.0115647
17.4187	68.2649	0.0103955	0.0597031
14.8915	68.2649	0.010151	0.0416069
16.8484	65.9587	0.0206041	0.0799643
16.25	70.3973	0.00546333	0.031215
13.513	70.6966	0.00536381	0.0256903
14.8915	68.2649	0.010151	0.0416069
19.193	69.7412	0.00656053	0.0623198
16.25	70.3973	0.00546333	0.031215
17.4187	68.2649	0.0103955	0.0597031
15.1934	72.3429	0.00332463	0.0201353
14.237	73.9441	0.0025365	0.0157556
12.7417	72.3429	0.00390554	0.0206276
17.645	72.3429	0.00307763	0.0246277
15.1934	72.3429	0.00332463	0.0201353
16.25	70.3973	0.00546333	0.031215
16.5527	73.7985	0.00222843	0.0164555
14.237	73.9441	0.0025365	0.0157556
15.1934	72.3429	0.00332463	0.0201353
12.7417	72.3429	0.00390554	0.0206276
11.25	70.3973	0.00684399	0.0317325
13.513	70.6966	0.00536381	0.0256903
8.74996	70.3973	0.00910635	0.0441487
11.25	70.3973	0.00684399	0.0317325
10.2901	72.3429	0.00520078	0.0259989
12.3644	68.2649	0.0109886	0.0419735
13.846	66.4528	0.0179594	0.0491111
14.8915	68.2649	0.010151	0.0416069
9.83732	68.2649	0.0129368	0.0623873
12.3644	68.2649	0.0109886	0.0419735
11.25	70.3973	0.00684399	0.0317325
9.83732	68.2649	0.0129368	0.0623873
11.414	65.9587	0.0221897	0.0626922
12.3644	68.2649	0.0109886	0.0419735
9.83732	68.2649	0.0129368	0.0623873
11.25	70.3973	0.00684399	0.0317325
8.74996	70.3973	0.00910635	0.0441487
14.8915	68.2649	0.010151	0.0416069
13.513	70.6966	0.00536381	0.0256903
12.3644	68.2649	0.0109886	0.0419735
15.1934	72.3429	0.00332463	0.0201353
12.7417	72.3429	0.00390554	0.0206276
13.513	70.6966	0.00536381	0.0256903
15.4167	76.9444	0.00145904	0.0107835
14.237	73.9441	0.0025365	0.0157556
16.5527	73.7985	0.00222843	0.0164555
13.6336	75.6267	0.00218697	0.0139311
11.9212	74.0896	0.00320004	0.0178277
14.237	73.9441	0.0025365	0.0157556
11.9212	74.0896	0.00320004	0.0178277
10.2901	72.3429	0.00520078	0.0259989
12.7417	72.3429	0.00390554	0.0206276
7.31021	68.2649	0.0169518	0.0921291
9.83732	68.2649	0.0129368	0.0623873
8.74996	70.3973	0.00910635	0.0441487
7.31021	68.2649	0.0169518	0.0921291
5.97957	65.9587	0.0338574	4.61415
8.78345	65.7825	0.0272161	4.54783
28.3173	78.0345	0.000777426	0.00609364
28.9198	79.5053	0.000744539	0.00568775
26.9661	79.8761	0.00066997	0.00551496
31.3712	77.1646	0.00102393	0.00690514
31.9219	75.3472	0.001392	0.00911944
32.7403	78.0345	0.00103472	0.00659558
28.3173	78.0345	0.000777426	0.00609364
31.3712	77.1646	0.00102393	0.00690514
30.8485	78.89	0.000855621	0.0059524
29.3832	76.0659	0.00109367	0.00829529
31.9219	75.3472	0.001392	0.00911944
31.3712	77.1646	0.00102393	0.00690514
27.2733	75.6267	0.00117058	0.0100778
29.3832	76.0659	0.00109367	0.00829529
28.3173	78.0345	0.000777426	0.00609364
28.5669	74.0896	0.0016971	0.0137871
29.9033	72.3429	0.0026969	0.0211229
30.9297	73.8705	0.00183872	0.0131003
27.2733	75.6267	0.00117058	0.0100778
28.5669	74.0896	0.0016971	0.0137871
29.3832	76.0659	0.00109367	0.00829529
27.2733	75.6267	0.00117058	0.0100778
26.189	74.0896	0.00171149	0.0160704
28.5669	74.0896	0.0016971	0.0137871
26.2439	77.6257	0.000803164	0.00699073
27.2733	75.6267	0.00117058	0.0100778
28.3173	78.0345	0.000777426	0.00609364
26.9661	79.8761	0.00066997	0.00551496
26.2439	77.6257	0.000803164	0.00699073
28.3173	78.0345	0.000777426	0.00609364
24.9752	78.5234	0.000723818	0.00647954
24.7277	76.3587	0.000999163	0.00965383
26.2439	77.6257	0.000803164	0.00699073
31.0572	70.658	0.00426411	0.0326918
30.0542	68.2649	0.00821859	4.39763
32.2468	68.921	0.00691205	0.0443674
31.0572	70.658	0.00426411	0.0326918
28.75	70.3973	0.00465409	0.0398383
30.0542	68.2649	0.00821859	4.39763
33.75	70.3973	0.00487385	0.0266724
31.0572	70.658	0.00426411	0.0326918
32.2468	68.921	0.00691205	0.0443674
29.9033	72.3429	0.0026969	0.0211229
28.75	70.3973	0.00465409	0.0398383
31.0572	70.658	0.00426411	0.0326918
30.9297	73.8705	0.00183872	0.0131003
29.9033	72.3429	0.0026969	0.0211229
32.355	72.3429	0.00278774	0.0181915
33.3228	74.0896	0.00192579	0.0115647
30.9297	73.8705	0.00183872	0.0131003
32.355	72.3429	0.00278774	0.0181915
31.9219	75.3472	0.001392	0.00911944
29.3832	76.0659	0.00109367	0.00829529
30.9297	73.8705	0.00183872	0.0131003
28.5669	74.0896	0.0016971	0.0137871
26.189	74.0896	0.00171149	0.0160704
27.4517	72.3429	0.00272635	0.0234992
25	72.3429	0.00277168	0.0288478
23.75	70.3973	0.00497638	0.0577062
27.0253	69.2491	0.00624773	0.0541971
26.9661	79.8761	0.00066997	0.00551496
24.9752	78.5234	0.000723818	0.00647954
26.2439	77.6257	0.000803164	0.00699073
27.0253	69.2491	0.00624773	0.0541971
24.3347	67.1118	0.0111171	0.105427
26.9568	67.2765	0.00994957	0.0768269
19.0904	66.7823	0.0159174	0.105513
19.999	65.078	0.0267557	4.62832
22.2828	65.9587	0.0166601	4.63429
17.4187	68.2649	0.0103955	0.0597031
19.0904	66.7823	0.0159174	0.105513
19.193	69.7412	0.00656053	0.0623198
17.4187	68.2649	0.0103955	0.0597031
16.8484	65.9587	0.0206041	0.0799643
19.0904	66.7823	0.0159174	0.105513
27.4517	72.3429	0.00272635	0.0234992
28.75	70.3973	0.00465409	0.0398383
29.9033	72.3429	0.0026969	0.0211229
28.5669	74.0896	0.0016971	0.0137871
27.4517	72.3429	0.00272635	0.0234992
29.9033	72.3429	0.0026969	0.0211229
26.189	74.0896	0.00171149	0.0160704
25	72.3429	0.00277168	0.0288478
27.4517	72.3429	0.00272635	0.0234992
27.0253	69.2491	0.00624773	0.0541971
26.9568	67.2765	0.00994957	0.0768269
30.0542	68.2649	0.00821859	4.39763
27.4517	72.3429	0.00272635	0.0234992
27.0253	69.2491	0.00624773	0.0541971
28.75	70.3973	0.00465409	0.0398383
23.75	70.3973	0.00497638	0.0577062
24.3347	67.1118	0.0111171	0.105427
27.0253	69.2491	0.00624773	0.0541971
34.8233	67.7707	0.0106766	0.0462056
37.4455	67.9354	0.0119403	4.34063
36.25	70.3973	0.00560843	0.0299104
31.3712	77.1646	0.00102393	0.00690514
32.7403	78.0345	0.00103472	0.00659558
30.8485	78.89	0.000855621	0.0059524
23.329	78.279	0.000769133	0.00722096
22.3999	76.5052	0.0010372	0.0106349
24.7277	76.3587	0.000999163	0.00965383
23.0339	79.8761	0.000701393	0.00643937
23.329	78.279	0.000769133	0.00722096
24.9752	78.5234	0.000723818	0.00647954
21.6827	78.0345	0.000838011	0.00796088
22.3999	76.5052	0.0010372	0.0106349
23.329	78.279	0.000769133	0.00722096
21.6827	78.0345	0.000838011	0.00796088
23.329	78.279	0.000769133	0.00722096
23.0339	79.8761	0.000701393	0.00643937
25	72.3429	0.00277168	0.0288478
26.189	74.0896	0.00171149	0.0160704
23.0327	74.7883	0.00148026	0.0163822
27.2733	75.6267	0.00117058	0.0100778
26.2439	77.6257	0.000803164	0.00699073
24.7277	76.3587	0.000999163	0.00965383
25	80	0.000682939	0.00602697
23.0339	79.8761	0.000701393	0.00643937
24.9752	78.5234	0.000723818	0.00647954
35.7008	74.0896	0.00235731	0.0123626
37.3942	72.4885	0.00382364	0.0182611
38.0788	74.0896	0.00316749	0.0150545
34.5833	76.9444	0.00135738	0.00781655
35.7008	74.0896	0.00235731	0.0123626
36.3664	75.6267	0.00208433	0.0109253
34.8066	72.3429	0.00314841	0.0171504
37.3942	72.4885	0.00382364	0.0182611
35.7008	74.0896	0.00235731	0.0123626
34.5833	76.9444	0.00135738	0.00781655
33.3228	74.0896	0.00192579	0.0115647
35.7008	74.0896	0.00235731	0.0123626
33.75	70.3973	0.00487385	0.0266724
36.25	70.3973	0.00560843	0.0299104
34.8066	72.3429	0.00314841	0.0171504
35.7008	74.0896	0.00235731	0.0123626
38.0788	74.0896	0.00316749	0.0150545
36.3664	75.6267	0.00208433	0.0109253
37.4455	67.9354	0.0119403	4.34063
38.75	70.3973	0.00691953	0.0298705
36.25	70.3973	0.00560843	0.0299104
39.7099	72.3429	0.00527536	0.0216819
38.0788	74.0896	0.00316749	0.0150545
37.3942	72.4885	0.00382364	0.0182611
36.25	70.3973	0.00560843	0.0299104
33.75	70.3973	0.00487385	0.0266724
34.8233	67.7707	0.0106766	0.0462056
37.3942	72.4885	0.00382364	0.0182611
36.25	70.3973	0.00560843	0.0299104
38.75	70.3973	0.00691953	0.0298705
37.3942	72.4885	0.00382364	0.0182611
34.8066	72.3429	0.00314841	0.0171504
36.25	70.3973	0.00560843	0.0299104
15.5575	63.4929	0.0490611	0.0763577
16.8484	65.9587	0.0206041	0.0799643
13.846	66.4528	0.0179594	0.0491111
11.414	65.9587	0.0221897	0.0626922
12.8597	63.4929	0.0461801	0.0548509
13.846	66.4528	0.0179594	0.0491111
15.0494	60.8826	0.108298	0.0616309
17.5295	61.7527	0.0829166	4.57482
15.5575	63.4929	0.0490611	0.0763577
15.5575	63.4929	0.0490611	0.0763577
17.5295	61.7527	0.0829166	4.57482
16.8484	65.9587	0.0206041	0.0799643
11.6319	58.144	4.75293	0.0258401
14.6026	58.144	4.78363	0.0329579
12.3979	60.3349	0.123172	0.0400867
14.6026	58.144	4.78363	0.0329579
17.2808	59.0298	4.7331	0.0625321
15.0494	60.8826	0.108298	0.0616309
20.363	63.0044	0.0501361	4.6331
19.999	65.078	0.0267557	4.62832
17.5295	61.7527	0.0829166	4.57482
20.7355	60.8826	0.0938238	4.55706
20.363	63.0044	0.0501361	4.6331
17.5295	61.7527	0.0829166	4.57482
20.7355	60.8826	0.0938238	4.55706
23.0704	62.1007	0.0451879	0.101732
20.363	63.0044	0.0501361	4.6331
11.6319	58.144	4.75293	0.0258401
10.6893	54.7417	4.92629	0.0114526
14.2198	55.2938	4.89321	0.0160031
9.3634	60.8826	0.112183	0.0542925
11.6319	58.144	4.75293	0.0258401
12.3979	60.3349	0.123172	0.0400867
8.66123	58.144	4.80703	0.0283949
10.6893	54.7417	4.92629	0.0114526
11.6319	58.144	4.75293	0.0258401
5.69054	58.144	4.82914	0.0373441
4.92487	55.4838	4.93219	0.0158611
8.05963	55.2938	4.92362	0.0137238
6.4478	61.0566	0.118441	0.0737206
5.69054	58.144	4.82914	0.0373441
8.66123	58.144	4.80703	0.0283949
3.67737	60.8826	0.150571	4.44434
2.71986	58.144	4.86492	0.0363771
5.69054	58.144	4.82914	0.0373441
36.8222	64.0212	0.0358614	0.0474211
39.6261	63.8451	0.0437314	0.0402542
38.586	65.9587	0.0220772	0.0439514
34.1521	62.7968	0.0457002	4.43845
36.8222	64.0212	0.0358614	0.0474211
35.8688	65.9587	0.0188721	0.0530187
37.7936	60.8826	0.104521	0.0276988
39.6261	63.8451	0.0437314	0.0402542
36.8222	64.0212	0.0358614	0.0474211
38.75	70.3973	0.00691953	0.0298705
40.1627	68.2649	0.0131937	0.0369567
41.25	70.3973	0.00931266	0.0268178
37.3942	72.4885	0.00382364	0.0182611
38.75	70.3973	0.00691953	0.0298705
39.7099	72.3429	0.00527536	0.0216819
37.4455	67.9354	0.0119403	4.34063
40.1627	68.2649	0.0131937	0.0369567
38.75	70.3973	0.00691953	0.0298705
35.8688	65.9587	0.0188721	0.0530187
37.4455	67.9354	0.0119403	4.34063
34.8233	67.7707	0.0106766	0.0462056
33.1516	65.9587	0.016309	0.0638666
35.8688	65.9587	0.0188721	0.0530187
34.8233	67.7707	0.0106766	0.0462056
34.1521	62.7968	0.0457002	4.43845
34.9506	60.8826	0.0833211	0.0514178
36.8222	64.0212	0.0358614	0.0474211
38.75	70.3973	0.00691953	0.0298705
41.25	70.3973	0.00931266	0.0268178
39.7099	72.3429	0.00527536	0.0216819
38.586	65.9587	0.0220772	0.0439514
40.1627	68.2649	0.0131937	0.0369567
37.4455	67.9354	0.0119403	4.34063
41.3032	65.9587	0.0262544	0.0416946
42.6898	68.2649	0.0173359	0.0333821
40.1627	68.2649	0.0131937	0.0369567
41.3032	65.9587	0.0262544	0.0416946
44.0204	65.9587	0.0337965	0.047443
42.6898	68.2649	0.0173359	0.0333821
41.25	70.3973	0.00931266	0.0268178
40.1627	68.2649	0.0131937	0.0369567
42.6898	68.2649	0.0173359	0.0333821
36.8222	64.0212	0.0358614	0.0474211
34.9506	60.8826	0.0833211	0.0514178
37.7936	60.8826	0.104521	0.0276988
2.71986	58.144	4.86492	0.0363771
4.92487	55.4838	4.93219	0.0158611
5.69054	58.144	4.82914	0.0373441
8.66123	58.144	4.80703	0.0283949
8.05963	55.2938	4.92362	0.0137238
10.6893	54.7417	4.92629	0.0114526
6.4478	61.0566	0.118441	0.0737206
8.66123	58.144	4.80703	0.0283949
9.3634	60.8826	0.112183	0.0542925
5.69054	58.144	4.82914	0.0373441
8.05963	55.2938	4.92362	0.0137238
8.66123	58.144	4.80703	0.0283949
1.8995	55.2938	4.94899	0.0132232
4.92487	55.4838	4.93219	0.0158611
2.71986	58.144	4.86492	0.0363771
1.8995	55.2938	4.94899	0.0132232
1.22131	52.3495	4.97973	0.00509527
4.19365	52.3495	4.97553	0.00575928
41.3032	65.9587	0.0262544	0.0416946
42.43	63.669	0.0535295	4.34614
44.0204	65.9587	0.0337965	0.047443
43.4796	60.8826	0.123411	0.0283783
40.6366	60.8826	0.115076	0.0285185
41.4664	58.5091	4.78845	0.0134978
45.2338	63.4929	0.0687867	0.0437182
43.4796	60.8826	0.123411	0.0283783
46.3226	60.8826	0.145725	0.0195851
42.43	63.669	0.0535295	4.34614
40.6366	60.8826	0.115076	0.0285185
43.4796	60.8826	0.123411	0.0283783
41.4664	58.5091	4.78845	0.0134978
38.5596	58.6917	4.75524	0.0161718
38.8603	55.2938	4.89035	0.00611115
46.3226	60.8826	0.145725	0.0195851
43.4796	60.8826	0.123411	0.0283783
44.2548	57.954	4.83253	0.00987026
42.43	63.669	0.0535295	4.34614
39.6261	63.8451	0.0437314	0.0402542
40.6366	60.8826	0.115076	0.0285185
44.0204	65.9587	0.0337965	0.047443
42.43	63.669	0.0535295	4.34614
45.2338	63.4929	0.0687867	0.0437182
36.8222	64.0212	0.0358614	0.0474211
38.586	65.9587	0.0220772	0.0439514
35.8688	65.9587	0.0188721	0.0530187
40.6366	60.8826	0.115076	0.0285185
39.6261	63.8451	0.0437314	0.0402542
37.7936	60.8826	0.104521	0.0276988
38.586	65.9587	0.0220772	0.0439514
37.4455	67.9354	0.0119403	4.34063
35.8688	65.9587	0.0188721	0.0530187
41.3032	65.9587	0.0262544	0.0416946
38.586	65.9587	0.0220772	0.0439514
39.6261	63.8451	0.0437314	0.0402542
41.3032	65.9587	0.0262544	0.0416946
40.1627	68.2649	0.0131937	0.0369567
38.586	65.9587	0.0220772	0.0439514
32.2468	68.921	0.00691205	0.0443674
30.4344	65.9587	0.0141996	0.0725967
33.1516	65.9587	0.016309	0.0638666
21.7285	50.6506	0.231895	0.00484475
19.0553	52.3495	0.232264	0.00819519
18.9224	49.3292	4.87304	0.0029967
21.7462	47.598	4.88598	0.0017143
21.7285	50.6506	0.231895	0.00484475
18.9224	49.3292	4.87304	0.0029967
15.8835	49.3292	4.93536	0.00289867
18.8268	46.2515	4.90672	0.00106644
18.9224	49.3292	4.87304	0.0029967
22.0142	44.8882	4.89454	0.00070632
25	46.2515	4.91268	0.000972999
21.7462	47.598	4.88598	0.0017143
24.7341	50.8393	4.82644	0.00450871
22.4091	54.0056	0.180224	0.0130417
21.7285	50.6506	0.231895	0.00484475
26.54	55.2938	0.166718	0.0138932
26.4853	58.144	0.115162	0.0266045
23.0771	56.6239	4.69276	0.0237103
30.9447	52.3495	4.85095	0.00561156
29.6201	55.2938	4.75447	0.0128757
27.9723	52.3495	4.83091	0.00636293
26.4853	58.144	0.115162	0.0266045
26.4215	60.8826	0.0452336	0.0625201
24.0253	59.6046	0.10298	0.049831
29.6201	55.2938	4.75447	0.0128757
26.4853	58.144	0.115162	0.0266045
26.54	55.2938	0.166718	0.0138932
29.6201	55.2938	4.75447	0.0128757
32.1533	57.1939	0.159218	0.0230764
29.839	59.2394	0.0846119	0.0401106
17.2808	59.0298	4.7331	0.0625321
20.7355	60.8826	0.0938238	4.55706
17.5295	61.7527	0.0829166	4.57482
23.0771	56.6239	4.69276	0.0237103
20.3936	58.6582	4.70068	0.0622697
20.0518	56.4338	4.77567	0.0296632
23.0771	56.6239	4.69276	0.0237103
24.0253	59.6046	0.10298	0.049831
20.3936	58.6582	4.70068	0.0622697
39.0601	41.8598	0.181856	0.000205238
37.5191	43.9145	0.141157	0.00032083
37.5	40	4.76088	0.000128851
40.625	40	0.221963	0.000133477
39.0601	41.8598	0.181856	0.000205238
37.5	40	4.76088	0.000128851
40.6201	43.7197	0.185149	0.000257164
37.5191	43.9145	0.141157	0.00032083
39.0601	41.8598	0.181856	0.000205238
40.6201	43.7197	0.185149	0.000257164
40.433	46.2515	4.79424	0.000442181
37.5191	43.9145	0.141157	0.00032083
43.6923	43.1354	0.237963	0.000200684
40.6201	43.7197	0.185149	0.000257164
40.625	40	0.221963	0.000133477
43.6923	43.1354	0.237963	0.000200684
43.5196	46.2515	4.87272	0.000377296
40.6201	43.7197	0.185149	0.000257164
46.8798	40.196	4.93379	0.000125643
43.6923	43.1354	0.237963	0.000200684
43.75	40	4.86497	0.000123448
46.8077	43.1354	4.9106	0.000184578
49.6928	46.2515	4.95586	0.000302735
46.6062	46.2515	4.93161	0.000329605
37.5	40	4.76088	0.000128851
34.399	40.9798	0.0462626	7.38495e-05
34.3221	37.8444	0.328811	3.08451e-05
40.5769	36.8646	4.9136	9.94821e-05
37.5	40	4.76088	0.000128851
37.4615	36.8646	4.8944	9.80015e-05
40.625	40	0.221963	0.000133477
40.6201	43.7197	0.185149	0.000257164
39.0601	41.8598	0.181856	0.000205238
40.1224	48.7521	4.85661	0.00083432
37.0597	48.5598	0.198373	0.00110513
37.3464	46.2515	0.160712	0.000580737
34.1165	49.3292	0.204232	0.00166059
36.7564	51.5944	4.84912	0.00254622
34.1289	53.2696	4.84342	0.00576687
31.1732	46.2515	4.77598	0.000902577
34.1165	49.3292	0.204232	0.00166059
31.0776	49.3292	4.83572	0.00230813
28.0866	46.2515	4.88307	0.00096258
31.1732	46.2515	4.77598	0.000902577
31.0776	49.3292	4.83572	0.00230813
34.3294	43.6157	0.121708	0.000354008
34.399	40.9798	0.0462626	7.38495e-05
37.5191	43.9145	0.141157	0.00032083
31.1732	46.2515	4.77598	0.000902577
31.226	43.7137	0.18502	0.000441479
34.2598	46.2515	0.15013	0.000716913
31.2788	41.1758	0.15981	0.000224745
34.399	40.9798	0.0462626	7.38495e-05
34.3294	43.6157	0.121708	0.000354008
37.0597	48.5598	0.198373	0.00110513
36.7564	51.5944	4.84912	0.00254622
34.1165	49.3292	0.204232	0.00166059
37.3464	46.2515	0.160712	0.000580737
37.0597	48.5598	0.198373	0.00110513
34.2598	46.2515	0.15013	0.000716913
40.433	46.2515	4.79424	0.000442181
37.3464	46.2515	0.160712	0.000580737
37.5191	43.9145	0.141157	0.00032083
40.433	46.2515	4.79424	0.000442181
40.1224	48.7521	4.85661	0.00083432
37.3464	46.2515	0.160712	0.000580737
40.1224	48.7521	4.85661	0.00083432
36.7564	51.5944	4.84912	0.00254622
37.0597	48.5598	0.198373	0.00110513
46.2717	49.3292	4.95683	0.000701982
45.8487	52.5335	4.95767	0.00173336
43.2329	49.3292	4.92886	0.000836835
34.1165	49.3292	0.204232	0.00166059
34.1289	53.2696	4.84342	0.00576687
30.9447	52.3495	4.85095	0.00561156
7.464	63.4929	0.0557762	4.55506
8.78345	65.7825	0.0272161	4.54783
5.97957	65.9587	0.0338574	4.61415
6.4478	61.0566	0.118441	0.0737206
7.464	63.4929	0.0557762	4.55506
4.76616	63.4929	0.0688698	0.108575
6.4478	61.0566	0.118441	0.0737206
9.3634	60.8826	0.112183	0.0542925
7.464	63.4929	0.0557762	4.55506
12.3979	60.3349	0.123172	0.0400867
10.1618	63.4929	0.0477649	0.0746941
9.3634	60.8826	0.112183	0.0542925
12.8597	63.4929	0.0461801	0.0548509
15.0494	60.8826	0.108298	0.0616309
15.5575	63.4929	0.0490611	0.0763577
12.3644	68.2649	0.0109886	0.0419735
13.513	70.6966	0.00536381	0.0256903
11.25	70.3973	0.00684399	0.0317325
16.8484	65.9587	0.0206041	0.0799643
14.8915	68.2649	0.010151	0.0416069
13.846	66.4528	0.0179594	0.0491111
17.4187	68.2649	0.0103955	0.0597031
16.25	70.3973	0.00546333	0.031215
14.8915	68.2649	0.010151	0.0416069
19.999	65.078	0.0267557	4.62832
19.0904	66.7823	0.0159174	0.105513
16.8484	65.9587	0.0206041	0.0799643
19.193	69.7412	0.00656053	0.0623198
20.0967	72.3429	0.00300174	0.0354137
17.645	72.3429	0.00307763	0.0246277
9.83732	68.2649	0.0129368	0.0623873
8.78345	65.7825	0.0272161	4.54783
11.414	65.9587	0.0221897	0.0626922
6.48041	46.2515	4.99186	0.00101348
3.72828	49.3292	4.98982	0.00227549
3.39381	46.2515	4.99483	0.000935982
9.70619	49.8955	4.97783	0.00301795
6.76709	49.3292	4.98661	0.00241298
9.61019	45.6673	4.98613	0.000849744
9.70619	49.8955	4.97783	0.00301795
10.1383	52.3495	4.96119	0.00604245
7.16598	52.3495	4.96984	0.00588842
13.1107	52.3495	4.94361	0.0066908
10.1383	52.3495	4.96119	0.00604245
12.7118	50.0843	4.96255	0.0034979
4.19365	52.3495	4.97553	0.00575928
3.72828	49.3292	4.98982	0.00227549
6.76709	49.3292	4.98661	0.00241298
1.8995	55.2938	4.94899	0.0132232
4.19365	52.3495	4.97553	0.00575928
4.92487	55.4838	4.93219	0.0158611
1.22131	52.3495	4.97973	0.00509527
3.72828	49.3292	4.98982	0.00227549
4.19365	52.3495	4.97553	0.00575928
22.2828	65.9587	0.0166601	4.63429
23.0704	62.1007	0.0451879	0.101732
25.6067	64.7258	0.0173953	4.5531
21.8037	69.5771	0.00637883	4.49754
22.2828	65.9587	0.0166601	4.63429
24.3347	67.1118	0.0111171	0.105427
19.999	65.078	0.0267557	4.62832
20.363	63.0044	0.0501361	4.6331
22.2828	65.9587	0.0166601	4.63429
21.8037	69.5771	0.00637883	4.49754
19.193	69.7412	0.00656053	0.0623198
19.0904	66.7823	0.0159174	0.105513
16.8484	65.9587	0.0206041	0.0799643
17.5295	61.7527	0.0829166	4.57482
19.999	65.078	0.0267557	4.62832
22.2828	65.9587	0.0166601	4.63429
20.363	63.0044	0.0501361	4.6331
23.0704	62.1007	0.0451879	0.101732
16.25	70.3973	0.00546333	0.031215
15.1934	72.3429	0.00332463	0.0201353
13.513	70.6966	0.00536381	0.0256903
7.464	63.4929	0.0557762	4.55506
10.1618	63.4929	0.0477649	0.0746941
8.78345	65.7825	0.0272161	4.54783
20.0518	56.4338	4.77567	0.0296632
19.0553	52.3495	0.232264	0.00819519
22.4091	54.0056	0.180224	0.0130417
20.3936	58.6582	4.70068	0.0622697
17.2808	59.0298	4.7331	0.0625321
20.0518	56.4338	4.77567	0.0296632
15.0494	60.8826	0.108298	0.0616309
12.8597	63.4929	0.0461801	0.0548509
12.3979	60.3349	0.123172	0.0400867
9.3634	60.8826	0.112183	0.0542925
8.66123	58.144	4.80703	0.0283949
11.6319	58.144	4.75293	0.0258401
9.70619	49.8955	4.97783	0.00301795
7.16598	52.3495	4.96984	0.00588842
6.76709	49.3292	4.98661	0.00241298
13.1107	52.3495	4.94361	0.0066908
16.083	52.3495	4.89386	0.00749505
14.2198	55.2938	4.89321	0.0160031
23.0771	56.6239	4.69276	0.0237103
22.4091	54.0056	0.180224	0.0130417
26.54	55.2938	0.166718	0.0138932
20.7355	60.8826	0.0938238	4.55706
20.3936	58.6582	4.70068	0.0622697
24.0253	59.6046	0.10298	0.049831
20.0518	56.4338	4.77567	0.0296632
22.4091	54.0056	0.180224	0.0130417
23.0771	56.6239	4.69276	0.0237103
20.7355	60.8826	0.0938238	4.55706
17.2808	59.0298	4.7331	0.0625321
20.3936	58.6582	4.70068	0.0622697
17.0264	56.2438	4.83695	0.0258919
19.0553	52.3495	0.232264	0.00819519
20.0518	56.4338	4.77567	0.0296632
6.30769	36.8646	4.99254	0.000133652
6.24038	39.6081	4.99228	0.000193908
3.19231	36.8646	4.99697	0.000131812
9.49534	33.1714	4.9873	0.0001006
9.42308	36.8646	4.97908	0.000137406
6.43263	33.3637	4.99495	0.000100779
6.31731	42.7435	4.99287	0.000383596
3.125	40	4.99666	0.000204493
6.24038	39.6081	4.99228	0.000193908
9.4375	42.5475	4.982	0.000397062
12.5	40	4.93132	0.000218459
12.5577	42.3516	4.95143	0.000381792
6.30769	36.8646	4.99254	0.000133652
9.36058	39.4121	4.97813	0.000197982
6.24038	39.6081	4.99228	0.000193908
9.42308	36.8646	4.97908	0.000137406
12.5385	36.8646	4.93735	0.00013663
9.36058	39.4121	4.97813	0.000197982
15.8122	34.7222	4.90226	0.000107834
12.5385	36.8646	4.93735	0.00013663
12.7112	34.5275	4.9598	0.000108932
9.4375	42.5475	4.982	0.000397062
12.5577	42.3516	4.95143	0.000381792
9.61019	45.6673	4.98613	0.000849744
6.24038	39.6081	4.99228	0.000193908
9.4375	42.5475	4.982	0.000397062
6.31731	42.7435	4.99287	0.000383596
9.36058	39.4121	4.97813	0.000197982
12.5	40	4.93132	0.000218459
9.4375	42.5475	4.982	0.000397062
15.601	39.0202	0.242251	0.000186311
12.5	40	4.93132	0.000218459
12.5385	36.8646	4.93735	0.00013663
15.601	39.0202	0.242251	0.000186311
15.6779	42.1556	4.87336	0.000378743
12.5	40	4.93132	0.000218459
6.48041	46.2515	4.99186	0.00101348
6.76709	49.3292	4.98661	0.00241298
3.72828	49.3292	4.98982	0.00227549
6.31731	42.7435	4.99287	0.000383596
6.48041	46.2515	4.99186	0.00101348
3.39381	46.2515	4.99483	0.000935982
9.61019	45.6673	4.98613	0.000849744
6.76709	49.3292	4.98661	0.00241298
6.48041	46.2515	4.99186	0.00101348
12.7118	50.0843	4.96255	0.0034979
9.70619	49.8955	4.97783	0.00301795
11.1799	48.0735	4.97608	0.0019966
3.19711	42.9395	4.99626	0.000399278
0.076922	43.1354	4.99695	0.000420799
-3.10282e-28	40	4.99766	0.000212854
6.31731	42.7435	4.99287	0.000383596
3.19711	42.9395	4.99626	0.000399278
3.125	40	4.99666	0.000204493
3.39381	46.2515	4.99483	0.000935982
0.307214	46.2515	4.9957	0.000872607
3.19711	42.9395	4.99626	0.000399278
45.0204	55.2938	4.92632	0.00412609
41.9404	55.2938	4.91117	0.0050169
42.834	52.3495	4.94304	0.00199919
48.1005	55.2938	4.93968	0.0032565
45.0204	55.2938	4.92632	0.00412609
45.8487	52.5335	4.95767	0.00173336
44.2548	57.954	4.83253	0.00987026
41.9404	55.2938	4.91117	0.0050169
45.0204	55.2938	4.92632	0.00412609
46.3226	60.8826	0.145725	0.0195851
44.2548	57.954	4.83253	0.00987026
47.2801	58.144	4.85786	0.00787913
41.4664	58.5091	4.78845	0.0134978
38.8603	55.2938	4.89035	0.00611115
41.9404	55.2938	4.91117	0.0050169
27.9723	52.3495	4.83091	0.00636293
28.0388	49.3292	4.88469	0.00261187
30.9447	52.3495	4.85095	0.00561156
19.0553	52.3495	0.232264	0.00819519
21.7285	50.6506	0.231895	0.00484475
22.4091	54.0056	0.180224	0.0130417
25	46.2515	4.91268	0.000972999
28.0388	49.3292	4.88469	0.00261187
24.7341	50.8393	4.82644	0.00450871
21.7285	50.6506	0.231895	0.00484475
21.7462	47.598	4.88598	0.0017143
24.7341	50.8393	4.82644	0.00450871
15.6779	42.1556	4.87336	0.000378743
17.2523	44.2036	4.8851	0.000652881
14.1489	44.3016	4.94343	0.000678704
22.0142	44.8882	4.89454	0.00070632
18.8268	46.2515	4.90672	0.00106644
18.7981	41.9596	0.229322	0.000321433
15.8835	49.3292	4.93536	0.00289867
12.6536	46.2515	4.96931	0.00107558
15.7402	46.2515	4.93843	0.0011967
17.0264	56.2438	4.83695	0.0258919
16.083	52.3495	4.89386	0.00749505
19.0553	52.3495	0.232264	0.00819519
4.19365	52.3495	4.97553	0.00575928
7.16598	52.3495	4.96984	0.00588842
4.92487	55.4838	4.93219	0.0158611
21.9183	41.7637	4.83987	0.000314518
25	43.1354	4.89917	0.00039987
22.0142	44.8882	4.89454	0.00070632
28.125	40	4.82952	0.000191209
25	40	4.86498	0.000187851
28.1154	36.8646	4.84984	0.000114785
25	30.6708	4.91857	8.03961e-05
25.1151	35.3065	0.247431	0.000104211
21.9134	33.7485	0.257154	9.7811e-05
31.3171	35.696	4.86729	9.00749e-05
28.0866	33.7485	4.90517	9.16099e-05
30.9343	31.8249	4.95476	8.26338e-05
28.1154	36.8646	4.84984	0.000114785
25.1151	35.3065	0.247431	0.000104211
28.0866	33.7485	4.90517	9.16099e-05
33.7508	28.5944	4.96363	7.67879e-05
37.1553	30.6708	4.97843	8.01025e-05
33.997	31.6326	4.96373	8.13117e-05
21.8846	36.8646	4.80041	0.000127908
21.9014	39.3141	0.23411	0.00018476
18.7212	38.8242	0.20425	0.000175157
28.1154	36.8646	4.84984	0.000114785
25	40	4.86498	0.000187851
25.1151	35.3065	0.247431	0.000104211
28.125	40	4.82952	0.000191209
28.1154	43.1354	4.85272	0.000412301
25	40	4.86498	0.000187851
3.72828	49.3292	4.98982	0.00227549
1.22131	52.3495	4.97973	0.00509527
0.68946	49.3292	4.9914	0.00205009
0.307214	46.2515	4.9957	0.000872607
3.39381	46.2515	4.99483	0.000935982
0.68946	49.3292	4.9914	0.00205009
11.1799	48.0735	4.97608	0.0019966
12.6536	46.2515	4.96931	0.00107558
12.7118	50.0843	4.96255	0.0034979
9.61019	45.6673	4.98613	0.000849744
11.1799	48.0735	4.97608	0.0019966
9.70619	49.8955	4.97783	0.00301795
9.61019	45.6673	4.98613	0.000849744
12.6536	46.2515	4.96931	0.00107558
11.1799	48.0735	4.97608	0.0019966
31.3817	62.6228	0.0341948	4.49945
34.1521	62.7968	0.0457002	4.43845
33.1516	65.9587	0.016309	0.0638666
26.9568	67.2765	0.00994957	0.0768269
28.4106	64.5496	0.0186686	0.080406
30.4344	65.9587	0.0141996	0.0725967
29.839	59.2394	0.0846119	0.0401106
33.5519	59.0383	0.120209	0.0371282
31.3817	62.6228	0.0341948	4.49945
28.6113	62.4488	0.031081	0.0706863
29.839	59.2394	0.0846119	0.0401106
31.3817	62.6228	0.0341948	4.49945
20.7355	60.8826	0.0938238	4.55706
24.0253	59.6046	0.10298	0.049831
23.0704	62.1007	0.0451879	0.101732
25.6371	53.0665	0.208361	0.00869117
24.7341	50.8393	4.82644	0.00450871
27.9723	52.3495	4.83091	0.00636293
22.4091	54.0056	0.180224	0.0130417
25.6371	53.0665	0.208361	0.00869117
26.54	55.2938	0.166718	0.0138932
22.4091	54.0056	0.180224	0.0130417
24.7341	50.8393	4.82644	0.00450871
25.6371	53.0665	0.208361	0.00869117
29.6201	55.2938	4.75447	0.0128757
31.8745	54.2817	4.81198	0.00973532
32.1533	57.1939	0.159218	0.0230764
34.2598	46.2515	0.15013	0.000716913
34.3294	43.6157	0.121708	0.000354008
37.3464	46.2515	0.160712	0.000580737
31.1732	46.2515	4.77598	0.000902577
34.2598	46.2515	0.15013	0.000716913
34.1165	49.3292	0.204232	0.00166059
34.2598	46.2515	0.15013	0.000716913
31.226	43.7137	0.18502	0.000441479
34.3294	43.6157	0.121708	0.000354008
35.6527	58.8743	4.67343	0.0264702
38.5596	58.6917	4.75524	0.0161718
37.7936	60.8826	0.104521	0.0276988
33.5519	59.0383	0.120209	0.0371282
35.6527	58.8743	4.67343	0.0264702
34.9506	60.8826	0.0833211	0.0514178
35.7802	55.2938	4.84693	0.00845146
38.5596	58.6917	4.75524	0.0161718
35.6527	58.8743	4.67343	0.0264702
42.43	63.669	0.0535295	4.34614
43.4796	60.8826	0.123411	0.0283783
45.2338	63.4929	0.0687867	0.0437182
6.48041	46.2515	4.99186	0.00101348
6.31731	42.7435	4.99287	0.000383596
9.61019	45.6673	4.98613	0.000849744
0.68946	49.3292	4.9914	0.00205009
3.39381	46.2515	4.99483	0.000935982
3.72828	49.3292	4.98982	0.00227549
0.307214	46.2515	4.9957	0.000872607
0.076922	43.1354	4.99695	0.000420799
3.19711	42.9395	4.99626	0.000399278
6.4478	61.0566	0.118441	0.0737206
4.76616	63.4929	0.0688698	0.108575
3.67737	60.8826	0.150571	4.44434
5.69054	58.144	4.82914	0.0373441
6.4478	61.0566	0.118441	0.0737206
3.67737	60.8826	0.150571	4.44434
9.3634	60.8826	0.112183	0.0542925
10.1618	63.4929	0.0477649	0.0746941
7.464	63.4929	0.0557762	4.55506
14.6026	58.144	4.78363	0.0329579
15.0494	60.8826	0.108298	0.0616309
12.3979	60.3349	0.123172	0.0400867
14.2198	55.2938	4.89321	0.0160031
14.6026	58.144	4.78363	0.0329579
11.6319	58.144	4.75293	0.0258401
14.2198	55.2938	4.89321	0.0160031
17.0264	56.2438	4.83695	0.0258919
14.6026	58.144	4.78363	0.0329579
7.464	63.4929	0.0557762	4.55506
5.97957	65.9587	0.0338574	4.61415
4.76616	63.4929	0.0688698	0.108575
11.414	65.9587	0.0221897	0.0626922
13.846	66.4528	0.0179594	0.0491111
12.3644	68.2649	0.0109886	0.0419735
10.1618	63.4929	0.0477649	0.0746941
11.414	65.9587	0.0221897	0.0626922
8.78345	65.7825	0.0272161	4.54783
12.8597	63.4929	0.0461801	0.0548509
15.5575	63.4929	0.0490611	0.0763577
13.846	66.4528	0.0179594	0.0491111
10.1618	63.4929	0.0477649	0.0746941
12.8597	63.4929	0.0461801	0.0548509
11.414	65.9587	0.0221897	0.0626922
10.1618	63.4929	0.0477649	0.0746941
12.3979	60.3349	0.123172	0.0400867
12.8597	63.4929	0.0461801	0.0548509
9.83732	68.2649	0.0129368	0.0623873
7.31021	68.2649	0.0169518	0.0921291
8.78345	65.7825	0.0272161	4.54783
31.8745	54.2817	4.81198	0.00973532
30.9447	52.3495	4.85095	0.00561156
34.1289	53.2696	4.84342	0.00576687
35.7802	55.2938	4.84693	0.00845146
31.8745	54.2817	4.81198	0.00973532
34.1289	53.2696	4.84342	0.00576687
29.6201	55.2938	4.75447	0.0128757
30.9447	52.3495	4.85095	0.00561156
31.8745	54.2817	4.81198	0.00973532
29.839	59.2394	0.0846119	0.0401106
26.4853	58.144	0.115162	0.0266045
29.6201	55.2938	4.75447	0.0128757
33.5519	59.0383	0.120209	0.0371282
29.839	59.2394	0.0846119	0.0401106
32.1533	57.1939	0.159218	0.0230764
35.7802	55.2938	4.84693	0.00845146
33.5519	59.0383	0.120209	0.0371282
32.1533	57.1939	0.159218	0.0230764
34.9506	60.8826	0.0833211	0.0514178
31.3817	62.6228	0.0341948	4.49945
33.5519	59.0383	0.120209	0.0371282
28.6113	62.4488	0.031081	0.0706863
26.4215	60.8826	0.0452336	0.0625201
29.839	59.2394	0.0846119	0.0401106
26.54	55.2938	0.166718	0.0138932
27.9723	52.3495	4.83091	0.00636293
29.6201	55.2938	4.75447	0.0128757
25.6371	53.0665	0.208361	0.00869117
27.9723	52.3495	4.83091	0.00636293
26.54	55.2938	0.166718	0.0138932
24.7341	50.8393	4.82644	0.00450871
28.0388	49.3292	4.88469	0.00261187
27.9723	52.3495	4.83091	0.00636293
22.5483	72.3429	0.00291566	0.0378124
23.75	70.3973	0.00497638	0.0577062
25	72.3429	0.00277168	0.0288478
23.0327	74.7883	0.00148026	0.0163822
22.5483	72.3429	0.00291566	0.0378124
25	72.3429	0.00277168	0.0288478
21.4331	74.0896	0.00182055	0.0208392
19.0551	74.0896	0.0019247	0.018935
20.0967	72.3429	0.00300174	0.0354137
19.0904	66.7823	0.0159174	0.105513
22.2828	65.9587	0.0166601	4.63429
21.8037	69.5771	0.00637883	4.49754
24.3347	67.1118	0.0111171	0.105427
23.75	70.3973	0.00497638	0.0577062
21.8037	69.5771	0.00637883	4.49754
27.0253	69.2491	0.00624773	0.0541971
30.0542	68.2649	0.00821859	4.39763
28.75	70.3973	0.00465409	0.0398383
25.6067	64.7258	0.0173953	4.5531
28.4106	64.5496	0.0186686	0.080406
26.9568	67.2765	0.00994957	0.0768269
22.2828	65.9587	0.0166601	4.63429
25.6067	64.7258	0.0173953	4.5531
24.3347	67.1118	0.0111171	0.105427
23.0704	62.1007	0.0451879	0.101732
26.4215	60.8826	0.0452336	0.0625201
25.6067	64.7258	0.0173953	4.5531
30.4344	65.9587	0.0141996	0.0725967
30.0542	68.2649	0.00821859	4.39763
26.9568	67.2765	0.00994957	0.0768269
28.6113	62.4488	0.031081	0.0706863
31.3817	62.6228	0.0341948	4.49945
28.4106	64.5496	0.0186686	0.080406
25.6067	64.7258	0.0173953	4.5531
28.6113	62.4488	0.031081	0.0706863
28.4106	64.5496	0.0186686	0.080406
26.4215	60.8826	0.0452336	0.0625201
26.4853	58.144	0.115162	0.0266045
29.839	59.2394	0.0846119	0.0401106
25.6067	64.7258	0.0173953	4.5531
26.4215	60.8826	0.0452336	0.0625201
28.6113	62.4488	0.031081	0.0706863
24.0253	59.6046	0.10298	0.049831
23.0771	56.6239	4.69276	0.0237103
26.4853	58.144	0.115162	0.0266045
33.1516	65.9587	0.016309	0.0638666
34.8233	67.7707	0.0106766	0.0462056
32.2468	68.921	0.00691205	0.0443674
31.3817	62.6228	0.0341948	4.49945
33.1516	65.9587	0.016309	0.0638666
30.4344	65.9587	0.0141996	0.0725967
34.1521	62.7968	0.0457002	4.43845
35.8688	65.9587	0.0188721	0.0530187
33.1516	65.9587	0.016309	0.0638666
32.355	72.3429	0.00278774	0.0181915
33.75	70.3973	0.00487385	0.0266724
34.8066	72.3429	0.00314841	0.0171504
29.3832	76.0659	0.00109367	0.00829529
28.5669	74.0896	0.0016971	0.0137871
30.9297	73.8705	0.00183872	0.0131003
31.0572	70.658	0.00426411	0.0326918
33.75	70.3973	0.00487385	0.0266724
32.355	72.3429	0.00278774	0.0181915
29.9033	72.3429	0.0026969	0.0211229
31.0572	70.658	0.00426411	0.0326918
32.355	72.3429	0.00278774	0.0181915
28.4106	64.5496	0.0186686	0.080406
31.3817	62.6228	0.0341948	4.49945
30.4344	65.9587	0.0141996	0.0725967
24.3347	67.1118	0.0111171	0.105427
25.6067	64.7258	0.0173953	4.5531
26.9568	67.2765	0.00994957	0.0768269
23.0704	62.1007	0.0451879	0.101732
24.0253	59.6046	0.10298	0.049831
26.4215	60.8826	0.0452336	0.0625201
30.4344	65.9587	0.0141996	0.0725967
32.2468	68.921	0.00691205	0.0443674
30.0542	68.2649	0.00821859	4.39763
34.8233	67.7707	0.0106766	0.0462056
33.75	70.3973	0.00487385	0.0266724
32.2468	68.921	0.00691205	0.0443674
43.2329	49.3292	4.92886	0.000836835
40.1224	48.7521	4.85661	0.00083432
40.433	46.2515	4.79424	0.000442181
48.7787	52.3495	4.96503	0.00137154
45.8487	52.5335	4.95767	0.00173336
46.2717	49.3292	4.95683	0.000701982
42.834	52.3495	4.94304	0.00199919
40.1224	48.7521	4.85661	0.00083432
43.2329	49.3292	4.92886	0.000836835
47.2801	58.144	4.85786	0.00787913
44.2548	57.954	4.83253	0.00987026
45.0204	55.2938	4.92632	0.00412609
38.8603	55.2938	4.89035	0.00611115
35.7802	55.2938	4.84693	0.00845146
36.7564	51.5944	4.84912	0.00254622
41.9404	55.2938	4.91117	0.0050169
38.8603	55.2938	4.89035	0.00611115
39.8617	52.3495	4.91037	0.00249506
45.8487	52.5335	4.95767	0.00173336
45.0204	55.2938	4.92632	0.00412609
42.834	52.3495	4.94304	0.00199919
41.4664	58.5091	4.78845	0.0134978
40.6366	60.8826	0.115076	0.0285185
38.5596	58.6917	4.75524	0.0161718
44.2548	57.954	4.83253	0.00987026
41.4664	58.5091	4.78845	0.0134978
41.9404	55.2938	4.91117	0.0050169
44.2548	57.954	4.83253	0.00987026
43.4796	60.8826	0.123411	0.0283783
41.4664	58.5091	4.78845	0.0134978
38.5596	58.6917	4.75524	0.0161718
35.7802	55.2938	4.84693	0.00845146
38.8603	55.2938	4.89035	0.00611115
6.31731	42.7435	4.99287	0.000383596
3.39381	46.2515	4.99483	0.000935982
3.19711	42.9395	4.99626	0.000399278
45.8487	52.5335	4.95767	0.00173336
42.834	52.3495	4.94304	0.00199919
43.2329	49.3292	4.92886	0.000836835
48.1005	55.2938	4.93968	0.0032565
45.8487	52.5335	4.95767	0.00173336
48.7787	52.3495	4.96503	0.00137154
48.1005	55.2938	4.93968	0.0032565
47.2801	58.144	4.85786	0.00787913
45.0204	55.2938	4.92632	0.00412609
37.7936	60.8826	0.104521	0.0276988
38.5596	58.6917	4.75524	0.0161718
40.6366	60.8826	0.115076	0.0285185
41.3032	65.9587	0.0262544	0.0416946
39.6261	63.8451	0.0437314	0.0402542
42.43	63.669	0.0535295	4.34614
34.9506	60.8826	0.0833211	0.0514178
35.6527	58.8743	4.67343	0.0264702
37.7936	60.8826	0.104521	0.0276988
31.3817	62.6228	0.0341948	4.49945
34.9506	60.8826	0.0833211	0.0514178
34.1521	62.7968	0.0457002	4.43845
33.5519	59.0383	0.120209	0.0371282
35.7802	55.2938	4.84693	0.00845146
35.6527	58.8743	4.67343	0.0264702
31.8745	54.2817	4.81198	0.00973532
35.7802	55.2938	4.84693	0.00845146
32.1533	57.1939	0.159218	0.0230764
34.1165	49.3292	0.204232	0.00166059
34.2598	46.2515	0.15013	0.000716913
37.0597	48.5598	0.198373	0.00110513
28.0388	49.3292	4.88469	0.00261187
31.0776	49.3292	4.83572	0.00230813
30.9447	52.3495	4.85095	0.00561156
28.0388	49.3292	4.88469	0.00261187
25	46.2515	4.91268	0.000972999
28.0866	46.2515	4.88307	0.00096258
36.7564	51.5944	4.84912	0.00254622
35.7802	55.2938	4.84693	0.00845146
34.1289	53.2696	4.84342	0.00576687
30.9447	52.3495	4.85095	0.00561156
31.0776	49.3292	4.83572	0.00230813
34.1165	49.3292	0.204232	0.00166059
40.1224	48.7521	4.85661	0.00083432
42.834	52.3495	4.94304	0.00199919
39.8617	52.3495	4.91037	0.00249506
39.8617	52.3495	4.91037	0.00249506
42.834	52.3495	4.94304	0.00199919
41.9404	55.2938	4.91117	0.0050169
36.7564	51.5944	4.84912	0.00254622
39.8617	52.3495	4.91037	0.00249506
38.8603	55.2938	4.89035	0.00611115
36.7564	51.5944	4.84912	0.00254622
40.1224	48.7521	4.85661	0.00083432
39.8617	52.3495	4.91037	0.00249506
18.9224	49.3292	4.87304	0.0029967
19.0553	52.3495	0.232264	0.00819519
16.083	52.3495	4.89386	0.00749505
15.7402	46.2515	4.93843	0.0011967
18.8268	46.2515	4.90672	0.00106644
15.8835	49.3292	4.93536	0.00289867
21.7462	47.598	4.88598	0.0017143
25	46.2515	4.91268	0.000972999
24.7341	50.8393	4.82644	0.00450871
22.0108	14.5924	0.162996	7.57111e-05
19.9458	11.7351	0.121676	7.58693e-05
23.0432	12.7235	0.13016	7.54995e-05
17.645	7.6571	0.0673915	7.61514e-05
18.75	9.60269	0.0941401	7.60071e-05
16.5822	10.0948	4.65249	7.50998e-05
14.9215	7.36598	0.0757423	7.64201e-05
17.645	7.6571	0.0673915	7.61514e-05
16.5822	10.0948	4.65249	7.50998e-05
16.6772	5.91038	0.0452264	7.62557e-05
19.0551	5.91038	0.0356484	7.60768e-05
17.645	7.6571	0.0673915	7.61514e-05
20.0967	7.6571	0.0485611	7.59253e-05
21.25	9.60269	0.067231	7.57386e-05
18.75	9.60269	0.0941401	7.60071e-05
17.645	7.6571	0.0673915	7.61514e-05
19.0551	5.91038	0.0356484	7.60768e-05
20.0967	7.6571	0.0485611	7.59253e-05
24.1844	6.78374	0.0390362	7.56561e-05
26.189	5.91038	0.0344888	7.55863e-05
25.4207	8.55507	0.072212	7.54276e-05
28.5669	5.91038	0.038801	7.54289e-05
31.8199	4.37335	0.0278149	7.53114e-05
31.1316	6.34706	0.0457324	7.52306e-05
26.9661	0.123895	0.0122582	7.58444e-05
28.4094	2.238	0.0161666	7.56828e-05
26.0648	3.0556	0.0169655	7.5799e-05
28.9198	0.494728	0.0146198	7.5699e-05
30.8485	1.10996	0.0169482	7.55431e-05
28.4094	2.238	0.0161666	7.56828e-05
31.25	9.60269	0.123002	7.5049e-05
33.75	9.60269	0.10425	7.50136e-05
32.5813	11.7351	4.74715	7.38497e-05
30.9096	13.2177	4.84698	7.38512e-05
29.636	10.915	4.72672	7.38692e-05
32.5813	11.7351	4.74715	7.38497e-05
32.355	7.6571	0.0641234	7.50957e-05
33.4473	6.2015	0.0426391	7.51133e-05
34.9468	7.95642	0.0658371	7.50133e-05
29.9033	7.6571	0.0692812	7.521e-05
32.355	7.6571	0.0641234	7.50957e-05
31.25	9.60269	0.123002	7.5049e-05
31.1316	6.34706	0.0457324	7.52306e-05
31.8199	4.37335	0.0278149	7.53114e-05
33.4473	6.2015	0.0426391	7.51133e-05
29.9033	7.6571	0.0692812	7.521e-05
31.1316	6.34706	0.0457324	7.52306e-05
32.355	7.6571	0.0641234	7.50957e-05
29.9033	7.6571	0.0692812	7.521e-05
28.5669	5.91038	0.038801	7.54289e-05
31.1316	6.34706	0.0457324	7.52306e-05
28.5669	5.91038	0.038801	7.54289e-05
29.9033	7.6571	0.0692812	7.521e-05
27.8022	8.40541	0.0867191	7.52729e-05
25	4.37335	0.0218844	7.57802e-05
27.2733	4.37335	0.0243266	7.56343e-05
26.189	5.91038	0.0344888	7.55863e-05
27.2733	4.37335	0.0243266	7.56343e-05
30.3241	3.0556	0.0199786	7.55002e-05
28.5669	5.91038	0.038801	7.54289e-05
31.1316	6.34706	0.0457324	7.52306e-05
33.4473	6.2015	0.0426391	7.51133e-05
32.355	7.6571	0.0641234	7.50957e-05
27.2733	4.37335	0.0243266	7.56343e-05
28.4094	2.238	0.0161666	7.56828e-05
30.3241	3.0556	0.0199786	7.55002e-05
26.189	5.91038	0.0344888	7.55863e-05
27.2733	4.37335	0.0243266	7.56343e-05
28.5669	5.91038	0.038801	7.54289e-05
26.0648	3.0556	0.0169655	7.5799e-05
28.4094	2.238	0.0161666	7.56828e-05
27.2733	4.37335	0.0243266	7.56343e-05
29.636	10.915	4.72672	7.38692e-05
29.9033	7.6571	0.0692812	7.521e-05
31.25	9.60269	0.123002	7.5049e-05
25.4207	8.55507	0.072212	7.54276e-05
27.8022	8.40541	0.0867191	7.52729e-05
27.0253	10.7509	4.67922	7.4009e-05
25.4207	8.55507	0.072212	7.54276e-05
26.189	5.91038	0.0344888	7.55863e-05
27.8022	8.40541	0.0867191	7.52729e-05
26.3489	16.5071	4.87549	7.41068e-05
24.3933	15.2742	0.210015	7.54184e-05
25.6653	12.8882	4.73515	7.40528e-05
30.3241	3.0556	0.0199786	7.55002e-05
31.8199	4.37335	0.0278149	7.53114e-05
28.5669	5.91038	0.038801	7.54289e-05
30.8485	1.10996	0.0169482	7.55431e-05
30.3241	3.0556	0.0199786	7.55002e-05
28.4094	2.238	0.0161666	7.56828e-05
30.8485	1.10996	0.0169482	7.55431e-05
32.7403	1.96546	0.0208154	7.53657e-05
30.3241	3.0556	0.0199786	7.55002e-05
30.3241	3.0556	0.0199786	7.55002e-05
32.7403	1.96546	0.0208154	7.53657e-05
31.8199	4.37335	0.0278149	7.53114e-05
23.9352	3.0556	0.0161678	7.59184e-05
25	4.37335	0.0218844	7.57802e-05
22.7267	4.37335	0.0207183	7.59165e-05
26.9661	0.123895	0.0122582	7.58444e-05
26.0648	3.0556	0.0169655	7.5799e-05
25.0248	1.47661	0.0131549	7.59197e-05
26.9661	0.123895	0.0122582	7.58444e-05
28.9198	0.494728	0.0146198	7.5699e-05
28.4094	2.238	0.0161666	7.56828e-05
25.0248	1.47661	0.0131549	7.59197e-05
25	-8.70219e-28	0.0122754	7.59376e-05
26.9661	0.123895	0.0122582	7.58444e-05
23.9352	3.0556	0.0161678	7.59184e-05
25.0248	1.47661	0.0131549	7.59197e-05
26.0648	3.0556	0.0169655	7.5799e-05
23.9352	3.0556	0.0161678	7.59184e-05
23.0835	1.59882	0.0132869	7.60074e-05
25.0248	1.47661	0.0131549	7.59197e-05
32.7403	1.96546	0.0208154	7.53657e-05
34.5833	3.0556	0.0261338	7.51873e-05
31.8199	4.37335	0.0278149	7.53114e-05
25	4.37335	0.0218844	7.57802e-05
26.0648	3.0556	0.0169655	7.5799e-05
27.2733	4.37335	0.0243266	7.56343e-05
24.1844	6.78374	0.0390362	7.56561e-05
25	4.37335	0.0218844	7.57802e-05
26.189	5.91038	0.0344888	7.55863e-05
23.9352	3.0556	0.0161678	7.59184e-05
26.0648	3.0556	0.0169655	7.5799e-05
25	4.37335	0.0218844	7.57802e-05
21.913	2.6468	0.0154491	7.60334e-05
23.9352	3.0556	0.0161678	7.59184e-05
22.7267	4.37335	0.0207183	7.59165e-05
23.0835	1.59882	0.0132869	7.60074e-05
23.0339	0.123895	0.0122328	7.60231e-05
25.0248	1.47661	0.0131549	7.59197e-05
21.913	2.6468	0.0154491	7.60334e-05
23.0835	1.59882	0.0132869	7.60074e-05
23.9352	3.0556	0.0161678	7.59184e-05
21.4331	5.91038	0.0296285	7.59073e-05
20.4534	4.37335	0.0225625	7.6043e-05
22.7267	4.37335	0.0207183	7.59165e-05
19.7476	2.78306	0.0181668	7.6119e-05
21.0802	0.494728	0.0132323	7.60911e-05
21.913	2.6468	0.0154491	7.60334e-05
23.0339	0.123895	0.0122328	7.60231e-05
25	-8.70219e-28	0.0122754	7.59376e-05
25.0248	1.47661	0.0131549	7.59197e-05
33.4473	6.2015	0.0426391	7.51133e-05
34.5833	3.0556	0.0261338	7.51873e-05
35.7008	5.91038	0.0440828	7.50262e-05
36.3664	4.37335	0.0386993	7.50504e-05
35.7008	5.91038	0.0440828	7.50262e-05
34.5833	3.0556	0.0261338	7.51873e-05
23.5785	19.1174	4.90448	7.47182e-05
26.3489	16.5071	4.87549	7.41068e-05
26.4215	19.1174	4.93704	7.43659e-05
23.0771	23.3761	4.97148	7.57175e-05
25.3391	26.1784	4.96804	7.60995e-05
22.0277	27.6505	4.96709	7.84938e-05
29.636	10.915	4.72672	7.38692e-05
27.8022	8.40541	0.0867191	7.52729e-05
29.9033	7.6571	0.0692812	7.521e-05
29.636	10.915	4.72672	7.38692e-05
27.0253	10.7509	4.67922	7.4009e-05
27.8022	8.40541	0.0867191	7.52729e-05
32.5813	11.7351	4.74715	7.38497e-05
29.636	10.915	4.72672	7.38692e-05
31.25	9.60269	0.123002	7.5049e-05
28.2875	13.053	4.82918	7.38782e-05
27.0253	10.7509	4.67922	7.4009e-05
29.636	10.915	4.72672	7.38692e-05
23.0432	12.7235	0.13016	7.54995e-05
25.6653	12.8882	4.73515	7.40528e-05
24.3933	15.2742	0.210015	7.54184e-05
24.4145	10.5869	0.109122	7.53887e-05
25.4207	8.55507	0.072212	7.54276e-05
27.0253	10.7509	4.67922	7.4009e-05
23.0432	12.7235	0.13016	7.54995e-05
24.4145	10.5869	0.109122	7.53887e-05
25.6653	12.8882	4.73515	7.40528e-05
23.0432	12.7235	0.13016	7.54995e-05
21.25	9.60269	0.067231	7.57386e-05
24.4145	10.5869	0.109122	7.53887e-05
24.1844	6.78374	0.0390362	7.56561e-05
22.5483	7.6571	0.0432837	7.57165e-05
21.4331	5.91038	0.0296285	7.59073e-05
25	4.37335	0.0218844	7.57802e-05
24.1844	6.78374	0.0390362	7.56561e-05
22.7267	4.37335	0.0207183	7.59165e-05
25.4207	8.55507	0.072212	7.54276e-05
24.4145	10.5869	0.109122	7.53887e-05
22.5483	7.6571	0.0432837	7.57165e-05
24.4145	10.5869	0.109122	7.53887e-05
21.25	9.60269	0.067231	7.57386e-05
22.5483	7.6571	0.0432837	7.57165e-05
19.5656	14.0413	0.180263	7.60275e-05
20.9532	16.5071	0.219975	7.60471e-05
18.2554	16.5071	4.85743	7.53522e-05
19.9458	11.7351	0.121676	7.58693e-05
19.5656	14.0413	0.180263	7.60275e-05
17.7988	12.3941	4.7303	7.50012e-05
18.75	9.60269	0.0941401	7.60071e-05
19.9458	11.7351	0.121676	7.58693e-05
17.7988	12.3941	4.7303	7.50012e-05
21.25	9.60269	0.067231	7.57386e-05
23.0432	12.7235	0.13016	7.54995e-05
19.9458	11.7351	0.121676	7.58693e-05
22.0108	14.5924	0.162996	7.57111e-05
20.9532	16.5071	0.219975	7.60471e-05
19.5656	14.0413	0.180263	7.60275e-05
19.9458	11.7351	0.121676	7.58693e-05
22.0108	14.5924	0.162996	7.57111e-05
19.5656	14.0413	0.180263	7.60275e-05
23.0432	12.7235	0.13016	7.54995e-05
24.3933	15.2742	0.210015	7.54184e-05
22.0108	14.5924	0.162996	7.57111e-05
17.7548	18.7251	4.93017	7.59147e-05
20.7355	19.1174	4.90244	7.53084e-05
17.2541	20.9431	4.96673	7.66865e-05
16.8484	14.0413	4.83108	7.52722e-05
18.2554	16.5071	4.85743	7.53522e-05
15.9817	15.8026	4.90117	7.56666e-05
20.9532	16.5071	0.219975	7.60471e-05
20.7355	19.1174	4.90244	7.53084e-05
18.2554	16.5071	4.85743	7.53522e-05
14.9215	7.36598	0.0757423	7.64201e-05
16.5822	10.0948	4.65249	7.50998e-05
13.513	9.30337	0.131833	7.66409e-05
12.6058	7.51154	0.0886886	7.66401e-05
14.9215	7.36598	0.0757423	7.64201e-05
13.513	9.30337	0.131833	7.66409e-05
13.6336	4.37335	0.044907	7.64208e-05
15.4167	3.0556	0.0304978	7.62939e-05
16.6772	5.91038	0.0452264	7.62557e-05
19.7476	2.78306	0.0181668	7.6119e-05
19.1515	1.10996	0.0168024	7.61402e-05
21.0802	0.494728	0.0132323	7.60911e-05
20.4534	4.37335	0.0225625	7.6043e-05
19.0551	5.91038	0.0356484	7.60768e-05
18.1801	4.37335	0.0276608	7.61698e-05
21.913	2.6468	0.0154491	7.60334e-05
20.4534	4.37335	0.0225625	7.6043e-05
19.7476	2.78306	0.0181668	7.6119e-05
21.4331	5.91038	0.0296285	7.59073e-05
19.0551	5.91038	0.0356484	7.60768e-05
20.4534	4.37335	0.0225625	7.6043e-05
24.1844	6.78374	0.0390362	7.56561e-05
21.4331	5.91038	0.0296285	7.59073e-05
22.7267	4.37335	0.0207183	7.59165e-05
20.0967	7.6571	0.0485611	7.59253e-05
19.0551	5.91038	0.0356484	7.60768e-05
21.4331	5.91038	0.0296285	7.59073e-05
20.4534	4.37335	0.0225625	7.6043e-05
18.1801	4.37335	0.0276608	7.61698e-05
19.7476	2.78306	0.0181668	7.6119e-05
23.0835	1.59882	0.0132869	7.60074e-05
21.0802	0.494728	0.0132323	7.60911e-05
23.0339	0.123895	0.0122328	7.60231e-05
27.8022	8.40541	0.0867191	7.52729e-05
26.189	5.91038	0.0344888	7.55863e-05
28.5669	5.91038	0.038801	7.54289e-05
25.6653	12.8882	4.73515	7.40528e-05
24.4145	10.5869	0.109122	7.53887e-05
27.0253	10.7509	4.67922	7.4009e-05
22.5483	7.6571	0.0432837	7.57165e-05
20.0967	7.6571	0.0485611	7.59253e-05
21.4331	5.91038	0.0296285	7.59073e-05
25.4207	8.55507	0.072212	7.54276e-05
22.5483	7.6571	0.0432837	7.57165e-05
24.1844	6.78374	0.0390362	7.56561e-05
21.25	9.60269	0.067231	7.57386e-05
20.0967	7.6571	0.0485611	7.59253e-05
22.5483	7.6571	0.0432837	7.57165e-05
14.9215	7.36598	0.0757423	7.64201e-05
16.6772	5.91038	0.0452264	7.62557e-05
17.645	7.6571	0.0673915	7.61514e-05
21.913	2.6468	0.0154491	7.60334e-05
21.0802	0.494728	0.0132323	7.60911e-05
23.0835	1.59882	0.0132869	7.60074e-05
37.3284	7.80676	0.0707973	7.50016e-05
38.0788	5.91038	0.0559646	7.49869e-05
39.7099	7.6571	0.0910117	7.50538e-05
33.4473	6.2015	0.0426391	7.51133e-05
35.7008	5.91038	0.0440828	7.50262e-05
34.9468	7.95642	0.0658371	7.50133e-05
33.75	9.60269	0.10425	7.50136e-05
32.355	7.6571	0.0641234	7.50957e-05
34.9468	7.95642	0.0658371	7.50133e-05
31.8199	4.37335	0.0278149	7.53114e-05
34.5833	3.0556	0.0261338	7.51873e-05
33.4473	6.2015	0.0426391	7.51133e-05
36.3664	4.37335	0.0386993	7.50504e-05
38.0788	5.91038	0.0559646	7.49869e-05
35.7008	5.91038	0.0440828	7.50262e-05
19.7476	2.78306	0.0181668	7.6119e-05
17.2597	1.96546	0.0218072	7.6207e-05
19.1515	1.10996	0.0168024	7.61402e-05
18.1801	4.37335	0.0276608	7.61698e-05
16.6772	5.91038	0.0452264	7.62557e-05
15.4167	3.0556	0.0304978	7.62939e-05
19.7476	2.78306	0.0181668	7.6119e-05
18.1801	4.37335	0.0276608	7.61698e-05
17.2597	1.96546	0.0218072	7.6207e-05
19.0551	5.91038	0.0356484	7.60768e-05
16.6772	5.91038	0.0452264	7.62557e-05
18.1801	4.37335	0.0276608	7.61698e-05
21.913	2.6468	0.0154491	7.60334e-05
22.7267	4.37335	0.0207183	7.59165e-05
20.4534	4.37335	0.0225625	7.6043e-05
20.0967	7.6571	0.0485611	7.59253e-05
18.75	9.60269	0.0941401	7.60071e-05
17.645	7.6571	0.0673915	7.61514e-05
14.9215	7.36598	0.0757423	7.64201e-05
13.6336	4.37335	0.044907	7.64208e-05
16.6772	5.91038	0.0452264	7.62557e-05
32.355	7.6571	0.0641234	7.50957e-05
33.75	9.60269	0.10425	7.50136e-05
31.25	9.60269	0.123002	7.5049e-05
38.0788	5.91038	0.0559646	7.49869e-05
37.3284	7.80676	0.0707973	7.50016e-05
35.7008	5.91038	0.0440828	7.50262e-05
38.75	9.60269	0.120056	7.51323e-05
41.25	9.60269	0.165286	7.52972e-05
40.1627	11.7351	4.79274	7.43042e-05
36.25	9.60269	0.0983462	7.50421e-05
38.75	9.60269	0.120056	7.51323e-05
37.4683	11.4071	0.172154	7.52152e-05
39.7099	7.6571	0.0910117	7.50538e-05
41.25	9.60269	0.165286	7.52972e-05
38.75	9.60269	0.120056	7.51323e-05
15.4167	3.0556	0.0304978	7.62939e-05
17.2597	1.96546	0.0218072	7.6207e-05
18.1801	4.37335	0.0276608	7.61698e-05
44.0204	14.0413	4.94341	7.52647e-05
41.2166	14.2175	4.91808	7.49015e-05
42.6898	11.7351	4.86391	7.4568e-05
14.9215	7.36598	0.0757423	7.64201e-05
12.6058	7.51154	0.0886886	7.66401e-05
13.6336	4.37335	0.044907	7.64208e-05
15.1767	12.2293	4.80738	7.53831e-05
12.5545	12.0646	4.82299	7.57817e-05
13.513	9.30337	0.131833	7.66409e-05
16.5822	10.0948	4.65249	7.50998e-05
17.7988	12.3941	4.7303	7.50012e-05
15.1767	12.2293	4.80738	7.53831e-05
14.1312	14.0413	4.88885	7.57487e-05
12.5545	12.0646	4.82299	7.57817e-05
15.1767	12.2293	4.80738	7.53831e-05
15.9817	15.8026	4.90117	7.56666e-05
14.7591	18.4213	4.95782	7.65102e-05
13.1778	15.9788	4.93917	7.62601e-05
16.5822	10.0948	4.65249	7.50998e-05
18.75	9.60269	0.0941401	7.60071e-05
17.7988	12.3941	4.7303	7.50012e-05
22.0108	14.5924	0.162996	7.57111e-05
24.3933	15.2742	0.210015	7.54184e-05
20.9532	16.5071	0.219975	7.60471e-05
11.4404	21.3083	4.98733	7.83428e-05
12.2064	19.1174	4.97605	7.73039e-05
14.6026	21.856	4.9822	7.77928e-05
8.66123	21.856	4.99232	7.92296e-05
11.4404	21.3083	4.98733	7.83428e-05
10.9756	24.1362	4.99305	8.00738e-05
8.66123	21.856	4.99232	7.92296e-05
9.3634	19.1174	4.98333	7.79063e-05
11.4404	21.3083	4.98733	7.83428e-05
6.52038	19.1174	4.98817	7.84193e-05
7.464	16.5071	4.97263	7.74274e-05
9.3634	19.1174	4.98333	7.79063e-05
3.67737	19.1174	4.99144	7.88626e-05
6.52038	19.1174	4.98817	7.84193e-05
5.62671	21.6734	4.99447	7.96975e-05
3.67737	19.1174	4.99144	7.88626e-05
4.76616	16.5071	4.98059	7.78161e-05
6.52038	19.1174	4.98817	7.84193e-05
10.1618	16.5071	4.96245	7.69689e-05
12.2064	19.1174	4.97605	7.73039e-05
9.3634	19.1174	4.98333	7.79063e-05
5.97957	14.0413	4.95459	7.70215e-05
8.69678	14.0413	4.93332	7.66622e-05
7.464	16.5071	4.97263	7.74274e-05
11.414	14.0413	4.91238	7.62291e-05
13.1778	15.9788	4.93917	7.62601e-05
10.1618	16.5071	4.96245	7.69689e-05
15.1767	12.2293	4.80738	7.53831e-05
16.8484	14.0413	4.83108	7.52722e-05
14.1312	14.0413	4.88885	7.57487e-05
6.52038	19.1174	4.98817	7.84193e-05
9.3634	19.1174	4.98333	7.79063e-05
8.66123	21.856	4.99232	7.92296e-05
14.7591	18.4213	4.95782	7.65102e-05
12.2064	19.1174	4.97605	7.73039e-05
13.1778	15.9788	4.93917	7.62601e-05
14.7591	18.4213	4.95782	7.65102e-05
14.6026	21.856	4.9822	7.77928e-05
12.2064	19.1174	4.97605	7.73039e-05
12.6058	7.51154	0.0886886	7.66401e-05
11.9212	5.91038	0.0744113	7.66017e-05
13.6336	4.37335	0.044907	7.64208e-05
11.25	9.60269	0.151623	7.69357e-05
12.6058	7.51154	0.0886886	7.66401e-05
13.513	9.30337	0.131833	7.66409e-05
10.2901	7.6571	0.113914	7.68536e-05
11.9212	5.91038	0.0744113	7.66017e-05
12.6058	7.51154	0.0886886	7.66401e-05
41.2166	14.2175	4.91808	7.49015e-05
40.1627	11.7351	4.79274	7.43042e-05
42.6898	11.7351	4.86391	7.4568e-05
35.1085	11.7351	0.177134	7.51029e-05
37.4683	11.4071	0.172154	7.52152e-05
35.6088	14.5697	4.87108	7.42417e-05
33.1516	14.0413	4.86598	7.39734e-05
35.1085	11.7351	0.177134	7.51029e-05
35.6088	14.5697	4.87108	7.42417e-05
32.5813	11.7351	4.74715	7.38497e-05
33.75	9.60269	0.10425	7.50136e-05
35.1085	11.7351	0.177134	7.51029e-05
37.3284	7.80676	0.0707973	7.50016e-05
39.7099	7.6571	0.0910117	7.50538e-05
38.75	9.60269	0.120056	7.51323e-05
36.25	9.60269	0.0983462	7.50421e-05
37.3284	7.80676	0.0707973	7.50016e-05
38.75	9.60269	0.120056	7.51323e-05
35.1085	11.7351	0.177134	7.51029e-05
36.25	9.60269	0.0983462	7.50421e-05
37.4683	11.4071	0.172154	7.52152e-05
34.9468	7.95642	0.0658371	7.50133e-05
37.3284	7.80676	0.0707973	7.50016e-05
36.25	9.60269	0.0983462	7.50421e-05
34.9468	7.95642	0.0658371	7.50133e-05
35.7008	5.91038	0.0440828	7.50262e-05
37.3284	7.80676	0.0707973	7.50016e-05
42.536	16.5071	4.9654	7.57308e-05
44.0204	14.0413	4.94341	7.52647e-05
45.2338	16.5071	4.97565	7.61732e-05
38.4127	14.3936	4.88544	7.45448e-05
41.2166	14.2175	4.91808	7.49015e-05
39.693	16.8552	4.956	7.52964e-05
38.4127	14.3936	4.88544	7.45448e-05
37.4683	11.4071	0.172154	7.52152e-05
40.1627	11.7351	4.79274	7.43042e-05
10.2901	7.6571	0.113914	7.68536e-05
12.6058	7.51154	0.0886886	7.66401e-05
11.25	9.60269	0.151623	7.69357e-05
28.2875	13.053	4.82918	7.38782e-05
30.001	14.922	4.9003	7.39046e-05
26.3489	16.5071	4.87549	7.41068e-05
35.1085	11.7351	0.177134	7.51029e-05
33.1516	14.0413	4.86598	7.39734e-05
32.5813	11.7351	4.74715	7.38497e-05
30.001	14.922	4.9003	7.39046e-05
28.6113	17.5512	4.93345	7.40838e-05
26.3489	16.5071	4.87549	7.41068e-05
30.9096	13.2177	4.84698	7.38512e-05
30.001	14.922	4.9003	7.39046e-05
28.2875	13.053	4.82918	7.38782e-05
29.636	10.915	4.72672	7.38692e-05
30.9096	13.2177	4.84698	7.38512e-05
28.2875	13.053	4.82918	7.38782e-05
32.5813	11.7351	4.74715	7.38497e-05
33.1516	14.0413	4.86598	7.39734e-05
30.9096	13.2177	4.84698	7.38512e-05
31.7446	16.5071	4.93372	7.4098e-05
28.6113	17.5512	4.93345	7.40838e-05
30.001	14.922	4.9003	7.39046e-05
34.4425	16.5071	4.93429	7.43594e-05
31.7446	16.5071	4.93372	7.4098e-05
33.1516	14.0413	4.86598	7.39734e-05
34.4425	16.5071	4.93429	7.43594e-05
34.9506	19.1174	4.96905	7.48446e-05
32.1075	19.1174	4.9643	7.44043e-05
37.1403	16.5071	4.93878	7.47628e-05
34.4425	16.5071	4.93429	7.43594e-05
35.6088	14.5697	4.87108	7.42417e-05
37.1403	16.5071	4.93878	7.47628e-05
37.7936	19.1174	4.97318	7.54423e-05
34.9506	19.1174	4.96905	7.48446e-05
11.414	14.0413	4.91238	7.62291e-05
14.1312	14.0413	4.88885	7.57487e-05
13.1778	15.9788	4.93917	7.62601e-05
8.69678	14.0413	4.93332	7.66622e-05
9.93237	11.8999	4.84448	7.61388e-05
11.414	14.0413	4.91238	7.62291e-05
11.25	9.60269	0.151623	7.69357e-05
13.513	9.30337	0.131833	7.66409e-05
12.5545	12.0646	4.82299	7.57817e-05
10.2901	7.6571	0.113914	7.68536e-05
11.25	9.60269	0.151623	7.69357e-05
8.74996	9.60269	0.187776	7.71916e-05
13.513	9.30337	0.131833	7.66409e-05
16.5822	10.0948	4.65249	7.50998e-05
15.1767	12.2293	4.80738	7.53831e-05
9.93237	11.8999	4.84448	7.61388e-05
11.25	9.60269	0.151623	7.69357e-05
12.5545	12.0646	4.82299	7.57817e-05
11.414	14.0413	4.91238	7.62291e-05
9.93237	11.8999	4.84448	7.61388e-05
12.5545	12.0646	4.82299	7.57817e-05
8.69678	14.0413	4.93332	7.66622e-05
7.31021	11.7351	4.88826	7.6419e-05
9.93237	11.8999	4.84448	7.61388e-05
37.4683	11.4071	0.172154	7.52152e-05
38.4127	14.3936	4.88544	7.45448e-05
35.6088	14.5697	4.87108	7.42417e-05
42.536	16.5071	4.9654	7.57308e-05
43.4158	19.3	4.98588	7.67787e-05
40.5089	19.4825	4.98132	7.61914e-05
44.0204	14.0413	4.94341	7.52647e-05
42.536	16.5071	4.9654	7.57308e-05
41.2166	14.2175	4.91808	7.49015e-05
45.2338	16.5071	4.97565	7.61732e-05
43.4158	19.3	4.98588	7.67787e-05
42.536	16.5071	4.9654	7.57308e-05
40.5089	19.4825	4.98132	7.61914e-05
41.2294	22.236	4.99106	7.71795e-05
38.204	22.4261	4.98757	7.6345e-05
42.536	16.5071	4.9654	7.57308e-05
40.5089	19.4825	4.98132	7.61914e-05
39.693	16.8552	4.956	7.52964e-05
43.4158	19.3	4.98588	7.67787e-05
41.2294	22.236	4.99106	7.71795e-05
40.5089	19.4825	4.98132	7.61914e-05
47.2801	21.856	4.99488	7.82865e-05
44.3095	21.856	4.99324	7.78088e-05
46.3226	19.1174	4.98929	7.7208e-05
38.4127	14.3936	4.88544	7.45448e-05
37.1403	16.5071	4.93878	7.47628e-05
35.6088	14.5697	4.87108	7.42417e-05
40.1627	11.7351	4.79274	7.43042e-05
41.2166	14.2175	4.91808	7.49015e-05
38.4127	14.3936	4.88544	7.45448e-05
38.75	9.60269	0.120056	7.51323e-05
40.1627	11.7351	4.79274	7.43042e-05
37.4683	11.4071	0.172154	7.52152e-05
41.25	9.60269	0.165286	7.52972e-05
42.6898	11.7351	4.86391	7.4568e-05
40.1627	11.7351	4.79274	7.43042e-05
39.693	16.8552	4.956	7.52964e-05
37.1403	16.5071	4.93878	7.47628e-05
38.4127	14.3936	4.88544	7.45448e-05
40.5089	19.4825	4.98132	7.61914e-05
37.7936	19.1174	4.97318	7.54423e-05
39.693	16.8552	4.956	7.52964e-05
28.8815	20.2128	4.96041	7.43131e-05
29.1279	22.9961	4.95995	7.46592e-05
26.1025	23.1861	4.96771	7.49569e-05
32.1075	19.1174	4.9643	7.44043e-05
34.9506	19.1174	4.96905	7.48446e-05
32.4267	21.856	4.97215	7.47899e-05
28.8815	20.2128	4.96041	7.43131e-05
32.1075	19.1174	4.9643	7.44043e-05
32.4267	21.856	4.97215	7.47899e-05
31.7446	16.5071	4.93372	7.4098e-05
34.4425	16.5071	4.93429	7.43594e-05
32.1075	19.1174	4.9643	7.44043e-05
28.6113	17.5512	4.93345	7.40838e-05
31.7446	16.5071	4.93372	7.4098e-05
32.1075	19.1174	4.9643	7.44043e-05
11.414	14.0413	4.91238	7.62291e-05
12.5545	12.0646	4.82299	7.57817e-05
14.1312	14.0413	4.88885	7.57487e-05
12.2064	19.1174	4.97605	7.73039e-05
10.1618	16.5071	4.96245	7.69689e-05
13.1778	15.9788	4.93917	7.62601e-05
9.93237	11.8999	4.84448	7.61388e-05
8.74996	9.60269	0.187776	7.71916e-05
11.25	9.60269	0.151623	7.69357e-05
43.4158	19.3	4.98588	7.67787e-05
45.2338	16.5071	4.97565	7.61732e-05
46.3226	19.1174	4.98929	7.7208e-05
33.1516	14.0413	4.86598	7.39734e-05
35.6088	14.5697	4.87108	7.42417e-05
34.4425	16.5071	4.93429	7.43594e-05
36.25	9.60269	0.0983462	7.50421e-05
33.75	9.60269	0.10425	7.50136e-05
34.9468	7.95642	0.0658371	7.50133e-05
21.9134	33.7485	0.257154	9.7811e-05
18.9132	34.917	4.85275	0.000108224
18.6835	32.5943	4.91485	9.28539e-05
25	30.6708	4.91857	8.03961e-05
21.9134	33.7485	0.257154	9.7811e-05
21.9612	30.6708	4.91908	8.37001e-05
21.8846	36.8646	4.80041	0.000127908
18.9132	34.917	4.85275	0.000108224
21.9134	33.7485	0.257154	9.7811e-05
25	40	4.86498	0.000187851
21.8846	36.8646	4.80041	0.000127908
25.1151	35.3065	0.247431	0.000104211
21.9134	33.7485	0.257154	9.7811e-05
18.6835	32.5943	4.91485	9.28539e-05
21.9612	30.6708	4.91908	8.37001e-05
18.7212	38.8242	0.20425	0.000175157
18.9132	34.917	4.85275	0.000108224
21.8846	36.8646	4.80041	0.000127908
17.2667	36.7732	0.248073	0.000138724
15.8122	34.7222	4.90226	0.000107834
18.9132	34.917	4.85275	0.000108224
18.7212	38.8242	0.20425	0.000175157
17.2667	36.7732	0.248073	0.000138724
18.9132	34.917	4.85275	0.000108224
18.7212	38.8242	0.20425	0.000175157
15.601	39.0202	0.242251	0.000186311
17.2667	36.7732	0.248073	0.000138724
18.7981	41.9596	0.229322	0.000321433
18.7212	38.8242	0.20425	0.000175157
21.9014	39.3141	0.23411	0.00018476
15.601	39.0202	0.242251	0.000186311
15.8122	34.7222	4.90226	0.000107834
17.2667	36.7732	0.248073	0.000138724
14.001	23.9462	4.98876	7.90989e-05
14.6026	21.856	4.9822	7.77928e-05
17.2998	24.7062	4.98409	7.84964e-05
13.1107	27.6505	4.98988	8.29277e-05
12.8447	30.6708	4.98249	8.88353e-05
10.1383	27.6505	4.99426	8.38926e-05
15.2052	26.1784	4.9877	8.04863e-05
15.7173	29.727	4.97704	8.52402e-05
13.1107	27.6505	4.98988	8.29277e-05
20.3799	24.7062	4.97641	7.7309e-05
18.0114	27.1222	4.97948	8.027e-05
17.2998	24.7062	4.98409	7.84964e-05
18.7229	29.5382	4.9616	8.34663e-05
15.7173	29.727	4.97704	8.52402e-05
18.0114	27.1222	4.97948	8.027e-05
18.7229	29.5382	4.9616	8.34663e-05
18.6835	32.5943	4.91485	9.28539e-05
15.7173	29.727	4.97704	8.52402e-05
10.9756	24.1362	4.99305	8.00738e-05
8.05963	24.7062	4.99581	8.11927e-05
8.66123	21.856	4.99232	7.92296e-05
10.1383	27.6505	4.99426	8.38926e-05
8.05963	24.7062	4.99581	8.11927e-05
10.9756	24.1362	4.99305	8.00738e-05
10.1383	27.6505	4.99426	8.38926e-05
9.80591	30.6708	4.99112	9.04519e-05
7.16598	27.6505	4.99686	8.44576e-05
6.70061	30.2933	4.99629	8.95074e-05
7.16598	27.6505	4.99686	8.44576e-05
9.80591	30.6708	4.99112	9.04519e-05
4.97956	24.7062	4.99723	8.17791e-05
5.62671	21.6734	4.99447	7.96975e-05
8.05963	24.7062	4.99581	8.11927e-05
3.67737	19.1174	4.99144	7.88626e-05
5.62671	21.6734	4.99447	7.96975e-05
2.71986	21.856	4.99602	8.02843e-05
6.52038	19.1174	4.98817	7.84193e-05
4.76616	16.5071	4.98059	7.78161e-05
7.464	16.5071	4.97263	7.74274e-05
25	30.6708	4.91857	8.03961e-05
28.0388	30.6708	4.94424	7.97538e-05
28.0866	33.7485	4.90517	9.16099e-05
47.2801	21.856	4.99488	7.82865e-05
48.1005	24.7062	4.99679	7.93633e-05
45.0204	24.7062	4.99602	7.89105e-05
26.4215	19.1174	4.93704	7.43659e-05
26.3489	16.5071	4.87549	7.41068e-05
28.6113	17.5512	4.93345	7.40838e-05
18.0114	27.1222	4.97948	8.027e-05
22.0277	27.6505	4.96709	7.84938e-05
18.7229	29.5382	4.9616	8.34663e-05
17.2541	20.9431	4.96673	7.66865e-05
20.544	21.856	4.96105	7.60239e-05
17.2998	24.7062	4.98409	7.84964e-05
23.0771	23.3761	4.97148	7.57175e-05
26.1025	23.1861	4.96771	7.49569e-05
25.3391	26.1784	4.96804	7.60995e-05
17.2998	24.7062	4.98409	7.84964e-05
20.544	21.856	4.96105	7.60239e-05
20.3799	24.7062	4.97641	7.7309e-05
24.8405	21.1517	4.95253	7.48129e-05
26.1025	23.1861	4.96771	7.49569e-05
23.0771	23.3761	4.97148	7.57175e-05
20.544	21.856	4.96105	7.60239e-05
24.8405	21.1517	4.95253	7.48129e-05
23.0771	23.3761	4.97148	7.57175e-05
23.5785	19.1174	4.90448	7.47182e-05
26.4215	19.1174	4.93704	7.43659e-05
24.8405	21.1517	4.95253	7.48129e-05
31.199	26.5464	0.346301	7.68269e-05
30.7452	28.7831	4.94759	7.68101e-05
28.269	26.3624	4.95221	7.55176e-05
29.1279	22.9961	4.95995	7.46592e-05
31.199	26.5464	0.346301	7.68269e-05
28.269	26.3624	4.95221	7.55176e-05
32.7002	24.7062	4.95612	7.53127e-05
33.7508	28.5944	4.96363	7.67879e-05
31.199	26.5464	0.346301	7.68269e-05
20.544	21.856	4.96105	7.60239e-05
23.0771	23.3761	4.97148	7.57175e-05
20.3799	24.7062	4.97641	7.7309e-05
20.7355	19.1174	4.90244	7.53084e-05
20.544	21.856	4.96105	7.60239e-05
17.2541	20.9431	4.96673	7.66865e-05
17.7548	18.7251	4.93017	7.59147e-05
18.2554	16.5071	4.85743	7.53522e-05
20.7355	19.1174	4.90244	7.53084e-05
14.7591	18.4213	4.95782	7.65102e-05
17.7548	18.7251	4.93017	7.59147e-05
17.2541	20.9431	4.96673	7.66865e-05
14.7591	18.4213	4.95782	7.65102e-05
15.9817	15.8026	4.90117	7.56666e-05
17.7548	18.7251	4.93017	7.59147e-05
20.9532	16.5071	0.219975	7.60471e-05
23.5785	19.1174	4.90448	7.47182e-05
20.7355	19.1174	4.90244	7.53084e-05
23.5785	19.1174	4.90448	7.47182e-05
24.8405	21.1517	4.95253	7.48129e-05
20.544	21.856	4.96105	7.60239e-05
26.689	28.4246	4.95524	7.70686e-05
22.0277	27.6505	4.96709	7.84938e-05
25.3391	26.1784	4.96804	7.60995e-05
21.9612	30.6708	4.91908	8.37001e-05
18.6835	32.5943	4.91485	9.28539e-05
18.7229	29.5382	4.9616	8.34663e-05
20.7355	19.1174	4.90244	7.53084e-05
23.5785	19.1174	4.90448	7.47182e-05
20.544	21.856	4.96105	7.60239e-05
16.8484	14.0413	4.83108	7.52722e-05
19.5656	14.0413	0.180263	7.60275e-05
18.2554	16.5071	4.85743	7.53522e-05
16.8484	14.0413	4.83108	7.52722e-05
17.7988	12.3941	4.7303	7.50012e-05
19.5656	14.0413	0.180263	7.60275e-05
14.1312	14.0413	4.88885	7.57487e-05
16.8484	14.0413	4.83108	7.52722e-05
15.9817	15.8026	4.90117	7.56666e-05
15.1767	12.2293	4.80738	7.53831e-05
17.7988	12.3941	4.7303	7.50012e-05
16.8484	14.0413	4.83108	7.52722e-05
18.75	9.60269	0.0941401	7.60071e-05
21.25	9.60269	0.067231	7.57386e-05
19.9458	11.7351	0.121676	7.58693e-05
24.3933	15.2742	0.210015	7.54184e-05
23.5785	19.1174	4.90448	7.47182e-05
20.9532	16.5071	0.219975	7.60471e-05
4.97956	24.7062	4.99723	8.17791e-05
4.19365	27.6505	4.99808	8.50051e-05
1.8995	24.7062	4.99787	8.23415e-05
8.74996	9.60269	0.187776	7.71916e-05
9.93237	11.8999	4.84448	7.61388e-05
7.31021	11.7351	4.88826	7.6419e-05
46.8029	37.0605	4.96723	9.46041e-05
43.6827	37.2565	4.93135	9.78409e-05
46.6062	33.7485	4.98626	8.53577e-05
41.9404	24.7062	4.99409	7.81416e-05
45.0204	24.7062	4.99602	7.89105e-05
42.7675	28.0281	4.99393	7.96294e-05
38.8603	24.7062	4.99048	7.71529e-05
41.9404	24.7062	4.99409	7.81416e-05
39.9888	27.0985	4.99139	7.83661e-05
41.2294	22.236	4.99106	7.71795e-05
44.3095	21.856	4.99324	7.78088e-05
41.9404	24.7062	4.99409	7.81416e-05
48.7787	27.6505	4.99656	8.05231e-05
49.3105	30.6708	4.99422	8.22279e-05
46.2478	30.8632	4.99303	8.20558e-05
26.1025	23.1861	4.96771	7.49569e-05
24.8405	21.1517	4.95253	7.48129e-05
28.8815	20.2128	4.96041	7.43131e-05
28.269	26.3624	4.95221	7.55176e-05
26.1025	23.1861	4.96771	7.49569e-05
29.1279	22.9961	4.95995	7.46592e-05
23.0771	23.3761	4.97148	7.57175e-05
22.0277	27.6505	4.96709	7.84938e-05
20.3799	24.7062	4.97641	7.7309e-05
12.8447	30.6708	4.98249	8.88353e-05
12.7112	34.5275	4.9598	0.000108932
9.49534	33.1714	4.9873	0.0001006
10.1383	27.6505	4.99426	8.38926e-05
12.8447	30.6708	4.98249	8.88353e-05
9.80591	30.6708	4.99112	9.04519e-05
14.3285	32.6965	4.959	9.66753e-05
18.6835	32.5943	4.91485	9.28539e-05
15.8122	34.7222	4.90226	0.000107834
25.1151	35.3065	0.247431	0.000104211
21.8846	36.8646	4.80041	0.000127908
21.9134	33.7485	0.257154	9.7811e-05
14.3285	32.6965	4.959	9.66753e-05
12.7112	34.5275	4.9598	0.000108932
12.8447	30.6708	4.98249	8.88353e-05
18.9132	34.917	4.85275	0.000108224
15.8122	34.7222	4.90226	0.000107834
18.6835	32.5943	4.91485	9.28539e-05
15.601	39.0202	0.242251	0.000186311
12.5385	36.8646	4.93735	0.00013663
15.8122	34.7222	4.90226	0.000107834
23.5785	19.1174	4.90448	7.47182e-05
24.3933	15.2742	0.210015	7.54184e-05
26.3489	16.5071	4.87549	7.41068e-05
28.8815	20.2128	4.96041	7.43131e-05
24.8405	21.1517	4.95253	7.48129e-05
26.4215	19.1174	4.93704	7.43659e-05
18.2554	16.5071	4.85743	7.53522e-05
17.7548	18.7251	4.93017	7.59147e-05
15.9817	15.8026	4.90117	7.56666e-05
14.6026	21.856	4.9822	7.77928e-05
17.2541	20.9431	4.96673	7.66865e-05
17.2998	24.7062	4.98409	7.84964e-05
15.9817	15.8026	4.90117	7.56666e-05
13.1778	15.9788	4.93917	7.62601e-05
14.1312	14.0413	4.88885	7.57487e-05
14.6026	21.856	4.9822	7.77928e-05
14.7591	18.4213	4.95782	7.65102e-05
17.2541	20.9431	4.96673	7.66865e-05
11.4404	21.3083	4.98733	7.83428e-05
14.001	23.9462	4.98876	7.90989e-05
10.9756	24.1362	4.99305	8.00738e-05
30.001	14.922	4.9003	7.39046e-05
30.9096	13.2177	4.84698	7.38512e-05
33.1516	14.0413	4.86598	7.39734e-05
31.7446	16.5071	4.93372	7.4098e-05
30.001	14.922	4.9003	7.39046e-05
33.1516	14.0413	4.86598	7.39734e-05
25.6653	12.8882	4.73515	7.40528e-05
27.0253	10.7509	4.67922	7.4009e-05
28.2875	13.053	4.82918	7.38782e-05
25.6653	12.8882	4.73515	7.40528e-05
28.2875	13.053	4.82918	7.38782e-05
26.3489	16.5071	4.87549	7.41068e-05
33.75	9.60269	0.10425	7.50136e-05
36.25	9.60269	0.0983462	7.50421e-05
35.1085	11.7351	0.177134	7.51029e-05
39.693	16.8552	4.956	7.52964e-05
41.2166	14.2175	4.91808	7.49015e-05
42.536	16.5071	4.9654	7.57308e-05
28.8815	20.2128	4.96041	7.43131e-05
26.4215	19.1174	4.93704	7.43659e-05
28.6113	17.5512	4.93345	7.40838e-05
40.625	40	0.221963	0.000133477
43.75	40	4.86497	0.000123448
43.6923	43.1354	0.237963	0.000200684
34.399	40.9798	0.0462626	7.38495e-05
37.5	40	4.76088	0.000128851
37.5191	43.9145	0.141157	0.00032083
40.5769	36.8646	4.9136	9.94821e-05
43.6827	37.2565	4.93135	9.78409e-05
40.625	40	0.221963	0.000133477
37.3464	33.7485	4.9612	8.69083e-05
33.997	31.6326	4.96373	8.13117e-05
37.1553	30.6708	4.97843	8.01025e-05
40.625	40	0.221963	0.000133477
37.5	40	4.76088	0.000128851
40.5769	36.8646	4.9136	9.94821e-05
37.4615	36.8646	4.8944	9.80015e-05
34.1596	34.7385	4.92008	8.68097e-05
37.3464	33.7485	4.9612	8.69083e-05
46.2478	30.8632	4.99303	8.20558e-05
45.7731	27.8393	4.99591	8.02373e-05
48.7787	27.6505	4.99656	8.05231e-05
49.6928	33.7485	4.98858	8.57511e-05
46.6062	33.7485	4.98626	8.53577e-05
49.3105	30.6708	4.99422	8.22279e-05
40.1941	30.6708	4.98567	8.049e-05
37.1553	30.6708	4.97843	8.01025e-05
36.8893	27.6505	4.9839	7.75455e-05
43.2329	30.6708	4.99009	8.12702e-05
40.1941	30.6708	4.98567	8.049e-05
42.7675	28.0281	4.99393	7.96294e-05
40.433	33.7485	4.96873	8.58863e-05
37.3464	33.7485	4.9612	8.69083e-05
40.1941	30.6708	4.98567	8.049e-05
31.3171	35.696	4.86729	9.00749e-05
31.2019	38.0404	0.0738896	4.36054e-05
28.1154	36.8646	4.84984	0.000114785
33.997	31.6326	4.96373	8.13117e-05
34.1596	34.7385	4.92008	8.68097e-05
30.9343	31.8249	4.95476	8.26338e-05
34.3221	37.8444	0.328811	3.08451e-05
31.2019	38.0404	0.0738896	4.36054e-05
31.3171	35.696	4.86729	9.00749e-05
37.5	40	4.76088	0.000128851
34.3221	37.8444	0.328811	3.08451e-05
37.4615	36.8646	4.8944	9.80015e-05
34.399	40.9798	0.0462626	7.38495e-05
31.2019	38.0404	0.0738896	4.36054e-05
34.3221	37.8444	0.328811	3.08451e-05
40.1941	30.6708	4.98567	8.049e-05
39.9888	27.0985	4.99139	7.83661e-05
42.7675	28.0281	4.99393	7.96294e-05
7.16598	27.6505	4.99686	8.44576e-05
8.05963	24.7062	4.99581	8.11927e-05
10.1383	27.6505	4.99426	8.38926e-05
3.69504	30.482	4.99806	9.03257e-05
4.19365	27.6505	4.99808	8.50051e-05
6.70061	30.2933	4.99629	8.95074e-05
4.97956	24.7062	4.99723	8.17791e-05
8.05963	24.7062	4.99581	8.11927e-05
7.16598	27.6505	4.99686	8.44576e-05
2.71986	21.856	4.99602	8.02843e-05
4.97956	24.7062	4.99723	8.17791e-05
1.8995	24.7062	4.99787	8.23415e-05
14.001	23.9462	4.98876	7.90989e-05
11.4404	21.3083	4.98733	7.83428e-05
14.6026	21.856	4.9822	7.77928e-05
13.1107	27.6505	4.98988	8.29277e-05
10.9756	24.1362	4.99305	8.00738e-05
14.001	23.9462	4.98876	7.90989e-05
8.66123	21.856	4.99232	7.92296e-05
5.62671	21.6734	4.99447	7.96975e-05
6.52038	19.1174	4.98817	7.84193e-05
12.2064	19.1174	4.97605	7.73039e-05
11.4404	21.3083	4.98733	7.83428e-05
9.3634	19.1174	4.98333	7.79063e-05
8.05963	24.7062	4.99581	8.11927e-05
5.62671	21.6734	4.99447	7.96975e-05
8.66123	21.856	4.99232	7.92296e-05
44.3095	21.856	4.99324	7.78088e-05
41.2294	22.236	4.99106	7.71795e-05
43.4158	19.3	4.98588	7.67787e-05
45.7731	27.8393	4.99591	8.02373e-05
45.0204	24.7062	4.99602	7.89105e-05
48.1005	24.7062	4.99679	7.93633e-05
38.8603	24.7062	4.99048	7.71529e-05
36.8893	27.6505	4.9839	7.75455e-05
35.7802	24.7062	4.98193	7.61172e-05
45.7731	27.8393	4.99591	8.02373e-05
42.7675	28.0281	4.99393	7.96294e-05
45.0204	24.7062	4.99602	7.89105e-05
43.2329	30.6708	4.99009	8.12702e-05
46.2478	30.8632	4.99303	8.20558e-05
43.5196	33.7485	4.9765	8.52345e-05
40.433	33.7485	4.96873	8.58863e-05
43.2329	30.6708	4.99009	8.12702e-05
43.5196	33.7485	4.9765	8.52345e-05
42.7675	28.0281	4.99393	7.96294e-05
45.7731	27.8393	4.99591	8.02373e-05
43.2329	30.6708	4.99009	8.12702e-05
41.9404	24.7062	4.99409	7.81416e-05
42.7675	28.0281	4.99393	7.96294e-05
39.9888	27.0985	4.99139	7.83661e-05
45.7731	27.8393	4.99591	8.02373e-05
46.2478	30.8632	4.99303	8.20558e-05
43.2329	30.6708	4.99009	8.12702e-05
8.69678	14.0413	4.93332	7.66622e-05
5.97957	14.0413	4.95459	7.70215e-05
7.31021	11.7351	4.88826	7.6419e-05
10.1618	16.5071	4.96245	7.69689e-05
8.69678	14.0413	4.93332	7.66622e-05
11.414	14.0413	4.91238	7.62291e-05
7.464	16.5071	4.97263	7.74274e-05
4.76616	16.5071	4.98059	7.78161e-05
5.97957	14.0413	4.95459	7.70215e-05
10.1618	16.5071	4.96245	7.69689e-05
7.464	16.5071	4.97263	7.74274e-05
8.69678	14.0413	4.93332	7.66622e-05
10.1618	16.5071	4.96245	7.69689e-05
9.3634	19.1174	4.98333	7.79063e-05
7.464	16.5071	4.97263	7.74274e-05
9.42308	36.8646	4.97908	0.000137406
9.49534	33.1714	4.9873	0.0001006
12.7112	34.5275	4.9598	0.000108932
12.5	40	4.93132	0.000218459
9.36058	39.4121	4.97813	0.000197982
12.5385	36.8646	4.93735	0.00013663
9.36058	39.4121	4.97813	0.000197982
6.30769	36.8646	4.99254	0.000133652
9.42308	36.8646	4.97908	0.000137406
3.19231	36.8646	4.99697	0.000131812
3.40821	33.9432	4.99755	0.000104177
6.30769	36.8646	4.99254	0.000133652
0.076922	36.8646	4.99799	0.000129815
3.19231	36.8646	4.99697	0.000131812
3.125	40	4.99666	0.000204493
0.076922	36.8646	4.99799	0.000129815
0.307214	33.7485	4.99833	0.00010285
3.19231	36.8646	4.99697	0.000131812
6.70061	30.2933	4.99629	8.95074e-05
9.80591	30.6708	4.99112	9.04519e-05
9.49534	33.1714	4.9873	0.0001006
2.71986	21.856	4.99602	8.02843e-05
5.62671	21.6734	4.99447	7.96975e-05
4.97956	24.7062	4.99723	8.17791e-05
18.0114	27.1222	4.97948	8.027e-05
15.7173	29.727	4.97704	8.52402e-05
15.2052	26.1784	4.9877	8.04863e-05
43.5196	33.7485	4.9765	8.52345e-05
40.5769	36.8646	4.9136	9.94821e-05
40.433	33.7485	4.96873	8.58863e-05
49.9231	36.8646	4.97481	9.51603e-05
46.8029	37.0605	4.96723	9.46041e-05
49.6928	33.7485	4.98858	8.57511e-05
43.75	40	4.86497	0.000123448
40.625	40	0.221963	0.000133477
43.6827	37.2565	4.93135	9.78409e-05
13.1107	27.6505	4.98988	8.29277e-05
15.7173	29.727	4.97704	8.52402e-05
12.8447	30.6708	4.98249	8.88353e-05
10.9756	24.1362	4.99305	8.00738e-05
13.1107	27.6505	4.98988	8.29277e-05
10.1383	27.6505	4.99426	8.38926e-05
15.2052	26.1784	4.9877	8.04863e-05
17.2998	24.7062	4.98409	7.84964e-05
18.0114	27.1222	4.97948	8.027e-05
14.001	23.9462	4.98876	7.90989e-05
15.2052	26.1784	4.9877	8.04863e-05
13.1107	27.6505	4.98988	8.29277e-05
14.001	23.9462	4.98876	7.90989e-05
17.2998	24.7062	4.98409	7.84964e-05
15.2052	26.1784	4.9877	8.04863e-05
46.6062	33.7485	4.98626	8.53577e-05
43.6827	37.2565	4.93135	9.78409e-05
43.5196	33.7485	4.9765	8.52345e-05
50	40	4.95854	0.000115505
46.8029	37.0605	4.96723	9.46041e-05
49.9231	36.8646	4.97481	9.51603e-05
46.8798	40.196	4.93379	0.000125643
43.75	40	4.86497	0.000123448
46.8029	37.0605	4.96723	9.46041e-05
21.9014	39.3141	0.23411	0.00018476
21.9183	41.7637	4.83987	0.000314518
18.7981	41.9596	0.229322	0.000321433
25	40	4.86498	0.000187851
21.9014	39.3141	0.23411	0.00018476
21.8846	36.8646	4.80041	0.000127908
25	40	4.86498	0.000187851
21.9183	41.7637	4.83987	0.000314518
21.9014	39.3141	0.23411	0.00018476
22.0142	44.8882	4.89454	0.00070632
18.7981	41.9596	0.229322	0.000321433
21.9183	41.7637	4.83987	0.000314518
3.69504	30.482	4.99806	9.03257e-05
3.40821	33.9432	4.99755	0.000104177
0.68946	30.6708	4.99857	9.12043e-05
1.22131	27.6505	4.99849	8.55713e-05
3.69504	30.482	4.99806	9.03257e-05
0.68946	30.6708	4.99857	9.12043e-05
6.70061	30.2933	4.99629	8.95074e-05
6.43263	33.3637	4.99495	0.000100779
3.69504	30.482	4.99806	9.03257e-05
43.5196	33.7485	4.9765	8.52345e-05
43.6827	37.2565	4.93135	9.78409e-05
40.5769	36.8646	4.9136	9.94821e-05
40.1941	30.6708	4.98567	8.049e-05
43.2329	30.6708	4.99009	8.12702e-05
40.433	33.7485	4.96873	8.58863e-05
46.6062	33.7485	4.98626	8.53577e-05
49.6928	33.7485	4.98858	8.57511e-05
46.8029	37.0605	4.96723	9.46041e-05
46.2478	30.8632	4.99303	8.20558e-05
46.6062	33.7485	4.98626	8.53577e-05
43.5196	33.7485	4.9765	8.52345e-05
46.2478	30.8632	4.99303	8.20558e-05
49.3105	30.6708	4.99422	8.22279e-05
46.6062	33.7485	4.98626	8.53577e-05
46.8798	40.196	4.93379	0.000125643
46.8029	37.0605	4.96723	9.46041e-05
50	40	4.95854	0.000115505
9.4375	42.5475	4.982	0.000397062
6.24038	39.6081	4.99228	0.000193908
9.36058	39.4121	4.97813	0.000197982
9.49534	33.1714	4.9873	0.0001006
9.80591	30.6708	4.99112	9.04519e-05
12.8447	30.6708	4.98249	8.88353e-05
12.5385	36.8646	4.93735	0.00013663
9.42308	36.8646	4.97908	0.000137406
12.7112	34.5275	4.9598	0.000108932
6.43263	33.3637	4.99495	0.000100779
6.70061	30.2933	4.99629	8.95074e-05
9.49534	33.1714	4.9873	0.0001006
4.19365	27.6505	4.99808	8.50051e-05
4.97956	24.7062	4.99723	8.17791e-05
7.16598	27.6505	4.99686	8.44576e-05
1.22131	27.6505	4.99849	8.55713e-05
4.19365	27.6505	4.99808	8.50051e-05
3.69504	30.482	4.99806	9.03257e-05
1.22131	27.6505	4.99849	8.55713e-05
1.8995	24.7062	4.99787	8.23415e-05
4.19365	27.6505	4.99808	8.50051e-05
6.70061	30.2933	4.99629	8.95074e-05
4.19365	27.6505	4.99808	8.50051e-05
7.16598	27.6505	4.99686	8.44576e-05
18.7229	29.5382	4.9616	8.34663e-05
22.0277	27.6505	4.96709	7.84938e-05
21.9612	30.6708	4.91908	8.37001e-05
14.3285	32.6965	4.959	9.66753e-05
12.8447	30.6708	4.98249	8.88353e-05
15.7173	29.727	4.97704	8.52402e-05
18.6835	32.5943	4.91485	9.28539e-05
14.3285	32.6965	4.959	9.66753e-05
15.7173	29.727	4.97704	8.52402e-05
15.8122	34.7222	4.90226	0.000107834
12.7112	34.5275	4.9598	0.000108932
14.3285	32.6965	4.959	9.66753e-05
18.0114	27.1222	4.97948	8.027e-05
20.3799	24.7062	4.97641	7.7309e-05
22.0277	27.6505	4.96709	7.84938e-05
3.40821	33.9432	4.99755	0.000104177
3.69504	30.482	4.99806	9.03257e-05
6.43263	33.3637	4.99495	0.000100779
46.8077	43.1354	4.9106	0.000184578
43.6923	43.1354	0.237963	0.000200684
46.8798	40.196	4.93379	0.000125643
49.9231	43.1354	4.94771	0.000176634
46.8077	43.1354	4.9106	0.000184578
46.8798	40.196	4.93379	0.000125643
46.2717	49.3292	4.95683	0.000701982
49.3105	49.3292	4.96652	0.000612086
48.7787	52.3495	4.96503	0.00137154
43.5196	46.2515	4.87272	0.000377296
46.2717	49.3292	4.95683	0.000701982
43.2329	49.3292	4.92886	0.000836835
40.433	46.2515	4.79424	0.000442181
43.5196	46.2515	4.87272	0.000377296
43.2329	49.3292	4.92886	0.000836835
43.6923	43.1354	0.237963	0.000200684
46.8077	43.1354	4.9106	0.000184578
46.6062	46.2515	4.93161	0.000329605
46.6062	46.2515	4.93161	0.000329605
49.3105	49.3292	4.96652	0.000612086
46.2717	49.3292	4.95683	0.000701982
6.30769	36.8646	4.99254	0.000133652
6.43263	33.3637	4.99495	0.000100779
9.42308	36.8646	4.97908	0.000137406
3.125	40	4.99666	0.000204493
3.19231	36.8646	4.99697	0.000131812
6.24038	39.6081	4.99228	0.000193908
3.40821	33.9432	4.99755	0.000104177
6.43263	33.3637	4.99495	0.000100779
6.30769	36.8646	4.99254	0.000133652
0.307214	33.7485	4.99833	0.00010285
3.40821	33.9432	4.99755	0.000104177
3.19231	36.8646	4.99697	0.000131812
0.307214	33.7485	4.99833	0.00010285
0.68946	30.6708	4.99857	9.12043e-05
3.40821	33.9432	4.99755	0.000104177
