25	30.6708	4.92025	6.55454e-05
28.0866	33.7485	4.90111	7.36229e-05
25.1151	35.3065	0.247053	8.68986e-05
22.0277	27.6505	4.96723	6.27388e-05
25	30.6708	4.92025	6.55454e-05
21.9612	30.6708	4.91959	6.78804e-05
26.689	28.4246	4.95587	6.19423e-05
28.269	26.3624	4.95247	6.02388e-05
30.7452	28.7831	4.9489	6.19495e-05
25	30.6708	4.92025	6.55454e-05
26.689	28.4246	4.95587	6.19423e-05
28.0388	30.6708	4.94631	6.51586e-05
25.3391	26.1784	4.96825	6.06837e-05
28.269	26.3624	4.95247	6.02388e-05
26.689	28.4246	4.95587	6.19423e-05
28.0388	30.6708	4.94631	6.51586e-05
30.9343	31.8249	4.95221	6.56585e-05
28.0866	33.7485	4.90111	7.36229e-05
22.0277	27.6505	4.96723	6.27388e-05
26.689	28.4246	4.95587	6.19423e-05
25	30.6708	4.92025	6.55454e-05
30.7452	28.7831	4.9489	6.19495e-05
30.9343	31.8249	4.95221	6.56585e-05
28.0388	30.6708	4.94631	6.51586e-05
26.689	28.4246	4.95587	6.19423e-05
30.7452	28.7831	4.9489	6.19495e-05
28.0388	30.6708	4.94631	6.51586e-05
26.1025	23.1861	4.96771	5.95273e-05
28.269	26.3624	4.95247	6.02388e-05
25.3391	26.1784	4.96825	6.06837e-05
29.1279	22.9961	4.95996	5.92769e-05
32.7002	24.7062	4.95611	5.98211e-05
31.199	26.5464	0.346587	6.12944e-05
33.7508	28.5944	4.96446	6.16364e-05
30.9343	31.8249	4.95221	6.56585e-05
30.7452	28.7831	4.9489	6.19495e-05
31.199	26.5464	0.346587	6.12944e-05
33.7508	28.5944	4.96446	6.16364e-05
30.7452	28.7831	4.9489	6.19495e-05
37.4615	36.8646	4.86457	7.36211e-05
40.433	33.7485	4.96947	6.99795e-05
40.5769	36.8646	4.90888	8.06967e-05
36.8893	27.6505	4.98384	6.16899e-05
37.1553	30.6708	4.97865	6.43342e-05
33.7508	28.5944	4.96446	6.16364e-05
36.8893	27.6505	4.98384	6.16899e-05
39.9888	27.0985	4.99128	6.21711e-05
40.1941	30.6708	4.9868	6.47305e-05
34.9506	19.1174	4.96896	5.93022e-05
34.4425	16.5071	4.93418	5.89282e-05
37.1403	16.5071	4.93869	5.92332e-05
38.204	22.4261	4.98749	6.04621e-05
35.1786	22.6161	4.98035	5.98447e-05
36.4861	20.8667	4.97916	5.98223e-05
32.1075	19.1174	4.9642	5.89797e-05
28.8815	20.2128	4.96032	5.89343e-05
28.6113	17.5512	4.93332	5.87344e-05
38.204	22.4261	4.98749	6.04621e-05
35.7802	24.7062	4.98181	6.03521e-05
35.1786	22.6161	4.98035	5.98447e-05
32.7002	24.7062	4.95611	5.98211e-05
29.1279	22.9961	4.95996	5.92769e-05
32.4267	21.856	4.9721	5.93168e-05
45.7731	27.8393	4.99578	6.35584e-05
48.1005	24.7062	4.99674	6.27844e-05
48.7787	27.6505	4.99652	6.38064e-05
38.8603	24.7062	4.99039	6.11274e-05
41.2294	22.236	4.99099	6.10789e-05
41.9404	24.7062	4.99401	6.18551e-05
38.8603	24.7062	4.99039	6.11274e-05
38.204	22.4261	4.98749	6.04621e-05
41.2294	22.236	4.99099	6.10789e-05
36.8893	27.6505	4.98384	6.16899e-05
38.8603	24.7062	4.99039	6.11274e-05
39.9888	27.0985	4.99128	6.21711e-05
35.7802	24.7062	4.98181	6.03521e-05
38.204	22.4261	4.98749	6.04621e-05
38.8603	24.7062	4.99039	6.11274e-05
33.7508	28.5944	4.96446	6.16364e-05
35.7802	24.7062	4.98181	6.03521e-05
36.8893	27.6505	4.98384	6.16899e-05
32.7002	24.7062	4.95611	5.98211e-05
32.4267	21.856	4.9721	5.93168e-05
35.1786	22.6161	4.98035	5.98447e-05
37.7936	19.1174	4.9731	5.97492e-05
40.5089	19.4825	4.98124	6.03125e-05
38.204	22.4261	4.98749	6.04621e-05
35.1786	22.6161	4.98035	5.98447e-05
32.4267	21.856	4.9721	5.93168e-05
34.9506	19.1174	4.96896	5.93022e-05
36.4861	20.8667	4.97916	5.98223e-05
35.1786	22.6161	4.98035	5.98447e-05
34.9506	19.1174	4.96896	5.93022e-05
37.7936	19.1174	4.9731	5.97492e-05
36.4861	20.8667	4.97916	5.98223e-05
34.9506	19.1174	4.96896	5.93022e-05
37.7936	19.1174	4.9731	5.97492e-05
38.204	22.4261	4.98749	6.04621e-05
36.4861	20.8667	4.97916	5.98223e-05
35.7802	24.7062	4.98181	6.03521e-05
32.7002	24.7062	4.95611	5.98211e-05
35.1786	22.6161	4.98035	5.98447e-05
33.7508	28.5944	4.96446	6.16364e-05
32.7002	24.7062	4.95611	5.98211e-05
35.7802	24.7062	4.98181	6.03521e-05
29.1279	22.9961	4.95996	5.92769e-05
28.8815	20.2128	4.96032	5.89343e-05
32.4267	21.856	4.9721	5.93168e-05
37.1403	16.5071	4.93869	5.92332e-05
39.693	16.8552	4.95592	5.96378e-05
37.7936	19.1174	4.9731	5.97492e-05
44.3095	21.856	4.99317	6.1547e-05
47.2801	21.856	4.99482	6.19104e-05
45.0204	24.7062	4.99595	6.24312e-05
41.9404	24.7062	4.99401	6.18551e-05
44.3095	21.856	4.99317	6.1547e-05
45.0204	24.7062	4.99595	6.24312e-05
43.4158	19.3	4.98581	6.07559e-05
46.3226	19.1174	4.98923	6.10808e-05
44.3095	21.856	4.99317	6.1547e-05
28.0866	46.2515	4.88426	0.000963579
31.0776	49.3292	4.835	0.00225009
28.0388	49.3292	4.88431	0.00251063
25	43.1354	4.89994	0.000396479
28.1154	43.1354	4.84726	0.000394135
28.0866	46.2515	4.88426	0.000963579
37.3464	46.2515	0.158935	0.000558637
34.3294	43.6157	0.109532	0.000327388
37.5191	43.9145	0.134726	0.00029635
31.226	43.7137	0.174004	0.000413123
31.2788	41.1758	0.141589	0.000195298
34.3294	43.6157	0.109532	0.000327388
28.0866	46.2515	4.88426	0.000963579
31.226	43.7137	0.174004	0.000413123
31.1732	46.2515	4.77387	0.000888187
28.1154	43.1354	4.84726	0.000394135
31.2788	41.1758	0.141589	0.000195298
31.226	43.7137	0.174004	0.000413123
25	46.2515	4.91353	0.00100588
25	43.1354	4.89994	0.000396479
28.0866	46.2515	4.88426	0.000963579
28.125	40	4.81311	0.000167105
31.2788	41.1758	0.141589	0.000195298
28.1154	43.1354	4.84726	0.000394135
28.125	40	4.81311	0.000167105
31.2019	38.0404	0.157631	7.93182e-05
31.2788	41.1758	0.141589	0.000195298
31.2019	38.0404	0.157631	7.93182e-05
34.399	40.9798	0.0986958	0.000141681
31.2788	41.1758	0.141589	0.000195298
28.0866	33.7485	4.90111	7.36229e-05
31.3171	35.696	4.83138	6.61039e-05
28.1154	36.8646	4.83417	9.31558e-05
37.3464	33.7485	4.95334	6.82069e-05
37.1553	30.6708	4.97865	6.43342e-05
40.1941	30.6708	4.9868	6.47305e-05
37.4615	36.8646	4.86457	7.36211e-05
37.3464	33.7485	4.95334	6.82069e-05
40.433	33.7485	4.96947	6.99795e-05
37.4615	36.8646	4.86457	7.36211e-05
34.3221	37.8444	0.169643	6.37451e-05
34.1596	34.7385	4.8882	6.29522e-05
34.1596	34.7385	4.8882	6.29522e-05
33.997	31.6326	4.95981	6.43994e-05
37.3464	33.7485	4.95334	6.82069e-05
31.3171	35.696	4.83138	6.61039e-05
34.1596	34.7385	4.8882	6.29522e-05
34.3221	37.8444	0.169643	6.37451e-05
31.3171	35.696	4.83138	6.61039e-05
30.9343	31.8249	4.95221	6.56585e-05
34.1596	34.7385	4.8882	6.29522e-05
30.9343	31.8249	4.95221	6.56585e-05
33.7508	28.5944	4.96446	6.16364e-05
33.997	31.6326	4.95981	6.43994e-05
40.433	46.2515	4.79473	0.000423096
40.6201	43.7197	0.183972	0.00023751
43.5196	46.2515	4.87288	0.000359229
46.8029	37.0605	4.96719	7.77947e-05
43.75	40	4.86502	0.000106811
43.6827	37.2565	4.93219	8.18315e-05
49.9231	43.1354	4.94765	0.000158224
46.8798	40.196	4.93369	0.000107545
50	40	4.95845	9.84248e-05
49.9231	43.1354	4.94765	0.000158224
49.6928	46.2515	4.95581	0.000284016
46.8077	43.1354	4.91055	0.000166307
25	43.1354	4.89994	0.000396479
25	46.2515	4.91353	0.00100588
22.0142	44.8882	4.89518	0.000727927
25	40	4.86343	0.000169291
25	43.1354	4.89994	0.000396479
21.9183	41.7637	4.84039	0.000302788
25	40	4.86343	0.000169291
28.1154	43.1354	4.84726	0.000394135
25	43.1354	4.89994	0.000396479
31.2019	38.0404	0.157631	7.93182e-05
28.125	40	4.81311	0.000167105
28.1154	36.8646	4.83417	9.31558e-05
28.1154	43.1354	4.84726	0.000394135
31.226	43.7137	0.174004	0.000413123
28.0866	46.2515	4.88426	0.000963579
18.7981	41.9596	0.229238	0.000305106
15.601	39.0202	0.242125	0.000165913
18.7212	38.8242	0.20428	0.000155801
17.2523	44.2036	4.8851	0.000649246
15.7402	46.2515	4.93851	0.00118779
14.1489	44.3016	4.94311	0.000658275
18.7981	41.9596	0.229238	0.000305106
17.2523	44.2036	4.8851	0.000649246
15.6779	42.1556	4.87305	0.000359904
18.8268	46.2515	4.90748	0.00109788
15.7402	46.2515	4.93851	0.00118779
17.2523	44.2036	4.8851	0.000649246
21.7462	47.598	4.88759	0.00175603
18.8268	46.2515	4.90748	0.00109788
22.0142	44.8882	4.89518	0.000727927
21.7462	47.598	4.88759	0.00175603
18.9224	49.3292	4.87498	0.00300511
18.8268	46.2515	4.90748	0.00109788
15.6779	42.1556	4.87305	0.000359904
15.601	39.0202	0.242125	0.000165913
18.7981	41.9596	0.229238	0.000305106
18.8268	46.2515	4.90748	0.00109788
17.2523	44.2036	4.8851	0.000649246
18.7981	41.9596	0.229238	0.000305106
14.1489	44.3016	4.94311	0.000658275
12.6536	46.2515	4.96891	0.0010444
12.5577	42.3516	4.95111	0.000359376
15.6779	42.1556	4.87305	0.000359904
14.1489	44.3016	4.94311	0.000658275
12.5577	42.3516	4.95111	0.000359376
15.7402	46.2515	4.93851	0.00118779
12.6536	46.2515	4.96891	0.0010444
14.1489	44.3016	4.94311	0.000658275
12.7118	50.0843	4.96263	0.00336066
12.6536	46.2515	4.96891	0.0010444
15.8835	49.3292	4.93614	0.00286226
16.083	52.3495	4.89542	0.00717876
13.1107	52.3495	4.94437	0.00634583
15.8835	49.3292	4.93614	0.00286226
18.9224	49.3292	4.87498	0.00300511
16.083	52.3495	4.89542	0.00717876
15.8835	49.3292	4.93614	0.00286226
13.1107	52.3495	4.94437	0.00634583
10.6893	54.7417	4.92798	0.0107229
10.1383	52.3495	4.96148	0.00572587
15.8835	49.3292	4.93614	0.00286226
13.1107	52.3495	4.94437	0.00634583
12.7118	50.0843	4.96263	0.00336066
14.2198	55.2938	4.89519	0.0149352
10.6893	54.7417	4.92798	0.0107229
13.1107	52.3495	4.94437	0.00634583
17.0264	56.2438	4.83676	0.0243139
14.2198	55.2938	4.89519	0.0149352
16.083	52.3495	4.89542	0.00717876
17.2808	59.0298	4.73014	0.0596463
17.5295	61.7527	0.0817297	4.56319
15.0494	60.8826	0.108615	0.0580766
17.0264	56.2438	4.83676	0.0243139
17.2808	59.0298	4.73014	0.0596463
14.6026	58.144	4.78587	0.0306911
17.0264	56.2438	4.83676	0.0243139
20.0518	56.4338	4.77067	0.0282674
17.2808	59.0298	4.73014	0.0596463
7.16598	52.3495	4.96972	0.00568113
8.05963	55.2938	4.92437	0.0131212
4.92487	55.4838	4.93212	0.0155065
6.76709	49.3292	4.98633	0.00234141
7.16598	52.3495	4.96972	0.00568113
4.19365	52.3495	4.9753	0.00564334
10.1383	52.3495	4.96148	0.00572587
8.05963	55.2938	4.92437	0.0131212
7.16598	52.3495	4.96972	0.00568113
12.7118	50.0843	4.96263	0.00336066
10.1383	52.3495	4.96148	0.00572587
9.70619	49.8955	4.97755	0.00289673
10.6893	54.7417	4.92798	0.0107229
8.05963	55.2938	4.92437	0.0131212
10.1383	52.3495	4.96148	0.00572587
12.5577	42.3516	4.95111	0.000359376
12.5	40	4.93111	0.000197873
15.6779	42.1556	4.87305	0.000359904
9.61019	45.6673	4.98576	0.000818026
12.5577	42.3516	4.95111	0.000359376
12.6536	46.2515	4.96891	0.0010444
9.61019	45.6673	4.98576	0.000818026
6.31731	42.7435	4.99279	0.000360564
9.4375	42.5475	4.98179	0.000372913
-3.10282e-28	40	4.99768	0.000192427
3.125	40	4.99667	0.000185186
3.19711	42.9395	4.99624	0.000377304
-3.10282e-28	40	4.99768	0.000192427
0.076922	36.8646	4.99801	0.000111175
3.125	40	4.99667	0.000185186
46.6062	46.2515	4.93153	0.000311025
46.2717	49.3292	4.95679	0.000682983
43.5196	46.2515	4.87288	0.000359229
43.6923	43.1354	0.238359	0.00018279
46.6062	46.2515	4.93153	0.000311025
43.5196	46.2515	4.87288	0.000359229
49.6928	46.2515	4.95581	0.000284016
49.3105	49.3292	4.96651	0.000593024
46.6062	46.2515	4.93153	0.000311025
27.4517	72.3429	0.00260327	0.0232285
25	72.3429	0.00263167	0.0284395
27.0253	69.2491	0.00562033	0.0528852
24.7277	76.3587	0.000979749	0.00958246
26.189	74.0896	0.00167016	0.0159437
27.2733	75.6267	0.00115051	0.0100312
24.7277	76.3587	0.000979749	0.00958246
23.0327	74.7883	0.00145269	0.0162025
26.189	74.0896	0.00167016	0.0159437
23.0339	79.8761	0.000678996	0.0063779
21.0802	79.5053	0.000774526	0.00732274
21.6827	78.0345	0.000812328	0.00785738
19.6759	76.9444	0.00101562	0.00943647
19.0551	74.0896	0.00190055	0.0185305
21.4331	74.0896	0.00178318	0.0205323
19.6759	76.9444	0.00101562	0.00943647
18.1801	75.6267	0.0014278	0.0124489
19.0551	74.0896	0.00190055	0.0185305
21.4331	74.0896	0.00178318	0.0205323
23.0327	74.7883	0.00145269	0.0162025
22.3999	76.5052	0.0010131	0.0105118
20.0967	72.3429	0.00294011	0.0347774
22.5483	72.3429	0.00278144	0.0372651
21.4331	74.0896	0.00178318	0.0205323
16.5527	73.7985	0.00221932	0.0159033
17.645	72.3429	0.00308278	0.0239084
19.0551	74.0896	0.00190055	0.0185305
19.193	69.7412	0.00638369	0.0608077
21.8037	69.5771	0.00590753	4.49285
20.0967	72.3429	0.00294011	0.0347774
21.8037	69.5771	0.00590753	4.49285
23.75	70.3973	0.00455042	0.0566186
22.5483	72.3429	0.00278144	0.0372651
21.6827	78.0345	0.000812328	0.00785738
19.1515	78.89	0.000889967	0.00806101
19.6759	76.9444	0.00101562	0.00943647
22.3999	76.5052	0.0010131	0.0105118
19.6759	76.9444	0.00101562	0.00943647
21.4331	74.0896	0.00178318	0.0205323
22.3999	76.5052	0.0010131	0.0105118
21.6827	78.0345	0.000812328	0.00785738
19.6759	76.9444	0.00101562	0.00943647
24.7277	76.3587	0.000979749	0.00958246
22.3999	76.5052	0.0010131	0.0105118
23.0327	74.7883	0.00145269	0.0162025
24.7277	76.3587	0.000979749	0.00958246
24.9752	78.5234	0.000703976	0.00643479
23.329	78.279	0.000746894	0.00715189
21.0802	79.5053	0.000774526	0.00732274
19.1515	78.89	0.000889967	0.00806101
21.6827	78.0345	0.000812328	0.00785738
25	80	0.000663058	0.00598561
24.9752	78.5234	0.000703976	0.00643479
26.9661	79.8761	0.000651577	0.00548744
19.6759	76.9444	0.00101562	0.00943647
19.1515	78.89	0.000889967	0.00806101
17.2597	78.0345	0.00110641	0.00925587
28.3173	78.0345	0.00076002	0.0060703
30.8485	78.89	0.000838268	0.00593375
28.9198	79.5053	0.000726952	0.00566586
18.1801	75.6267	0.0014278	0.0124489
19.6759	76.9444	0.00101562	0.00943647
17.2597	78.0345	0.00110641	0.00925587
15.4167	76.9444	0.00142038	0.0104159
18.1801	75.6267	0.0014278	0.0124489
17.2597	78.0345	0.00110641	0.00925587
23.0327	74.7883	0.00145269	0.0162025
21.4331	74.0896	0.00178318	0.0205323
22.5483	72.3429	0.00278144	0.0372651
15.4167	76.9444	0.00142038	0.0104159
16.5527	73.7985	0.00221932	0.0159033
18.1801	75.6267	0.0014278	0.0124489
20.0967	72.3429	0.00294011	0.0347774
21.8037	69.5771	0.00590753	4.49285
22.5483	72.3429	0.00278144	0.0372651
15.4167	76.9444	0.00142038	0.0104159
13.6336	75.6267	0.00216536	0.0133385
14.237	73.9441	0.00252924	0.0150698
29.3832	76.0659	0.00107664	0.0082716
31.3712	77.1646	0.00100688	0.00688718
28.3173	78.0345	0.00076002	0.0060703
31.9219	75.3472	0.00137488	0.00910126
34.5833	76.9444	0.00134057	0.00780008
32.7403	78.0345	0.0010176	0.00657828
14.237	73.9441	0.00252924	0.0150698
11.9212	74.0896	0.0032015	0.0169383
12.7417	72.3429	0.00394066	0.0195726
11.25	70.3973	0.00693675	0.0301108
12.7417	72.3429	0.00394066	0.0195726
10.2901	72.3429	0.00523597	0.0246529
17.645	72.3429	0.00308278	0.0239084
16.5527	73.7985	0.00221932	0.0159033
15.1934	72.3429	0.00335931	0.0192801
19.193	69.7412	0.00638369	0.0608077
17.645	72.3429	0.00308278	0.0239084
16.25	70.3973	0.0055366	0.0299453
20.0967	72.3429	0.00294011	0.0347774
19.0551	74.0896	0.00190055	0.0185305
17.645	72.3429	0.00308278	0.0239084
19.0551	74.0896	0.00190055	0.0185305
18.1801	75.6267	0.0014278	0.0124489
16.5527	73.7985	0.00221932	0.0159033
32.355	72.3429	0.0027557	0.0181422
34.8066	72.3429	0.00313217	0.0171322
33.3228	74.0896	0.00190953	0.0115485
33.3228	74.0896	0.00190953	0.0115485
31.9219	75.3472	0.00137488	0.00910126
30.9297	73.8705	0.00181493	0.0130658
35.7008	74.0896	0.00234162	0.0123473
33.3228	74.0896	0.00190953	0.0115485
34.8066	72.3429	0.00313217	0.0171322
34.5833	76.9444	0.00134057	0.00780008
31.9219	75.3472	0.00137488	0.00910126
33.3228	74.0896	0.00190953	0.0115485
17.4187	68.2649	0.0102968	0.0575376
14.8915	68.2649	0.0103678	0.0393766
16.8484	65.9587	0.020403	0.0766027
16.25	70.3973	0.0055366	0.0299453
13.513	70.6966	0.00547965	0.0243437
14.8915	68.2649	0.0103678	0.0393766
19.193	69.7412	0.00638369	0.0608077
16.25	70.3973	0.0055366	0.0299453
17.4187	68.2649	0.0102968	0.0575376
15.1934	72.3429	0.00335931	0.0192801
14.237	73.9441	0.00252924	0.0150698
12.7417	72.3429	0.00394066	0.0195726
17.645	72.3429	0.00308278	0.0239084
15.1934	72.3429	0.00335931	0.0192801
16.25	70.3973	0.0055366	0.0299453
16.5527	73.7985	0.00221932	0.0159033
14.237	73.9441	0.00252924	0.0150698
15.1934	72.3429	0.00335931	0.0192801
12.7417	72.3429	0.00394066	0.0195726
11.25	70.3973	0.00693675	0.0301108
13.513	70.6966	0.00547965	0.0243437
8.74996	70.3973	0.00916921	0.0422465
11.25	70.3973	0.00693675	0.0301108
10.2901	72.3429	0.00523597	0.0246529
12.3644	68.2649	0.0112454	0.0396687
13.846	66.4528	0.0183231	0.0461242
14.8915	68.2649	0.0103678	0.0393766
9.83732	68.2649	0.0130827	0.059971
12.3644	68.2649	0.0112454	0.0396687
11.25	70.3973	0.00693675	0.0301108
9.83732	68.2649	0.0130827	0.059971
11.414	65.9587	0.0226109	0.059684
12.3644	68.2649	0.0112454	0.0396687
9.83732	68.2649	0.0130827	0.059971
11.25	70.3973	0.00693675	0.0301108
8.74996	70.3973	0.00916921	0.0422465
14.8915	68.2649	0.0103678	0.0393766
13.513	70.6966	0.00547965	0.0243437
12.3644	68.2649	0.0112454	0.0396687
15.1934	72.3429	0.00335931	0.0192801
12.7417	72.3429	0.00394066	0.0195726
13.513	70.6966	0.00547965	0.0243437
15.4167	76.9444	0.00142038	0.0104159
14.237	73.9441	0.00252924	0.0150698
16.5527	73.7985	0.00221932	0.0159033
13.6336	75.6267	0.00216536	0.0133385
11.9212	74.0896	0.0032015	0.0169383
14.237	73.9441	0.00252924	0.0150698
11.9212	74.0896	0.0032015	0.0169383
10.2901	72.3429	0.00523597	0.0246529
12.7417	72.3429	0.00394066	0.0195726
7.31021	68.2649	0.017024	0.0895462
9.83732	68.2649	0.0130827	0.059971
8.74996	70.3973	0.00916921	0.0422465
7.31021	68.2649	0.017024	0.0895462
5.97957	65.9587	0.033934	4.60757
8.78345	65.7825	0.0274462	4.53896
28.3173	78.0345	0.00076002	0.0060703
28.9198	79.5053	0.000726952	0.00566586
26.9661	79.8761	0.000651577	0.00548744
31.3712	77.1646	0.00100688	0.00688718
31.9219	75.3472	0.00137488	0.00910126
32.7403	78.0345	0.0010176	0.00657828
28.3173	78.0345	0.00076002	0.0060703
31.3712	77.1646	0.00100688	0.00688718
30.8485	78.89	0.000838268	0.00593375
29.3832	76.0659	0.00107664	0.0082716
31.9219	75.3472	0.00137488	0.00910126
31.3712	77.1646	0.00100688	0.00688718
27.2733	75.6267	0.00115051	0.0100312
29.3832	76.0659	0.00107664	0.0082716
28.3173	78.0345	0.00076002	0.0060703
28.5669	74.0896	0.00166594	0.0137232
29.9033	72.3429	0.00262428	0.0209877
30.9297	73.8705	0.00181493	0.0130658
27.2733	75.6267	0.00115051	0.0100312
28.5669	74.0896	0.00166594	0.0137232
29.3832	76.0659	0.00107664	0.0082716
27.2733	75.6267	0.00115051	0.0100312
26.189	74.0896	0.00167016	0.0159437
28.5669	74.0896	0.00166594	0.0137232
26.2439	77.6257	0.000784634	0.00695243
27.2733	75.6267	0.00115051	0.0100312
28.3173	78.0345	0.00076002	0.0060703
26.9661	79.8761	0.000651577	0.00548744
26.2439	77.6257	0.000784634	0.00695243
28.3173	78.0345	0.00076002	0.0060703
24.9752	78.5234	0.000703976	0.00643479
24.7277	76.3587	0.000979749	0.00958246
26.2439	77.6257	0.000784634	0.00695243
31.0572	70.658	0.00411863	0.0324275
30.0542	68.2649	0.00763803	4.39437
32.2468	68.921	0.00666231	0.0439073
31.0572	70.658	0.00411863	0.0324275
28.75	70.3973	0.00433605	0.0392335
30.0542	68.2649	0.00763803	4.39437
33.75	70.3973	0.00481589	0.0265705
31.0572	70.658	0.00411863	0.0324275
32.2468	68.921	0.00666231	0.0439073
29.9033	72.3429	0.00262428	0.0209877
28.75	70.3973	0.00433605	0.0392335
31.0572	70.658	0.00411863	0.0324275
30.9297	73.8705	0.00181493	0.0130658
29.9033	72.3429	0.00262428	0.0209877
32.355	72.3429	0.0027557	0.0181422
33.3228	74.0896	0.00190953	0.0115485
30.9297	73.8705	0.00181493	0.0130658
32.355	72.3429	0.0027557	0.0181422
31.9219	75.3472	0.00137488	0.00910126
29.3832	76.0659	0.00107664	0.0082716
30.9297	73.8705	0.00181493	0.0130658
28.5669	74.0896	0.00166594	0.0137232
26.189	74.0896	0.00167016	0.0159437
27.4517	72.3429	0.00260327	0.0232285
25	72.3429	0.00263167	0.0284395
23.75	70.3973	0.00455042	0.0566186
27.0253	69.2491	0.00562033	0.0528852
26.9661	79.8761	0.000651577	0.00548744
24.9752	78.5234	0.000703976	0.00643479
26.2439	77.6257	0.000784634	0.00695243
27.0253	69.2491	0.00562033	0.0528852
24.3347	67.1118	0.0102517	0.103515
26.9568	67.2765	0.00908395	0.0750492
19.0904	66.7823	0.0153212	0.102951
19.999	65.078	0.0257462	4.62147
22.2828	65.9587	0.0158551	4.62961
17.4187	68.2649	0.0102968	0.0575376
19.0904	66.7823	0.0153212	0.102951
19.193	69.7412	0.00638369	0.0608077
17.4187	68.2649	0.0102968	0.0575376
16.8484	65.9587	0.020403	0.0766027
19.0904	66.7823	0.0153212	0.102951
27.4517	72.3429	0.00260327	0.0232285
28.75	70.3973	0.00433605	0.0392335
29.9033	72.3429	0.00262428	0.0209877
28.5669	74.0896	0.00166594	0.0137232
27.4517	72.3429	0.00260327	0.0232285
29.9033	72.3429	0.00262428	0.0209877
26.189	74.0896	0.00167016	0.0159437
25	72.3429	0.00263167	0.0284395
27.4517	72.3429	0.00260327	0.0232285
27.0253	69.2491	0.00562033	0.0528852
26.9568	67.2765	0.00908395	0.0750492
30.0542	68.2649	0.00763803	4.39437
27.4517	72.3429	0.00260327	0.0232285
27.0253	69.2491	0.00562033	0.0528852
28.75	70.3973	0.00433605	0.0392335
23.75	70.3973	0.00455042	0.0566186
24.3347	67.1118	0.0102517	0.103515
27.0253	69.2491	0.00562033	0.0528852
34.8233	67.7707	0.010543	0.0459676
37.4455	67.9354	0.0119141	4.34045
36.25	70.3973	0.00559196	0.029886
31.3712	77.1646	0.00100688	0.00688718
32.7403	78.0345	0.0010176	0.00657828
30.8485	78.89	0.000838268	0.00593375
23.329	78.279	0.000746894	0.00715189
22.3999	76.5052	0.0010131	0.0105118
24.7277	76.3587	0.000979749	0.00958246
23.0339	79.8761	0.000678996	0.0063779
23.329	78.279	0.000746894	0.00715189
24.9752	78.5234	0.000703976	0.00643479
21.6827	78.0345	0.000812328	0.00785738
22.3999	76.5052	0.0010131	0.0105118
23.329	78.279	0.000746894	0.00715189
21.6827	78.0345	0.000812328	0.00785738
23.329	78.279	0.000746894	0.00715189
23.0339	79.8761	0.000678996	0.0063779
25	72.3429	0.00263167	0.0284395
26.189	74.0896	0.00167016	0.0159437
23.0327	74.7883	0.00145269	0.0162025
27.2733	75.6267	0.00115051	0.0100312
26.2439	77.6257	0.000784634	0.00695243
24.7277	76.3587	0.000979749	0.00958246
25	80	0.000663058	0.00598561
23.0339	79.8761	0.000678996	0.0063779
24.9752	78.5234	0.000703976	0.00643479
35.7008	74.0896	0.00234162	0.0123473
37.3942	72.4885	0.00380919	0.0182466
38.0788	74.0896	0.00315172	0.0150382
34.5833	76.9444	0.00134057	0.00780008
35.7008	74.0896	0.00234162	0.0123473
36.3664	75.6267	0.00206804	0.0109091
34.8066	72.3429	0.00313217	0.0171322
37.3942	72.4885	0.00380919	0.0182466
35.7008	74.0896	0.00234162	0.0123473
34.5833	76.9444	0.00134057	0.00780008
33.3228	74.0896	0.00190953	0.0115485
35.7008	74.0896	0.00234162	0.0123473
33.75	70.3973	0.00481589	0.0265705
36.25	70.3973	0.00559196	0.029886
34.8066	72.3429	0.00313217	0.0171322
35.7008	74.0896	0.00234162	0.0123473
38.0788	74.0896	0.00315172	0.0150382
36.3664	75.6267	0.00206804	0.0109091
37.4455	67.9354	0.0119141	4.34045
38.75	70.3973	0.00690614	0.0298547
36.25	70.3973	0.00559196	0.029886
39.7099	72.3429	0.00526009	0.0216649
38.0788	74.0896	0.00315172	0.0150382
37.3942	72.4885	0.00380919	0.0182466
36.25	70.3973	0.00559196	0.029886
33.75	70.3973	0.00481589	0.0265705
34.8233	67.7707	0.010543	0.0459676
37.3942	72.4885	0.00380919	0.0182466
36.25	70.3973	0.00559196	0.029886
38.75	70.3973	0.00690614	0.0298547
37.3942	72.4885	0.00380919	0.0182466
34.8066	72.3429	0.00313217	0.0171322
36.25	70.3973	0.00559196	0.029886
15.5575	63.4929	0.0490297	0.0720911
16.8484	65.9587	0.020403	0.0766027
13.846	66.4528	0.0183231	0.0461242
11.414	65.9587	0.0226109	0.059684
12.8597	63.4929	0.0468911	0.051379
13.846	66.4528	0.0183231	0.0461242
15.0494	60.8826	0.108615	0.0580766
17.5295	61.7527	0.0817297	4.56319
15.5575	63.4929	0.0490297	0.0720911
15.5575	63.4929	0.0490297	0.0720911
17.5295	61.7527	0.0817297	4.56319
16.8484	65.9587	0.020403	0.0766027
11.6319	58.144	4.78824	0.0240106
14.6026	58.144	4.78587	0.0306911
12.3979	60.3349	0.124825	0.0372869
14.6026	58.144	4.78587	0.0306911
17.2808	59.0298	4.73014	0.0596463
15.0494	60.8826	0.108615	0.0580766
20.363	63.0044	0.0490921	4.62911
19.999	65.078	0.0257462	4.62147
17.5295	61.7527	0.0817297	4.56319
20.7355	60.8826	0.0922445	4.55334
20.363	63.0044	0.0490921	4.62911
17.5295	61.7527	0.0817297	4.56319
20.7355	60.8826	0.0922445	4.55334
23.0704	62.1007	0.0463447	0.105692
20.363	63.0044	0.0490921	4.62911
11.6319	58.144	4.78824	0.0240106
10.6893	54.7417	4.92798	0.0107229
14.2198	55.2938	4.89519	0.0149352
9.3634	60.8826	0.113407	0.0520472
11.6319	58.144	4.78824	0.0240106
12.3979	60.3349	0.124825	0.0372869
8.66123	58.144	4.80945	0.0270871
10.6893	54.7417	4.92798	0.0107229
11.6319	58.144	4.78824	0.0240106
5.69054	58.144	4.82952	0.0365257
4.92487	55.4838	4.93212	0.0155065
8.05963	55.2938	4.92437	0.0131212
6.4478	61.0566	0.118803	0.0720855
5.69054	58.144	4.82952	0.0365257
8.66123	58.144	4.80945	0.0270871
3.67737	60.8826	0.150608	4.4403
2.71986	58.144	4.86475	0.0358281
5.69054	58.144	4.82952	0.0365257
36.8222	64.0212	0.0357062	0.0471963
39.6261	63.8451	0.0437244	0.0402217
38.586	65.9587	0.0220568	0.0439023
34.1521	62.7968	0.0449221	4.43569
36.8222	64.0212	0.0357062	0.0471963
35.8688	65.9587	0.0187255	0.0527604
37.7936	60.8826	0.104357	0.0275263
39.6261	63.8451	0.0437244	0.0402217
36.8222	64.0212	0.0357062	0.0471963
38.75	70.3973	0.00690614	0.0298547
40.1627	68.2649	0.0131811	0.036937
41.25	70.3973	0.00929792	0.0267993
37.3942	72.4885	0.00380919	0.0182466
38.75	70.3973	0.00690614	0.0298547
39.7099	72.3429	0.00526009	0.0216649
37.4455	67.9354	0.0119141	4.34045
40.1627	68.2649	0.0131811	0.036937
38.75	70.3973	0.00690614	0.0298547
35.8688	65.9587	0.0187255	0.0527604
37.4455	67.9354	0.0119141	4.34045
34.8233	67.7707	0.010543	0.0459676
33.1516	65.9587	0.0157646	0.0630732
35.8688	65.9587	0.0187255	0.0527604
34.8233	67.7707	0.010543	0.0459676
34.1521	62.7968	0.0449221	4.43569
34.9506	60.8826	0.0824091	0.0506492
36.8222	64.0212	0.0357062	0.0471963
38.75	70.3973	0.00690614	0.0298547
41.25	70.3973	0.00929792	0.0267993
39.7099	72.3429	0.00526009	0.0216649
38.586	65.9587	0.0220568	0.0439023
40.1627	68.2649	0.0131811	0.036937
37.4455	67.9354	0.0119141	4.34045
41.3032	65.9587	0.0262446	0.0416736
42.6898	68.2649	0.0173221	0.0333602
40.1627	68.2649	0.0131811	0.036937
41.3032	65.9587	0.0262446	0.0416736
44.0204	65.9587	0.0337848	0.0474185
42.6898	68.2649	0.0173221	0.0333602
41.25	70.3973	0.00929792	0.0267993
40.1627	68.2649	0.0131811	0.036937
42.6898	68.2649	0.0173221	0.0333602
36.8222	64.0212	0.0357062	0.0471963
34.9506	60.8826	0.0824091	0.0506492
37.7936	60.8826	0.104357	0.0275263
2.71986	58.144	4.86475	0.0358281
4.92487	55.4838	4.93212	0.0155065
5.69054	58.144	4.82952	0.0365257
8.66123	58.144	4.80945	0.0270871
8.05963	55.2938	4.92437	0.0131212
10.6893	54.7417	4.92798	0.0107229
6.4478	61.0566	0.118803	0.0720855
8.66123	58.144	4.80945	0.0270871
9.3634	60.8826	0.113407	0.0520472
5.69054	58.144	4.82952	0.0365257
8.05963	55.2938	4.92437	0.0131212
8.66123	58.144	4.80945	0.0270871
1.8995	55.2938	4.94875	0.0130082
4.92487	55.4838	4.93212	0.0155065
2.71986	58.144	4.86475	0.0358281
1.8995	55.2938	4.94875	0.0130082
1.22131	52.3495	4.97953	0.00501601
4.19365	52.3495	4.9753	0.00564334
41.3032	65.9587	0.0262446	0.0416736
42.43	63.669	0.0535237	4.34598
44.0204	65.9587	0.0337848	0.0474185
43.4796	60.8826	0.12341	0.0283575
40.6366	60.8826	0.11508	0.0284984
41.4664	58.5091	4.78848	0.0134857
45.2338	63.4929	0.068779	0.0436933
43.4796	60.8826	0.12341	0.0283575
46.3226	60.8826	0.145722	0.0195621
42.43	63.669	0.0535237	4.34598
40.6366	60.8826	0.11508	0.0284984
43.4796	60.8826	0.12341	0.0283575
41.4664	58.5091	4.78848	0.0134857
38.5596	58.6917	4.75517	0.0160974
38.8603	55.2938	4.89036	0.00610453
46.3226	60.8826	0.145722	0.0195621
43.4796	60.8826	0.12341	0.0283575
44.2548	57.954	4.83254	0.00984968
42.43	63.669	0.0535237	4.34598
39.6261	63.8451	0.0437244	0.0402217
40.6366	60.8826	0.11508	0.0284984
44.0204	65.9587	0.0337848	0.0474185
42.43	63.669	0.0535237	4.34598
45.2338	63.4929	0.068779	0.0436933
36.8222	64.0212	0.0357062	0.0471963
38.586	65.9587	0.0220568	0.0439023
35.8688	65.9587	0.0187255	0.0527604
40.6366	60.8826	0.11508	0.0284984
39.6261	63.8451	0.0437244	0.0402217
37.7936	60.8826	0.104357	0.0275263
38.586	65.9587	0.0220568	0.0439023
37.4455	67.9354	0.0119141	4.34045
35.8688	65.9587	0.0187255	0.0527604
41.3032	65.9587	0.0262446	0.0416736
38.586	65.9587	0.0220568	0.0439023
39.6261	63.8451	0.0437244	0.0402217
41.3032	65.9587	0.0262446	0.0416736
40.1627	68.2649	0.0131811	0.036937
38.586	65.9587	0.0220568	0.0439023
32.2468	68.921	0.00666231	0.0439073
30.4344	65.9587	0.013363	0.0713122
33.1516	65.9587	0.0157646	0.0630732
21.7285	50.6506	0.232698	0.00464938
19.0553	52.3495	0.233042	0.00777453
18.9224	49.3292	4.87498	0.00300511
21.7462	47.598	4.88759	0.00175603
21.7285	50.6506	0.232698	0.00464938
18.9224	49.3292	4.87498	0.00300511
15.8835	49.3292	4.93614	0.00286226
18.8268	46.2515	4.90748	0.00109788
18.9224	49.3292	4.87498	0.00300511
22.0142	44.8882	4.89518	0.000727927
25	46.2515	4.91353	0.00100588
21.7462	47.598	4.88759	0.00175603
24.7341	50.8393	4.82642	0.00423301
22.4091	54.0056	0.177765	0.0121667
21.7285	50.6506	0.232698	0.00464938
26.54	55.2938	0.163135	0.0133111
26.4853	58.144	0.101507	0.0279255
23.0771	56.6239	4.68304	0.023652
30.9447	52.3495	4.84837	0.00524103
29.6201	55.2938	4.74643	0.0117806
27.9723	52.3495	4.82711	0.00577783
26.4853	58.144	0.101507	0.0279255
26.4215	60.8826	0.0474534	0.0560609
24.0253	59.6046	0.0914556	0.0532936
29.6201	55.2938	4.74643	0.0117806
26.4853	58.144	0.101507	0.0279255
26.54	55.2938	0.163135	0.0133111
29.6201	55.2938	4.74643	0.0117806
32.1533	57.1939	0.156235	0.0218162
29.839	59.2394	0.0827036	0.039355
17.2808	59.0298	4.73014	0.0596463
20.7355	60.8826	0.0922445	4.55334
17.5295	61.7527	0.0817297	4.56319
23.0771	56.6239	4.68304	0.023652
20.3936	58.6582	4.69255	0.0613888
20.0518	56.4338	4.77067	0.0282674
23.0771	56.6239	4.68304	0.023652
24.0253	59.6046	0.0914556	0.0532936
20.3936	58.6582	4.69255	0.0613888
39.0601	41.8598	0.172378	0.000179883
37.5191	43.9145	0.134726	0.00029635
37.5	40	4.72202	0.000104377
40.625	40	0.217718	0.000113687
39.0601	41.8598	0.172378	0.000179883
37.5	40	4.72202	0.000104377
40.6201	43.7197	0.183972	0.00023751
37.5191	43.9145	0.134726	0.00029635
39.0601	41.8598	0.172378	0.000179883
40.6201	43.7197	0.183972	0.00023751
40.433	46.2515	4.79473	0.000423096
37.5191	43.9145	0.134726	0.00029635
43.6923	43.1354	0.238359	0.00018279
40.6201	43.7197	0.183972	0.00023751
40.625	40	0.217718	0.000113687
43.6923	43.1354	0.238359	0.00018279
43.5196	46.2515	4.87288	0.000359229
40.6201	43.7197	0.183972	0.00023751
46.8798	40.196	4.93369	0.000107545
43.6923	43.1354	0.238359	0.00018279
43.75	40	4.86502	0.000106811
46.8077	43.1354	4.91055	0.000166307
49.6928	46.2515	4.95581	0.000284016
46.6062	46.2515	4.93153	0.000311025
37.5	40	4.72202	0.000104377
34.399	40.9798	0.0986958	0.000141681
34.3221	37.8444	0.169643	6.37451e-05
40.5769	36.8646	4.90888	8.06967e-05
37.5	40	4.72202	0.000104377
37.4615	36.8646	4.86457	7.36211e-05
40.625	40	0.217718	0.000113687
40.6201	43.7197	0.183972	0.00023751
39.0601	41.8598	0.172378	0.000179883
40.1224	48.7521	4.85698	0.000815658
37.0597	48.5598	0.198603	0.00109376
37.3464	46.2515	0.158935	0.000558637
34.1165	49.3292	0.204095	0.00166657
36.7564	51.5944	4.849	0.00254221
34.1289	53.2696	4.84212	0.00556753
31.1732	46.2515	4.77387	0.000888187
34.1165	49.3292	0.204095	0.00166657
31.0776	49.3292	4.835	0.00225009
28.0866	46.2515	4.88426	0.000963579
31.1732	46.2515	4.77387	0.000888187
31.0776	49.3292	4.835	0.00225009
34.3294	43.6157	0.109532	0.000327388
34.399	40.9798	0.0986958	0.000141681
37.5191	43.9145	0.134726	0.00029635
31.1732	46.2515	4.77387	0.000888187
31.226	43.7137	0.174004	0.000413123
34.2598	46.2515	0.146455	0.00069832
31.2788	41.1758	0.141589	0.000195298
34.399	40.9798	0.0986958	0.000141681
34.3294	43.6157	0.109532	0.000327388
37.0597	48.5598	0.198603	0.00109376
36.7564	51.5944	4.849	0.00254221
34.1165	49.3292	0.204095	0.00166657
37.3464	46.2515	0.158935	0.000558637
37.0597	48.5598	0.198603	0.00109376
34.2598	46.2515	0.146455	0.00069832
40.433	46.2515	4.79473	0.000423096
37.3464	46.2515	0.158935	0.000558637
37.5191	43.9145	0.134726	0.00029635
40.433	46.2515	4.79473	0.000423096
40.1224	48.7521	4.85698	0.000815658
37.3464	46.2515	0.158935	0.000558637
40.1224	48.7521	4.85698	0.000815658
36.7564	51.5944	4.849	0.00254221
37.0597	48.5598	0.198603	0.00109376
46.2717	49.3292	4.95679	0.000682983
45.8487	52.5335	4.95767	0.00171367
43.2329	49.3292	4.92885	0.000817456
34.1165	49.3292	0.204095	0.00166657
34.1289	53.2696	4.84212	0.00556753
30.9447	52.3495	4.84837	0.00524103
7.464	63.4929	0.0560684	4.54788
8.78345	65.7825	0.0274462	4.53896
5.97957	65.9587	0.033934	4.60757
6.4478	61.0566	0.118803	0.0720855
7.464	63.4929	0.0560684	4.54788
4.76616	63.4929	0.0689507	0.106574
6.4478	61.0566	0.118803	0.0720855
9.3634	60.8826	0.113407	0.0520472
7.464	63.4929	0.0560684	4.54788
12.3979	60.3349	0.124825	0.0372869
10.1618	63.4929	0.048454	0.0717139
9.3634	60.8826	0.113407	0.0520472
12.8597	63.4929	0.0468911	0.051379
15.0494	60.8826	0.108615	0.0580766
15.5575	63.4929	0.0490297	0.0720911
12.3644	68.2649	0.0112454	0.0396687
13.513	70.6966	0.00547965	0.0243437
11.25	70.3973	0.00693675	0.0301108
16.8484	65.9587	0.020403	0.0766027
14.8915	68.2649	0.0103678	0.0393766
13.846	66.4528	0.0183231	0.0461242
17.4187	68.2649	0.0102968	0.0575376
16.25	70.3973	0.0055366	0.0299453
14.8915	68.2649	0.0103678	0.0393766
19.999	65.078	0.0257462	4.62147
19.0904	66.7823	0.0153212	0.102951
16.8484	65.9587	0.020403	0.0766027
19.193	69.7412	0.00638369	0.0608077
20.0967	72.3429	0.00294011	0.0347774
17.645	72.3429	0.00308278	0.0239084
9.83732	68.2649	0.0130827	0.059971
8.78345	65.7825	0.0274462	4.53896
11.414	65.9587	0.0226109	0.059684
6.48041	46.2515	4.99165	0.000980189
3.72828	49.3292	4.98965	0.00222981
3.39381	46.2515	4.99476	0.000908946
9.70619	49.8955	4.97755	0.00289673
6.76709	49.3292	4.98633	0.00234141
9.61019	45.6673	4.98576	0.000818026
9.70619	49.8955	4.97755	0.00289673
10.1383	52.3495	4.96148	0.00572587
7.16598	52.3495	4.96972	0.00568113
13.1107	52.3495	4.94437	0.00634583
10.1383	52.3495	4.96148	0.00572587
12.7118	50.0843	4.96263	0.00336066
4.19365	52.3495	4.9753	0.00564334
3.72828	49.3292	4.98965	0.00222981
6.76709	49.3292	4.98633	0.00234141
1.8995	55.2938	4.94875	0.0130082
4.19365	52.3495	4.9753	0.00564334
4.92487	55.4838	4.93212	0.0155065
1.22131	52.3495	4.97953	0.00501601
3.72828	49.3292	4.98965	0.00222981
4.19365	52.3495	4.9753	0.00564334
22.2828	65.9587	0.0158551	4.62961
23.0704	62.1007	0.0463447	0.105692
25.6067	64.7258	0.0176046	4.54722
21.8037	69.5771	0.00590753	4.49285
22.2828	65.9587	0.0158551	4.62961
24.3347	67.1118	0.0102517	0.103515
19.999	65.078	0.0257462	4.62147
20.363	63.0044	0.0490921	4.62911
22.2828	65.9587	0.0158551	4.62961
21.8037	69.5771	0.00590753	4.49285
19.193	69.7412	0.00638369	0.0608077
19.0904	66.7823	0.0153212	0.102951
16.8484	65.9587	0.020403	0.0766027
17.5295	61.7527	0.0817297	4.56319
19.999	65.078	0.0257462	4.62147
22.2828	65.9587	0.0158551	4.62961
20.363	63.0044	0.0490921	4.62911
23.0704	62.1007	0.0463447	0.105692
16.25	70.3973	0.0055366	0.0299453
15.1934	72.3429	0.00335931	0.0192801
13.513	70.6966	0.00547965	0.0243437
7.464	63.4929	0.0560684	4.54788
10.1618	63.4929	0.048454	0.0717139
8.78345	65.7825	0.0274462	4.53896
20.0518	56.4338	4.77067	0.0282674
19.0553	52.3495	0.233042	0.00777453
22.4091	54.0056	0.177765	0.0121667
20.3936	58.6582	4.69255	0.0613888
17.2808	59.0298	4.73014	0.0596463
20.0518	56.4338	4.77067	0.0282674
15.0494	60.8826	0.108615	0.0580766
12.8597	63.4929	0.0468911	0.051379
12.3979	60.3349	0.124825	0.0372869
9.3634	60.8826	0.113407	0.0520472
8.66123	58.144	4.80945	0.0270871
11.6319	58.144	4.78824	0.0240106
9.70619	49.8955	4.97755	0.00289673
7.16598	52.3495	4.96972	0.00568113
6.76709	49.3292	4.98633	0.00234141
13.1107	52.3495	4.94437	0.00634583
16.083	52.3495	4.89542	0.00717876
14.2198	55.2938	4.89519	0.0149352
23.0771	56.6239	4.68304	0.023652
22.4091	54.0056	0.177765	0.0121667
26.54	55.2938	0.163135	0.0133111
20.7355	60.8826	0.0922445	4.55334
20.3936	58.6582	4.69255	0.0613888
24.0253	59.6046	0.0914556	0.0532936
20.0518	56.4338	4.77067	0.0282674
22.4091	54.0056	0.177765	0.0121667
23.0771	56.6239	4.68304	0.023652
20.7355	60.8826	0.0922445	4.55334
17.2808	59.0298	4.73014	0.0596463
20.3936	58.6582	4.69255	0.0613888
17.0264	56.2438	4.83676	0.0243139
19.0553	52.3495	0.233042	0.00777453
20.0518	56.4338	4.77067	0.0282674
6.30769	36.8646	4.99253	0.000115045
6.24038	39.6081	4.99226	0.000174371
3.19231	36.8646	4.99699	0.000113209
9.49534	33.1714	4.98728	8.28574e-05
9.42308	36.8646	4.97904	0.00011866
6.43263	33.3637	4.99495	8.28978e-05
6.31731	42.7435	4.99279	0.000360564
3.125	40	4.99667	0.000185186
6.24038	39.6081	4.99226	0.000174371
9.4375	42.5475	4.98179	0.000372913
12.5	40	4.93111	0.000197873
12.5577	42.3516	4.95111	0.000359376
6.30769	36.8646	4.99253	0.000115045
9.36058	39.4121	4.97803	0.000177969
6.24038	39.6081	4.99226	0.000174371
9.42308	36.8646	4.97904	0.00011866
12.5385	36.8646	4.93727	0.000117684
9.36058	39.4121	4.97803	0.000177969
15.8122	34.7222	4.90231	8.99636e-05
12.5385	36.8646	4.93727	0.000117684
12.7112	34.5275	4.95977	9.0979e-05
9.4375	42.5475	4.98179	0.000372913
12.5577	42.3516	4.95111	0.000359376
9.61019	45.6673	4.98576	0.000818026
6.24038	39.6081	4.99226	0.000174371
9.4375	42.5475	4.98179	0.000372913
6.31731	42.7435	4.99279	0.000360564
9.36058	39.4121	4.97803	0.000177969
12.5	40	4.93111	0.000197873
9.4375	42.5475	4.98179	0.000372913
15.601	39.0202	0.242125	0.000165913
12.5	40	4.93111	0.000197873
12.5385	36.8646	4.93727	0.000117684
15.601	39.0202	0.242125	0.000165913
15.6779	42.1556	4.87305	0.000359904
12.5	40	4.93111	0.000197873
6.48041	46.2515	4.99165	0.000980189
6.76709	49.3292	4.98633	0.00234141
3.72828	49.3292	4.98965	0.00222981
6.31731	42.7435	4.99279	0.000360564
6.48041	46.2515	4.99165	0.000980189
3.39381	46.2515	4.99476	0.000908946
9.61019	45.6673	4.98576	0.000818026
6.76709	49.3292	4.98633	0.00234141
6.48041	46.2515	4.99165	0.000980189
12.7118	50.0843	4.96263	0.00336066
9.70619	49.8955	4.97755	0.00289673
11.1799	48.0735	4.97574	0.001923
3.19711	42.9395	4.99624	0.000377304
0.076922	43.1354	4.99695	0.000399061
-3.10282e-28	40	4.99768	0.000192427
6.31731	42.7435	4.99279	0.000360564
3.19711	42.9395	4.99624	0.000377304
3.125	40	4.99667	0.000185186
3.39381	46.2515	4.99476	0.000908946
0.307214	46.2515	4.99567	0.00084772
3.19711	42.9395	4.99624	0.000377304
45.0204	55.2938	4.92634	0.00410578
41.9404	55.2938	4.91121	0.00500387
42.834	52.3495	4.94301	0.00197981
48.1005	55.2938	4.93968	0.00323632
45.0204	55.2938	4.92634	0.00410578
45.8487	52.5335	4.95767	0.00171367
44.2548	57.954	4.83254	0.00984968
41.9404	55.2938	4.91121	0.00500387
45.0204	55.2938	4.92634	0.00410578
46.3226	60.8826	0.145722	0.0195621
44.2548	57.954	4.83254	0.00984968
47.2801	58.144	4.85786	0.00785779
41.4664	58.5091	4.78848	0.0134857
38.8603	55.2938	4.89036	0.00610453
41.9404	55.2938	4.91121	0.00500387
27.9723	52.3495	4.82711	0.00577783
28.0388	49.3292	4.88431	0.00251063
30.9447	52.3495	4.84837	0.00524103
19.0553	52.3495	0.233042	0.00777453
21.7285	50.6506	0.232698	0.00464938
22.4091	54.0056	0.177765	0.0121667
25	46.2515	4.91353	0.00100588
28.0388	49.3292	4.88431	0.00251063
24.7341	50.8393	4.82642	0.00423301
21.7285	50.6506	0.232698	0.00464938
21.7462	47.598	4.88759	0.00175603
24.7341	50.8393	4.82642	0.00423301
15.6779	42.1556	4.87305	0.000359904
17.2523	44.2036	4.8851	0.000649246
14.1489	44.3016	4.94311	0.000658275
22.0142	44.8882	4.89518	0.000727927
18.8268	46.2515	4.90748	0.00109788
18.7981	41.9596	0.229238	0.000305106
15.8835	49.3292	4.93614	0.00286226
12.6536	46.2515	4.96891	0.0010444
15.7402	46.2515	4.93851	0.00118779
17.0264	56.2438	4.83676	0.0243139
16.083	52.3495	4.89542	0.00717876
19.0553	52.3495	0.233042	0.00777453
4.19365	52.3495	4.9753	0.00564334
7.16598	52.3495	4.96972	0.00568113
4.92487	55.4838	4.93212	0.0155065
21.9183	41.7637	4.84039	0.000302788
25	43.1354	4.89994	0.000396479
22.0142	44.8882	4.89518	0.000727927
28.125	40	4.81311	0.000167105
25	40	4.86343	0.000169291
28.1154	36.8646	4.83417	9.31558e-05
25	30.6708	4.92025	6.55454e-05
25.1151	35.3065	0.247053	8.68986e-05
21.9134	33.7485	0.257751	8.11654e-05
31.3171	35.696	4.83138	6.61039e-05
28.0866	33.7485	4.90111	7.36229e-05
30.9343	31.8249	4.95221	6.56585e-05
28.1154	36.8646	4.83417	9.31558e-05
25.1151	35.3065	0.247053	8.68986e-05
28.0866	33.7485	4.90111	7.36229e-05
33.7508	28.5944	4.96446	6.16364e-05
37.1553	30.6708	4.97865	6.43342e-05
33.997	31.6326	4.95981	6.43994e-05
21.8846	36.8646	4.80164	0.000110372
21.9014	39.3141	0.234521	0.000166931
18.7212	38.8242	0.20428	0.000155801
28.1154	36.8646	4.83417	9.31558e-05
25	40	4.86343	0.000169291
25.1151	35.3065	0.247053	8.68986e-05
28.125	40	4.81311	0.000167105
28.1154	43.1354	4.84726	0.000394135
25	40	4.86343	0.000169291
3.72828	49.3292	4.98965	0.00222981
1.22131	52.3495	4.97953	0.00501601
0.68946	49.3292	4.99129	0.00201359
0.307214	46.2515	4.99567	0.00084772
3.39381	46.2515	4.99476	0.000908946
0.68946	49.3292	4.99129	0.00201359
11.1799	48.0735	4.97574	0.001923
12.6536	46.2515	4.96891	0.0010444
12.7118	50.0843	4.96263	0.00336066
9.61019	45.6673	4.98576	0.000818026
11.1799	48.0735	4.97574	0.001923
9.70619	49.8955	4.97755	0.00289673
9.61019	45.6673	4.98576	0.000818026
12.6536	46.2515	4.96891	0.0010444
11.1799	48.0735	4.97574	0.001923
31.3817	62.6228	0.0329643	4.49439
34.1521	62.7968	0.0449221	4.43569
33.1516	65.9587	0.0157646	0.0630732
26.9568	67.2765	0.00908395	0.0750492
28.4106	64.5496	0.0182005	0.0796957
30.4344	65.9587	0.013363	0.0713122
29.839	59.2394	0.0827036	0.039355
33.5519	59.0383	0.118115	0.0359063
31.3817	62.6228	0.0329643	4.49439
28.6113	62.4488	0.0314082	0.0714916
29.839	59.2394	0.0827036	0.039355
31.3817	62.6228	0.0329643	4.49439
20.7355	60.8826	0.0922445	4.55334
24.0253	59.6046	0.0914556	0.0532936
23.0704	62.1007	0.0463447	0.105692
25.6371	53.0665	0.205772	0.00801377
24.7341	50.8393	4.82642	0.00423301
27.9723	52.3495	4.82711	0.00577783
22.4091	54.0056	0.177765	0.0121667
25.6371	53.0665	0.205772	0.00801377
26.54	55.2938	0.163135	0.0133111
22.4091	54.0056	0.177765	0.0121667
24.7341	50.8393	4.82642	0.00423301
25.6371	53.0665	0.205772	0.00801377
29.6201	55.2938	4.74643	0.0117806
31.8745	54.2817	4.80804	0.00904423
32.1533	57.1939	0.156235	0.0218162
34.2598	46.2515	0.146455	0.00069832
34.3294	43.6157	0.109532	0.000327388
37.3464	46.2515	0.158935	0.000558637
31.1732	46.2515	4.77387	0.000888187
34.2598	46.2515	0.146455	0.00069832
34.1165	49.3292	0.204095	0.00166657
34.2598	46.2515	0.146455	0.00069832
31.226	43.7137	0.174004	0.000413123
34.3294	43.6157	0.109532	0.000327388
35.6527	58.8743	4.67183	0.0259016
38.5596	58.6917	4.75517	0.0160974
37.7936	60.8826	0.104357	0.0275263
33.5519	59.0383	0.118115	0.0359063
35.6527	58.8743	4.67183	0.0259016
34.9506	60.8826	0.0824091	0.0506492
35.7802	55.2938	4.8462	0.00824174
38.5596	58.6917	4.75517	0.0160974
35.6527	58.8743	4.67183	0.0259016
42.43	63.669	0.0535237	4.34598
43.4796	60.8826	0.12341	0.0283575
45.2338	63.4929	0.068779	0.0436933
6.48041	46.2515	4.99165	0.000980189
6.31731	42.7435	4.99279	0.000360564
9.61019	45.6673	4.98576	0.000818026
0.68946	49.3292	4.99129	0.00201359
3.39381	46.2515	4.99476	0.000908946
3.72828	49.3292	4.98965	0.00222981
0.307214	46.2515	4.99567	0.00084772
0.076922	43.1354	4.99695	0.000399061
3.19711	42.9395	4.99624	0.000377304
6.4478	61.0566	0.118803	0.0720855
4.76616	63.4929	0.0689507	0.106574
3.67737	60.8826	0.150608	4.4403
5.69054	58.144	4.82952	0.0365257
6.4478	61.0566	0.118803	0.0720855
3.67737	60.8826	0.150608	4.4403
9.3634	60.8826	0.113407	0.0520472
10.1618	63.4929	0.048454	0.0717139
7.464	63.4929	0.0560684	4.54788
14.6026	58.144	4.78587	0.0306911
15.0494	60.8826	0.108615	0.0580766
12.3979	60.3349	0.124825	0.0372869
14.2198	55.2938	4.89519	0.0149352
14.6026	58.144	4.78587	0.0306911
11.6319	58.144	4.78824	0.0240106
14.2198	55.2938	4.89519	0.0149352
17.0264	56.2438	4.83676	0.0243139
14.6026	58.144	4.78587	0.0306911
7.464	63.4929	0.0560684	4.54788
5.97957	65.9587	0.033934	4.60757
4.76616	63.4929	0.0689507	0.106574
11.414	65.9587	0.0226109	0.059684
13.846	66.4528	0.0183231	0.0461242
12.3644	68.2649	0.0112454	0.0396687
10.1618	63.4929	0.048454	0.0717139
11.414	65.9587	0.0226109	0.059684
8.78345	65.7825	0.0274462	4.53896
12.8597	63.4929	0.0468911	0.051379
15.5575	63.4929	0.0490297	0.0720911
13.846	66.4528	0.0183231	0.0461242
10.1618	63.4929	0.048454	0.0717139
12.8597	63.4929	0.0468911	0.051379
11.414	65.9587	0.0226109	0.059684
10.1618	63.4929	0.048454	0.0717139
12.3979	60.3349	0.124825	0.0372869
12.8597	63.4929	0.0468911	0.051379
9.83732	68.2649	0.0130827	0.059971
7.31021	68.2649	0.017024	0.0895462
8.78345	65.7825	0.0274462	4.53896
31.8745	54.2817	4.80804	0.00904423
30.9447	52.3495	4.84837	0.00524103
34.1289	53.2696	4.84212	0.00556753
35.7802	55.2938	4.8462	0.00824174
31.8745	54.2817	4.80804	0.00904423
34.1289	53.2696	4.84212	0.00556753
29.6201	55.2938	4.74643	0.0117806
30.9447	52.3495	4.84837	0.00524103
31.8745	54.2817	4.80804	0.00904423
29.839	59.2394	0.0827036	0.039355
26.4853	58.144	0.101507	0.0279255
29.6201	55.2938	4.74643	0.0117806
33.5519	59.0383	0.118115	0.0359063
29.839	59.2394	0.0827036	0.039355
32.1533	57.1939	0.156235	0.0218162
35.7802	55.2938	4.8462	0.00824174
33.5519	59.0383	0.118115	0.0359063
32.1533	57.1939	0.156235	0.0218162
34.9506	60.8826	0.0824091	0.0506492
31.3817	62.6228	0.0329643	4.49439
33.5519	59.0383	0.118115	0.0359063
28.6113	62.4488	0.0314082	0.0714916
26.4215	60.8826	0.0474534	0.0560609
29.839	59.2394	0.0827036	0.039355
26.54	55.2938	0.163135	0.0133111
27.9723	52.3495	4.82711	0.00577783
29.6201	55.2938	4.74643	0.0117806
25.6371	53.0665	0.205772	0.00801377
27.9723	52.3495	4.82711	0.00577783
26.54	55.2938	0.163135	0.0133111
24.7341	50.8393	4.82642	0.00423301
28.0388	49.3292	4.88431	0.00251063
27.9723	52.3495	4.82711	0.00577783
22.5483	72.3429	0.00278144	0.0372651
23.75	70.3973	0.00455042	0.0566186
25	72.3429	0.00263167	0.0284395
23.0327	74.7883	0.00145269	0.0162025
22.5483	72.3429	0.00278144	0.0372651
25	72.3429	0.00263167	0.0284395
21.4331	74.0896	0.00178318	0.0205323
19.0551	74.0896	0.00190055	0.0185305
20.0967	72.3429	0.00294011	0.0347774
19.0904	66.7823	0.0153212	0.102951
22.2828	65.9587	0.0158551	4.62961
21.8037	69.5771	0.00590753	4.49285
24.3347	67.1118	0.0102517	0.103515
23.75	70.3973	0.00455042	0.0566186
21.8037	69.5771	0.00590753	4.49285
27.0253	69.2491	0.00562033	0.0528852
30.0542	68.2649	0.00763803	4.39437
28.75	70.3973	0.00433605	0.0392335
25.6067	64.7258	0.0176046	4.54722
28.4106	64.5496	0.0182005	0.0796957
26.9568	67.2765	0.00908395	0.0750492
22.2828	65.9587	0.0158551	4.62961
25.6067	64.7258	0.0176046	4.54722
24.3347	67.1118	0.0102517	0.103515
23.0704	62.1007	0.0463447	0.105692
26.4215	60.8826	0.0474534	0.0560609
25.6067	64.7258	0.0176046	4.54722
30.4344	65.9587	0.013363	0.0713122
30.0542	68.2649	0.00763803	4.39437
26.9568	67.2765	0.00908395	0.0750492
28.6113	62.4488	0.0314082	0.0714916
31.3817	62.6228	0.0329643	4.49439
28.4106	64.5496	0.0182005	0.0796957
25.6067	64.7258	0.0176046	4.54722
28.6113	62.4488	0.0314082	0.0714916
28.4106	64.5496	0.0182005	0.0796957
26.4215	60.8826	0.0474534	0.0560609
26.4853	58.144	0.101507	0.0279255
29.839	59.2394	0.0827036	0.039355
25.6067	64.7258	0.0176046	4.54722
26.4215	60.8826	0.0474534	0.0560609
28.6113	62.4488	0.0314082	0.0714916
24.0253	59.6046	0.0914556	0.0532936
23.0771	56.6239	4.68304	0.023652
26.4853	58.144	0.101507	0.0279255
33.1516	65.9587	0.0157646	0.0630732
34.8233	67.7707	0.010543	0.0459676
32.2468	68.921	0.00666231	0.0439073
31.3817	62.6228	0.0329643	4.49439
33.1516	65.9587	0.0157646	0.0630732
30.4344	65.9587	0.013363	0.0713122
34.1521	62.7968	0.0449221	4.43569
35.8688	65.9587	0.0187255	0.0527604
33.1516	65.9587	0.0157646	0.0630732
32.355	72.3429	0.0027557	0.0181422
33.75	70.3973	0.00481589	0.0265705
34.8066	72.3429	0.00313217	0.0171322
29.3832	76.0659	0.00107664	0.0082716
28.5669	74.0896	0.00166594	0.0137232
30.9297	73.8705	0.00181493	0.0130658
31.0572	70.658	0.00411863	0.0324275
33.75	70.3973	0.00481589	0.0265705
32.355	72.3429	0.0027557	0.0181422
29.9033	72.3429	0.00262428	0.0209877
31.0572	70.658	0.00411863	0.0324275
32.355	72.3429	0.0027557	0.0181422
28.4106	64.5496	0.0182005	0.0796957
31.3817	62.6228	0.0329643	4.49439
30.4344	65.9587	0.013363	0.0713122
24.3347	67.1118	0.0102517	0.103515
25.6067	64.7258	0.0176046	4.54722
26.9568	67.2765	0.00908395	0.0750492
23.0704	62.1007	0.0463447	0.105692
24.0253	59.6046	0.0914556	0.0532936
26.4215	60.8826	0.0474534	0.0560609
30.4344	65.9587	0.013363	0.0713122
32.2468	68.921	0.00666231	0.0439073
30.0542	68.2649	0.00763803	4.39437
34.8233	67.7707	0.010543	0.0459676
33.75	70.3973	0.00481589	0.0265705
32.2468	68.921	0.00666231	0.0439073
43.2329	49.3292	4.92885	0.000817456
40.1224	48.7521	4.85698	0.000815658
40.433	46.2515	4.79473	0.000423096
48.7787	52.3495	4.96503	0.00135205
45.8487	52.5335	4.95767	0.00171367
46.2717	49.3292	4.95679	0.000682983
42.834	52.3495	4.94301	0.00197981
40.1224	48.7521	4.85698	0.000815658
43.2329	49.3292	4.92885	0.000817456
47.2801	58.144	4.85786	0.00785779
44.2548	57.954	4.83254	0.00984968
45.0204	55.2938	4.92634	0.00410578
38.8603	55.2938	4.89036	0.00610453
35.7802	55.2938	4.8462	0.00824174
36.7564	51.5944	4.849	0.00254221
41.9404	55.2938	4.91121	0.00500387
38.8603	55.2938	4.89036	0.00610453
39.8617	52.3495	4.91036	0.00248593
45.8487	52.5335	4.95767	0.00171367
45.0204	55.2938	4.92634	0.00410578
42.834	52.3495	4.94301	0.00197981
41.4664	58.5091	4.78848	0.0134857
40.6366	60.8826	0.11508	0.0284984
38.5596	58.6917	4.75517	0.0160974
44.2548	57.954	4.83254	0.00984968
41.4664	58.5091	4.78848	0.0134857
41.9404	55.2938	4.91121	0.00500387
44.2548	57.954	4.83254	0.00984968
43.4796	60.8826	0.12341	0.0283575
41.4664	58.5091	4.78848	0.0134857
38.5596	58.6917	4.75517	0.0160974
35.7802	55.2938	4.8462	0.00824174
38.8603	55.2938	4.89036	0.00610453
6.31731	42.7435	4.99279	0.000360564
3.39381	46.2515	4.99476	0.000908946
3.19711	42.9395	4.99624	0.000377304
45.8487	52.5335	4.95767	0.00171367
42.834	52.3495	4.94301	0.00197981
43.2329	49.3292	4.92885	0.000817456
48.1005	55.2938	4.93968	0.00323632
45.8487	52.5335	4.95767	0.00171367
48.7787	52.3495	4.96503	0.00135205
48.1005	55.2938	4.93968	0.00323632
47.2801	58.144	4.85786	0.00785779
45.0204	55.2938	4.92634	0.00410578
37.7936	60.8826	0.104357	0.0275263
38.5596	58.6917	4.75517	0.0160974
40.6366	60.8826	0.11508	0.0284984
41.3032	65.9587	0.0262446	0.0416736
39.6261	63.8451	0.0437244	0.0402217
42.43	63.669	0.0535237	4.34598
34.9506	60.8826	0.0824091	0.0506492
35.6527	58.8743	4.67183	0.0259016
37.7936	60.8826	0.104357	0.0275263
31.3817	62.6228	0.0329643	4.49439
34.9506	60.8826	0.0824091	0.0506492
34.1521	62.7968	0.0449221	4.43569
33.5519	59.0383	0.118115	0.0359063
35.7802	55.2938	4.8462	0.00824174
35.6527	58.8743	4.67183	0.0259016
31.8745	54.2817	4.80804	0.00904423
35.7802	55.2938	4.8462	0.00824174
32.1533	57.1939	0.156235	0.0218162
34.1165	49.3292	0.204095	0.00166657
34.2598	46.2515	0.146455	0.00069832
37.0597	48.5598	0.198603	0.00109376
28.0388	49.3292	4.88431	0.00251063
31.0776	49.3292	4.835	0.00225009
30.9447	52.3495	4.84837	0.00524103
28.0388	49.3292	4.88431	0.00251063
25	46.2515	4.91353	0.00100588
28.0866	46.2515	4.88426	0.000963579
36.7564	51.5944	4.849	0.00254221
35.7802	55.2938	4.8462	0.00824174
34.1289	53.2696	4.84212	0.00556753
30.9447	52.3495	4.84837	0.00524103
31.0776	49.3292	4.835	0.00225009
34.1165	49.3292	0.204095	0.00166657
40.1224	48.7521	4.85698	0.000815658
42.834	52.3495	4.94301	0.00197981
39.8617	52.3495	4.91036	0.00248593
39.8617	52.3495	4.91036	0.00248593
42.834	52.3495	4.94301	0.00197981
41.9404	55.2938	4.91121	0.00500387
36.7564	51.5944	4.849	0.00254221
39.8617	52.3495	4.91036	0.00248593
38.8603	55.2938	4.89036	0.00610453
36.7564	51.5944	4.849	0.00254221
40.1224	48.7521	4.85698	0.000815658
39.8617	52.3495	4.91036	0.00248593
18.9224	49.3292	4.87498	0.00300511
19.0553	52.3495	0.233042	0.00777453
16.083	52.3495	4.89542	0.00717876
15.7402	46.2515	4.93851	0.00118779
18.8268	46.2515	4.90748	0.00109788
15.8835	49.3292	4.93614	0.00286226
21.7462	47.598	4.88759	0.00175603
25	46.2515	4.91353	0.00100588
24.7341	50.8393	4.82642	0.00423301
22.0108	14.5924	0.162901	6.00258e-05
19.9458	11.7351	0.121595	6.01357e-05
23.0432	12.7235	0.13007	5.98528e-05
17.645	7.6571	0.0673302	6.03198e-05
18.75	9.60269	0.0940731	6.02251e-05
16.5822	10.0948	4.65233	5.95012e-05
14.9215	7.36598	0.0756852	6.05237e-05
17.645	7.6571	0.0673302	6.03198e-05
16.5822	10.0948	4.65233	5.95012e-05
16.6772	5.91038	0.0451688	6.03879e-05
19.0551	5.91038	0.0355889	6.02472e-05
17.645	7.6571	0.0673302	6.03198e-05
20.0967	7.6571	0.048498	6.01446e-05
21.25	9.60269	0.0671622	6.00177e-05
18.75	9.60269	0.0940731	6.02251e-05
17.645	7.6571	0.0673302	6.03198e-05
19.0551	5.91038	0.0355889	6.02472e-05
20.0967	7.6571	0.048498	6.01446e-05
24.1844	6.78374	0.0389731	5.99208e-05
26.189	5.91038	0.0344283	5.98549e-05
25.4207	8.55507	0.0721426	5.97602e-05
28.5669	5.91038	0.0387428	5.97334e-05
31.8199	4.37335	0.0277636	5.96413e-05
31.1316	6.34706	0.0456772	5.9592e-05
26.9661	0.123895	0.0122039	6.00188e-05
28.4094	2.238	0.0161128	5.99021e-05
26.0648	3.0556	0.0169094	5.99945e-05
28.9198	0.494728	0.0145666	5.99117e-05
30.8485	1.10996	0.0168966	5.9799e-05
28.4094	2.238	0.0161128	5.99021e-05
31.25	9.60269	0.122936	5.94763e-05
33.75	9.60269	0.104192	5.9457e-05
32.5813	11.7351	4.74701	5.85378e-05
30.9096	13.2177	4.84685	5.85411e-05
29.636	10.915	4.72656	5.85476e-05
32.5813	11.7351	4.74701	5.85378e-05
32.355	7.6571	0.0640678	5.95032e-05
33.4473	6.2015	0.0425888	5.95118e-05
34.9468	7.95642	0.0657873	5.94546e-05
29.9033	7.6571	0.0692198	5.95834e-05
32.355	7.6571	0.0640678	5.95032e-05
31.25	9.60269	0.122936	5.94763e-05
31.1316	6.34706	0.0456772	5.9592e-05
31.8199	4.37335	0.0277636	5.96413e-05
33.4473	6.2015	0.0425888	5.95118e-05
29.9033	7.6571	0.0692198	5.95834e-05
31.1316	6.34706	0.0456772	5.9592e-05
32.355	7.6571	0.0640678	5.95032e-05
29.9033	7.6571	0.0692198	5.95834e-05
28.5669	5.91038	0.0387428	5.97334e-05
31.1316	6.34706	0.0456772	5.9592e-05
28.5669	5.91038	0.0387428	5.97334e-05
29.9033	7.6571	0.0692198	5.95834e-05
27.8022	8.40541	0.0866509	5.96367e-05
25	4.37335	0.0218261	5.99916e-05
27.2733	4.37335	0.0242698	5.9877e-05
26.189	5.91038	0.0344283	5.98549e-05
27.2733	4.37335	0.0242698	5.9877e-05
30.3241	3.0556	0.0199263	5.97711e-05
28.5669	5.91038	0.0387428	5.97334e-05
31.1316	6.34706	0.0456772	5.9592e-05
33.4473	6.2015	0.0425888	5.95118e-05
32.355	7.6571	0.0640678	5.95032e-05
27.2733	4.37335	0.0242698	5.9877e-05
28.4094	2.238	0.0161128	5.99021e-05
30.3241	3.0556	0.0199263	5.97711e-05
26.189	5.91038	0.0344283	5.98549e-05
27.2733	4.37335	0.0242698	5.9877e-05
28.5669	5.91038	0.0387428	5.97334e-05
26.0648	3.0556	0.0169094	5.99945e-05
28.4094	2.238	0.0161128	5.99021e-05
27.2733	4.37335	0.0242698	5.9877e-05
29.636	10.915	4.72656	5.85476e-05
29.9033	7.6571	0.0692198	5.95834e-05
31.25	9.60269	0.122936	5.94763e-05
25.4207	8.55507	0.0721426	5.97602e-05
27.8022	8.40541	0.0866509	5.96367e-05
27.0253	10.7509	4.67903	5.86569e-05
25.4207	8.55507	0.0721426	5.97602e-05
26.189	5.91038	0.0344283	5.98549e-05
27.8022	8.40541	0.0866509	5.96367e-05
26.3489	16.5071	4.87533	5.8755e-05
24.3933	15.2742	0.209907	5.9795e-05
25.6653	12.8882	4.73496	5.87056e-05
30.3241	3.0556	0.0199263	5.97711e-05
31.8199	4.37335	0.0277636	5.96413e-05
28.5669	5.91038	0.0387428	5.97334e-05
30.8485	1.10996	0.0168966	5.9799e-05
30.3241	3.0556	0.0199263	5.97711e-05
28.4094	2.238	0.0161128	5.99021e-05
30.8485	1.10996	0.0168966	5.9799e-05
32.7403	1.96546	0.0207656	5.96756e-05
30.3241	3.0556	0.0199263	5.97711e-05
30.3241	3.0556	0.0199263	5.97711e-05
32.7403	1.96546	0.0207656	5.96756e-05
31.8199	4.37335	0.0277636	5.96413e-05
23.9352	3.0556	0.0161107	6.00905e-05
25	4.37335	0.0218261	5.99916e-05
22.7267	4.37335	0.0206596	6.0102e-05
26.9661	0.123895	0.0122039	6.00188e-05
26.0648	3.0556	0.0169094	5.99945e-05
25.0248	1.47661	0.0130992	6.00817e-05
26.9661	0.123895	0.0122039	6.00188e-05
28.9198	0.494728	0.0145666	5.99117e-05
28.4094	2.238	0.0161128	5.99021e-05
25.0248	1.47661	0.0130992	6.00817e-05
25	-8.70219e-28	0.01222	6.00934e-05
26.9661	0.123895	0.0122039	6.00188e-05
23.9352	3.0556	0.0161107	6.00905e-05
25.0248	1.47661	0.0130992	6.00817e-05
26.0648	3.0556	0.0169094	5.99945e-05
23.9352	3.0556	0.0161107	6.00905e-05
23.0835	1.59882	0.0132305	6.01545e-05
25.0248	1.47661	0.0130992	6.00817e-05
32.7403	1.96546	0.0207656	5.96756e-05
34.5833	3.0556	0.0260862	5.9556e-05
31.8199	4.37335	0.0277636	5.96413e-05
25	4.37335	0.0218261	5.99916e-05
26.0648	3.0556	0.0169094	5.99945e-05
27.2733	4.37335	0.0242698	5.9877e-05
24.1844	6.78374	0.0389731	5.99208e-05
25	4.37335	0.0218261	5.99916e-05
26.189	5.91038	0.0344283	5.98549e-05
23.9352	3.0556	0.0161107	6.00905e-05
26.0648	3.0556	0.0169094	5.99945e-05
25	4.37335	0.0218261	5.99916e-05
21.913	2.6468	0.015392	6.01827e-05
23.9352	3.0556	0.0161107	6.00905e-05
22.7267	4.37335	0.0206596	6.0102e-05
23.0835	1.59882	0.0132305	6.01545e-05
23.0339	0.123895	0.0121768	6.01637e-05
25.0248	1.47661	0.0130992	6.00817e-05
21.913	2.6468	0.015392	6.01827e-05
23.0835	1.59882	0.0132305	6.01545e-05
23.9352	3.0556	0.0161107	6.00905e-05
21.4331	5.91038	0.0295678	6.01121e-05
20.4534	4.37335	0.0225041	6.02061e-05
22.7267	4.37335	0.0206596	6.0102e-05
19.7476	2.78306	0.0181098	6.02574e-05
21.0802	0.494728	0.013176	6.0223e-05
21.913	2.6468	0.015392	6.01827e-05
23.0339	0.123895	0.0121768	6.01637e-05
25	-8.70219e-28	0.01222	6.00934e-05
25.0248	1.47661	0.0130992	6.00817e-05
33.4473	6.2015	0.0425888	5.95118e-05
34.5833	3.0556	0.0260862	5.9556e-05
35.7008	5.91038	0.0440364	5.94575e-05
36.3664	4.37335	0.0386534	5.94715e-05
35.7008	5.91038	0.0440364	5.94575e-05
34.5833	3.0556	0.0260862	5.9556e-05
23.5785	19.1174	4.90434	5.92443e-05
26.3489	16.5071	4.87533	5.8755e-05
26.4215	19.1174	4.93692	5.89675e-05
23.0771	23.3761	4.97146	6.01177e-05
25.3391	26.1784	4.96825	6.06837e-05
22.0277	27.6505	4.96723	6.27388e-05
29.636	10.915	4.72656	5.85476e-05
27.8022	8.40541	0.0866509	5.96367e-05
29.9033	7.6571	0.0692198	5.95834e-05
29.636	10.915	4.72656	5.85476e-05
27.0253	10.7509	4.67903	5.86569e-05
27.8022	8.40541	0.0866509	5.96367e-05
32.5813	11.7351	4.74701	5.85378e-05
29.636	10.915	4.72656	5.85476e-05
31.25	9.60269	0.122936	5.94763e-05
28.2875	13.053	4.82902	5.85648e-05
27.0253	10.7509	4.67903	5.86569e-05
29.636	10.915	4.72656	5.85476e-05
23.0432	12.7235	0.13007	5.98528e-05
25.6653	12.8882	4.73496	5.87056e-05
24.3933	15.2742	0.209907	5.9795e-05
24.4145	10.5869	0.109038	5.97503e-05
25.4207	8.55507	0.0721426	5.97602e-05
27.0253	10.7509	4.67903	5.86569e-05
23.0432	12.7235	0.13007	5.98528e-05
24.4145	10.5869	0.109038	5.97503e-05
25.6653	12.8882	4.73496	5.87056e-05
23.0432	12.7235	0.13007	5.98528e-05
21.25	9.60269	0.0671622	6.00177e-05
24.4145	10.5869	0.109038	5.97503e-05
24.1844	6.78374	0.0389731	5.99208e-05
22.5483	7.6571	0.0432191	5.998e-05
21.4331	5.91038	0.0295678	6.01121e-05
25	4.37335	0.0218261	5.99916e-05
24.1844	6.78374	0.0389731	5.99208e-05
22.7267	4.37335	0.0206596	6.0102e-05
25.4207	8.55507	0.0721426	5.97602e-05
24.4145	10.5869	0.109038	5.97503e-05
22.5483	7.6571	0.0432191	5.998e-05
24.4145	10.5869	0.109038	5.97503e-05
21.25	9.60269	0.0671622	6.00177e-05
22.5483	7.6571	0.0432191	5.998e-05
19.5656	14.0413	0.180173	6.02705e-05
20.9532	16.5071	0.219872	6.0293e-05
18.2554	16.5071	4.8573	5.97365e-05
19.9458	11.7351	0.121595	6.01357e-05
19.5656	14.0413	0.180173	6.02705e-05
17.7988	12.3941	4.73015	5.94434e-05
18.75	9.60269	0.0940731	6.02251e-05
19.9458	11.7351	0.121595	6.01357e-05
17.7988	12.3941	4.73015	5.94434e-05
21.25	9.60269	0.0671622	6.00177e-05
23.0432	12.7235	0.13007	5.98528e-05
19.9458	11.7351	0.121595	6.01357e-05
22.0108	14.5924	0.162901	6.00258e-05
20.9532	16.5071	0.219872	6.0293e-05
19.5656	14.0413	0.180173	6.02705e-05
19.9458	11.7351	0.121595	6.01357e-05
22.0108	14.5924	0.162901	6.00258e-05
19.5656	14.0413	0.180173	6.02705e-05
23.0432	12.7235	0.13007	5.98528e-05
24.3933	15.2742	0.209907	5.9795e-05
22.0108	14.5924	0.162901	6.00258e-05
17.7548	18.7251	4.93006	6.01874e-05
20.7355	19.1174	4.9023	5.97105e-05
17.2541	20.9431	4.96663	6.08155e-05
16.8484	14.0413	4.83095	5.96609e-05
18.2554	16.5071	4.8573	5.97365e-05
15.9817	15.8026	4.90107	5.99749e-05
20.9532	16.5071	0.219872	6.0293e-05
20.7355	19.1174	4.9023	5.97105e-05
18.2554	16.5071	4.8573	5.97365e-05
14.9215	7.36598	0.0756852	6.05237e-05
16.5822	10.0948	4.65233	5.95012e-05
13.513	9.30337	0.131775	6.07038e-05
12.6058	7.51154	0.0886346	6.06945e-05
14.9215	7.36598	0.0756852	6.05237e-05
13.513	9.30337	0.131775	6.07038e-05
13.6336	4.37335	0.0448522	6.05138e-05
15.4167	3.0556	0.0304419	6.04079e-05
16.6772	5.91038	0.0451688	6.03879e-05
19.7476	2.78306	0.0181098	6.02574e-05
19.1515	1.10996	0.0167458	6.02711e-05
21.0802	0.494728	0.013176	6.0223e-05
20.4534	4.37335	0.0225041	6.02061e-05
19.0551	5.91038	0.0355889	6.02472e-05
18.1801	4.37335	0.0276034	6.03099e-05
21.913	2.6468	0.015392	6.01827e-05
20.4534	4.37335	0.0225041	6.02061e-05
19.7476	2.78306	0.0181098	6.02574e-05
21.4331	5.91038	0.0295678	6.01121e-05
19.0551	5.91038	0.0355889	6.02472e-05
20.4534	4.37335	0.0225041	6.02061e-05
24.1844	6.78374	0.0389731	5.99208e-05
21.4331	5.91038	0.0295678	6.01121e-05
22.7267	4.37335	0.0206596	6.0102e-05
20.0967	7.6571	0.048498	6.01446e-05
19.0551	5.91038	0.0355889	6.02472e-05
21.4331	5.91038	0.0295678	6.01121e-05
20.4534	4.37335	0.0225041	6.02061e-05
18.1801	4.37335	0.0276034	6.03099e-05
19.7476	2.78306	0.0181098	6.02574e-05
23.0835	1.59882	0.0132305	6.01545e-05
21.0802	0.494728	0.013176	6.0223e-05
23.0339	0.123895	0.0121768	6.01637e-05
27.8022	8.40541	0.0866509	5.96367e-05
26.189	5.91038	0.0344283	5.98549e-05
28.5669	5.91038	0.0387428	5.97334e-05
25.6653	12.8882	4.73496	5.87056e-05
24.4145	10.5869	0.109038	5.97503e-05
27.0253	10.7509	4.67903	5.86569e-05
22.5483	7.6571	0.0432191	5.998e-05
20.0967	7.6571	0.048498	6.01446e-05
21.4331	5.91038	0.0295678	6.01121e-05
25.4207	8.55507	0.0721426	5.97602e-05
22.5483	7.6571	0.0432191	5.998e-05
24.1844	6.78374	0.0389731	5.99208e-05
21.25	9.60269	0.0671622	6.00177e-05
20.0967	7.6571	0.048498	6.01446e-05
22.5483	7.6571	0.0432191	5.998e-05
14.9215	7.36598	0.0756852	6.05237e-05
16.6772	5.91038	0.0451688	6.03879e-05
17.645	7.6571	0.0673302	6.03198e-05
21.913	2.6468	0.015392	6.01827e-05
21.0802	0.494728	0.013176	6.0223e-05
23.0835	1.59882	0.0132305	6.01545e-05
37.3284	7.80676	0.0707522	5.94578e-05
38.0788	5.91038	0.0559206	5.94415e-05
39.7099	7.6571	0.0909685	5.95067e-05
33.4473	6.2015	0.0425888	5.95118e-05
35.7008	5.91038	0.0440364	5.94575e-05
34.9468	7.95642	0.0657873	5.94546e-05
33.75	9.60269	0.104192	5.9457e-05
32.355	7.6571	0.0640678	5.95032e-05
34.9468	7.95642	0.0657873	5.94546e-05
31.8199	4.37335	0.0277636	5.96413e-05
34.5833	3.0556	0.0260862	5.9556e-05
33.4473	6.2015	0.0425888	5.95118e-05
36.3664	4.37335	0.0386534	5.94715e-05
38.0788	5.91038	0.0559206	5.94415e-05
35.7008	5.91038	0.0440364	5.94575e-05
19.7476	2.78306	0.0181098	6.02574e-05
17.2597	1.96546	0.0217508	6.03318e-05
19.1515	1.10996	0.0167458	6.02711e-05
18.1801	4.37335	0.0276034	6.03099e-05
16.6772	5.91038	0.0451688	6.03879e-05
15.4167	3.0556	0.0304419	6.04079e-05
19.7476	2.78306	0.0181098	6.02574e-05
18.1801	4.37335	0.0276034	6.03099e-05
17.2597	1.96546	0.0217508	6.03318e-05
19.0551	5.91038	0.0355889	6.02472e-05
16.6772	5.91038	0.0451688	6.03879e-05
18.1801	4.37335	0.0276034	6.03099e-05
21.913	2.6468	0.015392	6.01827e-05
22.7267	4.37335	0.0206596	6.0102e-05
20.4534	4.37335	0.0225041	6.02061e-05
20.0967	7.6571	0.048498	6.01446e-05
18.75	9.60269	0.0940731	6.02251e-05
17.645	7.6571	0.0673302	6.03198e-05
14.9215	7.36598	0.0756852	6.05237e-05
13.6336	4.37335	0.0448522	6.05138e-05
16.6772	5.91038	0.0451688	6.03879e-05
32.355	7.6571	0.0640678	5.95032e-05
33.75	9.60269	0.104192	5.9457e-05
31.25	9.60269	0.122936	5.94763e-05
38.0788	5.91038	0.0559206	5.94415e-05
37.3284	7.80676	0.0707522	5.94578e-05
35.7008	5.91038	0.0440364	5.94575e-05
38.75	9.60269	0.120011	5.9568e-05
41.25	9.60269	0.165241	5.96979e-05
40.1627	11.7351	4.79266	5.89021e-05
36.25	9.60269	0.0982962	5.94895e-05
38.75	9.60269	0.120011	5.9568e-05
37.4683	11.4071	0.172097	5.96275e-05
39.7099	7.6571	0.0909685	5.95067e-05
41.25	9.60269	0.165241	5.96979e-05
38.75	9.60269	0.120011	5.9568e-05
15.4167	3.0556	0.0304419	6.04079e-05
17.2597	1.96546	0.0217508	6.03318e-05
18.1801	4.37335	0.0276034	6.03099e-05
44.0204	14.0413	4.94335	5.96224e-05
41.2166	14.2175	4.91801	5.93485e-05
42.6898	11.7351	4.86384	5.91023e-05
14.9215	7.36598	0.0756852	6.05237e-05
12.6058	7.51154	0.0886346	6.06945e-05
13.6336	4.37335	0.0448522	6.05138e-05
15.1767	12.2293	4.80727	5.97307e-05
12.5545	12.0646	4.8229	6.00305e-05
13.513	9.30337	0.131775	6.07038e-05
16.5822	10.0948	4.65233	5.95012e-05
17.7988	12.3941	4.73015	5.94434e-05
15.1767	12.2293	4.80727	5.97307e-05
14.1312	14.0413	4.88875	6.00226e-05
12.5545	12.0646	4.8229	6.00305e-05
15.1767	12.2293	4.80727	5.97307e-05
15.9817	15.8026	4.90107	5.99749e-05
14.7591	18.4213	4.95774	6.06498e-05
13.1778	15.9788	4.9391	6.04314e-05
16.5822	10.0948	4.65233	5.95012e-05
18.75	9.60269	0.0940731	6.02251e-05
17.7988	12.3941	4.73015	5.94434e-05
22.0108	14.5924	0.162901	6.00258e-05
24.3933	15.2742	0.209907	5.9795e-05
20.9532	16.5071	0.219872	6.0293e-05
11.4404	21.3083	4.98728	6.21348e-05
12.2064	19.1174	4.97599	6.12784e-05
14.6026	21.856	4.98212	6.17096e-05
8.66123	21.856	4.99229	6.28535e-05
11.4404	21.3083	4.98728	6.21348e-05
10.9756	24.1362	4.99301	6.3607e-05
8.66123	21.856	4.99229	6.28535e-05
9.3634	19.1174	4.98329	6.17497e-05
11.4404	21.3083	4.98728	6.21348e-05
6.52038	19.1174	4.98815	6.21546e-05
7.464	16.5071	4.97259	6.13398e-05
9.3634	19.1174	4.98329	6.17497e-05
3.67737	19.1174	4.99142	6.25149e-05
6.52038	19.1174	4.98815	6.21546e-05
5.62671	21.6734	4.99446	6.32219e-05
3.67737	19.1174	4.99142	6.25149e-05
4.76616	16.5071	4.98056	6.16514e-05
6.52038	19.1174	4.98815	6.21546e-05
10.1618	16.5071	4.9624	6.09828e-05
12.2064	19.1174	4.97599	6.12784e-05
9.3634	19.1174	4.98329	6.17497e-05
5.97957	14.0413	4.95454	6.10048e-05
8.69678	14.0413	4.93327	6.07206e-05
7.464	16.5071	4.97259	6.13398e-05
11.414	14.0413	4.91231	6.03876e-05
13.1778	15.9788	4.9391	6.04314e-05
10.1618	16.5071	4.9624	6.09828e-05
15.1767	12.2293	4.80727	5.97307e-05
16.8484	14.0413	4.83095	5.96609e-05
14.1312	14.0413	4.88875	6.00226e-05
6.52038	19.1174	4.98815	6.21546e-05
9.3634	19.1174	4.98329	6.17497e-05
8.66123	21.856	4.99229	6.28535e-05
14.7591	18.4213	4.95774	6.06498e-05
12.2064	19.1174	4.97599	6.12784e-05
13.1778	15.9788	4.9391	6.04314e-05
14.7591	18.4213	4.95774	6.06498e-05
14.6026	21.856	4.98212	6.17096e-05
12.2064	19.1174	4.97599	6.12784e-05
12.6058	7.51154	0.0886346	6.06945e-05
11.9212	5.91038	0.0743576	6.06613e-05
13.6336	4.37335	0.0448522	6.05138e-05
11.25	9.60269	0.15157	6.09304e-05
12.6058	7.51154	0.0886346	6.06945e-05
13.513	9.30337	0.131775	6.07038e-05
10.2901	7.6571	0.113862	6.08617e-05
11.9212	5.91038	0.0743576	6.06613e-05
12.6058	7.51154	0.0886346	6.06945e-05
41.2166	14.2175	4.91801	5.93485e-05
40.1627	11.7351	4.79266	5.89021e-05
42.6898	11.7351	4.86384	5.91023e-05
35.1085	11.7351	0.177066	5.95348e-05
37.4683	11.4071	0.172097	5.96275e-05
35.6088	14.5697	4.87097	5.88406e-05
33.1516	14.0413	4.86586	5.86348e-05
35.1085	11.7351	0.177066	5.95348e-05
35.6088	14.5697	4.87097	5.88406e-05
32.5813	11.7351	4.74701	5.85378e-05
33.75	9.60269	0.104192	5.9457e-05
35.1085	11.7351	0.177066	5.95348e-05
37.3284	7.80676	0.0707522	5.94578e-05
39.7099	7.6571	0.0909685	5.95067e-05
38.75	9.60269	0.120011	5.9568e-05
36.25	9.60269	0.0982962	5.94895e-05
37.3284	7.80676	0.0707522	5.94578e-05
38.75	9.60269	0.120011	5.9568e-05
35.1085	11.7351	0.177066	5.95348e-05
36.25	9.60269	0.0982962	5.94895e-05
37.4683	11.4071	0.172097	5.96275e-05
34.9468	7.95642	0.0657873	5.94546e-05
37.3284	7.80676	0.0707522	5.94578e-05
36.25	9.60269	0.0982962	5.94895e-05
34.9468	7.95642	0.0657873	5.94546e-05
35.7008	5.91038	0.0440364	5.94575e-05
37.3284	7.80676	0.0707522	5.94578e-05
42.536	16.5071	4.96534	5.99681e-05
44.0204	14.0413	4.94335	5.96224e-05
45.2338	16.5071	4.97559	6.03014e-05
38.4127	14.3936	4.88535	5.9075e-05
41.2166	14.2175	4.91801	5.93485e-05
39.693	16.8552	4.95592	5.96378e-05
38.4127	14.3936	4.88535	5.9075e-05
37.4683	11.4071	0.172097	5.96275e-05
40.1627	11.7351	4.79266	5.89021e-05
10.2901	7.6571	0.113862	6.08617e-05
12.6058	7.51154	0.0886346	6.06945e-05
11.25	9.60269	0.15157	6.09304e-05
28.2875	13.053	4.82902	5.85648e-05
30.001	14.922	4.90017	5.8586e-05
26.3489	16.5071	4.87533	5.8755e-05
35.1085	11.7351	0.177066	5.95348e-05
33.1516	14.0413	4.86586	5.86348e-05
32.5813	11.7351	4.74701	5.85378e-05
30.001	14.922	4.90017	5.8586e-05
28.6113	17.5512	4.93332	5.87344e-05
26.3489	16.5071	4.87533	5.8755e-05
30.9096	13.2177	4.84685	5.85411e-05
30.001	14.922	4.90017	5.8586e-05
28.2875	13.053	4.82902	5.85648e-05
29.636	10.915	4.72656	5.85476e-05
30.9096	13.2177	4.84685	5.85411e-05
28.2875	13.053	4.82902	5.85648e-05
32.5813	11.7351	4.74701	5.85378e-05
33.1516	14.0413	4.86586	5.86348e-05
30.9096	13.2177	4.84685	5.85411e-05
31.7446	16.5071	4.9336	5.87342e-05
28.6113	17.5512	4.93332	5.87344e-05
30.001	14.922	4.90017	5.8586e-05
34.4425	16.5071	4.93418	5.89282e-05
31.7446	16.5071	4.9336	5.87342e-05
33.1516	14.0413	4.86586	5.86348e-05
34.4425	16.5071	4.93418	5.89282e-05
34.9506	19.1174	4.96896	5.93022e-05
32.1075	19.1174	4.9642	5.89797e-05
37.1403	16.5071	4.93869	5.92332e-05
34.4425	16.5071	4.93418	5.89282e-05
35.6088	14.5697	4.87097	5.88406e-05
37.1403	16.5071	4.93869	5.92332e-05
37.7936	19.1174	4.9731	5.97492e-05
34.9506	19.1174	4.96896	5.93022e-05
11.414	14.0413	4.91231	6.03876e-05
14.1312	14.0413	4.88875	6.00226e-05
13.1778	15.9788	4.9391	6.04314e-05
8.69678	14.0413	4.93327	6.07206e-05
9.93237	11.8999	4.8444	6.03015e-05
11.414	14.0413	4.91231	6.03876e-05
11.25	9.60269	0.15157	6.09304e-05
13.513	9.30337	0.131775	6.07038e-05
12.5545	12.0646	4.8229	6.00305e-05
10.2901	7.6571	0.113862	6.08617e-05
11.25	9.60269	0.15157	6.09304e-05
8.74996	9.60269	0.187727	6.11298e-05
13.513	9.30337	0.131775	6.07038e-05
16.5822	10.0948	4.65233	5.95012e-05
15.1767	12.2293	4.80727	5.97307e-05
9.93237	11.8999	4.8444	6.03015e-05
11.25	9.60269	0.15157	6.09304e-05
12.5545	12.0646	4.8229	6.00305e-05
11.414	14.0413	4.91231	6.03876e-05
9.93237	11.8999	4.8444	6.03015e-05
12.5545	12.0646	4.8229	6.00305e-05
8.69678	14.0413	4.93327	6.07206e-05
7.31021	11.7351	4.8882	6.05202e-05
9.93237	11.8999	4.8444	6.03015e-05
37.4683	11.4071	0.172097	5.96275e-05
38.4127	14.3936	4.88535	5.9075e-05
35.6088	14.5697	4.87097	5.88406e-05
42.536	16.5071	4.96534	5.99681e-05
43.4158	19.3	4.98581	6.07559e-05
40.5089	19.4825	4.98124	6.03125e-05
44.0204	14.0413	4.94335	5.96224e-05
42.536	16.5071	4.96534	5.99681e-05
41.2166	14.2175	4.91801	5.93485e-05
45.2338	16.5071	4.97559	6.03014e-05
43.4158	19.3	4.98581	6.07559e-05
42.536	16.5071	4.96534	5.99681e-05
40.5089	19.4825	4.98124	6.03125e-05
41.2294	22.236	4.99099	6.10789e-05
38.204	22.4261	4.98749	6.04621e-05
42.536	16.5071	4.96534	5.99681e-05
40.5089	19.4825	4.98124	6.03125e-05
39.693	16.8552	4.95592	5.96378e-05
43.4158	19.3	4.98581	6.07559e-05
41.2294	22.236	4.99099	6.10789e-05
40.5089	19.4825	4.98124	6.03125e-05
47.2801	21.856	4.99482	6.19104e-05
44.3095	21.856	4.99317	6.1547e-05
46.3226	19.1174	4.98923	6.10808e-05
38.4127	14.3936	4.88535	5.9075e-05
37.1403	16.5071	4.93869	5.92332e-05
35.6088	14.5697	4.87097	5.88406e-05
40.1627	11.7351	4.79266	5.89021e-05
41.2166	14.2175	4.91801	5.93485e-05
38.4127	14.3936	4.88535	5.9075e-05
38.75	9.60269	0.120011	5.9568e-05
40.1627	11.7351	4.79266	5.89021e-05
37.4683	11.4071	0.172097	5.96275e-05
41.25	9.60269	0.165241	5.96979e-05
42.6898	11.7351	4.86384	5.91023e-05
40.1627	11.7351	4.79266	5.89021e-05
39.693	16.8552	4.95592	5.96378e-05
37.1403	16.5071	4.93869	5.92332e-05
38.4127	14.3936	4.88535	5.9075e-05
40.5089	19.4825	4.98124	6.03125e-05
37.7936	19.1174	4.9731	5.97492e-05
39.693	16.8552	4.95592	5.96378e-05
28.8815	20.2128	4.96032	5.89343e-05
29.1279	22.9961	4.95996	5.92769e-05
26.1025	23.1861	4.96771	5.95273e-05
32.1075	19.1174	4.9642	5.89797e-05
34.9506	19.1174	4.96896	5.93022e-05
32.4267	21.856	4.9721	5.93168e-05
28.8815	20.2128	4.96032	5.89343e-05
32.1075	19.1174	4.9642	5.89797e-05
32.4267	21.856	4.9721	5.93168e-05
31.7446	16.5071	4.9336	5.87342e-05
34.4425	16.5071	4.93418	5.89282e-05
32.1075	19.1174	4.9642	5.89797e-05
28.6113	17.5512	4.93332	5.87344e-05
31.7446	16.5071	4.9336	5.87342e-05
32.1075	19.1174	4.9642	5.89797e-05
11.414	14.0413	4.91231	6.03876e-05
12.5545	12.0646	4.8229	6.00305e-05
14.1312	14.0413	4.88875	6.00226e-05
12.2064	19.1174	4.97599	6.12784e-05
10.1618	16.5071	4.9624	6.09828e-05
13.1778	15.9788	4.9391	6.04314e-05
9.93237	11.8999	4.8444	6.03015e-05
8.74996	9.60269	0.187727	6.11298e-05
11.25	9.60269	0.15157	6.09304e-05
43.4158	19.3	4.98581	6.07559e-05
45.2338	16.5071	4.97559	6.03014e-05
46.3226	19.1174	4.98923	6.10808e-05
33.1516	14.0413	4.86586	5.86348e-05
35.6088	14.5697	4.87097	5.88406e-05
34.4425	16.5071	4.93418	5.89282e-05
36.25	9.60269	0.0982962	5.94895e-05
33.75	9.60269	0.104192	5.9457e-05
34.9468	7.95642	0.0657873	5.94546e-05
21.9134	33.7485	0.257751	8.11654e-05
18.9132	34.917	4.85305	9.06229e-05
18.6835	32.5943	4.9151	7.60968e-05
25	30.6708	4.92025	6.55454e-05
21.9134	33.7485	0.257751	8.11654e-05
21.9612	30.6708	4.91959	6.78804e-05
21.8846	36.8646	4.80164	0.000110372
18.9132	34.917	4.85305	9.06229e-05
21.9134	33.7485	0.257751	8.11654e-05
25	40	4.86343	0.000169291
21.8846	36.8646	4.80164	0.000110372
25.1151	35.3065	0.247053	8.68986e-05
21.9134	33.7485	0.257751	8.11654e-05
18.6835	32.5943	4.9151	7.60968e-05
21.9612	30.6708	4.91959	6.78804e-05
18.7212	38.8242	0.20428	0.000155801
18.9132	34.917	4.85305	9.06229e-05
21.8846	36.8646	4.80164	0.000110372
17.2667	36.7732	0.248107	0.000119698
15.8122	34.7222	4.90231	8.99636e-05
18.9132	34.917	4.85305	9.06229e-05
18.7212	38.8242	0.20428	0.000155801
17.2667	36.7732	0.248107	0.000119698
18.9132	34.917	4.85305	9.06229e-05
18.7212	38.8242	0.20428	0.000155801
15.601	39.0202	0.242125	0.000165913
17.2667	36.7732	0.248107	0.000119698
18.7981	41.9596	0.229238	0.000305106
18.7212	38.8242	0.20428	0.000155801
21.9014	39.3141	0.234521	0.000166931
15.601	39.0202	0.242125	0.000165913
15.8122	34.7222	4.90231	8.99636e-05
17.2667	36.7732	0.248107	0.000119698
14.001	23.9462	4.98869	6.28178e-05
14.6026	21.856	4.98212	6.17096e-05
17.2998	24.7062	4.98403	6.23829e-05
13.1107	27.6505	4.98984	6.6231e-05
12.8447	30.6708	4.98247	7.17447e-05
10.1383	27.6505	4.99423	6.70093e-05
15.2052	26.1784	4.98764	6.40914e-05
15.7173	29.727	4.97705	6.85627e-05
13.1107	27.6505	4.98984	6.6231e-05
20.3799	24.7062	4.97639	6.14574e-05
18.0114	27.1222	4.97949	6.40659e-05
17.2998	24.7062	4.98403	6.23829e-05
18.7229	29.5382	4.96174	6.71852e-05
15.7173	29.727	4.97705	6.85627e-05
18.0114	27.1222	4.97949	6.40659e-05
18.7229	29.5382	4.96174	6.71852e-05
18.6835	32.5943	4.9151	7.60968e-05
15.7173	29.727	4.97705	6.85627e-05
10.9756	24.1362	4.99301	6.3607e-05
8.05963	24.7062	4.9958	6.45357e-05
8.66123	21.856	4.99229	6.28535e-05
10.1383	27.6505	4.99423	6.70093e-05
8.05963	24.7062	4.9958	6.45357e-05
10.9756	24.1362	4.99301	6.3607e-05
10.1383	27.6505	4.99423	6.70093e-05
9.80591	30.6708	4.9911	7.3147e-05
7.16598	27.6505	4.99686	6.74308e-05
6.70061	30.2933	4.99628	7.21053e-05
7.16598	27.6505	4.99686	6.74308e-05
9.80591	30.6708	4.9911	7.3147e-05
4.97956	24.7062	4.99723	6.50059e-05
5.62671	21.6734	4.99446	6.32219e-05
8.05963	24.7062	4.9958	6.45357e-05
3.67737	19.1174	4.99142	6.25149e-05
5.62671	21.6734	4.99446	6.32219e-05
2.71986	21.856	4.99601	6.37082e-05
6.52038	19.1174	4.98815	6.21546e-05
4.76616	16.5071	4.98056	6.16514e-05
7.464	16.5071	4.97259	6.13398e-05
25	30.6708	4.92025	6.55454e-05
28.0388	30.6708	4.94631	6.51586e-05
28.0866	33.7485	4.90111	7.36229e-05
47.2801	21.856	4.99482	6.19104e-05
48.1005	24.7062	4.99674	6.27844e-05
45.0204	24.7062	4.99595	6.24312e-05
26.4215	19.1174	4.93692	5.89675e-05
26.3489	16.5071	4.87533	5.8755e-05
28.6113	17.5512	4.93332	5.87344e-05
18.0114	27.1222	4.97949	6.40659e-05
22.0277	27.6505	4.96723	6.27388e-05
18.7229	29.5382	4.96174	6.71852e-05
17.2541	20.9431	4.96663	6.08155e-05
20.544	21.856	4.96095	6.03055e-05
17.2998	24.7062	4.98403	6.23829e-05
23.0771	23.3761	4.97146	6.01177e-05
26.1025	23.1861	4.96771	5.95273e-05
25.3391	26.1784	4.96825	6.06837e-05
17.2998	24.7062	4.98403	6.23829e-05
20.544	21.856	4.96095	6.03055e-05
20.3799	24.7062	4.97639	6.14574e-05
24.8405	21.1517	4.95244	5.93464e-05
26.1025	23.1861	4.96771	5.95273e-05
23.0771	23.3761	4.97146	6.01177e-05
20.544	21.856	4.96095	6.03055e-05
24.8405	21.1517	4.95244	5.93464e-05
23.0771	23.3761	4.97146	6.01177e-05
23.5785	19.1174	4.90434	5.92443e-05
26.4215	19.1174	4.93692	5.89675e-05
24.8405	21.1517	4.95244	5.93464e-05
31.199	26.5464	0.346587	6.12944e-05
30.7452	28.7831	4.9489	6.19495e-05
28.269	26.3624	4.95247	6.02388e-05
29.1279	22.9961	4.95996	5.92769e-05
31.199	26.5464	0.346587	6.12944e-05
28.269	26.3624	4.95247	6.02388e-05
32.7002	24.7062	4.95611	5.98211e-05
33.7508	28.5944	4.96446	6.16364e-05
31.199	26.5464	0.346587	6.12944e-05
20.544	21.856	4.96095	6.03055e-05
23.0771	23.3761	4.97146	6.01177e-05
20.3799	24.7062	4.97639	6.14574e-05
20.7355	19.1174	4.9023	5.97105e-05
20.544	21.856	4.96095	6.03055e-05
17.2541	20.9431	4.96663	6.08155e-05
17.7548	18.7251	4.93006	6.01874e-05
18.2554	16.5071	4.8573	5.97365e-05
20.7355	19.1174	4.9023	5.97105e-05
14.7591	18.4213	4.95774	6.06498e-05
17.7548	18.7251	4.93006	6.01874e-05
17.2541	20.9431	4.96663	6.08155e-05
14.7591	18.4213	4.95774	6.06498e-05
15.9817	15.8026	4.90107	5.99749e-05
17.7548	18.7251	4.93006	6.01874e-05
20.9532	16.5071	0.219872	6.0293e-05
23.5785	19.1174	4.90434	5.92443e-05
20.7355	19.1174	4.9023	5.97105e-05
23.5785	19.1174	4.90434	5.92443e-05
24.8405	21.1517	4.95244	5.93464e-05
20.544	21.856	4.96095	6.03055e-05
26.689	28.4246	4.95587	6.19423e-05
22.0277	27.6505	4.96723	6.27388e-05
25.3391	26.1784	4.96825	6.06837e-05
21.9612	30.6708	4.91959	6.78804e-05
18.6835	32.5943	4.9151	7.60968e-05
18.7229	29.5382	4.96174	6.71852e-05
20.7355	19.1174	4.9023	5.97105e-05
23.5785	19.1174	4.90434	5.92443e-05
20.544	21.856	4.96095	6.03055e-05
16.8484	14.0413	4.83095	5.96609e-05
19.5656	14.0413	0.180173	6.02705e-05
18.2554	16.5071	4.8573	5.97365e-05
16.8484	14.0413	4.83095	5.96609e-05
17.7988	12.3941	4.73015	5.94434e-05
19.5656	14.0413	0.180173	6.02705e-05
14.1312	14.0413	4.88875	6.00226e-05
16.8484	14.0413	4.83095	5.96609e-05
15.9817	15.8026	4.90107	5.99749e-05
15.1767	12.2293	4.80727	5.97307e-05
17.7988	12.3941	4.73015	5.94434e-05
16.8484	14.0413	4.83095	5.96609e-05
18.75	9.60269	0.0940731	6.02251e-05
21.25	9.60269	0.0671622	6.00177e-05
19.9458	11.7351	0.121595	6.01357e-05
24.3933	15.2742	0.209907	5.9795e-05
23.5785	19.1174	4.90434	5.92443e-05
20.9532	16.5071	0.219872	6.0293e-05
4.97956	24.7062	4.99723	6.50059e-05
4.19365	27.6505	4.99808	6.78642e-05
1.8995	24.7062	4.99787	6.54762e-05
8.74996	9.60269	0.187727	6.11298e-05
9.93237	11.8999	4.8444	6.03015e-05
7.31021	11.7351	4.8882	6.05202e-05
46.8029	37.0605	4.96719	7.77947e-05
43.6827	37.2565	4.93219	8.18315e-05
46.6062	33.7485	4.9861	6.85142e-05
41.9404	24.7062	4.99401	6.18551e-05
45.0204	24.7062	4.99595	6.24312e-05
42.7675	28.0281	4.99374	6.31218e-05
38.8603	24.7062	4.99039	6.11274e-05
41.9404	24.7062	4.99401	6.18551e-05
39.9888	27.0985	4.99128	6.21711e-05
41.2294	22.236	4.99099	6.10789e-05
44.3095	21.856	4.99317	6.1547e-05
41.9404	24.7062	4.99401	6.18551e-05
48.7787	27.6505	4.99652	6.38064e-05
49.3105	30.6708	4.99414	6.54008e-05
46.2478	30.8632	4.99279	6.52252e-05
26.1025	23.1861	4.96771	5.95273e-05
24.8405	21.1517	4.95244	5.93464e-05
28.8815	20.2128	4.96032	5.89343e-05
28.269	26.3624	4.95247	6.02388e-05
26.1025	23.1861	4.96771	5.95273e-05
29.1279	22.9961	4.95996	5.92769e-05
23.0771	23.3761	4.97146	6.01177e-05
22.0277	27.6505	4.96723	6.27388e-05
20.3799	24.7062	4.97639	6.14574e-05
12.8447	30.6708	4.98247	7.17447e-05
12.7112	34.5275	4.95977	9.0979e-05
9.49534	33.1714	4.98728	8.28574e-05
10.1383	27.6505	4.99423	6.70093e-05
12.8447	30.6708	4.98247	7.17447e-05
9.80591	30.6708	4.9911	7.3147e-05
14.3285	32.6965	4.959	7.93116e-05
18.6835	32.5943	4.9151	7.60968e-05
15.8122	34.7222	4.90231	8.99636e-05
25.1151	35.3065	0.247053	8.68986e-05
21.8846	36.8646	4.80164	0.000110372
21.9134	33.7485	0.257751	8.11654e-05
14.3285	32.6965	4.959	7.93116e-05
12.7112	34.5275	4.95977	9.0979e-05
12.8447	30.6708	4.98247	7.17447e-05
18.9132	34.917	4.85305	9.06229e-05
15.8122	34.7222	4.90231	8.99636e-05
18.6835	32.5943	4.9151	7.60968e-05
15.601	39.0202	0.242125	0.000165913
12.5385	36.8646	4.93727	0.000117684
15.8122	34.7222	4.90231	8.99636e-05
23.5785	19.1174	4.90434	5.92443e-05
24.3933	15.2742	0.209907	5.9795e-05
26.3489	16.5071	4.87533	5.8755e-05
28.8815	20.2128	4.96032	5.89343e-05
24.8405	21.1517	4.95244	5.93464e-05
26.4215	19.1174	4.93692	5.89675e-05
18.2554	16.5071	4.8573	5.97365e-05
17.7548	18.7251	4.93006	6.01874e-05
15.9817	15.8026	4.90107	5.99749e-05
14.6026	21.856	4.98212	6.17096e-05
17.2541	20.9431	4.96663	6.08155e-05
17.2998	24.7062	4.98403	6.23829e-05
15.9817	15.8026	4.90107	5.99749e-05
13.1778	15.9788	4.9391	6.04314e-05
14.1312	14.0413	4.88875	6.00226e-05
14.6026	21.856	4.98212	6.17096e-05
14.7591	18.4213	4.95774	6.06498e-05
17.2541	20.9431	4.96663	6.08155e-05
11.4404	21.3083	4.98728	6.21348e-05
14.001	23.9462	4.98869	6.28178e-05
10.9756	24.1362	4.99301	6.3607e-05
30.001	14.922	4.90017	5.8586e-05
30.9096	13.2177	4.84685	5.85411e-05
33.1516	14.0413	4.86586	5.86348e-05
31.7446	16.5071	4.9336	5.87342e-05
30.001	14.922	4.90017	5.8586e-05
33.1516	14.0413	4.86586	5.86348e-05
25.6653	12.8882	4.73496	5.87056e-05
27.0253	10.7509	4.67903	5.86569e-05
28.2875	13.053	4.82902	5.85648e-05
25.6653	12.8882	4.73496	5.87056e-05
28.2875	13.053	4.82902	5.85648e-05
26.3489	16.5071	4.87533	5.8755e-05
33.75	9.60269	0.104192	5.9457e-05
36.25	9.60269	0.0982962	5.94895e-05
35.1085	11.7351	0.177066	5.95348e-05
39.693	16.8552	4.95592	5.96378e-05
41.2166	14.2175	4.91801	5.93485e-05
42.536	16.5071	4.96534	5.99681e-05
28.8815	20.2128	4.96032	5.89343e-05
26.4215	19.1174	4.93692	5.89675e-05
28.6113	17.5512	4.93332	5.87344e-05
40.625	40	0.217718	0.000113687
43.75	40	4.86502	0.000106811
43.6923	43.1354	0.238359	0.00018279
34.399	40.9798	0.0986958	0.000141681
37.5	40	4.72202	0.000104377
37.5191	43.9145	0.134726	0.00029635
40.5769	36.8646	4.90888	8.06967e-05
43.6827	37.2565	4.93219	8.18315e-05
40.625	40	0.217718	0.000113687
37.3464	33.7485	4.95334	6.82069e-05
33.997	31.6326	4.95981	6.43994e-05
37.1553	30.6708	4.97865	6.43342e-05
40.625	40	0.217718	0.000113687
37.5	40	4.72202	0.000104377
40.5769	36.8646	4.90888	8.06967e-05
37.4615	36.8646	4.86457	7.36211e-05
34.1596	34.7385	4.8882	6.29522e-05
37.3464	33.7485	4.95334	6.82069e-05
46.2478	30.8632	4.99279	6.52252e-05
45.7731	27.8393	4.99578	6.35584e-05
48.7787	27.6505	4.99652	6.38064e-05
49.6928	33.7485	4.98846	6.88468e-05
46.6062	33.7485	4.9861	6.85142e-05
49.3105	30.6708	4.99414	6.54008e-05
40.1941	30.6708	4.9868	6.47305e-05
37.1553	30.6708	4.97865	6.43342e-05
36.8893	27.6505	4.98384	6.16899e-05
43.2329	30.6708	4.99019	6.48115e-05
40.1941	30.6708	4.9868	6.47305e-05
42.7675	28.0281	4.99374	6.31218e-05
40.433	33.7485	4.96947	6.99795e-05
37.3464	33.7485	4.95334	6.82069e-05
40.1941	30.6708	4.9868	6.47305e-05
31.3171	35.696	4.83138	6.61039e-05
31.2019	38.0404	0.157631	7.93182e-05
28.1154	36.8646	4.83417	9.31558e-05
33.997	31.6326	4.95981	6.43994e-05
34.1596	34.7385	4.8882	6.29522e-05
30.9343	31.8249	4.95221	6.56585e-05
34.3221	37.8444	0.169643	6.37451e-05
31.2019	38.0404	0.157631	7.93182e-05
31.3171	35.696	4.83138	6.61039e-05
37.5	40	4.72202	0.000104377
34.3221	37.8444	0.169643	6.37451e-05
37.4615	36.8646	4.86457	7.36211e-05
34.399	40.9798	0.0986958	0.000141681
31.2019	38.0404	0.157631	7.93182e-05
34.3221	37.8444	0.169643	6.37451e-05
40.1941	30.6708	4.9868	6.47305e-05
39.9888	27.0985	4.99128	6.21711e-05
42.7675	28.0281	4.99374	6.31218e-05
7.16598	27.6505	4.99686	6.74308e-05
8.05963	24.7062	4.9958	6.45357e-05
10.1383	27.6505	4.99423	6.70093e-05
3.69504	30.482	4.99807	7.27708e-05
4.19365	27.6505	4.99808	6.78642e-05
6.70061	30.2933	4.99628	7.21053e-05
4.97956	24.7062	4.99723	6.50059e-05
8.05963	24.7062	4.9958	6.45357e-05
7.16598	27.6505	4.99686	6.74308e-05
2.71986	21.856	4.99601	6.37082e-05
4.97956	24.7062	4.99723	6.50059e-05
1.8995	24.7062	4.99787	6.54762e-05
14.001	23.9462	4.98869	6.28178e-05
11.4404	21.3083	4.98728	6.21348e-05
14.6026	21.856	4.98212	6.17096e-05
13.1107	27.6505	4.98984	6.6231e-05
10.9756	24.1362	4.99301	6.3607e-05
14.001	23.9462	4.98869	6.28178e-05
8.66123	21.856	4.99229	6.28535e-05
5.62671	21.6734	4.99446	6.32219e-05
6.52038	19.1174	4.98815	6.21546e-05
12.2064	19.1174	4.97599	6.12784e-05
11.4404	21.3083	4.98728	6.21348e-05
9.3634	19.1174	4.98329	6.17497e-05
8.05963	24.7062	4.9958	6.45357e-05
5.62671	21.6734	4.99446	6.32219e-05
8.66123	21.856	4.99229	6.28535e-05
44.3095	21.856	4.99317	6.1547e-05
41.2294	22.236	4.99099	6.10789e-05
43.4158	19.3	4.98581	6.07559e-05
45.7731	27.8393	4.99578	6.35584e-05
45.0204	24.7062	4.99595	6.24312e-05
48.1005	24.7062	4.99674	6.27844e-05
38.8603	24.7062	4.99039	6.11274e-05
36.8893	27.6505	4.98384	6.16899e-05
35.7802	24.7062	4.98181	6.03521e-05
45.7731	27.8393	4.99578	6.35584e-05
42.7675	28.0281	4.99374	6.31218e-05
45.0204	24.7062	4.99595	6.24312e-05
43.2329	30.6708	4.99019	6.48115e-05
46.2478	30.8632	4.99279	6.52252e-05
43.5196	33.7485	4.97756	6.92809e-05
40.433	33.7485	4.96947	6.99795e-05
43.2329	30.6708	4.99019	6.48115e-05
43.5196	33.7485	4.97756	6.92809e-05
42.7675	28.0281	4.99374	6.31218e-05
45.7731	27.8393	4.99578	6.35584e-05
43.2329	30.6708	4.99019	6.48115e-05
41.9404	24.7062	4.99401	6.18551e-05
42.7675	28.0281	4.99374	6.31218e-05
39.9888	27.0985	4.99128	6.21711e-05
45.7731	27.8393	4.99578	6.35584e-05
46.2478	30.8632	4.99279	6.52252e-05
43.2329	30.6708	4.99019	6.48115e-05
8.69678	14.0413	4.93327	6.07206e-05
5.97957	14.0413	4.95454	6.10048e-05
7.31021	11.7351	4.8882	6.05202e-05
10.1618	16.5071	4.9624	6.09828e-05
8.69678	14.0413	4.93327	6.07206e-05
11.414	14.0413	4.91231	6.03876e-05
7.464	16.5071	4.97259	6.13398e-05
4.76616	16.5071	4.98056	6.16514e-05
5.97957	14.0413	4.95454	6.10048e-05
10.1618	16.5071	4.9624	6.09828e-05
7.464	16.5071	4.97259	6.13398e-05
8.69678	14.0413	4.93327	6.07206e-05
10.1618	16.5071	4.9624	6.09828e-05
9.3634	19.1174	4.98329	6.17497e-05
7.464	16.5071	4.97259	6.13398e-05
9.42308	36.8646	4.97904	0.00011866
9.49534	33.1714	4.98728	8.28574e-05
12.7112	34.5275	4.95977	9.0979e-05
12.5	40	4.93111	0.000197873
9.36058	39.4121	4.97803	0.000177969
12.5385	36.8646	4.93727	0.000117684
9.36058	39.4121	4.97803	0.000177969
6.30769	36.8646	4.99253	0.000115045
9.42308	36.8646	4.97904	0.00011866
3.19231	36.8646	4.99699	0.000113209
3.40821	33.9432	4.99756	8.60722e-05
6.30769	36.8646	4.99253	0.000115045
0.076922	36.8646	4.99801	0.000111175
3.19231	36.8646	4.99699	0.000113209
3.125	40	4.99667	0.000185186
0.076922	36.8646	4.99801	0.000111175
0.307214	33.7485	4.99834	8.46821e-05
3.19231	36.8646	4.99699	0.000113209
6.70061	30.2933	4.99628	7.21053e-05
9.80591	30.6708	4.9911	7.3147e-05
9.49534	33.1714	4.98728	8.28574e-05
2.71986	21.856	4.99601	6.37082e-05
5.62671	21.6734	4.99446	6.32219e-05
4.97956	24.7062	4.99723	6.50059e-05
18.0114	27.1222	4.97949	6.40659e-05
15.7173	29.727	4.97705	6.85627e-05
15.2052	26.1784	4.98764	6.40914e-05
43.5196	33.7485	4.97756	6.92809e-05
40.5769	36.8646	4.90888	8.06967e-05
40.433	33.7485	4.96947	6.99795e-05
49.9231	36.8646	4.97472	7.82265e-05
46.8029	37.0605	4.96719	7.77947e-05
49.6928	33.7485	4.98846	6.88468e-05
43.75	40	4.86502	0.000106811
40.625	40	0.217718	0.000113687
43.6827	37.2565	4.93219	8.18315e-05
13.1107	27.6505	4.98984	6.6231e-05
15.7173	29.727	4.97705	6.85627e-05
12.8447	30.6708	4.98247	7.17447e-05
10.9756	24.1362	4.99301	6.3607e-05
13.1107	27.6505	4.98984	6.6231e-05
10.1383	27.6505	4.99423	6.70093e-05
15.2052	26.1784	4.98764	6.40914e-05
17.2998	24.7062	4.98403	6.23829e-05
18.0114	27.1222	4.97949	6.40659e-05
14.001	23.9462	4.98869	6.28178e-05
15.2052	26.1784	4.98764	6.40914e-05
13.1107	27.6505	4.98984	6.6231e-05
14.001	23.9462	4.98869	6.28178e-05
17.2998	24.7062	4.98403	6.23829e-05
15.2052	26.1784	4.98764	6.40914e-05
46.6062	33.7485	4.9861	6.85142e-05
43.6827	37.2565	4.93219	8.18315e-05
43.5196	33.7485	4.97756	6.92809e-05
50	40	4.95845	9.84248e-05
46.8029	37.0605	4.96719	7.77947e-05
49.9231	36.8646	4.97472	7.82265e-05
46.8798	40.196	4.93369	0.000107545
43.75	40	4.86502	0.000106811
46.8029	37.0605	4.96719	7.77947e-05
21.9014	39.3141	0.234521	0.000166931
21.9183	41.7637	4.84039	0.000302788
18.7981	41.9596	0.229238	0.000305106
25	40	4.86343	0.000169291
21.9014	39.3141	0.234521	0.000166931
21.8846	36.8646	4.80164	0.000110372
25	40	4.86343	0.000169291
21.9183	41.7637	4.84039	0.000302788
21.9014	39.3141	0.234521	0.000166931
22.0142	44.8882	4.89518	0.000727927
18.7981	41.9596	0.229238	0.000305106
21.9183	41.7637	4.84039	0.000302788
3.69504	30.482	4.99807	7.27708e-05
3.40821	33.9432	4.99756	8.60722e-05
0.68946	30.6708	4.99858	7.35271e-05
1.22131	27.6505	4.9985	6.83409e-05
3.69504	30.482	4.99807	7.27708e-05
0.68946	30.6708	4.99858	7.35271e-05
6.70061	30.2933	4.99628	7.21053e-05
6.43263	33.3637	4.99495	8.28978e-05
3.69504	30.482	4.99807	7.27708e-05
43.5196	33.7485	4.97756	6.92809e-05
43.6827	37.2565	4.93219	8.18315e-05
40.5769	36.8646	4.90888	8.06967e-05
40.1941	30.6708	4.9868	6.47305e-05
43.2329	30.6708	4.99019	6.48115e-05
40.433	33.7485	4.96947	6.99795e-05
46.6062	33.7485	4.9861	6.85142e-05
49.6928	33.7485	4.98846	6.88468e-05
46.8029	37.0605	4.96719	7.77947e-05
46.2478	30.8632	4.99279	6.52252e-05
46.6062	33.7485	4.9861	6.85142e-05
43.5196	33.7485	4.97756	6.92809e-05
46.2478	30.8632	4.99279	6.52252e-05
49.3105	30.6708	4.99414	6.54008e-05
46.6062	33.7485	4.9861	6.85142e-05
46.8798	40.196	4.93369	0.000107545
46.8029	37.0605	4.96719	7.77947e-05
50	40	4.95845	9.84248e-05
9.4375	42.5475	4.98179	0.000372913
6.24038	39.6081	4.99226	0.000174371
9.36058	39.4121	4.97803	0.000177969
9.49534	33.1714	4.98728	8.28574e-05
9.80591	30.6708	4.9911	7.3147e-05
12.8447	30.6708	4.98247	7.17447e-05
12.5385	36.8646	4.93727	0.000117684
9.42308	36.8646	4.97904	0.00011866
12.7112	34.5275	4.95977	9.0979e-05
6.43263	33.3637	4.99495	8.28978e-05
6.70061	30.2933	4.99628	7.21053e-05
9.49534	33.1714	4.98728	8.28574e-05
4.19365	27.6505	4.99808	6.78642e-05
4.97956	24.7062	4.99723	6.50059e-05
7.16598	27.6505	4.99686	6.74308e-05
1.22131	27.6505	4.9985	6.83409e-05
4.19365	27.6505	4.99808	6.78642e-05
3.69504	30.482	4.99807	7.27708e-05
1.22131	27.6505	4.9985	6.83409e-05
1.8995	24.7062	4.99787	6.54762e-05
4.19365	27.6505	4.99808	6.78642e-05
6.70061	30.2933	4.99628	7.21053e-05
4.19365	27.6505	4.99808	6.78642e-05
7.16598	27.6505	4.99686	6.74308e-05
18.7229	29.5382	4.96174	6.71852e-05
22.0277	27.6505	4.96723	6.27388e-05
21.9612	30.6708	4.91959	6.78804e-05
14.3285	32.6965	4.959	7.93116e-05
12.8447	30.6708	4.98247	7.17447e-05
15.7173	29.727	4.97705	6.85627e-05
18.6835	32.5943	4.9151	7.60968e-05
14.3285	32.6965	4.959	7.93116e-05
15.7173	29.727	4.97705	6.85627e-05
15.8122	34.7222	4.90231	8.99636e-05
12.7112	34.5275	4.95977	9.0979e-05
14.3285	32.6965	4.959	7.93116e-05
18.0114	27.1222	4.97949	6.40659e-05
20.3799	24.7062	4.97639	6.14574e-05
22.0277	27.6505	4.96723	6.27388e-05
3.40821	33.9432	4.99756	8.60722e-05
3.69504	30.482	4.99807	7.27708e-05
6.43263	33.3637	4.99495	8.28978e-05
46.8077	43.1354	4.91055	0.000166307
43.6923	43.1354	0.238359	0.00018279
46.8798	40.196	4.93369	0.000107545
49.9231	43.1354	4.94765	0.000158224
46.8077	43.1354	4.91055	0.000166307
46.8798	40.196	4.93369	0.000107545
46.2717	49.3292	4.95679	0.000682983
49.3105	49.3292	4.96651	0.000593024
48.7787	52.3495	4.96503	0.00135205
43.5196	46.2515	4.87288	0.000359229
46.2717	49.3292	4.95679	0.000682983
43.2329	49.3292	4.92885	0.000817456
40.433	46.2515	4.79473	0.000423096
43.5196	46.2515	4.87288	0.000359229
43.2329	49.3292	4.92885	0.000817456
43.6923	43.1354	0.238359	0.00018279
46.8077	43.1354	4.91055	0.000166307
46.6062	46.2515	4.93153	0.000311025
46.6062	46.2515	4.93153	0.000311025
49.3105	49.3292	4.96651	0.000593024
46.2717	49.3292	4.95679	0.000682983
6.30769	36.8646	4.99253	0.000115045
6.43263	33.3637	4.99495	8.28978e-05
9.42308	36.8646	4.97904	0.00011866
3.125	40	4.99667	0.000185186
3.19231	36.8646	4.99699	0.000113209
6.24038	39.6081	4.99226	0.000174371
3.40821	33.9432	4.99756	8.60722e-05
6.43263	33.3637	4.99495	8.28978e-05
6.30769	36.8646	4.99253	0.000115045
0.307214	33.7485	4.99834	8.46821e-05
3.40821	33.9432	4.99756	8.60722e-05
3.19231	36.8646	4.99699	0.000113209
0.307214	33.7485	4.99834	8.46821e-05
0.68946	30.6708	4.99858	7.35271e-05
3.40821	33.9432	4.99756	8.60722e-05
