25	30.6708	4.91993	6.82803e-05
28.0866	33.7485	4.90255	7.70794e-05
25.1151	35.3065	0.247394	9.01939e-05
22.0277	27.6505	4.9672	6.55983e-05
25	30.6708	4.91993	6.82803e-05
21.9612	30.6708	4.91947	7.07515e-05
26.689	28.4246	4.95568	6.46651e-05
28.269	26.3624	4.9524	6.30055e-05
30.7452	28.7831	4.94877	6.47155e-05
25	30.6708	4.91993	6.82803e-05
26.689	28.4246	4.95568	6.46651e-05
28.0388	30.6708	4.94623	6.79825e-05
25.3391	26.1784	4.96821	6.34848e-05
28.269	26.3624	4.9524	6.30055e-05
26.689	28.4246	4.95568	6.46651e-05
28.0388	30.6708	4.94623	6.79825e-05
30.9343	31.8249	4.95366	6.90662e-05
28.0866	33.7485	4.90255	7.70794e-05
22.0277	27.6505	4.9672	6.55983e-05
26.689	28.4246	4.95568	6.46651e-05
25	30.6708	4.91993	6.82803e-05
30.7452	28.7831	4.94877	6.47155e-05
30.9343	31.8249	4.95366	6.90662e-05
28.0388	30.6708	4.94623	6.79825e-05
26.689	28.4246	4.95568	6.46651e-05
30.7452	28.7831	4.94877	6.47155e-05
28.0388	30.6708	4.94623	6.79825e-05
26.1025	23.1861	4.96771	6.23343e-05
28.269	26.3624	4.9524	6.30055e-05
25.3391	26.1784	4.96821	6.34848e-05
29.1279	22.9961	4.95996	6.20768e-05
32.7002	24.7062	4.95609	6.26278e-05
31.199	26.5464	0.346496	6.41042e-05
33.7508	28.5944	4.96432	6.4409e-05
30.9343	31.8249	4.95366	6.90662e-05
30.7452	28.7831	4.94877	6.47155e-05
31.199	26.5464	0.346496	6.41042e-05
33.7508	28.5944	4.96432	6.4409e-05
30.7452	28.7831	4.94877	6.47155e-05
37.4615	36.8646	4.86773	7.68545e-05
40.433	33.7485	4.96998	7.31778e-05
40.5769	36.8646	4.91056	8.44198e-05
36.8893	27.6505	4.9838	6.4549e-05
37.1553	30.6708	4.97886	6.73012e-05
33.7508	28.5944	4.96432	6.4409e-05
36.8893	27.6505	4.9838	6.4549e-05
39.9888	27.0985	4.99127	6.50998e-05
40.1941	30.6708	4.98662	6.76086e-05
34.9506	19.1174	4.96897	6.21274e-05
34.4425	16.5071	4.9342	6.1734e-05
37.1403	16.5071	4.9387	6.20567e-05
38.204	22.4261	4.98751	6.33493e-05
35.1786	22.6161	4.98036	6.26919e-05
36.4861	20.8667	4.97918	6.26745e-05
32.1075	19.1174	4.96422	6.17841e-05
28.8815	20.2128	4.96034	6.17306e-05
28.6113	17.5512	4.93334	6.15257e-05
38.204	22.4261	4.98751	6.33493e-05
35.7802	24.7062	4.98182	6.32097e-05
35.1786	22.6161	4.98036	6.26919e-05
32.7002	24.7062	4.95609	6.26278e-05
29.1279	22.9961	4.95996	6.20768e-05
32.4267	21.856	4.97211	6.21312e-05
45.7731	27.8393	4.99581	6.65927e-05
48.1005	24.7062	4.99675	6.57926e-05
48.7787	27.6505	4.99654	6.68479e-05
38.8603	24.7062	4.99042	6.40421e-05
41.2294	22.236	4.991	6.40032e-05
41.9404	24.7062	4.99403	6.48154e-05
38.8603	24.7062	4.99042	6.40421e-05
38.204	22.4261	4.98751	6.33493e-05
41.2294	22.236	4.991	6.40032e-05
36.8893	27.6505	4.9838	6.4549e-05
38.8603	24.7062	4.99042	6.40421e-05
39.9888	27.0985	4.99127	6.50998e-05
35.7802	24.7062	4.98182	6.32097e-05
38.204	22.4261	4.98751	6.33493e-05
38.8603	24.7062	4.99042	6.40421e-05
33.7508	28.5944	4.96432	6.4409e-05
35.7802	24.7062	4.98182	6.32097e-05
36.8893	27.6505	4.9838	6.4549e-05
32.7002	24.7062	4.95609	6.26278e-05
32.4267	21.856	4.97211	6.21312e-05
35.1786	22.6161	4.98036	6.26919e-05
37.7936	19.1174	4.97311	6.26011e-05
40.5089	19.4825	4.98126	6.31975e-05
38.204	22.4261	4.98751	6.33493e-05
35.1786	22.6161	4.98036	6.26919e-05
32.4267	21.856	4.97211	6.21312e-05
34.9506	19.1174	4.96897	6.21274e-05
36.4861	20.8667	4.97918	6.26745e-05
35.1786	22.6161	4.98036	6.26919e-05
34.9506	19.1174	4.96897	6.21274e-05
37.7936	19.1174	4.97311	6.26011e-05
36.4861	20.8667	4.97918	6.26745e-05
34.9506	19.1174	4.96897	6.21274e-05
37.7936	19.1174	4.97311	6.26011e-05
38.204	22.4261	4.98751	6.33493e-05
36.4861	20.8667	4.97918	6.26745e-05
35.7802	24.7062	4.98182	6.32097e-05
32.7002	24.7062	4.95609	6.26278e-05
35.1786	22.6161	4.98036	6.26919e-05
33.7508	28.5944	4.96432	6.4409e-05
32.7002	24.7062	4.95609	6.26278e-05
35.7802	24.7062	4.98182	6.32097e-05
29.1279	22.9961	4.95996	6.20768e-05
28.8815	20.2128	4.96034	6.17306e-05
32.4267	21.856	4.97211	6.21312e-05
37.1403	16.5071	4.9387	6.20567e-05
39.693	16.8552	4.95594	6.24844e-05
37.7936	19.1174	4.97311	6.26011e-05
44.3095	21.856	4.99318	6.44999e-05
47.2801	21.856	4.99483	6.48833e-05
45.0204	24.7062	4.99597	6.54258e-05
41.9404	24.7062	4.99403	6.48154e-05
44.3095	21.856	4.99318	6.44999e-05
45.0204	24.7062	4.99597	6.54258e-05
43.4158	19.3	4.98582	6.36671e-05
46.3226	19.1174	4.98924	6.40108e-05
44.3095	21.856	4.99318	6.44999e-05
28.0866	46.2515	4.88432	0.000965057
31.0776	49.3292	4.83515	0.00226766
28.0388	49.3292	4.88438	0.00253764
25	43.1354	4.9	0.000396498
28.1154	43.1354	4.84903	0.000397289
28.0866	46.2515	4.88432	0.000965057
37.3464	46.2515	0.159583	0.000562452
34.3294	43.6157	0.109879	0.000329722
37.5191	43.9145	0.135726	0.000300031
31.226	43.7137	0.175779	0.000417289
31.2788	41.1758	0.140883	0.000197169
34.3294	43.6157	0.109879	0.000329722
28.0866	46.2515	4.88432	0.000965057
31.226	43.7137	0.175779	0.000417289
31.1732	46.2515	4.77474	0.000891507
28.1154	43.1354	4.84903	0.000397289
31.2788	41.1758	0.140883	0.000197169
31.226	43.7137	0.175779	0.000417289
25	46.2515	4.91333	0.00100289
25	43.1354	4.9	0.000396498
28.0866	46.2515	4.88432	0.000965057
28.125	40	4.81452	0.000170454
31.2788	41.1758	0.140883	0.000197169
28.1154	43.1354	4.84903	0.000397289
28.125	40	4.81452	0.000170454
31.2019	38.0404	0.147588	7.63147e-05
31.2788	41.1758	0.140883	0.000197169
31.2019	38.0404	0.147588	7.63147e-05
34.399	40.9798	0.0916451	0.000135605
31.2788	41.1758	0.140883	0.000197169
28.0866	33.7485	4.90255	7.70794e-05
31.3171	35.696	4.83318	6.83268e-05
28.1154	36.8646	4.8355	9.63128e-05
37.3464	33.7485	4.95544	7.17896e-05
37.1553	30.6708	4.97886	6.73012e-05
40.1941	30.6708	4.98662	6.76086e-05
37.4615	36.8646	4.86773	7.68545e-05
37.3464	33.7485	4.95544	7.17896e-05
40.433	33.7485	4.96998	7.31778e-05
37.4615	36.8646	4.86773	7.68545e-05
34.3221	37.8444	0.16934	5.9848e-05
34.1596	34.7385	4.89145	6.60391e-05
34.1596	34.7385	4.89145	6.60391e-05
33.997	31.6326	4.96108	6.76516e-05
37.3464	33.7485	4.95544	7.17896e-05
31.3171	35.696	4.83318	6.83268e-05
34.1596	34.7385	4.89145	6.60391e-05
34.3221	37.8444	0.16934	5.9848e-05
31.3171	35.696	4.83318	6.83268e-05
30.9343	31.8249	4.95366	6.90662e-05
34.1596	34.7385	4.89145	6.60391e-05
30.9343	31.8249	4.95366	6.90662e-05
33.7508	28.5944	4.96432	6.4409e-05
33.997	31.6326	4.96108	6.76516e-05
40.433	46.2515	4.7948	0.000426711
40.6201	43.7197	0.184458	0.00024132
43.5196	46.2515	4.87281	0.000362565
46.8029	37.0605	4.96717	8.08268e-05
43.75	40	4.8651	0.000109906
43.6827	37.2565	4.93216	8.48551e-05
49.9231	43.1354	4.94767	0.000161572
46.8798	40.196	4.93369	0.000110817
50	40	4.95848	0.000101533
49.9231	43.1354	4.94767	0.000161572
49.6928	46.2515	4.95583	0.000287417
46.8077	43.1354	4.91054	0.000169613
25	43.1354	4.9	0.000396498
25	46.2515	4.91333	0.00100289
22.0142	44.8882	4.89502	0.000724062
25	40	4.86408	0.000172587
25	43.1354	4.9	0.000396498
21.9183	41.7637	4.84028	0.000304379
25	40	4.86408	0.000172587
28.1154	43.1354	4.84903	0.000397289
25	43.1354	4.9	0.000396498
31.2019	38.0404	0.147588	7.63147e-05
28.125	40	4.81452	0.000170454
28.1154	36.8646	4.8355	9.63128e-05
28.1154	43.1354	4.84903	0.000397289
31.226	43.7137	0.175779	0.000417289
28.0866	46.2515	4.88432	0.000965057
18.7981	41.9596	0.229233	0.000307477
15.601	39.0202	0.242147	0.000169582
18.7212	38.8242	0.204257	0.000159206
17.2523	44.2036	4.88509	0.000649654
15.7402	46.2515	4.93848	0.00118979
14.1489	44.3016	4.94316	0.000661926
18.7981	41.9596	0.229233	0.000307477
17.2523	44.2036	4.88509	0.000649654
15.6779	42.1556	4.87309	0.000363121
18.8268	46.2515	4.90734	0.00109305
15.7402	46.2515	4.93848	0.00118979
17.2523	44.2036	4.88509	0.000649654
21.7462	47.598	4.88734	0.00175503
18.8268	46.2515	4.90734	0.00109305
22.0142	44.8882	4.89502	0.000724062
21.7462	47.598	4.88734	0.00175503
18.9224	49.3292	4.87469	0.00301414
18.8268	46.2515	4.90734	0.00109305
15.6779	42.1556	4.87309	0.000363121
15.601	39.0202	0.242147	0.000169582
18.7981	41.9596	0.229233	0.000307477
18.8268	46.2515	4.90734	0.00109305
17.2523	44.2036	4.88509	0.000649654
18.7981	41.9596	0.229233	0.000307477
14.1489	44.3016	4.94316	0.000661926
12.6536	46.2515	4.96897	0.00105029
12.5577	42.3516	4.95116	0.00036337
15.6779	42.1556	4.87309	0.000363121
14.1489	44.3016	4.94316	0.000661926
12.5577	42.3516	4.95116	0.00036337
15.7402	46.2515	4.93848	0.00118979
12.6536	46.2515	4.96897	0.00105029
14.1489	44.3016	4.94316	0.000661926
12.7118	50.0843	4.96259	0.00338904
12.6536	46.2515	4.96897	0.00105029
15.8835	49.3292	4.93599	0.0028738
16.083	52.3495	4.89518	0.00725352
13.1107	52.3495	4.94421	0.00641619
15.8835	49.3292	4.93599	0.0028738
18.9224	49.3292	4.87469	0.00301414
16.083	52.3495	4.89518	0.00725352
15.8835	49.3292	4.93599	0.0028738
13.1107	52.3495	4.94421	0.00641619
10.6893	54.7417	4.92768	0.0108602
10.1383	52.3495	4.9614	0.00578781
15.8835	49.3292	4.93599	0.0028738
13.1107	52.3495	4.94421	0.00641619
12.7118	50.0843	4.96259	0.00338904
14.2198	55.2938	4.89486	0.0151414
10.6893	54.7417	4.92768	0.0108602
13.1107	52.3495	4.94421	0.00641619
17.0264	56.2438	4.83684	0.0245981
14.2198	55.2938	4.89486	0.0151414
16.083	52.3495	4.89518	0.00725352
17.2808	59.0298	4.73062	0.0601058
17.5295	61.7527	0.0818974	4.56512
15.0494	60.8826	0.108569	0.05868
17.0264	56.2438	4.83684	0.0245981
17.2808	59.0298	4.73062	0.0601058
14.6026	58.144	4.78552	0.0310977
17.0264	56.2438	4.83684	0.0245981
20.0518	56.4338	4.77147	0.0284729
17.2808	59.0298	4.73062	0.0601058
7.16598	52.3495	4.96972	0.00572315
8.05963	55.2938	4.92422	0.0132363
4.92487	55.4838	4.93212	0.0155784
6.76709	49.3292	4.98637	0.00235625
7.16598	52.3495	4.96972	0.00572315
4.19365	52.3495	4.97534	0.00566792
10.1383	52.3495	4.9614	0.00578781
8.05963	55.2938	4.92422	0.0132363
7.16598	52.3495	4.96972	0.00572315
12.7118	50.0843	4.96259	0.00338904
10.1383	52.3495	4.9614	0.00578781
9.70619	49.8955	4.97758	0.00292147
10.6893	54.7417	4.92768	0.0108602
8.05963	55.2938	4.92422	0.0132363
10.1383	52.3495	4.9614	0.00578781
12.5577	42.3516	4.95116	0.00036337
12.5	40	4.93114	0.000201576
15.6779	42.1556	4.87309	0.000363121
9.61019	45.6673	4.98583	0.000824181
12.5577	42.3516	4.95116	0.00036337
12.6536	46.2515	4.96897	0.00105029
9.61019	45.6673	4.98583	0.000824181
6.31731	42.7435	4.9928	0.000364802
9.4375	42.5475	4.98183	0.000377343
-3.10282e-28	40	4.99767	0.00019615
3.125	40	4.99667	0.000188714
3.19711	42.9395	4.99625	0.00038136
-3.10282e-28	40	4.99767	0.00019615
0.076922	36.8646	4.99801	0.000114559
3.125	40	4.99667	0.000188714
46.6062	46.2515	4.93153	0.000314384
46.2717	49.3292	4.9568	0.000686453
43.5196	46.2515	4.87281	0.000362565
43.6923	43.1354	0.238306	0.000186103
46.6062	46.2515	4.93153	0.000314384
43.5196	46.2515	4.87281	0.000362565
49.6928	46.2515	4.95583	0.000287417
49.3105	49.3292	4.96652	0.000596488
46.6062	46.2515	4.93153	0.000314384
27.4517	72.3429	0.00263398	0.0232937
25	72.3429	0.00266626	0.028531
27.0253	69.2491	0.00572408	0.0531024
24.7277	76.3587	0.000983816	0.00959834
26.189	74.0896	0.00168249	0.0159773
27.2733	75.6267	0.00115551	0.0100433
24.7277	76.3587	0.000983816	0.00959834
23.0327	74.7883	0.00146045	0.0162432
26.189	74.0896	0.00168249	0.0159773
23.0339	79.8761	0.000683112	0.00639084
21.0802	79.5053	0.000779306	0.00734378
21.6827	78.0345	0.000816964	0.00787864
19.6759	76.9444	0.00102055	0.0094735
19.0551	74.0896	0.00190608	0.018612
21.4331	74.0896	0.0017928	0.020597
19.6759	76.9444	0.00102055	0.0094735
18.1801	75.6267	0.0014327	0.0125118
19.0551	74.0896	0.00190608	0.018612
21.4331	74.0896	0.0017928	0.020597
23.0327	74.7883	0.00146045	0.0162432
22.3999	76.5052	0.00101788	0.0105377
20.0967	72.3429	0.00295718	0.0349063
22.5483	72.3429	0.00281308	0.0373786
21.4331	74.0896	0.0017928	0.020597
16.5527	73.7985	0.00222036	0.0160119
17.645	72.3429	0.00308461	0.0240514
19.0551	74.0896	0.00190608	0.018612
19.193	69.7412	0.00642312	0.0610896
21.8037	69.5771	0.00599146	4.49375
20.0967	72.3429	0.00295718	0.0349063
21.8037	69.5771	0.00599146	4.49375
23.75	70.3973	0.00462804	0.0568133
22.5483	72.3429	0.00281308	0.0373786
21.6827	78.0345	0.000816964	0.00787864
19.1515	78.89	0.000895414	0.00809294
19.6759	76.9444	0.00102055	0.0094735
22.3999	76.5052	0.00101788	0.0105377
19.6759	76.9444	0.00102055	0.0094735
21.4331	74.0896	0.0017928	0.020597
22.3999	76.5052	0.00101788	0.0105377
21.6827	78.0345	0.000816964	0.00787864
19.6759	76.9444	0.00102055	0.0094735
24.7277	76.3587	0.000983816	0.00959834
22.3999	76.5052	0.00101788	0.0105377
23.0327	74.7883	0.00146045	0.0162432
24.7277	76.3587	0.000983816	0.00959834
24.9752	78.5234	0.000707589	0.00644417
23.329	78.279	0.000750919	0.00716624
21.0802	79.5053	0.000779306	0.00734378
19.1515	78.89	0.000895414	0.00809294
21.6827	78.0345	0.000816964	0.00787864
25	80	0.000666703	0.00599432
24.9752	78.5234	0.000707589	0.00644417
26.9661	79.8761	0.000654917	0.0054931
19.6759	76.9444	0.00102055	0.0094735
19.1515	78.89	0.000895414	0.00809294
17.2597	78.0345	0.00111245	0.00930466
28.3173	78.0345	0.000763158	0.006075
30.8485	78.89	0.000841386	0.00593727
28.9198	79.5053	0.00073012	0.0056702
18.1801	75.6267	0.0014327	0.0125118
19.6759	76.9444	0.00102055	0.0094735
17.2597	78.0345	0.00111245	0.00930466
15.4167	76.9444	0.00142602	0.010488
18.1801	75.6267	0.0014327	0.0125118
17.2597	78.0345	0.00111245	0.00930466
23.0327	74.7883	0.00146045	0.0162432
21.4331	74.0896	0.0017928	0.020597
22.5483	72.3429	0.00281308	0.0373786
15.4167	76.9444	0.00142602	0.010488
16.5527	73.7985	0.00222036	0.0160119
18.1801	75.6267	0.0014327	0.0125118
20.0967	72.3429	0.00295718	0.0349063
21.8037	69.5771	0.00599146	4.49375
22.5483	72.3429	0.00281308	0.0373786
15.4167	76.9444	0.00142602	0.010488
13.6336	75.6267	0.0021673	0.0134542
14.237	73.9441	0.00252864	0.0152035
29.3832	76.0659	0.00108019	0.00827732
31.3712	77.1646	0.00100999	0.00689065
28.3173	78.0345	0.000763158	0.006075
31.9219	75.3472	0.00137837	0.0091055
34.5833	76.9444	0.00134342	0.0078027
32.7403	78.0345	0.00102061	0.00658131
14.237	73.9441	0.00252864	0.0152035
11.9212	74.0896	0.0031984	0.0171099
12.7417	72.3429	0.00393198	0.0197747
11.25	70.3973	0.00691728	0.0304119
12.7417	72.3429	0.00393198	0.0197747
10.2901	72.3429	0.00522586	0.024906
17.645	72.3429	0.00308461	0.0240514
16.5527	73.7985	0.00222036	0.0160119
15.1934	72.3429	0.0033529	0.0194468
19.193	69.7412	0.00642312	0.0610896
17.645	72.3429	0.00308461	0.0240514
16.25	70.3973	0.00552936	0.0301893
20.0967	72.3429	0.00295718	0.0349063
19.0551	74.0896	0.00190608	0.018612
17.645	72.3429	0.00308461	0.0240514
19.0551	74.0896	0.00190608	0.018612
18.1801	75.6267	0.0014327	0.0125118
16.5527	73.7985	0.00222036	0.0160119
32.355	72.3429	0.00276547	0.0181587
34.8066	72.3429	0.0031365	0.0171384
33.3228	74.0896	0.00191309	0.0115528
33.3228	74.0896	0.00191309	0.0115528
31.9219	75.3472	0.00137837	0.0091055
30.9297	73.8705	0.00182154	0.0130768
35.7008	74.0896	0.00234452	0.0123503
33.3228	74.0896	0.00191309	0.0115528
34.8066	72.3429	0.0031365	0.0171384
34.5833	76.9444	0.00134342	0.0078027
31.9219	75.3472	0.00137837	0.0091055
33.3228	74.0896	0.00191309	0.0115528
17.4187	68.2649	0.0103237	0.0579285
14.8915	68.2649	0.01034	0.039787
16.8484	65.9587	0.0204476	0.0771733
16.25	70.3973	0.00552936	0.0301893
13.513	70.6966	0.00545936	0.0245993
14.8915	68.2649	0.01034	0.039787
19.193	69.7412	0.00642312	0.0610896
16.25	70.3973	0.00552936	0.0301893
17.4187	68.2649	0.0103237	0.0579285
15.1934	72.3429	0.0033529	0.0194468
14.237	73.9441	0.00252864	0.0152035
12.7417	72.3429	0.00393198	0.0197747
17.645	72.3429	0.00308461	0.0240514
15.1934	72.3429	0.0033529	0.0194468
16.25	70.3973	0.00552936	0.0301893
16.5527	73.7985	0.00222036	0.0160119
14.237	73.9441	0.00252864	0.0152035
15.1934	72.3429	0.0033529	0.0194468
12.7417	72.3429	0.00393198	0.0197747
11.25	70.3973	0.00691728	0.0304119
13.513	70.6966	0.00545936	0.0245993
8.74996	70.3973	0.00915272	0.0425951
11.25	70.3973	0.00691728	0.0304119
10.2901	72.3429	0.00522586	0.024906
12.3644	68.2649	0.0112024	0.040088
13.846	66.4528	0.0182714	0.0466545
14.8915	68.2649	0.01034	0.039787
9.83732	68.2649	0.0130521	0.060408
12.3644	68.2649	0.0112024	0.040088
11.25	70.3973	0.00691728	0.0304119
9.83732	68.2649	0.0130521	0.060408
11.414	65.9587	0.0225375	0.0602112
12.3644	68.2649	0.0112024	0.040088
9.83732	68.2649	0.0130521	0.060408
11.25	70.3973	0.00691728	0.0304119
8.74996	70.3973	0.00915272	0.0425951
14.8915	68.2649	0.01034	0.039787
13.513	70.6966	0.00545936	0.0245993
12.3644	68.2649	0.0112024	0.040088
15.1934	72.3429	0.0033529	0.0194468
12.7417	72.3429	0.00393198	0.0197747
13.513	70.6966	0.00545936	0.0245993
15.4167	76.9444	0.00142602	0.010488
14.237	73.9441	0.00252864	0.0152035
16.5527	73.7985	0.00222036	0.0160119
13.6336	75.6267	0.0021673	0.0134542
11.9212	74.0896	0.0031984	0.0171099
14.237	73.9441	0.00252864	0.0152035
11.9212	74.0896	0.0031984	0.0171099
10.2901	72.3429	0.00522586	0.024906
12.7417	72.3429	0.00393198	0.0197747
7.31021	68.2649	0.0170033	0.0900139
9.83732	68.2649	0.0130521	0.060408
8.74996	70.3973	0.00915272	0.0425951
7.31021	68.2649	0.0170033	0.0900139
5.97957	65.9587	0.0339087	4.6088
8.78345	65.7825	0.0273973	4.54057
28.3173	78.0345	0.000763158	0.006075
28.9198	79.5053	0.00073012	0.0056702
26.9661	79.8761	0.000654917	0.0054931
31.3712	77.1646	0.00100999	0.00689065
31.9219	75.3472	0.00137837	0.0091055
32.7403	78.0345	0.00102061	0.00658131
28.3173	78.0345	0.000763158	0.006075
31.3712	77.1646	0.00100999	0.00689065
30.8485	78.89	0.000841386	0.00593727
29.3832	76.0659	0.00108019	0.00827732
31.9219	75.3472	0.00137837	0.0091055
31.3712	77.1646	0.00100999	0.00689065
27.2733	75.6267	0.00115551	0.0100433
29.3832	76.0659	0.00108019	0.00827732
28.3173	78.0345	0.000763158	0.006075
28.5669	74.0896	0.00167516	0.0137425
29.9033	72.3429	0.00264419	0.021025
30.9297	73.8705	0.00182154	0.0130768
27.2733	75.6267	0.00115551	0.0100433
28.5669	74.0896	0.00167516	0.0137425
29.3832	76.0659	0.00108019	0.00827732
27.2733	75.6267	0.00115551	0.0100433
26.189	74.0896	0.00168249	0.0159773
28.5669	74.0896	0.00167516	0.0137425
26.2439	77.6257	0.000788087	0.00696059
27.2733	75.6267	0.00115551	0.0100433
28.3173	78.0345	0.000763158	0.006075
26.9661	79.8761	0.000654917	0.0054931
26.2439	77.6257	0.000788087	0.00696059
28.3173	78.0345	0.000763158	0.006075
24.9752	78.5234	0.000707589	0.00644417
24.7277	76.3587	0.000983816	0.00959834
26.2439	77.6257	0.000788087	0.00696059
31.0572	70.658	0.00415408	0.0324903
30.0542	68.2649	0.0077389	4.39504
32.2468	68.921	0.00671627	0.0440013
31.0572	70.658	0.00415408	0.0324903
28.75	70.3973	0.00439961	0.0393525
30.0542	68.2649	0.0077389	4.39504
33.75	70.3973	0.00483263	0.0265989
31.0572	70.658	0.00415408	0.0324903
32.2468	68.921	0.00671627	0.0440013
29.9033	72.3429	0.00264419	0.021025
28.75	70.3973	0.00439961	0.0393525
31.0572	70.658	0.00415408	0.0324903
30.9297	73.8705	0.00182154	0.0130768
29.9033	72.3429	0.00264419	0.021025
32.355	72.3429	0.00276547	0.0181587
33.3228	74.0896	0.00191309	0.0115528
30.9297	73.8705	0.00182154	0.0130768
32.355	72.3429	0.00276547	0.0181587
31.9219	75.3472	0.00137837	0.0091055
29.3832	76.0659	0.00108019	0.00827732
30.9297	73.8705	0.00182154	0.0130768
28.5669	74.0896	0.00167516	0.0137425
26.189	74.0896	0.00168249	0.0159773
27.4517	72.3429	0.00263398	0.0232937
25	72.3429	0.00266626	0.028531
23.75	70.3973	0.00462804	0.0568133
27.0253	69.2491	0.00572408	0.0531024
26.9661	79.8761	0.000654917	0.0054931
24.9752	78.5234	0.000707589	0.00644417
26.2439	77.6257	0.000788087	0.00696059
27.0253	69.2491	0.00572408	0.0531024
24.3347	67.1118	0.0103651	0.103775
26.9568	67.2765	0.00919937	0.0752905
19.0904	66.7823	0.015418	0.103378
19.999	65.078	0.0258906	4.62256
22.2828	65.9587	0.015966	4.63032
17.4187	68.2649	0.0103237	0.0579285
19.0904	66.7823	0.015418	0.103378
19.193	69.7412	0.00642312	0.0610896
17.4187	68.2649	0.0103237	0.0579285
16.8484	65.9587	0.0204476	0.0771733
19.0904	66.7823	0.015418	0.103378
27.4517	72.3429	0.00263398	0.0232937
28.75	70.3973	0.00439961	0.0393525
29.9033	72.3429	0.00264419	0.021025
28.5669	74.0896	0.00167516	0.0137425
27.4517	72.3429	0.00263398	0.0232937
29.9033	72.3429	0.00264419	0.021025
26.189	74.0896	0.00168249	0.0159773
25	72.3429	0.00266626	0.028531
27.4517	72.3429	0.00263398	0.0232937
27.0253	69.2491	0.00572408	0.0531024
26.9568	67.2765	0.00919937	0.0752905
30.0542	68.2649	0.0077389	4.39504
27.4517	72.3429	0.00263398	0.0232937
27.0253	69.2491	0.00572408	0.0531024
28.75	70.3973	0.00439961	0.0393525
23.75	70.3973	0.00462804	0.0568133
24.3347	67.1118	0.0103651	0.103775
27.0253	69.2491	0.00572408	0.0531024
34.8233	67.7707	0.0105754	0.0460204
37.4455	67.9354	0.0119222	4.3405
36.25	70.3973	0.00559708	0.0298946
31.3712	77.1646	0.00100999	0.00689065
32.7403	78.0345	0.00102061	0.00658131
30.8485	78.89	0.000841386	0.00593727
23.329	78.279	0.000750919	0.00716624
22.3999	76.5052	0.00101788	0.0105377
24.7277	76.3587	0.000983816	0.00959834
23.0339	79.8761	0.000683112	0.00639084
23.329	78.279	0.000750919	0.00716624
24.9752	78.5234	0.000707589	0.00644417
21.6827	78.0345	0.000816964	0.00787864
22.3999	76.5052	0.00101788	0.0105377
23.329	78.279	0.000750919	0.00716624
21.6827	78.0345	0.000816964	0.00787864
23.329	78.279	0.000750919	0.00716624
23.0339	79.8761	0.000683112	0.00639084
25	72.3429	0.00266626	0.028531
26.189	74.0896	0.00168249	0.0159773
23.0327	74.7883	0.00146045	0.0162432
27.2733	75.6267	0.00115551	0.0100433
26.2439	77.6257	0.000788087	0.00696059
24.7277	76.3587	0.000983816	0.00959834
25	80	0.000666703	0.00599432
23.0339	79.8761	0.000683112	0.00639084
24.9752	78.5234	0.000707589	0.00644417
35.7008	74.0896	0.00234452	0.0123503
37.3942	72.4885	0.00381181	0.0182494
38.0788	74.0896	0.00315441	0.0150409
34.5833	76.9444	0.00134342	0.0078027
35.7008	74.0896	0.00234452	0.0123503
36.3664	75.6267	0.0020709	0.0109119
34.8066	72.3429	0.0031365	0.0171384
37.3942	72.4885	0.00381181	0.0182494
35.7008	74.0896	0.00234452	0.0123503
34.5833	76.9444	0.00134342	0.0078027
33.3228	74.0896	0.00191309	0.0115528
35.7008	74.0896	0.00234452	0.0123503
33.75	70.3973	0.00483263	0.0265989
36.25	70.3973	0.00559708	0.0298946
34.8066	72.3429	0.0031365	0.0171384
35.7008	74.0896	0.00234452	0.0123503
38.0788	74.0896	0.00315441	0.0150409
36.3664	75.6267	0.0020709	0.0109119
37.4455	67.9354	0.0119222	4.3405
38.75	70.3973	0.0069087	0.0298582
36.25	70.3973	0.00559708	0.0298946
39.7099	72.3429	0.00526265	0.0216677
38.0788	74.0896	0.00315441	0.0150409
37.3942	72.4885	0.00381181	0.0182494
36.25	70.3973	0.00559708	0.0298946
33.75	70.3973	0.00483263	0.0265989
34.8233	67.7707	0.0105754	0.0460204
37.3942	72.4885	0.00381181	0.0182494
36.25	70.3973	0.00559708	0.0298946
38.75	70.3973	0.0069087	0.0298582
37.3942	72.4885	0.00381181	0.0182494
34.8066	72.3429	0.0031365	0.0171384
36.25	70.3973	0.00559708	0.0298946
15.5575	63.4929	0.0490417	0.0727539
16.8484	65.9587	0.0204476	0.0771733
13.846	66.4528	0.0182714	0.0466545
11.414	65.9587	0.0225375	0.0602112
12.8597	63.4929	0.0467766	0.0519813
13.846	66.4528	0.0182714	0.0466545
15.0494	60.8826	0.108569	0.05868
17.5295	61.7527	0.0818974	4.56512
15.5575	63.4929	0.0490417	0.0727539
15.5575	63.4929	0.0490417	0.0727539
17.5295	61.7527	0.0818974	4.56512
16.8484	65.9587	0.0204476	0.0771733
11.6319	58.144	4.7849	0.0243409
14.6026	58.144	4.78552	0.0310977
12.3979	60.3349	0.124563	0.0377796
14.6026	58.144	4.78552	0.0310977
17.2808	59.0298	4.73062	0.0601058
15.0494	60.8826	0.108569	0.05868
20.363	63.0044	0.0492392	4.62968
19.999	65.078	0.0258906	4.62256
17.5295	61.7527	0.0818974	4.56512
20.7355	60.8826	0.0924579	4.55377
20.363	63.0044	0.0492392	4.62968
17.5295	61.7527	0.0818974	4.56512
20.7355	60.8826	0.0924579	4.55377
23.0704	62.1007	0.0462551	0.10527
20.363	63.0044	0.0492392	4.62968
11.6319	58.144	4.7849	0.0243409
10.6893	54.7417	4.92768	0.0108602
14.2198	55.2938	4.89486	0.0151414
9.3634	60.8826	0.113197	0.0524489
11.6319	58.144	4.7849	0.0243409
12.3979	60.3349	0.124563	0.0377796
8.66123	58.144	4.80903	0.0273269
10.6893	54.7417	4.92768	0.0108602
11.6319	58.144	4.7849	0.0243409
5.69054	58.144	4.82943	0.0366841
4.92487	55.4838	4.93212	0.0155784
8.05963	55.2938	4.92422	0.0132363
6.4478	61.0566	0.118725	0.0723904
5.69054	58.144	4.82943	0.0366841
8.66123	58.144	4.80903	0.0273269
3.67737	60.8826	0.150585	4.44111
2.71986	58.144	4.86477	0.035939
5.69054	58.144	4.82943	0.0366841
36.8222	64.0212	0.0357461	0.0472461
39.6261	63.8451	0.0437289	0.0402318
38.586	65.9587	0.0220638	0.043916
34.1521	62.7968	0.045063	4.43621
36.8222	64.0212	0.0357461	0.0472461
35.8688	65.9587	0.0187618	0.0528156
37.7936	60.8826	0.104403	0.0275681
39.6261	63.8451	0.0437289	0.0402318
36.8222	64.0212	0.0357461	0.0472461
38.75	70.3973	0.0069087	0.0298582
40.1627	68.2649	0.0131835	0.0369412
41.25	70.3973	0.00930036	0.0268024
37.3942	72.4885	0.00381181	0.0182494
38.75	70.3973	0.0069087	0.0298582
39.7099	72.3429	0.00526265	0.0216677
37.4455	67.9354	0.0119222	4.3405
40.1627	68.2649	0.0131835	0.0369412
38.75	70.3973	0.0069087	0.0298582
35.8688	65.9587	0.0187618	0.0528156
37.4455	67.9354	0.0119222	4.3405
34.8233	67.7707	0.0105754	0.0460204
33.1516	65.9587	0.0158633	0.0632091
35.8688	65.9587	0.0187618	0.0528156
34.8233	67.7707	0.0105754	0.0460204
34.1521	62.7968	0.045063	4.43621
34.9506	60.8826	0.08258	0.0507854
36.8222	64.0212	0.0357461	0.0472461
38.75	70.3973	0.0069087	0.0298582
41.25	70.3973	0.00930036	0.0268024
39.7099	72.3429	0.00526265	0.0216677
38.586	65.9587	0.0220638	0.043916
40.1627	68.2649	0.0131835	0.0369412
37.4455	67.9354	0.0119222	4.3405
41.3032	65.9587	0.0262462	0.0416779
42.6898	68.2649	0.0173243	0.0333639
40.1627	68.2649	0.0131835	0.0369412
41.3032	65.9587	0.0262462	0.0416779
44.0204	65.9587	0.0337866	0.0474226
42.6898	68.2649	0.0173243	0.0333639
41.25	70.3973	0.00930036	0.0268024
40.1627	68.2649	0.0131835	0.0369412
42.6898	68.2649	0.0173243	0.0333639
36.8222	64.0212	0.0357461	0.0472461
34.9506	60.8826	0.08258	0.0507854
37.7936	60.8826	0.104403	0.0275681
2.71986	58.144	4.86477	0.035939
4.92487	55.4838	4.93212	0.0155784
5.69054	58.144	4.82943	0.0366841
8.66123	58.144	4.80903	0.0273269
8.05963	55.2938	4.92422	0.0132363
10.6893	54.7417	4.92768	0.0108602
6.4478	61.0566	0.118725	0.0723904
8.66123	58.144	4.80903	0.0273269
9.3634	60.8826	0.113197	0.0524489
5.69054	58.144	4.82943	0.0366841
8.05963	55.2938	4.92422	0.0132363
8.66123	58.144	4.80903	0.0273269
1.8995	55.2938	4.94878	0.0130537
4.92487	55.4838	4.93212	0.0155784
2.71986	58.144	4.86477	0.035939
1.8995	55.2938	4.94878	0.0130537
1.22131	52.3495	4.97956	0.00503305
4.19365	52.3495	4.97534	0.00566792
41.3032	65.9587	0.0262462	0.0416779
42.43	63.669	0.0535243	4.34601
44.0204	65.9587	0.0337866	0.0474226
43.4796	60.8826	0.12341	0.0283611
40.6366	60.8826	0.115082	0.0285051
41.4664	58.5091	4.78848	0.0134887
45.2338	63.4929	0.0687801	0.0436976
43.4796	60.8826	0.12341	0.0283611
46.3226	60.8826	0.145722	0.0195662
42.43	63.669	0.0535243	4.34601
40.6366	60.8826	0.115082	0.0285051
43.4796	60.8826	0.12341	0.0283611
41.4664	58.5091	4.78848	0.0134887
38.5596	58.6917	4.75521	0.01612
38.8603	55.2938	4.89037	0.00611134
46.3226	60.8826	0.145722	0.0195662
43.4796	60.8826	0.12341	0.0283611
44.2548	57.954	4.83254	0.00985311
42.43	63.669	0.0535243	4.34601
39.6261	63.8451	0.0437289	0.0402318
40.6366	60.8826	0.115082	0.0285051
44.0204	65.9587	0.0337866	0.0474226
42.43	63.669	0.0535243	4.34601
45.2338	63.4929	0.0687801	0.0436976
36.8222	64.0212	0.0357461	0.0472461
38.586	65.9587	0.0220638	0.043916
35.8688	65.9587	0.0187618	0.0528156
40.6366	60.8826	0.115082	0.0285051
39.6261	63.8451	0.0437289	0.0402318
37.7936	60.8826	0.104403	0.0275681
38.586	65.9587	0.0220638	0.043916
37.4455	67.9354	0.0119222	4.3405
35.8688	65.9587	0.0187618	0.0528156
41.3032	65.9587	0.0262462	0.0416779
38.586	65.9587	0.0220638	0.043916
39.6261	63.8451	0.0437289	0.0402318
41.3032	65.9587	0.0262462	0.0416779
40.1627	68.2649	0.0131835	0.0369412
38.586	65.9587	0.0220638	0.043916
32.2468	68.921	0.00671627	0.0440013
30.4344	65.9587	0.0134913	0.0715058
33.1516	65.9587	0.0158633	0.0632091
21.7285	50.6506	0.232632	0.00469606
19.0553	52.3495	0.232976	0.00786657
18.9224	49.3292	4.87469	0.00301414
21.7462	47.598	4.88734	0.00175503
21.7285	50.6506	0.232632	0.00469606
18.9224	49.3292	4.87469	0.00301414
15.8835	49.3292	4.93599	0.0028738
18.8268	46.2515	4.90734	0.00109305
18.9224	49.3292	4.87469	0.00301414
22.0142	44.8882	4.89502	0.000724062
25	46.2515	4.91333	0.00100289
21.7462	47.598	4.88734	0.00175503
24.7341	50.8393	4.82652	0.00429002
22.4091	54.0056	0.17815	0.0122935
21.7285	50.6506	0.232632	0.00469606
26.54	55.2938	0.163662	0.013374
26.4853	58.144	0.102149	0.027732
23.0771	56.6239	4.6844	0.0236375
30.9447	52.3495	4.84886	0.00531767
29.6201	55.2938	4.74768	0.0119358
27.9723	52.3495	4.82777	0.00587691
26.4853	58.144	0.102149	0.027732
26.4215	60.8826	0.0472611	0.0559846
24.0253	59.6046	0.0918852	0.052868
29.6201	55.2938	4.74768	0.0119358
26.4853	58.144	0.102149	0.027732
26.54	55.2938	0.163662	0.013374
29.6201	55.2938	4.74768	0.0119358
32.1533	57.1939	0.156698	0.0220017
29.839	59.2394	0.0829806	0.0394299
17.2808	59.0298	4.73062	0.0601058
20.7355	60.8826	0.0924579	4.55377
17.5295	61.7527	0.0818974	4.56512
23.0771	56.6239	4.6844	0.0236375
20.3936	58.6582	4.69369	0.0615039
20.0518	56.4338	4.77147	0.0284729
23.0771	56.6239	4.6844	0.0236375
24.0253	59.6046	0.0918852	0.052868
20.3936	58.6582	4.69369	0.0615039
39.0601	41.8598	0.173843	0.000183922
37.5191	43.9145	0.135726	0.000300031
37.5	40	4.72565	0.000106392
40.625	40	0.218901	0.000117419
39.0601	41.8598	0.173843	0.000183922
37.5	40	4.72565	0.000106392
40.6201	43.7197	0.184458	0.00024132
37.5191	43.9145	0.135726	0.000300031
39.0601	41.8598	0.173843	0.000183922
40.6201	43.7197	0.184458	0.00024132
40.433	46.2515	4.7948	0.000426711
37.5191	43.9145	0.135726	0.000300031
43.6923	43.1354	0.238306	0.000186103
40.6201	43.7197	0.184458	0.00024132
40.625	40	0.218901	0.000117419
43.6923	43.1354	0.238306	0.000186103
43.5196	46.2515	4.87281	0.000362565
40.6201	43.7197	0.184458	0.00024132
46.8798	40.196	4.93369	0.000110817
43.6923	43.1354	0.238306	0.000186103
43.75	40	4.8651	0.000109906
46.8077	43.1354	4.91054	0.000169613
49.6928	46.2515	4.95583	0.000287417
46.6062	46.2515	4.93153	0.000314384
37.5	40	4.72565	0.000106392
34.399	40.9798	0.0916451	0.000135605
34.3221	37.8444	0.16934	5.9848e-05
40.5769	36.8646	4.91056	8.44198e-05
37.5	40	4.72565	0.000106392
37.4615	36.8646	4.86773	7.68545e-05
40.625	40	0.218901	0.000117419
40.6201	43.7197	0.184458	0.00024132
39.0601	41.8598	0.173843	0.000183922
40.1224	48.7521	4.85689	0.000818345
37.0597	48.5598	0.1987	0.00109551
37.3464	46.2515	0.159583	0.000562452
34.1165	49.3292	0.204173	0.00166897
36.7564	51.5944	4.84901	0.00254635
34.1289	53.2696	4.84239	0.00561613
31.1732	46.2515	4.77474	0.000891507
34.1165	49.3292	0.204173	0.00166897
31.0776	49.3292	4.83515	0.00226766
28.0866	46.2515	4.88432	0.000965057
31.1732	46.2515	4.77474	0.000891507
31.0776	49.3292	4.83515	0.00226766
34.3294	43.6157	0.109879	0.000329722
34.399	40.9798	0.0916451	0.000135605
37.5191	43.9145	0.135726	0.000300031
31.1732	46.2515	4.77474	0.000891507
31.226	43.7137	0.175779	0.000417289
34.2598	46.2515	0.147239	0.000701098
31.2788	41.1758	0.140883	0.000197169
34.399	40.9798	0.0916451	0.000135605
34.3294	43.6157	0.109879	0.000329722
37.0597	48.5598	0.1987	0.00109551
36.7564	51.5944	4.84901	0.00254635
34.1165	49.3292	0.204173	0.00166897
37.3464	46.2515	0.159583	0.000562452
37.0597	48.5598	0.1987	0.00109551
34.2598	46.2515	0.147239	0.000701098
40.433	46.2515	4.7948	0.000426711
37.3464	46.2515	0.159583	0.000562452
37.5191	43.9145	0.135726	0.000300031
40.433	46.2515	4.7948	0.000426711
40.1224	48.7521	4.85689	0.000818345
37.3464	46.2515	0.159583	0.000562452
40.1224	48.7521	4.85689	0.000818345
36.7564	51.5944	4.84901	0.00254635
37.0597	48.5598	0.1987	0.00109551
46.2717	49.3292	4.9568	0.000686453
45.8487	52.5335	4.95767	0.00171727
43.2329	49.3292	4.92882	0.000820937
34.1165	49.3292	0.204173	0.00166897
34.1289	53.2696	4.84239	0.00561613
30.9447	52.3495	4.84886	0.00531767
7.464	63.4929	0.0560043	4.54921
8.78345	65.7825	0.0273973	4.54057
5.97957	65.9587	0.0339087	4.6088
6.4478	61.0566	0.118725	0.0723904
7.464	63.4929	0.0560043	4.54921
4.76616	63.4929	0.0689214	0.106947
6.4478	61.0566	0.118725	0.0723904
9.3634	60.8826	0.113197	0.0524489
7.464	63.4929	0.0560043	4.54921
12.3979	60.3349	0.124563	0.0377796
10.1618	63.4929	0.0483289	0.0722393
9.3634	60.8826	0.113197	0.0524489
12.8597	63.4929	0.0467766	0.0519813
15.0494	60.8826	0.108569	0.05868
15.5575	63.4929	0.0490417	0.0727539
12.3644	68.2649	0.0112024	0.040088
13.513	70.6966	0.00545936	0.0245993
11.25	70.3973	0.00691728	0.0304119
16.8484	65.9587	0.0204476	0.0771733
14.8915	68.2649	0.01034	0.039787
13.846	66.4528	0.0182714	0.0466545
17.4187	68.2649	0.0103237	0.0579285
16.25	70.3973	0.00552936	0.0301893
14.8915	68.2649	0.01034	0.039787
19.999	65.078	0.0258906	4.62256
19.0904	66.7823	0.015418	0.103378
16.8484	65.9587	0.0204476	0.0771733
19.193	69.7412	0.00642312	0.0610896
20.0967	72.3429	0.00295718	0.0349063
17.645	72.3429	0.00308461	0.0240514
9.83732	68.2649	0.0130521	0.060408
8.78345	65.7825	0.0273973	4.54057
11.414	65.9587	0.0225375	0.0602112
6.48041	46.2515	4.99169	0.000986699
3.72828	49.3292	4.98968	0.00223924
3.39381	46.2515	4.99477	0.000914137
9.70619	49.8955	4.97758	0.00292147
6.76709	49.3292	4.98637	0.00235625
9.61019	45.6673	4.98583	0.000824181
9.70619	49.8955	4.97758	0.00292147
10.1383	52.3495	4.9614	0.00578781
7.16598	52.3495	4.96972	0.00572315
13.1107	52.3495	4.94421	0.00641619
10.1383	52.3495	4.9614	0.00578781
12.7118	50.0843	4.96259	0.00338904
4.19365	52.3495	4.97534	0.00566792
3.72828	49.3292	4.98968	0.00223924
6.76709	49.3292	4.98637	0.00235625
1.8995	55.2938	4.94878	0.0130537
4.19365	52.3495	4.97534	0.00566792
4.92487	55.4838	4.93212	0.0155784
1.22131	52.3495	4.97956	0.00503305
3.72828	49.3292	4.98968	0.00223924
4.19365	52.3495	4.97534	0.00566792
22.2828	65.9587	0.015966	4.63032
23.0704	62.1007	0.0462551	0.10527
25.6067	64.7258	0.0175654	4.54784
21.8037	69.5771	0.00599146	4.49375
22.2828	65.9587	0.015966	4.63032
24.3347	67.1118	0.0103651	0.103775
19.999	65.078	0.0258906	4.62256
20.363	63.0044	0.0492392	4.62968
22.2828	65.9587	0.015966	4.63032
21.8037	69.5771	0.00599146	4.49375
19.193	69.7412	0.00642312	0.0610896
19.0904	66.7823	0.015418	0.103378
16.8484	65.9587	0.0204476	0.0771733
17.5295	61.7527	0.0818974	4.56512
19.999	65.078	0.0258906	4.62256
22.2828	65.9587	0.015966	4.63032
20.363	63.0044	0.0492392	4.62968
23.0704	62.1007	0.0462551	0.10527
16.25	70.3973	0.00552936	0.0301893
15.1934	72.3429	0.0033529	0.0194468
13.513	70.6966	0.00545936	0.0245993
7.464	63.4929	0.0560043	4.54921
10.1618	63.4929	0.0483289	0.0722393
8.78345	65.7825	0.0273973	4.54057
20.0518	56.4338	4.77147	0.0284729
19.0553	52.3495	0.232976	0.00786657
22.4091	54.0056	0.17815	0.0122935
20.3936	58.6582	4.69369	0.0615039
17.2808	59.0298	4.73062	0.0601058
20.0518	56.4338	4.77147	0.0284729
15.0494	60.8826	0.108569	0.05868
12.8597	63.4929	0.0467766	0.0519813
12.3979	60.3349	0.124563	0.0377796
9.3634	60.8826	0.113197	0.0524489
8.66123	58.144	4.80903	0.0273269
11.6319	58.144	4.7849	0.0243409
9.70619	49.8955	4.97758	0.00292147
7.16598	52.3495	4.96972	0.00572315
6.76709	49.3292	4.98637	0.00235625
13.1107	52.3495	4.94421	0.00641619
16.083	52.3495	4.89518	0.00725352
14.2198	55.2938	4.89486	0.0151414
23.0771	56.6239	4.6844	0.0236375
22.4091	54.0056	0.17815	0.0122935
26.54	55.2938	0.163662	0.013374
20.7355	60.8826	0.0924579	4.55377
20.3936	58.6582	4.69369	0.0615039
24.0253	59.6046	0.0918852	0.052868
20.0518	56.4338	4.77147	0.0284729
22.4091	54.0056	0.17815	0.0122935
23.0771	56.6239	4.6844	0.0236375
20.7355	60.8826	0.0924579	4.55377
17.2808	59.0298	4.73062	0.0601058
20.3936	58.6582	4.69369	0.0615039
17.0264	56.2438	4.83684	0.0245981
19.0553	52.3495	0.232976	0.00786657
20.0518	56.4338	4.77147	0.0284729
6.30769	36.8646	4.99253	0.000118441
6.24038	39.6081	4.99227	0.000177946
3.19231	36.8646	4.99699	0.000116594
9.49534	33.1714	4.98728	8.60877e-05
9.42308	36.8646	4.97905	0.000122085
6.43263	33.3637	4.99495	8.61498e-05
6.31731	42.7435	4.9928	0.000364802
3.125	40	4.99667	0.000188714
6.24038	39.6081	4.99227	0.000177946
9.4375	42.5475	4.98183	0.000377343
12.5	40	4.93114	0.000201576
12.5577	42.3516	4.95116	0.00036337
6.30769	36.8646	4.99253	0.000118441
9.36058	39.4121	4.97805	0.000181624
6.24038	39.6081	4.99227	0.000177946
9.42308	36.8646	4.97905	0.000122085
12.5385	36.8646	4.93728	0.000121135
9.36058	39.4121	4.97805	0.000181624
15.8122	34.7222	4.9023	9.32228e-05
12.5385	36.8646	4.93728	0.000121135
12.7112	34.5275	4.95977	9.42546e-05
9.4375	42.5475	4.98183	0.000377343
12.5577	42.3516	4.95116	0.00036337
9.61019	45.6673	4.98583	0.000824181
6.24038	39.6081	4.99227	0.000177946
9.4375	42.5475	4.98183	0.000377343
6.31731	42.7435	4.9928	0.000364802
9.36058	39.4121	4.97805	0.000181624
12.5	40	4.93114	0.000201576
9.4375	42.5475	4.98183	0.000377343
15.601	39.0202	0.242147	0.000169582
12.5	40	4.93114	0.000201576
12.5385	36.8646	4.93728	0.000121135
15.601	39.0202	0.242147	0.000169582
15.6779	42.1556	4.87309	0.000363121
12.5	40	4.93114	0.000201576
6.48041	46.2515	4.99169	0.000986699
6.76709	49.3292	4.98637	0.00235625
3.72828	49.3292	4.98968	0.00223924
6.31731	42.7435	4.9928	0.000364802
6.48041	46.2515	4.99169	0.000986699
3.39381	46.2515	4.99477	0.000914137
9.61019	45.6673	4.98583	0.000824181
6.76709	49.3292	4.98637	0.00235625
6.48041	46.2515	4.99169	0.000986699
12.7118	50.0843	4.96259	0.00338904
9.70619	49.8955	4.97758	0.00292147
11.1799	48.0735	4.97579	0.00193801
3.19711	42.9395	4.99625	0.00038136
0.076922	43.1354	4.99695	0.000403075
-3.10282e-28	40	4.99767	0.00019615
6.31731	42.7435	4.9928	0.000364802
3.19711	42.9395	4.99625	0.00038136
3.125	40	4.99667	0.000188714
3.39381	46.2515	4.99477	0.000914137
0.307214	46.2515	4.99567	0.000852455
3.19711	42.9395	4.99625	0.00038136
45.0204	55.2938	4.92633	0.00410934
41.9404	55.2938	4.91121	0.005006
42.834	52.3495	4.94301	0.001983
48.1005	55.2938	4.93968	0.00324002
45.0204	55.2938	4.92633	0.00410934
45.8487	52.5335	4.95767	0.00171727
44.2548	57.954	4.83254	0.00985311
41.9404	55.2938	4.91121	0.005006
45.0204	55.2938	4.92633	0.00410934
46.3226	60.8826	0.145722	0.0195662
44.2548	57.954	4.83254	0.00985311
47.2801	58.144	4.85786	0.00786168
41.4664	58.5091	4.78848	0.0134887
38.8603	55.2938	4.89037	0.00611134
41.9404	55.2938	4.91121	0.005006
27.9723	52.3495	4.82777	0.00587691
28.0388	49.3292	4.88438	0.00253764
30.9447	52.3495	4.84886	0.00531767
19.0553	52.3495	0.232976	0.00786657
21.7285	50.6506	0.232632	0.00469606
22.4091	54.0056	0.17815	0.0122935
25	46.2515	4.91333	0.00100289
28.0388	49.3292	4.88438	0.00253764
24.7341	50.8393	4.82652	0.00429002
21.7285	50.6506	0.232632	0.00469606
21.7462	47.598	4.88734	0.00175503
24.7341	50.8393	4.82652	0.00429002
15.6779	42.1556	4.87309	0.000363121
17.2523	44.2036	4.88509	0.000649654
14.1489	44.3016	4.94316	0.000661926
22.0142	44.8882	4.89502	0.000724062
18.8268	46.2515	4.90734	0.00109305
18.7981	41.9596	0.229233	0.000307477
15.8835	49.3292	4.93599	0.0028738
12.6536	46.2515	4.96897	0.00105029
15.7402	46.2515	4.93848	0.00118979
17.0264	56.2438	4.83684	0.0245981
16.083	52.3495	4.89518	0.00725352
19.0553	52.3495	0.232976	0.00786657
4.19365	52.3495	4.97534	0.00566792
7.16598	52.3495	4.96972	0.00572315
4.92487	55.4838	4.93212	0.0155784
21.9183	41.7637	4.84028	0.000304379
25	43.1354	4.9	0.000396498
22.0142	44.8882	4.89502	0.000724062
28.125	40	4.81452	0.000170454
25	40	4.86408	0.000172587
28.1154	36.8646	4.8355	9.63128e-05
25	30.6708	4.91993	6.82803e-05
25.1151	35.3065	0.247394	9.01939e-05
21.9134	33.7485	0.257635	8.42074e-05
31.3171	35.696	4.83318	6.83268e-05
28.0866	33.7485	4.90255	7.70794e-05
30.9343	31.8249	4.95366	6.90662e-05
28.1154	36.8646	4.8355	9.63128e-05
25.1151	35.3065	0.247394	9.01939e-05
28.0866	33.7485	4.90255	7.70794e-05
33.7508	28.5944	4.96432	6.4409e-05
37.1553	30.6708	4.97886	6.73012e-05
33.997	31.6326	4.96108	6.76516e-05
21.8846	36.8646	4.80143	0.00011356
21.9014	39.3141	0.234485	0.000170037
18.7212	38.8242	0.204257	0.000159206
28.1154	36.8646	4.8355	9.63128e-05
25	40	4.86408	0.000172587
25.1151	35.3065	0.247394	9.01939e-05
28.125	40	4.81452	0.000170454
28.1154	43.1354	4.84903	0.000397289
25	40	4.86408	0.000172587
3.72828	49.3292	4.98968	0.00223924
1.22131	52.3495	4.97956	0.00503305
0.68946	49.3292	4.99131	0.00202102
0.307214	46.2515	4.99567	0.000852455
3.39381	46.2515	4.99477	0.000914137
0.68946	49.3292	4.99131	0.00202102
11.1799	48.0735	4.97579	0.00193801
12.6536	46.2515	4.96897	0.00105029
12.7118	50.0843	4.96259	0.00338904
9.61019	45.6673	4.98583	0.000824181
11.1799	48.0735	4.97579	0.00193801
9.70619	49.8955	4.97758	0.00292147
9.61019	45.6673	4.98583	0.000824181
12.6536	46.2515	4.96897	0.00105029
11.1799	48.0735	4.97579	0.00193801
31.3817	62.6228	0.0331484	4.49519
34.1521	62.7968	0.045063	4.43621
33.1516	65.9587	0.0158633	0.0632091
26.9568	67.2765	0.00919937	0.0752905
28.4106	64.5496	0.0182617	0.0797882
30.4344	65.9587	0.0134913	0.0715058
29.839	59.2394	0.0829806	0.0394299
33.5519	59.0383	0.118452	0.0360929
31.3817	62.6228	0.0331484	4.49519
28.6113	62.4488	0.0313974	0.0714158
29.839	59.2394	0.0829806	0.0394299
31.3817	62.6228	0.0331484	4.49519
20.7355	60.8826	0.0924579	4.55377
24.0253	59.6046	0.0918852	0.052868
23.0704	62.1007	0.0462551	0.10527
25.6371	53.0665	0.206187	0.00811488
24.7341	50.8393	4.82652	0.00429002
27.9723	52.3495	4.82777	0.00587691
22.4091	54.0056	0.17815	0.0122935
25.6371	53.0665	0.206187	0.00811488
26.54	55.2938	0.163662	0.013374
22.4091	54.0056	0.17815	0.0122935
24.7341	50.8393	4.82652	0.00429002
25.6371	53.0665	0.206187	0.00811488
29.6201	55.2938	4.74768	0.0119358
31.8745	54.2817	4.80874	0.0091648
32.1533	57.1939	0.156698	0.0220017
34.2598	46.2515	0.147239	0.000701098
34.3294	43.6157	0.109879	0.000329722
37.3464	46.2515	0.159583	0.000562452
31.1732	46.2515	4.77474	0.000891507
34.2598	46.2515	0.147239	0.000701098
34.1165	49.3292	0.204173	0.00166897
34.2598	46.2515	0.147239	0.000701098
31.226	43.7137	0.175779	0.000417289
34.3294	43.6157	0.109879	0.000329722
35.6527	58.8743	4.67217	0.0260058
38.5596	58.6917	4.75521	0.01612
37.7936	60.8826	0.104403	0.0275681
33.5519	59.0383	0.118452	0.0360929
35.6527	58.8743	4.67217	0.0260058
34.9506	60.8826	0.08258	0.0507854
35.7802	55.2938	4.84639	0.00829441
38.5596	58.6917	4.75521	0.01612
35.6527	58.8743	4.67217	0.0260058
42.43	63.669	0.0535243	4.34601
43.4796	60.8826	0.12341	0.0283611
45.2338	63.4929	0.0687801	0.0436976
6.48041	46.2515	4.99169	0.000986699
6.31731	42.7435	4.9928	0.000364802
9.61019	45.6673	4.98583	0.000824181
0.68946	49.3292	4.99131	0.00202102
3.39381	46.2515	4.99477	0.000914137
3.72828	49.3292	4.98968	0.00223924
0.307214	46.2515	4.99567	0.000852455
0.076922	43.1354	4.99695	0.000403075
3.19711	42.9395	4.99625	0.00038136
6.4478	61.0566	0.118725	0.0723904
4.76616	63.4929	0.0689214	0.106947
3.67737	60.8826	0.150585	4.44111
5.69054	58.144	4.82943	0.0366841
6.4478	61.0566	0.118725	0.0723904
3.67737	60.8826	0.150585	4.44111
9.3634	60.8826	0.113197	0.0524489
10.1618	63.4929	0.0483289	0.0722393
7.464	63.4929	0.0560043	4.54921
14.6026	58.144	4.78552	0.0310977
15.0494	60.8826	0.108569	0.05868
12.3979	60.3349	0.124563	0.0377796
14.2198	55.2938	4.89486	0.0151414
14.6026	58.144	4.78552	0.0310977
11.6319	58.144	4.7849	0.0243409
14.2198	55.2938	4.89486	0.0151414
17.0264	56.2438	4.83684	0.0245981
14.6026	58.144	4.78552	0.0310977
7.464	63.4929	0.0560043	4.54921
5.97957	65.9587	0.0339087	4.6088
4.76616	63.4929	0.0689214	0.106947
11.414	65.9587	0.0225375	0.0602112
13.846	66.4528	0.0182714	0.0466545
12.3644	68.2649	0.0112024	0.040088
10.1618	63.4929	0.0483289	0.0722393
11.414	65.9587	0.0225375	0.0602112
8.78345	65.7825	0.0273973	4.54057
12.8597	63.4929	0.0467766	0.0519813
15.5575	63.4929	0.0490417	0.0727539
13.846	66.4528	0.0182714	0.0466545
10.1618	63.4929	0.0483289	0.0722393
12.8597	63.4929	0.0467766	0.0519813
11.414	65.9587	0.0225375	0.0602112
10.1618	63.4929	0.0483289	0.0722393
12.3979	60.3349	0.124563	0.0377796
12.8597	63.4929	0.0467766	0.0519813
9.83732	68.2649	0.0130521	0.060408
7.31021	68.2649	0.0170033	0.0900139
8.78345	65.7825	0.0273973	4.54057
31.8745	54.2817	4.80874	0.0091648
30.9447	52.3495	4.84886	0.00531767
34.1289	53.2696	4.84239	0.00561613
35.7802	55.2938	4.84639	0.00829441
31.8745	54.2817	4.80874	0.0091648
34.1289	53.2696	4.84239	0.00561613
29.6201	55.2938	4.74768	0.0119358
30.9447	52.3495	4.84886	0.00531767
31.8745	54.2817	4.80874	0.0091648
29.839	59.2394	0.0829806	0.0394299
26.4853	58.144	0.102149	0.027732
29.6201	55.2938	4.74768	0.0119358
33.5519	59.0383	0.118452	0.0360929
29.839	59.2394	0.0829806	0.0394299
32.1533	57.1939	0.156698	0.0220017
35.7802	55.2938	4.84639	0.00829441
33.5519	59.0383	0.118452	0.0360929
32.1533	57.1939	0.156698	0.0220017
34.9506	60.8826	0.08258	0.0507854
31.3817	62.6228	0.0331484	4.49519
33.5519	59.0383	0.118452	0.0360929
28.6113	62.4488	0.0313974	0.0714158
26.4215	60.8826	0.0472611	0.0559846
29.839	59.2394	0.0829806	0.0394299
26.54	55.2938	0.163662	0.013374
27.9723	52.3495	4.82777	0.00587691
29.6201	55.2938	4.74768	0.0119358
25.6371	53.0665	0.206187	0.00811488
27.9723	52.3495	4.82777	0.00587691
26.54	55.2938	0.163662	0.013374
24.7341	50.8393	4.82652	0.00429002
28.0388	49.3292	4.88438	0.00253764
27.9723	52.3495	4.82777	0.00587691
22.5483	72.3429	0.00281308	0.0373786
23.75	70.3973	0.00462804	0.0568133
25	72.3429	0.00266626	0.028531
23.0327	74.7883	0.00146045	0.0162432
22.5483	72.3429	0.00281308	0.0373786
25	72.3429	0.00266626	0.028531
21.4331	74.0896	0.0017928	0.020597
19.0551	74.0896	0.00190608	0.018612
20.0967	72.3429	0.00295718	0.0349063
19.0904	66.7823	0.015418	0.103378
22.2828	65.9587	0.015966	4.63032
21.8037	69.5771	0.00599146	4.49375
24.3347	67.1118	0.0103651	0.103775
23.75	70.3973	0.00462804	0.0568133
21.8037	69.5771	0.00599146	4.49375
27.0253	69.2491	0.00572408	0.0531024
30.0542	68.2649	0.0077389	4.39504
28.75	70.3973	0.00439961	0.0393525
25.6067	64.7258	0.0175654	4.54784
28.4106	64.5496	0.0182617	0.0797882
26.9568	67.2765	0.00919937	0.0752905
22.2828	65.9587	0.015966	4.63032
25.6067	64.7258	0.0175654	4.54784
24.3347	67.1118	0.0103651	0.103775
23.0704	62.1007	0.0462551	0.10527
26.4215	60.8826	0.0472611	0.0559846
25.6067	64.7258	0.0175654	4.54784
30.4344	65.9587	0.0134913	0.0715058
30.0542	68.2649	0.0077389	4.39504
26.9568	67.2765	0.00919937	0.0752905
28.6113	62.4488	0.0313974	0.0714158
31.3817	62.6228	0.0331484	4.49519
28.4106	64.5496	0.0182617	0.0797882
25.6067	64.7258	0.0175654	4.54784
28.6113	62.4488	0.0313974	0.0714158
28.4106	64.5496	0.0182617	0.0797882
26.4215	60.8826	0.0472611	0.0559846
26.4853	58.144	0.102149	0.027732
29.839	59.2394	0.0829806	0.0394299
25.6067	64.7258	0.0175654	4.54784
26.4215	60.8826	0.0472611	0.0559846
28.6113	62.4488	0.0313974	0.0714158
24.0253	59.6046	0.0918852	0.052868
23.0771	56.6239	4.6844	0.0236375
26.4853	58.144	0.102149	0.027732
33.1516	65.9587	0.0158633	0.0632091
34.8233	67.7707	0.0105754	0.0460204
32.2468	68.921	0.00671627	0.0440013
31.3817	62.6228	0.0331484	4.49519
33.1516	65.9587	0.0158633	0.0632091
30.4344	65.9587	0.0134913	0.0715058
34.1521	62.7968	0.045063	4.43621
35.8688	65.9587	0.0187618	0.0528156
33.1516	65.9587	0.0158633	0.0632091
32.355	72.3429	0.00276547	0.0181587
33.75	70.3973	0.00483263	0.0265989
34.8066	72.3429	0.0031365	0.0171384
29.3832	76.0659	0.00108019	0.00827732
28.5669	74.0896	0.00167516	0.0137425
30.9297	73.8705	0.00182154	0.0130768
31.0572	70.658	0.00415408	0.0324903
33.75	70.3973	0.00483263	0.0265989
32.355	72.3429	0.00276547	0.0181587
29.9033	72.3429	0.00264419	0.021025
31.0572	70.658	0.00415408	0.0324903
32.355	72.3429	0.00276547	0.0181587
28.4106	64.5496	0.0182617	0.0797882
31.3817	62.6228	0.0331484	4.49519
30.4344	65.9587	0.0134913	0.0715058
24.3347	67.1118	0.0103651	0.103775
25.6067	64.7258	0.0175654	4.54784
26.9568	67.2765	0.00919937	0.0752905
23.0704	62.1007	0.0462551	0.10527
24.0253	59.6046	0.0918852	0.052868
26.4215	60.8826	0.0472611	0.0559846
30.4344	65.9587	0.0134913	0.0715058
32.2468	68.921	0.00671627	0.0440013
30.0542	68.2649	0.0077389	4.39504
34.8233	67.7707	0.0105754	0.0460204
33.75	70.3973	0.00483263	0.0265989
32.2468	68.921	0.00671627	0.0440013
43.2329	49.3292	4.92882	0.000820937
40.1224	48.7521	4.85689	0.000818345
40.433	46.2515	4.7948	0.000426711
48.7787	52.3495	4.96503	0.0013556
45.8487	52.5335	4.95767	0.00171727
46.2717	49.3292	4.9568	0.000686453
42.834	52.3495	4.94301	0.001983
40.1224	48.7521	4.85689	0.000818345
43.2329	49.3292	4.92882	0.000820937
47.2801	58.144	4.85786	0.00786168
44.2548	57.954	4.83254	0.00985311
45.0204	55.2938	4.92633	0.00410934
38.8603	55.2938	4.89037	0.00611134
35.7802	55.2938	4.84639	0.00829441
36.7564	51.5944	4.84901	0.00254635
41.9404	55.2938	4.91121	0.005006
38.8603	55.2938	4.89037	0.00611134
39.8617	52.3495	4.91036	0.0024874
45.8487	52.5335	4.95767	0.00171727
45.0204	55.2938	4.92633	0.00410934
42.834	52.3495	4.94301	0.001983
41.4664	58.5091	4.78848	0.0134887
40.6366	60.8826	0.115082	0.0285051
38.5596	58.6917	4.75521	0.01612
44.2548	57.954	4.83254	0.00985311
41.4664	58.5091	4.78848	0.0134887
41.9404	55.2938	4.91121	0.005006
44.2548	57.954	4.83254	0.00985311
43.4796	60.8826	0.12341	0.0283611
41.4664	58.5091	4.78848	0.0134887
38.5596	58.6917	4.75521	0.01612
35.7802	55.2938	4.84639	0.00829441
38.8603	55.2938	4.89037	0.00611134
6.31731	42.7435	4.9928	0.000364802
3.39381	46.2515	4.99477	0.000914137
3.19711	42.9395	4.99625	0.00038136
45.8487	52.5335	4.95767	0.00171727
42.834	52.3495	4.94301	0.001983
43.2329	49.3292	4.92882	0.000820937
48.1005	55.2938	4.93968	0.00324002
45.8487	52.5335	4.95767	0.00171727
48.7787	52.3495	4.96503	0.0013556
48.1005	55.2938	4.93968	0.00324002
47.2801	58.144	4.85786	0.00786168
45.0204	55.2938	4.92633	0.00410934
37.7936	60.8826	0.104403	0.0275681
38.5596	58.6917	4.75521	0.01612
40.6366	60.8826	0.115082	0.0285051
41.3032	65.9587	0.0262462	0.0416779
39.6261	63.8451	0.0437289	0.0402318
42.43	63.669	0.0535243	4.34601
34.9506	60.8826	0.08258	0.0507854
35.6527	58.8743	4.67217	0.0260058
37.7936	60.8826	0.104403	0.0275681
31.3817	62.6228	0.0331484	4.49519
34.9506	60.8826	0.08258	0.0507854
34.1521	62.7968	0.045063	4.43621
33.5519	59.0383	0.118452	0.0360929
35.7802	55.2938	4.84639	0.00829441
35.6527	58.8743	4.67217	0.0260058
31.8745	54.2817	4.80874	0.0091648
35.7802	55.2938	4.84639	0.00829441
32.1533	57.1939	0.156698	0.0220017
34.1165	49.3292	0.204173	0.00166897
34.2598	46.2515	0.147239	0.000701098
37.0597	48.5598	0.1987	0.00109551
28.0388	49.3292	4.88438	0.00253764
31.0776	49.3292	4.83515	0.00226766
30.9447	52.3495	4.84886	0.00531767
28.0388	49.3292	4.88438	0.00253764
25	46.2515	4.91333	0.00100289
28.0866	46.2515	4.88432	0.000965057
36.7564	51.5944	4.84901	0.00254635
35.7802	55.2938	4.84639	0.00829441
34.1289	53.2696	4.84239	0.00561613
30.9447	52.3495	4.84886	0.00531767
31.0776	49.3292	4.83515	0.00226766
34.1165	49.3292	0.204173	0.00166897
40.1224	48.7521	4.85689	0.000818345
42.834	52.3495	4.94301	0.001983
39.8617	52.3495	4.91036	0.0024874
39.8617	52.3495	4.91036	0.0024874
42.834	52.3495	4.94301	0.001983
41.9404	55.2938	4.91121	0.005006
36.7564	51.5944	4.84901	0.00254635
39.8617	52.3495	4.91036	0.0024874
38.8603	55.2938	4.89037	0.00611134
36.7564	51.5944	4.84901	0.00254635
40.1224	48.7521	4.85689	0.000818345
39.8617	52.3495	4.91036	0.0024874
18.9224	49.3292	4.87469	0.00301414
19.0553	52.3495	0.232976	0.00786657
16.083	52.3495	4.89518	0.00725352
15.7402	46.2515	4.93848	0.00118979
18.8268	46.2515	4.90734	0.00109305
15.8835	49.3292	4.93599	0.0028738
21.7462	47.598	4.88734	0.00175503
25	46.2515	4.91333	0.00100289
24.7341	50.8393	4.82652	0.00429002
22.0108	14.5924	0.162918	6.2879e-05
19.9458	11.7351	0.12161	6.29974e-05
23.0432	12.7235	0.130086	6.26989e-05
17.645	7.6571	0.0673414	6.31981e-05
18.75	9.60269	0.0940853	6.3095e-05
16.5822	10.0948	4.65236	6.23375e-05
14.9215	7.36598	0.0756956	6.34134e-05
17.645	7.6571	0.0673414	6.31981e-05
16.5822	10.0948	4.65236	6.23375e-05
16.6772	5.91038	0.0451793	6.32722e-05
19.0551	5.91038	0.0355997	6.31247e-05
17.645	7.6571	0.0673414	6.31981e-05
20.0967	7.6571	0.0485095	6.30138e-05
21.25	9.60269	0.0671747	6.28767e-05
18.75	9.60269	0.0940853	6.3095e-05
17.645	7.6571	0.0673414	6.31981e-05
19.0551	5.91038	0.0355997	6.31247e-05
20.0967	7.6571	0.0485095	6.30138e-05
24.1844	6.78374	0.0389846	6.27813e-05
26.189	5.91038	0.0344393	6.27143e-05
25.4207	8.55507	0.0721552	6.2609e-05
28.5669	5.91038	0.0387534	6.25862e-05
31.8199	4.37335	0.027773	6.24895e-05
31.1316	6.34706	0.0456873	6.2435e-05
26.9661	0.123895	0.0122138	6.28939e-05
28.4094	2.238	0.0161226	6.27693e-05
26.0648	3.0556	0.0169196	6.28662e-05
28.9198	0.494728	0.0145763	6.278e-05
30.8485	1.10996	0.016906	6.26598e-05
28.4094	2.238	0.0161226	6.27693e-05
31.25	9.60269	0.122948	6.23082e-05
33.75	9.60269	0.104203	6.22863e-05
32.5813	11.7351	4.74704	6.13226e-05
30.9096	13.2177	4.84687	6.13256e-05
29.636	10.915	4.72659	6.1334e-05
32.5813	11.7351	4.74704	6.13226e-05
32.355	7.6571	0.064078	6.23383e-05
33.4473	6.2015	0.042598	6.23484e-05
34.9468	7.95642	0.0657965	6.22842e-05
29.9033	7.6571	0.069231	6.24245e-05
32.355	7.6571	0.064078	6.23383e-05
31.25	9.60269	0.122948	6.23082e-05
31.1316	6.34706	0.0456873	6.2435e-05
31.8199	4.37335	0.027773	6.24895e-05
33.4473	6.2015	0.042598	6.23484e-05
29.9033	7.6571	0.069231	6.24245e-05
31.1316	6.34706	0.0456873	6.2435e-05
32.355	7.6571	0.064078	6.23383e-05
29.9033	7.6571	0.069231	6.24245e-05
28.5669	5.91038	0.0387534	6.25862e-05
31.1316	6.34706	0.0456873	6.2435e-05
28.5669	5.91038	0.0387534	6.25862e-05
29.9033	7.6571	0.069231	6.24245e-05
27.8022	8.40541	0.0866633	6.24797e-05
25	4.37335	0.0218367	6.28608e-05
27.2733	4.37335	0.0242801	6.27405e-05
26.189	5.91038	0.0344393	6.27143e-05
27.2733	4.37335	0.0242801	6.27405e-05
30.3241	3.0556	0.0199358	6.26294e-05
28.5669	5.91038	0.0387534	6.25862e-05
31.1316	6.34706	0.0456873	6.2435e-05
33.4473	6.2015	0.042598	6.23484e-05
32.355	7.6571	0.064078	6.23383e-05
27.2733	4.37335	0.0242801	6.27405e-05
28.4094	2.238	0.0161226	6.27693e-05
30.3241	3.0556	0.0199358	6.26294e-05
26.189	5.91038	0.0344393	6.27143e-05
27.2733	4.37335	0.0242801	6.27405e-05
28.5669	5.91038	0.0387534	6.25862e-05
26.0648	3.0556	0.0169196	6.28662e-05
28.4094	2.238	0.0161226	6.27693e-05
27.2733	4.37335	0.0242801	6.27405e-05
29.636	10.915	4.72659	6.1334e-05
29.9033	7.6571	0.069231	6.24245e-05
31.25	9.60269	0.122948	6.23082e-05
25.4207	8.55507	0.0721552	6.2609e-05
27.8022	8.40541	0.0866633	6.24797e-05
27.0253	10.7509	4.67906	6.14489e-05
25.4207	8.55507	0.0721552	6.2609e-05
26.189	5.91038	0.0344393	6.27143e-05
27.8022	8.40541	0.0866633	6.24797e-05
26.3489	16.5071	4.87536	6.15471e-05
24.3933	15.2742	0.209926	6.26368e-05
25.6653	12.8882	4.735	6.14971e-05
30.3241	3.0556	0.0199358	6.26294e-05
31.8199	4.37335	0.027773	6.24895e-05
28.5669	5.91038	0.0387534	6.25862e-05
30.8485	1.10996	0.016906	6.26598e-05
30.3241	3.0556	0.0199358	6.26294e-05
28.4094	2.238	0.0161226	6.27693e-05
30.8485	1.10996	0.016906	6.26598e-05
32.7403	1.96546	0.0207747	6.25271e-05
30.3241	3.0556	0.0199358	6.26294e-05
30.3241	3.0556	0.0199358	6.26294e-05
32.7403	1.96546	0.0207747	6.25271e-05
31.8199	4.37335	0.027773	6.24895e-05
23.9352	3.0556	0.0161211	6.29666e-05
25	4.37335	0.0218367	6.28608e-05
22.7267	4.37335	0.0206703	6.29761e-05
26.9661	0.123895	0.0122138	6.28939e-05
26.0648	3.0556	0.0169196	6.28662e-05
25.0248	1.47661	0.0131094	6.29593e-05
26.9661	0.123895	0.0122138	6.28939e-05
28.9198	0.494728	0.0145763	6.278e-05
28.4094	2.238	0.0161226	6.27693e-05
25.0248	1.47661	0.0131094	6.29593e-05
25	-8.70219e-28	0.0122301	6.2972e-05
26.9661	0.123895	0.0122138	6.28939e-05
23.9352	3.0556	0.0161211	6.29666e-05
25.0248	1.47661	0.0131094	6.29593e-05
26.0648	3.0556	0.0169196	6.28662e-05
23.9352	3.0556	0.0161211	6.29666e-05
23.0835	1.59882	0.0132408	6.30349e-05
25.0248	1.47661	0.0131094	6.29593e-05
32.7403	1.96546	0.0207747	6.25271e-05
34.5833	3.0556	0.0260949	6.23975e-05
31.8199	4.37335	0.027773	6.24895e-05
25	4.37335	0.0218367	6.28608e-05
26.0648	3.0556	0.0169196	6.28662e-05
27.2733	4.37335	0.0242801	6.27405e-05
24.1844	6.78374	0.0389846	6.27813e-05
25	4.37335	0.0218367	6.28608e-05
26.189	5.91038	0.0344393	6.27143e-05
23.9352	3.0556	0.0161211	6.29666e-05
26.0648	3.0556	0.0169196	6.28662e-05
25	4.37335	0.0218367	6.28608e-05
21.913	2.6468	0.0154024	6.3063e-05
23.9352	3.0556	0.0161211	6.29666e-05
22.7267	4.37335	0.0206703	6.29761e-05
23.0835	1.59882	0.0132408	6.30349e-05
23.0339	0.123895	0.012187	6.30452e-05
25.0248	1.47661	0.0131094	6.29593e-05
21.913	2.6468	0.0154024	6.3063e-05
23.0835	1.59882	0.0132408	6.30349e-05
23.9352	3.0556	0.0161211	6.29666e-05
21.4331	5.91038	0.0295789	6.29833e-05
20.4534	4.37335	0.0225148	6.30844e-05
22.7267	4.37335	0.0206703	6.29761e-05
19.7476	2.78306	0.0181202	6.31399e-05
21.0802	0.494728	0.0131862	6.31063e-05
21.913	2.6468	0.0154024	6.3063e-05
23.0339	0.123895	0.012187	6.30452e-05
25	-8.70219e-28	0.0122301	6.2972e-05
25.0248	1.47661	0.0131094	6.29593e-05
33.4473	6.2015	0.042598	6.23484e-05
34.5833	3.0556	0.0260949	6.23975e-05
35.7008	5.91038	0.0440449	6.22886e-05
36.3664	4.37335	0.0386618	6.23043e-05
35.7008	5.91038	0.0440449	6.22886e-05
34.5833	3.0556	0.0260949	6.23975e-05
23.5785	19.1174	4.90436	6.2058e-05
26.3489	16.5071	4.87536	6.15471e-05
26.4215	19.1174	4.93694	6.17674e-05
23.0771	23.3761	4.97146	6.29547e-05
25.3391	26.1784	4.96821	6.34848e-05
22.0277	27.6505	4.9672	6.55983e-05
29.636	10.915	4.72659	6.1334e-05
27.8022	8.40541	0.0866633	6.24797e-05
29.9033	7.6571	0.069231	6.24245e-05
29.636	10.915	4.72659	6.1334e-05
27.0253	10.7509	4.67906	6.14489e-05
27.8022	8.40541	0.0866633	6.24797e-05
32.5813	11.7351	4.74704	6.13226e-05
29.636	10.915	4.72659	6.1334e-05
31.25	9.60269	0.122948	6.23082e-05
28.2875	13.053	4.82905	6.135e-05
27.0253	10.7509	4.67906	6.14489e-05
29.636	10.915	4.72659	6.1334e-05
23.0432	12.7235	0.130086	6.26989e-05
25.6653	12.8882	4.735	6.14971e-05
24.3933	15.2742	0.209926	6.26368e-05
24.4145	10.5869	0.109053	6.25945e-05
25.4207	8.55507	0.0721552	6.2609e-05
27.0253	10.7509	4.67906	6.14489e-05
23.0432	12.7235	0.130086	6.26989e-05
24.4145	10.5869	0.109053	6.25945e-05
25.6653	12.8882	4.735	6.14971e-05
23.0432	12.7235	0.130086	6.26989e-05
21.25	9.60269	0.0671747	6.28767e-05
24.4145	10.5869	0.109053	6.25945e-05
24.1844	6.78374	0.0389846	6.27813e-05
22.5483	7.6571	0.0432309	6.28412e-05
21.4331	5.91038	0.0295789	6.29833e-05
25	4.37335	0.0218367	6.28608e-05
24.1844	6.78374	0.0389846	6.27813e-05
22.7267	4.37335	0.0206703	6.29761e-05
25.4207	8.55507	0.0721552	6.2609e-05
24.4145	10.5869	0.109053	6.25945e-05
22.5483	7.6571	0.0432309	6.28412e-05
24.4145	10.5869	0.109053	6.25945e-05
21.25	9.60269	0.0671747	6.28767e-05
22.5483	7.6571	0.0432309	6.28412e-05
19.5656	14.0413	0.18019	6.31366e-05
20.9532	16.5071	0.21989	6.31584e-05
18.2554	16.5071	4.85732	6.25766e-05
19.9458	11.7351	0.12161	6.29974e-05
19.5656	14.0413	0.18019	6.31366e-05
17.7988	12.3941	4.73018	6.22729e-05
18.75	9.60269	0.0940853	6.3095e-05
19.9458	11.7351	0.12161	6.29974e-05
17.7988	12.3941	4.73018	6.22729e-05
21.25	9.60269	0.0671747	6.28767e-05
23.0432	12.7235	0.130086	6.26989e-05
19.9458	11.7351	0.12161	6.29974e-05
22.0108	14.5924	0.162918	6.2879e-05
20.9532	16.5071	0.21989	6.31584e-05
19.5656	14.0413	0.18019	6.31366e-05
19.9458	11.7351	0.12161	6.29974e-05
22.0108	14.5924	0.162918	6.2879e-05
19.5656	14.0413	0.18019	6.31366e-05
23.0432	12.7235	0.130086	6.26989e-05
24.3933	15.2742	0.209926	6.26368e-05
22.0108	14.5924	0.162918	6.2879e-05
17.7548	18.7251	4.93008	6.30473e-05
20.7355	19.1174	4.90233	6.25467e-05
17.2541	20.9431	4.96665	6.37009e-05
16.8484	14.0413	4.83097	6.25001e-05
18.2554	16.5071	4.85732	6.25766e-05
15.9817	15.8026	4.90109	6.28286e-05
20.9532	16.5071	0.21989	6.31584e-05
20.7355	19.1174	4.90233	6.25467e-05
18.2554	16.5071	4.85732	6.25766e-05
14.9215	7.36598	0.0756956	6.34134e-05
16.5822	10.0948	4.65236	6.23375e-05
13.513	9.30337	0.131786	6.36009e-05
12.6058	7.51154	0.0886445	6.35929e-05
14.9215	7.36598	0.0756956	6.34134e-05
13.513	9.30337	0.131786	6.36009e-05
13.6336	4.37335	0.0448622	6.34051e-05
15.4167	3.0556	0.0304521	6.32953e-05
16.6772	5.91038	0.0451793	6.32722e-05
19.7476	2.78306	0.0181202	6.31399e-05
19.1515	1.10996	0.0167561	6.31549e-05
21.0802	0.494728	0.0131862	6.31063e-05
20.4534	4.37335	0.0225148	6.30844e-05
19.0551	5.91038	0.0355997	6.31247e-05
18.1801	4.37335	0.0276139	6.31925e-05
21.913	2.6468	0.0154024	6.3063e-05
20.4534	4.37335	0.0225148	6.30844e-05
19.7476	2.78306	0.0181202	6.31399e-05
21.4331	5.91038	0.0295789	6.29833e-05
19.0551	5.91038	0.0355997	6.31247e-05
20.4534	4.37335	0.0225148	6.30844e-05
24.1844	6.78374	0.0389846	6.27813e-05
21.4331	5.91038	0.0295789	6.29833e-05
22.7267	4.37335	0.0206703	6.29761e-05
20.0967	7.6571	0.0485095	6.30138e-05
19.0551	5.91038	0.0355997	6.31247e-05
21.4331	5.91038	0.0295789	6.29833e-05
20.4534	4.37335	0.0225148	6.30844e-05
18.1801	4.37335	0.0276139	6.31925e-05
19.7476	2.78306	0.0181202	6.31399e-05
23.0835	1.59882	0.0132408	6.30349e-05
21.0802	0.494728	0.0131862	6.31063e-05
23.0339	0.123895	0.012187	6.30452e-05
27.8022	8.40541	0.0866633	6.24797e-05
26.189	5.91038	0.0344393	6.27143e-05
28.5669	5.91038	0.0387534	6.25862e-05
25.6653	12.8882	4.735	6.14971e-05
24.4145	10.5869	0.109053	6.25945e-05
27.0253	10.7509	4.67906	6.14489e-05
22.5483	7.6571	0.0432309	6.28412e-05
20.0967	7.6571	0.0485095	6.30138e-05
21.4331	5.91038	0.0295789	6.29833e-05
25.4207	8.55507	0.0721552	6.2609e-05
22.5483	7.6571	0.0432309	6.28412e-05
24.1844	6.78374	0.0389846	6.27813e-05
21.25	9.60269	0.0671747	6.28767e-05
20.0967	7.6571	0.0485095	6.30138e-05
22.5483	7.6571	0.0432309	6.28412e-05
14.9215	7.36598	0.0756956	6.34134e-05
16.6772	5.91038	0.0451793	6.32722e-05
17.645	7.6571	0.0673414	6.31981e-05
21.913	2.6468	0.0154024	6.3063e-05
21.0802	0.494728	0.0131862	6.31063e-05
23.0835	1.59882	0.0132408	6.30349e-05
37.3284	7.80676	0.0707606	6.22852e-05
38.0788	5.91038	0.0559287	6.2269e-05
39.7099	7.6571	0.0909765	6.2335e-05
33.4473	6.2015	0.042598	6.23484e-05
35.7008	5.91038	0.0440449	6.22886e-05
34.9468	7.95642	0.0657965	6.22842e-05
33.75	9.60269	0.104203	6.22863e-05
32.355	7.6571	0.064078	6.23383e-05
34.9468	7.95642	0.0657965	6.22842e-05
31.8199	4.37335	0.027773	6.24895e-05
34.5833	3.0556	0.0260949	6.23975e-05
33.4473	6.2015	0.042598	6.23484e-05
36.3664	4.37335	0.0386618	6.23043e-05
38.0788	5.91038	0.0559287	6.2269e-05
35.7008	5.91038	0.0440449	6.22886e-05
19.7476	2.78306	0.0181202	6.31399e-05
17.2597	1.96546	0.021761	6.32169e-05
19.1515	1.10996	0.0167561	6.31549e-05
18.1801	4.37335	0.0276139	6.31925e-05
16.6772	5.91038	0.0451793	6.32722e-05
15.4167	3.0556	0.0304521	6.32953e-05
19.7476	2.78306	0.0181202	6.31399e-05
18.1801	4.37335	0.0276139	6.31925e-05
17.2597	1.96546	0.021761	6.32169e-05
19.0551	5.91038	0.0355997	6.31247e-05
16.6772	5.91038	0.0451793	6.32722e-05
18.1801	4.37335	0.0276139	6.31925e-05
21.913	2.6468	0.0154024	6.3063e-05
22.7267	4.37335	0.0206703	6.29761e-05
20.4534	4.37335	0.0225148	6.30844e-05
20.0967	7.6571	0.0485095	6.30138e-05
18.75	9.60269	0.0940853	6.3095e-05
17.645	7.6571	0.0673414	6.31981e-05
14.9215	7.36598	0.0756956	6.34134e-05
13.6336	4.37335	0.0448622	6.34051e-05
16.6772	5.91038	0.0451793	6.32722e-05
32.355	7.6571	0.064078	6.23383e-05
33.75	9.60269	0.104203	6.22863e-05
31.25	9.60269	0.122948	6.23082e-05
38.0788	5.91038	0.0559287	6.2269e-05
37.3284	7.80676	0.0707606	6.22852e-05
35.7008	5.91038	0.0440449	6.22886e-05
38.75	9.60269	0.120019	6.23994e-05
41.25	9.60269	0.165249	6.25358e-05
40.1627	11.7351	4.79267	6.17038e-05
36.25	9.60269	0.0983054	6.23185e-05
38.75	9.60269	0.120019	6.23994e-05
37.4683	11.4071	0.172108	6.24629e-05
39.7099	7.6571	0.0909765	6.2335e-05
41.25	9.60269	0.165249	6.25358e-05
38.75	9.60269	0.120019	6.23994e-05
15.4167	3.0556	0.0304521	6.32953e-05
17.2597	1.96546	0.021761	6.32169e-05
18.1801	4.37335	0.0276139	6.31925e-05
44.0204	14.0413	4.94336	6.24666e-05
41.2166	14.2175	4.91803	6.21768e-05
42.6898	11.7351	4.86385	6.19154e-05
14.9215	7.36598	0.0756956	6.34134e-05
12.6058	7.51154	0.0886445	6.35929e-05
13.6336	4.37335	0.0448622	6.34051e-05
15.1767	12.2293	4.80729	6.25769e-05
12.5545	12.0646	4.82291	6.2894e-05
13.513	9.30337	0.131786	6.36009e-05
16.5822	10.0948	4.65236	6.23375e-05
17.7988	12.3941	4.73018	6.22729e-05
15.1767	12.2293	4.80729	6.25769e-05
14.1312	14.0413	4.88877	6.28821e-05
12.5545	12.0646	4.82291	6.2894e-05
15.1767	12.2293	4.80729	6.25769e-05
15.9817	15.8026	4.90109	6.28286e-05
14.7591	18.4213	4.95776	6.35339e-05
13.1778	15.9788	4.93911	6.33095e-05
16.5822	10.0948	4.65236	6.23375e-05
18.75	9.60269	0.0940853	6.3095e-05
17.7988	12.3941	4.73018	6.22729e-05
22.0108	14.5924	0.162918	6.2879e-05
24.3933	15.2742	0.209926	6.26368e-05
20.9532	16.5071	0.21989	6.31584e-05
11.4404	21.3083	4.98729	6.50818e-05
12.2064	19.1174	4.976	6.41922e-05
14.6026	21.856	4.98214	6.46336e-05
8.66123	21.856	4.9923	6.58309e-05
11.4404	21.3083	4.98729	6.50818e-05
10.9756	24.1362	4.99302	6.66008e-05
8.66123	21.856	4.9923	6.58309e-05
9.3634	19.1174	4.9833	6.4687e-05
11.4404	21.3083	4.98729	6.50818e-05
6.52038	19.1174	4.98815	6.51113e-05
7.464	16.5071	4.9726	6.4264e-05
9.3634	19.1174	4.9833	6.4687e-05
3.67737	19.1174	4.99143	6.54867e-05
6.52038	19.1174	4.98815	6.51113e-05
5.62671	21.6734	4.99446	6.62173e-05
3.67737	19.1174	4.99143	6.54867e-05
4.76616	16.5071	4.98057	6.45896e-05
6.52038	19.1174	4.98815	6.51113e-05
10.1618	16.5071	4.96241	6.38889e-05
12.2064	19.1174	4.976	6.41922e-05
9.3634	19.1174	4.9833	6.4687e-05
5.97957	14.0413	4.95455	6.39159e-05
8.69678	14.0413	4.93328	6.36182e-05
7.464	16.5071	4.9726	6.4264e-05
11.414	14.0413	4.91232	6.32675e-05
13.1778	15.9788	4.93911	6.33095e-05
10.1618	16.5071	4.96241	6.38889e-05
15.1767	12.2293	4.80729	6.25769e-05
16.8484	14.0413	4.83097	6.25001e-05
14.1312	14.0413	4.88877	6.28821e-05
6.52038	19.1174	4.98815	6.51113e-05
9.3634	19.1174	4.9833	6.4687e-05
8.66123	21.856	4.9923	6.58309e-05
14.7591	18.4213	4.95776	6.35339e-05
12.2064	19.1174	4.976	6.41922e-05
13.1778	15.9788	4.93911	6.33095e-05
14.7591	18.4213	4.95776	6.35339e-05
14.6026	21.856	4.98214	6.46336e-05
12.2064	19.1174	4.976	6.41922e-05
12.6058	7.51154	0.0886445	6.35929e-05
11.9212	5.91038	0.0743674	6.35587e-05
13.6336	4.37335	0.0448622	6.34051e-05
11.25	9.60269	0.15158	6.38396e-05
12.6058	7.51154	0.0886445	6.35929e-05
13.513	9.30337	0.131786	6.36009e-05
10.2901	7.6571	0.113871	6.37684e-05
11.9212	5.91038	0.0743674	6.35587e-05
12.6058	7.51154	0.0886445	6.35929e-05
41.2166	14.2175	4.91803	6.21768e-05
40.1627	11.7351	4.79267	6.17038e-05
42.6898	11.7351	4.86385	6.19154e-05
35.1085	11.7351	0.177079	6.23664e-05
37.4683	11.4071	0.172108	6.24629e-05
35.6088	14.5697	4.87099	6.16415e-05
33.1516	14.0413	4.86588	6.14244e-05
35.1085	11.7351	0.177079	6.23664e-05
35.6088	14.5697	4.87099	6.16415e-05
32.5813	11.7351	4.74704	6.13226e-05
33.75	9.60269	0.104203	6.22863e-05
35.1085	11.7351	0.177079	6.23664e-05
37.3284	7.80676	0.0707606	6.22852e-05
39.7099	7.6571	0.0909765	6.2335e-05
38.75	9.60269	0.120019	6.23994e-05
36.25	9.60269	0.0983054	6.23185e-05
37.3284	7.80676	0.0707606	6.22852e-05
38.75	9.60269	0.120019	6.23994e-05
35.1085	11.7351	0.177079	6.23664e-05
36.25	9.60269	0.0983054	6.23185e-05
37.4683	11.4071	0.172108	6.24629e-05
34.9468	7.95642	0.0657965	6.22842e-05
37.3284	7.80676	0.0707606	6.22852e-05
36.25	9.60269	0.0983054	6.23185e-05
34.9468	7.95642	0.0657965	6.22842e-05
35.7008	5.91038	0.0440449	6.22886e-05
37.3284	7.80676	0.0707606	6.22852e-05
42.536	16.5071	4.96535	6.28335e-05
44.0204	14.0413	4.94336	6.24666e-05
45.2338	16.5071	4.97561	6.31862e-05
38.4127	14.3936	4.88537	6.18883e-05
41.2166	14.2175	4.91803	6.21768e-05
39.693	16.8552	4.95594	6.24844e-05
38.4127	14.3936	4.88537	6.18883e-05
37.4683	11.4071	0.172108	6.24629e-05
40.1627	11.7351	4.79267	6.17038e-05
10.2901	7.6571	0.113871	6.37684e-05
12.6058	7.51154	0.0886445	6.35929e-05
11.25	9.60269	0.15158	6.38396e-05
28.2875	13.053	4.82905	6.135e-05
30.001	14.922	4.90019	6.1372e-05
26.3489	16.5071	4.87536	6.15471e-05
35.1085	11.7351	0.177079	6.23664e-05
33.1516	14.0413	4.86588	6.14244e-05
32.5813	11.7351	4.74704	6.13226e-05
30.001	14.922	4.90019	6.1372e-05
28.6113	17.5512	4.93334	6.15257e-05
26.3489	16.5071	4.87536	6.15471e-05
30.9096	13.2177	4.84687	6.13256e-05
30.001	14.922	4.90019	6.1372e-05
28.2875	13.053	4.82905	6.135e-05
29.636	10.915	4.72659	6.1334e-05
30.9096	13.2177	4.84687	6.13256e-05
28.2875	13.053	4.82905	6.135e-05
32.5813	11.7351	4.74704	6.13226e-05
33.1516	14.0413	4.86588	6.14244e-05
30.9096	13.2177	4.84687	6.13256e-05
31.7446	16.5071	4.93362	6.15281e-05
28.6113	17.5512	4.93334	6.15257e-05
30.001	14.922	4.90019	6.1372e-05
34.4425	16.5071	4.9342	6.1734e-05
31.7446	16.5071	4.93362	6.15281e-05
33.1516	14.0413	4.86588	6.14244e-05
34.4425	16.5071	4.9342	6.1734e-05
34.9506	19.1174	4.96897	6.21274e-05
32.1075	19.1174	4.96422	6.17841e-05
37.1403	16.5071	4.9387	6.20567e-05
34.4425	16.5071	4.9342	6.1734e-05
35.6088	14.5697	4.87099	6.16415e-05
37.1403	16.5071	4.9387	6.20567e-05
37.7936	19.1174	4.97311	6.26011e-05
34.9506	19.1174	4.96897	6.21274e-05
11.414	14.0413	4.91232	6.32675e-05
14.1312	14.0413	4.88877	6.28821e-05
13.1778	15.9788	4.93911	6.33095e-05
8.69678	14.0413	4.93328	6.36182e-05
9.93237	11.8999	4.84441	6.31802e-05
11.414	14.0413	4.91232	6.32675e-05
11.25	9.60269	0.15158	6.38396e-05
13.513	9.30337	0.131786	6.36009e-05
12.5545	12.0646	4.82291	6.2894e-05
10.2901	7.6571	0.113871	6.37684e-05
11.25	9.60269	0.15158	6.38396e-05
8.74996	9.60269	0.187736	6.40492e-05
13.513	9.30337	0.131786	6.36009e-05
16.5822	10.0948	4.65236	6.23375e-05
15.1767	12.2293	4.80729	6.25769e-05
9.93237	11.8999	4.84441	6.31802e-05
11.25	9.60269	0.15158	6.38396e-05
12.5545	12.0646	4.82291	6.2894e-05
11.414	14.0413	4.91232	6.32675e-05
9.93237	11.8999	4.84441	6.31802e-05
12.5545	12.0646	4.82291	6.2894e-05
8.69678	14.0413	4.93328	6.36182e-05
7.31021	11.7351	4.88821	6.34099e-05
9.93237	11.8999	4.84441	6.31802e-05
37.4683	11.4071	0.172108	6.24629e-05
38.4127	14.3936	4.88537	6.18883e-05
35.6088	14.5697	4.87099	6.16415e-05
42.536	16.5071	4.96535	6.28335e-05
43.4158	19.3	4.98582	6.36671e-05
40.5089	19.4825	4.98126	6.31975e-05
44.0204	14.0413	4.94336	6.24666e-05
42.536	16.5071	4.96535	6.28335e-05
41.2166	14.2175	4.91803	6.21768e-05
45.2338	16.5071	4.97561	6.31862e-05
43.4158	19.3	4.98582	6.36671e-05
42.536	16.5071	4.96535	6.28335e-05
40.5089	19.4825	4.98126	6.31975e-05
41.2294	22.236	4.991	6.40032e-05
38.204	22.4261	4.98751	6.33493e-05
42.536	16.5071	4.96535	6.28335e-05
40.5089	19.4825	4.98126	6.31975e-05
39.693	16.8552	4.95594	6.24844e-05
43.4158	19.3	4.98582	6.36671e-05
41.2294	22.236	4.991	6.40032e-05
40.5089	19.4825	4.98126	6.31975e-05
47.2801	21.856	4.99483	6.48833e-05
44.3095	21.856	4.99318	6.44999e-05
46.3226	19.1174	4.98924	6.40108e-05
38.4127	14.3936	4.88537	6.18883e-05
37.1403	16.5071	4.9387	6.20567e-05
35.6088	14.5697	4.87099	6.16415e-05
40.1627	11.7351	4.79267	6.17038e-05
41.2166	14.2175	4.91803	6.21768e-05
38.4127	14.3936	4.88537	6.18883e-05
38.75	9.60269	0.120019	6.23994e-05
40.1627	11.7351	4.79267	6.17038e-05
37.4683	11.4071	0.172108	6.24629e-05
41.25	9.60269	0.165249	6.25358e-05
42.6898	11.7351	4.86385	6.19154e-05
40.1627	11.7351	4.79267	6.17038e-05
39.693	16.8552	4.95594	6.24844e-05
37.1403	16.5071	4.9387	6.20567e-05
38.4127	14.3936	4.88537	6.18883e-05
40.5089	19.4825	4.98126	6.31975e-05
37.7936	19.1174	4.97311	6.26011e-05
39.693	16.8552	4.95594	6.24844e-05
28.8815	20.2128	4.96034	6.17306e-05
29.1279	22.9961	4.95996	6.20768e-05
26.1025	23.1861	4.96771	6.23343e-05
32.1075	19.1174	4.96422	6.17841e-05
34.9506	19.1174	4.96897	6.21274e-05
32.4267	21.856	4.97211	6.21312e-05
28.8815	20.2128	4.96034	6.17306e-05
32.1075	19.1174	4.96422	6.17841e-05
32.4267	21.856	4.97211	6.21312e-05
31.7446	16.5071	4.93362	6.15281e-05
34.4425	16.5071	4.9342	6.1734e-05
32.1075	19.1174	4.96422	6.17841e-05
28.6113	17.5512	4.93334	6.15257e-05
31.7446	16.5071	4.93362	6.15281e-05
32.1075	19.1174	4.96422	6.17841e-05
11.414	14.0413	4.91232	6.32675e-05
12.5545	12.0646	4.82291	6.2894e-05
14.1312	14.0413	4.88877	6.28821e-05
12.2064	19.1174	4.976	6.41922e-05
10.1618	16.5071	4.96241	6.38889e-05
13.1778	15.9788	4.93911	6.33095e-05
9.93237	11.8999	4.84441	6.31802e-05
8.74996	9.60269	0.187736	6.40492e-05
11.25	9.60269	0.15158	6.38396e-05
43.4158	19.3	4.98582	6.36671e-05
45.2338	16.5071	4.97561	6.31862e-05
46.3226	19.1174	4.98924	6.40108e-05
33.1516	14.0413	4.86588	6.14244e-05
35.6088	14.5697	4.87099	6.16415e-05
34.4425	16.5071	4.9342	6.1734e-05
36.25	9.60269	0.0983054	6.23185e-05
33.75	9.60269	0.104203	6.22863e-05
34.9468	7.95642	0.0657965	6.22842e-05
21.9134	33.7485	0.257635	8.42074e-05
18.9132	34.917	4.85299	9.3825e-05
18.6835	32.5943	4.91506	7.91566e-05
25	30.6708	4.91993	6.82803e-05
21.9134	33.7485	0.257635	8.42074e-05
21.9612	30.6708	4.91947	7.07515e-05
21.8846	36.8646	4.80143	0.00011356
18.9132	34.917	4.85299	9.3825e-05
21.9134	33.7485	0.257635	8.42074e-05
25	40	4.86408	0.000172587
21.8846	36.8646	4.80143	0.00011356
25.1151	35.3065	0.247394	9.01939e-05
21.9134	33.7485	0.257635	8.42074e-05
18.6835	32.5943	4.91506	7.91566e-05
21.9612	30.6708	4.91947	7.07515e-05
18.7212	38.8242	0.204257	0.000159206
18.9132	34.917	4.85299	9.3825e-05
21.8846	36.8646	4.80143	0.00011356
17.2667	36.7732	0.248098	0.000123134
15.8122	34.7222	4.9023	9.32228e-05
18.9132	34.917	4.85299	9.3825e-05
18.7212	38.8242	0.204257	0.000159206
17.2667	36.7732	0.248098	0.000123134
18.9132	34.917	4.85299	9.3825e-05
18.7212	38.8242	0.204257	0.000159206
15.601	39.0202	0.242147	0.000169582
17.2667	36.7732	0.248098	0.000123134
18.7981	41.9596	0.229233	0.000307477
18.7212	38.8242	0.204257	0.000159206
21.9014	39.3141	0.234485	0.000170037
15.601	39.0202	0.242147	0.000169582
15.8122	34.7222	4.9023	9.32228e-05
17.2667	36.7732	0.248098	0.000123134
14.001	23.9462	4.9887	6.57773e-05
14.6026	21.856	4.98214	6.46336e-05
17.2998	24.7062	4.98404	6.53107e-05
13.1107	27.6505	4.98984	6.92655e-05
12.8447	30.6708	4.98247	7.48535e-05
10.1383	27.6505	4.99424	7.00784e-05
15.2052	26.1784	4.98765	6.70702e-05
15.7173	29.727	4.97705	7.15956e-05
13.1107	27.6505	4.98984	6.92655e-05
20.3799	24.7062	4.97639	6.43388e-05
18.0114	27.1222	4.97949	6.70116e-05
17.2998	24.7062	4.98404	6.53107e-05
18.7229	29.5382	4.96171	7.01499e-05
15.7173	29.727	4.97705	7.15956e-05
18.0114	27.1222	4.97949	6.70116e-05
18.7229	29.5382	4.96171	7.01499e-05
18.6835	32.5943	4.91506	7.91566e-05
15.7173	29.727	4.97705	7.15956e-05
10.9756	24.1362	4.99302	6.66008e-05
8.05963	24.7062	4.9958	6.75643e-05
8.66123	21.856	4.9923	6.58309e-05
10.1383	27.6505	4.99424	7.00784e-05
8.05963	24.7062	4.9958	6.75643e-05
10.9756	24.1362	4.99302	6.66008e-05
10.1383	27.6505	4.99424	7.00784e-05
9.80591	30.6708	4.99111	7.62937e-05
7.16598	27.6505	4.99686	7.05263e-05
6.70061	30.2933	4.99628	7.52685e-05
7.16598	27.6505	4.99686	7.05263e-05
9.80591	30.6708	4.99111	7.62937e-05
4.97956	24.7062	4.99723	6.80558e-05
5.62671	21.6734	4.99446	6.62173e-05
8.05963	24.7062	4.9958	6.75643e-05
3.67737	19.1174	4.99143	6.54867e-05
5.62671	21.6734	4.99446	6.62173e-05
2.71986	21.856	4.99601	6.6722e-05
6.52038	19.1174	4.98815	6.51113e-05
4.76616	16.5071	4.98057	6.45896e-05
7.464	16.5071	4.9726	6.4264e-05
25	30.6708	4.91993	6.82803e-05
28.0388	30.6708	4.94623	6.79825e-05
28.0866	33.7485	4.90255	7.70794e-05
47.2801	21.856	4.99483	6.48833e-05
48.1005	24.7062	4.99675	6.57926e-05
45.0204	24.7062	4.99597	6.54258e-05
26.4215	19.1174	4.93694	6.17674e-05
26.3489	16.5071	4.87536	6.15471e-05
28.6113	17.5512	4.93334	6.15257e-05
18.0114	27.1222	4.97949	6.70116e-05
22.0277	27.6505	4.9672	6.55983e-05
18.7229	29.5382	4.96171	7.01499e-05
17.2541	20.9431	4.96665	6.37009e-05
20.544	21.856	4.96097	6.31622e-05
17.2998	24.7062	4.98404	6.53107e-05
23.0771	23.3761	4.97146	6.29547e-05
26.1025	23.1861	4.96771	6.23343e-05
25.3391	26.1784	4.96821	6.34848e-05
17.2998	24.7062	4.98404	6.53107e-05
20.544	21.856	4.96097	6.31622e-05
20.3799	24.7062	4.97639	6.43388e-05
24.8405	21.1517	4.95245	6.21579e-05
26.1025	23.1861	4.96771	6.23343e-05
23.0771	23.3761	4.97146	6.29547e-05
20.544	21.856	4.96097	6.31622e-05
24.8405	21.1517	4.95245	6.21579e-05
23.0771	23.3761	4.97146	6.29547e-05
23.5785	19.1174	4.90436	6.2058e-05
26.4215	19.1174	4.93694	6.17674e-05
24.8405	21.1517	4.95245	6.21579e-05
31.199	26.5464	0.346496	6.41042e-05
30.7452	28.7831	4.94877	6.47155e-05
28.269	26.3624	4.9524	6.30055e-05
29.1279	22.9961	4.95996	6.20768e-05
31.199	26.5464	0.346496	6.41042e-05
28.269	26.3624	4.9524	6.30055e-05
32.7002	24.7062	4.95609	6.26278e-05
33.7508	28.5944	4.96432	6.4409e-05
31.199	26.5464	0.346496	6.41042e-05
20.544	21.856	4.96097	6.31622e-05
23.0771	23.3761	4.97146	6.29547e-05
20.3799	24.7062	4.97639	6.43388e-05
20.7355	19.1174	4.90233	6.25467e-05
20.544	21.856	4.96097	6.31622e-05
17.2541	20.9431	4.96665	6.37009e-05
17.7548	18.7251	4.93008	6.30473e-05
18.2554	16.5071	4.85732	6.25766e-05
20.7355	19.1174	4.90233	6.25467e-05
14.7591	18.4213	4.95776	6.35339e-05
17.7548	18.7251	4.93008	6.30473e-05
17.2541	20.9431	4.96665	6.37009e-05
14.7591	18.4213	4.95776	6.35339e-05
15.9817	15.8026	4.90109	6.28286e-05
17.7548	18.7251	4.93008	6.30473e-05
20.9532	16.5071	0.21989	6.31584e-05
23.5785	19.1174	4.90436	6.2058e-05
20.7355	19.1174	4.90233	6.25467e-05
23.5785	19.1174	4.90436	6.2058e-05
24.8405	21.1517	4.95245	6.21579e-05
20.544	21.856	4.96097	6.31622e-05
26.689	28.4246	4.95568	6.46651e-05
22.0277	27.6505	4.9672	6.55983e-05
25.3391	26.1784	4.96821	6.34848e-05
21.9612	30.6708	4.91947	7.07515e-05
18.6835	32.5943	4.91506	7.91566e-05
18.7229	29.5382	4.96171	7.01499e-05
20.7355	19.1174	4.90233	6.25467e-05
23.5785	19.1174	4.90436	6.2058e-05
20.544	21.856	4.96097	6.31622e-05
16.8484	14.0413	4.83097	6.25001e-05
19.5656	14.0413	0.18019	6.31366e-05
18.2554	16.5071	4.85732	6.25766e-05
16.8484	14.0413	4.83097	6.25001e-05
17.7988	12.3941	4.73018	6.22729e-05
19.5656	14.0413	0.18019	6.31366e-05
14.1312	14.0413	4.88877	6.28821e-05
16.8484	14.0413	4.83097	6.25001e-05
15.9817	15.8026	4.90109	6.28286e-05
15.1767	12.2293	4.80729	6.25769e-05
17.7988	12.3941	4.73018	6.22729e-05
16.8484	14.0413	4.83097	6.25001e-05
18.75	9.60269	0.0940853	6.3095e-05
21.25	9.60269	0.0671747	6.28767e-05
19.9458	11.7351	0.12161	6.29974e-05
24.3933	15.2742	0.209926	6.26368e-05
23.5785	19.1174	4.90436	6.2058e-05
20.9532	16.5071	0.21989	6.31584e-05
4.97956	24.7062	4.99723	6.80558e-05
4.19365	27.6505	4.99808	7.09809e-05
1.8995	24.7062	4.99787	6.8543e-05
8.74996	9.60269	0.187736	6.40492e-05
9.93237	11.8999	4.84441	6.31802e-05
7.31021	11.7351	4.88821	6.34099e-05
46.8029	37.0605	4.96717	8.08268e-05
43.6827	37.2565	4.93216	8.48551e-05
46.6062	33.7485	4.98607	7.15325e-05
41.9404	24.7062	4.99403	6.48154e-05
45.0204	24.7062	4.99597	6.54258e-05
42.7675	28.0281	4.99374	6.61055e-05
38.8603	24.7062	4.99042	6.40421e-05
41.9404	24.7062	4.99403	6.48154e-05
39.9888	27.0985	4.99127	6.50998e-05
41.2294	22.236	4.991	6.40032e-05
44.3095	21.856	4.99318	6.44999e-05
41.9404	24.7062	4.99403	6.48154e-05
48.7787	27.6505	4.99654	6.68479e-05
49.3105	30.6708	4.99418	6.84717e-05
46.2478	30.8632	4.99281	6.82677e-05
26.1025	23.1861	4.96771	6.23343e-05
24.8405	21.1517	4.95245	6.21579e-05
28.8815	20.2128	4.96034	6.17306e-05
28.269	26.3624	4.9524	6.30055e-05
26.1025	23.1861	4.96771	6.23343e-05
29.1279	22.9961	4.95996	6.20768e-05
23.0771	23.3761	4.97146	6.29547e-05
22.0277	27.6505	4.9672	6.55983e-05
20.3799	24.7062	4.97639	6.43388e-05
12.8447	30.6708	4.98247	7.48535e-05
12.7112	34.5275	4.95977	9.42546e-05
9.49534	33.1714	4.98728	8.60877e-05
10.1383	27.6505	4.99424	7.00784e-05
12.8447	30.6708	4.98247	7.48535e-05
9.80591	30.6708	4.99111	7.62937e-05
14.3285	32.6965	4.959	8.24769e-05
18.6835	32.5943	4.91506	7.91566e-05
15.8122	34.7222	4.9023	9.32228e-05
25.1151	35.3065	0.247394	9.01939e-05
21.8846	36.8646	4.80143	0.00011356
21.9134	33.7485	0.257635	8.42074e-05
14.3285	32.6965	4.959	8.24769e-05
12.7112	34.5275	4.95977	9.42546e-05
12.8447	30.6708	4.98247	7.48535e-05
18.9132	34.917	4.85299	9.3825e-05
15.8122	34.7222	4.9023	9.32228e-05
18.6835	32.5943	4.91506	7.91566e-05
15.601	39.0202	0.242147	0.000169582
12.5385	36.8646	4.93728	0.000121135
15.8122	34.7222	4.9023	9.32228e-05
23.5785	19.1174	4.90436	6.2058e-05
24.3933	15.2742	0.209926	6.26368e-05
26.3489	16.5071	4.87536	6.15471e-05
28.8815	20.2128	4.96034	6.17306e-05
24.8405	21.1517	4.95245	6.21579e-05
26.4215	19.1174	4.93694	6.17674e-05
18.2554	16.5071	4.85732	6.25766e-05
17.7548	18.7251	4.93008	6.30473e-05
15.9817	15.8026	4.90109	6.28286e-05
14.6026	21.856	4.98214	6.46336e-05
17.2541	20.9431	4.96665	6.37009e-05
17.2998	24.7062	4.98404	6.53107e-05
15.9817	15.8026	4.90109	6.28286e-05
13.1778	15.9788	4.93911	6.33095e-05
14.1312	14.0413	4.88877	6.28821e-05
14.6026	21.856	4.98214	6.46336e-05
14.7591	18.4213	4.95776	6.35339e-05
17.2541	20.9431	4.96665	6.37009e-05
11.4404	21.3083	4.98729	6.50818e-05
14.001	23.9462	4.9887	6.57773e-05
10.9756	24.1362	4.99302	6.66008e-05
30.001	14.922	4.90019	6.1372e-05
30.9096	13.2177	4.84687	6.13256e-05
33.1516	14.0413	4.86588	6.14244e-05
31.7446	16.5071	4.93362	6.15281e-05
30.001	14.922	4.90019	6.1372e-05
33.1516	14.0413	4.86588	6.14244e-05
25.6653	12.8882	4.735	6.14971e-05
27.0253	10.7509	4.67906	6.14489e-05
28.2875	13.053	4.82905	6.135e-05
25.6653	12.8882	4.735	6.14971e-05
28.2875	13.053	4.82905	6.135e-05
26.3489	16.5071	4.87536	6.15471e-05
33.75	9.60269	0.104203	6.22863e-05
36.25	9.60269	0.0983054	6.23185e-05
35.1085	11.7351	0.177079	6.23664e-05
39.693	16.8552	4.95594	6.24844e-05
41.2166	14.2175	4.91803	6.21768e-05
42.536	16.5071	4.96535	6.28335e-05
28.8815	20.2128	4.96034	6.17306e-05
26.4215	19.1174	4.93694	6.17674e-05
28.6113	17.5512	4.93334	6.15257e-05
40.625	40	0.218901	0.000117419
43.75	40	4.8651	0.000109906
43.6923	43.1354	0.238306	0.000186103
34.399	40.9798	0.0916451	0.000135605
37.5	40	4.72565	0.000106392
37.5191	43.9145	0.135726	0.000300031
40.5769	36.8646	4.91056	8.44198e-05
43.6827	37.2565	4.93216	8.48551e-05
40.625	40	0.218901	0.000117419
37.3464	33.7485	4.95544	7.17896e-05
33.997	31.6326	4.96108	6.76516e-05
37.1553	30.6708	4.97886	6.73012e-05
40.625	40	0.218901	0.000117419
37.5	40	4.72565	0.000106392
40.5769	36.8646	4.91056	8.44198e-05
37.4615	36.8646	4.86773	7.68545e-05
34.1596	34.7385	4.89145	6.60391e-05
37.3464	33.7485	4.95544	7.17896e-05
46.2478	30.8632	4.99281	6.82677e-05
45.7731	27.8393	4.99581	6.65927e-05
48.7787	27.6505	4.99654	6.68479e-05
49.6928	33.7485	4.9885	7.19245e-05
46.6062	33.7485	4.98607	7.15325e-05
49.3105	30.6708	4.99418	6.84717e-05
40.1941	30.6708	4.98662	6.76086e-05
37.1553	30.6708	4.97886	6.73012e-05
36.8893	27.6505	4.9838	6.4549e-05
43.2329	30.6708	4.99006	6.77422e-05
40.1941	30.6708	4.98662	6.76086e-05
42.7675	28.0281	4.99374	6.61055e-05
40.433	33.7485	4.96998	7.31778e-05
37.3464	33.7485	4.95544	7.17896e-05
40.1941	30.6708	4.98662	6.76086e-05
31.3171	35.696	4.83318	6.83268e-05
31.2019	38.0404	0.147588	7.63147e-05
28.1154	36.8646	4.8355	9.63128e-05
33.997	31.6326	4.96108	6.76516e-05
34.1596	34.7385	4.89145	6.60391e-05
30.9343	31.8249	4.95366	6.90662e-05
34.3221	37.8444	0.16934	5.9848e-05
31.2019	38.0404	0.147588	7.63147e-05
31.3171	35.696	4.83318	6.83268e-05
37.5	40	4.72565	0.000106392
34.3221	37.8444	0.16934	5.9848e-05
37.4615	36.8646	4.86773	7.68545e-05
34.399	40.9798	0.0916451	0.000135605
31.2019	38.0404	0.147588	7.63147e-05
34.3221	37.8444	0.16934	5.9848e-05
40.1941	30.6708	4.98662	6.76086e-05
39.9888	27.0985	4.99127	6.50998e-05
42.7675	28.0281	4.99374	6.61055e-05
7.16598	27.6505	4.99686	7.05263e-05
8.05963	24.7062	4.9958	6.75643e-05
10.1383	27.6505	4.99424	7.00784e-05
3.69504	30.482	4.99807	7.59617e-05
4.19365	27.6505	4.99808	7.09809e-05
6.70061	30.2933	4.99628	7.52685e-05
4.97956	24.7062	4.99723	6.80558e-05
8.05963	24.7062	4.9958	6.75643e-05
7.16598	27.6505	4.99686	7.05263e-05
2.71986	21.856	4.99601	6.6722e-05
4.97956	24.7062	4.99723	6.80558e-05
1.8995	24.7062	4.99787	6.8543e-05
14.001	23.9462	4.9887	6.57773e-05
11.4404	21.3083	4.98729	6.50818e-05
14.6026	21.856	4.98214	6.46336e-05
13.1107	27.6505	4.98984	6.92655e-05
10.9756	24.1362	4.99302	6.66008e-05
14.001	23.9462	4.9887	6.57773e-05
8.66123	21.856	4.9923	6.58309e-05
5.62671	21.6734	4.99446	6.62173e-05
6.52038	19.1174	4.98815	6.51113e-05
12.2064	19.1174	4.976	6.41922e-05
11.4404	21.3083	4.98729	6.50818e-05
9.3634	19.1174	4.9833	6.4687e-05
8.05963	24.7062	4.9958	6.75643e-05
5.62671	21.6734	4.99446	6.62173e-05
8.66123	21.856	4.9923	6.58309e-05
44.3095	21.856	4.99318	6.44999e-05
41.2294	22.236	4.991	6.40032e-05
43.4158	19.3	4.98582	6.36671e-05
45.7731	27.8393	4.99581	6.65927e-05
45.0204	24.7062	4.99597	6.54258e-05
48.1005	24.7062	4.99675	6.57926e-05
38.8603	24.7062	4.99042	6.40421e-05
36.8893	27.6505	4.9838	6.4549e-05
35.7802	24.7062	4.98182	6.32097e-05
45.7731	27.8393	4.99581	6.65927e-05
42.7675	28.0281	4.99374	6.61055e-05
45.0204	24.7062	4.99597	6.54258e-05
43.2329	30.6708	4.99006	6.77422e-05
46.2478	30.8632	4.99281	6.82677e-05
43.5196	33.7485	4.97736	7.21853e-05
40.433	33.7485	4.96998	7.31778e-05
43.2329	30.6708	4.99006	6.77422e-05
43.5196	33.7485	4.97736	7.21853e-05
42.7675	28.0281	4.99374	6.61055e-05
45.7731	27.8393	4.99581	6.65927e-05
43.2329	30.6708	4.99006	6.77422e-05
41.9404	24.7062	4.99403	6.48154e-05
42.7675	28.0281	4.99374	6.61055e-05
39.9888	27.0985	4.99127	6.50998e-05
45.7731	27.8393	4.99581	6.65927e-05
46.2478	30.8632	4.99281	6.82677e-05
43.2329	30.6708	4.99006	6.77422e-05
8.69678	14.0413	4.93328	6.36182e-05
5.97957	14.0413	4.95455	6.39159e-05
7.31021	11.7351	4.88821	6.34099e-05
10.1618	16.5071	4.96241	6.38889e-05
8.69678	14.0413	4.93328	6.36182e-05
11.414	14.0413	4.91232	6.32675e-05
7.464	16.5071	4.9726	6.4264e-05
4.76616	16.5071	4.98057	6.45896e-05
5.97957	14.0413	4.95455	6.39159e-05
10.1618	16.5071	4.96241	6.38889e-05
7.464	16.5071	4.9726	6.4264e-05
8.69678	14.0413	4.93328	6.36182e-05
10.1618	16.5071	4.96241	6.38889e-05
9.3634	19.1174	4.9833	6.4687e-05
7.464	16.5071	4.9726	6.4264e-05
9.42308	36.8646	4.97905	0.000122085
9.49534	33.1714	4.98728	8.60877e-05
12.7112	34.5275	4.95977	9.42546e-05
12.5	40	4.93114	0.000201576
9.36058	39.4121	4.97805	0.000181624
12.5385	36.8646	4.93728	0.000121135
9.36058	39.4121	4.97805	0.000181624
6.30769	36.8646	4.99253	0.000118441
9.42308	36.8646	4.97905	0.000122085
3.19231	36.8646	4.99699	0.000116594
3.40821	33.9432	4.99756	8.93618e-05
6.30769	36.8646	4.99253	0.000118441
0.076922	36.8646	4.99801	0.000114559
3.19231	36.8646	4.99699	0.000116594
3.125	40	4.99667	0.000188714
0.076922	36.8646	4.99801	0.000114559
0.307214	33.7485	4.99834	8.79807e-05
3.19231	36.8646	4.99699	0.000116594
6.70061	30.2933	4.99628	7.52685e-05
9.80591	30.6708	4.99111	7.62937e-05
9.49534	33.1714	4.98728	8.60877e-05
2.71986	21.856	4.99601	6.6722e-05
5.62671	21.6734	4.99446	6.62173e-05
4.97956	24.7062	4.99723	6.80558e-05
18.0114	27.1222	4.97949	6.70116e-05
15.7173	29.727	4.97705	7.15956e-05
15.2052	26.1784	4.98765	6.70702e-05
43.5196	33.7485	4.97736	7.21853e-05
40.5769	36.8646	4.91056	8.44198e-05
40.433	33.7485	4.96998	7.31778e-05
49.9231	36.8646	4.97474	8.13019e-05
46.8029	37.0605	4.96717	8.08268e-05
49.6928	33.7485	4.9885	7.19245e-05
43.75	40	4.8651	0.000109906
40.625	40	0.218901	0.000117419
43.6827	37.2565	4.93216	8.48551e-05
13.1107	27.6505	4.98984	6.92655e-05
15.7173	29.727	4.97705	7.15956e-05
12.8447	30.6708	4.98247	7.48535e-05
10.9756	24.1362	4.99302	6.66008e-05
13.1107	27.6505	4.98984	6.92655e-05
10.1383	27.6505	4.99424	7.00784e-05
15.2052	26.1784	4.98765	6.70702e-05
17.2998	24.7062	4.98404	6.53107e-05
18.0114	27.1222	4.97949	6.70116e-05
14.001	23.9462	4.9887	6.57773e-05
15.2052	26.1784	4.98765	6.70702e-05
13.1107	27.6505	4.98984	6.92655e-05
14.001	23.9462	4.9887	6.57773e-05
17.2998	24.7062	4.98404	6.53107e-05
15.2052	26.1784	4.98765	6.70702e-05
46.6062	33.7485	4.98607	7.15325e-05
43.6827	37.2565	4.93216	8.48551e-05
43.5196	33.7485	4.97736	7.21853e-05
50	40	4.95848	0.000101533
46.8029	37.0605	4.96717	8.08268e-05
49.9231	36.8646	4.97474	8.13019e-05
46.8798	40.196	4.93369	0.000110817
43.75	40	4.8651	0.000109906
46.8029	37.0605	4.96717	8.08268e-05
21.9014	39.3141	0.234485	0.000170037
21.9183	41.7637	4.84028	0.000304379
18.7981	41.9596	0.229233	0.000307477
25	40	4.86408	0.000172587
21.9014	39.3141	0.234485	0.000170037
21.8846	36.8646	4.80143	0.00011356
25	40	4.86408	0.000172587
21.9183	41.7637	4.84028	0.000304379
21.9014	39.3141	0.234485	0.000170037
22.0142	44.8882	4.89502	0.000724062
18.7981	41.9596	0.229233	0.000307477
21.9183	41.7637	4.84028	0.000304379
3.69504	30.482	4.99807	7.59617e-05
3.40821	33.9432	4.99756	8.93618e-05
0.68946	30.6708	4.99858	7.67401e-05
1.22131	27.6505	4.9985	7.14741e-05
3.69504	30.482	4.99807	7.59617e-05
0.68946	30.6708	4.99858	7.67401e-05
6.70061	30.2933	4.99628	7.52685e-05
6.43263	33.3637	4.99495	8.61498e-05
3.69504	30.482	4.99807	7.59617e-05
43.5196	33.7485	4.97736	7.21853e-05
43.6827	37.2565	4.93216	8.48551e-05
40.5769	36.8646	4.91056	8.44198e-05
40.1941	30.6708	4.98662	6.76086e-05
43.2329	30.6708	4.99006	6.77422e-05
40.433	33.7485	4.96998	7.31778e-05
46.6062	33.7485	4.98607	7.15325e-05
49.6928	33.7485	4.9885	7.19245e-05
46.8029	37.0605	4.96717	8.08268e-05
46.2478	30.8632	4.99281	6.82677e-05
46.6062	33.7485	4.98607	7.15325e-05
43.5196	33.7485	4.97736	7.21853e-05
46.2478	30.8632	4.99281	6.82677e-05
49.3105	30.6708	4.99418	6.84717e-05
46.6062	33.7485	4.98607	7.15325e-05
46.8798	40.196	4.93369	0.000110817
46.8029	37.0605	4.96717	8.08268e-05
50	40	4.95848	0.000101533
9.4375	42.5475	4.98183	0.000377343
6.24038	39.6081	4.99227	0.000177946
9.36058	39.4121	4.97805	0.000181624
9.49534	33.1714	4.98728	8.60877e-05
9.80591	30.6708	4.99111	7.62937e-05
12.8447	30.6708	4.98247	7.48535e-05
12.5385	36.8646	4.93728	0.000121135
9.42308	36.8646	4.97905	0.000122085
12.7112	34.5275	4.95977	9.42546e-05
6.43263	33.3637	4.99495	8.61498e-05
6.70061	30.2933	4.99628	7.52685e-05
9.49534	33.1714	4.98728	8.60877e-05
4.19365	27.6505	4.99808	7.09809e-05
4.97956	24.7062	4.99723	6.80558e-05
7.16598	27.6505	4.99686	7.05263e-05
1.22131	27.6505	4.9985	7.14741e-05
4.19365	27.6505	4.99808	7.09809e-05
3.69504	30.482	4.99807	7.59617e-05
1.22131	27.6505	4.9985	7.14741e-05
1.8995	24.7062	4.99787	6.8543e-05
4.19365	27.6505	4.99808	7.09809e-05
6.70061	30.2933	4.99628	7.52685e-05
4.19365	27.6505	4.99808	7.09809e-05
7.16598	27.6505	4.99686	7.05263e-05
18.7229	29.5382	4.96171	7.01499e-05
22.0277	27.6505	4.9672	6.55983e-05
21.9612	30.6708	4.91947	7.07515e-05
14.3285	32.6965	4.959	8.24769e-05
12.8447	30.6708	4.98247	7.48535e-05
15.7173	29.727	4.97705	7.15956e-05
18.6835	32.5943	4.91506	7.91566e-05
14.3285	32.6965	4.959	8.24769e-05
15.7173	29.727	4.97705	7.15956e-05
15.8122	34.7222	4.9023	9.32228e-05
12.7112	34.5275	4.95977	9.42546e-05
14.3285	32.6965	4.959	8.24769e-05
18.0114	27.1222	4.97949	6.70116e-05
20.3799	24.7062	4.97639	6.43388e-05
22.0277	27.6505	4.9672	6.55983e-05
3.40821	33.9432	4.99756	8.93618e-05
3.69504	30.482	4.99807	7.59617e-05
6.43263	33.3637	4.99495	8.61498e-05
46.8077	43.1354	4.91054	0.000169613
43.6923	43.1354	0.238306	0.000186103
46.8798	40.196	4.93369	0.000110817
49.9231	43.1354	4.94767	0.000161572
46.8077	43.1354	4.91054	0.000169613
46.8798	40.196	4.93369	0.000110817
46.2717	49.3292	4.9568	0.000686453
49.3105	49.3292	4.96652	0.000596488
48.7787	52.3495	4.96503	0.0013556
43.5196	46.2515	4.87281	0.000362565
46.2717	49.3292	4.9568	0.000686453
43.2329	49.3292	4.92882	0.000820937
40.433	46.2515	4.7948	0.000426711
43.5196	46.2515	4.87281	0.000362565
43.2329	49.3292	4.92882	0.000820937
43.6923	43.1354	0.238306	0.000186103
46.8077	43.1354	4.91054	0.000169613
46.6062	46.2515	4.93153	0.000314384
46.6062	46.2515	4.93153	0.000314384
49.3105	49.3292	4.96652	0.000596488
46.2717	49.3292	4.9568	0.000686453
6.30769	36.8646	4.99253	0.000118441
6.43263	33.3637	4.99495	8.61498e-05
9.42308	36.8646	4.97905	0.000122085
3.125	40	4.99667	0.000188714
3.19231	36.8646	4.99699	0.000116594
6.24038	39.6081	4.99227	0.000177946
3.40821	33.9432	4.99756	8.93618e-05
6.43263	33.3637	4.99495	8.61498e-05
6.30769	36.8646	4.99253	0.000118441
0.307214	33.7485	4.99834	8.79807e-05
3.40821	33.9432	4.99756	8.93618e-05
3.19231	36.8646	4.99699	0.000116594
0.307214	33.7485	4.99834	8.79807e-05
0.68946	30.6708	4.99858	7.67401e-05
3.40821	33.9432	4.99756	8.93618e-05
