25	30.6708	4.91917	7.40431e-05
28.0866	33.7485	4.90509	8.44963e-05
25.1151	35.3065	0.247782	9.70914e-05
22.0277	27.6505	4.96716	7.17477e-05
25	30.6708	4.91917	7.40431e-05
21.9612	30.6708	4.91925	7.69165e-05
26.689	28.4246	4.95536	7.05271e-05
28.269	26.3624	4.95229	6.89636e-05
30.7452	28.7831	4.94821	7.05077e-05
25	30.6708	4.91917	7.40431e-05
26.689	28.4246	4.95536	7.05271e-05
28.0388	30.6708	4.94543	7.37285e-05
25.3391	26.1784	4.96814	6.95033e-05
28.269	26.3624	4.95229	6.89636e-05
26.689	28.4246	4.95536	7.05271e-05
28.0388	30.6708	4.94543	7.37285e-05
30.9343	31.8249	4.95576	7.61657e-05
28.0866	33.7485	4.90509	8.44963e-05
22.0277	27.6505	4.96716	7.17477e-05
26.689	28.4246	4.95536	7.05271e-05
25	30.6708	4.91917	7.40431e-05
30.7452	28.7831	4.94821	7.05077e-05
30.9343	31.8249	4.95576	7.61657e-05
28.0388	30.6708	4.94543	7.37285e-05
26.689	28.4246	4.95536	7.05271e-05
30.7452	28.7831	4.94821	7.05077e-05
28.0388	30.6708	4.94543	7.37285e-05
26.1025	23.1861	4.96771	6.83527e-05
28.269	26.3624	4.95229	6.89636e-05
25.3391	26.1784	4.96814	6.95033e-05
29.1279	22.9961	4.95997	6.80811e-05
32.7002	24.7062	4.9561	6.86708e-05
31.199	26.5464	0.346352	7.01472e-05
33.7508	28.5944	4.96388	7.02754e-05
30.9343	31.8249	4.95576	7.61657e-05
30.7452	28.7831	4.94821	7.05077e-05
31.199	26.5464	0.346352	7.01472e-05
33.7508	28.5944	4.96388	7.02754e-05
30.7452	28.7831	4.94821	7.05077e-05
37.4615	36.8646	4.87816	8.56109e-05
40.433	33.7485	4.97011	7.95921e-05
40.5769	36.8646	4.91337	9.22843e-05
36.8893	27.6505	4.9838	7.07194e-05
37.1553	30.6708	4.97884	7.34776e-05
33.7508	28.5944	4.96388	7.02754e-05
36.8893	27.6505	4.9838	7.07194e-05
39.9888	27.0985	4.99131	7.14138e-05
40.1941	30.6708	4.98605	7.36993e-05
34.9506	19.1174	4.96901	6.81889e-05
34.4425	16.5071	4.93425	6.77532e-05
37.1403	16.5071	4.93874	6.81142e-05
38.204	22.4261	4.98754	6.95427e-05
35.1786	22.6161	4.98039	6.87994e-05
36.4861	20.8667	4.97921	6.87936e-05
32.1075	19.1174	4.96426	6.78005e-05
28.8815	20.2128	4.96037	6.77285e-05
28.6113	17.5512	4.93339	6.75132e-05
38.204	22.4261	4.98754	6.95427e-05
35.7802	24.7062	4.98188	6.93622e-05
35.1786	22.6161	4.98039	6.87994e-05
32.7002	24.7062	4.9561	6.86708e-05
29.1279	22.9961	4.95997	6.80811e-05
32.4267	21.856	4.97213	6.81672e-05
45.7731	27.8393	4.99588	7.31055e-05
48.1005	24.7062	4.99676	7.22526e-05
48.7787	27.6505	4.99655	7.33623e-05
38.8603	24.7062	4.99046	7.02966e-05
41.2294	22.236	4.99102	7.02802e-05
41.9404	24.7062	4.99407	7.11672e-05
38.8603	24.7062	4.99046	7.02966e-05
38.204	22.4261	4.98754	6.95427e-05
41.2294	22.236	4.99102	7.02802e-05
36.8893	27.6505	4.9838	7.07194e-05
38.8603	24.7062	4.99046	7.02966e-05
39.9888	27.0985	4.99131	7.14138e-05
35.7802	24.7062	4.98188	6.93622e-05
38.204	22.4261	4.98754	6.95427e-05
38.8603	24.7062	4.99046	7.02966e-05
33.7508	28.5944	4.96388	7.02754e-05
35.7802	24.7062	4.98188	6.93622e-05
36.8893	27.6505	4.9838	7.07194e-05
32.7002	24.7062	4.9561	6.86708e-05
32.4267	21.856	4.97213	6.81672e-05
35.1786	22.6161	4.98039	6.87994e-05
37.7936	19.1174	4.97315	6.87215e-05
40.5089	19.4825	4.98129	6.93901e-05
38.204	22.4261	4.98754	6.95427e-05
35.1786	22.6161	4.98039	6.87994e-05
32.4267	21.856	4.97213	6.81672e-05
34.9506	19.1174	4.96901	6.81889e-05
36.4861	20.8667	4.97921	6.87936e-05
35.1786	22.6161	4.98039	6.87994e-05
34.9506	19.1174	4.96901	6.81889e-05
37.7936	19.1174	4.97315	6.87215e-05
36.4861	20.8667	4.97921	6.87936e-05
34.9506	19.1174	4.96901	6.81889e-05
37.7936	19.1174	4.97315	6.87215e-05
38.204	22.4261	4.98754	6.95427e-05
36.4861	20.8667	4.97921	6.87936e-05
35.7802	24.7062	4.98188	6.93622e-05
32.7002	24.7062	4.9561	6.86708e-05
35.1786	22.6161	4.98039	6.87994e-05
33.7508	28.5944	4.96388	7.02754e-05
32.7002	24.7062	4.9561	6.86708e-05
35.7802	24.7062	4.98188	6.93622e-05
29.1279	22.9961	4.95997	6.80811e-05
28.8815	20.2128	4.96037	6.77285e-05
32.4267	21.856	4.97213	6.81672e-05
37.1403	16.5071	4.93874	6.81142e-05
39.693	16.8552	4.95597	6.85919e-05
37.7936	19.1174	4.97315	6.87215e-05
44.3095	21.856	4.99321	7.08404e-05
47.2801	21.856	4.99485	7.12687e-05
45.0204	24.7062	4.996	7.18509e-05
41.9404	24.7062	4.99407	7.11672e-05
44.3095	21.856	4.99321	7.08404e-05
45.0204	24.7062	4.996	7.18509e-05
43.4158	19.3	4.98585	6.99158e-05
46.3226	19.1174	4.98926	7.03001e-05
44.3095	21.856	4.99321	7.08404e-05
28.0866	46.2515	4.88385	0.000964977
31.0776	49.3292	4.83539	0.00229467
28.0388	49.3292	4.88453	0.00258344
25	43.1354	4.89971	0.000397209
28.1154	43.1354	4.85219	0.000404688
28.0866	46.2515	4.88385	0.000964977
37.3464	46.2515	0.160665	0.000571329
34.3294	43.6157	0.113056	0.00033755
37.5191	43.9145	0.138375	0.00030908
31.226	43.7137	0.18065	0.000428359
31.2788	41.1758	0.144201	0.000205036
34.3294	43.6157	0.113056	0.00033755
28.0866	46.2515	4.88385	0.000964977
31.226	43.7137	0.18065	0.000428359
31.1732	46.2515	4.77589	0.000897237
28.1154	43.1354	4.85219	0.000404688
31.2788	41.1758	0.144201	0.000205036
31.226	43.7137	0.18065	0.000428359
25	46.2515	4.91294	0.00099121
25	43.1354	4.89971	0.000397209
28.0866	46.2515	4.88385	0.000964977
28.125	40	4.82007	0.000179193
31.2788	41.1758	0.144201	0.000205036
28.1154	43.1354	4.85219	0.000404688
28.125	40	4.82007	0.000179193
31.2019	38.0404	0.118478	6.51925e-05
31.2788	41.1758	0.144201	0.000205036
31.2019	38.0404	0.118478	6.51925e-05
34.399	40.9798	0.0726076	0.000114135
31.2788	41.1758	0.144201	0.000205036
28.0866	33.7485	4.90509	8.44963e-05
31.3171	35.696	4.84383	7.56216e-05
28.1154	36.8646	4.84079	0.000104115
37.3464	33.7485	4.95947	7.94523e-05
37.1553	30.6708	4.97884	7.34776e-05
40.1941	30.6708	4.98605	7.36993e-05
37.4615	36.8646	4.87816	8.56109e-05
37.3464	33.7485	4.95947	7.94523e-05
40.433	33.7485	4.97011	7.95921e-05
37.4615	36.8646	4.87816	8.56109e-05
34.3221	37.8444	0.193384	4.78492e-05
34.1596	34.7385	4.90263	7.45009e-05
34.1596	34.7385	4.90263	7.45009e-05
33.997	31.6326	4.96319	7.44708e-05
37.3464	33.7485	4.95947	7.94523e-05
31.3171	35.696	4.84383	7.56216e-05
34.1596	34.7385	4.90263	7.45009e-05
34.3221	37.8444	0.193384	4.78492e-05
31.3171	35.696	4.84383	7.56216e-05
30.9343	31.8249	4.95576	7.61657e-05
34.1596	34.7385	4.90263	7.45009e-05
30.9343	31.8249	4.95576	7.61657e-05
33.7508	28.5944	4.96388	7.02754e-05
33.997	31.6326	4.96319	7.44708e-05
40.433	46.2515	4.79462	0.000434356
40.6201	43.7197	0.185127	0.000249269
43.5196	46.2515	4.87271	0.000369606
46.8029	37.0605	4.96716	8.73621e-05
43.75	40	4.86507	0.00011641
43.6827	37.2565	4.93179	9.11003e-05
49.9231	43.1354	4.94769	0.000168756
46.8798	40.196	4.93373	0.000117867
50	40	4.95852	0.000108203
49.9231	43.1354	4.94769	0.000168756
49.6928	46.2515	4.95585	0.000294721
46.8077	43.1354	4.91056	0.000176728
25	43.1354	4.89971	0.000397209
25	46.2515	4.91294	0.00099121
22.0142	44.8882	4.89474	0.000715168
25	40	4.86508	0.000179917
25	43.1354	4.89971	0.000397209
21.9183	41.7637	4.84001	0.000308596
25	40	4.86508	0.000179917
28.1154	43.1354	4.85219	0.000404688
25	43.1354	4.89971	0.000397209
31.2019	38.0404	0.118478	6.51925e-05
28.125	40	4.82007	0.000179193
28.1154	36.8646	4.84079	0.000104115
28.1154	43.1354	4.85219	0.000404688
31.226	43.7137	0.18065	0.000428359
28.0866	46.2515	4.88385	0.000964977
18.7981	41.9596	0.229259	0.000313551
15.601	39.0202	0.242197	0.000177519
18.7212	38.8242	0.204237	0.000166706
17.2523	44.2036	4.88508	0.000650798
15.7402	46.2515	4.93844	0.0011932
14.1489	44.3016	4.94328	0.000669847
18.7981	41.9596	0.229259	0.000313551
17.2523	44.2036	4.88508	0.000650798
15.6779	42.1556	4.87321	0.000370349
18.8268	46.2515	4.90705	0.00108069
15.7402	46.2515	4.93844	0.0011932
17.2523	44.2036	4.88508	0.000650798
21.7462	47.598	4.88675	0.00174247
18.8268	46.2515	4.90705	0.00108069
22.0142	44.8882	4.89474	0.000715168
21.7462	47.598	4.88675	0.00174247
18.9224	49.3292	4.87397	0.00301721
18.8268	46.2515	4.90705	0.00108069
15.6779	42.1556	4.87321	0.000370349
15.601	39.0202	0.242197	0.000177519
18.7981	41.9596	0.229259	0.000313551
18.8268	46.2515	4.90705	0.00108069
17.2523	44.2036	4.88508	0.000650798
18.7981	41.9596	0.229259	0.000313551
14.1489	44.3016	4.94328	0.000669847
12.6536	46.2515	4.96911	0.00106258
12.5577	42.3516	4.95129	0.000372055
15.6779	42.1556	4.87321	0.000370349
14.1489	44.3016	4.94328	0.000669847
12.5577	42.3516	4.95129	0.000372055
15.7402	46.2515	4.93844	0.0011932
12.6536	46.2515	4.96911	0.00106258
14.1489	44.3016	4.94328	0.000669847
12.7118	50.0843	4.96254	0.00344428
12.6536	46.2515	4.96911	0.00106258
15.8835	49.3292	4.93568	0.00289002
16.083	52.3495	4.89459	0.00738847
13.1107	52.3495	4.9439	0.00655465
15.8835	49.3292	4.93568	0.00289002
18.9224	49.3292	4.87397	0.00301721
16.083	52.3495	4.89459	0.00738847
15.8835	49.3292	4.93568	0.00289002
13.1107	52.3495	4.9439	0.00655465
10.6893	54.7417	4.92702	0.0111472
10.1383	52.3495	4.96128	0.00591394
15.8835	49.3292	4.93568	0.00289002
13.1107	52.3495	4.9439	0.00655465
12.7118	50.0843	4.96254	0.00344428
14.2198	55.2938	4.8941	0.0155671
10.6893	54.7417	4.92702	0.0111472
13.1107	52.3495	4.9439	0.00655465
17.0264	56.2438	4.83695	0.0252192
14.2198	55.2938	4.8941	0.0155671
16.083	52.3495	4.89459	0.00738847
17.2808	59.0298	4.73175	0.0611865
17.5295	61.7527	0.0823261	4.56954
15.0494	60.8826	0.108457	0.0600429
17.0264	56.2438	4.83695	0.0252192
17.2808	59.0298	4.73175	0.0611865
14.6026	58.144	4.78469	0.0319839
17.0264	56.2438	4.83695	0.0252192
20.0518	56.4338	4.77336	0.0289806
17.2808	59.0298	4.73175	0.0611865
7.16598	52.3495	4.96976	0.0058067
8.05963	55.2938	4.92392	0.0134749
4.92487	55.4838	4.93214	0.0157213
6.76709	49.3292	4.98648	0.00238518
7.16598	52.3495	4.96976	0.0058067
4.19365	52.3495	4.97542	0.00571511
10.1383	52.3495	4.96128	0.00591394
8.05963	55.2938	4.92392	0.0134749
7.16598	52.3495	4.96976	0.0058067
12.7118	50.0843	4.96254	0.00344428
10.1383	52.3495	4.96128	0.00591394
9.70619	49.8955	4.97768	0.00297042
10.6893	54.7417	4.92702	0.0111472
8.05963	55.2938	4.92392	0.0134749
10.1383	52.3495	4.96128	0.00591394
12.5577	42.3516	4.95129	0.000372055
12.5	40	4.93123	0.00020958
15.6779	42.1556	4.87321	0.000370349
9.61019	45.6673	4.98596	0.000836731
12.5577	42.3516	4.95129	0.000372055
12.6536	46.2515	4.96911	0.00106258
9.61019	45.6673	4.98596	0.000836731
6.31731	42.7435	4.99284	0.00037381
9.4375	42.5475	4.98191	0.000386769
-3.10282e-28	40	4.99767	0.000204119
3.125	40	4.99667	0.000196255
3.19711	42.9395	4.99626	0.000389963
-3.10282e-28	40	4.99767	0.000204119
0.076922	36.8646	4.998	0.000121825
3.125	40	4.99667	0.000196255
46.6062	46.2515	4.93157	0.000321621
46.2717	49.3292	4.95683	0.000693879
43.5196	46.2515	4.87271	0.000369606
43.6923	43.1354	0.238092	0.000193054
46.6062	46.2515	4.93157	0.000321621
43.5196	46.2515	4.87271	0.000369606
49.6928	46.2515	4.95585	0.000294721
49.3105	49.3292	4.96652	0.000603918
46.6062	46.2515	4.93157	0.000321621
27.4517	72.3429	0.00268846	0.023412
25	72.3429	0.00272834	0.0287047
27.0253	69.2491	0.00596548	0.0536063
24.7277	76.3587	0.000991273	0.00962707
26.189	74.0896	0.00170128	0.016033
27.2733	75.6267	0.00116368	0.0100629
24.7277	76.3587	0.000991273	0.00962707
23.0327	74.7883	0.00147227	0.0163173
26.189	74.0896	0.00170128	0.016033
23.0339	79.8761	0.000691939	0.0064159
21.0802	79.5053	0.000789668	0.00738514
21.6827	78.0345	0.000826945	0.00792034
19.6759	76.9444	0.00103171	0.00954761
19.0551	74.0896	0.00191567	0.0187739
21.4331	74.0896	0.00180861	0.0207216
19.6759	76.9444	0.00103171	0.00954761
18.1801	75.6267	0.00144367	0.0126383
19.0551	74.0896	0.00191567	0.0187739
21.4331	74.0896	0.00180861	0.0207216
23.0327	74.7883	0.00147227	0.0163173
22.3999	76.5052	0.00102717	0.0105871
20.0967	72.3429	0.00298511	0.0351639
22.5483	72.3429	0.00287121	0.0376034
21.4331	74.0896	0.00180861	0.0207216
16.5527	73.7985	0.00222312	0.0162318
17.645	72.3429	0.00308375	0.0243395
19.0551	74.0896	0.00191567	0.0187739
19.193	69.7412	0.00649871	0.0616881
21.8037	69.5771	0.00617753	4.49562
20.0967	72.3429	0.00298511	0.0351639
21.8037	69.5771	0.00617753	4.49562
23.75	70.3973	0.00479784	0.0572409
22.5483	72.3429	0.00287121	0.0376034
21.6827	78.0345	0.000826945	0.00792034
19.1515	78.89	0.000907636	0.00815685
19.6759	76.9444	0.00103171	0.00954761
22.3999	76.5052	0.00102717	0.0105871
19.6759	76.9444	0.00103171	0.00954761
21.4331	74.0896	0.00180861	0.0207216
22.3999	76.5052	0.00102717	0.0105871
21.6827	78.0345	0.000826945	0.00792034
19.6759	76.9444	0.00103171	0.00954761
24.7277	76.3587	0.000991273	0.00962707
22.3999	76.5052	0.00102717	0.0105871
23.0327	74.7883	0.00147227	0.0163173
24.7277	76.3587	0.000991273	0.00962707
24.9752	78.5234	0.000715307	0.00646224
23.329	78.279	0.000759549	0.00719409
21.0802	79.5053	0.000789668	0.00738514
19.1515	78.89	0.000907636	0.00815685
21.6827	78.0345	0.000826945	0.00792034
25	80	0.000674505	0.00601115
24.9752	78.5234	0.000715307	0.00646224
26.9661	79.8761	0.000662131	0.00550424
19.6759	76.9444	0.00103171	0.00954761
19.1515	78.89	0.000907636	0.00815685
17.2597	78.0345	0.00112652	0.00940328
28.3173	78.0345	0.000769878	0.00608422
30.8485	78.89	0.000848147	0.00594462
28.9198	79.5053	0.000736969	0.00567891
18.1801	75.6267	0.00144367	0.0126383
19.6759	76.9444	0.00103171	0.00954761
17.2597	78.0345	0.00112652	0.00940328
15.4167	76.9444	0.00144035	0.0106342
18.1801	75.6267	0.00144367	0.0126383
17.2597	78.0345	0.00112652	0.00940328
23.0327	74.7883	0.00147227	0.0163173
21.4331	74.0896	0.00180861	0.0207216
22.5483	72.3429	0.00287121	0.0376034
15.4167	76.9444	0.00144035	0.0106342
16.5527	73.7985	0.00222312	0.0162318
18.1801	75.6267	0.00144367	0.0126383
20.0967	72.3429	0.00298511	0.0351639
21.8037	69.5771	0.00617753	4.49562
22.5483	72.3429	0.00287121	0.0376034
15.4167	76.9444	0.00144035	0.0106342
13.6336	75.6267	0.00217447	0.01369
14.237	73.9441	0.0025301	0.0154763
29.3832	76.0659	0.0010868	0.00828677
31.3712	77.1646	0.00101658	0.00689761
28.3173	78.0345	0.000769878	0.00608422
31.9219	75.3472	0.00138503	0.00911265
34.5833	76.9444	0.00134988	0.0078089
32.7403	78.0345	0.00102724	0.006588
14.237	73.9441	0.0025301	0.0154763
11.9212	74.0896	0.00319597	0.0174629
12.7417	72.3429	0.00391656	0.0201927
11.25	70.3973	0.00687913	0.0310486
12.7417	72.3429	0.00391656	0.0201927
10.2901	72.3429	0.00520963	0.0254365
17.645	72.3429	0.00308375	0.0243395
16.5527	73.7985	0.00222312	0.0162318
15.1934	72.3429	0.00333875	0.0197871
19.193	69.7412	0.00649871	0.0616881
17.645	72.3429	0.00308375	0.0243395
16.25	70.3973	0.00550436	0.0306946
20.0967	72.3429	0.00298511	0.0351639
19.0551	74.0896	0.00191567	0.0187739
17.645	72.3429	0.00308375	0.0243395
19.0551	74.0896	0.00191567	0.0187739
18.1801	75.6267	0.00144367	0.0126383
16.5527	73.7985	0.00222312	0.0162318
32.355	72.3429	0.00277994	0.0181821
34.8066	72.3429	0.00314322	0.0171466
33.3228	74.0896	0.00191946	0.0115593
33.3228	74.0896	0.00191946	0.0115593
31.9219	75.3472	0.00138503	0.00911265
30.9297	73.8705	0.00183167	0.0130923
35.7008	74.0896	0.00235052	0.0123561
33.3228	74.0896	0.00191946	0.0115593
34.8066	72.3429	0.00314322	0.0171466
34.5833	76.9444	0.00134988	0.0078089
31.9219	75.3472	0.00138503	0.00911265
33.3228	74.0896	0.00191946	0.0115593
17.4187	68.2649	0.0103702	0.0587758
14.8915	68.2649	0.0102635	0.0406635
16.8484	65.9587	0.0205361	0.0784611
16.25	70.3973	0.00550436	0.0306946
13.513	70.6966	0.00541404	0.0251318
14.8915	68.2649	0.0102635	0.0406635
19.193	69.7412	0.00649871	0.0616881
16.25	70.3973	0.00550436	0.0306946
17.4187	68.2649	0.0103702	0.0587758
15.1934	72.3429	0.00333875	0.0197871
14.237	73.9441	0.0025301	0.0154763
12.7417	72.3429	0.00391656	0.0201927
17.645	72.3429	0.00308375	0.0243395
15.1934	72.3429	0.00333875	0.0197871
16.25	70.3973	0.00550436	0.0306946
16.5527	73.7985	0.00222312	0.0162318
14.237	73.9441	0.0025301	0.0154763
15.1934	72.3429	0.00333875	0.0197871
12.7417	72.3429	0.00391656	0.0201927
11.25	70.3973	0.00687913	0.0310486
13.513	70.6966	0.00541404	0.0251318
8.74996	70.3973	0.00912485	0.0433389
11.25	70.3973	0.00687913	0.0310486
10.2901	72.3429	0.00520963	0.0254365
12.3644	68.2649	0.0111041	0.0409877
13.846	66.4528	0.01814	0.0478135
14.8915	68.2649	0.0102635	0.0406635
9.83732	68.2649	0.0129925	0.0613488
12.3644	68.2649	0.0111041	0.0409877
11.25	70.3973	0.00687913	0.0310486
9.83732	68.2649	0.0129925	0.0613488
11.414	65.9587	0.0223746	0.0613676
12.3644	68.2649	0.0111041	0.0409877
9.83732	68.2649	0.0129925	0.0613488
11.25	70.3973	0.00687913	0.0310486
8.74996	70.3973	0.00912485	0.0433389
14.8915	68.2649	0.0102635	0.0406635
13.513	70.6966	0.00541404	0.0251318
12.3644	68.2649	0.0111041	0.0409877
15.1934	72.3429	0.00333875	0.0197871
12.7417	72.3429	0.00391656	0.0201927
13.513	70.6966	0.00541404	0.0251318
15.4167	76.9444	0.00144035	0.0106342
14.237	73.9441	0.0025301	0.0154763
16.5527	73.7985	0.00222312	0.0162318
13.6336	75.6267	0.00217447	0.01369
11.9212	74.0896	0.00319597	0.0174629
14.237	73.9441	0.0025301	0.0154763
11.9212	74.0896	0.00319597	0.0174629
10.2901	72.3429	0.00520963	0.0254365
12.7417	72.3429	0.00391656	0.0201927
7.31021	68.2649	0.0169704	0.0910203
9.83732	68.2649	0.0129925	0.0613488
8.74996	70.3973	0.00912485	0.0433389
7.31021	68.2649	0.0169704	0.0910203
5.97957	65.9587	0.0338717	4.61138
8.78345	65.7825	0.0273027	4.54403
28.3173	78.0345	0.000769878	0.00608422
28.9198	79.5053	0.000736969	0.00567891
26.9661	79.8761	0.000662131	0.00550424
31.3712	77.1646	0.00101658	0.00689761
31.9219	75.3472	0.00138503	0.00911265
32.7403	78.0345	0.00102724	0.006588
28.3173	78.0345	0.000769878	0.00608422
31.3712	77.1646	0.00101658	0.00689761
30.8485	78.89	0.000848147	0.00594462
29.3832	76.0659	0.0010868	0.00828677
31.9219	75.3472	0.00138503	0.00911265
31.3712	77.1646	0.00101658	0.00689761
27.2733	75.6267	0.00116368	0.0100629
29.3832	76.0659	0.0010868	0.00828677
28.3173	78.0345	0.000769878	0.00608422
28.5669	74.0896	0.00168899	0.0137713
29.9033	72.3429	0.00267686	0.0210864
30.9297	73.8705	0.00183167	0.0130923
27.2733	75.6267	0.00116368	0.0100629
28.5669	74.0896	0.00168899	0.0137713
29.3832	76.0659	0.0010868	0.00828677
27.2733	75.6267	0.00116368	0.0100629
26.189	74.0896	0.00170128	0.016033
28.5669	74.0896	0.00168899	0.0137713
26.2439	77.6257	0.000795228	0.00697591
27.2733	75.6267	0.00116368	0.0100629
28.3173	78.0345	0.000769878	0.00608422
26.9661	79.8761	0.000662131	0.00550424
26.2439	77.6257	0.000795228	0.00697591
28.3173	78.0345	0.000769878	0.00608422
24.9752	78.5234	0.000715307	0.00646224
24.7277	76.3587	0.000991273	0.00962707
26.2439	77.6257	0.000795228	0.00697591
31.0572	70.658	0.00421786	0.0326057
30.0542	68.2649	0.00796577	4.39638
32.2468	68.921	0.00682159	0.0441914
31.0572	70.658	0.00421786	0.0326057
28.75	70.3973	0.00453061	0.0396001
30.0542	68.2649	0.00796577	4.39638
33.75	70.3973	0.00485908	0.0266456
31.0572	70.658	0.00421786	0.0326057
32.2468	68.921	0.00682159	0.0441914
29.9033	72.3429	0.00267686	0.0210864
28.75	70.3973	0.00453061	0.0396001
31.0572	70.658	0.00421786	0.0326057
30.9297	73.8705	0.00183167	0.0130923
29.9033	72.3429	0.00267686	0.0210864
32.355	72.3429	0.00277994	0.0181821
33.3228	74.0896	0.00191946	0.0115593
30.9297	73.8705	0.00183167	0.0130923
32.355	72.3429	0.00277994	0.0181821
31.9219	75.3472	0.00138503	0.00911265
29.3832	76.0659	0.0010868	0.00828677
30.9297	73.8705	0.00183167	0.0130923
28.5669	74.0896	0.00168899	0.0137713
26.189	74.0896	0.00170128	0.016033
27.4517	72.3429	0.00268846	0.023412
25	72.3429	0.00272834	0.0287047
23.75	70.3973	0.00479784	0.0572409
27.0253	69.2491	0.00596548	0.0536063
26.9661	79.8761	0.000662131	0.00550424
24.9752	78.5234	0.000715307	0.00646224
26.2439	77.6257	0.000795228	0.00697591
27.0253	69.2491	0.00596548	0.0536063
24.3347	67.1118	0.0106664	0.104447
26.9568	67.2765	0.00950304	0.0759175
19.0904	66.7823	0.0156441	0.10435
19.999	65.078	0.0262534	4.62512
22.2828	65.9587	0.0162509	4.63204
17.4187	68.2649	0.0103702	0.0587758
19.0904	66.7823	0.0156441	0.10435
19.193	69.7412	0.00649871	0.0616881
17.4187	68.2649	0.0103702	0.0587758
16.8484	65.9587	0.0205361	0.0784611
19.0904	66.7823	0.0156441	0.10435
27.4517	72.3429	0.00268846	0.023412
28.75	70.3973	0.00453061	0.0396001
29.9033	72.3429	0.00267686	0.0210864
28.5669	74.0896	0.00168899	0.0137713
27.4517	72.3429	0.00268846	0.023412
29.9033	72.3429	0.00267686	0.0210864
26.189	74.0896	0.00170128	0.016033
25	72.3429	0.00272834	0.0287047
27.4517	72.3429	0.00268846	0.023412
27.0253	69.2491	0.00596548	0.0536063
26.9568	67.2765	0.00950304	0.0759175
30.0542	68.2649	0.00796577	4.39638
27.4517	72.3429	0.00268846	0.023412
27.0253	69.2491	0.00596548	0.0536063
28.75	70.3973	0.00453061	0.0396001
23.75	70.3973	0.00479784	0.0572409
24.3347	67.1118	0.0106664	0.104447
27.0253	69.2491	0.00596548	0.0536063
34.8233	67.7707	0.0106333	0.046121
37.4455	67.9354	0.011934	4.34057
36.25	70.3973	0.00560431	0.0299062
31.3712	77.1646	0.00101658	0.00689761
32.7403	78.0345	0.00102724	0.006588
30.8485	78.89	0.000848147	0.00594462
23.329	78.279	0.000759549	0.00719409
22.3999	76.5052	0.00102717	0.0105871
24.7277	76.3587	0.000991273	0.00962707
23.0339	79.8761	0.000691939	0.0064159
23.329	78.279	0.000759549	0.00719409
24.9752	78.5234	0.000715307	0.00646224
21.6827	78.0345	0.000826945	0.00792034
22.3999	76.5052	0.00102717	0.0105871
23.329	78.279	0.000759549	0.00719409
21.6827	78.0345	0.000826945	0.00792034
23.329	78.279	0.000759549	0.00719409
23.0339	79.8761	0.000691939	0.0064159
25	72.3429	0.00272834	0.0287047
26.189	74.0896	0.00170128	0.016033
23.0327	74.7883	0.00147227	0.0163173
27.2733	75.6267	0.00116368	0.0100629
26.2439	77.6257	0.000795228	0.00697591
24.7277	76.3587	0.000991273	0.00962707
25	80	0.000674505	0.00601115
23.0339	79.8761	0.000691939	0.0064159
24.9752	78.5234	0.000715307	0.00646224
35.7008	74.0896	0.00235052	0.0123561
37.3942	72.4885	0.00381728	0.0182549
38.0788	74.0896	0.00316041	0.0150469
34.5833	76.9444	0.00134988	0.0078089
35.7008	74.0896	0.00235052	0.0123561
36.3664	75.6267	0.00207715	0.010918
34.8066	72.3429	0.00314322	0.0171466
37.3942	72.4885	0.00381728	0.0182549
35.7008	74.0896	0.00235052	0.0123561
34.5833	76.9444	0.00134988	0.0078089
33.3228	74.0896	0.00191946	0.0115593
35.7008	74.0896	0.00235052	0.0123561
33.75	70.3973	0.00485908	0.0266456
36.25	70.3973	0.00560431	0.0299062
34.8066	72.3429	0.00314322	0.0171466
35.7008	74.0896	0.00235052	0.0123561
38.0788	74.0896	0.00316041	0.0150469
36.3664	75.6267	0.00207715	0.010918
37.4455	67.9354	0.011934	4.34057
38.75	70.3973	0.00691378	0.0298644
36.25	70.3973	0.00560431	0.0299062
39.7099	72.3429	0.00526844	0.021674
38.0788	74.0896	0.00316041	0.0150469
37.3942	72.4885	0.00381728	0.0182549
36.25	70.3973	0.00560431	0.0299062
33.75	70.3973	0.00485908	0.0266456
34.8233	67.7707	0.0106333	0.046121
37.3942	72.4885	0.00381728	0.0182549
36.25	70.3973	0.00560431	0.0299062
38.75	70.3973	0.00691378	0.0298644
37.3942	72.4885	0.00381728	0.0182549
34.8066	72.3429	0.00314322	0.0171466
36.25	70.3973	0.00560431	0.0299062
15.5575	63.4929	0.0490622	0.0743087
16.8484	65.9587	0.0205361	0.0784611
13.846	66.4528	0.01814	0.0478135
11.414	65.9587	0.0223746	0.0613676
12.8597	63.4929	0.0465087	0.0533172
13.846	66.4528	0.01814	0.0478135
15.0494	60.8826	0.108457	0.0600429
17.5295	61.7527	0.0823261	4.56954
15.5575	63.4929	0.0490622	0.0743087
15.5575	63.4929	0.0490622	0.0743087
17.5295	61.7527	0.0823261	4.56954
16.8484	65.9587	0.0205361	0.0784611
11.6319	58.144	4.77396	0.0250526
14.6026	58.144	4.78469	0.0319839
12.3979	60.3349	0.123942	0.0388615
14.6026	58.144	4.78469	0.0319839
17.2808	59.0298	4.73175	0.0611865
15.0494	60.8826	0.108457	0.0600429
20.363	63.0044	0.0496073	4.6311
19.999	65.078	0.0262534	4.62512
17.5295	61.7527	0.0823261	4.56954
20.7355	60.8826	0.0930037	4.55498
20.363	63.0044	0.0496073	4.6311
17.5295	61.7527	0.0823261	4.56954
20.7355	60.8826	0.0930037	4.55498
23.0704	62.1007	0.0459074	0.103989
20.363	63.0044	0.0496073	4.6311
11.6319	58.144	4.77396	0.0250526
10.6893	54.7417	4.92702	0.0111472
14.2198	55.2938	4.8941	0.0155671
9.3634	60.8826	0.112724	0.0533201
11.6319	58.144	4.77396	0.0250526
12.3979	60.3349	0.123942	0.0388615
8.66123	58.144	4.8081	0.027838
10.6893	54.7417	4.92702	0.0111472
11.6319	58.144	4.77396	0.0250526
5.69054	58.144	4.82927	0.0370096
4.92487	55.4838	4.93214	0.0157213
8.05963	55.2938	4.92392	0.0134749
6.4478	61.0566	0.118576	0.0730337
5.69054	58.144	4.82927	0.0370096
8.66123	58.144	4.8081	0.027838
3.67737	60.8826	0.15056	4.44273
2.71986	58.144	4.86482	0.0361601
5.69054	58.144	4.82927	0.0370096
36.8222	64.0212	0.0358147	0.0473405
39.6261	63.8451	0.0437326	0.0402465
38.586	65.9587	0.0220731	0.0439379
34.1521	62.7968	0.0453695	4.43731
36.8222	64.0212	0.0358147	0.0473405
35.8688	65.9587	0.0188259	0.0529229
37.7936	60.8826	0.104477	0.0276436
39.6261	63.8451	0.0437326	0.0402465
36.8222	64.0212	0.0358147	0.0473405
38.75	70.3973	0.00691378	0.0298644
40.1627	68.2649	0.0131882	0.036949
41.25	70.3973	0.00930594	0.0268093
37.3942	72.4885	0.00381728	0.0182549
38.75	70.3973	0.00691378	0.0298644
39.7099	72.3429	0.00526844	0.021674
37.4455	67.9354	0.011934	4.34057
40.1627	68.2649	0.0131882	0.036949
38.75	70.3973	0.00691378	0.0298644
35.8688	65.9587	0.0188259	0.0529229
37.4455	67.9354	0.011934	4.34057
34.8233	67.7707	0.0106333	0.046121
33.1516	65.9587	0.0160782	0.0635139
35.8688	65.9587	0.0188259	0.0529229
34.8233	67.7707	0.0106333	0.046121
34.1521	62.7968	0.0453695	4.43731
34.9506	60.8826	0.0829455	0.0510861
36.8222	64.0212	0.0358147	0.0473405
38.75	70.3973	0.00691378	0.0298644
41.25	70.3973	0.00930594	0.0268093
39.7099	72.3429	0.00526844	0.021674
38.586	65.9587	0.0220731	0.0439379
40.1627	68.2649	0.0131882	0.036949
37.4455	67.9354	0.011934	4.34057
41.3032	65.9587	0.0262497	0.041686
42.6898	68.2649	0.0173296	0.0333721
40.1627	68.2649	0.0131882	0.036949
41.3032	65.9587	0.0262497	0.041686
44.0204	65.9587	0.033791	0.047432
42.6898	68.2649	0.0173296	0.0333721
41.25	70.3973	0.00930594	0.0268093
40.1627	68.2649	0.0131882	0.036949
42.6898	68.2649	0.0173296	0.0333721
36.8222	64.0212	0.0358147	0.0473405
34.9506	60.8826	0.0829455	0.0510861
37.7936	60.8826	0.104477	0.0276436
2.71986	58.144	4.86482	0.0361601
4.92487	55.4838	4.93214	0.0157213
5.69054	58.144	4.82927	0.0370096
8.66123	58.144	4.8081	0.027838
8.05963	55.2938	4.92392	0.0134749
10.6893	54.7417	4.92702	0.0111472
6.4478	61.0566	0.118576	0.0730337
8.66123	58.144	4.8081	0.027838
9.3634	60.8826	0.112724	0.0533201
5.69054	58.144	4.82927	0.0370096
8.05963	55.2938	4.92392	0.0134749
8.66123	58.144	4.8081	0.027838
1.8995	55.2938	4.94887	0.0131413
4.92487	55.4838	4.93214	0.0157213
2.71986	58.144	4.86482	0.0361601
1.8995	55.2938	4.94887	0.0131413
1.22131	52.3495	4.97964	0.00506535
4.19365	52.3495	4.97542	0.00571511
41.3032	65.9587	0.0262497	0.041686
42.43	63.669	0.0535262	4.34607
44.0204	65.9587	0.033791	0.047432
43.4796	60.8826	0.12341	0.0283689
40.6366	60.8826	0.115081	0.0285141
41.4664	58.5091	4.78846	0.0134933
45.2338	63.4929	0.0687831	0.0437072
43.4796	60.8826	0.12341	0.0283689
46.3226	60.8826	0.145724	0.0195752
42.43	63.669	0.0535262	4.34607
40.6366	60.8826	0.115081	0.0285141
43.4796	60.8826	0.12341	0.0283689
41.4664	58.5091	4.78846	0.0134933
38.5596	58.6917	4.75525	0.0161552
38.8603	55.2938	4.89038	0.0061168
46.3226	60.8826	0.145724	0.0195752
43.4796	60.8826	0.12341	0.0283689
44.2548	57.954	4.83254	0.00986092
42.43	63.669	0.0535262	4.34607
39.6261	63.8451	0.0437326	0.0402465
40.6366	60.8826	0.115081	0.0285141
44.0204	65.9587	0.033791	0.047432
42.43	63.669	0.0535262	4.34607
45.2338	63.4929	0.0687831	0.0437072
36.8222	64.0212	0.0358147	0.0473405
38.586	65.9587	0.0220731	0.0439379
35.8688	65.9587	0.0188259	0.0529229
40.6366	60.8826	0.115081	0.0285141
39.6261	63.8451	0.0437326	0.0402465
37.7936	60.8826	0.104477	0.0276436
38.586	65.9587	0.0220731	0.0439379
37.4455	67.9354	0.011934	4.34057
35.8688	65.9587	0.0188259	0.0529229
41.3032	65.9587	0.0262497	0.041686
38.586	65.9587	0.0220731	0.0439379
39.6261	63.8451	0.0437326	0.0402465
41.3032	65.9587	0.0262497	0.041686
40.1627	68.2649	0.0131882	0.036949
38.586	65.9587	0.0220731	0.0439379
32.2468	68.921	0.00682159	0.0441914
30.4344	65.9587	0.0138016	0.0719771
33.1516	65.9587	0.0160782	0.0635139
21.7285	50.6506	0.23238	0.00478218
19.0553	52.3495	0.232737	0.00804564
18.9224	49.3292	4.87397	0.00301721
21.7462	47.598	4.88675	0.00174247
21.7285	50.6506	0.23238	0.00478218
18.9224	49.3292	4.87397	0.00301721
15.8835	49.3292	4.93568	0.00289002
18.8268	46.2515	4.90705	0.00108069
18.9224	49.3292	4.87397	0.00301721
22.0142	44.8882	4.89474	0.000715168
25	46.2515	4.91294	0.00099121
21.7462	47.598	4.88675	0.00174247
24.7341	50.8393	4.82662	0.00440501
22.4091	54.0056	0.179068	0.0126124
21.7285	50.6506	0.23238	0.00478218
26.54	55.2938	0.164951	0.0135637
26.4853	58.144	0.105118	0.0272475
23.0771	56.6239	4.68786	0.023629
30.9447	52.3495	4.8499	0.00547215
29.6201	55.2938	4.75068	0.0123328
27.9723	52.3495	4.82924	0.00610311
26.4853	58.144	0.105118	0.0272475
26.4215	60.8826	0.0465737	0.0567933
24.0253	59.6046	0.0942033	0.051682
29.6201	55.2938	4.75068	0.0123328
26.4853	58.144	0.105118	0.0272475
26.54	55.2938	0.164951	0.0135637
29.6201	55.2938	4.75068	0.0123328
32.1533	57.1939	0.157806	0.022463
29.839	59.2394	0.0836527	0.0396638
17.2808	59.0298	4.73175	0.0611865
20.7355	60.8826	0.0930037	4.55498
17.5295	61.7527	0.0823261	4.56954
23.0771	56.6239	4.68786	0.023629
20.3936	58.6582	4.69662	0.0617964
20.0518	56.4338	4.77336	0.0289806
23.0771	56.6239	4.68786	0.023629
24.0253	59.6046	0.0942033	0.051682
20.3936	58.6582	4.69662	0.0617964
39.0601	41.8598	0.177824	0.000193785
37.5191	43.9145	0.138375	0.00030908
37.5	40	4.73886	0.000113441
40.625	40	0.221106	0.000125495
39.0601	41.8598	0.177824	0.000193785
37.5	40	4.73886	0.000113441
40.6201	43.7197	0.185127	0.000249269
37.5191	43.9145	0.138375	0.00030908
39.0601	41.8598	0.177824	0.000193785
40.6201	43.7197	0.185127	0.000249269
40.433	46.2515	4.79462	0.000434356
37.5191	43.9145	0.138375	0.00030908
43.6923	43.1354	0.238092	0.000193054
40.6201	43.7197	0.185127	0.000249269
40.625	40	0.221106	0.000125495
43.6923	43.1354	0.238092	0.000193054
43.5196	46.2515	4.87271	0.000369606
40.6201	43.7197	0.185127	0.000249269
46.8798	40.196	4.93373	0.000117867
43.6923	43.1354	0.238092	0.000193054
43.75	40	4.86507	0.00011641
46.8077	43.1354	4.91056	0.000176728
49.6928	46.2515	4.95585	0.000294721
46.6062	46.2515	4.93157	0.000321621
37.5	40	4.73886	0.000113441
34.399	40.9798	0.0726076	0.000114135
34.3221	37.8444	0.193384	4.78492e-05
40.5769	36.8646	4.91337	9.22843e-05
37.5	40	4.73886	0.000113441
37.4615	36.8646	4.87816	8.56109e-05
40.625	40	0.221106	0.000125495
40.6201	43.7197	0.185127	0.000249269
39.0601	41.8598	0.177824	0.000193785
40.1224	48.7521	4.85668	0.000825174
37.0597	48.5598	0.198656	0.00109926
37.3464	46.2515	0.160665	0.000571329
34.1165	49.3292	0.204222	0.00166759
36.7564	51.5944	4.84905	0.00254901
34.1289	53.2696	4.84293	0.00570409
31.1732	46.2515	4.77589	0.000897237
34.1165	49.3292	0.204222	0.00166759
31.0776	49.3292	4.83539	0.00229467
28.0866	46.2515	4.88385	0.000964977
31.1732	46.2515	4.77589	0.000897237
31.0776	49.3292	4.83539	0.00229467
34.3294	43.6157	0.113056	0.00033755
34.399	40.9798	0.0726076	0.000114135
37.5191	43.9145	0.138375	0.00030908
31.1732	46.2515	4.77589	0.000897237
31.226	43.7137	0.18065	0.000428359
34.2598	46.2515	0.148926	0.000707969
31.2788	41.1758	0.144201	0.000205036
34.399	40.9798	0.0726076	0.000114135
34.3294	43.6157	0.113056	0.00033755
37.0597	48.5598	0.198656	0.00109926
36.7564	51.5944	4.84905	0.00254901
34.1165	49.3292	0.204222	0.00166759
37.3464	46.2515	0.160665	0.000571329
37.0597	48.5598	0.198656	0.00109926
34.2598	46.2515	0.148926	0.000707969
40.433	46.2515	4.79462	0.000434356
37.3464	46.2515	0.160665	0.000571329
37.5191	43.9145	0.138375	0.00030908
40.433	46.2515	4.79462	0.000434356
40.1224	48.7521	4.85668	0.000825174
37.3464	46.2515	0.160665	0.000571329
40.1224	48.7521	4.85668	0.000825174
36.7564	51.5944	4.84905	0.00254901
37.0597	48.5598	0.198656	0.00109926
46.2717	49.3292	4.95683	0.000693879
45.8487	52.5335	4.95768	0.00172499
43.2329	49.3292	4.92881	0.000828538
34.1165	49.3292	0.204222	0.00166759
34.1289	53.2696	4.84293	0.00570409
30.9447	52.3495	4.8499	0.00547215
7.464	63.4929	0.0558827	4.55203
8.78345	65.7825	0.0273027	4.54403
5.97957	65.9587	0.0338717	4.61138
6.4478	61.0566	0.118576	0.0730337
7.464	63.4929	0.0558827	4.55203
4.76616	63.4929	0.0688806	0.107735
6.4478	61.0566	0.118576	0.0730337
9.3634	60.8826	0.112724	0.0533201
7.464	63.4929	0.0558827	4.55203
12.3979	60.3349	0.123942	0.0388615
10.1618	63.4929	0.0480582	0.0733902
9.3634	60.8826	0.112724	0.0533201
12.8597	63.4929	0.0465087	0.0533172
15.0494	60.8826	0.108457	0.0600429
15.5575	63.4929	0.0490622	0.0743087
12.3644	68.2649	0.0111041	0.0409877
13.513	70.6966	0.00541404	0.0251318
11.25	70.3973	0.00687913	0.0310486
16.8484	65.9587	0.0205361	0.0784611
14.8915	68.2649	0.0102635	0.0406635
13.846	66.4528	0.01814	0.0478135
17.4187	68.2649	0.0103702	0.0587758
16.25	70.3973	0.00550436	0.0306946
14.8915	68.2649	0.0102635	0.0406635
19.999	65.078	0.0262534	4.62512
19.0904	66.7823	0.0156441	0.10435
16.8484	65.9587	0.0205361	0.0784611
19.193	69.7412	0.00649871	0.0616881
20.0967	72.3429	0.00298511	0.0351639
17.645	72.3429	0.00308375	0.0243395
9.83732	68.2649	0.0129925	0.0613488
8.78345	65.7825	0.0273027	4.54403
11.414	65.9587	0.0223746	0.0613676
6.48041	46.2515	4.99177	0.000999901
3.72828	49.3292	4.98975	0.00225763
3.39381	46.2515	4.99481	0.000924814
9.70619	49.8955	4.97768	0.00297042
6.76709	49.3292	4.98648	0.00238518
9.61019	45.6673	4.98596	0.000836731
9.70619	49.8955	4.97768	0.00297042
10.1383	52.3495	4.96128	0.00591394
7.16598	52.3495	4.96976	0.0058067
13.1107	52.3495	4.9439	0.00655465
10.1383	52.3495	4.96128	0.00591394
12.7118	50.0843	4.96254	0.00344428
4.19365	52.3495	4.97542	0.00571511
3.72828	49.3292	4.98975	0.00225763
6.76709	49.3292	4.98648	0.00238518
1.8995	55.2938	4.94887	0.0131413
4.19365	52.3495	4.97542	0.00571511
4.92487	55.4838	4.93214	0.0157213
1.22131	52.3495	4.97964	0.00506535
3.72828	49.3292	4.98975	0.00225763
4.19365	52.3495	4.97542	0.00571511
22.2828	65.9587	0.0162509	4.63204
23.0704	62.1007	0.0459074	0.103989
25.6067	64.7258	0.0174649	4.54977
21.8037	69.5771	0.00617753	4.49562
22.2828	65.9587	0.0162509	4.63204
24.3347	67.1118	0.0106664	0.104447
19.999	65.078	0.0262534	4.62512
20.363	63.0044	0.0496073	4.6311
22.2828	65.9587	0.0162509	4.63204
21.8037	69.5771	0.00617753	4.49562
19.193	69.7412	0.00649871	0.0616881
19.0904	66.7823	0.0156441	0.10435
16.8484	65.9587	0.0205361	0.0784611
17.5295	61.7527	0.0823261	4.56954
19.999	65.078	0.0262534	4.62512
22.2828	65.9587	0.0162509	4.63204
20.363	63.0044	0.0496073	4.6311
23.0704	62.1007	0.0459074	0.103989
16.25	70.3973	0.00550436	0.0306946
15.1934	72.3429	0.00333875	0.0197871
13.513	70.6966	0.00541404	0.0251318
7.464	63.4929	0.0558827	4.55203
10.1618	63.4929	0.0480582	0.0733902
8.78345	65.7825	0.0273027	4.54403
20.0518	56.4338	4.77336	0.0289806
19.0553	52.3495	0.232737	0.00804564
22.4091	54.0056	0.179068	0.0126124
20.3936	58.6582	4.69662	0.0617964
17.2808	59.0298	4.73175	0.0611865
20.0518	56.4338	4.77336	0.0289806
15.0494	60.8826	0.108457	0.0600429
12.8597	63.4929	0.0465087	0.0533172
12.3979	60.3349	0.123942	0.0388615
9.3634	60.8826	0.112724	0.0533201
8.66123	58.144	4.8081	0.027838
11.6319	58.144	4.77396	0.0250526
9.70619	49.8955	4.97768	0.00297042
7.16598	52.3495	4.96976	0.0058067
6.76709	49.3292	4.98648	0.00238518
13.1107	52.3495	4.9439	0.00655465
16.083	52.3495	4.89459	0.00738847
14.2198	55.2938	4.8941	0.0155671
23.0771	56.6239	4.68786	0.023629
22.4091	54.0056	0.179068	0.0126124
26.54	55.2938	0.164951	0.0135637
20.7355	60.8826	0.0930037	4.55498
20.3936	58.6582	4.69662	0.0617964
24.0253	59.6046	0.0942033	0.051682
20.0518	56.4338	4.77336	0.0289806
22.4091	54.0056	0.179068	0.0126124
23.0771	56.6239	4.68786	0.023629
20.7355	60.8826	0.0930037	4.55498
17.2808	59.0298	4.73175	0.0611865
20.3936	58.6582	4.69662	0.0617964
17.0264	56.2438	4.83695	0.0252192
19.0553	52.3495	0.232737	0.00804564
20.0518	56.4338	4.77336	0.0289806
6.30769	36.8646	4.99254	0.000125706
6.24038	39.6081	4.99228	0.000185584
3.19231	36.8646	4.99698	0.00012385
9.49534	33.1714	4.98729	9.30102e-05
9.42308	36.8646	4.97906	0.000129408
6.43263	33.3637	4.99495	9.31237e-05
6.31731	42.7435	4.99284	0.00037381
3.125	40	4.99667	0.000196255
6.24038	39.6081	4.99228	0.000185584
9.4375	42.5475	4.98191	0.000386769
12.5	40	4.93123	0.00020958
12.5577	42.3516	4.95129	0.000372055
6.30769	36.8646	4.99254	0.000125706
9.36058	39.4121	4.97809	0.000189443
6.24038	39.6081	4.99228	0.000185584
9.42308	36.8646	4.97906	0.000129408
12.5385	36.8646	4.93732	0.000128532
9.36058	39.4121	4.97809	0.000189443
15.8122	34.7222	4.90228	0.000100201
12.5385	36.8646	4.93732	0.000128532
12.7112	34.5275	4.95978	0.000101265
9.4375	42.5475	4.98191	0.000386769
12.5577	42.3516	4.95129	0.000372055
9.61019	45.6673	4.98596	0.000836731
6.24038	39.6081	4.99228	0.000185584
9.4375	42.5475	4.98191	0.000386769
6.31731	42.7435	4.99284	0.00037381
9.36058	39.4121	4.97809	0.000189443
12.5	40	4.93123	0.00020958
9.4375	42.5475	4.98191	0.000386769
15.601	39.0202	0.242197	0.000177519
12.5	40	4.93123	0.00020958
12.5385	36.8646	4.93732	0.000128532
15.601	39.0202	0.242197	0.000177519
15.6779	42.1556	4.87321	0.000370349
12.5	40	4.93123	0.00020958
6.48041	46.2515	4.99177	0.000999901
6.76709	49.3292	4.98648	0.00238518
3.72828	49.3292	4.98975	0.00225763
6.31731	42.7435	4.99284	0.00037381
6.48041	46.2515	4.99177	0.000999901
3.39381	46.2515	4.99481	0.000924814
9.61019	45.6673	4.98596	0.000836731
6.76709	49.3292	4.98648	0.00238518
6.48041	46.2515	4.99177	0.000999901
12.7118	50.0843	4.96254	0.00344428
9.70619	49.8955	4.97768	0.00297042
11.1799	48.0735	4.97591	0.00196766
3.19711	42.9395	4.99626	0.000389963
0.076922	43.1354	4.99695	0.000411585
-3.10282e-28	40	4.99767	0.000204119
6.31731	42.7435	4.99284	0.00037381
3.19711	42.9395	4.99626	0.000389963
3.125	40	4.99667	0.000196255
3.39381	46.2515	4.99481	0.000924814
0.307214	46.2515	4.99569	0.000862264
3.19711	42.9395	4.99626	0.000389963
45.0204	55.2938	4.92633	0.00411723
41.9404	55.2938	4.91119	0.00501056
42.834	52.3495	4.94304	0.00199042
48.1005	55.2938	4.93967	0.00324791
45.0204	55.2938	4.92633	0.00411723
45.8487	52.5335	4.95768	0.00172499
44.2548	57.954	4.83254	0.00986092
41.9404	55.2938	4.91119	0.00501056
45.0204	55.2938	4.92633	0.00411723
46.3226	60.8826	0.145724	0.0195752
44.2548	57.954	4.83254	0.00986092
47.2801	58.144	4.85786	0.00787007
41.4664	58.5091	4.78846	0.0134933
38.8603	55.2938	4.89038	0.0061168
41.9404	55.2938	4.91119	0.00501056
27.9723	52.3495	4.82924	0.00610311
28.0388	49.3292	4.88453	0.00258344
30.9447	52.3495	4.8499	0.00547215
19.0553	52.3495	0.232737	0.00804564
21.7285	50.6506	0.23238	0.00478218
22.4091	54.0056	0.179068	0.0126124
25	46.2515	4.91294	0.00099121
28.0388	49.3292	4.88453	0.00258344
24.7341	50.8393	4.82662	0.00440501
21.7285	50.6506	0.23238	0.00478218
21.7462	47.598	4.88675	0.00174247
24.7341	50.8393	4.82662	0.00440501
15.6779	42.1556	4.87321	0.000370349
17.2523	44.2036	4.88508	0.000650798
14.1489	44.3016	4.94328	0.000669847
22.0142	44.8882	4.89474	0.000715168
18.8268	46.2515	4.90705	0.00108069
18.7981	41.9596	0.229259	0.000313551
15.8835	49.3292	4.93568	0.00289002
12.6536	46.2515	4.96911	0.00106258
15.7402	46.2515	4.93844	0.0011932
17.0264	56.2438	4.83695	0.0252192
16.083	52.3495	4.89459	0.00738847
19.0553	52.3495	0.232737	0.00804564
4.19365	52.3495	4.97542	0.00571511
7.16598	52.3495	4.96976	0.0058067
4.92487	55.4838	4.93214	0.0157213
21.9183	41.7637	4.84001	0.000308596
25	43.1354	4.89971	0.000397209
22.0142	44.8882	4.89474	0.000715168
28.125	40	4.82007	0.000179193
25	40	4.86508	0.000179917
28.1154	36.8646	4.84079	0.000104115
25	30.6708	4.91917	7.40431e-05
25.1151	35.3065	0.247782	9.70914e-05
21.9134	33.7485	0.257386	9.07046e-05
31.3171	35.696	4.84383	7.56216e-05
28.0866	33.7485	4.90509	8.44963e-05
30.9343	31.8249	4.95576	7.61657e-05
28.1154	36.8646	4.84079	0.000104115
25.1151	35.3065	0.247782	9.70914e-05
28.0866	33.7485	4.90509	8.44963e-05
33.7508	28.5944	4.96388	7.02754e-05
37.1553	30.6708	4.97884	7.34776e-05
33.997	31.6326	4.96319	7.44708e-05
21.8846	36.8646	4.80089	0.000120372
21.9014	39.3141	0.234322	0.000176922
18.7212	38.8242	0.204237	0.000166706
28.1154	36.8646	4.84079	0.000104115
25	40	4.86508	0.000179917
25.1151	35.3065	0.247782	9.70914e-05
28.125	40	4.82007	0.000179193
28.1154	43.1354	4.85219	0.000404688
25	40	4.86508	0.000179917
3.72828	49.3292	4.98975	0.00225763
1.22131	52.3495	4.97964	0.00506535
0.68946	49.3292	4.99136	0.00203564
0.307214	46.2515	4.99569	0.000862264
3.39381	46.2515	4.99481	0.000924814
0.68946	49.3292	4.99136	0.00203564
11.1799	48.0735	4.97591	0.00196766
12.6536	46.2515	4.96911	0.00106258
12.7118	50.0843	4.96254	0.00344428
9.61019	45.6673	4.98596	0.000836731
11.1799	48.0735	4.97591	0.00196766
9.70619	49.8955	4.97768	0.00297042
9.61019	45.6673	4.98596	0.000836731
12.6536	46.2515	4.96911	0.00106258
11.1799	48.0735	4.97591	0.00196766
31.3817	62.6228	0.0335964	4.49709
34.1521	62.7968	0.0453695	4.43731
33.1516	65.9587	0.0160782	0.0635139
26.9568	67.2765	0.00950304	0.0759175
28.4106	64.5496	0.0184181	0.0800316
30.4344	65.9587	0.0138016	0.0719771
29.839	59.2394	0.0836527	0.0396638
33.5519	59.0383	0.119241	0.0365452
31.3817	62.6228	0.0335964	4.49709
28.6113	62.4488	0.0313064	0.0711764
29.839	59.2394	0.0836527	0.0396638
31.3817	62.6228	0.0335964	4.49709
20.7355	60.8826	0.0930037	4.55498
24.0253	59.6046	0.0942033	0.051682
23.0704	62.1007	0.0459074	0.103989
25.6371	53.0665	0.207157	0.00836429
24.7341	50.8393	4.82662	0.00440501
27.9723	52.3495	4.82924	0.00610311
22.4091	54.0056	0.179068	0.0126124
25.6371	53.0665	0.207157	0.00836429
26.54	55.2938	0.164951	0.0135637
22.4091	54.0056	0.179068	0.0126124
24.7341	50.8393	4.82662	0.00440501
25.6371	53.0665	0.207157	0.00836429
29.6201	55.2938	4.75068	0.0123328
31.8745	54.2817	4.81028	0.00943557
32.1533	57.1939	0.157806	0.022463
34.2598	46.2515	0.148926	0.000707969
34.3294	43.6157	0.113056	0.00033755
37.3464	46.2515	0.160665	0.000571329
31.1732	46.2515	4.77589	0.000897237
34.2598	46.2515	0.148926	0.000707969
34.1165	49.3292	0.204222	0.00166759
34.2598	46.2515	0.148926	0.000707969
31.226	43.7137	0.18065	0.000428359
34.3294	43.6157	0.113056	0.00033755
35.6527	58.8743	4.67285	0.0262316
38.5596	58.6917	4.75525	0.0161552
37.7936	60.8826	0.104477	0.0276436
33.5519	59.0383	0.119241	0.0365452
35.6527	58.8743	4.67285	0.0262316
34.9506	60.8826	0.0829455	0.0510861
35.7802	55.2938	4.84672	0.00838896
38.5596	58.6917	4.75525	0.0161552
35.6527	58.8743	4.67285	0.0262316
42.43	63.669	0.0535262	4.34607
43.4796	60.8826	0.12341	0.0283689
45.2338	63.4929	0.0687831	0.0437072
6.48041	46.2515	4.99177	0.000999901
6.31731	42.7435	4.99284	0.00037381
9.61019	45.6673	4.98596	0.000836731
0.68946	49.3292	4.99136	0.00203564
3.39381	46.2515	4.99481	0.000924814
3.72828	49.3292	4.98975	0.00225763
0.307214	46.2515	4.99569	0.000862264
0.076922	43.1354	4.99695	0.000411585
3.19711	42.9395	4.99626	0.000389963
6.4478	61.0566	0.118576	0.0730337
4.76616	63.4929	0.0688806	0.107735
3.67737	60.8826	0.15056	4.44273
5.69054	58.144	4.82927	0.0370096
6.4478	61.0566	0.118576	0.0730337
3.67737	60.8826	0.15056	4.44273
9.3634	60.8826	0.112724	0.0533201
10.1618	63.4929	0.0480582	0.0733902
7.464	63.4929	0.0558827	4.55203
14.6026	58.144	4.78469	0.0319839
15.0494	60.8826	0.108457	0.0600429
12.3979	60.3349	0.123942	0.0388615
14.2198	55.2938	4.8941	0.0155671
14.6026	58.144	4.78469	0.0319839
11.6319	58.144	4.77396	0.0250526
14.2198	55.2938	4.8941	0.0155671
17.0264	56.2438	4.83695	0.0252192
14.6026	58.144	4.78469	0.0319839
7.464	63.4929	0.0558827	4.55203
5.97957	65.9587	0.0338717	4.61138
4.76616	63.4929	0.0688806	0.107735
11.414	65.9587	0.0223746	0.0613676
13.846	66.4528	0.01814	0.0478135
12.3644	68.2649	0.0111041	0.0409877
10.1618	63.4929	0.0480582	0.0733902
11.414	65.9587	0.0223746	0.0613676
8.78345	65.7825	0.0273027	4.54403
12.8597	63.4929	0.0465087	0.0533172
15.5575	63.4929	0.0490622	0.0743087
13.846	66.4528	0.01814	0.0478135
10.1618	63.4929	0.0480582	0.0733902
12.8597	63.4929	0.0465087	0.0533172
11.414	65.9587	0.0223746	0.0613676
10.1618	63.4929	0.0480582	0.0733902
12.3979	60.3349	0.123942	0.0388615
12.8597	63.4929	0.0465087	0.0533172
9.83732	68.2649	0.0129925	0.0613488
7.31021	68.2649	0.0169704	0.0910203
8.78345	65.7825	0.0273027	4.54403
31.8745	54.2817	4.81028	0.00943557
30.9447	52.3495	4.8499	0.00547215
34.1289	53.2696	4.84293	0.00570409
35.7802	55.2938	4.84672	0.00838896
31.8745	54.2817	4.81028	0.00943557
34.1289	53.2696	4.84293	0.00570409
29.6201	55.2938	4.75068	0.0123328
30.9447	52.3495	4.8499	0.00547215
31.8745	54.2817	4.81028	0.00943557
29.839	59.2394	0.0836527	0.0396638
26.4853	58.144	0.105118	0.0272475
29.6201	55.2938	4.75068	0.0123328
33.5519	59.0383	0.119241	0.0365452
29.839	59.2394	0.0836527	0.0396638
32.1533	57.1939	0.157806	0.022463
35.7802	55.2938	4.84672	0.00838896
33.5519	59.0383	0.119241	0.0365452
32.1533	57.1939	0.157806	0.022463
34.9506	60.8826	0.0829455	0.0510861
31.3817	62.6228	0.0335964	4.49709
33.5519	59.0383	0.119241	0.0365452
28.6113	62.4488	0.0313064	0.0711764
26.4215	60.8826	0.0465737	0.0567933
29.839	59.2394	0.0836527	0.0396638
26.54	55.2938	0.164951	0.0135637
27.9723	52.3495	4.82924	0.00610311
29.6201	55.2938	4.75068	0.0123328
25.6371	53.0665	0.207157	0.00836429
27.9723	52.3495	4.82924	0.00610311
26.54	55.2938	0.164951	0.0135637
24.7341	50.8393	4.82662	0.00440501
28.0388	49.3292	4.88453	0.00258344
27.9723	52.3495	4.82924	0.00610311
22.5483	72.3429	0.00287121	0.0376034
23.75	70.3973	0.00479784	0.0572409
25	72.3429	0.00272834	0.0287047
23.0327	74.7883	0.00147227	0.0163173
22.5483	72.3429	0.00287121	0.0376034
25	72.3429	0.00272834	0.0287047
21.4331	74.0896	0.00180861	0.0207216
19.0551	74.0896	0.00191567	0.0187739
20.0967	72.3429	0.00298511	0.0351639
19.0904	66.7823	0.0156441	0.10435
22.2828	65.9587	0.0162509	4.63204
21.8037	69.5771	0.00617753	4.49562
24.3347	67.1118	0.0106664	0.104447
23.75	70.3973	0.00479784	0.0572409
21.8037	69.5771	0.00617753	4.49562
27.0253	69.2491	0.00596548	0.0536063
30.0542	68.2649	0.00796577	4.39638
28.75	70.3973	0.00453061	0.0396001
25.6067	64.7258	0.0174649	4.54977
28.4106	64.5496	0.0184181	0.0800316
26.9568	67.2765	0.00950304	0.0759175
22.2828	65.9587	0.0162509	4.63204
25.6067	64.7258	0.0174649	4.54977
24.3347	67.1118	0.0106664	0.104447
23.0704	62.1007	0.0459074	0.103989
26.4215	60.8826	0.0465737	0.0567933
25.6067	64.7258	0.0174649	4.54977
30.4344	65.9587	0.0138016	0.0719771
30.0542	68.2649	0.00796577	4.39638
26.9568	67.2765	0.00950304	0.0759175
28.6113	62.4488	0.0313064	0.0711764
31.3817	62.6228	0.0335964	4.49709
28.4106	64.5496	0.0184181	0.0800316
25.6067	64.7258	0.0174649	4.54977
28.6113	62.4488	0.0313064	0.0711764
28.4106	64.5496	0.0184181	0.0800316
26.4215	60.8826	0.0465737	0.0567933
26.4853	58.144	0.105118	0.0272475
29.839	59.2394	0.0836527	0.0396638
25.6067	64.7258	0.0174649	4.54977
26.4215	60.8826	0.0465737	0.0567933
28.6113	62.4488	0.0313064	0.0711764
24.0253	59.6046	0.0942033	0.051682
23.0771	56.6239	4.68786	0.023629
26.4853	58.144	0.105118	0.0272475
33.1516	65.9587	0.0160782	0.0635139
34.8233	67.7707	0.0106333	0.046121
32.2468	68.921	0.00682159	0.0441914
31.3817	62.6228	0.0335964	4.49709
33.1516	65.9587	0.0160782	0.0635139
30.4344	65.9587	0.0138016	0.0719771
34.1521	62.7968	0.0453695	4.43731
35.8688	65.9587	0.0188259	0.0529229
33.1516	65.9587	0.0160782	0.0635139
32.355	72.3429	0.00277994	0.0181821
33.75	70.3973	0.00485908	0.0266456
34.8066	72.3429	0.00314322	0.0171466
29.3832	76.0659	0.0010868	0.00828677
28.5669	74.0896	0.00168899	0.0137713
30.9297	73.8705	0.00183167	0.0130923
31.0572	70.658	0.00421786	0.0326057
33.75	70.3973	0.00485908	0.0266456
32.355	72.3429	0.00277994	0.0181821
29.9033	72.3429	0.00267686	0.0210864
31.0572	70.658	0.00421786	0.0326057
32.355	72.3429	0.00277994	0.0181821
28.4106	64.5496	0.0184181	0.0800316
31.3817	62.6228	0.0335964	4.49709
30.4344	65.9587	0.0138016	0.0719771
24.3347	67.1118	0.0106664	0.104447
25.6067	64.7258	0.0174649	4.54977
26.9568	67.2765	0.00950304	0.0759175
23.0704	62.1007	0.0459074	0.103989
24.0253	59.6046	0.0942033	0.051682
26.4215	60.8826	0.0465737	0.0567933
30.4344	65.9587	0.0138016	0.0719771
32.2468	68.921	0.00682159	0.0441914
30.0542	68.2649	0.00796577	4.39638
34.8233	67.7707	0.0106333	0.046121
33.75	70.3973	0.00485908	0.0266456
32.2468	68.921	0.00682159	0.0441914
43.2329	49.3292	4.92881	0.000828538
40.1224	48.7521	4.85668	0.000825174
40.433	46.2515	4.79462	0.000434356
48.7787	52.3495	4.96502	0.00136319
45.8487	52.5335	4.95768	0.00172499
46.2717	49.3292	4.95683	0.000693879
42.834	52.3495	4.94304	0.00199042
40.1224	48.7521	4.85668	0.000825174
43.2329	49.3292	4.92881	0.000828538
47.2801	58.144	4.85786	0.00787007
44.2548	57.954	4.83254	0.00986092
45.0204	55.2938	4.92633	0.00411723
38.8603	55.2938	4.89038	0.0061168
35.7802	55.2938	4.84672	0.00838896
36.7564	51.5944	4.84905	0.00254901
41.9404	55.2938	4.91119	0.00501056
38.8603	55.2938	4.89038	0.0061168
39.8617	52.3495	4.91036	0.00249022
45.8487	52.5335	4.95768	0.00172499
45.0204	55.2938	4.92633	0.00411723
42.834	52.3495	4.94304	0.00199042
41.4664	58.5091	4.78846	0.0134933
40.6366	60.8826	0.115081	0.0285141
38.5596	58.6917	4.75525	0.0161552
44.2548	57.954	4.83254	0.00986092
41.4664	58.5091	4.78846	0.0134933
41.9404	55.2938	4.91119	0.00501056
44.2548	57.954	4.83254	0.00986092
43.4796	60.8826	0.12341	0.0283689
41.4664	58.5091	4.78846	0.0134933
38.5596	58.6917	4.75525	0.0161552
35.7802	55.2938	4.84672	0.00838896
38.8603	55.2938	4.89038	0.0061168
6.31731	42.7435	4.99284	0.00037381
3.39381	46.2515	4.99481	0.000924814
3.19711	42.9395	4.99626	0.000389963
45.8487	52.5335	4.95768	0.00172499
42.834	52.3495	4.94304	0.00199042
43.2329	49.3292	4.92881	0.000828538
48.1005	55.2938	4.93967	0.00324791
45.8487	52.5335	4.95768	0.00172499
48.7787	52.3495	4.96502	0.00136319
48.1005	55.2938	4.93967	0.00324791
47.2801	58.144	4.85786	0.00787007
45.0204	55.2938	4.92633	0.00411723
37.7936	60.8826	0.104477	0.0276436
38.5596	58.6917	4.75525	0.0161552
40.6366	60.8826	0.115081	0.0285141
41.3032	65.9587	0.0262497	0.041686
39.6261	63.8451	0.0437326	0.0402465
42.43	63.669	0.0535262	4.34607
34.9506	60.8826	0.0829455	0.0510861
35.6527	58.8743	4.67285	0.0262316
37.7936	60.8826	0.104477	0.0276436
31.3817	62.6228	0.0335964	4.49709
34.9506	60.8826	0.0829455	0.0510861
34.1521	62.7968	0.0453695	4.43731
33.5519	59.0383	0.119241	0.0365452
35.7802	55.2938	4.84672	0.00838896
35.6527	58.8743	4.67285	0.0262316
31.8745	54.2817	4.81028	0.00943557
35.7802	55.2938	4.84672	0.00838896
32.1533	57.1939	0.157806	0.022463
34.1165	49.3292	0.204222	0.00166759
34.2598	46.2515	0.148926	0.000707969
37.0597	48.5598	0.198656	0.00109926
28.0388	49.3292	4.88453	0.00258344
31.0776	49.3292	4.83539	0.00229467
30.9447	52.3495	4.8499	0.00547215
28.0388	49.3292	4.88453	0.00258344
25	46.2515	4.91294	0.00099121
28.0866	46.2515	4.88385	0.000964977
36.7564	51.5944	4.84905	0.00254901
35.7802	55.2938	4.84672	0.00838896
34.1289	53.2696	4.84293	0.00570409
30.9447	52.3495	4.8499	0.00547215
31.0776	49.3292	4.83539	0.00229467
34.1165	49.3292	0.204222	0.00166759
40.1224	48.7521	4.85668	0.000825174
42.834	52.3495	4.94304	0.00199042
39.8617	52.3495	4.91036	0.00249022
39.8617	52.3495	4.91036	0.00249022
42.834	52.3495	4.94304	0.00199042
41.9404	55.2938	4.91119	0.00501056
36.7564	51.5944	4.84905	0.00254901
39.8617	52.3495	4.91036	0.00249022
38.8603	55.2938	4.89038	0.0061168
36.7564	51.5944	4.84905	0.00254901
40.1224	48.7521	4.85668	0.000825174
39.8617	52.3495	4.91036	0.00249022
18.9224	49.3292	4.87397	0.00301721
19.0553	52.3495	0.232737	0.00804564
16.083	52.3495	4.89459	0.00738847
15.7402	46.2515	4.93844	0.0011932
18.8268	46.2515	4.90705	0.00108069
15.8835	49.3292	4.93568	0.00289002
21.7462	47.598	4.88675	0.00174247
25	46.2515	4.91294	0.00099121
24.7341	50.8393	4.82662	0.00440501
22.0108	14.5924	0.162955	6.89979e-05
19.9458	11.7351	0.121641	6.9135e-05
23.0432	12.7235	0.130121	6.88028e-05
17.645	7.6571	0.0673653	6.93731e-05
18.75	9.60269	0.0941114	6.92511e-05
16.5822	10.0948	4.65242	6.84219e-05
14.9215	7.36598	0.0757179	6.96135e-05
17.645	7.6571	0.0673653	6.93731e-05
16.5822	10.0948	4.65242	6.84219e-05
16.6772	5.91038	0.0452018	6.94611e-05
19.0551	5.91038	0.0356229	6.92987e-05
17.645	7.6571	0.0673653	6.93731e-05
20.0967	7.6571	0.0485341	6.91691e-05
21.25	9.60269	0.0672015	6.90091e-05
18.75	9.60269	0.0941114	6.92511e-05
17.645	7.6571	0.0673653	6.93731e-05
19.0551	5.91038	0.0356229	6.92987e-05
20.0967	7.6571	0.0485341	6.91691e-05
24.1844	6.78374	0.0390092	6.89187e-05
26.189	5.91038	0.0344629	6.88498e-05
25.4207	8.55507	0.0721822	6.87202e-05
28.5669	5.91038	0.0387762	6.87078e-05
31.8199	4.37335	0.027793	6.8601e-05
31.1316	6.34706	0.0457088	6.85346e-05
26.9661	0.123895	0.012235	6.90653e-05
28.4094	2.238	0.0161437	6.89234e-05
26.0648	3.0556	0.0169415	6.90296e-05
28.9198	0.494728	0.0145971	6.89366e-05
30.8485	1.10996	0.0169262	6.87997e-05
28.4094	2.238	0.0161437	6.89234e-05
31.25	9.60269	0.122974	6.83827e-05
33.75	9.60269	0.104225	6.83547e-05
32.5813	11.7351	4.74709	6.72956e-05
30.9096	13.2177	4.84693	6.72979e-05
29.636	10.915	4.72665	6.73107e-05
32.5813	11.7351	4.74709	6.72956e-05
32.355	7.6571	0.0640997	6.84204e-05
33.4473	6.2015	0.0426177	6.84338e-05
34.9468	7.95642	0.0658159	6.83534e-05
29.9033	7.6571	0.069255	6.85196e-05
32.355	7.6571	0.0640997	6.84204e-05
31.25	9.60269	0.122974	6.83827e-05
31.1316	6.34706	0.0457088	6.85346e-05
31.8199	4.37335	0.027793	6.8601e-05
33.4473	6.2015	0.0426177	6.84338e-05
29.9033	7.6571	0.069255	6.85196e-05
31.1316	6.34706	0.0457088	6.85346e-05
32.355	7.6571	0.0640997	6.84204e-05
29.9033	7.6571	0.069255	6.85196e-05
28.5669	5.91038	0.0387762	6.87078e-05
31.1316	6.34706	0.0457088	6.85346e-05
28.5669	5.91038	0.0387762	6.87078e-05
29.9033	7.6571	0.069255	6.85196e-05
27.8022	8.40541	0.0866899	6.85787e-05
25	4.37335	0.0218594	6.90183e-05
27.2733	4.37335	0.0243023	6.88858e-05
26.189	5.91038	0.0344629	6.88498e-05
27.2733	4.37335	0.0243023	6.88858e-05
30.3241	3.0556	0.0199563	6.87636e-05
28.5669	5.91038	0.0387762	6.87078e-05
31.1316	6.34706	0.0457088	6.85346e-05
33.4473	6.2015	0.0426177	6.84338e-05
32.355	7.6571	0.0640997	6.84204e-05
27.2733	4.37335	0.0243023	6.88858e-05
28.4094	2.238	0.0161437	6.89234e-05
30.3241	3.0556	0.0199563	6.87636e-05
26.189	5.91038	0.0344629	6.88498e-05
27.2733	4.37335	0.0243023	6.88858e-05
28.5669	5.91038	0.0387762	6.87078e-05
26.0648	3.0556	0.0169415	6.90296e-05
28.4094	2.238	0.0161437	6.89234e-05
27.2733	4.37335	0.0243023	6.88858e-05
29.636	10.915	4.72665	6.73107e-05
29.9033	7.6571	0.069255	6.85196e-05
31.25	9.60269	0.122974	6.83827e-05
25.4207	8.55507	0.0721822	6.87202e-05
27.8022	8.40541	0.0866899	6.85787e-05
27.0253	10.7509	4.67914	6.74375e-05
25.4207	8.55507	0.0721822	6.87202e-05
26.189	5.91038	0.0344629	6.88498e-05
27.8022	8.40541	0.0866899	6.85787e-05
26.3489	16.5071	4.87542	6.75357e-05
24.3933	15.2742	0.209968	6.87314e-05
25.6653	12.8882	4.73507	6.74841e-05
30.3241	3.0556	0.0199563	6.87636e-05
31.8199	4.37335	0.027793	6.8601e-05
28.5669	5.91038	0.0387762	6.87078e-05
30.8485	1.10996	0.0169262	6.87997e-05
30.3241	3.0556	0.0199563	6.87636e-05
28.4094	2.238	0.0161437	6.89234e-05
30.8485	1.10996	0.0169262	6.87997e-05
32.7403	1.96546	0.0207942	6.86463e-05
30.3241	3.0556	0.0199563	6.87636e-05
30.3241	3.0556	0.0199563	6.87636e-05
32.7403	1.96546	0.0207942	6.86463e-05
31.8199	4.37335	0.027793	6.8601e-05
23.9352	3.0556	0.0161434	6.91392e-05
25	4.37335	0.0218594	6.90183e-05
22.7267	4.37335	0.0206932	6.91438e-05
26.9661	0.123895	0.012235	6.90653e-05
26.0648	3.0556	0.0169415	6.90296e-05
25.0248	1.47661	0.0131311	6.91356e-05
26.9661	0.123895	0.012235	6.90653e-05
28.9198	0.494728	0.0145971	6.89366e-05
28.4094	2.238	0.0161437	6.89234e-05
25.0248	1.47661	0.0131311	6.91356e-05
25	-8.70219e-28	0.0122517	6.91507e-05
26.9661	0.123895	0.012235	6.90653e-05
23.9352	3.0556	0.0161434	6.91392e-05
25.0248	1.47661	0.0131311	6.91356e-05
26.0648	3.0556	0.0169415	6.90296e-05
23.9352	3.0556	0.0161434	6.91392e-05
23.0835	1.59882	0.0132628	6.92172e-05
25.0248	1.47661	0.0131311	6.91356e-05
32.7403	1.96546	0.0207942	6.86463e-05
34.5833	3.0556	0.0261135	6.84942e-05
31.8199	4.37335	0.027793	6.8601e-05
25	4.37335	0.0218594	6.90183e-05
26.0648	3.0556	0.0169415	6.90296e-05
27.2733	4.37335	0.0243023	6.88858e-05
24.1844	6.78374	0.0390092	6.89187e-05
25	4.37335	0.0218594	6.90183e-05
26.189	5.91038	0.0344629	6.88498e-05
23.9352	3.0556	0.0161434	6.91392e-05
26.0648	3.0556	0.0169415	6.90296e-05
25	4.37335	0.0218594	6.90183e-05
21.913	2.6468	0.0154247	6.92446e-05
23.9352	3.0556	0.0161434	6.91392e-05
22.7267	4.37335	0.0206932	6.91438e-05
23.0835	1.59882	0.0132628	6.92172e-05
23.0339	0.123895	0.0122088	6.92299e-05
25.0248	1.47661	0.0131311	6.91356e-05
21.913	2.6468	0.0154247	6.92446e-05
23.0835	1.59882	0.0132628	6.92172e-05
23.9352	3.0556	0.0161434	6.91392e-05
21.4331	5.91038	0.0296025	6.91438e-05
20.4534	4.37335	0.0225375	6.9261e-05
22.7267	4.37335	0.0206932	6.91438e-05
19.7476	2.78306	0.0181424	6.93259e-05
21.0802	0.494728	0.0132082	6.92946e-05
21.913	2.6468	0.0154247	6.92446e-05
23.0339	0.123895	0.0122088	6.92299e-05
25	-8.70219e-28	0.0122517	6.91507e-05
25.0248	1.47661	0.0131311	6.91356e-05
33.4473	6.2015	0.0426177	6.84338e-05
34.5833	3.0556	0.0261135	6.84942e-05
35.7008	5.91038	0.0440631	6.83616e-05
36.3664	4.37335	0.0386798	6.83811e-05
35.7008	5.91038	0.0440631	6.83616e-05
34.5833	3.0556	0.0261135	6.84942e-05
23.5785	19.1174	4.90442	6.80939e-05
26.3489	16.5071	4.87542	6.75357e-05
26.4215	19.1174	4.93699	6.77738e-05
23.0771	23.3761	4.97147	6.9038e-05
25.3391	26.1784	4.96814	6.95033e-05
22.0277	27.6505	4.96716	7.17477e-05
29.636	10.915	4.72665	6.73107e-05
27.8022	8.40541	0.0866899	6.85787e-05
29.9033	7.6571	0.069255	6.85196e-05
29.636	10.915	4.72665	6.73107e-05
27.0253	10.7509	4.67914	6.74375e-05
27.8022	8.40541	0.0866899	6.85787e-05
32.5813	11.7351	4.74709	6.72956e-05
29.636	10.915	4.72665	6.73107e-05
31.25	9.60269	0.122974	6.83827e-05
28.2875	13.053	4.82911	6.73236e-05
27.0253	10.7509	4.67914	6.74375e-05
29.636	10.915	4.72665	6.73107e-05
23.0432	12.7235	0.130121	6.88028e-05
25.6653	12.8882	4.73507	6.74841e-05
24.3933	15.2742	0.209968	6.87314e-05
24.4145	10.5869	0.109086	6.86948e-05
25.4207	8.55507	0.0721822	6.87202e-05
27.0253	10.7509	4.67914	6.74375e-05
23.0432	12.7235	0.130121	6.88028e-05
24.4145	10.5869	0.109086	6.86948e-05
25.6653	12.8882	4.73507	6.74841e-05
23.0432	12.7235	0.130121	6.88028e-05
21.25	9.60269	0.0672015	6.90091e-05
24.4145	10.5869	0.109086	6.86948e-05
24.1844	6.78374	0.0390092	6.89187e-05
22.5483	7.6571	0.0432561	6.89792e-05
21.4331	5.91038	0.0296025	6.91438e-05
25	4.37335	0.0218594	6.90183e-05
24.1844	6.78374	0.0390092	6.89187e-05
22.7267	4.37335	0.0206932	6.91438e-05
25.4207	8.55507	0.0721822	6.87202e-05
24.4145	10.5869	0.109086	6.86948e-05
22.5483	7.6571	0.0432561	6.89792e-05
24.4145	10.5869	0.109086	6.86948e-05
21.25	9.60269	0.0672015	6.90091e-05
22.5483	7.6571	0.0432561	6.89792e-05
19.5656	14.0413	0.180224	6.92835e-05
20.9532	16.5071	0.21993	6.9304e-05
18.2554	16.5071	4.85737	6.86682e-05
19.9458	11.7351	0.121641	6.9135e-05
19.5656	14.0413	0.180224	6.92835e-05
17.7988	12.3941	4.73024	6.83419e-05
18.75	9.60269	0.0941114	6.92511e-05
19.9458	11.7351	0.121641	6.9135e-05
17.7988	12.3941	4.73024	6.83419e-05
21.25	9.60269	0.0672015	6.90091e-05
23.0432	12.7235	0.130121	6.88028e-05
19.9458	11.7351	0.121641	6.9135e-05
22.0108	14.5924	0.162955	6.89979e-05
20.9532	16.5071	0.21993	6.9304e-05
19.5656	14.0413	0.180224	6.92835e-05
19.9458	11.7351	0.121641	6.9135e-05
22.0108	14.5924	0.162955	6.89979e-05
19.5656	14.0413	0.180224	6.92835e-05
23.0432	12.7235	0.130121	6.88028e-05
24.3933	15.2742	0.209968	6.87314e-05
22.0108	14.5924	0.162955	6.89979e-05
17.7548	18.7251	4.93012	6.91821e-05
20.7355	19.1174	4.90238	6.86309e-05
17.2541	20.9431	4.96668	6.98914e-05
16.8484	14.0413	4.83102	6.85899e-05
18.2554	16.5071	4.85737	6.86682e-05
15.9817	15.8026	4.90113	6.89497e-05
20.9532	16.5071	0.21993	6.9304e-05
20.7355	19.1174	4.90238	6.86309e-05
18.2554	16.5071	4.85737	6.86682e-05
14.9215	7.36598	0.0757179	6.96135e-05
16.5822	10.0948	4.65242	6.84219e-05
13.513	9.30337	0.131808	6.9817e-05
12.6058	7.51154	0.0886655	6.98121e-05
14.9215	7.36598	0.0757179	6.96135e-05
13.513	9.30337	0.131808	6.9817e-05
13.6336	4.37335	0.0448836	6.96091e-05
15.4167	3.0556	0.0304739	6.9491e-05
16.6772	5.91038	0.0452018	6.94611e-05
19.7476	2.78306	0.0181424	6.93259e-05
19.1515	1.10996	0.0167782	6.93438e-05
21.0802	0.494728	0.0132082	6.92946e-05
20.4534	4.37335	0.0225375	6.9261e-05
19.0551	5.91038	0.0356229	6.92987e-05
18.1801	4.37335	0.0276363	6.93781e-05
21.913	2.6468	0.0154247	6.92446e-05
20.4534	4.37335	0.0225375	6.9261e-05
19.7476	2.78306	0.0181424	6.93259e-05
21.4331	5.91038	0.0296025	6.91438e-05
19.0551	5.91038	0.0356229	6.92987e-05
20.4534	4.37335	0.0225375	6.9261e-05
24.1844	6.78374	0.0390092	6.89187e-05
21.4331	5.91038	0.0296025	6.91438e-05
22.7267	4.37335	0.0206932	6.91438e-05
20.0967	7.6571	0.0485341	6.91691e-05
19.0551	5.91038	0.0356229	6.92987e-05
21.4331	5.91038	0.0296025	6.91438e-05
20.4534	4.37335	0.0225375	6.9261e-05
18.1801	4.37335	0.0276363	6.93781e-05
19.7476	2.78306	0.0181424	6.93259e-05
23.0835	1.59882	0.0132628	6.92172e-05
21.0802	0.494728	0.0132082	6.92946e-05
23.0339	0.123895	0.0122088	6.92299e-05
27.8022	8.40541	0.0866899	6.85787e-05
26.189	5.91038	0.0344629	6.88498e-05
28.5669	5.91038	0.0387762	6.87078e-05
25.6653	12.8882	4.73507	6.74841e-05
24.4145	10.5869	0.109086	6.86948e-05
27.0253	10.7509	4.67914	6.74375e-05
22.5483	7.6571	0.0432561	6.89792e-05
20.0967	7.6571	0.0485341	6.91691e-05
21.4331	5.91038	0.0296025	6.91438e-05
25.4207	8.55507	0.0721822	6.87202e-05
22.5483	7.6571	0.0432561	6.89792e-05
24.1844	6.78374	0.0390092	6.89187e-05
21.25	9.60269	0.0672015	6.90091e-05
20.0967	7.6571	0.0485341	6.91691e-05
22.5483	7.6571	0.0432561	6.89792e-05
14.9215	7.36598	0.0757179	6.96135e-05
16.6772	5.91038	0.0452018	6.94611e-05
17.645	7.6571	0.0673653	6.93731e-05
21.913	2.6468	0.0154247	6.92446e-05
21.0802	0.494728	0.0132082	6.92946e-05
23.0835	1.59882	0.0132628	6.92172e-05
37.3284	7.80676	0.0707782	6.83488e-05
38.0788	5.91038	0.055946	6.83332e-05
39.7099	7.6571	0.0909935	6.84002e-05
33.4473	6.2015	0.0426177	6.84338e-05
35.7008	5.91038	0.0440631	6.83616e-05
34.9468	7.95642	0.0658159	6.83534e-05
33.75	9.60269	0.104225	6.83547e-05
32.355	7.6571	0.0640997	6.84204e-05
34.9468	7.95642	0.0658159	6.83534e-05
31.8199	4.37335	0.027793	6.8601e-05
34.5833	3.0556	0.0261135	6.84942e-05
33.4473	6.2015	0.0426177	6.84338e-05
36.3664	4.37335	0.0386798	6.83811e-05
38.0788	5.91038	0.055946	6.83332e-05
35.7008	5.91038	0.0440631	6.83616e-05
19.7476	2.78306	0.0181424	6.93259e-05
17.2597	1.96546	0.0217831	6.94083e-05
19.1515	1.10996	0.0167782	6.93438e-05
18.1801	4.37335	0.0276363	6.93781e-05
16.6772	5.91038	0.0452018	6.94611e-05
15.4167	3.0556	0.0304739	6.9491e-05
19.7476	2.78306	0.0181424	6.93259e-05
18.1801	4.37335	0.0276363	6.93781e-05
17.2597	1.96546	0.0217831	6.94083e-05
19.0551	5.91038	0.0356229	6.92987e-05
16.6772	5.91038	0.0452018	6.94611e-05
18.1801	4.37335	0.0276363	6.93781e-05
21.913	2.6468	0.0154247	6.92446e-05
22.7267	4.37335	0.0206932	6.91438e-05
20.4534	4.37335	0.0225375	6.9261e-05
20.0967	7.6571	0.0485341	6.91691e-05
18.75	9.60269	0.0941114	6.92511e-05
17.645	7.6571	0.0673653	6.93731e-05
14.9215	7.36598	0.0757179	6.96135e-05
13.6336	4.37335	0.0448836	6.96091e-05
16.6772	5.91038	0.0452018	6.94611e-05
32.355	7.6571	0.0640997	6.84204e-05
33.75	9.60269	0.104225	6.83547e-05
31.25	9.60269	0.122974	6.83827e-05
38.0788	5.91038	0.055946	6.83332e-05
37.3284	7.80676	0.0707782	6.83488e-05
35.7008	5.91038	0.0440631	6.83616e-05
38.75	9.60269	0.120037	6.84713e-05
41.25	9.60269	0.165267	6.86213e-05
40.1627	11.7351	4.79271	6.77123e-05
36.25	9.60269	0.098325	6.83855e-05
38.75	9.60269	0.120037	6.84713e-05
37.4683	11.4071	0.17213	6.85438e-05
39.7099	7.6571	0.0909935	6.84002e-05
41.25	9.60269	0.165267	6.86213e-05
38.75	9.60269	0.120037	6.84713e-05
15.4167	3.0556	0.0304739	6.9491e-05
17.2597	1.96546	0.0217831	6.94083e-05
18.1801	4.37335	0.0276363	6.93781e-05
44.0204	14.0413	4.94338	6.85681e-05
41.2166	14.2175	4.91805	6.82437e-05
42.6898	11.7351	4.86388	6.79486e-05
14.9215	7.36598	0.0757179	6.96135e-05
12.6058	7.51154	0.0886655	6.98121e-05
13.6336	4.37335	0.0448836	6.96091e-05
15.1767	12.2293	4.80733	6.86823e-05
12.5545	12.0646	4.82295	6.90376e-05
13.513	9.30337	0.131808	6.9817e-05
16.5822	10.0948	4.65242	6.84219e-05
17.7988	12.3941	4.73024	6.83419e-05
15.1767	12.2293	4.80733	6.86823e-05
14.1312	14.0413	4.88881	6.90162e-05
12.5545	12.0646	4.82295	6.90376e-05
15.1767	12.2293	4.80733	6.86823e-05
15.9817	15.8026	4.90113	6.89497e-05
14.7591	18.4213	4.95779	6.97205e-05
13.1778	15.9788	4.93914	6.94836e-05
16.5822	10.0948	4.65242	6.84219e-05
18.75	9.60269	0.0941114	6.92511e-05
17.7988	12.3941	4.73024	6.83419e-05
22.0108	14.5924	0.162955	6.89979e-05
24.3933	15.2742	0.209968	6.87314e-05
20.9532	16.5071	0.21993	6.9304e-05
11.4404	21.3083	4.98731	7.14038e-05
12.2064	19.1174	4.97602	7.04431e-05
14.6026	21.856	4.98216	7.09069e-05
8.66123	21.856	4.99231	7.22185e-05
11.4404	21.3083	4.98731	7.14038e-05
10.9756	24.1362	4.99304	7.30237e-05
8.66123	21.856	4.99231	7.22185e-05
9.3634	19.1174	4.98331	7.09888e-05
11.4404	21.3083	4.98731	7.14038e-05
6.52038	19.1174	4.98816	7.14551e-05
7.464	16.5071	4.97261	7.05386e-05
9.3634	19.1174	4.98331	7.09888e-05
3.67737	19.1174	4.99143	7.18629e-05
6.52038	19.1174	4.98816	7.14551e-05
5.62671	21.6734	4.99446	7.26436e-05
3.67737	19.1174	4.99143	7.18629e-05
4.76616	16.5071	4.98058	7.08942e-05
6.52038	19.1174	4.98816	7.14551e-05
10.1618	16.5071	4.96243	7.01241e-05
12.2064	19.1174	4.97602	7.04431e-05
9.3634	19.1174	4.98331	7.09888e-05
5.97957	14.0413	4.95457	7.01627e-05
8.69678	14.0413	4.9333	6.98357e-05
7.464	16.5071	4.97261	7.05386e-05
11.414	14.0413	4.91235	6.94462e-05
13.1778	15.9788	4.93914	6.94836e-05
10.1618	16.5071	4.96243	7.01241e-05
15.1767	12.2293	4.80733	6.86823e-05
16.8484	14.0413	4.83102	6.85899e-05
14.1312	14.0413	4.88881	6.90162e-05
6.52038	19.1174	4.98816	7.14551e-05
9.3634	19.1174	4.98331	7.09888e-05
8.66123	21.856	4.99231	7.22185e-05
14.7591	18.4213	4.95779	6.97205e-05
12.2064	19.1174	4.97602	7.04431e-05
13.1778	15.9788	4.93914	6.94836e-05
14.7591	18.4213	4.95779	6.97205e-05
14.6026	21.856	4.98216	7.09069e-05
12.2064	19.1174	4.97602	7.04431e-05
12.6058	7.51154	0.0886655	6.98121e-05
11.9212	5.91038	0.0743884	6.97758e-05
13.6336	4.37335	0.0448836	6.96091e-05
11.25	9.60269	0.1516	7.0082e-05
12.6058	7.51154	0.0886655	6.98121e-05
13.513	9.30337	0.131808	6.9817e-05
10.2901	7.6571	0.113892	7.00055e-05
11.9212	5.91038	0.0743884	6.97758e-05
12.6058	7.51154	0.0886655	6.98121e-05
41.2166	14.2175	4.91805	6.82437e-05
40.1627	11.7351	4.79271	6.77123e-05
42.6898	11.7351	4.86388	6.79486e-05
35.1085	11.7351	0.177105	6.84395e-05
37.4683	11.4071	0.17213	6.85438e-05
35.6088	14.5697	4.87103	6.76491e-05
33.1516	14.0413	4.86593	6.74077e-05
35.1085	11.7351	0.177105	6.84395e-05
35.6088	14.5697	4.87103	6.76491e-05
32.5813	11.7351	4.74709	6.72956e-05
33.75	9.60269	0.104225	6.83547e-05
35.1085	11.7351	0.177105	6.84395e-05
37.3284	7.80676	0.0707782	6.83488e-05
39.7099	7.6571	0.0909935	6.84002e-05
38.75	9.60269	0.120037	6.84713e-05
36.25	9.60269	0.098325	6.83855e-05
37.3284	7.80676	0.0707782	6.83488e-05
38.75	9.60269	0.120037	6.84713e-05
35.1085	11.7351	0.177105	6.84395e-05
36.25	9.60269	0.098325	6.83855e-05
37.4683	11.4071	0.17213	6.85438e-05
34.9468	7.95642	0.0658159	6.83534e-05
37.3284	7.80676	0.0707782	6.83488e-05
36.25	9.60269	0.098325	6.83855e-05
34.9468	7.95642	0.0658159	6.83534e-05
35.7008	5.91038	0.0440631	6.83616e-05
37.3284	7.80676	0.0707782	6.83488e-05
42.536	16.5071	4.96537	6.89815e-05
44.0204	14.0413	4.94338	6.85681e-05
45.2338	16.5071	4.97563	6.93764e-05
38.4127	14.3936	4.8854	6.79228e-05
41.2166	14.2175	4.91805	6.82437e-05
39.693	16.8552	4.95597	6.85919e-05
38.4127	14.3936	4.8854	6.79228e-05
37.4683	11.4071	0.17213	6.85438e-05
40.1627	11.7351	4.79271	6.77123e-05
10.2901	7.6571	0.113892	7.00055e-05
12.6058	7.51154	0.0886655	6.98121e-05
11.25	9.60269	0.1516	7.0082e-05
28.2875	13.053	4.82911	6.73236e-05
30.001	14.922	4.90024	6.73475e-05
26.3489	16.5071	4.87542	6.75357e-05
35.1085	11.7351	0.177105	6.84395e-05
33.1516	14.0413	4.86593	6.74077e-05
32.5813	11.7351	4.74709	6.72956e-05
30.001	14.922	4.90024	6.73475e-05
28.6113	17.5512	4.93339	6.75132e-05
26.3489	16.5071	4.87542	6.75357e-05
30.9096	13.2177	4.84693	6.72979e-05
30.001	14.922	4.90024	6.73475e-05
28.2875	13.053	4.82911	6.73236e-05
29.636	10.915	4.72665	6.73107e-05
30.9096	13.2177	4.84693	6.72979e-05
28.2875	13.053	4.82911	6.73236e-05
32.5813	11.7351	4.74709	6.72956e-05
33.1516	14.0413	4.86593	6.74077e-05
30.9096	13.2177	4.84693	6.72979e-05
31.7446	16.5071	4.93367	6.75211e-05
28.6113	17.5512	4.93339	6.75132e-05
30.001	14.922	4.90024	6.73475e-05
34.4425	16.5071	4.93425	6.77532e-05
31.7446	16.5071	4.93367	6.75211e-05
33.1516	14.0413	4.86593	6.74077e-05
34.4425	16.5071	4.93425	6.77532e-05
34.9506	19.1174	4.96901	6.81889e-05
32.1075	19.1174	4.96426	6.78005e-05
37.1403	16.5071	4.93874	6.81142e-05
34.4425	16.5071	4.93425	6.77532e-05
35.6088	14.5697	4.87103	6.76491e-05
37.1403	16.5071	4.93874	6.81142e-05
37.7936	19.1174	4.97315	6.87215e-05
34.9506	19.1174	4.96901	6.81889e-05
11.414	14.0413	4.91235	6.94462e-05
14.1312	14.0413	4.88881	6.90162e-05
13.1778	15.9788	4.93914	6.94836e-05
8.69678	14.0413	4.9333	6.98357e-05
9.93237	11.8999	4.84445	6.9357e-05
11.414	14.0413	4.91235	6.94462e-05
11.25	9.60269	0.1516	7.0082e-05
13.513	9.30337	0.131808	6.9817e-05
12.5545	12.0646	4.82295	6.90376e-05
10.2901	7.6571	0.113892	7.00055e-05
11.25	9.60269	0.1516	7.0082e-05
8.74996	9.60269	0.187755	7.03135e-05
13.513	9.30337	0.131808	6.9817e-05
16.5822	10.0948	4.65242	6.84219e-05
15.1767	12.2293	4.80733	6.86823e-05
9.93237	11.8999	4.84445	6.9357e-05
11.25	9.60269	0.1516	7.0082e-05
12.5545	12.0646	4.82295	6.90376e-05
11.414	14.0413	4.91235	6.94462e-05
9.93237	11.8999	4.84445	6.9357e-05
12.5545	12.0646	4.82295	6.90376e-05
8.69678	14.0413	4.9333	6.98357e-05
7.31021	11.7351	4.88823	6.96106e-05
9.93237	11.8999	4.84445	6.9357e-05
37.4683	11.4071	0.17213	6.85438e-05
38.4127	14.3936	4.8854	6.79228e-05
35.6088	14.5697	4.87103	6.76491e-05
42.536	16.5071	4.96537	6.89815e-05
43.4158	19.3	4.98585	6.99158e-05
40.5089	19.4825	4.98129	6.93901e-05
44.0204	14.0413	4.94338	6.85681e-05
42.536	16.5071	4.96537	6.89815e-05
41.2166	14.2175	4.91805	6.82437e-05
45.2338	16.5071	4.97563	6.93764e-05
43.4158	19.3	4.98585	6.99158e-05
42.536	16.5071	4.96537	6.89815e-05
40.5089	19.4825	4.98129	6.93901e-05
41.2294	22.236	4.99102	7.02802e-05
38.204	22.4261	4.98754	6.95427e-05
42.536	16.5071	4.96537	6.89815e-05
40.5089	19.4825	4.98129	6.93901e-05
39.693	16.8552	4.95597	6.85919e-05
43.4158	19.3	4.98585	6.99158e-05
41.2294	22.236	4.99102	7.02802e-05
40.5089	19.4825	4.98129	6.93901e-05
47.2801	21.856	4.99485	7.12687e-05
44.3095	21.856	4.99321	7.08404e-05
46.3226	19.1174	4.98926	7.03001e-05
38.4127	14.3936	4.8854	6.79228e-05
37.1403	16.5071	4.93874	6.81142e-05
35.6088	14.5697	4.87103	6.76491e-05
40.1627	11.7351	4.79271	6.77123e-05
41.2166	14.2175	4.91805	6.82437e-05
38.4127	14.3936	4.8854	6.79228e-05
38.75	9.60269	0.120037	6.84713e-05
40.1627	11.7351	4.79271	6.77123e-05
37.4683	11.4071	0.17213	6.85438e-05
41.25	9.60269	0.165267	6.86213e-05
42.6898	11.7351	4.86388	6.79486e-05
40.1627	11.7351	4.79271	6.77123e-05
39.693	16.8552	4.95597	6.85919e-05
37.1403	16.5071	4.93874	6.81142e-05
38.4127	14.3936	4.8854	6.79228e-05
40.5089	19.4825	4.98129	6.93901e-05
37.7936	19.1174	4.97315	6.87215e-05
39.693	16.8552	4.95597	6.85919e-05
28.8815	20.2128	4.96037	6.77285e-05
29.1279	22.9961	4.95997	6.80811e-05
26.1025	23.1861	4.96771	6.83527e-05
32.1075	19.1174	4.96426	6.78005e-05
34.9506	19.1174	4.96901	6.81889e-05
32.4267	21.856	4.97213	6.81672e-05
28.8815	20.2128	4.96037	6.77285e-05
32.1075	19.1174	4.96426	6.78005e-05
32.4267	21.856	4.97213	6.81672e-05
31.7446	16.5071	4.93367	6.75211e-05
34.4425	16.5071	4.93425	6.77532e-05
32.1075	19.1174	4.96426	6.78005e-05
28.6113	17.5512	4.93339	6.75132e-05
31.7446	16.5071	4.93367	6.75211e-05
32.1075	19.1174	4.96426	6.78005e-05
11.414	14.0413	4.91235	6.94462e-05
12.5545	12.0646	4.82295	6.90376e-05
14.1312	14.0413	4.88881	6.90162e-05
12.2064	19.1174	4.97602	7.04431e-05
10.1618	16.5071	4.96243	7.01241e-05
13.1778	15.9788	4.93914	6.94836e-05
9.93237	11.8999	4.84445	6.9357e-05
8.74996	9.60269	0.187755	7.03135e-05
11.25	9.60269	0.1516	7.0082e-05
43.4158	19.3	4.98585	6.99158e-05
45.2338	16.5071	4.97563	6.93764e-05
46.3226	19.1174	4.98926	7.03001e-05
33.1516	14.0413	4.86593	6.74077e-05
35.6088	14.5697	4.87103	6.76491e-05
34.4425	16.5071	4.93425	6.77532e-05
36.25	9.60269	0.098325	6.83855e-05
33.75	9.60269	0.104225	6.83547e-05
34.9468	7.95642	0.0658159	6.83534e-05
21.9134	33.7485	0.257386	9.07046e-05
18.9132	34.917	4.85287	0.000100695
18.6835	32.5943	4.91497	8.57043e-05
25	30.6708	4.91917	7.40431e-05
21.9134	33.7485	0.257386	9.07046e-05
21.9612	30.6708	4.91925	7.69165e-05
21.8846	36.8646	4.80089	0.000120372
18.9132	34.917	4.85287	0.000100695
21.9134	33.7485	0.257386	9.07046e-05
25	40	4.86508	0.000179917
21.8846	36.8646	4.80089	0.000120372
25.1151	35.3065	0.247782	9.70914e-05
21.9134	33.7485	0.257386	9.07046e-05
18.6835	32.5943	4.91497	8.57043e-05
21.9612	30.6708	4.91925	7.69165e-05
18.7212	38.8242	0.204237	0.000166706
18.9132	34.917	4.85287	0.000100695
21.8846	36.8646	4.80089	0.000120372
17.2667	36.7732	0.248089	0.000130547
15.8122	34.7222	4.90228	0.000100201
18.9132	34.917	4.85287	0.000100695
18.7212	38.8242	0.204237	0.000166706
17.2667	36.7732	0.248089	0.000130547
18.9132	34.917	4.85287	0.000100695
18.7212	38.8242	0.204237	0.000166706
15.601	39.0202	0.242197	0.000177519
17.2667	36.7732	0.248089	0.000130547
18.7981	41.9596	0.229259	0.000313551
18.7212	38.8242	0.204237	0.000166706
21.9014	39.3141	0.234322	0.000176922
15.601	39.0202	0.242197	0.000177519
15.8122	34.7222	4.90228	0.000100201
17.2667	36.7732	0.248089	0.000130547
14.001	23.9462	4.98873	7.21274e-05
14.6026	21.856	4.98216	7.09069e-05
17.2998	24.7062	4.98406	7.15944e-05
13.1107	27.6505	4.98986	7.57772e-05
12.8447	30.6708	4.98248	8.152e-05
10.1383	27.6505	4.99425	7.66633e-05
15.2052	26.1784	4.98767	7.34637e-05
15.7173	29.727	4.97704	7.80996e-05
13.1107	27.6505	4.98986	7.57772e-05
20.3799	24.7062	4.9764	7.05211e-05
18.0114	27.1222	4.97948	7.33305e-05
17.2998	24.7062	4.98406	7.15944e-05
18.7229	29.5382	4.96166	7.65036e-05
15.7173	29.727	4.97704	7.80996e-05
18.0114	27.1222	4.97948	7.33305e-05
18.7229	29.5382	4.96166	7.65036e-05
18.6835	32.5943	4.91497	8.57043e-05
15.7173	29.727	4.97704	7.80996e-05
10.9756	24.1362	4.99304	7.30237e-05
8.05963	24.7062	4.99581	7.40615e-05
8.66123	21.856	4.99231	7.22185e-05
10.1383	27.6505	4.99425	7.66633e-05
8.05963	24.7062	4.99581	7.40615e-05
10.9756	24.1362	4.99304	7.30237e-05
10.1383	27.6505	4.99425	7.66633e-05
9.80591	30.6708	4.99111	8.30434e-05
7.16598	27.6505	4.99686	7.71676e-05
6.70061	30.2933	4.99629	8.20556e-05
7.16598	27.6505	4.99686	7.71676e-05
9.80591	30.6708	4.99111	8.30434e-05
4.97956	24.7062	4.99723	7.45984e-05
5.62671	21.6734	4.99446	7.26436e-05
8.05963	24.7062	4.99581	7.40615e-05
3.67737	19.1174	4.99143	7.18629e-05
5.62671	21.6734	4.99446	7.26436e-05
2.71986	21.856	4.99601	7.31875e-05
6.52038	19.1174	4.98816	7.14551e-05
4.76616	16.5071	4.98058	7.08942e-05
7.464	16.5071	4.97261	7.05386e-05
25	30.6708	4.91917	7.40431e-05
28.0388	30.6708	4.94543	7.37285e-05
28.0866	33.7485	4.90509	8.44963e-05
47.2801	21.856	4.99485	7.12687e-05
48.1005	24.7062	4.99676	7.22526e-05
45.0204	24.7062	4.996	7.18509e-05
26.4215	19.1174	4.93699	6.77738e-05
26.3489	16.5071	4.87542	6.75357e-05
28.6113	17.5512	4.93339	6.75132e-05
18.0114	27.1222	4.97948	7.33305e-05
22.0277	27.6505	4.96716	7.17477e-05
18.7229	29.5382	4.96166	7.65036e-05
17.2541	20.9431	4.96668	6.98914e-05
20.544	21.856	4.96101	6.92924e-05
17.2998	24.7062	4.98406	7.15944e-05
23.0771	23.3761	4.97147	6.9038e-05
26.1025	23.1861	4.96771	6.83527e-05
25.3391	26.1784	4.96814	6.95033e-05
17.2998	24.7062	4.98406	7.15944e-05
20.544	21.856	4.96101	6.92924e-05
20.3799	24.7062	4.9764	7.05211e-05
24.8405	21.1517	4.95248	6.81899e-05
26.1025	23.1861	4.96771	6.83527e-05
23.0771	23.3761	4.97147	6.9038e-05
20.544	21.856	4.96101	6.92924e-05
24.8405	21.1517	4.95248	6.81899e-05
23.0771	23.3761	4.97147	6.9038e-05
23.5785	19.1174	4.90442	6.80939e-05
26.4215	19.1174	4.93699	6.77738e-05
24.8405	21.1517	4.95248	6.81899e-05
31.199	26.5464	0.346352	7.01472e-05
30.7452	28.7831	4.94821	7.05077e-05
28.269	26.3624	4.95229	6.89636e-05
29.1279	22.9961	4.95997	6.80811e-05
31.199	26.5464	0.346352	7.01472e-05
28.269	26.3624	4.95229	6.89636e-05
32.7002	24.7062	4.9561	6.86708e-05
33.7508	28.5944	4.96388	7.02754e-05
31.199	26.5464	0.346352	7.01472e-05
20.544	21.856	4.96101	6.92924e-05
23.0771	23.3761	4.97147	6.9038e-05
20.3799	24.7062	4.9764	7.05211e-05
20.7355	19.1174	4.90238	6.86309e-05
20.544	21.856	4.96101	6.92924e-05
17.2541	20.9431	4.96668	6.98914e-05
17.7548	18.7251	4.93012	6.91821e-05
18.2554	16.5071	4.85737	6.86682e-05
20.7355	19.1174	4.90238	6.86309e-05
14.7591	18.4213	4.95779	6.97205e-05
17.7548	18.7251	4.93012	6.91821e-05
17.2541	20.9431	4.96668	6.98914e-05
14.7591	18.4213	4.95779	6.97205e-05
15.9817	15.8026	4.90113	6.89497e-05
17.7548	18.7251	4.93012	6.91821e-05
20.9532	16.5071	0.21993	6.9304e-05
23.5785	19.1174	4.90442	6.80939e-05
20.7355	19.1174	4.90238	6.86309e-05
23.5785	19.1174	4.90442	6.80939e-05
24.8405	21.1517	4.95248	6.81899e-05
20.544	21.856	4.96101	6.92924e-05
26.689	28.4246	4.95536	7.05271e-05
22.0277	27.6505	4.96716	7.17477e-05
25.3391	26.1784	4.96814	6.95033e-05
21.9612	30.6708	4.91925	7.69165e-05
18.6835	32.5943	4.91497	8.57043e-05
18.7229	29.5382	4.96166	7.65036e-05
20.7355	19.1174	4.90238	6.86309e-05
23.5785	19.1174	4.90442	6.80939e-05
20.544	21.856	4.96101	6.92924e-05
16.8484	14.0413	4.83102	6.85899e-05
19.5656	14.0413	0.180224	6.92835e-05
18.2554	16.5071	4.85737	6.86682e-05
16.8484	14.0413	4.83102	6.85899e-05
17.7988	12.3941	4.73024	6.83419e-05
19.5656	14.0413	0.180224	6.92835e-05
14.1312	14.0413	4.88881	6.90162e-05
16.8484	14.0413	4.83102	6.85899e-05
15.9817	15.8026	4.90113	6.89497e-05
15.1767	12.2293	4.80733	6.86823e-05
17.7988	12.3941	4.73024	6.83419e-05
16.8484	14.0413	4.83102	6.85899e-05
18.75	9.60269	0.0941114	6.92511e-05
21.25	9.60269	0.0672015	6.90091e-05
19.9458	11.7351	0.121641	6.9135e-05
24.3933	15.2742	0.209968	6.87314e-05
23.5785	19.1174	4.90442	6.80939e-05
20.9532	16.5071	0.21993	6.9304e-05
4.97956	24.7062	4.99723	7.45984e-05
4.19365	27.6505	4.99808	7.76669e-05
1.8995	24.7062	4.99787	7.51215e-05
8.74996	9.60269	0.187755	7.03135e-05
9.93237	11.8999	4.84445	6.9357e-05
7.31021	11.7351	4.88823	6.96106e-05
46.8029	37.0605	4.96716	8.73621e-05
43.6827	37.2565	4.93179	9.11003e-05
46.6062	33.7485	4.98611	7.80806e-05
41.9404	24.7062	4.99407	7.11672e-05
45.0204	24.7062	4.996	7.18509e-05
42.7675	28.0281	4.99382	7.25455e-05
38.8603	24.7062	4.99046	7.02966e-05
41.9404	24.7062	4.99407	7.11672e-05
39.9888	27.0985	4.99131	7.14138e-05
41.2294	22.236	4.99102	7.02802e-05
44.3095	21.856	4.99321	7.08404e-05
41.9404	24.7062	4.99407	7.11672e-05
48.7787	27.6505	4.99655	7.33623e-05
49.3105	30.6708	4.99423	7.50442e-05
46.2478	30.8632	4.99292	7.48397e-05
26.1025	23.1861	4.96771	6.83527e-05
24.8405	21.1517	4.95248	6.81899e-05
28.8815	20.2128	4.96037	6.77285e-05
28.269	26.3624	4.95229	6.89636e-05
26.1025	23.1861	4.96771	6.83527e-05
29.1279	22.9961	4.95997	6.80811e-05
23.0771	23.3761	4.97147	6.9038e-05
22.0277	27.6505	4.96716	7.17477e-05
20.3799	24.7062	4.9764	7.05211e-05
12.8447	30.6708	4.98248	8.152e-05
12.7112	34.5275	4.95978	0.000101265
9.49534	33.1714	4.98729	9.30102e-05
10.1383	27.6505	4.99425	7.66633e-05
12.8447	30.6708	4.98248	8.152e-05
9.80591	30.6708	4.99111	8.30434e-05
14.3285	32.6965	4.959	8.92545e-05
18.6835	32.5943	4.91497	8.57043e-05
15.8122	34.7222	4.90228	0.000100201
25.1151	35.3065	0.247782	9.70914e-05
21.8846	36.8646	4.80089	0.000120372
21.9134	33.7485	0.257386	9.07046e-05
14.3285	32.6965	4.959	8.92545e-05
12.7112	34.5275	4.95978	0.000101265
12.8447	30.6708	4.98248	8.152e-05
18.9132	34.917	4.85287	0.000100695
15.8122	34.7222	4.90228	0.000100201
18.6835	32.5943	4.91497	8.57043e-05
15.601	39.0202	0.242197	0.000177519
12.5385	36.8646	4.93732	0.000128532
15.8122	34.7222	4.90228	0.000100201
23.5785	19.1174	4.90442	6.80939e-05
24.3933	15.2742	0.209968	6.87314e-05
26.3489	16.5071	4.87542	6.75357e-05
28.8815	20.2128	4.96037	6.77285e-05
24.8405	21.1517	4.95248	6.81899e-05
26.4215	19.1174	4.93699	6.77738e-05
18.2554	16.5071	4.85737	6.86682e-05
17.7548	18.7251	4.93012	6.91821e-05
15.9817	15.8026	4.90113	6.89497e-05
14.6026	21.856	4.98216	7.09069e-05
17.2541	20.9431	4.96668	6.98914e-05
17.2998	24.7062	4.98406	7.15944e-05
15.9817	15.8026	4.90113	6.89497e-05
13.1778	15.9788	4.93914	6.94836e-05
14.1312	14.0413	4.88881	6.90162e-05
14.6026	21.856	4.98216	7.09069e-05
14.7591	18.4213	4.95779	6.97205e-05
17.2541	20.9431	4.96668	6.98914e-05
11.4404	21.3083	4.98731	7.14038e-05
14.001	23.9462	4.98873	7.21274e-05
10.9756	24.1362	4.99304	7.30237e-05
30.001	14.922	4.90024	6.73475e-05
30.9096	13.2177	4.84693	6.72979e-05
33.1516	14.0413	4.86593	6.74077e-05
31.7446	16.5071	4.93367	6.75211e-05
30.001	14.922	4.90024	6.73475e-05
33.1516	14.0413	4.86593	6.74077e-05
25.6653	12.8882	4.73507	6.74841e-05
27.0253	10.7509	4.67914	6.74375e-05
28.2875	13.053	4.82911	6.73236e-05
25.6653	12.8882	4.73507	6.74841e-05
28.2875	13.053	4.82911	6.73236e-05
26.3489	16.5071	4.87542	6.75357e-05
33.75	9.60269	0.104225	6.83547e-05
36.25	9.60269	0.098325	6.83855e-05
35.1085	11.7351	0.177105	6.84395e-05
39.693	16.8552	4.95597	6.85919e-05
41.2166	14.2175	4.91805	6.82437e-05
42.536	16.5071	4.96537	6.89815e-05
28.8815	20.2128	4.96037	6.77285e-05
26.4215	19.1174	4.93699	6.77738e-05
28.6113	17.5512	4.93339	6.75132e-05
40.625	40	0.221106	0.000125495
43.75	40	4.86507	0.00011641
43.6923	43.1354	0.238092	0.000193054
34.399	40.9798	0.0726076	0.000114135
37.5	40	4.73886	0.000113441
37.5191	43.9145	0.138375	0.00030908
40.5769	36.8646	4.91337	9.22843e-05
43.6827	37.2565	4.93179	9.11003e-05
40.625	40	0.221106	0.000125495
37.3464	33.7485	4.95947	7.94523e-05
33.997	31.6326	4.96319	7.44708e-05
37.1553	30.6708	4.97884	7.34776e-05
40.625	40	0.221106	0.000125495
37.5	40	4.73886	0.000113441
40.5769	36.8646	4.91337	9.22843e-05
37.4615	36.8646	4.87816	8.56109e-05
34.1596	34.7385	4.90263	7.45009e-05
37.3464	33.7485	4.95947	7.94523e-05
46.2478	30.8632	4.99292	7.48397e-05
45.7731	27.8393	4.99588	7.31055e-05
48.7787	27.6505	4.99655	7.33623e-05
49.6928	33.7485	4.98856	7.85317e-05
46.6062	33.7485	4.98611	7.80806e-05
49.3105	30.6708	4.99423	7.50442e-05
40.1941	30.6708	4.98605	7.36993e-05
37.1553	30.6708	4.97884	7.34776e-05
36.8893	27.6505	4.9838	7.07194e-05
43.2329	30.6708	4.98991	7.41078e-05
40.1941	30.6708	4.98605	7.36993e-05
42.7675	28.0281	4.99382	7.25455e-05
40.433	33.7485	4.97011	7.95921e-05
37.3464	33.7485	4.95947	7.94523e-05
40.1941	30.6708	4.98605	7.36993e-05
31.3171	35.696	4.84383	7.56216e-05
31.2019	38.0404	0.118478	6.51925e-05
28.1154	36.8646	4.84079	0.000104115
33.997	31.6326	4.96319	7.44708e-05
34.1596	34.7385	4.90263	7.45009e-05
30.9343	31.8249	4.95576	7.61657e-05
34.3221	37.8444	0.193384	4.78492e-05
31.2019	38.0404	0.118478	6.51925e-05
31.3171	35.696	4.84383	7.56216e-05
37.5	40	4.73886	0.000113441
34.3221	37.8444	0.193384	4.78492e-05
37.4615	36.8646	4.87816	8.56109e-05
34.399	40.9798	0.0726076	0.000114135
31.2019	38.0404	0.118478	6.51925e-05
34.3221	37.8444	0.193384	4.78492e-05
40.1941	30.6708	4.98605	7.36993e-05
39.9888	27.0985	4.99131	7.14138e-05
42.7675	28.0281	4.99382	7.25455e-05
7.16598	27.6505	4.99686	7.71676e-05
8.05963	24.7062	4.99581	7.40615e-05
10.1383	27.6505	4.99425	7.66633e-05
3.69504	30.482	4.99806	8.28086e-05
4.19365	27.6505	4.99808	7.76669e-05
6.70061	30.2933	4.99629	8.20556e-05
4.97956	24.7062	4.99723	7.45984e-05
8.05963	24.7062	4.99581	7.40615e-05
7.16598	27.6505	4.99686	7.71676e-05
2.71986	21.856	4.99601	7.31875e-05
4.97956	24.7062	4.99723	7.45984e-05
1.8995	24.7062	4.99787	7.51215e-05
14.001	23.9462	4.98873	7.21274e-05
11.4404	21.3083	4.98731	7.14038e-05
14.6026	21.856	4.98216	7.09069e-05
13.1107	27.6505	4.98986	7.57772e-05
10.9756	24.1362	4.99304	7.30237e-05
14.001	23.9462	4.98873	7.21274e-05
8.66123	21.856	4.99231	7.22185e-05
5.62671	21.6734	4.99446	7.26436e-05
6.52038	19.1174	4.98816	7.14551e-05
12.2064	19.1174	4.97602	7.04431e-05
11.4404	21.3083	4.98731	7.14038e-05
9.3634	19.1174	4.98331	7.09888e-05
8.05963	24.7062	4.99581	7.40615e-05
5.62671	21.6734	4.99446	7.26436e-05
8.66123	21.856	4.99231	7.22185e-05
44.3095	21.856	4.99321	7.08404e-05
41.2294	22.236	4.99102	7.02802e-05
43.4158	19.3	4.98585	6.99158e-05
45.7731	27.8393	4.99588	7.31055e-05
45.0204	24.7062	4.996	7.18509e-05
48.1005	24.7062	4.99676	7.22526e-05
38.8603	24.7062	4.99046	7.02966e-05
36.8893	27.6505	4.9838	7.07194e-05
35.7802	24.7062	4.98188	6.93622e-05
45.7731	27.8393	4.99588	7.31055e-05
42.7675	28.0281	4.99382	7.25455e-05
45.0204	24.7062	4.996	7.18509e-05
43.2329	30.6708	4.98991	7.41078e-05
46.2478	30.8632	4.99292	7.48397e-05
43.5196	33.7485	4.97679	7.83247e-05
40.433	33.7485	4.97011	7.95921e-05
43.2329	30.6708	4.98991	7.41078e-05
43.5196	33.7485	4.97679	7.83247e-05
42.7675	28.0281	4.99382	7.25455e-05
45.7731	27.8393	4.99588	7.31055e-05
43.2329	30.6708	4.98991	7.41078e-05
41.9404	24.7062	4.99407	7.11672e-05
42.7675	28.0281	4.99382	7.25455e-05
39.9888	27.0985	4.99131	7.14138e-05
45.7731	27.8393	4.99588	7.31055e-05
46.2478	30.8632	4.99292	7.48397e-05
43.2329	30.6708	4.98991	7.41078e-05
8.69678	14.0413	4.9333	6.98357e-05
5.97957	14.0413	4.95457	7.01627e-05
7.31021	11.7351	4.88823	6.96106e-05
10.1618	16.5071	4.96243	7.01241e-05
8.69678	14.0413	4.9333	6.98357e-05
11.414	14.0413	4.91235	6.94462e-05
7.464	16.5071	4.97261	7.05386e-05
4.76616	16.5071	4.98058	7.08942e-05
5.97957	14.0413	4.95457	7.01627e-05
10.1618	16.5071	4.96243	7.01241e-05
7.464	16.5071	4.97261	7.05386e-05
8.69678	14.0413	4.9333	6.98357e-05
10.1618	16.5071	4.96243	7.01241e-05
9.3634	19.1174	4.98331	7.09888e-05
7.464	16.5071	4.97261	7.05386e-05
9.42308	36.8646	4.97906	0.000129408
9.49534	33.1714	4.98729	9.30102e-05
12.7112	34.5275	4.95978	0.000101265
12.5	40	4.93123	0.00020958
9.36058	39.4121	4.97809	0.000189443
12.5385	36.8646	4.93732	0.000128532
9.36058	39.4121	4.97809	0.000189443
6.30769	36.8646	4.99254	0.000125706
9.42308	36.8646	4.97906	0.000129408
3.19231	36.8646	4.99698	0.00012385
3.40821	33.9432	4.99756	9.64218e-05
6.30769	36.8646	4.99254	0.000125706
0.076922	36.8646	4.998	0.000121825
3.19231	36.8646	4.99698	0.00012385
3.125	40	4.99667	0.000196255
0.076922	36.8646	4.998	0.000121825
0.307214	33.7485	4.99834	9.50643e-05
3.19231	36.8646	4.99698	0.00012385
6.70061	30.2933	4.99629	8.20556e-05
9.80591	30.6708	4.99111	8.30434e-05
9.49534	33.1714	4.98729	9.30102e-05
2.71986	21.856	4.99601	7.31875e-05
5.62671	21.6734	4.99446	7.26436e-05
4.97956	24.7062	4.99723	7.45984e-05
18.0114	27.1222	4.97948	7.33305e-05
15.7173	29.727	4.97704	7.80996e-05
15.2052	26.1784	4.98767	7.34637e-05
43.5196	33.7485	4.97679	7.83247e-05
40.5769	36.8646	4.91337	9.22843e-05
40.433	33.7485	4.97011	7.95921e-05
49.9231	36.8646	4.97478	8.79088e-05
46.8029	37.0605	4.96716	8.73621e-05
49.6928	33.7485	4.98856	7.85317e-05
43.75	40	4.86507	0.00011641
40.625	40	0.221106	0.000125495
43.6827	37.2565	4.93179	9.11003e-05
13.1107	27.6505	4.98986	7.57772e-05
15.7173	29.727	4.97704	7.80996e-05
12.8447	30.6708	4.98248	8.152e-05
10.9756	24.1362	4.99304	7.30237e-05
13.1107	27.6505	4.98986	7.57772e-05
10.1383	27.6505	4.99425	7.66633e-05
15.2052	26.1784	4.98767	7.34637e-05
17.2998	24.7062	4.98406	7.15944e-05
18.0114	27.1222	4.97948	7.33305e-05
14.001	23.9462	4.98873	7.21274e-05
15.2052	26.1784	4.98767	7.34637e-05
13.1107	27.6505	4.98986	7.57772e-05
14.001	23.9462	4.98873	7.21274e-05
17.2998	24.7062	4.98406	7.15944e-05
15.2052	26.1784	4.98767	7.34637e-05
46.6062	33.7485	4.98611	7.80806e-05
43.6827	37.2565	4.93179	9.11003e-05
43.5196	33.7485	4.97679	7.83247e-05
50	40	4.95852	0.000108203
46.8029	37.0605	4.96716	8.73621e-05
49.9231	36.8646	4.97478	8.79088e-05
46.8798	40.196	4.93373	0.000117867
43.75	40	4.86507	0.00011641
46.8029	37.0605	4.96716	8.73621e-05
21.9014	39.3141	0.234322	0.000176922
21.9183	41.7637	4.84001	0.000308596
18.7981	41.9596	0.229259	0.000313551
25	40	4.86508	0.000179917
21.9014	39.3141	0.234322	0.000176922
21.8846	36.8646	4.80089	0.000120372
25	40	4.86508	0.000179917
21.9183	41.7637	4.84001	0.000308596
21.9014	39.3141	0.234322	0.000176922
22.0142	44.8882	4.89474	0.000715168
18.7981	41.9596	0.229259	0.000313551
21.9183	41.7637	4.84001	0.000308596
3.69504	30.482	4.99806	8.28086e-05
3.40821	33.9432	4.99756	9.64218e-05
0.68946	30.6708	4.99857	8.36349e-05
1.22131	27.6505	4.9985	7.81953e-05
3.69504	30.482	4.99806	8.28086e-05
0.68946	30.6708	4.99857	8.36349e-05
6.70061	30.2933	4.99629	8.20556e-05
6.43263	33.3637	4.99495	9.31237e-05
3.69504	30.482	4.99806	8.28086e-05
43.5196	33.7485	4.97679	7.83247e-05
43.6827	37.2565	4.93179	9.11003e-05
40.5769	36.8646	4.91337	9.22843e-05
40.1941	30.6708	4.98605	7.36993e-05
43.2329	30.6708	4.98991	7.41078e-05
40.433	33.7485	4.97011	7.95921e-05
46.6062	33.7485	4.98611	7.80806e-05
49.6928	33.7485	4.98856	7.85317e-05
46.8029	37.0605	4.96716	8.73621e-05
46.2478	30.8632	4.99292	7.48397e-05
46.6062	33.7485	4.98611	7.80806e-05
43.5196	33.7485	4.97679	7.83247e-05
46.2478	30.8632	4.99292	7.48397e-05
49.3105	30.6708	4.99423	7.50442e-05
46.6062	33.7485	4.98611	7.80806e-05
46.8798	40.196	4.93373	0.000117867
46.8029	37.0605	4.96716	8.73621e-05
50	40	4.95852	0.000108203
9.4375	42.5475	4.98191	0.000386769
6.24038	39.6081	4.99228	0.000185584
9.36058	39.4121	4.97809	0.000189443
9.49534	33.1714	4.98729	9.30102e-05
9.80591	30.6708	4.99111	8.30434e-05
12.8447	30.6708	4.98248	8.152e-05
12.5385	36.8646	4.93732	0.000128532
9.42308	36.8646	4.97906	0.000129408
12.7112	34.5275	4.95978	0.000101265
6.43263	33.3637	4.99495	9.31237e-05
6.70061	30.2933	4.99629	8.20556e-05
9.49534	33.1714	4.98729	9.30102e-05
4.19365	27.6505	4.99808	7.76669e-05
4.97956	24.7062	4.99723	7.45984e-05
7.16598	27.6505	4.99686	7.71676e-05
1.22131	27.6505	4.9985	7.81953e-05
4.19365	27.6505	4.99808	7.76669e-05
3.69504	30.482	4.99806	8.28086e-05
1.22131	27.6505	4.9985	7.81953e-05
1.8995	24.7062	4.99787	7.51215e-05
4.19365	27.6505	4.99808	7.76669e-05
6.70061	30.2933	4.99629	8.20556e-05
4.19365	27.6505	4.99808	7.76669e-05
7.16598	27.6505	4.99686	7.71676e-05
18.7229	29.5382	4.96166	7.65036e-05
22.0277	27.6505	4.96716	7.17477e-05
21.9612	30.6708	4.91925	7.69165e-05
14.3285	32.6965	4.959	8.92545e-05
12.8447	30.6708	4.98248	8.152e-05
15.7173	29.727	4.97704	7.80996e-05
18.6835	32.5943	4.91497	8.57043e-05
14.3285	32.6965	4.959	8.92545e-05
15.7173	29.727	4.97704	7.80996e-05
15.8122	34.7222	4.90228	0.000100201
12.7112	34.5275	4.95978	0.000101265
14.3285	32.6965	4.959	8.92545e-05
18.0114	27.1222	4.97948	7.33305e-05
20.3799	24.7062	4.9764	7.05211e-05
22.0277	27.6505	4.96716	7.17477e-05
3.40821	33.9432	4.99756	9.64218e-05
3.69504	30.482	4.99806	8.28086e-05
6.43263	33.3637	4.99495	9.31237e-05
46.8077	43.1354	4.91056	0.000176728
43.6923	43.1354	0.238092	0.000193054
46.8798	40.196	4.93373	0.000117867
49.9231	43.1354	4.94769	0.000168756
46.8077	43.1354	4.91056	0.000176728
46.8798	40.196	4.93373	0.000117867
46.2717	49.3292	4.95683	0.000693879
49.3105	49.3292	4.96652	0.000603918
48.7787	52.3495	4.96502	0.00136319
43.5196	46.2515	4.87271	0.000369606
46.2717	49.3292	4.95683	0.000693879
43.2329	49.3292	4.92881	0.000828538
40.433	46.2515	4.79462	0.000434356
43.5196	46.2515	4.87271	0.000369606
43.2329	49.3292	4.92881	0.000828538
43.6923	43.1354	0.238092	0.000193054
46.8077	43.1354	4.91056	0.000176728
46.6062	46.2515	4.93157	0.000321621
46.6062	46.2515	4.93157	0.000321621
49.3105	49.3292	4.96652	0.000603918
46.2717	49.3292	4.95683	0.000693879
6.30769	36.8646	4.99254	0.000125706
6.43263	33.3637	4.99495	9.31237e-05
9.42308	36.8646	4.97906	0.000129408
3.125	40	4.99667	0.000196255
3.19231	36.8646	4.99698	0.00012385
6.24038	39.6081	4.99228	0.000185584
3.40821	33.9432	4.99756	9.64218e-05
6.43263	33.3637	4.99495	9.31237e-05
6.30769	36.8646	4.99254	0.000125706
0.307214	33.7485	4.99834	9.50643e-05
3.40821	33.9432	4.99756	9.64218e-05
3.19231	36.8646	4.99698	0.00012385
0.307214	33.7485	4.99834	9.50643e-05
0.68946	30.6708	4.99857	8.36349e-05
3.40821	33.9432	4.99756	9.64218e-05
