25	30.6708	4.91793	9.54237e-05
28.0866	33.7485	4.90128	0.000105092
25.1151	35.3065	0.246077	0.000119826
22.0277	27.6505	4.96689	9.39965e-05
25	30.6708	4.91793	9.54237e-05
21.9612	30.6708	4.91856	9.92051e-05
26.689	28.4246	4.95465	9.19843e-05
28.269	26.3624	4.95193	9.05536e-05
30.7452	28.7831	4.9472	9.17585e-05
25	30.6708	4.91793	9.54237e-05
26.689	28.4246	4.95465	9.19843e-05
28.0388	30.6708	4.9436	9.45657e-05
25.3391	26.1784	4.96783	9.12857e-05
28.269	26.3624	4.95193	9.05536e-05
26.689	28.4246	4.95465	9.19843e-05
28.0388	30.6708	4.9436	9.45657e-05
30.9343	31.8249	4.95053	9.58365e-05
28.0866	33.7485	4.90128	0.000105092
22.0277	27.6505	4.96689	9.39965e-05
26.689	28.4246	4.95465	9.19843e-05
25	30.6708	4.91793	9.54237e-05
30.7452	28.7831	4.9472	9.17585e-05
30.9343	31.8249	4.95053	9.58365e-05
28.0388	30.6708	4.9436	9.45657e-05
26.689	28.4246	4.95465	9.19843e-05
30.7452	28.7831	4.9472	9.17585e-05
28.0388	30.6708	4.9436	9.45657e-05
26.1025	23.1861	4.96773	9.01735e-05
28.269	26.3624	4.95193	9.05536e-05
25.3391	26.1784	4.96783	9.12857e-05
29.1279	22.9961	4.95997	8.9818e-05
32.7002	24.7062	4.95605	9.05443e-05
31.199	26.5464	0.346079	9.21486e-05
33.7508	28.5944	4.96374	9.21373e-05
30.9343	31.8249	4.95053	9.58365e-05
30.7452	28.7831	4.9472	9.17585e-05
31.199	26.5464	0.346079	9.21486e-05
33.7508	28.5944	4.96374	9.21373e-05
30.7452	28.7831	4.9472	9.17585e-05
37.4615	36.8646	4.90685	0.00011785
40.433	33.7485	4.96748	0.000101422
40.5769	36.8646	4.91115	0.000113734
36.8893	27.6505	4.98388	9.31639e-05
37.1553	30.6708	4.97842	9.57142e-05
33.7508	28.5944	4.96374	9.21373e-05
36.8893	27.6505	4.98388	9.31639e-05
39.9888	27.0985	4.99146	9.43561e-05
40.1941	30.6708	4.98596	9.65903e-05
34.9506	19.1174	4.96915	9.01719e-05
34.4425	16.5071	4.9344	8.95676e-05
37.1403	16.5071	4.93887	9.00712e-05
38.204	22.4261	4.98766	9.20339e-05
35.1786	22.6161	4.98048	9.09372e-05
36.4861	20.8667	4.97933	9.09977e-05
32.1075	19.1174	4.9644	8.96078e-05
28.8815	20.2128	4.96052	8.94709e-05
28.6113	17.5512	4.93358	8.92068e-05
38.204	22.4261	4.98766	9.20339e-05
35.7802	24.7062	4.98194	9.16237e-05
35.1786	22.6161	4.98048	9.09372e-05
32.7002	24.7062	4.95605	9.05443e-05
29.1279	22.9961	4.95997	8.9818e-05
32.4267	21.856	4.97222	9.00453e-05
45.7731	27.8393	4.99597	9.67085e-05
48.1005	24.7062	4.99685	9.57674e-05
48.7787	27.6505	4.99663	9.70865e-05
38.8603	24.7062	4.99056	9.29854e-05
41.2294	22.236	4.99114	9.30875e-05
41.9404	24.7062	4.99418	9.42417e-05
38.8603	24.7062	4.99056	9.29854e-05
38.204	22.4261	4.98766	9.20339e-05
41.2294	22.236	4.99114	9.30875e-05
36.8893	27.6505	4.98388	9.31639e-05
38.8603	24.7062	4.99056	9.29854e-05
39.9888	27.0985	4.99146	9.43561e-05
35.7802	24.7062	4.98194	9.16237e-05
38.204	22.4261	4.98766	9.20339e-05
38.8603	24.7062	4.99056	9.29854e-05
33.7508	28.5944	4.96374	9.21373e-05
35.7802	24.7062	4.98194	9.16237e-05
36.8893	27.6505	4.98388	9.31639e-05
32.7002	24.7062	4.95605	9.05443e-05
32.4267	21.856	4.97222	9.00453e-05
35.1786	22.6161	4.98048	9.09372e-05
37.7936	19.1174	4.97327	9.09242e-05
40.5089	19.4825	4.98139	9.18637e-05
38.204	22.4261	4.98766	9.20339e-05
35.1786	22.6161	4.98048	9.09372e-05
32.4267	21.856	4.97222	9.00453e-05
34.9506	19.1174	4.96915	9.01719e-05
36.4861	20.8667	4.97933	9.09977e-05
35.1786	22.6161	4.98048	9.09372e-05
34.9506	19.1174	4.96915	9.01719e-05
37.7936	19.1174	4.97327	9.09242e-05
36.4861	20.8667	4.97933	9.09977e-05
34.9506	19.1174	4.96915	9.01719e-05
37.7936	19.1174	4.97327	9.09242e-05
38.204	22.4261	4.98766	9.20339e-05
36.4861	20.8667	4.97933	9.09977e-05
35.7802	24.7062	4.98194	9.16237e-05
32.7002	24.7062	4.95605	9.05443e-05
35.1786	22.6161	4.98048	9.09372e-05
33.7508	28.5944	4.96374	9.21373e-05
32.7002	24.7062	4.95605	9.05443e-05
35.7802	24.7062	4.98194	9.16237e-05
29.1279	22.9961	4.95997	8.9818e-05
28.8815	20.2128	4.96052	8.94709e-05
32.4267	21.856	4.97222	9.00453e-05
37.1403	16.5071	4.93887	9.00712e-05
39.693	16.8552	4.95607	9.07362e-05
37.7936	19.1174	4.97327	9.09242e-05
44.3095	21.856	4.9933	9.38769e-05
47.2801	21.856	4.99494	9.44694e-05
45.0204	24.7062	4.99609	9.521e-05
41.9404	24.7062	4.99418	9.42417e-05
44.3095	21.856	4.9933	9.38769e-05
45.0204	24.7062	4.99609	9.521e-05
43.4158	19.3	4.98594	9.25956e-05
46.3226	19.1174	4.98934	9.31314e-05
44.3095	21.856	4.9933	9.38769e-05
28.0866	46.2515	4.88339	0.000966223
31.0776	49.3292	4.83616	0.00230138
28.0388	49.3292	4.8846	0.00259822
25	43.1354	4.89917	0.000414628
28.1154	43.1354	4.85016	0.000429733
28.0866	46.2515	4.88339	0.000966223
37.3464	46.2515	0.159669	0.000598204
34.3294	43.6157	0.131318	0.000386222
37.5191	43.9145	0.142345	0.000342263
31.226	43.7137	0.184524	0.00046225
31.2788	41.1758	0.179812	0.000262242
34.3294	43.6157	0.131318	0.000386222
28.0866	46.2515	4.88339	0.000966223
31.226	43.7137	0.184524	0.00046225
31.1732	46.2515	4.77631	0.00092097
28.1154	43.1354	4.85016	0.000429733
31.2788	41.1758	0.179812	0.000262242
31.226	43.7137	0.184524	0.00046225
25	46.2515	4.91216	0.000935932
25	43.1354	4.89917	0.000414628
28.0866	46.2515	4.88339	0.000966223
28.125	40	4.83638	0.00021272
31.2788	41.1758	0.179812	0.000262242
28.1154	43.1354	4.85016	0.000429733
28.125	40	4.83638	0.00021272
31.2019	38.0404	0.235642	0.000148783
31.2788	41.1758	0.179812	0.000262242
31.2019	38.0404	0.235642	0.000148783
34.399	40.9798	0.166182	0.0002261
31.2788	41.1758	0.179812	0.000262242
28.0866	33.7485	4.90128	0.000105092
31.3171	35.696	4.88901	0.000115559
28.1154	36.8646	4.856	0.000134667
37.3464	33.7485	4.95958	0.000101857
37.1553	30.6708	4.97842	9.57142e-05
40.1941	30.6708	4.98596	9.65903e-05
37.4615	36.8646	4.90685	0.00011785
37.3464	33.7485	4.95958	0.000101857
40.433	33.7485	4.96748	0.000101422
37.4615	36.8646	4.90685	0.00011785
34.3221	37.8444	4.83988	0.000134959
34.1596	34.7385	4.93242	0.000106703
34.1596	34.7385	4.93242	0.000106703
33.997	31.6326	4.96281	9.61888e-05
37.3464	33.7485	4.95958	0.000101857
31.3171	35.696	4.88901	0.000115559
34.1596	34.7385	4.93242	0.000106703
34.3221	37.8444	4.83988	0.000134959
31.3171	35.696	4.88901	0.000115559
30.9343	31.8249	4.95053	9.58365e-05
34.1596	34.7385	4.93242	0.000106703
30.9343	31.8249	4.95053	9.58365e-05
33.7508	28.5944	4.96374	9.21373e-05
33.997	31.6326	4.96281	9.61888e-05
40.433	46.2515	4.79417	0.000459166
40.6201	43.7197	0.185126	0.000274451
43.5196	46.2515	4.87276	0.000395195
46.8029	37.0605	4.96731	0.000111243
43.75	40	4.86509	0.000139898
43.6827	37.2565	4.93163	0.000114322
49.9231	43.1354	4.94777	0.000194819
46.8798	40.196	4.93386	0.000143489
50	40	4.95861	0.000132358
49.9231	43.1354	4.94777	0.000194819
49.6928	46.2515	4.95591	0.000321231
46.8077	43.1354	4.91066	0.000202637
25	43.1354	4.89917	0.000414628
25	46.2515	4.91216	0.000935932
22.0142	44.8882	4.89411	0.000696133
25	40	4.86342	0.000206216
25	43.1354	4.89917	0.000414628
21.9183	41.7637	4.83988	0.000331296
25	40	4.86342	0.000206216
28.1154	43.1354	4.85016	0.000429733
25	43.1354	4.89917	0.000414628
31.2019	38.0404	0.235642	0.000148783
28.125	40	4.83638	0.00021272
28.1154	36.8646	4.856	0.000134667
28.1154	43.1354	4.85016	0.000429733
31.226	43.7137	0.184524	0.00046225
28.0866	46.2515	4.88339	0.000966223
18.7981	41.9596	0.229534	0.000341921
15.601	39.0202	0.242399	0.000206919
18.7212	38.8242	0.204238	0.000195229
17.2523	44.2036	4.88529	0.000660962
15.7402	46.2515	4.93855	0.00120488
14.1489	44.3016	4.94391	0.000700162
18.7981	41.9596	0.229534	0.000341921
17.2523	44.2036	4.88529	0.000660962
15.6779	42.1556	4.8738	0.000399993
18.8268	46.2515	4.90608	0.001041
15.7402	46.2515	4.93855	0.00120488
17.2523	44.2036	4.88529	0.000660962
21.7462	47.598	4.884	0.00162552
18.8268	46.2515	4.90608	0.001041
22.0142	44.8882	4.89411	0.000696133
21.7462	47.598	4.884	0.00162552
18.9224	49.3292	4.87045	0.00289676
18.8268	46.2515	4.90608	0.001041
15.6779	42.1556	4.8738	0.000399993
15.601	39.0202	0.242399	0.000206919
18.7981	41.9596	0.229534	0.000341921
18.8268	46.2515	4.90608	0.001041
17.2523	44.2036	4.88529	0.000660962
18.7981	41.9596	0.229534	0.000341921
14.1489	44.3016	4.94391	0.000700162
12.6536	46.2515	4.96988	0.00110332
12.5577	42.3516	4.95179	0.000405417
15.6779	42.1556	4.8738	0.000399993
14.1489	44.3016	4.94391	0.000700162
12.5577	42.3516	4.95179	0.000405417
15.7402	46.2515	4.93855	0.00120488
12.6536	46.2515	4.96988	0.00110332
14.1489	44.3016	4.94391	0.000700162
12.7118	50.0843	4.96282	0.00359652
12.6536	46.2515	4.96988	0.00110332
15.8835	49.3292	4.93473	0.00290633
16.083	52.3495	4.89206	0.00762785
13.1107	52.3495	4.9433	0.00696542
15.8835	49.3292	4.93473	0.00290633
18.9224	49.3292	4.87045	0.00289676
16.083	52.3495	4.89206	0.00762785
15.8835	49.3292	4.93473	0.00290633
13.1107	52.3495	4.9433	0.00696542
10.6893	54.7417	4.92477	0.0121243
10.1383	52.3495	4.96127	0.00629529
15.8835	49.3292	4.93473	0.00290633
13.1107	52.3495	4.9433	0.00696542
12.7118	50.0843	4.96282	0.00359652
14.2198	55.2938	4.89125	0.0169052
10.6893	54.7417	4.92477	0.0121243
13.1107	52.3495	4.9433	0.00696542
17.0264	56.2438	4.83615	0.0271404
14.2198	55.2938	4.89125	0.0169052
16.083	52.3495	4.89206	0.00762785
17.2808	59.0298	4.73579	0.0660274
17.5295	61.7527	0.0846683	4.58803
15.0494	60.8826	0.10765	0.0654299
17.0264	56.2438	4.83615	0.0271404
17.2808	59.0298	4.73579	0.0660274
14.6026	58.144	4.78093	0.0350683
17.0264	56.2438	4.83615	0.0271404
20.0518	56.4338	4.78076	0.0316543
17.2808	59.0298	4.73579	0.0660274
7.16598	52.3495	4.97015	0.00603995
8.05963	55.2938	4.92318	0.0142403
4.92487	55.4838	4.93243	0.0161211
6.76709	49.3292	4.98693	0.00246557
7.16598	52.3495	4.97015	0.00603995
4.19365	52.3495	4.97578	0.00583778
10.1383	52.3495	4.96127	0.00629529
8.05963	55.2938	4.92318	0.0142403
7.16598	52.3495	4.97015	0.00603995
12.7118	50.0843	4.96282	0.00359652
10.1383	52.3495	4.96127	0.00629529
9.70619	49.8955	4.97832	0.00310538
10.6893	54.7417	4.92477	0.0121243
8.05963	55.2938	4.92318	0.0142403
10.1383	52.3495	4.96127	0.00629529
12.5577	42.3516	4.95179	0.000405417
12.5	40	4.93153	0.000239068
15.6779	42.1556	4.8738	0.000399993
9.61019	45.6673	4.98652	0.000878681
12.5577	42.3516	4.95179	0.000405417
12.6536	46.2515	4.96988	0.00110332
9.61019	45.6673	4.98652	0.000878681
6.31731	42.7435	4.99293	0.000405666
9.4375	42.5475	4.98219	0.000420618
-3.10282e-28	40	4.99764	0.000233001
3.125	40	4.99665	0.000223373
3.19711	42.9395	4.99626	0.000420338
-3.10282e-28	40	4.99764	0.000233001
0.076922	36.8646	4.99798	0.000148286
3.125	40	4.99665	0.000223373
46.6062	46.2515	4.93164	0.000347974
46.2717	49.3292	4.95684	0.00072071
43.5196	46.2515	4.87276	0.000395195
43.6923	43.1354	0.23809	0.00021875
46.6062	46.2515	4.93164	0.000347974
43.5196	46.2515	4.87276	0.000395195
49.6928	46.2515	4.95591	0.000321231
49.3105	49.3292	4.96655	0.000630975
46.6062	46.2515	4.93164	0.000347974
27.4517	72.3429	0.00273574	0.0235343
25	72.3429	0.00277585	0.0289687
27.0253	69.2491	0.0067664	0.0553051
24.7277	76.3587	0.00102107	0.00971017
26.189	74.0896	0.00172227	0.0161151
27.2733	75.6267	0.00118807	0.0101078
24.7277	76.3587	0.00102107	0.00971017
23.0327	74.7883	0.00150289	0.0165126
26.189	74.0896	0.00172227	0.0161151
23.0339	79.8761	0.000721028	0.00647818
21.0802	79.5053	0.000824909	0.00749536
21.6827	78.0345	0.000862289	0.00803454
19.6759	76.9444	0.00107828	0.00977243
19.0551	74.0896	0.00195408	0.019274
21.4331	74.0896	0.00184769	0.0210738
19.6759	76.9444	0.00107828	0.00977243
18.1801	75.6267	0.00149479	0.0130337
19.0551	74.0896	0.00195408	0.019274
21.4331	74.0896	0.00184769	0.0210738
23.0327	74.7883	0.00150289	0.0165126
22.3999	76.5052	0.00106331	0.0107312
20.0967	72.3429	0.00300736	0.0358777
22.5483	72.3429	0.00294625	0.0381289
21.4331	74.0896	0.00184769	0.0210738
16.5527	73.7985	0.0022557	0.0169238
17.645	72.3429	0.00306756	0.0252145
19.0551	74.0896	0.00195408	0.019274
19.193	69.7412	0.0065897	0.0635626
21.8037	69.5771	0.00670364	4.50108
20.0967	72.3429	0.00300736	0.0358777
21.8037	69.5771	0.00670364	4.50108
23.75	70.3973	0.00522551	0.0585043
22.5483	72.3429	0.00294625	0.0381289
21.6827	78.0345	0.000862289	0.00803454
19.1515	78.89	0.00095177	0.00833871
19.6759	76.9444	0.00107828	0.00977243
22.3999	76.5052	0.00106331	0.0107312
19.6759	76.9444	0.00107828	0.00977243
21.4331	74.0896	0.00184769	0.0210738
22.3999	76.5052	0.00106331	0.0107312
21.6827	78.0345	0.000862289	0.00803454
19.6759	76.9444	0.00107828	0.00977243
24.7277	76.3587	0.00102107	0.00971017
22.3999	76.5052	0.00106331	0.0107312
23.0327	74.7883	0.00150289	0.0165126
24.7277	76.3587	0.00102107	0.00971017
24.9752	78.5234	0.000742464	0.00650997
23.329	78.279	0.00079007	0.00726861
21.0802	79.5053	0.000824909	0.00749536
19.1515	78.89	0.00095177	0.00833871
21.6827	78.0345	0.000862289	0.00803454
25	80	0.000701019	0.00605393
24.9752	78.5234	0.000742464	0.00650997
26.9661	79.8761	0.000687071	0.00553425
19.6759	76.9444	0.00107828	0.00977243
19.1515	78.89	0.00095177	0.00833871
17.2597	78.0345	0.00118256	0.00970022
28.3173	78.0345	0.000794754	0.00611268
30.8485	78.89	0.000872548	0.00596891
28.9198	79.5053	0.000761572	0.00570536
18.1801	75.6267	0.00149479	0.0130337
19.6759	76.9444	0.00107828	0.00977243
17.2597	78.0345	0.00118256	0.00970022
15.4167	76.9444	0.00150884	0.0110889
18.1801	75.6267	0.00149479	0.0130337
17.2597	78.0345	0.00118256	0.00970022
23.0327	74.7883	0.00150289	0.0165126
21.4331	74.0896	0.00184769	0.0210738
22.5483	72.3429	0.00294625	0.0381289
15.4167	76.9444	0.00150884	0.0110889
16.5527	73.7985	0.0022557	0.0169238
18.1801	75.6267	0.00149479	0.0130337
20.0967	72.3429	0.00300736	0.0358777
21.8037	69.5771	0.00670364	4.50108
22.5483	72.3429	0.00294625	0.0381289
15.4167	76.9444	0.00150884	0.0110889
13.6336	75.6267	0.00223137	0.0144269
14.237	73.9441	0.00257004	0.0163319
29.3832	76.0659	0.0011112	0.00831558
31.3712	77.1646	0.00104103	0.00692212
28.3173	78.0345	0.000794754	0.00611268
31.9219	75.3472	0.00140915	0.00913669
34.5833	76.9444	0.00137453	0.007834
32.7403	78.0345	0.00105174	0.00661231
14.237	73.9441	0.00257004	0.0163319
11.9212	74.0896	0.00323468	0.0185842
12.7417	72.3429	0.0039056	0.021536
11.25	70.3973	0.00679344	0.0332413
12.7417	72.3429	0.0039056	0.021536
10.2901	72.3429	0.0052168	0.0272124
17.645	72.3429	0.00306756	0.0252145
16.5527	73.7985	0.0022557	0.0169238
15.1934	72.3429	0.00330868	0.0208522
19.193	69.7412	0.0065897	0.0635626
17.645	72.3429	0.00306756	0.0252145
16.25	70.3973	0.00534196	0.032268
20.0967	72.3429	0.00300736	0.0358777
19.0551	74.0896	0.00195408	0.019274
17.645	72.3429	0.00306756	0.0252145
19.0551	74.0896	0.00195408	0.019274
18.1801	75.6267	0.00149479	0.0130337
16.5527	73.7985	0.0022557	0.0169238
32.355	72.3429	0.00279758	0.0181927
34.8066	72.3429	0.00316231	0.0171611
33.3228	74.0896	0.00194247	0.011581
33.3228	74.0896	0.00194247	0.011581
31.9219	75.3472	0.00140915	0.00913669
30.9297	73.8705	0.00185437	0.0131153
35.7008	74.0896	0.0023742	0.0123804
33.3228	74.0896	0.00194247	0.011581
34.8066	72.3429	0.00316231	0.0171611
34.5833	76.9444	0.00137453	0.007834
31.9219	75.3472	0.00140915	0.00913669
33.3228	74.0896	0.00194247	0.011581
17.4187	68.2649	0.0103105	0.0616761
14.8915	68.2649	0.00979759	0.0436413
16.8484	65.9587	0.0204655	0.0836186
16.25	70.3973	0.00534196	0.032268
13.513	70.6966	0.00526076	0.0268697
14.8915	68.2649	0.00979759	0.0436413
19.193	69.7412	0.0065897	0.0635626
16.25	70.3973	0.00534196	0.032268
17.4187	68.2649	0.0103105	0.0616761
15.1934	72.3429	0.00330868	0.0208522
14.237	73.9441	0.00257004	0.0163319
12.7417	72.3429	0.0039056	0.021536
17.645	72.3429	0.00306756	0.0252145
15.1934	72.3429	0.00330868	0.0208522
16.25	70.3973	0.00534196	0.032268
16.5527	73.7985	0.0022557	0.0169238
14.237	73.9441	0.00257004	0.0163319
15.1934	72.3429	0.00330868	0.0208522
12.7417	72.3429	0.0039056	0.021536
11.25	70.3973	0.00679344	0.0332413
13.513	70.6966	0.00526076	0.0268697
8.74996	70.3973	0.00911454	0.0459845
11.25	70.3973	0.00679344	0.0332413
10.2901	72.3429	0.0052168	0.0272124
12.3644	68.2649	0.0107068	0.0442324
13.846	66.4528	0.0174038	0.0521758
14.8915	68.2649	0.00979759	0.0436413
9.83732	68.2649	0.012848	0.064804
12.3644	68.2649	0.0107068	0.0442324
11.25	70.3973	0.00679344	0.0332413
9.83732	68.2649	0.012848	0.064804
11.414	65.9587	0.02175	0.0663711
12.3644	68.2649	0.0107068	0.0442324
9.83732	68.2649	0.012848	0.064804
11.25	70.3973	0.00679344	0.0332413
8.74996	70.3973	0.00911454	0.0459845
14.8915	68.2649	0.00979759	0.0436413
13.513	70.6966	0.00526076	0.0268697
12.3644	68.2649	0.0107068	0.0442324
15.1934	72.3429	0.00330868	0.0208522
12.7417	72.3429	0.0039056	0.021536
13.513	70.6966	0.00526076	0.0268697
15.4167	76.9444	0.00150884	0.0110889
14.237	73.9441	0.00257004	0.0163319
16.5527	73.7985	0.0022557	0.0169238
13.6336	75.6267	0.00223137	0.0144269
11.9212	74.0896	0.00323468	0.0185842
14.237	73.9441	0.00257004	0.0163319
11.9212	74.0896	0.00323468	0.0185842
10.2901	72.3429	0.0052168	0.0272124
12.7417	72.3429	0.0039056	0.021536
7.31021	68.2649	0.0169798	0.0946935
9.83732	68.2649	0.012848	0.064804
8.74996	70.3973	0.00911454	0.0459845
7.31021	68.2649	0.0169798	0.0946935
5.97957	65.9587	0.0339236	4.62017
8.78345	65.7825	0.0270798	4.55654
28.3173	78.0345	0.000794754	0.00611268
28.9198	79.5053	0.000761572	0.00570536
26.9661	79.8761	0.000687071	0.00553425
31.3712	77.1646	0.00104103	0.00692212
31.9219	75.3472	0.00140915	0.00913669
32.7403	78.0345	0.00105174	0.00661231
28.3173	78.0345	0.000794754	0.00611268
31.3712	77.1646	0.00104103	0.00692212
30.8485	78.89	0.000872548	0.00596891
29.3832	76.0659	0.0011112	0.00831558
31.9219	75.3472	0.00140915	0.00913669
31.3712	77.1646	0.00104103	0.00692212
27.2733	75.6267	0.00118807	0.0101078
29.3832	76.0659	0.0011112	0.00831558
28.3173	78.0345	0.000794754	0.00611268
28.5669	74.0896	0.00171051	0.013806
29.9033	72.3429	0.00270744	0.0211304
30.9297	73.8705	0.00185437	0.0131153
27.2733	75.6267	0.00118807	0.0101078
28.5669	74.0896	0.00171051	0.013806
29.3832	76.0659	0.0011112	0.00831558
27.2733	75.6267	0.00118807	0.0101078
26.189	74.0896	0.00172227	0.0161151
28.5669	74.0896	0.00171051	0.013806
26.2439	77.6257	0.000821664	0.00701913
27.2733	75.6267	0.00118807	0.0101078
28.3173	78.0345	0.000794754	0.00611268
26.9661	79.8761	0.000687071	0.00553425
26.2439	77.6257	0.000821664	0.00701913
28.3173	78.0345	0.000794754	0.00611268
24.9752	78.5234	0.000742464	0.00650997
24.7277	76.3587	0.00102107	0.00971017
26.2439	77.6257	0.000821664	0.00701913
31.0572	70.658	0.00427963	0.0327077
30.0542	68.2649	0.00866355	4.39922
32.2468	68.921	0.00697593	0.044513
31.0572	70.658	0.00427963	0.0327077
28.75	70.3973	0.00478005	0.0400856
30.0542	68.2649	0.00866355	4.39922
33.75	70.3973	0.00487394	0.0266576
31.0572	70.658	0.00427963	0.0327077
32.2468	68.921	0.00697593	0.044513
29.9033	72.3429	0.00270744	0.0211304
28.75	70.3973	0.00478005	0.0400856
31.0572	70.658	0.00427963	0.0327077
30.9297	73.8705	0.00185437	0.0131153
29.9033	72.3429	0.00270744	0.0211304
32.355	72.3429	0.00279758	0.0181927
33.3228	74.0896	0.00194247	0.011581
30.9297	73.8705	0.00185437	0.0131153
32.355	72.3429	0.00279758	0.0181927
31.9219	75.3472	0.00140915	0.00913669
29.3832	76.0659	0.0011112	0.00831558
30.9297	73.8705	0.00185437	0.0131153
28.5669	74.0896	0.00171051	0.013806
26.189	74.0896	0.00172227	0.0161151
27.4517	72.3429	0.00273574	0.0235343
25	72.3429	0.00277585	0.0289687
23.75	70.3973	0.00522551	0.0585043
27.0253	69.2491	0.0067664	0.0553051
26.9661	79.8761	0.000687071	0.00553425
24.9752	78.5234	0.000742464	0.00650997
26.2439	77.6257	0.000821664	0.00701913
27.0253	69.2491	0.0067664	0.0553051
24.3347	67.1118	0.0127186	0.108941
26.9568	67.2765	0.011492	0.0799849
19.0904	66.7823	0.0165598	0.108539
19.999	65.078	0.0284489	4.63742
22.2828	65.9587	0.0181053	4.64128
17.4187	68.2649	0.0103105	0.0616761
19.0904	66.7823	0.0165598	0.108539
19.193	69.7412	0.0065897	0.0635626
17.4187	68.2649	0.0103105	0.0616761
16.8484	65.9587	0.0204655	0.0836186
19.0904	66.7823	0.0165598	0.108539
27.4517	72.3429	0.00273574	0.0235343
28.75	70.3973	0.00478005	0.0400856
29.9033	72.3429	0.00270744	0.0211304
28.5669	74.0896	0.00171051	0.013806
27.4517	72.3429	0.00273574	0.0235343
29.9033	72.3429	0.00270744	0.0211304
26.189	74.0896	0.00172227	0.0161151
25	72.3429	0.00277585	0.0289687
27.4517	72.3429	0.00273574	0.0235343
27.0253	69.2491	0.0067664	0.0553051
26.9568	67.2765	0.011492	0.0799849
30.0542	68.2649	0.00866355	4.39922
27.4517	72.3429	0.00273574	0.0235343
27.0253	69.2491	0.0067664	0.0553051
28.75	70.3973	0.00478005	0.0400856
23.75	70.3973	0.00522551	0.0585043
24.3347	67.1118	0.0127186	0.108941
27.0253	69.2491	0.0067664	0.0553051
34.8233	67.7707	0.0107	0.0462628
37.4455	67.9354	0.0119471	4.34074
36.25	70.3973	0.00561815	0.0299136
31.3712	77.1646	0.00104103	0.00692212
32.7403	78.0345	0.00105174	0.00661231
30.8485	78.89	0.000872548	0.00596891
23.329	78.279	0.00079007	0.00726861
22.3999	76.5052	0.00106331	0.0107312
24.7277	76.3587	0.00102107	0.00971017
23.0339	79.8761	0.000721028	0.00647818
23.329	78.279	0.00079007	0.00726861
24.9752	78.5234	0.000742464	0.00650997
21.6827	78.0345	0.000862289	0.00803454
22.3999	76.5052	0.00106331	0.0107312
23.329	78.279	0.00079007	0.00726861
21.6827	78.0345	0.000862289	0.00803454
23.329	78.279	0.00079007	0.00726861
23.0339	79.8761	0.000721028	0.00647818
25	72.3429	0.00277585	0.0289687
26.189	74.0896	0.00172227	0.0161151
23.0327	74.7883	0.00150289	0.0165126
27.2733	75.6267	0.00118807	0.0101078
26.2439	77.6257	0.000821664	0.00701913
24.7277	76.3587	0.00102107	0.00971017
25	80	0.000701019	0.00605393
23.0339	79.8761	0.000721028	0.00647818
24.9752	78.5234	0.000742464	0.00650997
35.7008	74.0896	0.0023742	0.0123804
37.3942	72.4885	0.00384049	0.0182801
38.0788	74.0896	0.0031845	0.0150737
34.5833	76.9444	0.00137453	0.007834
35.7008	74.0896	0.0023742	0.0123804
36.3664	75.6267	0.00210132	0.0109433
34.8066	72.3429	0.00316231	0.0171611
37.3942	72.4885	0.00384049	0.0182801
35.7008	74.0896	0.0023742	0.0123804
34.5833	76.9444	0.00137453	0.007834
33.3228	74.0896	0.00194247	0.011581
35.7008	74.0896	0.0023742	0.0123804
33.75	70.3973	0.00487394	0.0266576
36.25	70.3973	0.00561815	0.0299136
34.8066	72.3429	0.00316231	0.0171611
35.7008	74.0896	0.0023742	0.0123804
38.0788	74.0896	0.0031845	0.0150737
36.3664	75.6267	0.00210132	0.0109433
37.4455	67.9354	0.0119471	4.34074
38.75	70.3973	0.00693556	0.0298896
36.25	70.3973	0.00561815	0.0299136
39.7099	72.3429	0.00529213	0.0217025
38.0788	74.0896	0.0031845	0.0150737
37.3942	72.4885	0.00384049	0.0182801
36.25	70.3973	0.00561815	0.0299136
33.75	70.3973	0.00487394	0.0266576
34.8233	67.7707	0.0107	0.0462628
37.3942	72.4885	0.00384049	0.0182801
36.25	70.3973	0.00561815	0.0299136
38.75	70.3973	0.00693556	0.0298896
37.3942	72.4885	0.00384049	0.0182801
34.8066	72.3429	0.00316231	0.0171611
36.25	70.3973	0.00561815	0.0299136
15.5575	63.4929	0.0488139	0.08627
16.8484	65.9587	0.0204655	0.0836186
13.846	66.4528	0.0174038	0.0521758
11.414	65.9587	0.02175	0.0663711
12.8597	63.4929	0.0453195	0.0586854
13.846	66.4528	0.0174038	0.0521758
15.0494	60.8826	0.10765	0.0654299
17.5295	61.7527	0.0846683	4.58803
15.5575	63.4929	0.0488139	0.08627
15.5575	63.4929	0.0488139	0.08627
17.5295	61.7527	0.0846683	4.58803
16.8484	65.9587	0.0204655	0.0836186
11.6319	58.144	4.63781	0.0277178
14.6026	58.144	4.78093	0.0350683
12.3979	60.3349	0.12121	0.0431604
14.6026	58.144	4.78093	0.0350683
17.2808	59.0298	4.73579	0.0660274
15.0494	60.8826	0.10765	0.0654299
20.363	63.0044	0.0524536	4.64123
19.999	65.078	0.0284489	4.63742
17.5295	61.7527	0.0846683	4.58803
20.7355	60.8826	0.0978579	4.56707
20.363	63.0044	0.0524536	4.64123
17.5295	61.7527	0.0846683	4.58803
20.7355	60.8826	0.0978579	4.56707
23.0704	62.1007	0.0411008	0.0897645
20.363	63.0044	0.0524536	4.64123
11.6319	58.144	4.63781	0.0277178
10.6893	54.7417	4.92477	0.0121243
14.2198	55.2938	4.89125	0.0169052
9.3634	60.8826	0.110934	0.0566038
11.6319	58.144	4.63781	0.0277178
12.3979	60.3349	0.12121	0.0431604
8.66123	58.144	4.80462	0.0296599
10.6893	54.7417	4.92477	0.0121243
11.6319	58.144	4.63781	0.0277178
5.69054	58.144	4.82907	0.0380231
4.92487	55.4838	4.93243	0.0161211
8.05963	55.2938	4.92318	0.0142403
6.4478	61.0566	0.118266	0.0752118
5.69054	58.144	4.82907	0.0380231
8.66123	58.144	4.80462	0.0296599
3.67737	60.8826	0.150725	4.44736
2.71986	58.144	4.86528	0.0367809
5.69054	58.144	4.82907	0.0380231
36.8222	64.0212	0.0358813	0.0475055
39.6261	63.8451	0.0437361	0.040266
38.586	65.9587	0.0220855	0.0439611
34.1521	62.7968	0.0463193	4.44061
36.8222	64.0212	0.0358813	0.0475055
35.8688	65.9587	0.0188923	0.0531087
37.7936	60.8826	0.104492	0.0276989
39.6261	63.8451	0.0437361	0.040266
36.8222	64.0212	0.0358813	0.0475055
38.75	70.3973	0.00693556	0.0298896
40.1627	68.2649	0.0132089	0.0369782
41.25	70.3973	0.0093288	0.0268396
37.3942	72.4885	0.00384049	0.0182801
38.75	70.3973	0.00693556	0.0298896
39.7099	72.3429	0.00529213	0.0217025
37.4455	67.9354	0.0119471	4.34074
40.1627	68.2649	0.0132089	0.0369782
38.75	70.3973	0.00693556	0.0298896
35.8688	65.9587	0.0188923	0.0531087
37.4455	67.9354	0.0119471	4.34074
34.8233	67.7707	0.0107	0.0462628
33.1516	65.9587	0.0167142	0.0646634
35.8688	65.9587	0.0188923	0.0531087
34.8233	67.7707	0.0107	0.0462628
34.1521	62.7968	0.0463193	4.44061
34.9506	60.8826	0.0838311	0.0520285
36.8222	64.0212	0.0358813	0.0475055
38.75	70.3973	0.00693556	0.0298896
41.25	70.3973	0.0093288	0.0268396
39.7099	72.3429	0.00529213	0.0217025
38.586	65.9587	0.0220855	0.0439611
40.1627	68.2649	0.0132089	0.0369782
37.4455	67.9354	0.0119471	4.34074
41.3032	65.9587	0.0262686	0.0417188
42.6898	68.2649	0.0173507	0.0334063
40.1627	68.2649	0.0132089	0.0369782
41.3032	65.9587	0.0262686	0.0417188
44.0204	65.9587	0.0338088	0.0474682
42.6898	68.2649	0.0173507	0.0334063
41.25	70.3973	0.0093288	0.0268396
40.1627	68.2649	0.0132089	0.0369782
42.6898	68.2649	0.0173507	0.0334063
36.8222	64.0212	0.0358813	0.0475055
34.9506	60.8826	0.0838311	0.0520285
37.7936	60.8826	0.104492	0.0276989
2.71986	58.144	4.86528	0.0367809
4.92487	55.4838	4.93243	0.0161211
5.69054	58.144	4.82907	0.0380231
8.66123	58.144	4.80462	0.0296599
8.05963	55.2938	4.92318	0.0142403
10.6893	54.7417	4.92477	0.0121243
6.4478	61.0566	0.118266	0.0752118
8.66123	58.144	4.80462	0.0296599
9.3634	60.8826	0.110934	0.0566038
5.69054	58.144	4.82907	0.0380231
8.05963	55.2938	4.92318	0.0142403
8.66123	58.144	4.80462	0.0296599
1.8995	55.2938	4.94928	0.0133655
4.92487	55.4838	4.93243	0.0161211
2.71986	58.144	4.86528	0.0367809
1.8995	55.2938	4.94928	0.0133655
1.22131	52.3495	4.9799	0.00514884
4.19365	52.3495	4.97578	0.00583778
41.3032	65.9587	0.0262686	0.0417188
42.43	63.669	0.0535404	4.3463
44.0204	65.9587	0.0338088	0.0474682
43.4796	60.8826	0.123414	0.0284018
40.6366	60.8826	0.115071	0.0285297
41.4664	58.5091	4.78843	0.01352
45.2338	63.4929	0.0687952	0.0437425
43.4796	60.8826	0.123414	0.0284018
46.3226	60.8826	0.145729	0.019607
42.43	63.669	0.0535404	4.3463
40.6366	60.8826	0.115071	0.0285297
43.4796	60.8826	0.123414	0.0284018
41.4664	58.5091	4.78843	0.01352
38.5596	58.6917	4.75517	0.0161524
38.8603	55.2938	4.89027	0.00609471
46.3226	60.8826	0.145729	0.019607
43.4796	60.8826	0.123414	0.0284018
44.2548	57.954	4.83253	0.00989167
42.43	63.669	0.0535404	4.3463
39.6261	63.8451	0.0437361	0.040266
40.6366	60.8826	0.115071	0.0285297
44.0204	65.9587	0.0338088	0.0474682
42.43	63.669	0.0535404	4.3463
45.2338	63.4929	0.0687952	0.0437425
36.8222	64.0212	0.0358813	0.0475055
38.586	65.9587	0.0220855	0.0439611
35.8688	65.9587	0.0188923	0.0531087
40.6366	60.8826	0.115071	0.0285297
39.6261	63.8451	0.0437361	0.040266
37.7936	60.8826	0.104492	0.0276989
38.586	65.9587	0.0220855	0.0439611
37.4455	67.9354	0.0119471	4.34074
35.8688	65.9587	0.0188923	0.0531087
41.3032	65.9587	0.0262686	0.0417188
38.586	65.9587	0.0220855	0.0439611
39.6261	63.8451	0.0437361	0.040266
41.3032	65.9587	0.0262686	0.0417188
40.1627	68.2649	0.0132089	0.0369782
38.586	65.9587	0.0220855	0.0439611
32.2468	68.921	0.00697593	0.044513
30.4344	65.9587	0.0152902	0.0745258
33.1516	65.9587	0.0167142	0.0646634
21.7285	50.6506	0.229726	0.00480366
19.0553	52.3495	0.229986	0.0082361
18.9224	49.3292	4.87045	0.00289676
21.7462	47.598	4.884	0.00162552
21.7285	50.6506	0.229726	0.00480366
18.9224	49.3292	4.87045	0.00289676
15.8835	49.3292	4.93473	0.00290633
18.8268	46.2515	4.90608	0.001041
18.9224	49.3292	4.87045	0.00289676
22.0142	44.8882	4.89411	0.000696133
25	46.2515	4.91216	0.000935932
21.7462	47.598	4.884	0.00162552
24.7341	50.8393	4.82464	0.00457797
22.4091	54.0056	0.182949	0.0142274
21.7285	50.6506	0.229726	0.00480366
26.54	55.2938	0.173612	0.015484
26.4853	58.144	0.271652	0.0245747
23.0771	56.6239	4.71025	0.0250185
30.9447	52.3495	4.8526	0.00572564
29.6201	55.2938	4.765	0.0144262
27.9723	52.3495	4.8343	0.00688015
26.4853	58.144	0.271652	0.0245747
26.4215	60.8826	0.0387801	0.189129
24.0253	59.6046	0.252186	0.0423479
29.6201	55.2938	4.765	0.0144262
26.4853	58.144	0.271652	0.0245747
26.54	55.2938	0.173612	0.015484
29.6201	55.2938	4.765	0.0144262
32.1533	57.1939	0.163045	0.0248064
29.839	59.2394	0.0893146	0.0429769
17.2808	59.0298	4.73579	0.0660274
20.7355	60.8826	0.0978579	4.56707
17.5295	61.7527	0.0846683	4.58803
23.0771	56.6239	4.71025	0.0250185
20.3936	58.6582	4.71378	0.0649064
20.0518	56.4338	4.78076	0.0316543
23.0771	56.6239	4.71025	0.0250185
24.0253	59.6046	0.252186	0.0423479
20.3936	58.6582	4.71378	0.0649064
39.0601	41.8598	0.182168	0.000222844
37.5191	43.9145	0.142345	0.000342263
37.5	40	4.77883	0.000157483
40.625	40	0.221273	0.000149132
39.0601	41.8598	0.182168	0.000222844
37.5	40	4.77883	0.000157483
40.6201	43.7197	0.185126	0.000274451
37.5191	43.9145	0.142345	0.000342263
39.0601	41.8598	0.182168	0.000222844
40.6201	43.7197	0.185126	0.000274451
40.433	46.2515	4.79417	0.000459166
37.5191	43.9145	0.142345	0.000342263
43.6923	43.1354	0.23809	0.00021875
40.6201	43.7197	0.185126	0.000274451
40.625	40	0.221273	0.000149132
43.6923	43.1354	0.23809	0.00021875
43.5196	46.2515	4.87276	0.000395195
40.6201	43.7197	0.185126	0.000274451
46.8798	40.196	4.93386	0.000143489
43.6923	43.1354	0.23809	0.00021875
43.75	40	4.86509	0.000139898
46.8077	43.1354	4.91066	0.000202637
49.6928	46.2515	4.95591	0.000321231
46.6062	46.2515	4.93164	0.000347974
37.5	40	4.77883	0.000157483
34.399	40.9798	0.166182	0.0002261
34.3221	37.8444	4.83988	0.000134959
40.5769	36.8646	4.91115	0.000113734
37.5	40	4.77883	0.000157483
37.4615	36.8646	4.90685	0.00011785
40.625	40	0.221273	0.000149132
40.6201	43.7197	0.185126	0.000274451
39.0601	41.8598	0.182168	0.000222844
40.1224	48.7521	4.8567	0.0008554
37.0597	48.5598	0.198414	0.00112914
37.3464	46.2515	0.159669	0.000598204
34.1165	49.3292	0.204366	0.00166236
36.7564	51.5944	4.84919	0.00255464
34.1289	53.2696	4.84409	0.00577681
31.1732	46.2515	4.77631	0.00092097
34.1165	49.3292	0.204366	0.00166236
31.0776	49.3292	4.83616	0.00230138
28.0866	46.2515	4.88339	0.000966223
31.1732	46.2515	4.77631	0.00092097
31.0776	49.3292	4.83616	0.00230138
34.3294	43.6157	0.131318	0.000386222
34.399	40.9798	0.166182	0.0002261
37.5191	43.9145	0.142345	0.000342263
31.1732	46.2515	4.77631	0.00092097
31.226	43.7137	0.184524	0.00046225
34.2598	46.2515	0.150187	0.000738463
31.2788	41.1758	0.179812	0.000262242
34.399	40.9798	0.166182	0.0002261
34.3294	43.6157	0.131318	0.000386222
37.0597	48.5598	0.198414	0.00112914
36.7564	51.5944	4.84919	0.00255464
34.1165	49.3292	0.204366	0.00166236
37.3464	46.2515	0.159669	0.000598204
37.0597	48.5598	0.198414	0.00112914
34.2598	46.2515	0.150187	0.000738463
40.433	46.2515	4.79417	0.000459166
37.3464	46.2515	0.159669	0.000598204
37.5191	43.9145	0.142345	0.000342263
40.433	46.2515	4.79417	0.000459166
40.1224	48.7521	4.8567	0.0008554
37.3464	46.2515	0.159669	0.000598204
40.1224	48.7521	4.8567	0.0008554
36.7564	51.5944	4.84919	0.00255464
37.0597	48.5598	0.198414	0.00112914
46.2717	49.3292	4.95684	0.00072071
45.8487	52.5335	4.95766	0.00175254
43.2329	49.3292	4.92885	0.000854802
34.1165	49.3292	0.204366	0.00166236
34.1289	53.2696	4.84409	0.00577681
30.9447	52.3495	4.8526	0.00572564
7.464	63.4929	0.0556384	4.5617
8.78345	65.7825	0.0270798	4.55654
5.97957	65.9587	0.0339236	4.62017
6.4478	61.0566	0.118266	0.0752118
7.464	63.4929	0.0556384	4.5617
4.76616	63.4929	0.0689683	0.110384
6.4478	61.0566	0.118266	0.0752118
9.3634	60.8826	0.110934	0.0566038
7.464	63.4929	0.0556384	4.5617
12.3979	60.3349	0.12121	0.0431604
10.1618	63.4929	0.0471395	0.0778773
9.3634	60.8826	0.110934	0.0566038
12.8597	63.4929	0.0453195	0.0586854
15.0494	60.8826	0.10765	0.0654299
15.5575	63.4929	0.0488139	0.08627
12.3644	68.2649	0.0107068	0.0442324
13.513	70.6966	0.00526076	0.0268697
11.25	70.3973	0.00679344	0.0332413
16.8484	65.9587	0.0204655	0.0836186
14.8915	68.2649	0.00979759	0.0436413
13.846	66.4528	0.0174038	0.0521758
17.4187	68.2649	0.0103105	0.0616761
16.25	70.3973	0.00534196	0.032268
14.8915	68.2649	0.00979759	0.0436413
19.999	65.078	0.0284489	4.63742
19.0904	66.7823	0.0165598	0.108539
16.8484	65.9587	0.0204655	0.0836186
19.193	69.7412	0.0065897	0.0635626
20.0967	72.3429	0.00300736	0.0358777
17.645	72.3429	0.00306756	0.0252145
9.83732	68.2649	0.012848	0.064804
8.78345	65.7825	0.0270798	4.55654
11.414	65.9587	0.02175	0.0663711
6.48041	46.2515	4.99204	0.00104255
3.72828	49.3292	4.98996	0.00231059
3.39381	46.2515	4.99488	0.000960206
9.70619	49.8955	4.97832	0.00310538
6.76709	49.3292	4.98693	0.00246557
9.61019	45.6673	4.98652	0.000878681
9.70619	49.8955	4.97832	0.00310538
10.1383	52.3495	4.96127	0.00629529
7.16598	52.3495	4.97015	0.00603995
13.1107	52.3495	4.9433	0.00696542
10.1383	52.3495	4.96127	0.00629529
12.7118	50.0843	4.96282	0.00359652
4.19365	52.3495	4.97578	0.00583778
3.72828	49.3292	4.98996	0.00231059
6.76709	49.3292	4.98693	0.00246557
1.8995	55.2938	4.94928	0.0133655
4.19365	52.3495	4.97578	0.00583778
4.92487	55.4838	4.93243	0.0161211
1.22131	52.3495	4.9799	0.00514884
3.72828	49.3292	4.98996	0.00231059
4.19365	52.3495	4.97578	0.00583778
22.2828	65.9587	0.0181053	4.64128
23.0704	62.1007	0.0411008	0.0897645
25.6067	64.7258	0.0185518	4.56809
21.8037	69.5771	0.00670364	4.50108
22.2828	65.9587	0.0181053	4.64128
24.3347	67.1118	0.0127186	0.108941
19.999	65.078	0.0284489	4.63742
20.363	63.0044	0.0524536	4.64123
22.2828	65.9587	0.0181053	4.64128
21.8037	69.5771	0.00670364	4.50108
19.193	69.7412	0.0065897	0.0635626
19.0904	66.7823	0.0165598	0.108539
16.8484	65.9587	0.0204655	0.0836186
17.5295	61.7527	0.0846683	4.58803
19.999	65.078	0.0284489	4.63742
22.2828	65.9587	0.0181053	4.64128
20.363	63.0044	0.0524536	4.64123
23.0704	62.1007	0.0411008	0.0897645
16.25	70.3973	0.00534196	0.032268
15.1934	72.3429	0.00330868	0.0208522
13.513	70.6966	0.00526076	0.0268697
7.464	63.4929	0.0556384	4.5617
10.1618	63.4929	0.0471395	0.0778773
8.78345	65.7825	0.0270798	4.55654
20.0518	56.4338	4.78076	0.0316543
19.0553	52.3495	0.229986	0.0082361
22.4091	54.0056	0.182949	0.0142274
20.3936	58.6582	4.71378	0.0649064
17.2808	59.0298	4.73579	0.0660274
20.0518	56.4338	4.78076	0.0316543
15.0494	60.8826	0.10765	0.0654299
12.8597	63.4929	0.0453195	0.0586854
12.3979	60.3349	0.12121	0.0431604
9.3634	60.8826	0.110934	0.0566038
8.66123	58.144	4.80462	0.0296599
11.6319	58.144	4.63781	0.0277178
9.70619	49.8955	4.97832	0.00310538
7.16598	52.3495	4.97015	0.00603995
6.76709	49.3292	4.98693	0.00246557
13.1107	52.3495	4.9433	0.00696542
16.083	52.3495	4.89206	0.00762785
14.2198	55.2938	4.89125	0.0169052
23.0771	56.6239	4.71025	0.0250185
22.4091	54.0056	0.182949	0.0142274
26.54	55.2938	0.173612	0.015484
20.7355	60.8826	0.0978579	4.56707
20.3936	58.6582	4.71378	0.0649064
24.0253	59.6046	0.252186	0.0423479
20.0518	56.4338	4.78076	0.0316543
22.4091	54.0056	0.182949	0.0142274
23.0771	56.6239	4.71025	0.0250185
20.7355	60.8826	0.0978579	4.56707
17.2808	59.0298	4.73579	0.0660274
20.3936	58.6582	4.71378	0.0649064
17.0264	56.2438	4.83615	0.0271404
19.0553	52.3495	0.229986	0.0082361
20.0518	56.4338	4.78076	0.0316543
6.30769	36.8646	4.99253	0.000151885
6.24038	39.6081	4.99229	0.000212814
3.19231	36.8646	4.99696	0.000150173
9.49534	33.1714	4.98732	0.000118062
9.42308	36.8646	4.97911	0.000155674
6.43263	33.3637	4.99495	0.00011842
6.31731	42.7435	4.99293	0.000405666
3.125	40	4.99665	0.000223373
6.24038	39.6081	4.99229	0.000212814
9.4375	42.5475	4.98219	0.000420618
12.5	40	4.93153	0.000239068
12.5577	42.3516	4.95179	0.000405417
6.30769	36.8646	4.99253	0.000151885
9.36058	39.4121	4.97819	0.000217355
6.24038	39.6081	4.99229	0.000212814
9.42308	36.8646	4.97911	0.000155674
12.5385	36.8646	4.93743	0.000155083
9.36058	39.4121	4.97819	0.000217355
15.8122	34.7222	4.90223	0.000125247
12.5385	36.8646	4.93743	0.000155083
12.7112	34.5275	4.95983	0.000126474
9.4375	42.5475	4.98219	0.000420618
12.5577	42.3516	4.95179	0.000405417
9.61019	45.6673	4.98652	0.000878681
6.24038	39.6081	4.99229	0.000212814
9.4375	42.5475	4.98219	0.000420618
6.31731	42.7435	4.99293	0.000405666
9.36058	39.4121	4.97819	0.000217355
12.5	40	4.93153	0.000239068
9.4375	42.5475	4.98219	0.000420618
15.601	39.0202	0.242399	0.000206919
12.5	40	4.93153	0.000239068
12.5385	36.8646	4.93743	0.000155083
15.601	39.0202	0.242399	0.000206919
15.6779	42.1556	4.8738	0.000399993
12.5	40	4.93153	0.000239068
6.48041	46.2515	4.99204	0.00104255
6.76709	49.3292	4.98693	0.00246557
3.72828	49.3292	4.98996	0.00231059
6.31731	42.7435	4.99293	0.000405666
6.48041	46.2515	4.99204	0.00104255
3.39381	46.2515	4.99488	0.000960206
9.61019	45.6673	4.98652	0.000878681
6.76709	49.3292	4.98693	0.00246557
6.48041	46.2515	4.99204	0.00104255
12.7118	50.0843	4.96282	0.00359652
9.70619	49.8955	4.97832	0.00310538
11.1799	48.0735	4.9766	0.00205105
3.19711	42.9395	4.99626	0.000420338
0.076922	43.1354	4.99694	0.000441701
-3.10282e-28	40	4.99764	0.000233001
6.31731	42.7435	4.99293	0.000405666
3.19711	42.9395	4.99626	0.000420338
3.125	40	4.99665	0.000223373
3.39381	46.2515	4.99488	0.000960206
0.307214	46.2515	4.99571	0.000895268
3.19711	42.9395	4.99626	0.000420338
45.0204	55.2938	4.92631	0.00414601
41.9404	55.2938	4.91114	0.00503839
42.834	52.3495	4.943	0.00201844
48.1005	55.2938	4.93968	0.00327639
45.0204	55.2938	4.92631	0.00414601
45.8487	52.5335	4.95766	0.00175254
44.2548	57.954	4.83253	0.00989167
41.9404	55.2938	4.91114	0.00503839
45.0204	55.2938	4.92631	0.00414601
46.3226	60.8826	0.145729	0.019607
44.2548	57.954	4.83253	0.00989167
47.2801	58.144	4.85786	0.00789953
41.4664	58.5091	4.78843	0.01352
38.8603	55.2938	4.89027	0.00609471
41.9404	55.2938	4.91114	0.00503839
27.9723	52.3495	4.8343	0.00688015
28.0388	49.3292	4.8846	0.00259822
30.9447	52.3495	4.8526	0.00572564
19.0553	52.3495	0.229986	0.0082361
21.7285	50.6506	0.229726	0.00480366
22.4091	54.0056	0.182949	0.0142274
25	46.2515	4.91216	0.000935932
28.0388	49.3292	4.8846	0.00259822
24.7341	50.8393	4.82464	0.00457797
21.7285	50.6506	0.229726	0.00480366
21.7462	47.598	4.884	0.00162552
24.7341	50.8393	4.82464	0.00457797
15.6779	42.1556	4.8738	0.000399993
17.2523	44.2036	4.88529	0.000660962
14.1489	44.3016	4.94391	0.000700162
22.0142	44.8882	4.89411	0.000696133
18.8268	46.2515	4.90608	0.001041
18.7981	41.9596	0.229534	0.000341921
15.8835	49.3292	4.93473	0.00290633
12.6536	46.2515	4.96988	0.00110332
15.7402	46.2515	4.93855	0.00120488
17.0264	56.2438	4.83615	0.0271404
16.083	52.3495	4.89206	0.00762785
19.0553	52.3495	0.229986	0.0082361
4.19365	52.3495	4.97578	0.00583778
7.16598	52.3495	4.97015	0.00603995
4.92487	55.4838	4.93243	0.0161211
21.9183	41.7637	4.83988	0.000331296
25	43.1354	4.89917	0.000414628
22.0142	44.8882	4.89411	0.000696133
28.125	40	4.83638	0.00021272
25	40	4.86342	0.000206216
28.1154	36.8646	4.856	0.000134667
25	30.6708	4.91793	9.54237e-05
25.1151	35.3065	0.246077	0.000119826
21.9134	33.7485	0.256542	0.000113942
31.3171	35.696	4.88901	0.000115559
28.0866	33.7485	4.90128	0.000105092
30.9343	31.8249	4.95053	9.58365e-05
28.1154	36.8646	4.856	0.000134667
25.1151	35.3065	0.246077	0.000119826
28.0866	33.7485	4.90128	0.000105092
33.7508	28.5944	4.96374	9.21373e-05
37.1553	30.6708	4.97842	9.57142e-05
33.997	31.6326	4.96281	9.61888e-05
21.8846	36.8646	4.79973	0.000145594
21.9014	39.3141	0.233876	0.000203885
18.7212	38.8242	0.204238	0.000195229
28.1154	36.8646	4.856	0.000134667
25	40	4.86342	0.000206216
25.1151	35.3065	0.246077	0.000119826
28.125	40	4.83638	0.00021272
28.1154	43.1354	4.85016	0.000429733
25	40	4.86342	0.000206216
3.72828	49.3292	4.98996	0.00231059
1.22131	52.3495	4.9799	0.00514884
0.68946	49.3292	4.99146	0.00207931
0.307214	46.2515	4.99571	0.000895268
3.39381	46.2515	4.99488	0.000960206
0.68946	49.3292	4.99146	0.00207931
11.1799	48.0735	4.9766	0.00205105
12.6536	46.2515	4.96988	0.00110332
12.7118	50.0843	4.96282	0.00359652
9.61019	45.6673	4.98652	0.000878681
11.1799	48.0735	4.9766	0.00205105
9.70619	49.8955	4.97832	0.00310538
9.61019	45.6673	4.98652	0.000878681
12.6536	46.2515	4.96988	0.00110332
11.1799	48.0735	4.9766	0.00205105
31.3817	62.6228	0.0361027	4.50604
34.1521	62.7968	0.0463193	4.44061
33.1516	65.9587	0.0167142	0.0646634
26.9568	67.2765	0.011492	0.0799849
28.4106	64.5496	0.0199521	0.0823038
30.4344	65.9587	0.0152902	0.0745258
29.839	59.2394	0.0893146	0.0429769
33.5519	59.0383	0.122536	0.038693
31.3817	62.6228	0.0361027	4.50604
28.6113	62.4488	0.0295948	0.0663315
29.839	59.2394	0.0893146	0.0429769
31.3817	62.6228	0.0361027	4.50604
20.7355	60.8826	0.0978579	4.56707
24.0253	59.6046	0.252186	0.0423479
23.0704	62.1007	0.0411008	0.0897645
25.6371	53.0665	0.211643	0.00960843
24.7341	50.8393	4.82464	0.00457797
27.9723	52.3495	4.8343	0.00688015
22.4091	54.0056	0.182949	0.0142274
25.6371	53.0665	0.211643	0.00960843
26.54	55.2938	0.173612	0.015484
22.4091	54.0056	0.182949	0.0142274
24.7341	50.8393	4.82464	0.00457797
25.6371	53.0665	0.211643	0.00960843
29.6201	55.2938	4.765	0.0144262
31.8745	54.2817	4.81533	0.0102339
32.1533	57.1939	0.163045	0.0248064
34.2598	46.2515	0.150187	0.000738463
34.3294	43.6157	0.131318	0.000386222
37.3464	46.2515	0.159669	0.000598204
31.1732	46.2515	4.77631	0.00092097
34.2598	46.2515	0.150187	0.000738463
34.1165	49.3292	0.204366	0.00166236
34.2598	46.2515	0.150187	0.000738463
31.226	43.7137	0.184524	0.00046225
34.3294	43.6157	0.131318	0.000386222
35.6527	58.8743	4.67399	0.0268122
38.5596	58.6917	4.75517	0.0161524
37.7936	60.8826	0.104492	0.0276989
33.5519	59.0383	0.122536	0.038693
35.6527	58.8743	4.67399	0.0268122
34.9506	60.8826	0.0838311	0.0520285
35.7802	55.2938	4.84681	0.00836831
38.5596	58.6917	4.75517	0.0161524
35.6527	58.8743	4.67399	0.0268122
42.43	63.669	0.0535404	4.3463
43.4796	60.8826	0.123414	0.0284018
45.2338	63.4929	0.0687952	0.0437425
6.48041	46.2515	4.99204	0.00104255
6.31731	42.7435	4.99293	0.000405666
9.61019	45.6673	4.98652	0.000878681
0.68946	49.3292	4.99146	0.00207931
3.39381	46.2515	4.99488	0.000960206
3.72828	49.3292	4.98996	0.00231059
0.307214	46.2515	4.99571	0.000895268
0.076922	43.1354	4.99694	0.000441701
3.19711	42.9395	4.99626	0.000420338
6.4478	61.0566	0.118266	0.0752118
4.76616	63.4929	0.0689683	0.110384
3.67737	60.8826	0.150725	4.44736
5.69054	58.144	4.82907	0.0380231
6.4478	61.0566	0.118266	0.0752118
3.67737	60.8826	0.150725	4.44736
9.3634	60.8826	0.110934	0.0566038
10.1618	63.4929	0.0471395	0.0778773
7.464	63.4929	0.0556384	4.5617
14.6026	58.144	4.78093	0.0350683
15.0494	60.8826	0.10765	0.0654299
12.3979	60.3349	0.12121	0.0431604
14.2198	55.2938	4.89125	0.0169052
14.6026	58.144	4.78093	0.0350683
11.6319	58.144	4.63781	0.0277178
14.2198	55.2938	4.89125	0.0169052
17.0264	56.2438	4.83615	0.0271404
14.6026	58.144	4.78093	0.0350683
7.464	63.4929	0.0556384	4.5617
5.97957	65.9587	0.0339236	4.62017
4.76616	63.4929	0.0689683	0.110384
11.414	65.9587	0.02175	0.0663711
13.846	66.4528	0.0174038	0.0521758
12.3644	68.2649	0.0107068	0.0442324
10.1618	63.4929	0.0471395	0.0778773
11.414	65.9587	0.02175	0.0663711
8.78345	65.7825	0.0270798	4.55654
12.8597	63.4929	0.0453195	0.0586854
15.5575	63.4929	0.0488139	0.08627
13.846	66.4528	0.0174038	0.0521758
10.1618	63.4929	0.0471395	0.0778773
12.8597	63.4929	0.0453195	0.0586854
11.414	65.9587	0.02175	0.0663711
10.1618	63.4929	0.0471395	0.0778773
12.3979	60.3349	0.12121	0.0431604
12.8597	63.4929	0.0453195	0.0586854
9.83732	68.2649	0.012848	0.064804
7.31021	68.2649	0.0169798	0.0946935
8.78345	65.7825	0.0270798	4.55654
31.8745	54.2817	4.81533	0.0102339
30.9447	52.3495	4.8526	0.00572564
34.1289	53.2696	4.84409	0.00577681
35.7802	55.2938	4.84681	0.00836831
31.8745	54.2817	4.81533	0.0102339
34.1289	53.2696	4.84409	0.00577681
29.6201	55.2938	4.765	0.0144262
30.9447	52.3495	4.8526	0.00572564
31.8745	54.2817	4.81533	0.0102339
29.839	59.2394	0.0893146	0.0429769
26.4853	58.144	0.271652	0.0245747
29.6201	55.2938	4.765	0.0144262
33.5519	59.0383	0.122536	0.038693
29.839	59.2394	0.0893146	0.0429769
32.1533	57.1939	0.163045	0.0248064
35.7802	55.2938	4.84681	0.00836831
33.5519	59.0383	0.122536	0.038693
32.1533	57.1939	0.163045	0.0248064
34.9506	60.8826	0.0838311	0.0520285
31.3817	62.6228	0.0361027	4.50604
33.5519	59.0383	0.122536	0.038693
28.6113	62.4488	0.0295948	0.0663315
26.4215	60.8826	0.0387801	0.189129
29.839	59.2394	0.0893146	0.0429769
26.54	55.2938	0.173612	0.015484
27.9723	52.3495	4.8343	0.00688015
29.6201	55.2938	4.765	0.0144262
25.6371	53.0665	0.211643	0.00960843
27.9723	52.3495	4.8343	0.00688015
26.54	55.2938	0.173612	0.015484
24.7341	50.8393	4.82464	0.00457797
28.0388	49.3292	4.8846	0.00259822
27.9723	52.3495	4.8343	0.00688015
22.5483	72.3429	0.00294625	0.0381289
23.75	70.3973	0.00522551	0.0585043
25	72.3429	0.00277585	0.0289687
23.0327	74.7883	0.00150289	0.0165126
22.5483	72.3429	0.00294625	0.0381289
25	72.3429	0.00277585	0.0289687
21.4331	74.0896	0.00184769	0.0210738
19.0551	74.0896	0.00195408	0.019274
20.0967	72.3429	0.00300736	0.0358777
19.0904	66.7823	0.0165598	0.108539
22.2828	65.9587	0.0181053	4.64128
21.8037	69.5771	0.00670364	4.50108
24.3347	67.1118	0.0127186	0.108941
23.75	70.3973	0.00522551	0.0585043
21.8037	69.5771	0.00670364	4.50108
27.0253	69.2491	0.0067664	0.0553051
30.0542	68.2649	0.00866355	4.39922
28.75	70.3973	0.00478005	0.0400856
25.6067	64.7258	0.0185518	4.56809
28.4106	64.5496	0.0199521	0.0823038
26.9568	67.2765	0.011492	0.0799849
22.2828	65.9587	0.0181053	4.64128
25.6067	64.7258	0.0185518	4.56809
24.3347	67.1118	0.0127186	0.108941
23.0704	62.1007	0.0411008	0.0897645
26.4215	60.8826	0.0387801	0.189129
25.6067	64.7258	0.0185518	4.56809
30.4344	65.9587	0.0152902	0.0745258
30.0542	68.2649	0.00866355	4.39922
26.9568	67.2765	0.011492	0.0799849
28.6113	62.4488	0.0295948	0.0663315
31.3817	62.6228	0.0361027	4.50604
28.4106	64.5496	0.0199521	0.0823038
25.6067	64.7258	0.0185518	4.56809
28.6113	62.4488	0.0295948	0.0663315
28.4106	64.5496	0.0199521	0.0823038
26.4215	60.8826	0.0387801	0.189129
26.4853	58.144	0.271652	0.0245747
29.839	59.2394	0.0893146	0.0429769
25.6067	64.7258	0.0185518	4.56809
26.4215	60.8826	0.0387801	0.189129
28.6113	62.4488	0.0295948	0.0663315
24.0253	59.6046	0.252186	0.0423479
23.0771	56.6239	4.71025	0.0250185
26.4853	58.144	0.271652	0.0245747
33.1516	65.9587	0.0167142	0.0646634
34.8233	67.7707	0.0107	0.0462628
32.2468	68.921	0.00697593	0.044513
31.3817	62.6228	0.0361027	4.50604
33.1516	65.9587	0.0167142	0.0646634
30.4344	65.9587	0.0152902	0.0745258
34.1521	62.7968	0.0463193	4.44061
35.8688	65.9587	0.0188923	0.0531087
33.1516	65.9587	0.0167142	0.0646634
32.355	72.3429	0.00279758	0.0181927
33.75	70.3973	0.00487394	0.0266576
34.8066	72.3429	0.00316231	0.0171611
29.3832	76.0659	0.0011112	0.00831558
28.5669	74.0896	0.00171051	0.013806
30.9297	73.8705	0.00185437	0.0131153
31.0572	70.658	0.00427963	0.0327077
33.75	70.3973	0.00487394	0.0266576
32.355	72.3429	0.00279758	0.0181927
29.9033	72.3429	0.00270744	0.0211304
31.0572	70.658	0.00427963	0.0327077
32.355	72.3429	0.00279758	0.0181927
28.4106	64.5496	0.0199521	0.0823038
31.3817	62.6228	0.0361027	4.50604
30.4344	65.9587	0.0152902	0.0745258
24.3347	67.1118	0.0127186	0.108941
25.6067	64.7258	0.0185518	4.56809
26.9568	67.2765	0.011492	0.0799849
23.0704	62.1007	0.0411008	0.0897645
24.0253	59.6046	0.252186	0.0423479
26.4215	60.8826	0.0387801	0.189129
30.4344	65.9587	0.0152902	0.0745258
32.2468	68.921	0.00697593	0.044513
30.0542	68.2649	0.00866355	4.39922
34.8233	67.7707	0.0107	0.0462628
33.75	70.3973	0.00487394	0.0266576
32.2468	68.921	0.00697593	0.044513
43.2329	49.3292	4.92885	0.000854802
40.1224	48.7521	4.8567	0.0008554
40.433	46.2515	4.79417	0.000459166
48.7787	52.3495	4.96504	0.00139091
45.8487	52.5335	4.95766	0.00175254
46.2717	49.3292	4.95684	0.00072071
42.834	52.3495	4.943	0.00201844
40.1224	48.7521	4.8567	0.0008554
43.2329	49.3292	4.92885	0.000854802
47.2801	58.144	4.85786	0.00789953
44.2548	57.954	4.83253	0.00989167
45.0204	55.2938	4.92631	0.00414601
38.8603	55.2938	4.89027	0.00609471
35.7802	55.2938	4.84681	0.00836831
36.7564	51.5944	4.84919	0.00255464
41.9404	55.2938	4.91114	0.00503839
38.8603	55.2938	4.89027	0.00609471
39.8617	52.3495	4.91035	0.00251852
45.8487	52.5335	4.95766	0.00175254
45.0204	55.2938	4.92631	0.00414601
42.834	52.3495	4.943	0.00201844
41.4664	58.5091	4.78843	0.01352
40.6366	60.8826	0.115071	0.0285297
38.5596	58.6917	4.75517	0.0161524
44.2548	57.954	4.83253	0.00989167
41.4664	58.5091	4.78843	0.01352
41.9404	55.2938	4.91114	0.00503839
44.2548	57.954	4.83253	0.00989167
43.4796	60.8826	0.123414	0.0284018
41.4664	58.5091	4.78843	0.01352
38.5596	58.6917	4.75517	0.0161524
35.7802	55.2938	4.84681	0.00836831
38.8603	55.2938	4.89027	0.00609471
6.31731	42.7435	4.99293	0.000405666
3.39381	46.2515	4.99488	0.000960206
3.19711	42.9395	4.99626	0.000420338
45.8487	52.5335	4.95766	0.00175254
42.834	52.3495	4.943	0.00201844
43.2329	49.3292	4.92885	0.000854802
48.1005	55.2938	4.93968	0.00327639
45.8487	52.5335	4.95766	0.00175254
48.7787	52.3495	4.96504	0.00139091
48.1005	55.2938	4.93968	0.00327639
47.2801	58.144	4.85786	0.00789953
45.0204	55.2938	4.92631	0.00414601
37.7936	60.8826	0.104492	0.0276989
38.5596	58.6917	4.75517	0.0161524
40.6366	60.8826	0.115071	0.0285297
41.3032	65.9587	0.0262686	0.0417188
39.6261	63.8451	0.0437361	0.040266
42.43	63.669	0.0535404	4.3463
34.9506	60.8826	0.0838311	0.0520285
35.6527	58.8743	4.67399	0.0268122
37.7936	60.8826	0.104492	0.0276989
31.3817	62.6228	0.0361027	4.50604
34.9506	60.8826	0.0838311	0.0520285
34.1521	62.7968	0.0463193	4.44061
33.5519	59.0383	0.122536	0.038693
35.7802	55.2938	4.84681	0.00836831
35.6527	58.8743	4.67399	0.0268122
31.8745	54.2817	4.81533	0.0102339
35.7802	55.2938	4.84681	0.00836831
32.1533	57.1939	0.163045	0.0248064
34.1165	49.3292	0.204366	0.00166236
34.2598	46.2515	0.150187	0.000738463
37.0597	48.5598	0.198414	0.00112914
28.0388	49.3292	4.8846	0.00259822
31.0776	49.3292	4.83616	0.00230138
30.9447	52.3495	4.8526	0.00572564
28.0388	49.3292	4.8846	0.00259822
25	46.2515	4.91216	0.000935932
28.0866	46.2515	4.88339	0.000966223
36.7564	51.5944	4.84919	0.00255464
35.7802	55.2938	4.84681	0.00836831
34.1289	53.2696	4.84409	0.00577681
30.9447	52.3495	4.8526	0.00572564
31.0776	49.3292	4.83616	0.00230138
34.1165	49.3292	0.204366	0.00166236
40.1224	48.7521	4.8567	0.0008554
42.834	52.3495	4.943	0.00201844
39.8617	52.3495	4.91035	0.00251852
39.8617	52.3495	4.91035	0.00251852
42.834	52.3495	4.943	0.00201844
41.9404	55.2938	4.91114	0.00503839
36.7564	51.5944	4.84919	0.00255464
39.8617	52.3495	4.91035	0.00251852
38.8603	55.2938	4.89027	0.00609471
36.7564	51.5944	4.84919	0.00255464
40.1224	48.7521	4.8567	0.0008554
39.8617	52.3495	4.91035	0.00251852
18.9224	49.3292	4.87045	0.00289676
19.0553	52.3495	0.229986	0.0082361
16.083	52.3495	4.89206	0.00762785
15.7402	46.2515	4.93855	0.00120488
18.8268	46.2515	4.90608	0.001041
15.8835	49.3292	4.93473	0.00290633
21.7462	47.598	4.884	0.00162552
25	46.2515	4.91216	0.000935932
24.7341	50.8393	4.82464	0.00457797
22.0108	14.5924	0.163092	9.11554e-05
19.9458	11.7351	0.121755	9.13644e-05
23.0432	12.7235	0.13025	9.09062e-05
17.645	7.6571	0.0674519	9.17592e-05
18.75	9.60269	0.0942061	9.15577e-05
16.5822	10.0948	4.65266	9.04726e-05
14.9215	7.36598	0.0757983	9.20966e-05
17.645	7.6571	0.0674519	9.17592e-05
16.5822	10.0948	4.65266	9.04726e-05
16.6772	5.91038	0.045283	9.19053e-05
19.0551	5.91038	0.0357069	9.16876e-05
17.645	7.6571	0.0674519	9.17592e-05
20.0967	7.6571	0.0486233	9.14806e-05
21.25	9.60269	0.0672991	9.12263e-05
18.75	9.60269	0.0942061	9.15577e-05
17.645	7.6571	0.0674519	9.17592e-05
19.0551	5.91038	0.0357069	9.16876e-05
20.0967	7.6571	0.0486233	9.14806e-05
24.1844	6.78374	0.0390984	9.11718e-05
26.189	5.91038	0.0345483	9.11038e-05
25.4207	8.55507	0.0722805	9.08687e-05
28.5669	5.91038	0.0388581	9.09112e-05
31.8199	4.37335	0.0278647	9.07699e-05
31.1316	6.34706	0.0457861	9.06512e-05
26.9661	0.123895	0.0123113	9.14728e-05
28.4094	2.238	0.0162193	9.1263e-05
26.0648	3.0556	0.0170205	9.1401e-05
28.9198	0.494728	0.0146719	9.12873e-05
30.8485	1.10996	0.0169987	9.10852e-05
28.4094	2.238	0.0162193	9.1263e-05
31.25	9.60269	0.123068	9.03927e-05
33.75	9.60269	0.104306	9.03376e-05
32.5813	11.7351	4.7473	8.89325e-05
30.9096	13.2177	4.84712	8.89322e-05
29.636	10.915	4.72689	8.89632e-05
32.5813	11.7351	4.7473	8.89325e-05
32.355	7.6571	0.0641774	9.04633e-05
33.4473	6.2015	0.0426875	9.04925e-05
34.9468	7.95642	0.0658848	9.03402e-05
29.9033	7.6571	0.0693412	9.06149e-05
32.355	7.6571	0.0641774	9.04633e-05
31.25	9.60269	0.123068	9.03927e-05
31.1316	6.34706	0.0457861	9.06512e-05
31.8199	4.37335	0.0278647	9.07699e-05
33.4473	6.2015	0.0426875	9.04925e-05
29.9033	7.6571	0.0693412	9.06149e-05
31.1316	6.34706	0.0457861	9.06512e-05
32.355	7.6571	0.0641774	9.04633e-05
29.9033	7.6571	0.0693412	9.06149e-05
28.5669	5.91038	0.0388581	9.09112e-05
31.1316	6.34706	0.0457861	9.06512e-05
28.5669	5.91038	0.0388581	9.09112e-05
29.9033	7.6571	0.0693412	9.06149e-05
27.8022	8.40541	0.0867862	9.0685e-05
25	4.37335	0.0219416	9.13607e-05
27.2733	4.37335	0.0243824	9.11848e-05
26.189	5.91038	0.0345483	9.11038e-05
27.2733	4.37335	0.0243824	9.11848e-05
30.3241	3.0556	0.0200296	9.10249e-05
28.5669	5.91038	0.0388581	9.09112e-05
31.1316	6.34706	0.0457861	9.06512e-05
33.4473	6.2015	0.0426875	9.04925e-05
32.355	7.6571	0.0641774	9.04633e-05
27.2733	4.37335	0.0243824	9.11848e-05
28.4094	2.238	0.0162193	9.1263e-05
30.3241	3.0556	0.0200296	9.10249e-05
26.189	5.91038	0.0345483	9.11038e-05
27.2733	4.37335	0.0243824	9.11848e-05
28.5669	5.91038	0.0388581	9.09112e-05
26.0648	3.0556	0.0170205	9.1401e-05
28.4094	2.238	0.0162193	9.1263e-05
27.2733	4.37335	0.0243824	9.11848e-05
29.636	10.915	4.72689	8.89632e-05
29.9033	7.6571	0.0693412	9.06149e-05
31.25	9.60269	0.123068	9.03927e-05
25.4207	8.55507	0.0722805	9.08687e-05
27.8022	8.40541	0.0867862	9.0685e-05
27.0253	10.7509	4.67941	8.91324e-05
25.4207	8.55507	0.0722805	9.08687e-05
26.189	5.91038	0.0345483	9.11038e-05
27.8022	8.40541	0.0867862	9.0685e-05
26.3489	16.5071	4.87565	8.92286e-05
24.3933	15.2742	0.210124	9.08037e-05
25.6653	12.8882	4.73534	8.91663e-05
30.3241	3.0556	0.0200296	9.10249e-05
31.8199	4.37335	0.0278647	9.07699e-05
28.5669	5.91038	0.0388581	9.09112e-05
30.8485	1.10996	0.0169987	9.10852e-05
30.3241	3.0556	0.0200296	9.10249e-05
28.4094	2.238	0.0162193	9.1263e-05
30.8485	1.10996	0.0169987	9.10852e-05
32.7403	1.96546	0.0208638	9.0848e-05
30.3241	3.0556	0.0200296	9.10249e-05
30.3241	3.0556	0.0200296	9.10249e-05
32.7403	1.96546	0.0208638	9.0848e-05
31.8199	4.37335	0.0278647	9.07699e-05
23.9352	3.0556	0.0162238	9.15416e-05
25	4.37335	0.0219416	9.13607e-05
22.7267	4.37335	0.0207759	9.15204e-05
26.9661	0.123895	0.0123113	9.14728e-05
26.0648	3.0556	0.0170205	9.1401e-05
25.0248	1.47661	0.0132095	9.15578e-05
26.9661	0.123895	0.0123113	9.14728e-05
28.9198	0.494728	0.0146719	9.12873e-05
28.4094	2.238	0.0162193	9.1263e-05
25.0248	1.47661	0.0132095	9.15578e-05
25	-8.70219e-28	0.0123298	9.15827e-05
26.9661	0.123895	0.0123113	9.14728e-05
23.9352	3.0556	0.0162238	9.15416e-05
25.0248	1.47661	0.0132095	9.15578e-05
26.0648	3.0556	0.0170205	9.1401e-05
23.9352	3.0556	0.0162238	9.15416e-05
23.0835	1.59882	0.0133422	9.16578e-05
25.0248	1.47661	0.0132095	9.15578e-05
32.7403	1.96546	0.0208638	9.0848e-05
34.5833	3.0556	0.0261797	9.06026e-05
31.8199	4.37335	0.0278647	9.07699e-05
25	4.37335	0.0219416	9.13607e-05
26.0648	3.0556	0.0170205	9.1401e-05
27.2733	4.37335	0.0243824	9.11848e-05
24.1844	6.78374	0.0390984	9.11718e-05
25	4.37335	0.0219416	9.13607e-05
26.189	5.91038	0.0345483	9.11038e-05
23.9352	3.0556	0.0162238	9.15416e-05
26.0648	3.0556	0.0170205	9.1401e-05
25	4.37335	0.0219416	9.13607e-05
21.913	2.6468	0.0155051	9.16778e-05
23.9352	3.0556	0.0162238	9.15416e-05
22.7267	4.37335	0.0207759	9.15204e-05
23.0835	1.59882	0.0133422	9.16578e-05
23.0339	0.123895	0.0122878	9.16814e-05
25.0248	1.47661	0.0132095	9.15578e-05
21.913	2.6468	0.0155051	9.16778e-05
23.0835	1.59882	0.0133422	9.16578e-05
23.9352	3.0556	0.0162238	9.15416e-05
21.4331	5.91038	0.0296882	9.14844e-05
20.4534	4.37335	0.0226198	9.16671e-05
22.7267	4.37335	0.0207759	9.15204e-05
19.7476	2.78306	0.0182228	9.17712e-05
21.0802	0.494728	0.0132877	9.17548e-05
21.913	2.6468	0.0155051	9.16778e-05
23.0339	0.123895	0.0122878	9.16814e-05
25	-8.70219e-28	0.0123298	9.15827e-05
25.0248	1.47661	0.0132095	9.15578e-05
33.4473	6.2015	0.0426875	9.04925e-05
34.5833	3.0556	0.0261797	9.06026e-05
35.7008	5.91038	0.0441271	9.03664e-05
36.3664	4.37335	0.0387433	9.04031e-05
35.7008	5.91038	0.0441271	9.03664e-05
34.5833	3.0556	0.0261797	9.06026e-05
23.5785	19.1174	4.90463	8.9968e-05
26.3489	16.5071	4.87565	8.92286e-05
26.4215	19.1174	4.93718	8.95414e-05
23.0771	23.3761	4.97155	9.11198e-05
25.3391	26.1784	4.96783	9.12857e-05
22.0277	27.6505	4.96689	9.39965e-05
29.636	10.915	4.72689	8.89632e-05
27.8022	8.40541	0.0867862	9.0685e-05
29.9033	7.6571	0.0693412	9.06149e-05
29.636	10.915	4.72689	8.89632e-05
27.0253	10.7509	4.67941	8.91324e-05
27.8022	8.40541	0.0867862	9.0685e-05
32.5813	11.7351	4.7473	8.89325e-05
29.636	10.915	4.72689	8.89632e-05
31.25	9.60269	0.123068	9.03927e-05
28.2875	13.053	4.82933	8.89608e-05
27.0253	10.7509	4.67941	8.91324e-05
29.636	10.915	4.72689	8.89632e-05
23.0432	12.7235	0.13025	9.09062e-05
25.6653	12.8882	4.73534	8.91663e-05
24.3933	15.2742	0.210124	9.08037e-05
24.4145	10.5869	0.109205	9.07926e-05
25.4207	8.55507	0.0722805	9.08687e-05
27.0253	10.7509	4.67941	8.91324e-05
23.0432	12.7235	0.13025	9.09062e-05
24.4145	10.5869	0.109205	9.07926e-05
25.6653	12.8882	4.73534	8.91663e-05
23.0432	12.7235	0.13025	9.09062e-05
21.25	9.60269	0.0672991	9.12263e-05
24.4145	10.5869	0.109205	9.07926e-05
24.1844	6.78374	0.0390984	9.11718e-05
22.5483	7.6571	0.0433475	9.1228e-05
21.4331	5.91038	0.0296882	9.14844e-05
25	4.37335	0.0219416	9.13607e-05
24.1844	6.78374	0.0390984	9.11718e-05
22.7267	4.37335	0.0207759	9.15204e-05
25.4207	8.55507	0.0722805	9.08687e-05
24.4145	10.5869	0.109205	9.07926e-05
22.5483	7.6571	0.0433475	9.1228e-05
24.4145	10.5869	0.109205	9.07926e-05
21.25	9.60269	0.0672991	9.12263e-05
22.5483	7.6571	0.0433475	9.1228e-05
19.5656	14.0413	0.180351	9.15437e-05
20.9532	16.5071	0.220079	9.15628e-05
18.2554	16.5071	4.85756	9.07326e-05
19.9458	11.7351	0.121755	9.13644e-05
19.5656	14.0413	0.180351	9.15437e-05
17.7988	12.3941	4.73045	9.03257e-05
18.75	9.60269	0.0942061	9.15577e-05
19.9458	11.7351	0.121755	9.13644e-05
17.7988	12.3941	4.73045	9.03257e-05
21.25	9.60269	0.0672991	9.12263e-05
23.0432	12.7235	0.13025	9.09062e-05
19.9458	11.7351	0.121755	9.13644e-05
22.0108	14.5924	0.163092	9.11554e-05
20.9532	16.5071	0.220079	9.15628e-05
19.5656	14.0413	0.180351	9.15437e-05
19.9458	11.7351	0.121755	9.13644e-05
22.0108	14.5924	0.163092	9.11554e-05
19.5656	14.0413	0.180351	9.15437e-05
23.0432	12.7235	0.13025	9.09062e-05
24.3933	15.2742	0.210124	9.08037e-05
22.0108	14.5924	0.163092	9.11554e-05
17.7548	18.7251	4.93028	9.14108e-05
20.7355	19.1174	4.90258	9.06798e-05
17.2541	20.9431	4.96683	9.2332e-05
16.8484	14.0413	4.83119	9.06497e-05
18.2554	16.5071	4.85756	9.07326e-05
15.9817	15.8026	4.90127	9.11251e-05
20.9532	16.5071	0.220079	9.15628e-05
20.7355	19.1174	4.90258	9.06798e-05
18.2554	16.5071	4.85756	9.07326e-05
14.9215	7.36598	0.0757983	9.20966e-05
16.5822	10.0948	4.65266	9.04726e-05
13.513	9.30337	0.131889	9.23565e-05
12.6058	7.51154	0.0887413	9.23676e-05
14.9215	7.36598	0.0757983	9.20966e-05
13.513	9.30337	0.131889	9.23565e-05
13.6336	4.37335	0.0449608	9.21119e-05
15.4167	3.0556	0.0305526	9.19657e-05
16.6772	5.91038	0.045283	9.19053e-05
19.7476	2.78306	0.0182228	9.17712e-05
19.1515	1.10996	0.0168581	9.18011e-05
21.0802	0.494728	0.0132877	9.17548e-05
20.4534	4.37335	0.0226198	9.16671e-05
19.0551	5.91038	0.0357069	9.16876e-05
18.1801	4.37335	0.0277173	9.18154e-05
21.913	2.6468	0.0155051	9.16778e-05
20.4534	4.37335	0.0226198	9.16671e-05
19.7476	2.78306	0.0182228	9.17712e-05
21.4331	5.91038	0.0296882	9.14844e-05
19.0551	5.91038	0.0357069	9.16876e-05
20.4534	4.37335	0.0226198	9.16671e-05
24.1844	6.78374	0.0390984	9.11718e-05
21.4331	5.91038	0.0296882	9.14844e-05
22.7267	4.37335	0.0207759	9.15204e-05
20.0967	7.6571	0.0486233	9.14806e-05
19.0551	5.91038	0.0357069	9.16876e-05
21.4331	5.91038	0.0296882	9.14844e-05
20.4534	4.37335	0.0226198	9.16671e-05
18.1801	4.37335	0.0277173	9.18154e-05
19.7476	2.78306	0.0182228	9.17712e-05
23.0835	1.59882	0.0133422	9.16578e-05
21.0802	0.494728	0.0132877	9.17548e-05
23.0339	0.123895	0.0122878	9.16814e-05
27.8022	8.40541	0.0867862	9.0685e-05
26.189	5.91038	0.0345483	9.11038e-05
28.5669	5.91038	0.0388581	9.09112e-05
25.6653	12.8882	4.73534	8.91663e-05
24.4145	10.5869	0.109205	9.07926e-05
27.0253	10.7509	4.67941	8.91324e-05
22.5483	7.6571	0.0433475	9.1228e-05
20.0967	7.6571	0.0486233	9.14806e-05
21.4331	5.91038	0.0296882	9.14844e-05
25.4207	8.55507	0.0722805	9.08687e-05
22.5483	7.6571	0.0433475	9.1228e-05
24.1844	6.78374	0.0390984	9.11718e-05
21.25	9.60269	0.0672991	9.12263e-05
20.0967	7.6571	0.0486233	9.14806e-05
22.5483	7.6571	0.0433475	9.1228e-05
14.9215	7.36598	0.0757983	9.20966e-05
16.6772	5.91038	0.045283	9.19053e-05
17.645	7.6571	0.0674519	9.17592e-05
21.913	2.6468	0.0155051	9.16778e-05
21.0802	0.494728	0.0132877	9.17548e-05
23.0835	1.59882	0.0133422	9.16578e-05
37.3284	7.80676	0.0708399	9.03075e-05
38.0788	5.91038	0.0560063	9.02969e-05
39.7099	7.6571	0.0910521	9.03589e-05
33.4473	6.2015	0.0426875	9.04925e-05
35.7008	5.91038	0.0441271	9.03664e-05
34.9468	7.95642	0.0658848	9.03402e-05
33.75	9.60269	0.104306	9.03376e-05
32.355	7.6571	0.0641774	9.04633e-05
34.9468	7.95642	0.0658848	9.03402e-05
31.8199	4.37335	0.0278647	9.07699e-05
34.5833	3.0556	0.0261797	9.06026e-05
33.4473	6.2015	0.0426875	9.04925e-05
36.3664	4.37335	0.0387433	9.04031e-05
38.0788	5.91038	0.0560063	9.02969e-05
35.7008	5.91038	0.0441271	9.03664e-05
19.7476	2.78306	0.0182228	9.17712e-05
17.2597	1.96546	0.0218626	9.18707e-05
19.1515	1.10996	0.0168581	9.18011e-05
18.1801	4.37335	0.0277173	9.18154e-05
16.6772	5.91038	0.045283	9.19053e-05
15.4167	3.0556	0.0305526	9.19657e-05
19.7476	2.78306	0.0182228	9.17712e-05
18.1801	4.37335	0.0277173	9.18154e-05
17.2597	1.96546	0.0218626	9.18707e-05
19.0551	5.91038	0.0357069	9.16876e-05
16.6772	5.91038	0.045283	9.19053e-05
18.1801	4.37335	0.0277173	9.18154e-05
21.913	2.6468	0.0155051	9.16778e-05
22.7267	4.37335	0.0207759	9.15204e-05
20.4534	4.37335	0.0226198	9.16671e-05
20.0967	7.6571	0.0486233	9.14806e-05
18.75	9.60269	0.0942061	9.15577e-05
17.645	7.6571	0.0674519	9.17592e-05
14.9215	7.36598	0.0757983	9.20966e-05
13.6336	4.37335	0.0449608	9.21119e-05
16.6772	5.91038	0.045283	9.19053e-05
32.355	7.6571	0.0641774	9.04633e-05
33.75	9.60269	0.104306	9.03376e-05
31.25	9.60269	0.123068	9.03927e-05
38.0788	5.91038	0.0560063	9.02969e-05
37.3284	7.80676	0.0708399	9.03075e-05
35.7008	5.91038	0.0441271	9.03664e-05
38.75	9.60269	0.120099	9.04542e-05
41.25	9.60269	0.165327	9.06525e-05
40.1627	11.7351	4.79282	8.94688e-05
36.25	9.60269	0.0983939	9.0357e-05
38.75	9.60269	0.120099	9.04542e-05
37.4683	11.4071	0.172209	9.05634e-05
39.7099	7.6571	0.0910521	9.03589e-05
41.25	9.60269	0.165327	9.06525e-05
38.75	9.60269	0.120099	9.04542e-05
15.4167	3.0556	0.0305526	9.19657e-05
17.2597	1.96546	0.0218626	9.18707e-05
18.1801	4.37335	0.0277173	9.18154e-05
44.0204	14.0413	4.94346	9.06797e-05
41.2166	14.2175	4.91815	9.02247e-05
42.6898	11.7351	4.86397	8.97975e-05
14.9215	7.36598	0.0757983	9.20966e-05
12.6058	7.51154	0.0887413	9.23676e-05
13.6336	4.37335	0.0449608	9.21119e-05
15.1767	12.2293	4.8075	9.08083e-05
12.5545	12.0646	4.82308	9.13124e-05
13.513	9.30337	0.131889	9.23565e-05
16.5822	10.0948	4.65266	9.04726e-05
17.7988	12.3941	4.73045	9.03257e-05
15.1767	12.2293	4.8075	9.08083e-05
14.1312	14.0413	4.88893	9.12473e-05
12.5545	12.0646	4.82308	9.13124e-05
15.1767	12.2293	4.8075	9.08083e-05
15.9817	15.8026	4.90127	9.11251e-05
14.7591	18.4213	4.9579	9.21387e-05
13.1778	15.9788	4.93925	9.1861e-05
16.5822	10.0948	4.65266	9.04726e-05
18.75	9.60269	0.0942061	9.15577e-05
17.7988	12.3941	4.73045	9.03257e-05
22.0108	14.5924	0.163092	9.11554e-05
24.3933	15.2742	0.210124	9.08037e-05
20.9532	16.5071	0.220079	9.15628e-05
11.4404	21.3083	4.98737	9.43179e-05
12.2064	19.1174	4.9761	9.30991e-05
14.6026	21.856	4.98227	9.36467e-05
8.66123	21.856	4.99234	9.53718e-05
11.4404	21.3083	4.98737	9.43179e-05
10.9756	24.1362	4.99309	9.63048e-05
8.66123	21.856	4.99234	9.53718e-05
9.3634	19.1174	4.98336	9.38354e-05
11.4404	21.3083	4.98737	9.43179e-05
6.52038	19.1174	4.9882	9.44581e-05
7.464	16.5071	4.97267	9.3295e-05
9.3634	19.1174	4.98336	9.38354e-05
3.67737	19.1174	4.99145	9.49831e-05
6.52038	19.1174	4.9882	9.44581e-05
5.62671	21.6734	4.99448	9.59397e-05
3.67737	19.1174	4.99145	9.49831e-05
4.76616	16.5071	4.98062	9.37603e-05
6.52038	19.1174	4.9882	9.44581e-05
10.1618	16.5071	4.9625	9.27322e-05
12.2064	19.1174	4.9761	9.30991e-05
9.3634	19.1174	4.98336	9.38354e-05
5.97957	14.0413	4.95463	9.2822e-05
8.69678	14.0413	4.93337	9.23872e-05
7.464	16.5071	4.97267	9.3295e-05
11.414	14.0413	4.91245	9.18497e-05
13.1778	15.9788	4.93925	9.1861e-05
10.1618	16.5071	4.9625	9.27322e-05
15.1767	12.2293	4.8075	9.08083e-05
16.8484	14.0413	4.83119	9.06497e-05
14.1312	14.0413	4.88893	9.12473e-05
6.52038	19.1174	4.9882	9.44581e-05
9.3634	19.1174	4.98336	9.38354e-05
8.66123	21.856	4.99234	9.53718e-05
14.7591	18.4213	4.9579	9.21387e-05
12.2064	19.1174	4.9761	9.30991e-05
13.1778	15.9788	4.93925	9.1861e-05
14.7591	18.4213	4.9579	9.21387e-05
14.6026	21.856	4.98227	9.36467e-05
12.2064	19.1174	4.9761	9.30991e-05
12.6058	7.51154	0.0887413	9.23676e-05
11.9212	5.91038	0.0744638	9.23251e-05
13.6336	4.37335	0.0449608	9.21119e-05
11.25	9.60269	0.151674	9.27226e-05
12.6058	7.51154	0.0887413	9.23676e-05
13.513	9.30337	0.131889	9.23565e-05
10.2901	7.6571	0.113964	9.26284e-05
11.9212	5.91038	0.0744638	9.23251e-05
12.6058	7.51154	0.0887413	9.23676e-05
41.2166	14.2175	4.91815	9.02247e-05
40.1627	11.7351	4.79282	8.94688e-05
42.6898	11.7351	4.86397	8.97975e-05
35.1085	11.7351	0.177199	9.04354e-05
37.4683	11.4071	0.172209	9.05634e-05
35.6088	14.5697	4.87118	8.94155e-05
33.1516	14.0413	4.86611	8.90842e-05
35.1085	11.7351	0.177199	9.04354e-05
35.6088	14.5697	4.87118	8.94155e-05
32.5813	11.7351	4.7473	8.89325e-05
33.75	9.60269	0.104306	9.03376e-05
35.1085	11.7351	0.177199	9.04354e-05
37.3284	7.80676	0.0708399	9.03075e-05
39.7099	7.6571	0.0910521	9.03589e-05
38.75	9.60269	0.120099	9.04542e-05
36.25	9.60269	0.0983939	9.0357e-05
37.3284	7.80676	0.0708399	9.03075e-05
38.75	9.60269	0.120099	9.04542e-05
35.1085	11.7351	0.177199	9.04354e-05
36.25	9.60269	0.0983939	9.0357e-05
37.4683	11.4071	0.172209	9.05634e-05
34.9468	7.95642	0.0658848	9.03402e-05
37.3284	7.80676	0.0708399	9.03075e-05
36.25	9.60269	0.0983939	9.0357e-05
34.9468	7.95642	0.0658848	9.03402e-05
35.7008	5.91038	0.0441271	9.03664e-05
37.3284	7.80676	0.0708399	9.03075e-05
42.536	16.5071	4.96546	9.12744e-05
44.0204	14.0413	4.94346	9.06797e-05
45.2338	16.5071	4.97571	9.18295e-05
38.4127	14.3936	4.88552	8.97857e-05
41.2166	14.2175	4.91815	9.02247e-05
39.693	16.8552	4.95607	9.07362e-05
38.4127	14.3936	4.88552	8.97857e-05
37.4683	11.4071	0.172209	9.05634e-05
40.1627	11.7351	4.79282	8.94688e-05
10.2901	7.6571	0.113964	9.26284e-05
12.6058	7.51154	0.0887413	9.23676e-05
11.25	9.60269	0.151674	9.27226e-05
28.2875	13.053	4.82933	8.89608e-05
30.001	14.922	4.90044	8.89947e-05
26.3489	16.5071	4.87565	8.92286e-05
35.1085	11.7351	0.177199	9.04354e-05
33.1516	14.0413	4.86611	8.90842e-05
32.5813	11.7351	4.7473	8.89325e-05
30.001	14.922	4.90044	8.89947e-05
28.6113	17.5512	4.93358	8.92068e-05
26.3489	16.5071	4.87565	8.92286e-05
30.9096	13.2177	4.84712	8.89322e-05
30.001	14.922	4.90044	8.89947e-05
28.2875	13.053	4.82933	8.89608e-05
29.636	10.915	4.72689	8.89632e-05
30.9096	13.2177	4.84712	8.89322e-05
28.2875	13.053	4.82933	8.89608e-05
32.5813	11.7351	4.7473	8.89325e-05
33.1516	14.0413	4.86611	8.90842e-05
30.9096	13.2177	4.84712	8.89322e-05
31.7446	16.5071	4.93384	8.92366e-05
28.6113	17.5512	4.93358	8.92068e-05
30.001	14.922	4.90044	8.89947e-05
34.4425	16.5071	4.9344	8.95676e-05
31.7446	16.5071	4.93384	8.92366e-05
33.1516	14.0413	4.86611	8.90842e-05
34.4425	16.5071	4.9344	8.95676e-05
34.9506	19.1174	4.96915	9.01719e-05
32.1075	19.1174	4.9644	8.96078e-05
37.1403	16.5071	4.93887	9.00712e-05
34.4425	16.5071	4.9344	8.95676e-05
35.6088	14.5697	4.87118	8.94155e-05
37.1403	16.5071	4.93887	9.00712e-05
37.7936	19.1174	4.97327	9.09242e-05
34.9506	19.1174	4.96915	9.01719e-05
11.414	14.0413	4.91245	9.18497e-05
14.1312	14.0413	4.88893	9.12473e-05
13.1778	15.9788	4.93925	9.1861e-05
8.69678	14.0413	4.93337	9.23872e-05
9.93237	11.8999	4.84455	9.17606e-05
11.414	14.0413	4.91245	9.18497e-05
11.25	9.60269	0.151674	9.27226e-05
13.513	9.30337	0.131889	9.23565e-05
12.5545	12.0646	4.82308	9.13124e-05
10.2901	7.6571	0.113964	9.26284e-05
11.25	9.60269	0.151674	9.27226e-05
8.74996	9.60269	0.187824	9.30366e-05
13.513	9.30337	0.131889	9.23565e-05
16.5822	10.0948	4.65266	9.04726e-05
15.1767	12.2293	4.8075	9.08083e-05
9.93237	11.8999	4.84455	9.17606e-05
11.25	9.60269	0.151674	9.27226e-05
12.5545	12.0646	4.82308	9.13124e-05
11.414	14.0413	4.91245	9.18497e-05
9.93237	11.8999	4.84455	9.17606e-05
12.5545	12.0646	4.82308	9.13124e-05
8.69678	14.0413	4.93337	9.23872e-05
7.31021	11.7351	4.88832	9.21037e-05
9.93237	11.8999	4.84455	9.17606e-05
37.4683	11.4071	0.172209	9.05634e-05
38.4127	14.3936	4.88552	8.97857e-05
35.6088	14.5697	4.87118	8.94155e-05
42.536	16.5071	4.96546	9.12744e-05
43.4158	19.3	4.98594	9.25956e-05
40.5089	19.4825	4.98139	9.18637e-05
44.0204	14.0413	4.94346	9.06797e-05
42.536	16.5071	4.96546	9.12744e-05
41.2166	14.2175	4.91815	9.02247e-05
45.2338	16.5071	4.97571	9.18295e-05
43.4158	19.3	4.98594	9.25956e-05
42.536	16.5071	4.96546	9.12744e-05
40.5089	19.4825	4.98139	9.18637e-05
41.2294	22.236	4.99114	9.30875e-05
38.204	22.4261	4.98766	9.20339e-05
42.536	16.5071	4.96546	9.12744e-05
40.5089	19.4825	4.98139	9.18637e-05
39.693	16.8552	4.95607	9.07362e-05
43.4158	19.3	4.98594	9.25956e-05
41.2294	22.236	4.99114	9.30875e-05
40.5089	19.4825	4.98139	9.18637e-05
47.2801	21.856	4.99494	9.44694e-05
44.3095	21.856	4.9933	9.38769e-05
46.3226	19.1174	4.98934	9.31314e-05
38.4127	14.3936	4.88552	8.97857e-05
37.1403	16.5071	4.93887	9.00712e-05
35.6088	14.5697	4.87118	8.94155e-05
40.1627	11.7351	4.79282	8.94688e-05
41.2166	14.2175	4.91815	9.02247e-05
38.4127	14.3936	4.88552	8.97857e-05
38.75	9.60269	0.120099	9.04542e-05
40.1627	11.7351	4.79282	8.94688e-05
37.4683	11.4071	0.172209	9.05634e-05
41.25	9.60269	0.165327	9.06525e-05
42.6898	11.7351	4.86397	8.97975e-05
40.1627	11.7351	4.79282	8.94688e-05
39.693	16.8552	4.95607	9.07362e-05
37.1403	16.5071	4.93887	9.00712e-05
38.4127	14.3936	4.88552	8.97857e-05
40.5089	19.4825	4.98139	9.18637e-05
37.7936	19.1174	4.97327	9.09242e-05
39.693	16.8552	4.95607	9.07362e-05
28.8815	20.2128	4.96052	8.94709e-05
29.1279	22.9961	4.95997	8.9818e-05
26.1025	23.1861	4.96773	9.01735e-05
32.1075	19.1174	4.9644	8.96078e-05
34.9506	19.1174	4.96915	9.01719e-05
32.4267	21.856	4.97222	9.00453e-05
28.8815	20.2128	4.96052	8.94709e-05
32.1075	19.1174	4.9644	8.96078e-05
32.4267	21.856	4.97222	9.00453e-05
31.7446	16.5071	4.93384	8.92366e-05
34.4425	16.5071	4.9344	8.95676e-05
32.1075	19.1174	4.9644	8.96078e-05
28.6113	17.5512	4.93358	8.92068e-05
31.7446	16.5071	4.93384	8.92366e-05
32.1075	19.1174	4.9644	8.96078e-05
11.414	14.0413	4.91245	9.18497e-05
12.5545	12.0646	4.82308	9.13124e-05
14.1312	14.0413	4.88893	9.12473e-05
12.2064	19.1174	4.9761	9.30991e-05
10.1618	16.5071	4.9625	9.27322e-05
13.1778	15.9788	4.93925	9.1861e-05
9.93237	11.8999	4.84455	9.17606e-05
8.74996	9.60269	0.187824	9.30366e-05
11.25	9.60269	0.151674	9.27226e-05
43.4158	19.3	4.98594	9.25956e-05
45.2338	16.5071	4.97571	9.18295e-05
46.3226	19.1174	4.98934	9.31314e-05
33.1516	14.0413	4.86611	8.90842e-05
35.6088	14.5697	4.87118	8.94155e-05
34.4425	16.5071	4.9344	8.95676e-05
36.25	9.60269	0.0983939	9.0357e-05
33.75	9.60269	0.104306	9.03376e-05
34.9468	7.95642	0.0658848	9.03402e-05
21.9134	33.7485	0.256542	0.000113942
18.9132	34.917	4.85242	0.000125343
18.6835	32.5943	4.91462	0.000109207
25	30.6708	4.91793	9.54237e-05
21.9134	33.7485	0.256542	0.000113942
21.9612	30.6708	4.91856	9.92051e-05
21.8846	36.8646	4.79973	0.000145594
18.9132	34.917	4.85242	0.000125343
21.9134	33.7485	0.256542	0.000113942
25	40	4.86342	0.000206216
21.8846	36.8646	4.79973	0.000145594
25.1151	35.3065	0.246077	0.000119826
21.9134	33.7485	0.256542	0.000113942
18.6835	32.5943	4.91462	0.000109207
21.9612	30.6708	4.91856	9.92051e-05
18.7212	38.8242	0.204238	0.000195229
18.9132	34.917	4.85242	0.000125343
21.8846	36.8646	4.79973	0.000145594
17.2667	36.7732	0.248045	0.000157631
15.8122	34.7222	4.90223	0.000125247
18.9132	34.917	4.85242	0.000125343
18.7212	38.8242	0.204238	0.000195229
17.2667	36.7732	0.248045	0.000157631
18.9132	34.917	4.85242	0.000125343
18.7212	38.8242	0.204238	0.000195229
15.601	39.0202	0.242399	0.000206919
17.2667	36.7732	0.248045	0.000157631
18.7981	41.9596	0.229534	0.000341921
18.7212	38.8242	0.204238	0.000195229
21.9014	39.3141	0.233876	0.000203885
15.601	39.0202	0.242399	0.000206919
15.8122	34.7222	4.90223	0.000125247
17.2667	36.7732	0.248045	0.000157631
14.001	23.9462	4.98882	9.51537e-05
14.6026	21.856	4.98227	9.36467e-05
17.2998	24.7062	4.98418	9.44018e-05
13.1107	27.6505	4.98993	9.94031e-05
12.8447	30.6708	4.98253	0.000105684
10.1383	27.6505	4.99429	0.000100541
15.2052	26.1784	4.98776	9.66699e-05
15.7173	29.727	4.97706	0.000101698
13.1107	27.6505	4.98993	9.94031e-05
20.3799	24.7062	4.97646	9.29626e-05
18.0114	27.1222	4.97951	9.62804e-05
17.2998	24.7062	4.98418	9.44018e-05
18.7229	29.5382	4.9615	9.95114e-05
15.7173	29.727	4.97706	0.000101698
18.0114	27.1222	4.97951	9.62804e-05
18.7229	29.5382	4.9615	9.95114e-05
18.6835	32.5943	4.91462	0.000109207
15.7173	29.727	4.97706	0.000101698
10.9756	24.1362	4.99309	9.63048e-05
8.05963	24.7062	4.99582	9.76088e-05
8.66123	21.856	4.99234	9.53718e-05
10.1383	27.6505	4.99429	0.000100541
8.05963	24.7062	4.99582	9.76088e-05
10.9756	24.1362	4.99309	9.63048e-05
10.1383	27.6505	4.99429	0.000100541
9.80591	30.6708	4.99114	0.000107515
7.16598	27.6505	4.99687	0.000101241
6.70061	30.2933	4.99629	0.000106672
7.16598	27.6505	4.99687	0.000101241
9.80591	30.6708	4.99114	0.000107515
4.97956	24.7062	4.99723	9.83095e-05
5.62671	21.6734	4.99448	9.59397e-05
8.05963	24.7062	4.99582	9.76088e-05
3.67737	19.1174	4.99145	9.49831e-05
5.62671	21.6734	4.99448	9.59397e-05
2.71986	21.856	4.99602	9.66249e-05
6.52038	19.1174	4.9882	9.44581e-05
4.76616	16.5071	4.98062	9.37603e-05
7.464	16.5071	4.97267	9.3295e-05
25	30.6708	4.91793	9.54237e-05
28.0388	30.6708	4.9436	9.45657e-05
28.0866	33.7485	4.90128	0.000105092
47.2801	21.856	4.99494	9.44694e-05
48.1005	24.7062	4.99685	9.57674e-05
45.0204	24.7062	4.99609	9.521e-05
26.4215	19.1174	4.93718	8.95414e-05
26.3489	16.5071	4.87565	8.92286e-05
28.6113	17.5512	4.93358	8.92068e-05
18.0114	27.1222	4.97951	9.62804e-05
22.0277	27.6505	4.96689	9.39965e-05
18.7229	29.5382	4.9615	9.95114e-05
17.2541	20.9431	4.96683	9.2332e-05
20.544	21.856	4.96117	9.153e-05
17.2998	24.7062	4.98418	9.44018e-05
23.0771	23.3761	4.97155	9.11198e-05
26.1025	23.1861	4.96773	9.01735e-05
25.3391	26.1784	4.96783	9.12857e-05
17.2998	24.7062	4.98418	9.44018e-05
20.544	21.856	4.96117	9.153e-05
20.3799	24.7062	4.97646	9.29626e-05
24.8405	21.1517	4.95264	9.00646e-05
26.1025	23.1861	4.96773	9.01735e-05
23.0771	23.3761	4.97155	9.11198e-05
20.544	21.856	4.96117	9.153e-05
24.8405	21.1517	4.95264	9.00646e-05
23.0771	23.3761	4.97155	9.11198e-05
23.5785	19.1174	4.90463	8.9968e-05
26.4215	19.1174	4.93718	8.95414e-05
24.8405	21.1517	4.95264	9.00646e-05
31.199	26.5464	0.346079	9.21486e-05
30.7452	28.7831	4.9472	9.17585e-05
28.269	26.3624	4.95193	9.05536e-05
29.1279	22.9961	4.95997	8.9818e-05
31.199	26.5464	0.346079	9.21486e-05
28.269	26.3624	4.95193	9.05536e-05
32.7002	24.7062	4.95605	9.05443e-05
33.7508	28.5944	4.96374	9.21373e-05
31.199	26.5464	0.346079	9.21486e-05
20.544	21.856	4.96117	9.153e-05
23.0771	23.3761	4.97155	9.11198e-05
20.3799	24.7062	4.97646	9.29626e-05
20.7355	19.1174	4.90258	9.06798e-05
20.544	21.856	4.96117	9.153e-05
17.2541	20.9431	4.96683	9.2332e-05
17.7548	18.7251	4.93028	9.14108e-05
18.2554	16.5071	4.85756	9.07326e-05
20.7355	19.1174	4.90258	9.06798e-05
14.7591	18.4213	4.9579	9.21387e-05
17.7548	18.7251	4.93028	9.14108e-05
17.2541	20.9431	4.96683	9.2332e-05
14.7591	18.4213	4.9579	9.21387e-05
15.9817	15.8026	4.90127	9.11251e-05
17.7548	18.7251	4.93028	9.14108e-05
20.9532	16.5071	0.220079	9.15628e-05
23.5785	19.1174	4.90463	8.9968e-05
20.7355	19.1174	4.90258	9.06798e-05
23.5785	19.1174	4.90463	8.9968e-05
24.8405	21.1517	4.95264	9.00646e-05
20.544	21.856	4.96117	9.153e-05
26.689	28.4246	4.95465	9.19843e-05
22.0277	27.6505	4.96689	9.39965e-05
25.3391	26.1784	4.96783	9.12857e-05
21.9612	30.6708	4.91856	9.92051e-05
18.6835	32.5943	4.91462	0.000109207
18.7229	29.5382	4.9615	9.95114e-05
20.7355	19.1174	4.90258	9.06798e-05
23.5785	19.1174	4.90463	8.9968e-05
20.544	21.856	4.96117	9.153e-05
16.8484	14.0413	4.83119	9.06497e-05
19.5656	14.0413	0.180351	9.15437e-05
18.2554	16.5071	4.85756	9.07326e-05
16.8484	14.0413	4.83119	9.06497e-05
17.7988	12.3941	4.73045	9.03257e-05
19.5656	14.0413	0.180351	9.15437e-05
14.1312	14.0413	4.88893	9.12473e-05
16.8484	14.0413	4.83119	9.06497e-05
15.9817	15.8026	4.90127	9.11251e-05
15.1767	12.2293	4.8075	9.08083e-05
17.7988	12.3941	4.73045	9.03257e-05
16.8484	14.0413	4.83119	9.06497e-05
18.75	9.60269	0.0942061	9.15577e-05
21.25	9.60269	0.0672991	9.12263e-05
19.9458	11.7351	0.121755	9.13644e-05
24.3933	15.2742	0.210124	9.08037e-05
23.5785	19.1174	4.90463	8.9968e-05
20.9532	16.5071	0.220079	9.15628e-05
4.97956	24.7062	4.99723	9.83095e-05
4.19365	27.6505	4.99807	0.000101897
1.8995	24.7062	4.99786	9.89618e-05
8.74996	9.60269	0.187824	9.30366e-05
9.93237	11.8999	4.84455	9.17606e-05
7.31021	11.7351	4.88832	9.21037e-05
46.8029	37.0605	4.96731	0.000111243
43.6827	37.2565	4.93163	0.000114322
46.6062	33.7485	4.98631	0.000101935
41.9404	24.7062	4.99418	9.42417e-05
45.0204	24.7062	4.99609	9.521e-05
42.7675	28.0281	4.994	9.59039e-05
38.8603	24.7062	4.99056	9.29854e-05
41.9404	24.7062	4.99418	9.42417e-05
39.9888	27.0985	4.99146	9.43561e-05
41.2294	22.236	4.99114	9.30875e-05
44.3095	21.856	4.9933	9.38769e-05
41.9404	24.7062	4.99418	9.42417e-05
48.7787	27.6505	4.99663	9.70865e-05
49.3105	30.6708	4.9943	9.88728e-05
46.2478	30.8632	4.99307	9.85933e-05
26.1025	23.1861	4.96773	9.01735e-05
24.8405	21.1517	4.95264	9.00646e-05
28.8815	20.2128	4.96052	8.94709e-05
28.269	26.3624	4.95193	9.05536e-05
26.1025	23.1861	4.96773	9.01735e-05
29.1279	22.9961	4.95997	8.9818e-05
23.0771	23.3761	4.97155	9.11198e-05
22.0277	27.6505	4.96689	9.39965e-05
20.3799	24.7062	4.97646	9.29626e-05
12.8447	30.6708	4.98253	0.000105684
12.7112	34.5275	4.95983	0.000126474
9.49534	33.1714	4.98732	0.000118062
10.1383	27.6505	4.99429	0.000100541
12.8447	30.6708	4.98253	0.000105684
9.80591	30.6708	4.99114	0.000107515
14.3285	32.6965	4.95902	0.0001137
18.6835	32.5943	4.91462	0.000109207
15.8122	34.7222	4.90223	0.000125247
25.1151	35.3065	0.246077	0.000119826
21.8846	36.8646	4.79973	0.000145594
21.9134	33.7485	0.256542	0.000113942
14.3285	32.6965	4.95902	0.0001137
12.7112	34.5275	4.95983	0.000126474
12.8447	30.6708	4.98253	0.000105684
18.9132	34.917	4.85242	0.000125343
15.8122	34.7222	4.90223	0.000125247
18.6835	32.5943	4.91462	0.000109207
15.601	39.0202	0.242399	0.000206919
12.5385	36.8646	4.93743	0.000155083
15.8122	34.7222	4.90223	0.000125247
23.5785	19.1174	4.90463	8.9968e-05
24.3933	15.2742	0.210124	9.08037e-05
26.3489	16.5071	4.87565	8.92286e-05
28.8815	20.2128	4.96052	8.94709e-05
24.8405	21.1517	4.95264	9.00646e-05
26.4215	19.1174	4.93718	8.95414e-05
18.2554	16.5071	4.85756	9.07326e-05
17.7548	18.7251	4.93028	9.14108e-05
15.9817	15.8026	4.90127	9.11251e-05
14.6026	21.856	4.98227	9.36467e-05
17.2541	20.9431	4.96683	9.2332e-05
17.2998	24.7062	4.98418	9.44018e-05
15.9817	15.8026	4.90127	9.11251e-05
13.1778	15.9788	4.93925	9.1861e-05
14.1312	14.0413	4.88893	9.12473e-05
14.6026	21.856	4.98227	9.36467e-05
14.7591	18.4213	4.9579	9.21387e-05
17.2541	20.9431	4.96683	9.2332e-05
11.4404	21.3083	4.98737	9.43179e-05
14.001	23.9462	4.98882	9.51537e-05
10.9756	24.1362	4.99309	9.63048e-05
30.001	14.922	4.90044	8.89947e-05
30.9096	13.2177	4.84712	8.89322e-05
33.1516	14.0413	4.86611	8.90842e-05
31.7446	16.5071	4.93384	8.92366e-05
30.001	14.922	4.90044	8.89947e-05
33.1516	14.0413	4.86611	8.90842e-05
25.6653	12.8882	4.73534	8.91663e-05
27.0253	10.7509	4.67941	8.91324e-05
28.2875	13.053	4.82933	8.89608e-05
25.6653	12.8882	4.73534	8.91663e-05
28.2875	13.053	4.82933	8.89608e-05
26.3489	16.5071	4.87565	8.92286e-05
33.75	9.60269	0.104306	9.03376e-05
36.25	9.60269	0.0983939	9.0357e-05
35.1085	11.7351	0.177199	9.04354e-05
39.693	16.8552	4.95607	9.07362e-05
41.2166	14.2175	4.91815	9.02247e-05
42.536	16.5071	4.96546	9.12744e-05
28.8815	20.2128	4.96052	8.94709e-05
26.4215	19.1174	4.93718	8.95414e-05
28.6113	17.5512	4.93358	8.92068e-05
40.625	40	0.221273	0.000149132
43.75	40	4.86509	0.000139898
43.6923	43.1354	0.23809	0.00021875
34.399	40.9798	0.166182	0.0002261
37.5	40	4.77883	0.000157483
37.5191	43.9145	0.142345	0.000342263
40.5769	36.8646	4.91115	0.000113734
43.6827	37.2565	4.93163	0.000114322
40.625	40	0.221273	0.000149132
37.3464	33.7485	4.95958	0.000101857
33.997	31.6326	4.96281	9.61888e-05
37.1553	30.6708	4.97842	9.57142e-05
40.625	40	0.221273	0.000149132
37.5	40	4.77883	0.000157483
40.5769	36.8646	4.91115	0.000113734
37.4615	36.8646	4.90685	0.00011785
34.1596	34.7385	4.93242	0.000106703
37.3464	33.7485	4.95958	0.000101857
46.2478	30.8632	4.99307	9.85933e-05
45.7731	27.8393	4.99597	9.67085e-05
48.7787	27.6505	4.99663	9.70865e-05
49.6928	33.7485	4.98865	0.000102429
46.6062	33.7485	4.98631	0.000101935
49.3105	30.6708	4.9943	9.88728e-05
40.1941	30.6708	4.98596	9.65903e-05
37.1553	30.6708	4.97842	9.57142e-05
36.8893	27.6505	4.98388	9.31639e-05
43.2329	30.6708	4.99032	9.76668e-05
40.1941	30.6708	4.98596	9.65903e-05
42.7675	28.0281	4.994	9.59039e-05
40.433	33.7485	4.96748	0.000101422
37.3464	33.7485	4.95958	0.000101857
40.1941	30.6708	4.98596	9.65903e-05
31.3171	35.696	4.88901	0.000115559
31.2019	38.0404	0.235642	0.000148783
28.1154	36.8646	4.856	0.000134667
33.997	31.6326	4.96281	9.61888e-05
34.1596	34.7385	4.93242	0.000106703
30.9343	31.8249	4.95053	9.58365e-05
34.3221	37.8444	4.83988	0.000134959
31.2019	38.0404	0.235642	0.000148783
31.3171	35.696	4.88901	0.000115559
37.5	40	4.77883	0.000157483
34.3221	37.8444	4.83988	0.000134959
37.4615	36.8646	4.90685	0.00011785
34.399	40.9798	0.166182	0.0002261
31.2019	38.0404	0.235642	0.000148783
34.3221	37.8444	4.83988	0.000134959
40.1941	30.6708	4.98596	9.65903e-05
39.9888	27.0985	4.99146	9.43561e-05
42.7675	28.0281	4.994	9.59039e-05
7.16598	27.6505	4.99687	0.000101241
8.05963	24.7062	4.99582	9.76088e-05
10.1383	27.6505	4.99429	0.000100541
3.69504	30.482	4.99805	0.000107635
4.19365	27.6505	4.99807	0.000101897
6.70061	30.2933	4.99629	0.000106672
4.97956	24.7062	4.99723	9.83095e-05
8.05963	24.7062	4.99582	9.76088e-05
7.16598	27.6505	4.99687	0.000101241
2.71986	21.856	4.99602	9.66249e-05
4.97956	24.7062	4.99723	9.83095e-05
1.8995	24.7062	4.99786	9.89618e-05
14.001	23.9462	4.98882	9.51537e-05
11.4404	21.3083	4.98737	9.43179e-05
14.6026	21.856	4.98227	9.36467e-05
13.1107	27.6505	4.98993	9.94031e-05
10.9756	24.1362	4.99309	9.63048e-05
14.001	23.9462	4.98882	9.51537e-05
8.66123	21.856	4.99234	9.53718e-05
5.62671	21.6734	4.99448	9.59397e-05
6.52038	19.1174	4.9882	9.44581e-05
12.2064	19.1174	4.9761	9.30991e-05
11.4404	21.3083	4.98737	9.43179e-05
9.3634	19.1174	4.98336	9.38354e-05
8.05963	24.7062	4.99582	9.76088e-05
5.62671	21.6734	4.99448	9.59397e-05
8.66123	21.856	4.99234	9.53718e-05
44.3095	21.856	4.9933	9.38769e-05
41.2294	22.236	4.99114	9.30875e-05
43.4158	19.3	4.98594	9.25956e-05
45.7731	27.8393	4.99597	9.67085e-05
45.0204	24.7062	4.99609	9.521e-05
48.1005	24.7062	4.99685	9.57674e-05
38.8603	24.7062	4.99056	9.29854e-05
36.8893	27.6505	4.98388	9.31639e-05
35.7802	24.7062	4.98194	9.16237e-05
45.7731	27.8393	4.99597	9.67085e-05
42.7675	28.0281	4.994	9.59039e-05
45.0204	24.7062	4.99609	9.521e-05
43.2329	30.6708	4.99032	9.76668e-05
46.2478	30.8632	4.99307	9.85933e-05
43.5196	33.7485	4.97692	0.000101797
40.433	33.7485	4.96748	0.000101422
43.2329	30.6708	4.99032	9.76668e-05
43.5196	33.7485	4.97692	0.000101797
42.7675	28.0281	4.994	9.59039e-05
45.7731	27.8393	4.99597	9.67085e-05
43.2329	30.6708	4.99032	9.76668e-05
41.9404	24.7062	4.99418	9.42417e-05
42.7675	28.0281	4.994	9.59039e-05
39.9888	27.0985	4.99146	9.43561e-05
45.7731	27.8393	4.99597	9.67085e-05
46.2478	30.8632	4.99307	9.85933e-05
43.2329	30.6708	4.99032	9.76668e-05
8.69678	14.0413	4.93337	9.23872e-05
5.97957	14.0413	4.95463	9.2822e-05
7.31021	11.7351	4.88832	9.21037e-05
10.1618	16.5071	4.9625	9.27322e-05
8.69678	14.0413	4.93337	9.23872e-05
11.414	14.0413	4.91245	9.18497e-05
7.464	16.5071	4.97267	9.3295e-05
4.76616	16.5071	4.98062	9.37603e-05
5.97957	14.0413	4.95463	9.2822e-05
10.1618	16.5071	4.9625	9.27322e-05
7.464	16.5071	4.97267	9.3295e-05
8.69678	14.0413	4.93337	9.23872e-05
10.1618	16.5071	4.9625	9.27322e-05
9.3634	19.1174	4.98336	9.38354e-05
7.464	16.5071	4.97267	9.3295e-05
9.42308	36.8646	4.97911	0.000155674
9.49534	33.1714	4.98732	0.000118062
12.7112	34.5275	4.95983	0.000126474
12.5	40	4.93153	0.000239068
9.36058	39.4121	4.97819	0.000217355
12.5385	36.8646	4.93743	0.000155083
9.36058	39.4121	4.97819	0.000217355
6.30769	36.8646	4.99253	0.000151885
9.42308	36.8646	4.97911	0.000155674
3.19231	36.8646	4.99696	0.000150173
3.40821	33.9432	4.99754	0.000122059
6.30769	36.8646	4.99253	0.000151885
0.076922	36.8646	4.99798	0.000148286
3.19231	36.8646	4.99696	0.000150173
3.125	40	4.99665	0.000223373
0.076922	36.8646	4.99798	0.000148286
0.307214	33.7485	4.99832	0.000120802
3.19231	36.8646	4.99696	0.000150173
6.70061	30.2933	4.99629	0.000106672
9.80591	30.6708	4.99114	0.000107515
9.49534	33.1714	4.98732	0.000118062
2.71986	21.856	4.99602	9.66249e-05
5.62671	21.6734	4.99448	9.59397e-05
4.97956	24.7062	4.99723	9.83095e-05
18.0114	27.1222	4.97951	9.62804e-05
15.7173	29.727	4.97706	0.000101698
15.2052	26.1784	4.98776	9.66699e-05
43.5196	33.7485	4.97692	0.000101797
40.5769	36.8646	4.91115	0.000113734
40.433	33.7485	4.96748	0.000101422
49.9231	36.8646	4.97488	0.000111882
46.8029	37.0605	4.96731	0.000111243
49.6928	33.7485	4.98865	0.000102429
43.75	40	4.86509	0.000139898
40.625	40	0.221273	0.000149132
43.6827	37.2565	4.93163	0.000114322
13.1107	27.6505	4.98993	9.94031e-05
15.7173	29.727	4.97706	0.000101698
12.8447	30.6708	4.98253	0.000105684
10.9756	24.1362	4.99309	9.63048e-05
13.1107	27.6505	4.98993	9.94031e-05
10.1383	27.6505	4.99429	0.000100541
15.2052	26.1784	4.98776	9.66699e-05
17.2998	24.7062	4.98418	9.44018e-05
18.0114	27.1222	4.97951	9.62804e-05
14.001	23.9462	4.98882	9.51537e-05
15.2052	26.1784	4.98776	9.66699e-05
13.1107	27.6505	4.98993	9.94031e-05
14.001	23.9462	4.98882	9.51537e-05
17.2998	24.7062	4.98418	9.44018e-05
15.2052	26.1784	4.98776	9.66699e-05
46.6062	33.7485	4.98631	0.000101935
43.6827	37.2565	4.93163	0.000114322
43.5196	33.7485	4.97692	0.000101797
50	40	4.95861	0.000132358
46.8029	37.0605	4.96731	0.000111243
49.9231	36.8646	4.97488	0.000111882
46.8798	40.196	4.93386	0.000143489
43.75	40	4.86509	0.000139898
46.8029	37.0605	4.96731	0.000111243
21.9014	39.3141	0.233876	0.000203885
21.9183	41.7637	4.83988	0.000331296
18.7981	41.9596	0.229534	0.000341921
25	40	4.86342	0.000206216
21.9014	39.3141	0.233876	0.000203885
21.8846	36.8646	4.79973	0.000145594
25	40	4.86342	0.000206216
21.9183	41.7637	4.83988	0.000331296
21.9014	39.3141	0.233876	0.000203885
22.0142	44.8882	4.89411	0.000696133
18.7981	41.9596	0.229534	0.000341921
21.9183	41.7637	4.83988	0.000331296
3.69504	30.482	4.99805	0.000107635
3.40821	33.9432	4.99754	0.000122059
0.68946	30.6708	4.99856	0.00010863
1.22131	27.6505	4.99848	0.000102548
3.69504	30.482	4.99805	0.000107635
0.68946	30.6708	4.99856	0.00010863
6.70061	30.2933	4.99629	0.000106672
6.43263	33.3637	4.99495	0.00011842
3.69504	30.482	4.99805	0.000107635
43.5196	33.7485	4.97692	0.000101797
43.6827	37.2565	4.93163	0.000114322
40.5769	36.8646	4.91115	0.000113734
40.1941	30.6708	4.98596	9.65903e-05
43.2329	30.6708	4.99032	9.76668e-05
40.433	33.7485	4.96748	0.000101422
46.6062	33.7485	4.98631	0.000101935
49.6928	33.7485	4.98865	0.000102429
46.8029	37.0605	4.96731	0.000111243
46.2478	30.8632	4.99307	9.85933e-05
46.6062	33.7485	4.98631	0.000101935
43.5196	33.7485	4.97692	0.000101797
46.2478	30.8632	4.99307	9.85933e-05
49.3105	30.6708	4.9943	9.88728e-05
46.6062	33.7485	4.98631	0.000101935
46.8798	40.196	4.93386	0.000143489
46.8029	37.0605	4.96731	0.000111243
50	40	4.95861	0.000132358
9.4375	42.5475	4.98219	0.000420618
6.24038	39.6081	4.99229	0.000212814
9.36058	39.4121	4.97819	0.000217355
9.49534	33.1714	4.98732	0.000118062
9.80591	30.6708	4.99114	0.000107515
12.8447	30.6708	4.98253	0.000105684
12.5385	36.8646	4.93743	0.000155083
9.42308	36.8646	4.97911	0.000155674
12.7112	34.5275	4.95983	0.000126474
6.43263	33.3637	4.99495	0.00011842
6.70061	30.2933	4.99629	0.000106672
9.49534	33.1714	4.98732	0.000118062
4.19365	27.6505	4.99807	0.000101897
4.97956	24.7062	4.99723	9.83095e-05
7.16598	27.6505	4.99687	0.000101241
1.22131	27.6505	4.99848	0.000102548
4.19365	27.6505	4.99807	0.000101897
3.69504	30.482	4.99805	0.000107635
1.22131	27.6505	4.99848	0.000102548
1.8995	24.7062	4.99786	9.89618e-05
4.19365	27.6505	4.99807	0.000101897
6.70061	30.2933	4.99629	0.000106672
4.19365	27.6505	4.99807	0.000101897
7.16598	27.6505	4.99687	0.000101241
18.7229	29.5382	4.9615	9.95114e-05
22.0277	27.6505	4.96689	9.39965e-05
21.9612	30.6708	4.91856	9.92051e-05
14.3285	32.6965	4.95902	0.0001137
12.8447	30.6708	4.98253	0.000105684
15.7173	29.727	4.97706	0.000101698
18.6835	32.5943	4.91462	0.000109207
14.3285	32.6965	4.95902	0.0001137
15.7173	29.727	4.97706	0.000101698
15.8122	34.7222	4.90223	0.000125247
12.7112	34.5275	4.95983	0.000126474
14.3285	32.6965	4.95902	0.0001137
18.0114	27.1222	4.97951	9.62804e-05
20.3799	24.7062	4.97646	9.29626e-05
22.0277	27.6505	4.96689	9.39965e-05
3.40821	33.9432	4.99754	0.000122059
3.69504	30.482	4.99805	0.000107635
6.43263	33.3637	4.99495	0.00011842
46.8077	43.1354	4.91066	0.000202637
43.6923	43.1354	0.23809	0.00021875
46.8798	40.196	4.93386	0.000143489
49.9231	43.1354	4.94777	0.000194819
46.8077	43.1354	4.91066	0.000202637
46.8798	40.196	4.93386	0.000143489
46.2717	49.3292	4.95684	0.00072071
49.3105	49.3292	4.96655	0.000630975
48.7787	52.3495	4.96504	0.00139091
43.5196	46.2515	4.87276	0.000395195
46.2717	49.3292	4.95684	0.00072071
43.2329	49.3292	4.92885	0.000854802
40.433	46.2515	4.79417	0.000459166
43.5196	46.2515	4.87276	0.000395195
43.2329	49.3292	4.92885	0.000854802
43.6923	43.1354	0.23809	0.00021875
46.8077	43.1354	4.91066	0.000202637
46.6062	46.2515	4.93164	0.000347974
46.6062	46.2515	4.93164	0.000347974
49.3105	49.3292	4.96655	0.000630975
46.2717	49.3292	4.95684	0.00072071
6.30769	36.8646	4.99253	0.000151885
6.43263	33.3637	4.99495	0.00011842
9.42308	36.8646	4.97911	0.000155674
3.125	40	4.99665	0.000223373
3.19231	36.8646	4.99696	0.000150173
6.24038	39.6081	4.99229	0.000212814
3.40821	33.9432	4.99754	0.000122059
6.43263	33.3637	4.99495	0.00011842
6.30769	36.8646	4.99253	0.000151885
0.307214	33.7485	4.99832	0.000120802
3.40821	33.9432	4.99754	0.000122059
3.19231	36.8646	4.99696	0.000150173
0.307214	33.7485	4.99832	0.000120802
0.68946	30.6708	4.99856	0.00010863
3.40821	33.9432	4.99754	0.000122059
