25	30.6708	4.92076	5.54638e-05
28.0866	33.7485	4.89691	6.20335e-05
25.1151	35.3065	0.245714	7.513e-05
22.0277	27.6505	4.96745	5.25783e-05
25	30.6708	4.92076	5.54638e-05
21.9612	30.6708	4.92004	5.75912e-05
26.689	28.4246	4.9564	5.21019e-05
28.269	26.3624	4.9528	5.03783e-05
30.7452	28.7831	4.94859	5.17768e-05
25	30.6708	4.92076	5.54638e-05
26.689	28.4246	4.9564	5.21019e-05
28.0388	30.6708	4.94542	5.46544e-05
25.3391	26.1784	4.96847	5.0717e-05
28.269	26.3624	4.9528	5.03783e-05
26.689	28.4246	4.9564	5.21019e-05
28.0388	30.6708	4.94542	5.46544e-05
30.9343	31.8249	4.94727	5.40134e-05
28.0866	33.7485	4.89691	6.20335e-05
22.0277	27.6505	4.96745	5.25783e-05
26.689	28.4246	4.9564	5.21019e-05
25	30.6708	4.92076	5.54638e-05
30.7452	28.7831	4.94859	5.17768e-05
30.9343	31.8249	4.94727	5.40134e-05
28.0388	30.6708	4.94542	5.46544e-05
26.689	28.4246	4.9564	5.21019e-05
30.7452	28.7831	4.94859	5.17768e-05
28.0388	30.6708	4.94542	5.46544e-05
26.1025	23.1861	4.96772	4.95252e-05
28.269	26.3624	4.9528	5.03783e-05
25.3391	26.1784	4.96847	5.0717e-05
29.1279	22.9961	4.95998	4.93107e-05
32.7002	24.7062	4.95626	4.98384e-05
31.199	26.5464	0.346822	5.12175e-05
33.7508	28.5944	4.96424	5.14593e-05
30.9343	31.8249	4.94727	5.40134e-05
30.7452	28.7831	4.94859	5.17768e-05
31.199	26.5464	0.346822	5.12175e-05
33.7508	28.5944	4.96424	5.14593e-05
30.7452	28.7831	4.94859	5.17768e-05
37.4615	36.8646	4.86001	6.47522e-05
40.433	33.7485	4.96645	5.822e-05
40.5769	36.8646	4.90325	6.82314e-05
36.8893	27.6505	4.9839	5.14674e-05
37.1553	30.6708	4.97693	5.34708e-05
33.7508	28.5944	4.96424	5.14593e-05
36.8893	27.6505	4.9839	5.14674e-05
39.9888	27.0985	4.99139	5.17712e-05
40.1941	30.6708	4.98661	5.41213e-05
34.9506	19.1174	4.9689	4.92295e-05
34.4425	16.5071	4.93412	4.8924e-05
37.1403	16.5071	4.93863	4.91675e-05
38.204	22.4261	4.98743	5.01765e-05
35.1786	22.6161	4.98031	4.971e-05
36.4861	20.8667	4.97911	4.96577e-05
32.1075	19.1174	4.96414	4.89803e-05
28.8815	20.2128	4.96027	4.89615e-05
28.6113	17.5512	4.93324	4.87807e-05
38.204	22.4261	4.98743	5.01765e-05
35.7802	24.7062	4.98189	5.02101e-05
35.1786	22.6161	4.98031	4.971e-05
32.7002	24.7062	4.95626	4.98384e-05
29.1279	22.9961	4.95998	4.93107e-05
32.4267	21.856	4.97207	4.92873e-05
45.7731	27.8393	4.99572	5.27955e-05
48.1005	24.7062	4.99668	5.20599e-05
48.7787	27.6505	4.9964	5.2959e-05
38.8603	24.7062	4.99036	5.077e-05
41.2294	22.236	4.99093	5.06604e-05
41.9404	24.7062	4.99395	5.13244e-05
38.8603	24.7062	4.99036	5.077e-05
38.204	22.4261	4.98743	5.01765e-05
41.2294	22.236	4.99093	5.06604e-05
36.8893	27.6505	4.9839	5.14674e-05
38.8603	24.7062	4.99036	5.077e-05
39.9888	27.0985	4.99139	5.17712e-05
35.7802	24.7062	4.98189	5.02101e-05
38.204	22.4261	4.98743	5.01765e-05
38.8603	24.7062	4.99036	5.077e-05
33.7508	28.5944	4.96424	5.14593e-05
35.7802	24.7062	4.98189	5.02101e-05
36.8893	27.6505	4.9839	5.14674e-05
32.7002	24.7062	4.95626	4.98384e-05
32.4267	21.856	4.97207	4.92873e-05
35.1786	22.6161	4.98031	4.971e-05
37.7936	19.1174	4.97305	4.95847e-05
40.5089	19.4825	4.9812	5.0033e-05
38.204	22.4261	4.98743	5.01765e-05
35.1786	22.6161	4.98031	4.971e-05
32.4267	21.856	4.97207	4.92873e-05
34.9506	19.1174	4.9689	4.92295e-05
36.4861	20.8667	4.97911	4.96577e-05
35.1786	22.6161	4.98031	4.971e-05
34.9506	19.1174	4.9689	4.92295e-05
37.7936	19.1174	4.97305	4.95847e-05
36.4861	20.8667	4.97911	4.96577e-05
34.9506	19.1174	4.9689	4.92295e-05
37.7936	19.1174	4.97305	4.95847e-05
38.204	22.4261	4.98743	5.01765e-05
36.4861	20.8667	4.97911	4.96577e-05
35.7802	24.7062	4.98189	5.02101e-05
32.7002	24.7062	4.95626	4.98384e-05
35.1786	22.6161	4.98031	4.971e-05
33.7508	28.5944	4.96424	5.14593e-05
32.7002	24.7062	4.95626	4.98384e-05
35.7802	24.7062	4.98189	5.02101e-05
29.1279	22.9961	4.95998	4.93107e-05
28.8815	20.2128	4.96027	4.89615e-05
32.4267	21.856	4.97207	4.92873e-05
37.1403	16.5071	4.93863	4.91675e-05
39.693	16.8552	4.95587	4.94913e-05
37.7936	19.1174	4.97305	4.95847e-05
44.3095	21.856	4.99313	5.10292e-05
47.2801	21.856	4.99478	5.13258e-05
45.0204	24.7062	4.99588	5.17678e-05
41.9404	24.7062	4.99395	5.13244e-05
44.3095	21.856	4.99313	5.10292e-05
45.0204	24.7062	4.99588	5.17678e-05
43.4158	19.3	4.98577	5.0386e-05
46.3226	19.1174	4.98919	5.06461e-05
44.3095	21.856	4.99313	5.10292e-05
28.0866	46.2515	4.8828	0.000947543
31.0776	49.3292	4.83405	0.00216492
28.0388	49.3292	4.88379	0.00239328
25	43.1354	4.89897	0.000396297
28.1154	43.1354	4.84215	0.000384676
28.0866	46.2515	4.8828	0.000947543
37.3464	46.2515	0.156799	0.000546853
34.3294	43.6157	0.111218	0.000321598
37.5191	43.9145	0.132827	0.000285368
31.226	43.7137	0.17116	0.000402459
31.2788	41.1758	0.148442	0.000191744
34.3294	43.6157	0.111218	0.000321598
28.0866	46.2515	4.8828	0.000947543
31.226	43.7137	0.17116	0.000402459
31.1732	46.2515	4.77026	0.000870748
28.1154	43.1354	4.84215	0.000384676
31.2788	41.1758	0.148442	0.000191744
31.226	43.7137	0.17116	0.000402459
25	46.2515	4.91391	0.00100083
25	43.1354	4.89897	0.000396297
28.0866	46.2515	4.8828	0.000947543
28.125	40	4.81289	0.000157804
31.2788	41.1758	0.148442	0.000191744
28.1154	43.1354	4.84215	0.000384676
28.125	40	4.81289	0.000157804
31.2019	38.0404	0.181264	8.33065e-05
31.2788	41.1758	0.148442	0.000191744
31.2019	38.0404	0.181264	8.33065e-05
34.399	40.9798	0.116555	0.000151439
31.2788	41.1758	0.148442	0.000191744
28.0866	33.7485	4.89691	6.20335e-05
31.3171	35.696	4.83462	6.04166e-05
28.1154	36.8646	4.83393	8.34176e-05
37.3464	33.7485	4.94704	5.63149e-05
37.1553	30.6708	4.97693	5.34708e-05
40.1941	30.6708	4.98661	5.41213e-05
37.4615	36.8646	4.86001	6.47522e-05
37.3464	33.7485	4.94704	5.63149e-05
40.433	33.7485	4.96645	5.822e-05
37.4615	36.8646	4.86001	6.47522e-05
34.3221	37.8444	0.183258	7.04788e-05
34.1596	34.7385	4.88444	5.45475e-05
34.1596	34.7385	4.88444	5.45475e-05
33.997	31.6326	4.95538	5.31147e-05
37.3464	33.7485	4.94704	5.63149e-05
31.3171	35.696	4.83462	6.04166e-05
34.1596	34.7385	4.88444	5.45475e-05
34.3221	37.8444	0.183258	7.04788e-05
31.3171	35.696	4.83462	6.04166e-05
30.9343	31.8249	4.94727	5.40134e-05
34.1596	34.7385	4.88444	5.45475e-05
30.9343	31.8249	4.94727	5.40134e-05
33.7508	28.5944	4.96424	5.14593e-05
33.997	31.6326	4.95538	5.31147e-05
40.433	46.2515	4.79369	0.000410801
40.6201	43.7197	0.182059	0.000224289
43.5196	46.2515	4.87296	0.000347091
46.8029	37.0605	4.96726	6.69584e-05
43.75	40	4.86413	9.55379e-05
43.6827	37.2565	4.93137	7.06168e-05
49.9231	43.1354	4.94761	0.000146327
46.8798	40.196	4.93369	9.58794e-05
50	40	4.9584	8.73945e-05
49.9231	43.1354	4.94761	0.000146327
49.6928	46.2515	4.95578	0.00027194
46.8077	43.1354	4.91058	0.000154499
25	43.1354	4.89897	0.000396297
25	46.2515	4.91391	0.00100083
22.0142	44.8882	4.89573	0.000736405
25	40	4.86115	0.000158868
25	43.1354	4.89897	0.000396297
21.9183	41.7637	4.84052	0.000298479
25	40	4.86115	0.000158868
28.1154	43.1354	4.84215	0.000384676
25	43.1354	4.89897	0.000396297
31.2019	38.0404	0.181264	8.33065e-05
28.125	40	4.81289	0.000157804
28.1154	36.8646	4.83393	8.34176e-05
28.1154	43.1354	4.84215	0.000384676
31.226	43.7137	0.17116	0.000402459
28.0866	46.2515	4.8828	0.000947543
18.7981	41.9596	0.22932	0.000299024
15.601	39.0202	0.242066	0.000153135
18.7212	38.8242	0.204379	0.00014433
17.2523	44.2036	4.88521	0.00064679
15.7402	46.2515	4.93865	0.00117511
14.1489	44.3016	4.94299	0.000644917
18.7981	41.9596	0.22932	0.000299024
17.2523	44.2036	4.88521	0.00064679
15.6779	42.1556	4.87293	0.000349222
18.8268	46.2515	4.90795	0.00110545
15.7402	46.2515	4.93865	0.00117511
17.2523	44.2036	4.88521	0.00064679
21.7462	47.598	4.88833	0.00173456
18.8268	46.2515	4.90795	0.00110545
22.0142	44.8882	4.89573	0.000736405
21.7462	47.598	4.88833	0.00173456
18.9224	49.3292	4.87577	0.00293583
18.8268	46.2515	4.90795	0.00110545
15.6779	42.1556	4.87293	0.000349222
15.601	39.0202	0.242066	0.000153135
18.7981	41.9596	0.22932	0.000299024
18.8268	46.2515	4.90795	0.00110545
17.2523	44.2036	4.88521	0.00064679
18.7981	41.9596	0.22932	0.000299024
14.1489	44.3016	4.94299	0.000644917
12.6536	46.2515	4.96877	0.00102135
12.5577	42.3516	4.95094	0.000345423
15.6779	42.1556	4.87293	0.000349222
14.1489	44.3016	4.94299	0.000644917
12.5577	42.3516	4.95094	0.000345423
15.7402	46.2515	4.93865	0.00117511
12.6536	46.2515	4.96877	0.00102135
14.1489	44.3016	4.94299	0.000644917
12.7118	50.0843	4.96283	0.00324127
12.6536	46.2515	4.96877	0.00102135
15.8835	49.3292	4.93662	0.0027945
16.083	52.3495	4.89613	0.00686217
13.1107	52.3495	4.94496	0.00606134
15.8835	49.3292	4.93662	0.0027945
18.9224	49.3292	4.87577	0.00293583
16.083	52.3495	4.89613	0.00686217
15.8835	49.3292	4.93662	0.0027945
13.1107	52.3495	4.94496	0.00606134
10.6893	54.7417	4.92899	0.0102116
10.1383	52.3495	4.9618	0.00548614
15.8835	49.3292	4.93662	0.0027945
13.1107	52.3495	4.94496	0.00606134
12.7118	50.0843	4.96283	0.00324127
14.2198	55.2938	4.8962	0.0141763
10.6893	54.7417	4.92899	0.0102116
13.1107	52.3495	4.94496	0.00606134
17.0264	56.2438	4.83647	0.0233547
14.2198	55.2938	4.8962	0.0141763
16.083	52.3495	4.89613	0.00686217
17.2808	59.0298	4.72872	0.0581992
17.5295	61.7527	0.081269	4.55697
15.0494	60.8826	0.10876	0.0560993
17.0264	56.2438	4.83647	0.0233547
17.2808	59.0298	4.72872	0.0581992
14.6026	58.144	4.78687	0.0293026
17.0264	56.2438	4.83647	0.0233547
20.0518	56.4338	4.7683	0.0276508
17.2808	59.0298	4.72872	0.0581992
7.16598	52.3495	4.96975	0.00551436
8.05963	55.2938	4.92494	0.0126897
4.92487	55.4838	4.93219	0.0152212
6.76709	49.3292	4.98619	0.00228033
7.16598	52.3495	4.96975	0.00551436
4.19365	52.3495	4.9752	0.00554023
10.1383	52.3495	4.9618	0.00548614
8.05963	55.2938	4.92494	0.0126897
7.16598	52.3495	4.96975	0.00551436
12.7118	50.0843	4.96283	0.00324127
10.1383	52.3495	4.9618	0.00548614
9.70619	49.8955	4.9775	0.00279719
10.6893	54.7417	4.92899	0.0102116
8.05963	55.2938	4.92494	0.0126897
10.1383	52.3495	4.9618	0.00548614
12.5577	42.3516	4.95094	0.000345423
12.5	40	4.93098	0.00018484
15.6779	42.1556	4.87293	0.000349222
9.61019	45.6673	4.98557	0.000794
12.5577	42.3516	4.95094	0.000345423
12.6536	46.2515	4.96877	0.00102135
9.61019	45.6673	4.98557	0.000794
6.31731	42.7435	4.99271	0.000345114
9.4375	42.5475	4.98165	0.00035678
-3.10282e-28	40	4.99768	0.00017909
3.125	40	4.99667	0.000172528
3.19711	42.9395	4.99622	0.000362523
-3.10282e-28	40	4.99768	0.00017909
0.076922	36.8646	4.99802	9.91102e-05
3.125	40	4.99667	0.000172528
46.6062	46.2515	4.93159	0.00029904
46.2717	49.3292	4.9568	0.000670631
43.5196	46.2515	4.87296	0.000347091
43.6923	43.1354	0.238097	0.000170563
46.6062	46.2515	4.93159	0.00029904
43.5196	46.2515	4.87296	0.000347091
49.6928	46.2515	4.95578	0.00027194
49.3105	49.3292	4.96647	0.00058067
46.6062	46.2515	4.93159	0.00029904
27.4517	72.3429	0.00247624	0.0229633
25	72.3429	0.00249167	0.0280826
27.0253	69.2491	0.00530106	0.0522103
24.7277	76.3587	0.000959134	0.00950704
26.189	74.0896	0.00160874	0.0157876
27.2733	75.6267	0.00112383	0.00996726
24.7277	76.3587	0.000959134	0.00950704
23.0327	74.7883	0.00141158	0.0160235
26.189	74.0896	0.00160874	0.0157876
23.0339	79.8761	0.000664192	0.00632358
21.0802	79.5053	0.000757569	0.00723635
21.6827	78.0345	0.000795101	0.00776893
19.6759	76.9444	0.000997995	0.00928671
19.0551	74.0896	0.00187294	0.0182052
21.4331	74.0896	0.00173604	0.0202665
19.6759	76.9444	0.000997995	0.00928671
18.1801	75.6267	0.00140982	0.0121994
19.0551	74.0896	0.00187294	0.0182052
21.4331	74.0896	0.00173604	0.0202665
23.0327	74.7883	0.00141158	0.0160235
22.3999	76.5052	0.000991329	0.0103998
20.0967	72.3429	0.00286252	0.0342813
22.5483	72.3429	0.00265462	0.0368326
21.4331	74.0896	0.00173604	0.0202665
16.5527	73.7985	0.00221417	0.0154793
17.645	72.3429	0.00306316	0.0233567
19.0551	74.0896	0.00187294	0.0182052
19.193	69.7412	0.0062339	0.0598081
21.8037	69.5771	0.00563476	4.48962
20.0967	72.3429	0.00286252	0.0342813
21.8037	69.5771	0.00563476	4.48962
23.75	70.3973	0.00429483	0.0559658
22.5483	72.3429	0.00265462	0.0368326
21.6827	78.0345	0.000795101	0.00776893
19.1515	78.89	0.000871828	0.00793318
19.6759	76.9444	0.000997995	0.00928671
22.3999	76.5052	0.000991329	0.0103998
19.6759	76.9444	0.000997995	0.00928671
21.4331	74.0896	0.00173604	0.0202665
22.3999	76.5052	0.000991329	0.0103998
21.6827	78.0345	0.000795101	0.00776893
19.6759	76.9444	0.000997995	0.00928671
24.7277	76.3587	0.000959134	0.00950704
22.3999	76.5052	0.000991329	0.0103998
23.0327	74.7883	0.00141158	0.0160235
24.7277	76.3587	0.000959134	0.00950704
24.9752	78.5234	0.000690129	0.00639362
23.329	78.279	0.000731545	0.0070905
21.0802	79.5053	0.000757569	0.00723635
19.1515	78.89	0.000871828	0.00793318
21.6827	78.0345	0.000795101	0.00776893
25	80	0.000649663	0.00594821
24.9752	78.5234	0.000690129	0.00639362
26.9661	79.8761	0.00063953	0.00546346
19.6759	76.9444	0.000997995	0.00928671
19.1515	78.89	0.000871828	0.00793318
17.2597	78.0345	0.00108766	0.00906347
28.3173	78.0345	0.000747711	0.0060487
30.8485	78.89	0.000826871	0.00591933
28.9198	79.5053	0.000715252	0.00564731
18.1801	75.6267	0.00140982	0.0121994
19.6759	76.9444	0.000997995	0.00928671
17.2597	78.0345	0.00108766	0.00906347
15.4167	76.9444	0.00140559	0.0101339
18.1801	75.6267	0.00140982	0.0121994
17.2597	78.0345	0.00108766	0.00906347
23.0327	74.7883	0.00141158	0.0160235
21.4331	74.0896	0.00173604	0.0202665
22.5483	72.3429	0.00265462	0.0368326
15.4167	76.9444	0.00140559	0.0101339
16.5527	73.7985	0.00221417	0.0154793
18.1801	75.6267	0.00140982	0.0121994
20.0967	72.3429	0.00286252	0.0342813
21.8037	69.5771	0.00563476	4.48962
22.5483	72.3429	0.00265462	0.0368326
15.4167	76.9444	0.00140559	0.0101339
13.6336	75.6267	0.00216493	0.0128918
14.237	73.9441	0.00253631	0.0145553
29.3832	76.0659	0.00105891	0.00823924
31.3712	77.1646	0.000994467	0.00687118
28.3173	78.0345	0.000747711	0.0060487
31.9219	75.3472	0.00135827	0.0090773
34.5833	76.9444	0.00133054	0.00779047
32.7403	78.0345	0.00100674	0.00656643
14.237	73.9441	0.00253631	0.0145553
11.9212	74.0896	0.00322142	0.0162884
12.7417	72.3429	0.00397707	0.018814
11.25	70.3973	0.00701267	0.029016
12.7417	72.3429	0.00397707	0.018814
10.2901	72.3429	0.00528363	0.0237203
17.645	72.3429	0.00306316	0.0233567
16.5527	73.7985	0.00221417	0.0154793
15.1934	72.3429	0.00337804	0.018644
19.193	69.7412	0.0062339	0.0598081
17.645	72.3429	0.00306316	0.0233567
16.25	70.3973	0.00554109	0.0290444
20.0967	72.3429	0.00286252	0.0342813
19.0551	74.0896	0.00187294	0.0182052
17.645	72.3429	0.00306316	0.0233567
19.0551	74.0896	0.00187294	0.0182052
18.1801	75.6267	0.00140982	0.0121994
16.5527	73.7985	0.00221417	0.0154793
32.355	72.3429	0.00270421	0.0180548
34.8066	72.3429	0.00310763	0.0170945
33.3228	74.0896	0.00189103	0.0115218
33.3228	74.0896	0.00189103	0.0115218
31.9219	75.3472	0.00135827	0.0090773
30.9297	73.8705	0.00177925	0.013003
35.7008	74.0896	0.00232911	0.0123323
33.3228	74.0896	0.00189103	0.0115218
34.8066	72.3429	0.00310763	0.0170945
34.5833	76.9444	0.00133054	0.00779047
31.9219	75.3472	0.00135827	0.0090773
33.3228	74.0896	0.00189103	0.0115218
17.4187	68.2649	0.0101873	0.0561837
14.8915	68.2649	0.0104331	0.0379238
16.8484	65.9587	0.0202481	0.0747237
16.25	70.3973	0.00554109	0.0290444
13.513	70.6966	0.00554473	0.0233987
14.8915	68.2649	0.0104331	0.0379238
19.193	69.7412	0.0062339	0.0598081
16.25	70.3973	0.00554109	0.0290444
17.4187	68.2649	0.0101873	0.0561837
15.1934	72.3429	0.00337804	0.018644
14.237	73.9441	0.00253631	0.0145553
12.7417	72.3429	0.00397707	0.018814
17.645	72.3429	0.00306316	0.0233567
15.1934	72.3429	0.00337804	0.018644
16.25	70.3973	0.00554109	0.0290444
16.5527	73.7985	0.00221417	0.0154793
14.237	73.9441	0.00253631	0.0145553
15.1934	72.3429	0.00337804	0.018644
12.7417	72.3429	0.00397707	0.018814
11.25	70.3973	0.00701267	0.029016
13.513	70.6966	0.00554473	0.0233987
8.74996	70.3973	0.00924495	0.0409941
11.25	70.3973	0.00701267	0.029016
10.2901	72.3429	0.00528363	0.0237203
12.3644	68.2649	0.0113837	0.0381793
13.846	66.4528	0.0184685	0.0442991
14.8915	68.2649	0.0104331	0.0379238
9.83732	68.2649	0.0132039	0.0584206
12.3644	68.2649	0.0113837	0.0381793
11.25	70.3973	0.00701267	0.029016
9.83732	68.2649	0.0132039	0.0584206
11.414	65.9587	0.0228571	0.0578572
12.3644	68.2649	0.0113837	0.0381793
9.83732	68.2649	0.0132039	0.0584206
11.25	70.3973	0.00701267	0.029016
8.74996	70.3973	0.00924495	0.0409941
14.8915	68.2649	0.0104331	0.0379238
13.513	70.6966	0.00554473	0.0233987
12.3644	68.2649	0.0113837	0.0381793
15.1934	72.3429	0.00337804	0.018644
12.7417	72.3429	0.00397707	0.018814
13.513	70.6966	0.00554473	0.0233987
15.4167	76.9444	0.00140559	0.0101339
14.237	73.9441	0.00253631	0.0145553
16.5527	73.7985	0.00221417	0.0154793
13.6336	75.6267	0.00216493	0.0128918
11.9212	74.0896	0.00322142	0.0162884
14.237	73.9441	0.00253631	0.0145553
11.9212	74.0896	0.00322142	0.0162884
10.2901	72.3429	0.00528363	0.0237203
12.7417	72.3429	0.00397707	0.018814
7.31021	68.2649	0.0171253	0.087887
9.83732	68.2649	0.0132039	0.0584206
8.74996	70.3973	0.00924495	0.0409941
7.31021	68.2649	0.0171253	0.087887
5.97957	65.9587	0.0340663	4.60315
8.78345	65.7825	0.0276426	4.53321
28.3173	78.0345	0.000747711	0.0060487
28.9198	79.5053	0.000715252	0.00564731
26.9661	79.8761	0.00063953	0.00546346
31.3712	77.1646	0.000994467	0.00687118
31.9219	75.3472	0.00135827	0.0090773
32.7403	78.0345	0.00100674	0.00656643
28.3173	78.0345	0.000747711	0.0060487
31.3712	77.1646	0.000994467	0.00687118
30.8485	78.89	0.000826871	0.00591933
29.3832	76.0659	0.00105891	0.00823924
31.9219	75.3472	0.00135827	0.0090773
31.3712	77.1646	0.000994467	0.00687118
27.2733	75.6267	0.00112383	0.00996726
29.3832	76.0659	0.00105891	0.00823924
28.3173	78.0345	0.000747711	0.0060487
28.5669	74.0896	0.00161765	0.0136236
29.9033	72.3429	0.00253344	0.0208192
30.9297	73.8705	0.00177925	0.013003
27.2733	75.6267	0.00112383	0.00996726
28.5669	74.0896	0.00161765	0.0136236
29.3832	76.0659	0.00105891	0.00823924
27.2733	75.6267	0.00112383	0.00996726
26.189	74.0896	0.00160874	0.0157876
28.5669	74.0896	0.00161765	0.0136236
26.2439	77.6257	0.000770021	0.00691417
27.2733	75.6267	0.00112383	0.00996726
28.3173	78.0345	0.000747711	0.0060487
26.9661	79.8761	0.00063953	0.00546346
26.2439	77.6257	0.000770021	0.00691417
28.3173	78.0345	0.000747711	0.0060487
24.9752	78.5234	0.000690129	0.00639362
24.7277	76.3587	0.000959134	0.00950704
26.2439	77.6257	0.000770021	0.00691417
31.0572	70.658	0.00397366	0.0321764
30.0542	68.2649	0.00731388	4.39186
32.2468	68.921	0.00645957	0.0435644
31.0572	70.658	0.00397366	0.0321764
28.75	70.3973	0.00411255	0.0388172
30.0542	68.2649	0.00731388	4.39186
33.75	70.3973	0.00473571	0.0264404
31.0572	70.658	0.00397366	0.0321764
32.2468	68.921	0.00645957	0.0435644
29.9033	72.3429	0.00253344	0.0208192
28.75	70.3973	0.00411255	0.0388172
31.0572	70.658	0.00397366	0.0321764
30.9297	73.8705	0.00177925	0.013003
29.9033	72.3429	0.00253344	0.0208192
32.355	72.3429	0.00270421	0.0180548
33.3228	74.0896	0.00189103	0.0115218
30.9297	73.8705	0.00177925	0.013003
32.355	72.3429	0.00270421	0.0180548
31.9219	75.3472	0.00135827	0.0090773
29.3832	76.0659	0.00105891	0.00823924
30.9297	73.8705	0.00177925	0.013003
28.5669	74.0896	0.00161765	0.0136236
26.189	74.0896	0.00160874	0.0157876
27.4517	72.3429	0.00247624	0.0229633
25	72.3429	0.00249167	0.0280826
23.75	70.3973	0.00429483	0.0559658
27.0253	69.2491	0.00530106	0.0522103
26.9661	79.8761	0.00063953	0.00546346
24.9752	78.5234	0.000690129	0.00639362
26.2439	77.6257	0.000770021	0.00691417
27.0253	69.2491	0.00530106	0.0522103
24.3347	67.1118	0.0099392	0.102768
26.9568	67.2765	0.00876282	0.0743749
19.0904	66.7823	0.0150214	0.101543
19.999	65.078	0.0253278	4.618
22.2828	65.9587	0.0155351	4.62742
17.4187	68.2649	0.0101873	0.0561837
19.0904	66.7823	0.0150214	0.101543
19.193	69.7412	0.0062339	0.0598081
17.4187	68.2649	0.0101873	0.0561837
16.8484	65.9587	0.0202481	0.0747237
19.0904	66.7823	0.0150214	0.101543
27.4517	72.3429	0.00247624	0.0229633
28.75	70.3973	0.00411255	0.0388172
29.9033	72.3429	0.00253344	0.0208192
28.5669	74.0896	0.00161765	0.0136236
27.4517	72.3429	0.00247624	0.0229633
29.9033	72.3429	0.00253344	0.0208192
26.189	74.0896	0.00160874	0.0157876
25	72.3429	0.00249167	0.0280826
27.4517	72.3429	0.00247624	0.0229633
27.0253	69.2491	0.00530106	0.0522103
26.9568	67.2765	0.00876282	0.0743749
30.0542	68.2649	0.00731388	4.39186
27.4517	72.3429	0.00247624	0.0229633
27.0253	69.2491	0.00530106	0.0522103
28.75	70.3973	0.00411255	0.0388172
23.75	70.3973	0.00429483	0.0559658
24.3347	67.1118	0.0099392	0.102768
27.0253	69.2491	0.00530106	0.0522103
34.8233	67.7707	0.0104058	0.0457575
37.4455	67.9354	0.0118691	4.34021
36.25	70.3973	0.00556177	0.0298373
31.3712	77.1646	0.000994467	0.00687118
32.7403	78.0345	0.00100674	0.00656643
30.8485	78.89	0.000826871	0.00591933
23.329	78.279	0.000731545	0.0070905
22.3999	76.5052	0.000991329	0.0103998
24.7277	76.3587	0.000959134	0.00950704
23.0339	79.8761	0.000664192	0.00632358
23.329	78.279	0.000731545	0.0070905
24.9752	78.5234	0.000690129	0.00639362
21.6827	78.0345	0.000795101	0.00776893
22.3999	76.5052	0.000991329	0.0103998
23.329	78.279	0.000731545	0.0070905
21.6827	78.0345	0.000795101	0.00776893
23.329	78.279	0.000731545	0.0070905
23.0339	79.8761	0.000664192	0.00632358
25	72.3429	0.00249167	0.0280826
26.189	74.0896	0.00160874	0.0157876
23.0327	74.7883	0.00141158	0.0160235
27.2733	75.6267	0.00112383	0.00996726
26.2439	77.6257	0.000770021	0.00691417
24.7277	76.3587	0.000959134	0.00950704
25	80	0.000649663	0.00594821
23.0339	79.8761	0.000664192	0.00632358
24.9752	78.5234	0.000690129	0.00639362
35.7008	74.0896	0.00232911	0.0123323
37.3942	72.4885	0.00379758	0.0182317
38.0788	74.0896	0.00314158	0.0150269
34.5833	76.9444	0.00133054	0.00779047
35.7008	74.0896	0.00232911	0.0123323
36.3664	75.6267	0.00205706	0.0108973
34.8066	72.3429	0.00310763	0.0170945
37.3942	72.4885	0.00379758	0.0182317
35.7008	74.0896	0.00232911	0.0123323
34.5833	76.9444	0.00133054	0.00779047
33.3228	74.0896	0.00189103	0.0115218
35.7008	74.0896	0.00232911	0.0123323
33.75	70.3973	0.00473571	0.0264404
36.25	70.3973	0.00556177	0.0298373
34.8066	72.3429	0.00310763	0.0170945
35.7008	74.0896	0.00232911	0.0123323
38.0788	74.0896	0.00314158	0.0150269
36.3664	75.6267	0.00205706	0.0108973
37.4455	67.9354	0.0118691	4.34021
38.75	70.3973	0.00689388	0.029836
36.25	70.3973	0.00556177	0.0298373
39.7099	72.3429	0.00525054	0.021653
38.0788	74.0896	0.00314158	0.0150269
37.3942	72.4885	0.00379758	0.0182317
36.25	70.3973	0.00556177	0.0298373
33.75	70.3973	0.00473571	0.0264404
34.8233	67.7707	0.0104058	0.0457575
37.3942	72.4885	0.00379758	0.0182317
36.25	70.3973	0.00556177	0.0298373
38.75	70.3973	0.00689388	0.029836
37.3942	72.4885	0.00379758	0.0182317
34.8066	72.3429	0.00310763	0.0170945
36.25	70.3973	0.00556177	0.0298373
15.5575	63.4929	0.0489906	0.0699588
16.8484	65.9587	0.0202481	0.0747237
13.846	66.4528	0.0184685	0.0442991
11.414	65.9587	0.0228571	0.0578572
12.8597	63.4929	0.047248	0.0493426
13.846	66.4528	0.0184685	0.0442991
15.0494	60.8826	0.10876	0.0560993
17.5295	61.7527	0.081269	4.55697
15.5575	63.4929	0.0489906	0.0699588
15.5575	63.4929	0.0489906	0.0699588
17.5295	61.7527	0.081269	4.55697
16.8484	65.9587	0.0202481	0.0747237
11.6319	58.144	4.79493	0.0228456
14.6026	58.144	4.78687	0.0293026
12.3979	60.3349	0.125612	0.0355995
14.6026	58.144	4.78687	0.0293026
17.2808	59.0298	4.72872	0.0581992
15.0494	60.8826	0.10876	0.0560993
20.363	63.0044	0.0486504	4.62726
19.999	65.078	0.0253278	4.618
17.5295	61.7527	0.081269	4.55697
20.7355	60.8826	0.0916128	4.55217
20.363	63.0044	0.0486504	4.62726
17.5295	61.7527	0.081269	4.55697
20.7355	60.8826	0.0916128	4.55217
23.0704	62.1007	0.0464074	0.106585
20.363	63.0044	0.0486504	4.62726
11.6319	58.144	4.79493	0.0228456
10.6893	54.7417	4.92899	0.0102116
14.2198	55.2938	4.8962	0.0141763
9.3634	60.8826	0.114094	0.0506361
11.6319	58.144	4.79493	0.0228456
12.3979	60.3349	0.125612	0.0355995
8.66123	58.144	4.81082	0.0262232
10.6893	54.7417	4.92899	0.0102116
11.6319	58.144	4.79493	0.0228456
5.69054	58.144	4.82989	0.0359271
4.92487	55.4838	4.93219	0.0152212
8.05963	55.2938	4.92494	0.0126897
6.4478	61.0566	0.119112	0.0709746
5.69054	58.144	4.82989	0.0359271
8.66123	58.144	4.81082	0.0262232
3.67737	60.8826	0.150747	4.43712
2.71986	58.144	4.86479	0.0353915
5.69054	58.144	4.82989	0.0359271
36.8222	64.0212	0.0355326	0.0469967
39.6261	63.8451	0.043689	0.0401672
38.586	65.9587	0.0220139	0.0438342
34.1521	62.7968	0.044443	4.43379
36.8222	64.0212	0.0355326	0.0469967
35.8688	65.9587	0.0185698	0.0525441
37.7936	60.8826	0.104153	0.0273539
39.6261	63.8451	0.043689	0.0401672
36.8222	64.0212	0.0355326	0.0469967
38.75	70.3973	0.00689388	0.029836
40.1627	68.2649	0.0131696	0.0369156
41.25	70.3973	0.00928913	0.0267866
37.3942	72.4885	0.00379758	0.0182317
38.75	70.3973	0.00689388	0.029836
39.7099	72.3429	0.00525054	0.021653
37.4455	67.9354	0.0118691	4.34021
40.1627	68.2649	0.0131696	0.0369156
38.75	70.3973	0.00689388	0.029836
35.8688	65.9587	0.0185698	0.0525441
37.4455	67.9354	0.0118691	4.34021
34.8233	67.7707	0.0104058	0.0457575
33.1516	65.9587	0.015431	0.0626239
35.8688	65.9587	0.0185698	0.0525441
34.8233	67.7707	0.0104058	0.0457575
34.1521	62.7968	0.044443	4.43379
34.9506	60.8826	0.081823	0.0501974
36.8222	64.0212	0.0355326	0.0469967
38.75	70.3973	0.00689388	0.029836
41.25	70.3973	0.00928913	0.0267866
39.7099	72.3429	0.00525054	0.021653
38.586	65.9587	0.0220139	0.0438342
40.1627	68.2649	0.0131696	0.0369156
37.4455	67.9354	0.0118691	4.34021
41.3032	65.9587	0.0262356	0.0416532
42.6898	68.2649	0.0173147	0.033346
40.1627	68.2649	0.0131696	0.0369156
41.3032	65.9587	0.0262356	0.0416532
44.0204	65.9587	0.0337796	0.047404
42.6898	68.2649	0.0173147	0.033346
41.25	70.3973	0.00928913	0.0267866
40.1627	68.2649	0.0131696	0.0369156
42.6898	68.2649	0.0173147	0.033346
36.8222	64.0212	0.0355326	0.0469967
34.9506	60.8826	0.081823	0.0501974
37.7936	60.8826	0.104153	0.0273539
2.71986	58.144	4.86479	0.0353915
4.92487	55.4838	4.93219	0.0152212
5.69054	58.144	4.82989	0.0359271
8.66123	58.144	4.81082	0.0262232
8.05963	55.2938	4.92494	0.0126897
10.6893	54.7417	4.92899	0.0102116
6.4478	61.0566	0.119112	0.0709746
8.66123	58.144	4.81082	0.0262232
9.3634	60.8826	0.114094	0.0506361
5.69054	58.144	4.82989	0.0359271
8.05963	55.2938	4.92494	0.0126897
8.66123	58.144	4.81082	0.0262232
1.8995	55.2938	4.94865	0.0128193
4.92487	55.4838	4.93219	0.0152212
2.71986	58.144	4.86479	0.0353915
1.8995	55.2938	4.94865	0.0128193
1.22131	52.3495	4.9794	0.00494263
4.19365	52.3495	4.9752	0.00554023
41.3032	65.9587	0.0262356	0.0416532
42.43	63.669	0.0535195	4.34588
44.0204	65.9587	0.0337796	0.047404
43.4796	60.8826	0.123411	0.0283433
40.6366	60.8826	0.115052	0.0284593
41.4664	58.5091	4.78848	0.0134656
45.2338	63.4929	0.0687762	0.0436789
43.4796	60.8826	0.123411	0.0283433
46.3226	60.8826	0.145722	0.0195482
42.43	63.669	0.0535195	4.34588
40.6366	60.8826	0.115052	0.0284593
43.4796	60.8826	0.123411	0.0283433
41.4664	58.5091	4.78848	0.0134656
38.5596	58.6917	4.75493	0.0159902
38.8603	55.2938	4.89023	0.00605739
46.3226	60.8826	0.145722	0.0195482
43.4796	60.8826	0.123411	0.0283433
44.2548	57.954	4.83255	0.00983766
42.43	63.669	0.0535195	4.34588
39.6261	63.8451	0.043689	0.0401672
40.6366	60.8826	0.115052	0.0284593
44.0204	65.9587	0.0337796	0.047404
42.43	63.669	0.0535195	4.34588
45.2338	63.4929	0.0687762	0.0436789
36.8222	64.0212	0.0355326	0.0469967
38.586	65.9587	0.0220139	0.0438342
35.8688	65.9587	0.0185698	0.0525441
40.6366	60.8826	0.115052	0.0284593
39.6261	63.8451	0.043689	0.0401672
37.7936	60.8826	0.104153	0.0273539
38.586	65.9587	0.0220139	0.0438342
37.4455	67.9354	0.0118691	4.34021
35.8688	65.9587	0.0185698	0.0525441
41.3032	65.9587	0.0262356	0.0416532
38.586	65.9587	0.0220139	0.0438342
39.6261	63.8451	0.043689	0.0401672
41.3032	65.9587	0.0262356	0.0416532
40.1627	68.2649	0.0131696	0.0369156
38.586	65.9587	0.0220139	0.0438342
32.2468	68.921	0.00645957	0.0435644
30.4344	65.9587	0.0129741	0.0707328
33.1516	65.9587	0.015431	0.0626239
21.7285	50.6506	0.232755	0.004465
19.0553	52.3495	0.233112	0.00742757
18.9224	49.3292	4.87577	0.00293583
21.7462	47.598	4.88833	0.00173456
21.7285	50.6506	0.232755	0.004465
18.9224	49.3292	4.87577	0.00293583
15.8835	49.3292	4.93662	0.0027945
18.8268	46.2515	4.90795	0.00110545
18.9224	49.3292	4.87577	0.00293583
22.0142	44.8882	4.89573	0.000736405
25	46.2515	4.91391	0.00100083
21.7462	47.598	4.88833	0.00173456
24.7341	50.8393	4.8259	0.004028
22.4091	54.0056	0.176589	0.0118052
21.7285	50.6506	0.232755	0.004465
26.54	55.2938	0.161536	0.0131685
26.4853	58.144	0.100338	0.0284532
23.0771	56.6239	4.67921	0.0237005
30.9447	52.3495	4.84668	0.00496629
29.6201	55.2938	4.74259	0.0113564
27.9723	52.3495	4.82499	0.00546654
26.4853	58.144	0.100338	0.0284532
26.4215	60.8826	0.0476903	0.056747
24.0253	59.6046	0.0907953	0.0543165
29.6201	55.2938	4.74259	0.0113564
26.4853	58.144	0.100338	0.0284532
26.54	55.2938	0.161536	0.0131685
29.6201	55.2938	4.74259	0.0113564
32.1533	57.1939	0.154808	0.0212848
29.839	59.2394	0.0818124	0.0391839
17.2808	59.0298	4.72872	0.0581992
20.7355	60.8826	0.0916128	4.55217
17.5295	61.7527	0.081269	4.55697
23.0771	56.6239	4.67921	0.0237005
20.3936	58.6582	4.68936	0.0610053
20.0518	56.4338	4.7683	0.0276508
23.0771	56.6239	4.67921	0.0237005
24.0253	59.6046	0.0907953	0.0543165
20.3936	58.6582	4.68936	0.0610053
39.0601	41.8598	0.16953	0.000167874
37.5191	43.9145	0.132827	0.000285368
37.5	40	4.71882	9.92721e-05
40.625	40	0.214143	0.000101355
39.0601	41.8598	0.16953	0.000167874
37.5	40	4.71882	9.92721e-05
40.6201	43.7197	0.182059	0.000224289
37.5191	43.9145	0.132827	0.000285368
39.0601	41.8598	0.16953	0.000167874
40.6201	43.7197	0.182059	0.000224289
40.433	46.2515	4.79369	0.000410801
37.5191	43.9145	0.132827	0.000285368
43.6923	43.1354	0.238097	0.000170563
40.6201	43.7197	0.182059	0.000224289
40.625	40	0.214143	0.000101355
43.6923	43.1354	0.238097	0.000170563
43.5196	46.2515	4.87296	0.000347091
40.6201	43.7197	0.182059	0.000224289
46.8798	40.196	4.93369	9.58794e-05
43.6923	43.1354	0.238097	0.000170563
43.75	40	4.86413	9.55379e-05
46.8077	43.1354	4.91058	0.000154499
49.6928	46.2515	4.95578	0.00027194
46.6062	46.2515	4.93159	0.00029904
37.5	40	4.71882	9.92721e-05
34.399	40.9798	0.116555	0.000151439
34.3221	37.8444	0.183258	7.04788e-05
40.5769	36.8646	4.90325	6.82314e-05
37.5	40	4.71882	9.92721e-05
37.4615	36.8646	4.86001	6.47522e-05
40.625	40	0.214143	0.000101355
40.6201	43.7197	0.182059	0.000224289
39.0601	41.8598	0.16953	0.000167874
40.1224	48.7521	4.85699	0.000807606
37.0597	48.5598	0.197823	0.0010839
37.3464	46.2515	0.156799	0.000546853
34.1165	49.3292	0.203451	0.00163784
36.7564	51.5944	4.84882	0.00250875
34.1289	53.2696	4.84108	0.00537219
31.1732	46.2515	4.77026	0.000870748
34.1165	49.3292	0.203451	0.00163784
31.0776	49.3292	4.83405	0.00216492
28.0866	46.2515	4.8828	0.000947543
31.1732	46.2515	4.77026	0.000870748
31.0776	49.3292	4.83405	0.00216492
34.3294	43.6157	0.111218	0.000321598
34.399	40.9798	0.116555	0.000151439
37.5191	43.9145	0.132827	0.000285368
31.1732	46.2515	4.77026	0.000870748
31.226	43.7137	0.17116	0.000402459
34.2598	46.2515	0.144362	0.000688232
31.2788	41.1758	0.148442	0.000191744
34.399	40.9798	0.116555	0.000151439
34.3294	43.6157	0.111218	0.000321598
37.0597	48.5598	0.197823	0.0010839
36.7564	51.5944	4.84882	0.00250875
34.1165	49.3292	0.203451	0.00163784
37.3464	46.2515	0.156799	0.000546853
37.0597	48.5598	0.197823	0.0010839
34.2598	46.2515	0.144362	0.000688232
40.433	46.2515	4.79369	0.000410801
37.3464	46.2515	0.156799	0.000546853
37.5191	43.9145	0.132827	0.000285368
40.433	46.2515	4.79369	0.000410801
40.1224	48.7521	4.85699	0.000807606
37.3464	46.2515	0.156799	0.000546853
40.1224	48.7521	4.85699	0.000807606
36.7564	51.5944	4.84882	0.00250875
37.0597	48.5598	0.197823	0.0010839
46.2717	49.3292	4.9568	0.000670631
45.8487	52.5335	4.95765	0.00170108
43.2329	49.3292	4.92901	0.000805662
34.1165	49.3292	0.203451	0.00163784
34.1289	53.2696	4.84108	0.00537219
30.9447	52.3495	4.84668	0.00496629
7.464	63.4929	0.0563293	4.54304
8.78345	65.7825	0.0276426	4.53321
5.97957	65.9587	0.0340663	4.60315
6.4478	61.0566	0.119112	0.0709746
7.464	63.4929	0.0563293	4.54304
4.76616	63.4929	0.0691073	0.105216
6.4478	61.0566	0.119112	0.0709746
9.3634	60.8826	0.114094	0.0506361
7.464	63.4929	0.0563293	4.54304
12.3979	60.3349	0.125612	0.0355995
10.1618	63.4929	0.0488818	0.0698951
9.3634	60.8826	0.114094	0.0506361
12.8597	63.4929	0.047248	0.0493426
15.0494	60.8826	0.10876	0.0560993
15.5575	63.4929	0.0489906	0.0699588
12.3644	68.2649	0.0113837	0.0381793
13.513	70.6966	0.00554473	0.0233987
11.25	70.3973	0.00701267	0.029016
16.8484	65.9587	0.0202481	0.0747237
14.8915	68.2649	0.0104331	0.0379238
13.846	66.4528	0.0184685	0.0442991
17.4187	68.2649	0.0101873	0.0561837
16.25	70.3973	0.00554109	0.0290444
14.8915	68.2649	0.0104331	0.0379238
19.999	65.078	0.0253278	4.618
19.0904	66.7823	0.0150214	0.101543
16.8484	65.9587	0.0202481	0.0747237
19.193	69.7412	0.0062339	0.0598081
20.0967	72.3429	0.00286252	0.0342813
17.645	72.3429	0.00306316	0.0233567
9.83732	68.2649	0.0132039	0.0584206
8.78345	65.7825	0.0276426	4.53321
11.414	65.9587	0.0228571	0.0578572
6.48041	46.2515	4.99152	0.00095447
3.72828	49.3292	4.98954	0.00219029
3.39381	46.2515	4.99469	0.000888841
9.70619	49.8955	4.9775	0.00279719
6.76709	49.3292	4.98619	0.00228033
9.61019	45.6673	4.98557	0.000794
9.70619	49.8955	4.9775	0.00279719
10.1383	52.3495	4.9618	0.00548614
7.16598	52.3495	4.96975	0.00551436
13.1107	52.3495	4.94496	0.00606134
10.1383	52.3495	4.9618	0.00548614
12.7118	50.0843	4.96283	0.00324127
4.19365	52.3495	4.9752	0.00554023
3.72828	49.3292	4.98954	0.00219029
6.76709	49.3292	4.98619	0.00228033
1.8995	55.2938	4.94865	0.0128193
4.19365	52.3495	4.9752	0.00554023
4.92487	55.4838	4.93219	0.0152212
1.22131	52.3495	4.9794	0.00494263
3.72828	49.3292	4.98954	0.00219029
4.19365	52.3495	4.9752	0.00554023
22.2828	65.9587	0.0155351	4.62742
23.0704	62.1007	0.0464074	0.106585
25.6067	64.7258	0.0176577	4.54587
21.8037	69.5771	0.00563476	4.48962
22.2828	65.9587	0.0155351	4.62742
24.3347	67.1118	0.0099392	0.102768
19.999	65.078	0.0253278	4.618
20.363	63.0044	0.0486504	4.62726
22.2828	65.9587	0.0155351	4.62742
21.8037	69.5771	0.00563476	4.48962
19.193	69.7412	0.0062339	0.0598081
19.0904	66.7823	0.0150214	0.101543
16.8484	65.9587	0.0202481	0.0747237
17.5295	61.7527	0.081269	4.55697
19.999	65.078	0.0253278	4.618
22.2828	65.9587	0.0155351	4.62742
20.363	63.0044	0.0486504	4.62726
23.0704	62.1007	0.0464074	0.106585
16.25	70.3973	0.00554109	0.0290444
15.1934	72.3429	0.00337804	0.018644
13.513	70.6966	0.00554473	0.0233987
7.464	63.4929	0.0563293	4.54304
10.1618	63.4929	0.0488818	0.0698951
8.78345	65.7825	0.0276426	4.53321
20.0518	56.4338	4.7683	0.0276508
19.0553	52.3495	0.233112	0.00742757
22.4091	54.0056	0.176589	0.0118052
20.3936	58.6582	4.68936	0.0610053
17.2808	59.0298	4.72872	0.0581992
20.0518	56.4338	4.7683	0.0276508
15.0494	60.8826	0.10876	0.0560993
12.8597	63.4929	0.047248	0.0493426
12.3979	60.3349	0.125612	0.0355995
9.3634	60.8826	0.114094	0.0506361
8.66123	58.144	4.81082	0.0262232
11.6319	58.144	4.79493	0.0228456
9.70619	49.8955	4.9775	0.00279719
7.16598	52.3495	4.96975	0.00551436
6.76709	49.3292	4.98619	0.00228033
13.1107	52.3495	4.94496	0.00606134
16.083	52.3495	4.89613	0.00686217
14.2198	55.2938	4.8962	0.0141763
23.0771	56.6239	4.67921	0.0237005
22.4091	54.0056	0.176589	0.0118052
26.54	55.2938	0.161536	0.0131685
20.7355	60.8826	0.0916128	4.55217
20.3936	58.6582	4.68936	0.0610053
24.0253	59.6046	0.0907953	0.0543165
20.0518	56.4338	4.7683	0.0276508
22.4091	54.0056	0.176589	0.0118052
23.0771	56.6239	4.67921	0.0237005
20.7355	60.8826	0.0916128	4.55217
17.2808	59.0298	4.72872	0.0581992
20.3936	58.6582	4.68936	0.0610053
17.0264	56.2438	4.83647	0.0233547
19.0553	52.3495	0.233112	0.00742757
20.0518	56.4338	4.7683	0.0276508
6.30769	36.8646	4.99252	0.000102891
6.24038	39.6081	4.99223	0.000161545
3.19231	36.8646	4.99699	0.000101123
9.49534	33.1714	4.98727	7.13183e-05
9.42308	36.8646	4.979	0.0001064
6.43263	33.3637	4.99495	7.12919e-05
6.31731	42.7435	4.99271	0.000345114
3.125	40	4.99667	0.000172528
6.24038	39.6081	4.99223	0.000161545
9.4375	42.5475	4.98165	0.00035678
12.5	40	4.93098	0.00018484
12.5577	42.3516	4.95094	0.000345423
6.30769	36.8646	4.99252	0.000102891
9.36058	39.4121	4.97796	0.000164886
6.24038	39.6081	4.99223	0.000161545
9.42308	36.8646	4.979	0.0001064
12.5385	36.8646	4.93721	0.000105376
9.36058	39.4121	4.97796	0.000164886
15.8122	34.7222	4.90235	7.83236e-05
12.5385	36.8646	4.93721	0.000105376
12.7112	34.5275	4.95975	7.9268e-05
9.4375	42.5475	4.98165	0.00035678
12.5577	42.3516	4.95094	0.000345423
9.61019	45.6673	4.98557	0.000794
6.24038	39.6081	4.99223	0.000161545
9.4375	42.5475	4.98165	0.00035678
6.31731	42.7435	4.99271	0.000345114
9.36058	39.4121	4.97796	0.000164886
12.5	40	4.93098	0.00018484
9.4375	42.5475	4.98165	0.00035678
15.601	39.0202	0.242066	0.000153135
12.5	40	4.93098	0.00018484
12.5385	36.8646	4.93721	0.000105376
15.601	39.0202	0.242066	0.000153135
15.6779	42.1556	4.87293	0.000349222
12.5	40	4.93098	0.00018484
6.48041	46.2515	4.99152	0.00095447
6.76709	49.3292	4.98619	0.00228033
3.72828	49.3292	4.98954	0.00219029
6.31731	42.7435	4.99271	0.000345114
6.48041	46.2515	4.99152	0.00095447
3.39381	46.2515	4.99469	0.000888841
9.61019	45.6673	4.98557	0.000794
6.76709	49.3292	4.98619	0.00228033
6.48041	46.2515	4.99152	0.00095447
12.7118	50.0843	4.96283	0.00324127
9.70619	49.8955	4.9775	0.00279719
11.1799	48.0735	4.97565	0.00186195
3.19711	42.9395	4.99622	0.000362523
0.076922	43.1354	4.99694	0.000384404
-3.10282e-28	40	4.99768	0.00017909
6.31731	42.7435	4.99271	0.000345114
3.19711	42.9395	4.99622	0.000362523
3.125	40	4.99667	0.000172528
3.39381	46.2515	4.99469	0.000888841
0.307214	46.2515	4.99563	0.000829617
3.19711	42.9395	4.99622	0.000362523
45.0204	55.2938	4.92633	0.00409367
41.9404	55.2938	4.91121	0.0049932
42.834	52.3495	4.94306	0.00196921
48.1005	55.2938	4.93968	0.00322322
45.0204	55.2938	4.92633	0.00409367
45.8487	52.5335	4.95765	0.00170108
44.2548	57.954	4.83255	0.00983766
41.9404	55.2938	4.91121	0.0049932
45.0204	55.2938	4.92633	0.00409367
46.3226	60.8826	0.145722	0.0195482
44.2548	57.954	4.83255	0.00983766
47.2801	58.144	4.85786	0.0078444
41.4664	58.5091	4.78848	0.0134656
38.8603	55.2938	4.89023	0.00605739
41.9404	55.2938	4.91121	0.0049932
27.9723	52.3495	4.82499	0.00546654
28.0388	49.3292	4.88379	0.00239328
30.9447	52.3495	4.84668	0.00496629
19.0553	52.3495	0.233112	0.00742757
21.7285	50.6506	0.232755	0.004465
22.4091	54.0056	0.176589	0.0118052
25	46.2515	4.91391	0.00100083
28.0388	49.3292	4.88379	0.00239328
24.7341	50.8393	4.8259	0.004028
21.7285	50.6506	0.232755	0.004465
21.7462	47.598	4.88833	0.00173456
24.7341	50.8393	4.8259	0.004028
15.6779	42.1556	4.87293	0.000349222
17.2523	44.2036	4.88521	0.00064679
14.1489	44.3016	4.94299	0.000644917
22.0142	44.8882	4.89573	0.000736405
18.8268	46.2515	4.90795	0.00110545
18.7981	41.9596	0.22932	0.000299024
15.8835	49.3292	4.93662	0.0027945
12.6536	46.2515	4.96877	0.00102135
15.7402	46.2515	4.93865	0.00117511
17.0264	56.2438	4.83647	0.0233547
16.083	52.3495	4.89613	0.00686217
19.0553	52.3495	0.233112	0.00742757
4.19365	52.3495	4.9752	0.00554023
7.16598	52.3495	4.96975	0.00551436
4.92487	55.4838	4.93219	0.0152212
21.9183	41.7637	4.84052	0.000298479
25	43.1354	4.89897	0.000396297
22.0142	44.8882	4.89573	0.000736405
28.125	40	4.81289	0.000157804
25	40	4.86115	0.000158868
28.1154	36.8646	4.83393	8.34176e-05
25	30.6708	4.92076	5.54638e-05
25.1151	35.3065	0.245714	7.513e-05
21.9134	33.7485	0.258028	7.01961e-05
31.3171	35.696	4.83462	6.04166e-05
28.0866	33.7485	4.89691	6.20335e-05
30.9343	31.8249	4.94727	5.40134e-05
28.1154	36.8646	4.83393	8.34176e-05
25.1151	35.3065	0.245714	7.513e-05
28.0866	33.7485	4.89691	6.20335e-05
33.7508	28.5944	4.96424	5.14593e-05
37.1553	30.6708	4.97693	5.34708e-05
33.997	31.6326	4.95538	5.31147e-05
21.8846	36.8646	4.80194	9.89997e-05
21.9014	39.3141	0.23442	0.000156624
18.7212	38.8242	0.204379	0.00014433
28.1154	36.8646	4.83393	8.34176e-05
25	40	4.86115	0.000158868
25.1151	35.3065	0.245714	7.513e-05
28.125	40	4.81289	0.000157804
28.1154	43.1354	4.84215	0.000384676
25	40	4.86115	0.000158868
3.72828	49.3292	4.98954	0.00219029
1.22131	52.3495	4.9794	0.00494263
0.68946	49.3292	4.99121	0.00198273
0.307214	46.2515	4.99563	0.000829617
3.39381	46.2515	4.99469	0.000888841
0.68946	49.3292	4.99121	0.00198273
11.1799	48.0735	4.97565	0.00186195
12.6536	46.2515	4.96877	0.00102135
12.7118	50.0843	4.96283	0.00324127
9.61019	45.6673	4.98557	0.000794
11.1799	48.0735	4.97565	0.00186195
9.70619	49.8955	4.9775	0.00279719
9.61019	45.6673	4.98557	0.000794
12.6536	46.2515	4.96877	0.00102135
11.1799	48.0735	4.97565	0.00186195
31.3817	62.6228	0.0323962	4.49192
34.1521	62.7968	0.044443	4.43379
33.1516	65.9587	0.015431	0.0626239
26.9568	67.2765	0.00876282	0.0743749
28.4106	64.5496	0.017995	0.0794307
30.4344	65.9587	0.0129741	0.0707328
29.839	59.2394	0.0818124	0.0391839
33.5519	59.0383	0.117056	0.0353515
31.3817	62.6228	0.0323962	4.49192
28.6113	62.4488	0.0313102	0.0716518
29.839	59.2394	0.0818124	0.0391839
31.3817	62.6228	0.0323962	4.49192
20.7355	60.8826	0.0916128	4.55217
24.0253	59.6046	0.0907953	0.0543165
23.0704	62.1007	0.0464074	0.106585
25.6371	53.0665	0.204475	0.0077212
24.7341	50.8393	4.8259	0.004028
27.9723	52.3495	4.82499	0.00546654
22.4091	54.0056	0.176589	0.0118052
25.6371	53.0665	0.204475	0.0077212
26.54	55.2938	0.161536	0.0131685
22.4091	54.0056	0.176589	0.0118052
24.7341	50.8393	4.8259	0.004028
25.6371	53.0665	0.204475	0.0077212
29.6201	55.2938	4.74259	0.0113564
31.8745	54.2817	4.80573	0.00865941
32.1533	57.1939	0.154808	0.0212848
34.2598	46.2515	0.144362	0.000688232
34.3294	43.6157	0.111218	0.000321598
37.3464	46.2515	0.156799	0.000546853
31.1732	46.2515	4.77026	0.000870748
34.2598	46.2515	0.144362	0.000688232
34.1165	49.3292	0.203451	0.00163784
34.2598	46.2515	0.144362	0.000688232
31.226	43.7137	0.17116	0.000402459
34.3294	43.6157	0.111218	0.000321598
35.6527	58.8743	4.67051	0.0255486
38.5596	58.6917	4.75493	0.0159902
37.7936	60.8826	0.104153	0.0273539
33.5519	59.0383	0.117056	0.0353515
35.6527	58.8743	4.67051	0.0255486
34.9506	60.8826	0.081823	0.0501974
35.7802	55.2938	4.8454	0.00802969
38.5596	58.6917	4.75493	0.0159902
35.6527	58.8743	4.67051	0.0255486
42.43	63.669	0.0535195	4.34588
43.4796	60.8826	0.123411	0.0283433
45.2338	63.4929	0.0687762	0.0436789
6.48041	46.2515	4.99152	0.00095447
6.31731	42.7435	4.99271	0.000345114
9.61019	45.6673	4.98557	0.000794
0.68946	49.3292	4.99121	0.00198273
3.39381	46.2515	4.99469	0.000888841
3.72828	49.3292	4.98954	0.00219029
0.307214	46.2515	4.99563	0.000829617
0.076922	43.1354	4.99694	0.000384404
3.19711	42.9395	4.99622	0.000362523
6.4478	61.0566	0.119112	0.0709746
4.76616	63.4929	0.0691073	0.105216
3.67737	60.8826	0.150747	4.43712
5.69054	58.144	4.82989	0.0359271
6.4478	61.0566	0.119112	0.0709746
3.67737	60.8826	0.150747	4.43712
9.3634	60.8826	0.114094	0.0506361
10.1618	63.4929	0.0488818	0.0698951
7.464	63.4929	0.0563293	4.54304
14.6026	58.144	4.78687	0.0293026
15.0494	60.8826	0.10876	0.0560993
12.3979	60.3349	0.125612	0.0355995
14.2198	55.2938	4.8962	0.0141763
14.6026	58.144	4.78687	0.0293026
11.6319	58.144	4.79493	0.0228456
14.2198	55.2938	4.8962	0.0141763
17.0264	56.2438	4.83647	0.0233547
14.6026	58.144	4.78687	0.0293026
7.464	63.4929	0.0563293	4.54304
5.97957	65.9587	0.0340663	4.60315
4.76616	63.4929	0.0691073	0.105216
11.414	65.9587	0.0228571	0.0578572
13.846	66.4528	0.0184685	0.0442991
12.3644	68.2649	0.0113837	0.0381793
10.1618	63.4929	0.0488818	0.0698951
11.414	65.9587	0.0228571	0.0578572
8.78345	65.7825	0.0276426	4.53321
12.8597	63.4929	0.047248	0.0493426
15.5575	63.4929	0.0489906	0.0699588
13.846	66.4528	0.0184685	0.0442991
10.1618	63.4929	0.0488818	0.0698951
12.8597	63.4929	0.047248	0.0493426
11.414	65.9587	0.0228571	0.0578572
10.1618	63.4929	0.0488818	0.0698951
12.3979	60.3349	0.125612	0.0355995
12.8597	63.4929	0.047248	0.0493426
9.83732	68.2649	0.0132039	0.0584206
7.31021	68.2649	0.0171253	0.087887
8.78345	65.7825	0.0276426	4.53321
31.8745	54.2817	4.80573	0.00865941
30.9447	52.3495	4.84668	0.00496629
34.1289	53.2696	4.84108	0.00537219
35.7802	55.2938	4.8454	0.00802969
31.8745	54.2817	4.80573	0.00865941
34.1289	53.2696	4.84108	0.00537219
29.6201	55.2938	4.74259	0.0113564
30.9447	52.3495	4.84668	0.00496629
31.8745	54.2817	4.80573	0.00865941
29.839	59.2394	0.0818124	0.0391839
26.4853	58.144	0.100338	0.0284532
29.6201	55.2938	4.74259	0.0113564
33.5519	59.0383	0.117056	0.0353515
29.839	59.2394	0.0818124	0.0391839
32.1533	57.1939	0.154808	0.0212848
35.7802	55.2938	4.8454	0.00802969
33.5519	59.0383	0.117056	0.0353515
32.1533	57.1939	0.154808	0.0212848
34.9506	60.8826	0.081823	0.0501974
31.3817	62.6228	0.0323962	4.49192
33.5519	59.0383	0.117056	0.0353515
28.6113	62.4488	0.0313102	0.0716518
26.4215	60.8826	0.0476903	0.056747
29.839	59.2394	0.0818124	0.0391839
26.54	55.2938	0.161536	0.0131685
27.9723	52.3495	4.82499	0.00546654
29.6201	55.2938	4.74259	0.0113564
25.6371	53.0665	0.204475	0.0077212
27.9723	52.3495	4.82499	0.00546654
26.54	55.2938	0.161536	0.0131685
24.7341	50.8393	4.8259	0.004028
28.0388	49.3292	4.88379	0.00239328
27.9723	52.3495	4.82499	0.00546654
22.5483	72.3429	0.00265462	0.0368326
23.75	70.3973	0.00429483	0.0559658
25	72.3429	0.00249167	0.0280826
23.0327	74.7883	0.00141158	0.0160235
22.5483	72.3429	0.00265462	0.0368326
25	72.3429	0.00249167	0.0280826
21.4331	74.0896	0.00173604	0.0202665
19.0551	74.0896	0.00187294	0.0182052
20.0967	72.3429	0.00286252	0.0342813
19.0904	66.7823	0.0150214	0.101543
22.2828	65.9587	0.0155351	4.62742
21.8037	69.5771	0.00563476	4.48962
24.3347	67.1118	0.0099392	0.102768
23.75	70.3973	0.00429483	0.0559658
21.8037	69.5771	0.00563476	4.48962
27.0253	69.2491	0.00530106	0.0522103
30.0542	68.2649	0.00731388	4.39186
28.75	70.3973	0.00411255	0.0388172
25.6067	64.7258	0.0176577	4.54587
28.4106	64.5496	0.017995	0.0794307
26.9568	67.2765	0.00876282	0.0743749
22.2828	65.9587	0.0155351	4.62742
25.6067	64.7258	0.0176577	4.54587
24.3347	67.1118	0.0099392	0.102768
23.0704	62.1007	0.0464074	0.106585
26.4215	60.8826	0.0476903	0.056747
25.6067	64.7258	0.0176577	4.54587
30.4344	65.9587	0.0129741	0.0707328
30.0542	68.2649	0.00731388	4.39186
26.9568	67.2765	0.00876282	0.0743749
28.6113	62.4488	0.0313102	0.0716518
31.3817	62.6228	0.0323962	4.49192
28.4106	64.5496	0.017995	0.0794307
25.6067	64.7258	0.0176577	4.54587
28.6113	62.4488	0.0313102	0.0716518
28.4106	64.5496	0.017995	0.0794307
26.4215	60.8826	0.0476903	0.056747
26.4853	58.144	0.100338	0.0284532
29.839	59.2394	0.0818124	0.0391839
25.6067	64.7258	0.0176577	4.54587
26.4215	60.8826	0.0476903	0.056747
28.6113	62.4488	0.0313102	0.0716518
24.0253	59.6046	0.0907953	0.0543165
23.0771	56.6239	4.67921	0.0237005
26.4853	58.144	0.100338	0.0284532
33.1516	65.9587	0.015431	0.0626239
34.8233	67.7707	0.0104058	0.0457575
32.2468	68.921	0.00645957	0.0435644
31.3817	62.6228	0.0323962	4.49192
33.1516	65.9587	0.015431	0.0626239
30.4344	65.9587	0.0129741	0.0707328
34.1521	62.7968	0.044443	4.43379
35.8688	65.9587	0.0185698	0.0525441
33.1516	65.9587	0.015431	0.0626239
32.355	72.3429	0.00270421	0.0180548
33.75	70.3973	0.00473571	0.0264404
34.8066	72.3429	0.00310763	0.0170945
29.3832	76.0659	0.00105891	0.00823924
28.5669	74.0896	0.00161765	0.0136236
30.9297	73.8705	0.00177925	0.013003
31.0572	70.658	0.00397366	0.0321764
33.75	70.3973	0.00473571	0.0264404
32.355	72.3429	0.00270421	0.0180548
29.9033	72.3429	0.00253344	0.0208192
31.0572	70.658	0.00397366	0.0321764
32.355	72.3429	0.00270421	0.0180548
28.4106	64.5496	0.017995	0.0794307
31.3817	62.6228	0.0323962	4.49192
30.4344	65.9587	0.0129741	0.0707328
24.3347	67.1118	0.0099392	0.102768
25.6067	64.7258	0.0176577	4.54587
26.9568	67.2765	0.00876282	0.0743749
23.0704	62.1007	0.0464074	0.106585
24.0253	59.6046	0.0907953	0.0543165
26.4215	60.8826	0.0476903	0.056747
30.4344	65.9587	0.0129741	0.0707328
32.2468	68.921	0.00645957	0.0435644
30.0542	68.2649	0.00731388	4.39186
34.8233	67.7707	0.0104058	0.0457575
33.75	70.3973	0.00473571	0.0264404
32.2468	68.921	0.00645957	0.0435644
43.2329	49.3292	4.92901	0.000805662
40.1224	48.7521	4.85699	0.000807606
40.433	46.2515	4.79369	0.000410801
48.7787	52.3495	4.96501	0.00133934
45.8487	52.5335	4.95765	0.00170108
46.2717	49.3292	4.9568	0.000670631
42.834	52.3495	4.94306	0.00196921
40.1224	48.7521	4.85699	0.000807606
43.2329	49.3292	4.92901	0.000805662
47.2801	58.144	4.85786	0.0078444
44.2548	57.954	4.83255	0.00983766
45.0204	55.2938	4.92633	0.00409367
38.8603	55.2938	4.89023	0.00605739
35.7802	55.2938	4.8454	0.00802969
36.7564	51.5944	4.84882	0.00250875
41.9404	55.2938	4.91121	0.0049932
38.8603	55.2938	4.89023	0.00605739
39.8617	52.3495	4.9104	0.00247542
45.8487	52.5335	4.95765	0.00170108
45.0204	55.2938	4.92633	0.00409367
42.834	52.3495	4.94306	0.00196921
41.4664	58.5091	4.78848	0.0134656
40.6366	60.8826	0.115052	0.0284593
38.5596	58.6917	4.75493	0.0159902
44.2548	57.954	4.83255	0.00983766
41.4664	58.5091	4.78848	0.0134656
41.9404	55.2938	4.91121	0.0049932
44.2548	57.954	4.83255	0.00983766
43.4796	60.8826	0.123411	0.0283433
41.4664	58.5091	4.78848	0.0134656
38.5596	58.6917	4.75493	0.0159902
35.7802	55.2938	4.8454	0.00802969
38.8603	55.2938	4.89023	0.00605739
6.31731	42.7435	4.99271	0.000345114
3.39381	46.2515	4.99469	0.000888841
3.19711	42.9395	4.99622	0.000362523
45.8487	52.5335	4.95765	0.00170108
42.834	52.3495	4.94306	0.00196921
43.2329	49.3292	4.92901	0.000805662
48.1005	55.2938	4.93968	0.00322322
45.8487	52.5335	4.95765	0.00170108
48.7787	52.3495	4.96501	0.00133934
48.1005	55.2938	4.93968	0.00322322
47.2801	58.144	4.85786	0.0078444
45.0204	55.2938	4.92633	0.00409367
37.7936	60.8826	0.104153	0.0273539
38.5596	58.6917	4.75493	0.0159902
40.6366	60.8826	0.115052	0.0284593
41.3032	65.9587	0.0262356	0.0416532
39.6261	63.8451	0.043689	0.0401672
42.43	63.669	0.0535195	4.34588
34.9506	60.8826	0.081823	0.0501974
35.6527	58.8743	4.67051	0.0255486
37.7936	60.8826	0.104153	0.0273539
31.3817	62.6228	0.0323962	4.49192
34.9506	60.8826	0.081823	0.0501974
34.1521	62.7968	0.044443	4.43379
33.5519	59.0383	0.117056	0.0353515
35.7802	55.2938	4.8454	0.00802969
35.6527	58.8743	4.67051	0.0255486
31.8745	54.2817	4.80573	0.00865941
35.7802	55.2938	4.8454	0.00802969
32.1533	57.1939	0.154808	0.0212848
34.1165	49.3292	0.203451	0.00163784
34.2598	46.2515	0.144362	0.000688232
37.0597	48.5598	0.197823	0.0010839
28.0388	49.3292	4.88379	0.00239328
31.0776	49.3292	4.83405	0.00216492
30.9447	52.3495	4.84668	0.00496629
28.0388	49.3292	4.88379	0.00239328
25	46.2515	4.91391	0.00100083
28.0866	46.2515	4.8828	0.000947543
36.7564	51.5944	4.84882	0.00250875
35.7802	55.2938	4.8454	0.00802969
34.1289	53.2696	4.84108	0.00537219
30.9447	52.3495	4.84668	0.00496629
31.0776	49.3292	4.83405	0.00216492
34.1165	49.3292	0.203451	0.00163784
40.1224	48.7521	4.85699	0.000807606
42.834	52.3495	4.94306	0.00196921
39.8617	52.3495	4.9104	0.00247542
39.8617	52.3495	4.9104	0.00247542
42.834	52.3495	4.94306	0.00196921
41.9404	55.2938	4.91121	0.0049932
36.7564	51.5944	4.84882	0.00250875
39.8617	52.3495	4.9104	0.00247542
38.8603	55.2938	4.89023	0.00605739
36.7564	51.5944	4.84882	0.00250875
40.1224	48.7521	4.85699	0.000807606
39.8617	52.3495	4.9104	0.00247542
18.9224	49.3292	4.87577	0.00293583
19.0553	52.3495	0.233112	0.00742757
16.083	52.3495	4.89613	0.00686217
15.7402	46.2515	4.93865	0.00117511
18.8268	46.2515	4.90795	0.00110545
15.8835	49.3292	4.93662	0.0027945
21.7462	47.598	4.88833	0.00173456
25	46.2515	4.91391	0.00100083
24.7341	50.8393	4.8259	0.004028
22.0108	14.5924	0.16284	4.98491e-05
19.9458	11.7351	0.121543	4.99295e-05
23.0432	12.7235	0.130012	4.97012e-05
17.645	7.6571	0.0672904	5.00591e-05
18.75	9.60269	0.0940297	4.99918e-05
16.5822	10.0948	4.65222	4.93885e-05
14.9215	7.36598	0.075648	5.02237e-05
17.645	7.6571	0.0672904	5.00591e-05
16.5822	10.0948	4.65222	4.93885e-05
16.6772	5.91038	0.0451314	5.01073e-05
19.0551	5.91038	0.0355503	4.99909e-05
17.645	7.6571	0.0672904	5.00591e-05
20.0967	7.6571	0.0484571	4.99158e-05
21.25	9.60269	0.0671176	4.98228e-05
18.75	9.60269	0.0940297	4.99918e-05
17.645	7.6571	0.0672904	5.00591e-05
19.0551	5.91038	0.0355503	4.99909e-05
20.0967	7.6571	0.0484571	4.99158e-05
24.1844	6.78374	0.0389321	4.97244e-05
26.189	5.91038	0.0343889	4.96641e-05
25.4207	8.55507	0.0720976	4.96032e-05
28.5669	5.91038	0.0387048	4.95656e-05
31.8199	4.37335	0.0277299	4.94904e-05
31.1316	6.34706	0.0456409	4.94578e-05
26.9661	0.123895	0.0121685	4.9777e-05
28.4094	2.238	0.0160776	4.9687e-05
26.0648	3.0556	0.0168729	4.97634e-05
28.9198	0.494728	0.0145318	4.96932e-05
30.8485	1.10996	0.0168627	4.96063e-05
28.4094	2.238	0.0160776	4.9687e-05
31.25	9.60269	0.122892	4.9378e-05
33.75	9.60269	0.104154	4.9367e-05
32.5813	11.7351	4.74692	4.8606e-05
30.9096	13.2177	4.84676	4.86106e-05
29.636	10.915	4.72645	4.86106e-05
32.5813	11.7351	4.74692	4.8606e-05
32.355	7.6571	0.0640313	4.93944e-05
33.4473	6.2015	0.0425556	4.93986e-05
34.9468	7.95642	0.0657542	4.93636e-05
29.9033	7.6571	0.0691798	4.94549e-05
32.355	7.6571	0.0640313	4.93944e-05
31.25	9.60269	0.122892	4.9378e-05
31.1316	6.34706	0.0456409	4.94578e-05
31.8199	4.37335	0.0277299	4.94904e-05
33.4473	6.2015	0.0425556	4.93986e-05
29.9033	7.6571	0.0691798	4.94549e-05
31.1316	6.34706	0.0456409	4.94578e-05
32.355	7.6571	0.0640313	4.93944e-05
29.9033	7.6571	0.0691798	4.94549e-05
28.5669	5.91038	0.0387048	4.95656e-05
31.1316	6.34706	0.0456409	4.94578e-05
28.5669	5.91038	0.0387048	4.95656e-05
29.9033	7.6571	0.0691798	4.94549e-05
27.8022	8.40541	0.0866067	4.95007e-05
25	4.37335	0.0217882	4.97675e-05
27.2733	4.37335	0.0242327	4.96736e-05
26.189	5.91038	0.0343889	4.96641e-05
27.2733	4.37335	0.0242327	4.96736e-05
30.3241	3.0556	0.019892	4.95866e-05
28.5669	5.91038	0.0387048	4.95656e-05
31.1316	6.34706	0.0456409	4.94578e-05
33.4473	6.2015	0.0425556	4.93986e-05
32.355	7.6571	0.0640313	4.93944e-05
27.2733	4.37335	0.0242327	4.96736e-05
28.4094	2.238	0.0160776	4.9687e-05
30.3241	3.0556	0.019892	4.95866e-05
26.189	5.91038	0.0343889	4.96641e-05
27.2733	4.37335	0.0242327	4.96736e-05
28.5669	5.91038	0.0387048	4.95656e-05
26.0648	3.0556	0.0168729	4.97634e-05
28.4094	2.238	0.0160776	4.9687e-05
27.2733	4.37335	0.0242327	4.96736e-05
29.636	10.915	4.72645	4.86106e-05
29.9033	7.6571	0.0691798	4.94549e-05
31.25	9.60269	0.122892	4.9378e-05
25.4207	8.55507	0.0720976	4.96032e-05
27.8022	8.40541	0.0866067	4.95007e-05
27.0253	10.7509	4.67891	4.87e-05
25.4207	8.55507	0.0720976	4.96032e-05
26.189	5.91038	0.0343889	4.96641e-05
27.8022	8.40541	0.0866067	4.95007e-05
26.3489	16.5071	4.87524	4.87973e-05
24.3933	15.2742	0.209839	4.96591e-05
25.6653	12.8882	4.73484	4.8749e-05
30.3241	3.0556	0.019892	4.95866e-05
31.8199	4.37335	0.0277299	4.94904e-05
28.5669	5.91038	0.0387048	4.95656e-05
30.8485	1.10996	0.0168627	4.96063e-05
30.3241	3.0556	0.019892	4.95866e-05
28.4094	2.238	0.0160776	4.9687e-05
30.8485	1.10996	0.0168627	4.96063e-05
32.7403	1.96546	0.0207328	4.9514e-05
30.3241	3.0556	0.019892	4.95866e-05
30.3241	3.0556	0.019892	4.95866e-05
32.7403	1.96546	0.0207328	4.9514e-05
31.8199	4.37335	0.0277299	4.94904e-05
23.9352	3.0556	0.0160736	4.98434e-05
25	4.37335	0.0217882	4.97675e-05
22.7267	4.37335	0.0206215	4.98601e-05
26.9661	0.123895	0.0121685	4.9777e-05
26.0648	3.0556	0.0168729	4.97634e-05
25.0248	1.47661	0.0130629	4.98307e-05
26.9661	0.123895	0.0121685	4.9777e-05
28.9198	0.494728	0.0145318	4.96932e-05
28.4094	2.238	0.0160776	4.9687e-05
25.0248	1.47661	0.0130629	4.98307e-05
25	-8.70219e-28	0.0121839	4.9839e-05
26.9661	0.123895	0.0121685	4.9777e-05
23.9352	3.0556	0.0160736	4.98434e-05
25.0248	1.47661	0.0130629	4.98307e-05
26.0648	3.0556	0.0168729	4.97634e-05
23.9352	3.0556	0.0160736	4.98434e-05
23.0835	1.59882	0.0131939	4.98926e-05
25.0248	1.47661	0.0130629	4.98307e-05
32.7403	1.96546	0.0207328	4.9514e-05
34.5833	3.0556	0.0260547	4.94272e-05
31.8199	4.37335	0.0277299	4.94904e-05
25	4.37335	0.0217882	4.97675e-05
26.0648	3.0556	0.0168729	4.97634e-05
27.2733	4.37335	0.0242327	4.96736e-05
24.1844	6.78374	0.0389321	4.97244e-05
25	4.37335	0.0217882	4.97675e-05
26.189	5.91038	0.0343889	4.96641e-05
23.9352	3.0556	0.0160736	4.98434e-05
26.0648	3.0556	0.0168729	4.97634e-05
25	4.37335	0.0217882	4.97675e-05
21.913	2.6468	0.0153549	4.99203e-05
23.9352	3.0556	0.0160736	4.98434e-05
22.7267	4.37335	0.0206215	4.98601e-05
23.0835	1.59882	0.0131939	4.98926e-05
23.0339	0.123895	0.0121403	4.98984e-05
25.0248	1.47661	0.0130629	4.98307e-05
21.913	2.6468	0.0153549	4.99203e-05
23.0835	1.59882	0.0131939	4.98926e-05
23.9352	3.0556	0.0160736	4.98434e-05
21.4331	5.91038	0.0295284	4.98783e-05
20.4534	4.37335	0.0224662	4.99485e-05
22.7267	4.37335	0.0206215	4.98601e-05
19.7476	2.78306	0.0180727	4.99859e-05
21.0802	0.494728	0.0131393	4.99506e-05
21.913	2.6468	0.0153549	4.99203e-05
23.0339	0.123895	0.0121403	4.98984e-05
25	-8.70219e-28	0.0121839	4.9839e-05
25.0248	1.47661	0.0130629	4.98307e-05
33.4473	6.2015	0.0425556	4.93986e-05
34.5833	3.0556	0.0260547	4.94272e-05
35.7008	5.91038	0.0440055	4.93618e-05
36.3664	4.37335	0.0386227	4.93705e-05
35.7008	5.91038	0.0440055	4.93618e-05
34.5833	3.0556	0.0260547	4.94272e-05
23.5785	19.1174	4.90426	4.92123e-05
26.3489	16.5071	4.87524	4.87973e-05
26.4215	19.1174	4.93685	4.89841e-05
23.0771	23.3761	4.97144	5.00052e-05
25.3391	26.1784	4.96847	5.0717e-05
22.0277	27.6505	4.96745	5.25783e-05
29.636	10.915	4.72645	4.86106e-05
27.8022	8.40541	0.0866067	4.95007e-05
29.9033	7.6571	0.0691798	4.94549e-05
29.636	10.915	4.72645	4.86106e-05
27.0253	10.7509	4.67891	4.87e-05
27.8022	8.40541	0.0866067	4.95007e-05
32.5813	11.7351	4.74692	4.8606e-05
29.636	10.915	4.72645	4.86106e-05
31.25	9.60269	0.122892	4.9378e-05
28.2875	13.053	4.82892	4.86312e-05
27.0253	10.7509	4.67891	4.87e-05
29.636	10.915	4.72645	4.86106e-05
23.0432	12.7235	0.130012	4.97012e-05
25.6653	12.8882	4.73484	4.8749e-05
24.3933	15.2742	0.209839	4.96591e-05
24.4145	10.5869	0.108984	4.96071e-05
25.4207	8.55507	0.0720976	4.96032e-05
27.0253	10.7509	4.67891	4.87e-05
23.0432	12.7235	0.130012	4.97012e-05
24.4145	10.5869	0.108984	4.96071e-05
25.6653	12.8882	4.73484	4.8749e-05
23.0432	12.7235	0.130012	4.97012e-05
21.25	9.60269	0.0671176	4.98228e-05
24.4145	10.5869	0.108984	4.96071e-05
24.1844	6.78374	0.0389321	4.97244e-05
22.5483	7.6571	0.0431772	4.97798e-05
21.4331	5.91038	0.0295284	4.98783e-05
25	4.37335	0.0217882	4.97675e-05
24.1844	6.78374	0.0389321	4.97244e-05
22.7267	4.37335	0.0206215	4.98601e-05
25.4207	8.55507	0.0720976	4.96032e-05
24.4145	10.5869	0.108984	4.96071e-05
22.5483	7.6571	0.0431772	4.97798e-05
24.4145	10.5869	0.108984	4.96071e-05
21.25	9.60269	0.0671176	4.98228e-05
22.5483	7.6571	0.0431772	4.97798e-05
19.5656	14.0413	0.180116	5.0048e-05
20.9532	16.5071	0.219807	5.00736e-05
18.2554	16.5071	4.85721	4.96077e-05
19.9458	11.7351	0.121543	4.99295e-05
19.5656	14.0413	0.180116	5.0048e-05
17.7988	12.3941	4.73005	4.93526e-05
18.75	9.60269	0.0940297	4.99918e-05
19.9458	11.7351	0.121543	4.99295e-05
17.7988	12.3941	4.73005	4.93526e-05
21.25	9.60269	0.0671176	4.98228e-05
23.0432	12.7235	0.130012	4.97012e-05
19.9458	11.7351	0.121543	4.99295e-05
22.0108	14.5924	0.16284	4.98491e-05
20.9532	16.5071	0.219807	5.00736e-05
19.5656	14.0413	0.180116	5.0048e-05
19.9458	11.7351	0.121543	4.99295e-05
22.0108	14.5924	0.16284	4.98491e-05
19.5656	14.0413	0.180116	5.0048e-05
23.0432	12.7235	0.130012	4.97012e-05
24.3933	15.2742	0.209839	4.96591e-05
22.0108	14.5924	0.16284	4.98491e-05
17.7548	18.7251	4.92999	4.99898e-05
20.7355	19.1174	4.90222	4.95981e-05
17.2541	20.9431	4.96657	5.05298e-05
16.8484	14.0413	4.83087	4.95355e-05
18.2554	16.5071	4.85721	4.96077e-05
15.9817	15.8026	4.901	4.97984e-05
20.9532	16.5071	0.219807	5.00736e-05
20.7355	19.1174	4.90222	4.95981e-05
18.2554	16.5071	4.85721	4.96077e-05
14.9215	7.36598	0.075648	5.02237e-05
16.5822	10.0948	4.65222	4.93885e-05
13.513	9.30337	0.131738	5.03767e-05
12.6058	7.51154	0.0885994	5.03639e-05
14.9215	7.36598	0.075648	5.02237e-05
13.513	9.30337	0.131738	5.03767e-05
13.6336	4.37335	0.0448165	5.02094e-05
15.4167	3.0556	0.0304055	5.01181e-05
16.6772	5.91038	0.0451314	5.01073e-05
19.7476	2.78306	0.0180727	4.99859e-05
19.1515	1.10996	0.0167089	4.99956e-05
21.0802	0.494728	0.0131393	4.99506e-05
20.4534	4.37335	0.0224662	4.99485e-05
19.0551	5.91038	0.0355503	4.99909e-05
18.1801	4.37335	0.0275661	5.00366e-05
21.913	2.6468	0.0153549	4.99203e-05
20.4534	4.37335	0.0224662	4.99485e-05
19.7476	2.78306	0.0180727	4.99859e-05
21.4331	5.91038	0.0295284	4.98783e-05
19.0551	5.91038	0.0355503	4.99909e-05
20.4534	4.37335	0.0224662	4.99485e-05
24.1844	6.78374	0.0389321	4.97244e-05
21.4331	5.91038	0.0295284	4.98783e-05
22.7267	4.37335	0.0206215	4.98601e-05
20.0967	7.6571	0.0484571	4.99158e-05
19.0551	5.91038	0.0355503	4.99909e-05
21.4331	5.91038	0.0295284	4.98783e-05
20.4534	4.37335	0.0224662	4.99485e-05
18.1801	4.37335	0.0275661	5.00366e-05
19.7476	2.78306	0.0180727	4.99859e-05
23.0835	1.59882	0.0131939	4.98926e-05
21.0802	0.494728	0.0131393	4.99506e-05
23.0339	0.123895	0.0121403	4.98984e-05
27.8022	8.40541	0.0866067	4.95007e-05
26.189	5.91038	0.0343889	4.96641e-05
28.5669	5.91038	0.0387048	4.95656e-05
25.6653	12.8882	4.73484	4.8749e-05
24.4145	10.5869	0.108984	4.96071e-05
27.0253	10.7509	4.67891	4.87e-05
22.5483	7.6571	0.0431772	4.97798e-05
20.0967	7.6571	0.0484571	4.99158e-05
21.4331	5.91038	0.0295284	4.98783e-05
25.4207	8.55507	0.0720976	4.96032e-05
22.5483	7.6571	0.0431772	4.97798e-05
24.1844	6.78374	0.0389321	4.97244e-05
21.25	9.60269	0.0671176	4.98228e-05
20.0967	7.6571	0.0484571	4.99158e-05
22.5483	7.6571	0.0431772	4.97798e-05
14.9215	7.36598	0.075648	5.02237e-05
16.6772	5.91038	0.0451314	5.01073e-05
17.645	7.6571	0.0672904	5.00591e-05
21.913	2.6468	0.0153549	4.99203e-05
21.0802	0.494728	0.0131393	4.99506e-05
23.0835	1.59882	0.0131939	4.98926e-05
37.3284	7.80676	0.0707219	4.93729e-05
38.0788	5.91038	0.055891	4.93569e-05
39.7099	7.6571	0.0909392	4.94173e-05
33.4473	6.2015	0.0425556	4.93986e-05
35.7008	5.91038	0.0440055	4.93618e-05
34.9468	7.95642	0.0657542	4.93636e-05
33.75	9.60269	0.104154	4.9367e-05
32.355	7.6571	0.0640313	4.93944e-05
34.9468	7.95642	0.0657542	4.93636e-05
31.8199	4.37335	0.0277299	4.94904e-05
34.5833	3.0556	0.0260547	4.94272e-05
33.4473	6.2015	0.0425556	4.93986e-05
36.3664	4.37335	0.0386227	4.93705e-05
38.0788	5.91038	0.055891	4.93569e-05
35.7008	5.91038	0.0440055	4.93618e-05
19.7476	2.78306	0.0180727	4.99859e-05
17.2597	1.96546	0.021714	5.00505e-05
19.1515	1.10996	0.0167089	4.99956e-05
18.1801	4.37335	0.0275661	5.00366e-05
16.6772	5.91038	0.0451314	5.01073e-05
15.4167	3.0556	0.0304055	5.01181e-05
19.7476	2.78306	0.0180727	4.99859e-05
18.1801	4.37335	0.0275661	5.00366e-05
17.2597	1.96546	0.021714	5.00505e-05
19.0551	5.91038	0.0355503	4.99909e-05
16.6772	5.91038	0.0451314	5.01073e-05
18.1801	4.37335	0.0275661	5.00366e-05
21.913	2.6468	0.0153549	4.99203e-05
22.7267	4.37335	0.0206215	4.98601e-05
20.4534	4.37335	0.0224662	4.99485e-05
20.0967	7.6571	0.0484571	4.99158e-05
18.75	9.60269	0.0940297	4.99918e-05
17.645	7.6571	0.0672904	5.00591e-05
14.9215	7.36598	0.075648	5.02237e-05
13.6336	4.37335	0.0448165	5.02094e-05
16.6772	5.91038	0.0451314	5.01073e-05
32.355	7.6571	0.0640313	4.93944e-05
33.75	9.60269	0.104154	4.9367e-05
31.25	9.60269	0.122892	4.9378e-05
38.0788	5.91038	0.055891	4.93569e-05
37.3284	7.80676	0.0707219	4.93729e-05
35.7008	5.91038	0.0440055	4.93618e-05
38.75	9.60269	0.11998	4.94676e-05
41.25	9.60269	0.16521	4.95745e-05
40.1627	11.7351	4.7926	4.89086e-05
36.25	9.60269	0.0982629	4.93991e-05
38.75	9.60269	0.11998	4.94676e-05
37.4683	11.4071	0.172059	4.95138e-05
39.7099	7.6571	0.0909392	4.94173e-05
41.25	9.60269	0.16521	4.95745e-05
38.75	9.60269	0.11998	4.94676e-05
15.4167	3.0556	0.0304055	5.01181e-05
17.2597	1.96546	0.021714	5.00505e-05
18.1801	4.37335	0.0275661	5.00366e-05
44.0204	14.0413	4.9433	4.94815e-05
41.2166	14.2175	4.91797	4.9263e-05
42.6898	11.7351	4.86379	4.90691e-05
14.9215	7.36598	0.075648	5.02237e-05
12.6058	7.51154	0.0885994	5.03639e-05
13.6336	4.37335	0.0448165	5.02094e-05
15.1767	12.2293	4.80719	4.95827e-05
12.5545	12.0646	4.82283	4.98229e-05
13.513	9.30337	0.131738	5.03767e-05
16.5822	10.0948	4.65222	4.93885e-05
17.7988	12.3941	4.73005	4.93526e-05
15.1767	12.2293	4.80719	4.95827e-05
14.1312	14.0413	4.88869	4.98272e-05
12.5545	12.0646	4.82283	4.98229e-05
15.1767	12.2293	4.80719	4.95827e-05
15.9817	15.8026	4.901	4.97984e-05
14.7591	18.4213	4.95769	5.03665e-05
13.1778	15.9788	4.93905	5.01702e-05
16.5822	10.0948	4.65222	4.93885e-05
18.75	9.60269	0.0940297	4.99918e-05
17.7988	12.3941	4.73005	4.93526e-05
22.0108	14.5924	0.16284	4.98491e-05
24.3933	15.2742	0.209839	4.96591e-05
20.9532	16.5071	0.219807	5.00736e-05
11.4404	21.3083	4.98725	5.16287e-05
12.2064	19.1174	4.97595	5.08898e-05
14.6026	21.856	4.98208	5.12865e-05
8.66123	21.856	4.99228	5.22385e-05
11.4404	21.3083	4.98725	5.16287e-05
10.9756	24.1362	4.99299	5.2935e-05
8.66123	21.856	4.99228	5.22385e-05
9.3634	19.1174	4.98326	5.12788e-05
11.4404	21.3083	4.98725	5.16287e-05
6.52038	19.1174	4.98813	5.1615e-05
7.464	16.5071	4.97257	5.0917e-05
9.3634	19.1174	4.98326	5.12788e-05
3.67737	19.1174	4.99141	5.19214e-05
6.52038	19.1174	4.98813	5.1615e-05
5.62671	21.6734	4.99445	5.25429e-05
3.67737	19.1174	4.99141	5.19214e-05
4.76616	16.5071	4.98054	5.11789e-05
6.52038	19.1174	4.98813	5.1615e-05
10.1618	16.5071	4.96236	5.06234e-05
12.2064	19.1174	4.97595	5.08898e-05
9.3634	19.1174	4.98326	5.12788e-05
5.97957	14.0413	4.95451	5.06296e-05
8.69678	14.0413	4.93323	5.03932e-05
7.464	16.5071	4.97257	5.0917e-05
11.414	14.0413	4.91226	5.01219e-05
13.1778	15.9788	4.93905	5.01702e-05
10.1618	16.5071	4.96236	5.06234e-05
15.1767	12.2293	4.80719	4.95827e-05
16.8484	14.0413	4.83087	4.95355e-05
14.1312	14.0413	4.88869	4.98272e-05
6.52038	19.1174	4.98813	5.1615e-05
9.3634	19.1174	4.98326	5.12788e-05
8.66123	21.856	4.99228	5.22385e-05
14.7591	18.4213	4.95769	5.03665e-05
12.2064	19.1174	4.97595	5.08898e-05
13.1778	15.9788	4.93905	5.01702e-05
14.7591	18.4213	4.95769	5.03665e-05
14.6026	21.856	4.98208	5.12865e-05
12.2064	19.1174	4.97595	5.08898e-05
12.6058	7.51154	0.0885994	5.03639e-05
11.9212	5.91038	0.0743226	5.03346e-05
13.6336	4.37335	0.0448165	5.02094e-05
11.25	9.60269	0.151536	5.05613e-05
12.6058	7.51154	0.0885994	5.03639e-05
13.513	9.30337	0.131738	5.03767e-05
10.2901	7.6571	0.113828	5.05021e-05
11.9212	5.91038	0.0743226	5.03346e-05
12.6058	7.51154	0.0885994	5.03639e-05
41.2166	14.2175	4.91797	4.9263e-05
40.1627	11.7351	4.7926	4.89086e-05
42.6898	11.7351	4.86379	4.90691e-05
35.1085	11.7351	0.177022	4.94354e-05
37.4683	11.4071	0.172059	4.95138e-05
35.6088	14.5697	4.8709	4.88529e-05
33.1516	14.0413	4.86578	4.86866e-05
35.1085	11.7351	0.177022	4.94354e-05
35.6088	14.5697	4.8709	4.88529e-05
32.5813	11.7351	4.74692	4.8606e-05
33.75	9.60269	0.104154	4.9367e-05
35.1085	11.7351	0.177022	4.94354e-05
37.3284	7.80676	0.0707219	4.93729e-05
39.7099	7.6571	0.0909392	4.94173e-05
38.75	9.60269	0.11998	4.94676e-05
36.25	9.60269	0.0982629	4.93991e-05
37.3284	7.80676	0.0707219	4.93729e-05
38.75	9.60269	0.11998	4.94676e-05
35.1085	11.7351	0.177022	4.94354e-05
36.25	9.60269	0.0982629	4.93991e-05
37.4683	11.4071	0.172059	4.95138e-05
34.9468	7.95642	0.0657542	4.93636e-05
37.3284	7.80676	0.0707219	4.93729e-05
36.25	9.60269	0.0982629	4.93991e-05
34.9468	7.95642	0.0657542	4.93636e-05
35.7008	5.91038	0.0440055	4.93618e-05
37.3284	7.80676	0.0707219	4.93729e-05
42.536	16.5071	4.96529	4.97553e-05
44.0204	14.0413	4.9433	4.94815e-05
45.2338	16.5071	4.97555	5.00208e-05
38.4127	14.3936	4.88529	4.90427e-05
41.2166	14.2175	4.91797	4.9263e-05
39.693	16.8552	4.95587	4.94913e-05
38.4127	14.3936	4.88529	4.90427e-05
37.4683	11.4071	0.172059	4.95138e-05
40.1627	11.7351	4.7926	4.89086e-05
10.2901	7.6571	0.113828	5.05021e-05
12.6058	7.51154	0.0885994	5.03639e-05
11.25	9.60269	0.151536	5.05613e-05
28.2875	13.053	4.82892	4.86312e-05
30.001	14.922	4.90008	4.86504e-05
26.3489	16.5071	4.87524	4.87973e-05
35.1085	11.7351	0.177022	4.94354e-05
33.1516	14.0413	4.86578	4.86866e-05
32.5813	11.7351	4.74692	4.8606e-05
30.001	14.922	4.90008	4.86504e-05
28.6113	17.5512	4.93324	4.87807e-05
26.3489	16.5071	4.87524	4.87973e-05
30.9096	13.2177	4.84676	4.86106e-05
30.001	14.922	4.90008	4.86504e-05
28.2875	13.053	4.82892	4.86312e-05
29.636	10.915	4.72645	4.86106e-05
30.9096	13.2177	4.84676	4.86106e-05
28.2875	13.053	4.82892	4.86312e-05
32.5813	11.7351	4.74692	4.8606e-05
33.1516	14.0413	4.86578	4.86866e-05
30.9096	13.2177	4.84676	4.86106e-05
31.7446	16.5071	4.93353	4.87716e-05
28.6113	17.5512	4.93324	4.87807e-05
30.001	14.922	4.90008	4.86504e-05
34.4425	16.5071	4.93412	4.8924e-05
31.7446	16.5071	4.93353	4.87716e-05
33.1516	14.0413	4.86578	4.86866e-05
34.4425	16.5071	4.93412	4.8924e-05
34.9506	19.1174	4.9689	4.92295e-05
32.1075	19.1174	4.96414	4.89803e-05
37.1403	16.5071	4.93863	4.91675e-05
34.4425	16.5071	4.93412	4.8924e-05
35.6088	14.5697	4.8709	4.88529e-05
37.1403	16.5071	4.93863	4.91675e-05
37.7936	19.1174	4.97305	4.95847e-05
34.9506	19.1174	4.9689	4.92295e-05
11.414	14.0413	4.91226	5.01219e-05
14.1312	14.0413	4.88869	4.98272e-05
13.1778	15.9788	4.93905	5.01702e-05
8.69678	14.0413	4.93323	5.03932e-05
9.93237	11.8999	4.84435	5.00417e-05
11.414	14.0413	4.91226	5.01219e-05
11.25	9.60269	0.151536	5.05613e-05
13.513	9.30337	0.131738	5.03767e-05
12.5545	12.0646	4.82283	4.98229e-05
10.2901	7.6571	0.113828	5.05021e-05
11.25	9.60269	0.151536	5.05613e-05
8.74996	9.60269	0.187694	5.07254e-05
13.513	9.30337	0.131738	5.03767e-05
16.5822	10.0948	4.65222	4.93885e-05
15.1767	12.2293	4.80719	4.95827e-05
9.93237	11.8999	4.84435	5.00417e-05
11.25	9.60269	0.151536	5.05613e-05
12.5545	12.0646	4.82283	4.98229e-05
11.414	14.0413	4.91226	5.01219e-05
9.93237	11.8999	4.84435	5.00417e-05
12.5545	12.0646	4.82283	4.98229e-05
8.69678	14.0413	4.93323	5.03932e-05
7.31021	11.7351	4.88815	5.02218e-05
9.93237	11.8999	4.84435	5.00417e-05
37.4683	11.4071	0.172059	4.95138e-05
38.4127	14.3936	4.88529	4.90427e-05
35.6088	14.5697	4.8709	4.88529e-05
42.536	16.5071	4.96529	4.97553e-05
43.4158	19.3	4.98577	5.0386e-05
40.5089	19.4825	4.9812	5.0033e-05
44.0204	14.0413	4.9433	4.94815e-05
42.536	16.5071	4.96529	4.97553e-05
41.2166	14.2175	4.91797	4.9263e-05
45.2338	16.5071	4.97555	5.00208e-05
43.4158	19.3	4.98577	5.0386e-05
42.536	16.5071	4.96529	4.97553e-05
40.5089	19.4825	4.9812	5.0033e-05
41.2294	22.236	4.99093	5.06604e-05
38.204	22.4261	4.98743	5.01765e-05
42.536	16.5071	4.96529	4.97553e-05
40.5089	19.4825	4.9812	5.0033e-05
39.693	16.8552	4.95587	4.94913e-05
43.4158	19.3	4.98577	5.0386e-05
41.2294	22.236	4.99093	5.06604e-05
40.5089	19.4825	4.9812	5.0033e-05
47.2801	21.856	4.99478	5.13258e-05
44.3095	21.856	4.99313	5.10292e-05
46.3226	19.1174	4.98919	5.06461e-05
38.4127	14.3936	4.88529	4.90427e-05
37.1403	16.5071	4.93863	4.91675e-05
35.6088	14.5697	4.8709	4.88529e-05
40.1627	11.7351	4.7926	4.89086e-05
41.2166	14.2175	4.91797	4.9263e-05
38.4127	14.3936	4.88529	4.90427e-05
38.75	9.60269	0.11998	4.94676e-05
40.1627	11.7351	4.7926	4.89086e-05
37.4683	11.4071	0.172059	4.95138e-05
41.25	9.60269	0.16521	4.95745e-05
42.6898	11.7351	4.86379	4.90691e-05
40.1627	11.7351	4.7926	4.89086e-05
39.693	16.8552	4.95587	4.94913e-05
37.1403	16.5071	4.93863	4.91675e-05
38.4127	14.3936	4.88529	4.90427e-05
40.5089	19.4825	4.9812	5.0033e-05
37.7936	19.1174	4.97305	4.95847e-05
39.693	16.8552	4.95587	4.94913e-05
28.8815	20.2128	4.96027	4.89615e-05
29.1279	22.9961	4.95998	4.93107e-05
26.1025	23.1861	4.96772	4.95252e-05
32.1075	19.1174	4.96414	4.89803e-05
34.9506	19.1174	4.9689	4.92295e-05
32.4267	21.856	4.97207	4.92873e-05
28.8815	20.2128	4.96027	4.89615e-05
32.1075	19.1174	4.96414	4.89803e-05
32.4267	21.856	4.97207	4.92873e-05
31.7446	16.5071	4.93353	4.87716e-05
34.4425	16.5071	4.93412	4.8924e-05
32.1075	19.1174	4.96414	4.89803e-05
28.6113	17.5512	4.93324	4.87807e-05
31.7446	16.5071	4.93353	4.87716e-05
32.1075	19.1174	4.96414	4.89803e-05
11.414	14.0413	4.91226	5.01219e-05
12.5545	12.0646	4.82283	4.98229e-05
14.1312	14.0413	4.88869	4.98272e-05
12.2064	19.1174	4.97595	5.08898e-05
10.1618	16.5071	4.96236	5.06234e-05
13.1778	15.9788	4.93905	5.01702e-05
9.93237	11.8999	4.84435	5.00417e-05
8.74996	9.60269	0.187694	5.07254e-05
11.25	9.60269	0.151536	5.05613e-05
43.4158	19.3	4.98577	5.0386e-05
45.2338	16.5071	4.97555	5.00208e-05
46.3226	19.1174	4.98919	5.06461e-05
33.1516	14.0413	4.86578	4.86866e-05
35.6088	14.5697	4.8709	4.88529e-05
34.4425	16.5071	4.93412	4.8924e-05
36.25	9.60269	0.0982629	4.93991e-05
33.75	9.60269	0.104154	4.9367e-05
34.9468	7.95642	0.0657542	4.93636e-05
21.9134	33.7485	0.258028	7.01961e-05
18.9132	34.917	4.85333	7.9197e-05
18.6835	32.5943	4.91529	6.51617e-05
25	30.6708	4.92076	5.54638e-05
21.9134	33.7485	0.258028	7.01961e-05
21.9612	30.6708	4.92004	5.75912e-05
21.8846	36.8646	4.80194	9.89997e-05
18.9132	34.917	4.85333	7.9197e-05
21.9134	33.7485	0.258028	7.01961e-05
25	40	4.86115	0.000158868
21.8846	36.8646	4.80194	9.89997e-05
25.1151	35.3065	0.245714	7.513e-05
21.9134	33.7485	0.258028	7.01961e-05
18.6835	32.5943	4.91529	6.51617e-05
21.9612	30.6708	4.92004	5.75912e-05
18.7212	38.8242	0.204379	0.00014433
18.9132	34.917	4.85333	7.9197e-05
21.8846	36.8646	4.80194	9.89997e-05
17.2667	36.7732	0.248164	0.000107614
15.8122	34.7222	4.90235	7.83236e-05
18.9132	34.917	4.85333	7.9197e-05
18.7212	38.8242	0.204379	0.00014433
17.2667	36.7732	0.248164	0.000107614
18.9132	34.917	4.85333	7.9197e-05
18.7212	38.8242	0.204379	0.00014433
15.601	39.0202	0.242066	0.000153135
17.2667	36.7732	0.248164	0.000107614
18.7981	41.9596	0.22932	0.000299024
18.7212	38.8242	0.204379	0.00014433
21.9014	39.3141	0.23442	0.000156624
15.601	39.0202	0.242066	0.000153135
15.8122	34.7222	4.90235	7.83236e-05
17.2667	36.7732	0.248164	0.000107614
14.001	23.9462	4.98866	5.22703e-05
14.6026	21.856	4.98208	5.12865e-05
17.2998	24.7062	4.984	5.19493e-05
13.1107	27.6505	4.98982	5.54151e-05
12.8447	30.6708	4.98246	6.06505e-05
10.1383	27.6505	4.99422	5.60694e-05
15.2052	26.1784	4.98762	5.34756e-05
15.7173	29.727	0.420594	4.87926e-06
13.1107	27.6505	4.98982	5.54151e-05
20.3799	24.7062	4.97638	5.11915e-05
18.0114	27.1222	4.9795	5.35645e-05
17.2998	24.7062	4.984	5.19493e-05
18.7229	29.5382	4.96184	5.66093e-05
15.7173	29.727	0.420594	4.87926e-06
18.0114	27.1222	4.9795	5.35645e-05
18.7229	29.5382	4.96184	5.66093e-05
18.6835	32.5943	4.91529	6.51617e-05
15.7173	29.727	0.420594	4.87926e-06
10.9756	24.1362	4.99299	5.2935e-05
8.05963	24.7062	4.99578	5.37382e-05
8.66123	21.856	4.99228	5.22385e-05
10.1383	27.6505	4.99422	5.60694e-05
8.05963	24.7062	4.99578	5.37382e-05
10.9756	24.1362	4.99299	5.2935e-05
10.1383	27.6505	4.99422	5.60694e-05
9.80591	30.6708	4.99109	6.19223e-05
7.16598	27.6505	4.99685	5.6396e-05
6.70061	30.2933	4.99628	6.08285e-05
7.16598	27.6505	4.99685	5.6396e-05
9.80591	30.6708	4.99109	6.19223e-05
4.97956	24.7062	4.99722	5.41318e-05
5.62671	21.6734	4.99445	5.25429e-05
8.05963	24.7062	4.99578	5.37382e-05
3.67737	19.1174	4.99141	5.19214e-05
5.62671	21.6734	4.99445	5.25429e-05
2.71986	21.856	4.99601	5.29635e-05
6.52038	19.1174	4.98813	5.1615e-05
4.76616	16.5071	4.98054	5.11789e-05
7.464	16.5071	4.97257	5.0917e-05
25	30.6708	4.92076	5.54638e-05
28.0388	30.6708	4.94542	5.46544e-05
28.0866	33.7485	4.89691	6.20335e-05
47.2801	21.856	4.99478	5.13258e-05
48.1005	24.7062	4.99668	5.20599e-05
45.0204	24.7062	4.99588	5.17678e-05
26.4215	19.1174	4.93685	4.89841e-05
26.3489	16.5071	4.87524	4.87973e-05
28.6113	17.5512	4.93324	4.87807e-05
18.0114	27.1222	4.9795	5.35645e-05
22.0277	27.6505	4.96745	5.25783e-05
18.7229	29.5382	4.96184	5.66093e-05
17.2541	20.9431	4.96657	5.05298e-05
20.544	21.856	4.9609	5.01227e-05
17.2998	24.7062	4.984	5.19493e-05
23.0771	23.3761	4.97144	5.00052e-05
26.1025	23.1861	4.96772	4.95252e-05
25.3391	26.1784	4.96847	5.0717e-05
17.2998	24.7062	4.984	5.19493e-05
20.544	21.856	4.9609	5.01227e-05
20.3799	24.7062	4.97638	5.11915e-05
24.8405	21.1517	4.95239	4.93217e-05
26.1025	23.1861	4.96772	4.95252e-05
23.0771	23.3761	4.97144	5.00052e-05
20.544	21.856	4.9609	5.01227e-05
24.8405	21.1517	4.95239	4.93217e-05
23.0771	23.3761	4.97144	5.00052e-05
23.5785	19.1174	4.90426	4.92123e-05
26.4215	19.1174	4.93685	4.89841e-05
24.8405	21.1517	4.95239	4.93217e-05
31.199	26.5464	0.346822	5.12175e-05
30.7452	28.7831	4.94859	5.17768e-05
28.269	26.3624	4.9528	5.03783e-05
29.1279	22.9961	4.95998	4.93107e-05
31.199	26.5464	0.346822	5.12175e-05
28.269	26.3624	4.9528	5.03783e-05
32.7002	24.7062	4.95626	4.98384e-05
33.7508	28.5944	4.96424	5.14593e-05
31.199	26.5464	0.346822	5.12175e-05
20.544	21.856	4.9609	5.01227e-05
23.0771	23.3761	4.97144	5.00052e-05
20.3799	24.7062	4.97638	5.11915e-05
20.7355	19.1174	4.90222	4.95981e-05
20.544	21.856	4.9609	5.01227e-05
17.2541	20.9431	4.96657	5.05298e-05
17.7548	18.7251	4.92999	4.99898e-05
18.2554	16.5071	4.85721	4.96077e-05
20.7355	19.1174	4.90222	4.95981e-05
14.7591	18.4213	4.95769	5.03665e-05
17.7548	18.7251	4.92999	4.99898e-05
17.2541	20.9431	4.96657	5.05298e-05
14.7591	18.4213	4.95769	5.03665e-05
15.9817	15.8026	4.901	4.97984e-05
17.7548	18.7251	4.92999	4.99898e-05
20.9532	16.5071	0.219807	5.00736e-05
23.5785	19.1174	4.90426	4.92123e-05
20.7355	19.1174	4.90222	4.95981e-05
23.5785	19.1174	4.90426	4.92123e-05
24.8405	21.1517	4.95239	4.93217e-05
20.544	21.856	4.9609	5.01227e-05
26.689	28.4246	4.9564	5.21019e-05
22.0277	27.6505	4.96745	5.25783e-05
25.3391	26.1784	4.96847	5.0717e-05
21.9612	30.6708	4.92004	5.75912e-05
18.6835	32.5943	4.91529	6.51617e-05
18.7229	29.5382	4.96184	5.66093e-05
20.7355	19.1174	4.90222	4.95981e-05
23.5785	19.1174	4.90426	4.92123e-05
20.544	21.856	4.9609	5.01227e-05
16.8484	14.0413	4.83087	4.95355e-05
19.5656	14.0413	0.180116	5.0048e-05
18.2554	16.5071	4.85721	4.96077e-05
16.8484	14.0413	4.83087	4.95355e-05
17.7988	12.3941	4.73005	4.93526e-05
19.5656	14.0413	0.180116	5.0048e-05
14.1312	14.0413	4.88869	4.98272e-05
16.8484	14.0413	4.83087	4.95355e-05
15.9817	15.8026	4.901	4.97984e-05
15.1767	12.2293	4.80719	4.95827e-05
17.7988	12.3941	4.73005	4.93526e-05
16.8484	14.0413	4.83087	4.95355e-05
18.75	9.60269	0.0940297	4.99918e-05
21.25	9.60269	0.0671176	4.98228e-05
19.9458	11.7351	0.121543	4.99295e-05
24.3933	15.2742	0.209839	4.96591e-05
23.5785	19.1174	4.90426	4.92123e-05
20.9532	16.5071	0.219807	5.00736e-05
4.97956	24.7062	4.99722	5.41318e-05
4.19365	27.6505	4.99808	5.6753e-05
1.8995	24.7062	4.99787	5.45414e-05
8.74996	9.60269	0.187694	5.07254e-05
9.93237	11.8999	4.84435	5.00417e-05
7.31021	11.7351	4.88815	5.02218e-05
46.8029	37.0605	4.96726	6.69584e-05
43.6827	37.2565	4.93137	7.06168e-05
46.6062	33.7485	4.98631	5.78001e-05
41.9404	24.7062	4.99395	5.13244e-05
45.0204	24.7062	4.99588	5.17678e-05
42.7675	28.0281	4.99387	5.25606e-05
38.8603	24.7062	4.99036	5.077e-05
41.9404	24.7062	4.99395	5.13244e-05
39.9888	27.0985	4.99139	5.17712e-05
41.2294	22.236	4.99093	5.06604e-05
44.3095	21.856	4.99313	5.10292e-05
41.9404	24.7062	4.99395	5.13244e-05
48.7787	27.6505	4.9964	5.2959e-05
49.3105	30.6708	4.99402	5.44977e-05
46.2478	30.8632	4.99288	5.44804e-05
26.1025	23.1861	4.96772	4.95252e-05
24.8405	21.1517	4.95239	4.93217e-05
28.8815	20.2128	4.96027	4.89615e-05
28.269	26.3624	4.9528	5.03783e-05
26.1025	23.1861	4.96772	4.95252e-05
29.1279	22.9961	4.95998	4.93107e-05
23.0771	23.3761	4.97144	5.00052e-05
22.0277	27.6505	4.96745	5.25783e-05
20.3799	24.7062	4.97638	5.11915e-05
12.8447	30.6708	4.98246	6.06505e-05
12.7112	34.5275	4.95975	7.9268e-05
9.49534	33.1714	4.98727	7.13183e-05
10.1383	27.6505	4.99422	5.60694e-05
12.8447	30.6708	4.98246	6.06505e-05
9.80591	30.6708	4.99109	6.19223e-05
14.3285	32.6965	4.95901	6.79975e-05
18.6835	32.5943	4.91529	6.51617e-05
15.8122	34.7222	4.90235	7.83236e-05
25.1151	35.3065	0.245714	7.513e-05
21.8846	36.8646	4.80194	9.89997e-05
21.9134	33.7485	0.258028	7.01961e-05
14.3285	32.6965	4.95901	6.79975e-05
12.7112	34.5275	4.95975	7.9268e-05
12.8447	30.6708	4.98246	6.06505e-05
18.9132	34.917	4.85333	7.9197e-05
15.8122	34.7222	4.90235	7.83236e-05
18.6835	32.5943	4.91529	6.51617e-05
15.601	39.0202	0.242066	0.000153135
12.5385	36.8646	4.93721	0.000105376
15.8122	34.7222	4.90235	7.83236e-05
23.5785	19.1174	4.90426	4.92123e-05
24.3933	15.2742	0.209839	4.96591e-05
26.3489	16.5071	4.87524	4.87973e-05
28.8815	20.2128	4.96027	4.89615e-05
24.8405	21.1517	4.95239	4.93217e-05
26.4215	19.1174	4.93685	4.89841e-05
18.2554	16.5071	4.85721	4.96077e-05
17.7548	18.7251	4.92999	4.99898e-05
15.9817	15.8026	4.901	4.97984e-05
14.6026	21.856	4.98208	5.12865e-05
17.2541	20.9431	4.96657	5.05298e-05
17.2998	24.7062	4.984	5.19493e-05
15.9817	15.8026	4.901	4.97984e-05
13.1778	15.9788	4.93905	5.01702e-05
14.1312	14.0413	4.88869	4.98272e-05
14.6026	21.856	4.98208	5.12865e-05
14.7591	18.4213	4.95769	5.03665e-05
17.2541	20.9431	4.96657	5.05298e-05
11.4404	21.3083	4.98725	5.16287e-05
14.001	23.9462	4.98866	5.22703e-05
10.9756	24.1362	4.99299	5.2935e-05
30.001	14.922	4.90008	4.86504e-05
30.9096	13.2177	4.84676	4.86106e-05
33.1516	14.0413	4.86578	4.86866e-05
31.7446	16.5071	4.93353	4.87716e-05
30.001	14.922	4.90008	4.86504e-05
33.1516	14.0413	4.86578	4.86866e-05
25.6653	12.8882	4.73484	4.8749e-05
27.0253	10.7509	4.67891	4.87e-05
28.2875	13.053	4.82892	4.86312e-05
25.6653	12.8882	4.73484	4.8749e-05
28.2875	13.053	4.82892	4.86312e-05
26.3489	16.5071	4.87524	4.87973e-05
33.75	9.60269	0.104154	4.9367e-05
36.25	9.60269	0.0982629	4.93991e-05
35.1085	11.7351	0.177022	4.94354e-05
39.693	16.8552	4.95587	4.94913e-05
41.2166	14.2175	4.91797	4.9263e-05
42.536	16.5071	4.96529	4.97553e-05
28.8815	20.2128	4.96027	4.89615e-05
26.4215	19.1174	4.93685	4.89841e-05
28.6113	17.5512	4.93324	4.87807e-05
40.625	40	0.214143	0.000101355
43.75	40	4.86413	9.55379e-05
43.6923	43.1354	0.238097	0.000170563
34.399	40.9798	0.116555	0.000151439
37.5	40	4.71882	9.92721e-05
37.5191	43.9145	0.132827	0.000285368
40.5769	36.8646	4.90325	6.82314e-05
43.6827	37.2565	4.93137	7.06168e-05
40.625	40	0.214143	0.000101355
37.3464	33.7485	4.94704	5.63149e-05
33.997	31.6326	4.95538	5.31147e-05
37.1553	30.6708	4.97693	5.34708e-05
40.625	40	0.214143	0.000101355
37.5	40	4.71882	9.92721e-05
40.5769	36.8646	4.90325	6.82314e-05
37.4615	36.8646	4.86001	6.47522e-05
34.1596	34.7385	4.88444	5.45475e-05
37.3464	33.7485	4.94704	5.63149e-05
46.2478	30.8632	4.99288	5.44804e-05
45.7731	27.8393	4.99572	5.27955e-05
48.7787	27.6505	4.9964	5.2959e-05
49.6928	33.7485	4.98842	5.79534e-05
46.6062	33.7485	4.98631	5.78001e-05
49.3105	30.6708	4.99402	5.44977e-05
40.1941	30.6708	4.98661	5.41213e-05
37.1553	30.6708	4.97693	5.34708e-05
36.8893	27.6505	4.9839	5.14674e-05
43.2329	30.6708	4.99062	5.43207e-05
40.1941	30.6708	4.98661	5.41213e-05
42.7675	28.0281	4.99387	5.25606e-05
40.433	33.7485	4.96645	5.822e-05
37.3464	33.7485	4.94704	5.63149e-05
40.1941	30.6708	4.98661	5.41213e-05
31.3171	35.696	4.83462	6.04166e-05
31.2019	38.0404	0.181264	8.33065e-05
28.1154	36.8646	4.83393	8.34176e-05
33.997	31.6326	4.95538	5.31147e-05
34.1596	34.7385	4.88444	5.45475e-05
30.9343	31.8249	4.94727	5.40134e-05
34.3221	37.8444	0.183258	7.04788e-05
31.2019	38.0404	0.181264	8.33065e-05
31.3171	35.696	4.83462	6.04166e-05
37.5	40	4.71882	9.92721e-05
34.3221	37.8444	0.183258	7.04788e-05
37.4615	36.8646	4.86001	6.47522e-05
34.399	40.9798	0.116555	0.000151439
31.2019	38.0404	0.181264	8.33065e-05
34.3221	37.8444	0.183258	7.04788e-05
40.1941	30.6708	4.98661	5.41213e-05
39.9888	27.0985	4.99139	5.17712e-05
42.7675	28.0281	4.99387	5.25606e-05
7.16598	27.6505	4.99685	5.6396e-05
8.05963	24.7062	4.99578	5.37382e-05
10.1383	27.6505	4.99422	5.60694e-05
3.69504	30.482	4.99807	6.13986e-05
4.19365	27.6505	4.99808	5.6753e-05
6.70061	30.2933	4.99628	6.08285e-05
4.97956	24.7062	4.99722	5.41318e-05
8.05963	24.7062	4.99578	5.37382e-05
7.16598	27.6505	4.99685	5.6396e-05
2.71986	21.856	4.99601	5.29635e-05
4.97956	24.7062	4.99722	5.41318e-05
1.8995	24.7062	4.99787	5.45414e-05
14.001	23.9462	4.98866	5.22703e-05
11.4404	21.3083	4.98725	5.16287e-05
14.6026	21.856	4.98208	5.12865e-05
13.1107	27.6505	4.98982	5.54151e-05
10.9756	24.1362	4.99299	5.2935e-05
14.001	23.9462	4.98866	5.22703e-05
8.66123	21.856	4.99228	5.22385e-05
5.62671	21.6734	4.99445	5.25429e-05
6.52038	19.1174	4.98813	5.1615e-05
12.2064	19.1174	4.97595	5.08898e-05
11.4404	21.3083	4.98725	5.16287e-05
9.3634	19.1174	4.98326	5.12788e-05
8.05963	24.7062	4.99578	5.37382e-05
5.62671	21.6734	4.99445	5.25429e-05
8.66123	21.856	4.99228	5.22385e-05
44.3095	21.856	4.99313	5.10292e-05
41.2294	22.236	4.99093	5.06604e-05
43.4158	19.3	4.98577	5.0386e-05
45.7731	27.8393	4.99572	5.27955e-05
45.0204	24.7062	4.99588	5.17678e-05
48.1005	24.7062	4.99668	5.20599e-05
38.8603	24.7062	4.99036	5.077e-05
36.8893	27.6505	4.9839	5.14674e-05
35.7802	24.7062	4.98189	5.02101e-05
45.7731	27.8393	4.99572	5.27955e-05
42.7675	28.0281	4.99387	5.25606e-05
45.0204	24.7062	4.99588	5.17678e-05
43.2329	30.6708	4.99062	5.43207e-05
46.2478	30.8632	4.99288	5.44804e-05
43.5196	33.7485	4.97757	5.85309e-05
40.433	33.7485	4.96645	5.822e-05
43.2329	30.6708	4.99062	5.43207e-05
43.5196	33.7485	4.97757	5.85309e-05
42.7675	28.0281	4.99387	5.25606e-05
45.7731	27.8393	4.99572	5.27955e-05
43.2329	30.6708	4.99062	5.43207e-05
41.9404	24.7062	4.99395	5.13244e-05
42.7675	28.0281	4.99387	5.25606e-05
39.9888	27.0985	4.99139	5.17712e-05
45.7731	27.8393	4.99572	5.27955e-05
46.2478	30.8632	4.99288	5.44804e-05
43.2329	30.6708	4.99062	5.43207e-05
8.69678	14.0413	4.93323	5.03932e-05
5.97957	14.0413	4.95451	5.06296e-05
7.31021	11.7351	4.88815	5.02218e-05
10.1618	16.5071	4.96236	5.06234e-05
8.69678	14.0413	4.93323	5.03932e-05
11.414	14.0413	4.91226	5.01219e-05
7.464	16.5071	4.97257	5.0917e-05
4.76616	16.5071	4.98054	5.11789e-05
5.97957	14.0413	4.95451	5.06296e-05
10.1618	16.5071	4.96236	5.06234e-05
7.464	16.5071	4.97257	5.0917e-05
8.69678	14.0413	4.93323	5.03932e-05
10.1618	16.5071	4.96236	5.06234e-05
9.3634	19.1174	4.98326	5.12788e-05
7.464	16.5071	4.97257	5.0917e-05
9.42308	36.8646	4.979	0.0001064
9.49534	33.1714	4.98727	7.13183e-05
12.7112	34.5275	4.95975	7.9268e-05
12.5	40	4.93098	0.00018484
9.36058	39.4121	4.97796	0.000164886
12.5385	36.8646	4.93721	0.000105376
9.36058	39.4121	4.97796	0.000164886
6.30769	36.8646	4.99252	0.000102891
9.42308	36.8646	4.979	0.0001064
3.19231	36.8646	4.99699	0.000101123
3.40821	33.9432	4.99757	7.4346e-05
6.30769	36.8646	4.99252	0.000102891
0.076922	36.8646	4.99802	9.91102e-05
3.19231	36.8646	4.99699	0.000101123
3.125	40	4.99667	0.000172528
0.076922	36.8646	4.99802	9.91102e-05
0.307214	33.7485	4.99835	7.29366e-05
3.19231	36.8646	4.99699	0.000101123
6.70061	30.2933	4.99628	6.08285e-05
9.80591	30.6708	4.99109	6.19223e-05
9.49534	33.1714	4.98727	7.13183e-05
2.71986	21.856	4.99601	5.29635e-05
5.62671	21.6734	4.99445	5.25429e-05
4.97956	24.7062	4.99722	5.41318e-05
18.0114	27.1222	4.9795	5.35645e-05
15.7173	29.727	0.420594	4.87926e-06
15.2052	26.1784	4.98762	5.34756e-05
43.5196	33.7485	4.97757	5.85309e-05
40.5769	36.8646	4.90325	6.82314e-05
40.433	33.7485	4.96645	5.822e-05
49.9231	36.8646	4.9747	6.73015e-05
46.8029	37.0605	4.96726	6.69584e-05
49.6928	33.7485	4.98842	5.79534e-05
43.75	40	4.86413	9.55379e-05
40.625	40	0.214143	0.000101355
43.6827	37.2565	4.93137	7.06168e-05
13.1107	27.6505	4.98982	5.54151e-05
15.7173	29.727	0.420594	4.87926e-06
12.8447	30.6708	4.98246	6.06505e-05
10.9756	24.1362	4.99299	5.2935e-05
13.1107	27.6505	4.98982	5.54151e-05
10.1383	27.6505	4.99422	5.60694e-05
15.2052	26.1784	4.98762	5.34756e-05
17.2998	24.7062	4.984	5.19493e-05
18.0114	27.1222	4.9795	5.35645e-05
14.001	23.9462	4.98866	5.22703e-05
15.2052	26.1784	4.98762	5.34756e-05
13.1107	27.6505	4.98982	5.54151e-05
14.001	23.9462	4.98866	5.22703e-05
17.2998	24.7062	4.984	5.19493e-05
15.2052	26.1784	4.98762	5.34756e-05
46.6062	33.7485	4.98631	5.78001e-05
43.6827	37.2565	4.93137	7.06168e-05
43.5196	33.7485	4.97757	5.85309e-05
50	40	4.9584	8.73945e-05
46.8029	37.0605	4.96726	6.69584e-05
49.9231	36.8646	4.9747	6.73015e-05
46.8798	40.196	4.93369	9.58794e-05
43.75	40	4.86413	9.55379e-05
46.8029	37.0605	4.96726	6.69584e-05
21.9014	39.3141	0.23442	0.000156624
21.9183	41.7637	4.84052	0.000298479
18.7981	41.9596	0.22932	0.000299024
25	40	4.86115	0.000158868
21.9014	39.3141	0.23442	0.000156624
21.8846	36.8646	4.80194	9.89997e-05
25	40	4.86115	0.000158868
21.9183	41.7637	4.84052	0.000298479
21.9014	39.3141	0.23442	0.000156624
22.0142	44.8882	4.89573	0.000736405
18.7981	41.9596	0.22932	0.000299024
21.9183	41.7637	4.84052	0.000298479
3.69504	30.482	4.99807	6.13986e-05
3.40821	33.9432	4.99757	7.4346e-05
0.68946	30.6708	4.99859	6.20795e-05
1.22131	27.6505	4.9985	5.71703e-05
3.69504	30.482	4.99807	6.13986e-05
0.68946	30.6708	4.99859	6.20795e-05
6.70061	30.2933	4.99628	6.08285e-05
6.43263	33.3637	4.99495	7.12919e-05
3.69504	30.482	4.99807	6.13986e-05
43.5196	33.7485	4.97757	5.85309e-05
43.6827	37.2565	4.93137	7.06168e-05
40.5769	36.8646	4.90325	6.82314e-05
40.1941	30.6708	4.98661	5.41213e-05
43.2329	30.6708	4.99062	5.43207e-05
40.433	33.7485	4.96645	5.822e-05
46.6062	33.7485	4.98631	5.78001e-05
49.6928	33.7485	4.98842	5.79534e-05
46.8029	37.0605	4.96726	6.69584e-05
46.2478	30.8632	4.99288	5.44804e-05
46.6062	33.7485	4.98631	5.78001e-05
43.5196	33.7485	4.97757	5.85309e-05
46.2478	30.8632	4.99288	5.44804e-05
49.3105	30.6708	4.99402	5.44977e-05
46.6062	33.7485	4.98631	5.78001e-05
46.8798	40.196	4.93369	9.58794e-05
46.8029	37.0605	4.96726	6.69584e-05
50	40	4.9584	8.73945e-05
9.4375	42.5475	4.98165	0.00035678
6.24038	39.6081	4.99223	0.000161545
9.36058	39.4121	4.97796	0.000164886
9.49534	33.1714	4.98727	7.13183e-05
9.80591	30.6708	4.99109	6.19223e-05
12.8447	30.6708	4.98246	6.06505e-05
12.5385	36.8646	4.93721	0.000105376
9.42308	36.8646	4.979	0.0001064
12.7112	34.5275	4.95975	7.9268e-05
6.43263	33.3637	4.99495	7.12919e-05
6.70061	30.2933	4.99628	6.08285e-05
9.49534	33.1714	4.98727	7.13183e-05
4.19365	27.6505	4.99808	5.6753e-05
4.97956	24.7062	4.99722	5.41318e-05
7.16598	27.6505	4.99685	5.6396e-05
1.22131	27.6505	4.9985	5.71703e-05
4.19365	27.6505	4.99808	5.6753e-05
3.69504	30.482	4.99807	6.13986e-05
1.22131	27.6505	4.9985	5.71703e-05
1.8995	24.7062	4.99787	5.45414e-05
4.19365	27.6505	4.99808	5.6753e-05
6.70061	30.2933	4.99628	6.08285e-05
4.19365	27.6505	4.99808	5.6753e-05
7.16598	27.6505	4.99685	5.6396e-05
18.7229	29.5382	4.96184	5.66093e-05
22.0277	27.6505	4.96745	5.25783e-05
21.9612	30.6708	4.92004	5.75912e-05
14.3285	32.6965	4.95901	6.79975e-05
12.8447	30.6708	4.98246	6.06505e-05
15.7173	29.727	0.420594	4.87926e-06
18.6835	32.5943	4.91529	6.51617e-05
14.3285	32.6965	4.95901	6.79975e-05
15.7173	29.727	0.420594	4.87926e-06
15.8122	34.7222	4.90235	7.83236e-05
12.7112	34.5275	4.95975	7.9268e-05
14.3285	32.6965	4.95901	6.79975e-05
18.0114	27.1222	4.9795	5.35645e-05
20.3799	24.7062	4.97638	5.11915e-05
22.0277	27.6505	4.96745	5.25783e-05
3.40821	33.9432	4.99757	7.4346e-05
3.69504	30.482	4.99807	6.13986e-05
6.43263	33.3637	4.99495	7.12919e-05
46.8077	43.1354	4.91058	0.000154499
43.6923	43.1354	0.238097	0.000170563
46.8798	40.196	4.93369	9.58794e-05
49.9231	43.1354	4.94761	0.000146327
46.8077	43.1354	4.91058	0.000154499
46.8798	40.196	4.93369	9.58794e-05
46.2717	49.3292	4.9568	0.000670631
49.3105	49.3292	4.96647	0.00058067
48.7787	52.3495	4.96501	0.00133934
43.5196	46.2515	4.87296	0.000347091
46.2717	49.3292	4.9568	0.000670631
43.2329	49.3292	4.92901	0.000805662
40.433	46.2515	4.79369	0.000410801
43.5196	46.2515	4.87296	0.000347091
43.2329	49.3292	4.92901	0.000805662
43.6923	43.1354	0.238097	0.000170563
46.8077	43.1354	4.91058	0.000154499
46.6062	46.2515	4.93159	0.00029904
46.6062	46.2515	4.93159	0.00029904
49.3105	49.3292	4.96647	0.00058067
46.2717	49.3292	4.9568	0.000670631
6.30769	36.8646	4.99252	0.000102891
6.43263	33.3637	4.99495	7.12919e-05
9.42308	36.8646	4.979	0.0001064
3.125	40	4.99667	0.000172528
3.19231	36.8646	4.99699	0.000101123
6.24038	39.6081	4.99223	0.000161545
3.40821	33.9432	4.99757	7.4346e-05
6.43263	33.3637	4.99495	7.12919e-05
6.30769	36.8646	4.99252	0.000102891
0.307214	33.7485	4.99835	7.29366e-05
3.40821	33.9432	4.99757	7.4346e-05
3.19231	36.8646	4.99699	0.000101123
0.307214	33.7485	4.99835	7.29366e-05
0.68946	30.6708	4.99859	6.20795e-05
3.40821	33.9432	4.99757	7.4346e-05
