25	30.6708	4.92048	6.28961e-05
28.0866	33.7485	4.89978	7.03946e-05
25.1151	35.3065	0.246685	8.37346e-05
22.0277	27.6505	4.96728	6.00144e-05
25	30.6708	4.92048	6.28961e-05
21.9612	30.6708	4.91972	6.51368e-05
26.689	28.4246	4.95605	5.93336e-05
28.269	26.3624	4.95256	5.76017e-05
30.7452	28.7831	4.94893	5.92678e-05
25	30.6708	4.92048	6.28961e-05
26.689	28.4246	4.95605	5.93336e-05
28.0388	30.6708	4.94622	6.23946e-05
25.3391	26.1784	4.9683	5.80137e-05
28.269	26.3624	4.95256	5.76017e-05
26.689	28.4246	4.95605	5.93336e-05
28.0388	30.6708	4.94622	6.23946e-05
30.9343	31.8249	4.95077	6.24379e-05
28.0866	33.7485	4.89978	7.03946e-05
22.0277	27.6505	4.96728	6.00144e-05
26.689	28.4246	4.95605	5.93336e-05
25	30.6708	4.92048	6.28961e-05
30.7452	28.7831	4.94893	5.92678e-05
30.9343	31.8249	4.95077	6.24379e-05
28.0388	30.6708	4.94622	6.23946e-05
26.689	28.4246	4.95605	5.93336e-05
30.7452	28.7831	4.94893	5.92678e-05
28.0388	30.6708	4.94622	6.23946e-05
26.1025	23.1861	4.96771	5.6848e-05
28.269	26.3624	4.95256	5.76017e-05
25.3391	26.1784	4.9683	5.80137e-05
29.1279	22.9961	4.95995	5.66056e-05
32.7002	24.7062	4.95614	5.7147e-05
31.199	26.5464	0.346673	5.86093e-05
33.7508	28.5944	4.96451	5.89551e-05
30.9343	31.8249	4.95077	6.24379e-05
30.7452	28.7831	4.94893	5.92678e-05
31.199	26.5464	0.346673	5.86093e-05
33.7508	28.5944	4.96451	5.89551e-05
30.7452	28.7831	4.94893	5.92678e-05
37.4615	36.8646	4.86243	7.09192e-05
40.433	33.7485	4.96879	6.68537e-05
40.5769	36.8646	4.90725	7.72112e-05
36.8893	27.6505	4.98388	5.89628e-05
37.1553	30.6708	4.97831	6.1457e-05
33.7508	28.5944	4.96451	5.89551e-05
36.8893	27.6505	4.98388	5.89628e-05
39.9888	27.0985	4.9913	5.93833e-05
40.1941	30.6708	4.98688	6.19431e-05
34.9506	19.1174	4.96894	5.66056e-05
34.4425	16.5071	4.93417	5.625e-05
37.1403	16.5071	4.93867	5.65383e-05
38.204	22.4261	4.98748	5.77067e-05
35.1786	22.6161	4.98033	5.71284e-05
36.4861	20.8667	4.97915	5.71002e-05
32.1075	19.1174	4.96419	5.63028e-05
28.8815	20.2128	4.96031	5.62648e-05
28.6113	17.5512	4.9333	5.60699e-05
38.204	22.4261	4.98748	5.77067e-05
35.7802	24.7062	4.98182	5.76313e-05
35.1786	22.6161	4.98033	5.71284e-05
32.7002	24.7062	4.95614	5.7147e-05
29.1279	22.9961	4.95995	5.66056e-05
32.4267	21.856	4.97209	5.66305e-05
45.7731	27.8393	4.99575	6.06672e-05
48.1005	24.7062	4.99673	5.99132e-05
48.7787	27.6505	4.9965	6.09006e-05
38.8603	24.7062	4.99038	5.83485e-05
41.2294	22.236	4.99097	5.82884e-05
41.9404	24.7062	4.99399	5.90313e-05
38.8603	24.7062	4.99038	5.83485e-05
38.204	22.4261	4.98748	5.77067e-05
41.2294	22.236	4.99097	5.82884e-05
36.8893	27.6505	4.98388	5.89628e-05
38.8603	24.7062	4.99038	5.83485e-05
39.9888	27.0985	4.9913	5.93833e-05
35.7802	24.7062	4.98182	5.76313e-05
38.204	22.4261	4.98748	5.77067e-05
38.8603	24.7062	4.99038	5.83485e-05
33.7508	28.5944	4.96451	5.89551e-05
35.7802	24.7062	4.98182	5.76313e-05
36.8893	27.6505	4.98388	5.89628e-05
32.7002	24.7062	4.95614	5.7147e-05
32.4267	21.856	4.97209	5.66305e-05
35.1786	22.6161	4.98033	5.71284e-05
37.7936	19.1174	4.97309	5.70274e-05
40.5089	19.4825	4.98123	5.75596e-05
38.204	22.4261	4.98748	5.77067e-05
35.1786	22.6161	4.98033	5.71284e-05
32.4267	21.856	4.97209	5.66305e-05
34.9506	19.1174	4.96894	5.66056e-05
36.4861	20.8667	4.97915	5.71002e-05
35.1786	22.6161	4.98033	5.71284e-05
34.9506	19.1174	4.96894	5.66056e-05
37.7936	19.1174	4.97309	5.70274e-05
36.4861	20.8667	4.97915	5.71002e-05
34.9506	19.1174	4.96894	5.66056e-05
37.7936	19.1174	4.97309	5.70274e-05
38.204	22.4261	4.98748	5.77067e-05
36.4861	20.8667	4.97915	5.71002e-05
35.7802	24.7062	4.98182	5.76313e-05
32.7002	24.7062	4.95614	5.7147e-05
35.1786	22.6161	4.98033	5.71284e-05
33.7508	28.5944	4.96451	5.89551e-05
32.7002	24.7062	4.95614	5.7147e-05
35.7802	24.7062	4.98182	5.76313e-05
29.1279	22.9961	4.95995	5.66056e-05
28.8815	20.2128	4.96031	5.62648e-05
32.4267	21.856	4.97209	5.66305e-05
37.1403	16.5071	4.93867	5.65383e-05
39.693	16.8552	4.95591	5.6921e-05
37.7936	19.1174	4.97309	5.70274e-05
44.3095	21.856	4.99316	5.87296e-05
47.2801	21.856	4.99481	5.90748e-05
45.0204	24.7062	4.99594	5.95735e-05
41.9404	24.7062	4.99399	5.90313e-05
44.3095	21.856	4.99316	5.87296e-05
45.0204	24.7062	4.99594	5.95735e-05
43.4158	19.3	4.9858	5.79783e-05
46.3226	19.1174	4.98922	5.82853e-05
44.3095	21.856	4.99316	5.87296e-05
28.0866	46.2515	4.88403	0.000961025
31.0776	49.3292	4.83482	0.00223052
28.0388	49.3292	4.88421	0.00248203
25	43.1354	4.89978	0.000396532
28.1154	43.1354	4.84563	0.000391368
28.0866	46.2515	4.88403	0.000961025
37.3464	46.2515	0.158306	0.000555241
34.3294	43.6157	0.109644	0.000325586
37.5191	43.9145	0.133964	0.000293115
31.226	43.7137	0.172724	0.000409733
31.2788	41.1758	0.143004	0.000194054
34.3294	43.6157	0.109644	0.000325586
28.0866	46.2515	4.88403	0.000961025
31.226	43.7137	0.172724	0.000409733
31.1732	46.2515	4.77293	0.000884479
28.1154	43.1354	4.84563	0.000391368
31.2788	41.1758	0.143004	0.000194054
31.226	43.7137	0.172724	0.000409733
25	46.2515	4.91369	0.00100702
25	43.1354	4.89978	0.000396532
28.0866	46.2515	4.88403	0.000961025
28.125	40	4.8124	0.000164262
31.2788	41.1758	0.143004	0.000194054
28.1154	43.1354	4.84563	0.000391368
28.125	40	4.8124	0.000164262
31.2019	38.0404	0.165568	8.12497e-05
31.2788	41.1758	0.143004	0.000194054
31.2019	38.0404	0.165568	8.12497e-05
34.399	40.9798	0.104484	0.000145804
31.2788	41.1758	0.143004	0.000194054
28.0866	33.7485	4.89978	7.03946e-05
31.3171	35.696	4.83106	6.4365e-05
28.1154	36.8646	4.83349	9.03513e-05
37.3464	33.7485	4.9514	6.48662e-05
37.1553	30.6708	4.97831	6.1457e-05
40.1941	30.6708	4.98688	6.19431e-05
37.4615	36.8646	4.86243	7.09192e-05
37.3464	33.7485	4.9514	6.48662e-05
40.433	33.7485	4.96879	6.68537e-05
37.4615	36.8646	4.86243	7.09192e-05
34.3221	37.8444	0.172448	6.65386e-05
34.1596	34.7385	4.88614	6.0385e-05
34.1596	34.7385	4.88614	6.0385e-05
33.997	31.6326	4.95854	6.13082e-05
37.3464	33.7485	4.9514	6.48662e-05
31.3171	35.696	4.83106	6.4365e-05
34.1596	34.7385	4.88614	6.0385e-05
34.3221	37.8444	0.172448	6.65386e-05
31.3171	35.696	4.83106	6.4365e-05
30.9343	31.8249	4.95077	6.24379e-05
34.1596	34.7385	4.88614	6.0385e-05
30.9343	31.8249	4.95077	6.24379e-05
33.7508	28.5944	4.96451	5.89551e-05
33.997	31.6326	4.95854	6.13082e-05
40.433	46.2515	4.79456	0.000419683
40.6201	43.7197	0.183456	0.000233883
43.5196	46.2515	4.87294	0.000356009
46.8029	37.0605	4.96722	7.49015e-05
43.75	40	4.86487	0.000103822
43.6827	37.2565	4.9321	7.88824e-05
49.9231	43.1354	4.94763	0.000155032
46.8798	40.196	4.9337	0.000104426
50	40	4.95843	9.54631e-05
49.9231	43.1354	4.94763	0.000155032
49.6928	46.2515	4.9558	0.000280775
46.8077	43.1354	4.91056	0.000163153
25	43.1354	4.89978	0.000396532
25	46.2515	4.91369	0.00100702
22.0142	44.8882	4.89534	0.000731175
25	40	4.86278	0.000166275
25	43.1354	4.89978	0.000396532
21.9183	41.7637	4.84047	0.000301461
25	40	4.86278	0.000166275
28.1154	43.1354	4.84563	0.000391368
25	43.1354	4.89978	0.000396532
31.2019	38.0404	0.165568	8.12497e-05
28.125	40	4.8124	0.000164262
28.1154	36.8646	4.83349	9.03513e-05
28.1154	43.1354	4.84563	0.000391368
31.226	43.7137	0.172724	0.000409733
28.0866	46.2515	4.88403	0.000961025
18.7981	41.9596	0.229252	0.000303132
15.601	39.0202	0.242106	0.000162438
18.7212	38.8242	0.204306	0.000152619
17.2523	44.2036	4.88512	0.000648831
15.7402	46.2515	4.93854	0.00118541
14.1489	44.3016	4.94307	0.000654791
18.7981	41.9596	0.229252	0.000303132
17.2523	44.2036	4.88512	0.000648831
15.6779	42.1556	4.87301	0.000356928
18.8268	46.2515	4.90761	0.00110158
15.7402	46.2515	4.93854	0.00118541
17.2523	44.2036	4.88512	0.000648831
21.7462	47.598	4.88781	0.00175405
18.8268	46.2515	4.90761	0.00110158
22.0142	44.8882	4.89534	0.000731175
21.7462	47.598	4.88781	0.00175405
18.9224	49.3292	4.87523	0.00299206
18.8268	46.2515	4.90761	0.00110158
15.6779	42.1556	4.87301	0.000356928
15.601	39.0202	0.242106	0.000162438
18.7981	41.9596	0.229252	0.000303132
18.8268	46.2515	4.90761	0.00110158
17.2523	44.2036	4.88512	0.000648831
18.7981	41.9596	0.229252	0.000303132
14.1489	44.3016	4.94307	0.000654791
12.6536	46.2515	4.96886	0.00103862
12.5577	42.3516	4.95106	0.000355597
15.6779	42.1556	4.87301	0.000356928
14.1489	44.3016	4.94307	0.000654791
12.5577	42.3516	4.95106	0.000355597
15.7402	46.2515	4.93854	0.00118541
12.6536	46.2515	4.96886	0.00103862
14.1489	44.3016	4.94307	0.000654791
12.7118	50.0843	4.96267	0.00333168
12.6536	46.2515	4.96886	0.00103862
15.8835	49.3292	4.93627	0.0028484
16.083	52.3495	4.89564	0.00710106
13.1107	52.3495	4.94453	0.00627489
15.8835	49.3292	4.93627	0.0028484
18.9224	49.3292	4.87523	0.00299206
16.083	52.3495	4.89564	0.00710106
15.8835	49.3292	4.93627	0.0028484
13.1107	52.3495	4.94453	0.00627489
10.6893	54.7417	4.92826	0.0105894
10.1383	52.3495	4.96156	0.00566472
15.8835	49.3292	4.93627	0.0028484
13.1107	52.3495	4.94453	0.00627489
12.7118	50.0843	4.96267	0.00333168
14.2198	55.2938	4.89549	0.0147349
10.6893	54.7417	4.92826	0.0105894
13.1107	52.3495	4.94453	0.00627489
17.0264	56.2438	4.83669	0.024048
14.2198	55.2938	4.89549	0.0147349
16.083	52.3495	4.89564	0.00710106
17.2808	59.0298	4.72971	0.0592314
17.5295	61.7527	0.0815867	4.56142
15.0494	60.8826	0.108657	0.0575206
17.0264	56.2438	4.83669	0.024048
17.2808	59.0298	4.72971	0.0592314
14.6026	58.144	4.78617	0.030309
17.0264	56.2438	4.83669	0.024048
20.0518	56.4338	4.76996	0.0280865
17.2808	59.0298	4.72971	0.0592314
7.16598	52.3495	4.96972	0.00563914
8.05963	55.2938	4.92452	0.013009
4.92487	55.4838	4.93213	0.0154346
6.76709	49.3292	4.98629	0.00232636
7.16598	52.3495	4.96972	0.00563914
4.19365	52.3495	4.97527	0.00561821
10.1383	52.3495	4.96156	0.00566472
8.05963	55.2938	4.92452	0.013009
7.16598	52.3495	4.96972	0.00563914
12.7118	50.0843	4.96267	0.00333168
10.1383	52.3495	4.96156	0.00566472
9.70619	49.8955	4.97753	0.00287188
10.6893	54.7417	4.92826	0.0105894
8.05963	55.2938	4.92452	0.013009
10.1383	52.3495	4.96156	0.00566472
12.5577	42.3516	4.95106	0.000355597
12.5	40	4.93107	0.000194357
15.6779	42.1556	4.87301	0.000356928
9.61019	45.6673	4.98571	0.000811938
12.5577	42.3516	4.95106	0.000355597
12.6536	46.2515	4.96886	0.00103862
9.61019	45.6673	4.98571	0.000811938
6.31731	42.7435	4.99277	0.000356487
9.4375	42.5475	4.98175	0.000368654
-3.10282e-28	40	4.99768	0.000188867
3.125	40	4.99667	0.00018181
3.19711	42.9395	4.99624	0.000373402
-3.10282e-28	40	4.99768	0.000188867
0.076922	36.8646	4.99801	0.000107945
3.125	40	4.99667	0.00018181
46.6062	46.2515	4.93154	0.000307822
46.2717	49.3292	4.95678	0.000679669
43.5196	46.2515	4.87294	0.000356009
43.6923	43.1354	0.238359	0.000179574
46.6062	46.2515	4.93154	0.000307822
43.5196	46.2515	4.87294	0.000356009
49.6928	46.2515	4.9558	0.000280775
49.3105	49.3292	4.9665	0.000589717
46.6062	46.2515	4.93154	0.000307822
27.4517	72.3429	0.00257149	0.0231617
25	72.3429	0.00259619	0.0283478
27.0253	69.2491	0.00552714	0.0526894
24.7277	76.3587	0.000975285	0.00956538
26.189	74.0896	0.00165628	0.0159073
27.2733	75.6267	0.00114481	0.0100174
24.7277	76.3587	0.000975285	0.00956538
23.0327	74.7883	0.00144376	0.0161597
26.189	74.0896	0.00165628	0.0159073
23.0339	79.8761	0.000675074	0.00636473
21.0802	79.5053	0.000769998	0.0073015
21.6827	78.0345	0.000807871	0.00783581
19.6759	76.9444	0.00101097	0.00939933
19.0551	74.0896	0.00189444	0.0184488
21.4331	74.0896	0.00177253	0.0204665
19.6759	76.9444	0.00101097	0.00939933
18.1801	75.6267	0.00142314	0.0123862
19.0551	74.0896	0.00189444	0.0184488
21.4331	74.0896	0.00177253	0.0204665
23.0327	74.7883	0.00144376	0.0161597
22.3999	76.5052	0.00100809	0.010485
20.0967	72.3429	0.00292166	0.0346497
22.5483	72.3429	0.00274921	0.0371529
21.4331	74.0896	0.00177253	0.0204665
16.5527	73.7985	0.00221827	0.0157955
17.645	72.3429	0.00307954	0.0237669
19.0551	74.0896	0.00189444	0.0184488
19.193	69.7412	0.00634449	0.0605384
21.8037	69.5771	0.00583011	4.49199
20.0967	72.3429	0.00292166	0.0346497
21.8037	69.5771	0.00583011	4.49199
23.75	70.3973	0.00447837	0.0564372
22.5483	72.3429	0.00274921	0.0371529
21.6827	78.0345	0.000807871	0.00783581
19.1515	78.89	0.000884934	0.0080291
19.6759	76.9444	0.00101097	0.00939933
22.3999	76.5052	0.00100809	0.010485
19.6759	76.9444	0.00101097	0.00939933
21.4331	74.0896	0.00177253	0.0204665
22.3999	76.5052	0.00100809	0.010485
21.6827	78.0345	0.000807871	0.00783581
19.6759	76.9444	0.00101097	0.00939933
24.7277	76.3587	0.000975285	0.00956538
22.3999	76.5052	0.00100809	0.010485
23.0327	74.7883	0.00144376	0.0161597
24.7277	76.3587	0.000975285	0.00956538
24.9752	78.5234	0.00070047	0.00642511
23.329	78.279	0.000742995	0.00713719
21.0802	79.5053	0.000769998	0.0073015
19.1515	78.89	0.000884934	0.0080291
21.6827	78.0345	0.000807871	0.00783581
25	80	0.000659565	0.00597669
24.9752	78.5234	0.00070047	0.00642511
26.9661	79.8761	0.0006484	0.0054817
19.6759	76.9444	0.00101097	0.00939933
19.1515	78.89	0.000884934	0.0080291
17.2597	78.0345	0.00110098	0.00920739
28.3173	78.0345	0.000756958	0.00606541
30.8485	78.89	0.000835295	0.00593026
28.9198	79.5053	0.00072392	0.00566148
18.1801	75.6267	0.00142314	0.0123862
19.6759	76.9444	0.00101097	0.00939933
17.2597	78.0345	0.00110098	0.00920739
15.4167	76.9444	0.00141562	0.0103445
18.1801	75.6267	0.00142314	0.0123862
17.2597	78.0345	0.00110098	0.00920739
23.0327	74.7883	0.00144376	0.0161597
21.4331	74.0896	0.00177253	0.0204665
22.5483	72.3429	0.00274921	0.0371529
15.4167	76.9444	0.00141562	0.0103445
16.5527	73.7985	0.00221827	0.0157955
18.1801	75.6267	0.00142314	0.0123862
20.0967	72.3429	0.00292166	0.0346497
21.8037	69.5771	0.00583011	4.49199
22.5483	72.3429	0.00274921	0.0371529
15.4167	76.9444	0.00141562	0.0103445
13.6336	75.6267	0.00216431	0.0132243
14.237	73.9441	0.00253046	0.014938
29.3832	76.0659	0.00107278	0.00826497
31.3712	77.1646	0.00100382	0.00688359
28.3173	78.0345	0.000756958	0.00606541
31.9219	75.3472	0.00137118	0.00909638
34.5833	76.9444	0.00133791	0.00779766
32.7403	78.0345	0.00101476	0.00657536
14.237	73.9441	0.00253046	0.014938
11.9212	74.0896	0.00320555	0.0167703
12.7417	72.3429	0.00394969	0.0193754
11.25	70.3973	0.00695619	0.0298209
12.7417	72.3429	0.00394969	0.0193754
10.2901	72.3429	0.00524703	0.0244078
17.645	72.3429	0.00307954	0.0237669
16.5527	73.7985	0.00221827	0.0157955
15.1934	72.3429	0.00336507	0.0191162
19.193	69.7412	0.00634449	0.0605384
17.645	72.3429	0.00307954	0.0237669
16.25	70.3973	0.00554094	0.0297083
20.0967	72.3429	0.00292166	0.0346497
19.0551	74.0896	0.00189444	0.0184488
17.645	72.3429	0.00307954	0.0237669
19.0551	74.0896	0.00189444	0.0184488
18.1801	75.6267	0.00142314	0.0123862
16.5527	73.7985	0.00221827	0.0157955
32.355	72.3429	0.00274444	0.0181231
34.8066	72.3429	0.00312709	0.0171247
33.3228	74.0896	0.00190557	0.0115432
33.3228	74.0896	0.00190557	0.0115432
31.9219	75.3472	0.00137118	0.00909638
30.9297	73.8705	0.0018073	0.0130526
35.7008	74.0896	0.0023387	0.0123441
33.3228	74.0896	0.00190557	0.0115432
34.8066	72.3429	0.00312709	0.0171247
34.5833	76.9444	0.00133791	0.00779766
31.9219	75.3472	0.00137118	0.00909638
33.3228	74.0896	0.00190557	0.0115432
17.4187	68.2649	0.010269	0.0571683
14.8915	68.2649	0.01039	0.0389851
16.8484	65.9587	0.0203602	0.0760761
16.25	70.3973	0.00554094	0.0297083
13.513	70.6966	0.00549829	0.0240957
14.8915	68.2649	0.01039	0.0389851
19.193	69.7412	0.00634449	0.0605384
16.25	70.3973	0.00554094	0.0297083
17.4187	68.2649	0.010269	0.0571683
15.1934	72.3429	0.00336507	0.0191162
14.237	73.9441	0.00253046	0.014938
12.7417	72.3429	0.00394969	0.0193754
17.645	72.3429	0.00307954	0.0237669
15.1934	72.3429	0.00336507	0.0191162
16.25	70.3973	0.00554094	0.0297083
16.5527	73.7985	0.00221827	0.0157955
14.237	73.9441	0.00253046	0.014938
15.1934	72.3429	0.00336507	0.0191162
12.7417	72.3429	0.00394969	0.0193754
11.25	70.3973	0.00695619	0.0298209
13.513	70.6966	0.00549829	0.0240957
8.74996	70.3973	0.00918695	0.0419126
11.25	70.3973	0.00695619	0.0298209
10.2901	72.3429	0.00524703	0.0244078
12.3644	68.2649	0.0112848	0.0392687
13.846	66.4528	0.0183675	0.0456249
14.8915	68.2649	0.01039	0.0389851
9.83732	68.2649	0.0131133	0.0595547
12.3644	68.2649	0.0112848	0.0392687
11.25	70.3973	0.00695619	0.0298209
9.83732	68.2649	0.0131133	0.0595547
11.414	65.9587	0.0226794	0.0591869
12.3644	68.2649	0.0112848	0.0392687
9.83732	68.2649	0.0131133	0.0595547
11.25	70.3973	0.00695619	0.0298209
8.74996	70.3973	0.00918695	0.0419126
14.8915	68.2649	0.01039	0.0389851
13.513	70.6966	0.00549829	0.0240957
12.3644	68.2649	0.0112848	0.0392687
15.1934	72.3429	0.00336507	0.0191162
12.7417	72.3429	0.00394969	0.0193754
13.513	70.6966	0.00549829	0.0240957
15.4167	76.9444	0.00141562	0.0103445
14.237	73.9441	0.00253046	0.014938
16.5527	73.7985	0.00221827	0.0157955
13.6336	75.6267	0.00216431	0.0132243
11.9212	74.0896	0.00320555	0.0167703
14.237	73.9441	0.00253046	0.014938
11.9212	74.0896	0.00320555	0.0167703
10.2901	72.3429	0.00524703	0.0244078
12.7417	72.3429	0.00394969	0.0193754
7.31021	68.2649	0.017047	0.0891006
9.83732	68.2649	0.0131133	0.0595547
8.74996	70.3973	0.00918695	0.0419126
7.31021	68.2649	0.017047	0.0891006
5.97957	65.9587	0.033963	4.6064
8.78345	65.7825	0.0274956	4.53742
28.3173	78.0345	0.000756958	0.00606541
28.9198	79.5053	0.00072392	0.00566148
26.9661	79.8761	0.0006484	0.0054817
31.3712	77.1646	0.00100382	0.00688359
31.9219	75.3472	0.00137118	0.00909638
32.7403	78.0345	0.00101476	0.00657536
28.3173	78.0345	0.000756958	0.00606541
31.3712	77.1646	0.00100382	0.00688359
30.8485	78.89	0.000835295	0.00593026
29.3832	76.0659	0.00107278	0.00826497
31.9219	75.3472	0.00137118	0.00909638
31.3712	77.1646	0.00100382	0.00688359
27.2733	75.6267	0.00114481	0.0100174
29.3832	76.0659	0.00107278	0.00826497
28.3173	78.0345	0.000756958	0.00606541
28.5669	74.0896	0.00165536	0.0137012
29.9033	72.3429	0.00260275	0.0209475
30.9297	73.8705	0.0018073	0.0130526
27.2733	75.6267	0.00114481	0.0100174
28.5669	74.0896	0.00165536	0.0137012
29.3832	76.0659	0.00107278	0.00826497
27.2733	75.6267	0.00114481	0.0100174
26.189	74.0896	0.00165628	0.0159073
28.5669	74.0896	0.00165536	0.0137012
26.2439	77.6257	0.000781156	0.00694378
27.2733	75.6267	0.00114481	0.0100174
28.3173	78.0345	0.000756958	0.00606541
26.9661	79.8761	0.0006484	0.0054817
26.2439	77.6257	0.000781156	0.00694378
28.3173	78.0345	0.000756958	0.00606541
24.9752	78.5234	0.00070047	0.00642511
24.7277	76.3587	0.000975285	0.00956538
26.2439	77.6257	0.000781156	0.00694378
31.0572	70.658	0.00408217	0.0323636
30.0542	68.2649	0.00754559	4.39371
32.2468	68.921	0.00660903	0.043816
31.0572	70.658	0.00408217	0.0323636
28.75	70.3973	0.00427517	0.0391199
30.0542	68.2649	0.00754559	4.39371
33.75	70.3973	0.0047974	0.0265397
31.0572	70.658	0.00408217	0.0323636
32.2468	68.921	0.00660903	0.043816
29.9033	72.3429	0.00260275	0.0209475
28.75	70.3973	0.00427517	0.0391199
31.0572	70.658	0.00408217	0.0323636
30.9297	73.8705	0.0018073	0.0130526
29.9033	72.3429	0.00260275	0.0209475
32.355	72.3429	0.00274444	0.0181231
33.3228	74.0896	0.00190557	0.0115432
30.9297	73.8705	0.0018073	0.0130526
32.355	72.3429	0.00274444	0.0181231
31.9219	75.3472	0.00137118	0.00909638
29.3832	76.0659	0.00107278	0.00826497
30.9297	73.8705	0.0018073	0.0130526
28.5669	74.0896	0.00165536	0.0137012
26.189	74.0896	0.00165628	0.0159073
27.4517	72.3429	0.00257149	0.0231617
25	72.3429	0.00259619	0.0283478
23.75	70.3973	0.00447837	0.0564372
27.0253	69.2491	0.00552714	0.0526894
26.9661	79.8761	0.0006484	0.0054817
24.9752	78.5234	0.00070047	0.00642511
26.2439	77.6257	0.000781156	0.00694378
27.0253	69.2491	0.00552714	0.0526894
24.3347	67.1118	0.010156	0.103291
26.9568	67.2765	0.00898597	0.0748434
19.0904	66.7823	0.0152341	0.102557
19.999	65.078	0.0256208	4.62048
22.2828	65.9587	0.0157595	4.62898
17.4187	68.2649	0.010269	0.0571683
19.0904	66.7823	0.0152341	0.102557
19.193	69.7412	0.00634449	0.0605384
17.4187	68.2649	0.010269	0.0571683
16.8484	65.9587	0.0203602	0.0760761
19.0904	66.7823	0.0152341	0.102557
27.4517	72.3429	0.00257149	0.0231617
28.75	70.3973	0.00427517	0.0391199
29.9033	72.3429	0.00260275	0.0209475
28.5669	74.0896	0.00165536	0.0137012
27.4517	72.3429	0.00257149	0.0231617
29.9033	72.3429	0.00260275	0.0209475
26.189	74.0896	0.00165628	0.0159073
25	72.3429	0.00259619	0.0283478
27.4517	72.3429	0.00257149	0.0231617
27.0253	69.2491	0.00552714	0.0526894
26.9568	67.2765	0.00898597	0.0748434
30.0542	68.2649	0.00754559	4.39371
27.4517	72.3429	0.00257149	0.0231617
27.0253	69.2491	0.00552714	0.0526894
28.75	70.3973	0.00427517	0.0391199
23.75	70.3973	0.00447837	0.0564372
24.3347	67.1118	0.010156	0.103291
27.0253	69.2491	0.00552714	0.0526894
34.8233	67.7707	0.0105092	0.0459143
37.4455	67.9354	0.0119045	4.3404
36.25	70.3973	0.00558579	0.0298758
31.3712	77.1646	0.00100382	0.00688359
32.7403	78.0345	0.00101476	0.00657536
30.8485	78.89	0.000835295	0.00593026
23.329	78.279	0.000742995	0.00713719
22.3999	76.5052	0.00100809	0.010485
24.7277	76.3587	0.000975285	0.00956538
23.0339	79.8761	0.000675074	0.00636473
23.329	78.279	0.000742995	0.00713719
24.9752	78.5234	0.00070047	0.00642511
21.6827	78.0345	0.000807871	0.00783581
22.3999	76.5052	0.00100809	0.010485
23.329	78.279	0.000742995	0.00713719
21.6827	78.0345	0.000807871	0.00783581
23.329	78.279	0.000742995	0.00713719
23.0339	79.8761	0.000675074	0.00636473
25	72.3429	0.00259619	0.0283478
26.189	74.0896	0.00165628	0.0159073
23.0327	74.7883	0.00144376	0.0161597
27.2733	75.6267	0.00114481	0.0100174
26.2439	77.6257	0.000781156	0.00694378
24.7277	76.3587	0.000975285	0.00956538
25	80	0.000659565	0.00597669
23.0339	79.8761	0.000675074	0.00636473
24.9752	78.5234	0.00070047	0.00642511
35.7008	74.0896	0.0023387	0.0123441
37.3942	72.4885	0.00380652	0.0182435
38.0788	74.0896	0.00314915	0.0150355
34.5833	76.9444	0.00133791	0.00779766
35.7008	74.0896	0.0023387	0.0123441
36.3664	75.6267	0.00206528	0.0109064
34.8066	72.3429	0.00312709	0.0171247
37.3942	72.4885	0.00380652	0.0182435
35.7008	74.0896	0.0023387	0.0123441
34.5833	76.9444	0.00133791	0.00779766
33.3228	74.0896	0.00190557	0.0115432
35.7008	74.0896	0.0023387	0.0123441
33.75	70.3973	0.0047974	0.0265397
36.25	70.3973	0.00558579	0.0298758
34.8066	72.3429	0.00312709	0.0171247
35.7008	74.0896	0.0023387	0.0123441
38.0788	74.0896	0.00314915	0.0150355
36.3664	75.6267	0.00206528	0.0109064
37.4455	67.9354	0.0119045	4.3404
38.75	70.3973	0.00690345	0.0298508
36.25	70.3973	0.00558579	0.0298758
39.7099	72.3429	0.00525767	0.0216621
38.0788	74.0896	0.00314915	0.0150355
37.3942	72.4885	0.00380652	0.0182435
36.25	70.3973	0.00558579	0.0298758
33.75	70.3973	0.0047974	0.0265397
34.8233	67.7707	0.0105092	0.0459143
37.3942	72.4885	0.00380652	0.0182435
36.25	70.3973	0.00558579	0.0298758
38.75	70.3973	0.00690345	0.0298508
37.3942	72.4885	0.00380652	0.0182435
34.8066	72.3429	0.00312709	0.0171247
36.25	70.3973	0.00558579	0.0298758
15.5575	63.4929	0.0490181	0.0714874
16.8484	65.9587	0.0203602	0.0760761
13.846	66.4528	0.0183675	0.0456249
11.414	65.9587	0.0226794	0.0591869
12.8597	63.4929	0.0469943	0.0508166
13.846	66.4528	0.0183675	0.0456249
15.0494	60.8826	0.108657	0.0575206
17.5295	61.7527	0.0815867	4.56142
15.5575	63.4929	0.0490181	0.0714874
15.5575	63.4929	0.0490181	0.0714874
17.5295	61.7527	0.0815867	4.56142
16.8484	65.9587	0.0203602	0.0760761
11.6319	58.144	4.7907	0.0236965
14.6026	58.144	4.78617	0.030309
12.3979	60.3349	0.125058	0.0368241
14.6026	58.144	4.78617	0.030309
17.2808	59.0298	4.72971	0.0592314
15.0494	60.8826	0.108657	0.0575206
20.363	63.0044	0.0489627	4.62859
19.999	65.078	0.0256208	4.62048
17.5295	61.7527	0.0815867	4.56142
20.7355	60.8826	0.0920583	4.55299
20.363	63.0044	0.0489627	4.62859
17.5295	61.7527	0.0815867	4.56142
20.7355	60.8826	0.0920583	4.55299
23.0704	62.1007	0.0463964	0.106015
20.363	63.0044	0.0489627	4.62859
11.6319	58.144	4.7907	0.0236965
10.6893	54.7417	4.92826	0.0105894
14.2198	55.2938	4.89549	0.0147349
9.3634	60.8826	0.113601	0.0516662
11.6319	58.144	4.7907	0.0236965
12.3979	60.3349	0.125058	0.0368241
8.66123	58.144	4.80983	0.0268573
10.6893	54.7417	4.92826	0.0105894
11.6319	58.144	4.7907	0.0236965
5.69054	58.144	4.82961	0.0363707
4.92487	55.4838	4.93213	0.0154346
8.05963	55.2938	4.92452	0.013009
6.4478	61.0566	0.118881	0.0717916
5.69054	58.144	4.82961	0.0363707
8.66123	58.144	4.80983	0.0268573
3.67737	60.8826	0.150636	4.43949
2.71986	58.144	4.86475	0.0357176
5.69054	58.144	4.82961	0.0363707
36.8222	64.0212	0.0356641	0.0471459
39.6261	63.8451	0.043718	0.04021
38.586	65.9587	0.0220481	0.043887
34.1521	62.7968	0.0447899	4.43518
36.8222	64.0212	0.0356641	0.0471459
35.8688	65.9587	0.0186874	0.0527051
37.7936	60.8826	0.104309	0.0274834
39.6261	63.8451	0.043718	0.04021
36.8222	64.0212	0.0356641	0.0471459
38.75	70.3973	0.00690345	0.0298508
40.1627	68.2649	0.0131786	0.0369323
41.25	70.3973	0.00929565	0.0267963
37.3942	72.4885	0.00380652	0.0182435
38.75	70.3973	0.00690345	0.0298508
39.7099	72.3429	0.00525767	0.0216621
37.4455	67.9354	0.0119045	4.3404
40.1627	68.2649	0.0131786	0.0369323
38.75	70.3973	0.00690345	0.0298508
35.8688	65.9587	0.0186874	0.0527051
37.4455	67.9354	0.0119045	4.3404
34.8233	67.7707	0.0105092	0.0459143
33.1516	65.9587	0.0156722	0.0629474
35.8688	65.9587	0.0186874	0.0527051
34.8233	67.7707	0.0105092	0.0459143
34.1521	62.7968	0.0447899	4.43518
34.9506	60.8826	0.0822479	0.0505227
36.8222	64.0212	0.0356641	0.0471459
38.75	70.3973	0.00690345	0.0298508
41.25	70.3973	0.00929565	0.0267963
39.7099	72.3429	0.00525767	0.0216621
38.586	65.9587	0.0220481	0.043887
40.1627	68.2649	0.0131786	0.0369323
37.4455	67.9354	0.0119045	4.3404
41.3032	65.9587	0.0262428	0.0416691
42.6898	68.2649	0.0173201	0.0333566
40.1627	68.2649	0.0131786	0.0369323
41.3032	65.9587	0.0262428	0.0416691
44.0204	65.9587	0.0337833	0.0474147
42.6898	68.2649	0.0173201	0.0333566
41.25	70.3973	0.00929565	0.0267963
40.1627	68.2649	0.0131786	0.0369323
42.6898	68.2649	0.0173201	0.0333566
36.8222	64.0212	0.0356641	0.0471459
34.9506	60.8826	0.0822479	0.0505227
37.7936	60.8826	0.104309	0.0274834
2.71986	58.144	4.86475	0.0357176
4.92487	55.4838	4.93213	0.0154346
5.69054	58.144	4.82961	0.0363707
8.66123	58.144	4.80983	0.0268573
8.05963	55.2938	4.92452	0.013009
10.6893	54.7417	4.92826	0.0105894
6.4478	61.0566	0.118881	0.0717916
8.66123	58.144	4.80983	0.0268573
9.3634	60.8826	0.113601	0.0516662
5.69054	58.144	4.82961	0.0363707
8.05963	55.2938	4.92452	0.013009
8.66123	58.144	4.80983	0.0268573
1.8995	55.2938	4.94872	0.0129619
4.92487	55.4838	4.93213	0.0154346
2.71986	58.144	4.86475	0.0357176
1.8995	55.2938	4.94872	0.0129619
1.22131	52.3495	4.97949	0.00499842
4.19365	52.3495	4.97527	0.00561821
41.3032	65.9587	0.0262428	0.0416691
42.43	63.669	0.0535229	4.34595
44.0204	65.9587	0.0337833	0.0474147
43.4796	60.8826	0.123411	0.028354
40.6366	60.8826	0.115076	0.0284903
41.4664	58.5091	4.78849	0.0134818
45.2338	63.4929	0.068778	0.0436894
43.4796	60.8826	0.123411	0.028354
46.3226	60.8826	0.145721	0.0195583
42.43	63.669	0.0535229	4.34595
40.6366	60.8826	0.115076	0.0284903
43.4796	60.8826	0.123411	0.028354
41.4664	58.5091	4.78849	0.0134818
38.5596	58.6917	4.75512	0.0160725
38.8603	55.2938	4.89033	0.00609536
46.3226	60.8826	0.145721	0.0195583
43.4796	60.8826	0.123411	0.028354
44.2548	57.954	4.83255	0.00984649
42.43	63.669	0.0535229	4.34595
39.6261	63.8451	0.043718	0.04021
40.6366	60.8826	0.115076	0.0284903
44.0204	65.9587	0.0337833	0.0474147
42.43	63.669	0.0535229	4.34595
45.2338	63.4929	0.068778	0.0436894
36.8222	64.0212	0.0356641	0.0471459
38.586	65.9587	0.0220481	0.043887
35.8688	65.9587	0.0186874	0.0527051
40.6366	60.8826	0.115076	0.0284903
39.6261	63.8451	0.043718	0.04021
37.7936	60.8826	0.104309	0.0274834
38.586	65.9587	0.0220481	0.043887
37.4455	67.9354	0.0119045	4.3404
35.8688	65.9587	0.0186874	0.0527051
41.3032	65.9587	0.0262428	0.0416691
38.586	65.9587	0.0220481	0.043887
39.6261	63.8451	0.043718	0.04021
41.3032	65.9587	0.0262428	0.0416691
40.1627	68.2649	0.0131786	0.0369323
38.586	65.9587	0.0220481	0.043887
32.2468	68.921	0.00660903	0.043816
30.4344	65.9587	0.0132492	0.0711411
33.1516	65.9587	0.0156722	0.0629474
21.7285	50.6506	0.232737	0.00460214
19.0553	52.3495	0.233082	0.00768358
18.9224	49.3292	4.87523	0.00299206
21.7462	47.598	4.88781	0.00175405
21.7285	50.6506	0.232737	0.00460214
18.9224	49.3292	4.87523	0.00299206
15.8835	49.3292	4.93627	0.0028484
18.8268	46.2515	4.90761	0.00110158
18.9224	49.3292	4.87523	0.00299206
22.0142	44.8882	4.89534	0.000731175
25	46.2515	4.91369	0.00100702
21.7462	47.598	4.88781	0.00175405
24.7341	50.8393	4.82629	0.00417779
22.4091	54.0056	0.177421	0.0120571
21.7285	50.6506	0.232737	0.00460214
26.54	55.2938	0.162668	0.0132623
26.4853	58.144	0.101089	0.0280912
23.0771	56.6239	4.68188	0.0236674
30.9447	52.3495	4.84791	0.00516684
29.6201	55.2938	4.7453	0.0116485
27.9723	52.3495	4.82651	0.00568784
26.4853	58.144	0.101089	0.0280912
26.4215	60.8826	0.0475774	0.0562246
24.0253	59.6046	0.0912037	0.0536369
29.6201	55.2938	4.7453	0.0116485
26.4853	58.144	0.101089	0.0280912
26.54	55.2938	0.162668	0.0132623
29.6201	55.2938	4.7453	0.0116485
32.1533	57.1939	0.15582	0.0216551
29.839	59.2394	0.082453	0.0392974
17.2808	59.0298	4.72971	0.0592314
20.7355	60.8826	0.0920583	4.55299
17.5295	61.7527	0.0815867	4.56142
23.0771	56.6239	4.68188	0.0236674
20.3936	58.6582	4.69157	0.0612847
20.0518	56.4338	4.76996	0.0280865
23.0771	56.6239	4.68188	0.0236674
24.0253	59.6046	0.0912037	0.0536369
20.3936	58.6582	4.69157	0.0612847
39.0601	41.8598	0.171267	0.000176344
37.5191	43.9145	0.133964	0.000293115
37.5	40	4.71985	0.00010283
40.625	40	0.216619	0.000110222
39.0601	41.8598	0.171267	0.000176344
37.5	40	4.71985	0.00010283
40.6201	43.7197	0.183456	0.000233883
37.5191	43.9145	0.133964	0.000293115
39.0601	41.8598	0.171267	0.000176344
40.6201	43.7197	0.183456	0.000233883
40.433	46.2515	4.79456	0.000419683
37.5191	43.9145	0.133964	0.000293115
43.6923	43.1354	0.238359	0.000179574
40.6201	43.7197	0.183456	0.000233883
40.625	40	0.216619	0.000110222
43.6923	43.1354	0.238359	0.000179574
43.5196	46.2515	4.87294	0.000356009
40.6201	43.7197	0.183456	0.000233883
46.8798	40.196	4.9337	0.000104426
43.6923	43.1354	0.238359	0.000179574
43.75	40	4.86487	0.000103822
46.8077	43.1354	4.91056	0.000163153
49.6928	46.2515	4.9558	0.000280775
46.6062	46.2515	4.93154	0.000307822
37.5	40	4.71985	0.00010283
34.399	40.9798	0.104484	0.000145804
34.3221	37.8444	0.172448	6.65386e-05
40.5769	36.8646	4.90725	7.72112e-05
37.5	40	4.71985	0.00010283
37.4615	36.8646	4.86243	7.09192e-05
40.625	40	0.216619	0.000110222
40.6201	43.7197	0.183456	0.000233883
39.0601	41.8598	0.171267	0.000176344
40.1224	48.7521	4.85704	0.000813333
37.0597	48.5598	0.198449	0.00109183
37.3464	46.2515	0.158306	0.000555241
34.1165	49.3292	0.203978	0.00166207
36.7564	51.5944	4.84897	0.00253621
34.1289	53.2696	4.84185	0.00551787
31.1732	46.2515	4.77293	0.000884479
34.1165	49.3292	0.203978	0.00166207
31.0776	49.3292	4.83482	0.00223052
28.0866	46.2515	4.88403	0.000961025
31.1732	46.2515	4.77293	0.000884479
31.0776	49.3292	4.83482	0.00223052
34.3294	43.6157	0.109644	0.000325586
34.399	40.9798	0.104484	0.000145804
37.5191	43.9145	0.133964	0.000293115
31.1732	46.2515	4.77293	0.000884479
31.226	43.7137	0.172724	0.000409733
34.2598	46.2515	0.145769	0.000695783
31.2788	41.1758	0.143004	0.000194054
34.399	40.9798	0.104484	0.000145804
34.3294	43.6157	0.109644	0.000325586
37.0597	48.5598	0.198449	0.00109183
36.7564	51.5944	4.84897	0.00253621
34.1165	49.3292	0.203978	0.00166207
37.3464	46.2515	0.158306	0.000555241
37.0597	48.5598	0.198449	0.00109183
34.2598	46.2515	0.145769	0.000695783
40.433	46.2515	4.79456	0.000419683
37.3464	46.2515	0.158306	0.000555241
37.5191	43.9145	0.133964	0.000293115
40.433	46.2515	4.79456	0.000419683
40.1224	48.7521	4.85704	0.000813333
37.3464	46.2515	0.158306	0.000555241
40.1224	48.7521	4.85704	0.000813333
36.7564	51.5944	4.84897	0.00253621
37.0597	48.5598	0.198449	0.00109183
46.2717	49.3292	4.95678	0.000679669
45.8487	52.5335	4.95766	0.00171025
43.2329	49.3292	4.92889	0.000814197
34.1165	49.3292	0.203978	0.00166207
34.1289	53.2696	4.84185	0.00551787
30.9447	52.3495	4.84791	0.00516684
7.464	63.4929	0.0561337	4.54659
8.78345	65.7825	0.0274956	4.53742
5.97957	65.9587	0.033963	4.6064
6.4478	61.0566	0.118881	0.0717916
7.464	63.4929	0.0561337	4.54659
4.76616	63.4929	0.0689848	0.106214
6.4478	61.0566	0.118881	0.0717916
9.3634	60.8826	0.113601	0.0516662
7.464	63.4929	0.0561337	4.54659
12.3979	60.3349	0.125058	0.0368241
10.1618	63.4929	0.0485718	0.0712187
9.3634	60.8826	0.113601	0.0516662
12.8597	63.4929	0.0469943	0.0508166
15.0494	60.8826	0.108657	0.0575206
15.5575	63.4929	0.0490181	0.0714874
12.3644	68.2649	0.0112848	0.0392687
13.513	70.6966	0.00549829	0.0240957
11.25	70.3973	0.00695619	0.0298209
16.8484	65.9587	0.0203602	0.0760761
14.8915	68.2649	0.01039	0.0389851
13.846	66.4528	0.0183675	0.0456249
17.4187	68.2649	0.010269	0.0571683
16.25	70.3973	0.00554094	0.0297083
14.8915	68.2649	0.01039	0.0389851
19.999	65.078	0.0256208	4.62048
19.0904	66.7823	0.0152341	0.102557
16.8484	65.9587	0.0203602	0.0760761
19.193	69.7412	0.00634449	0.0605384
20.0967	72.3429	0.00292166	0.0346497
17.645	72.3429	0.00307954	0.0237669
9.83732	68.2649	0.0131133	0.0595547
8.78345	65.7825	0.0274956	4.53742
11.414	65.9587	0.0226794	0.0591869
6.48041	46.2515	4.99161	0.000973719
3.72828	49.3292	4.98962	0.00222019
3.39381	46.2515	4.99474	0.000903834
9.70619	49.8955	4.97753	0.00287188
6.76709	49.3292	4.98629	0.00232636
9.61019	45.6673	4.98571	0.000811938
9.70619	49.8955	4.97753	0.00287188
10.1383	52.3495	4.96156	0.00566472
7.16598	52.3495	4.96972	0.00563914
13.1107	52.3495	4.94453	0.00627489
10.1383	52.3495	4.96156	0.00566472
12.7118	50.0843	4.96267	0.00333168
4.19365	52.3495	4.97527	0.00561821
3.72828	49.3292	4.98962	0.00222019
6.76709	49.3292	4.98629	0.00232636
1.8995	55.2938	4.94872	0.0129619
4.19365	52.3495	4.97527	0.00561821
4.92487	55.4838	4.93213	0.0154346
1.22131	52.3495	4.97949	0.00499842
3.72828	49.3292	4.98962	0.00222019
4.19365	52.3495	4.97527	0.00561821
22.2828	65.9587	0.0157595	4.62898
23.0704	62.1007	0.0463964	0.106015
25.6067	64.7258	0.0176331	4.54674
21.8037	69.5771	0.00583011	4.49199
22.2828	65.9587	0.0157595	4.62898
24.3347	67.1118	0.010156	0.103291
19.999	65.078	0.0256208	4.62048
20.363	63.0044	0.0489627	4.62859
22.2828	65.9587	0.0157595	4.62898
21.8037	69.5771	0.00583011	4.49199
19.193	69.7412	0.00634449	0.0605384
19.0904	66.7823	0.0152341	0.102557
16.8484	65.9587	0.0203602	0.0760761
17.5295	61.7527	0.0815867	4.56142
19.999	65.078	0.0256208	4.62048
22.2828	65.9587	0.0157595	4.62898
20.363	63.0044	0.0489627	4.62859
23.0704	62.1007	0.0463964	0.106015
16.25	70.3973	0.00554094	0.0297083
15.1934	72.3429	0.00336507	0.0191162
13.513	70.6966	0.00549829	0.0240957
7.464	63.4929	0.0561337	4.54659
10.1618	63.4929	0.0485718	0.0712187
8.78345	65.7825	0.0274956	4.53742
20.0518	56.4338	4.76996	0.0280865
19.0553	52.3495	0.233082	0.00768358
22.4091	54.0056	0.177421	0.0120571
20.3936	58.6582	4.69157	0.0612847
17.2808	59.0298	4.72971	0.0592314
20.0518	56.4338	4.76996	0.0280865
15.0494	60.8826	0.108657	0.0575206
12.8597	63.4929	0.0469943	0.0508166
12.3979	60.3349	0.125058	0.0368241
9.3634	60.8826	0.113601	0.0516662
8.66123	58.144	4.80983	0.0268573
11.6319	58.144	4.7907	0.0236965
9.70619	49.8955	4.97753	0.00287188
7.16598	52.3495	4.96972	0.00563914
6.76709	49.3292	4.98629	0.00232636
13.1107	52.3495	4.94453	0.00627489
16.083	52.3495	4.89564	0.00710106
14.2198	55.2938	4.89549	0.0147349
23.0771	56.6239	4.68188	0.0236674
22.4091	54.0056	0.177421	0.0120571
26.54	55.2938	0.162668	0.0132623
20.7355	60.8826	0.0920583	4.55299
20.3936	58.6582	4.69157	0.0612847
24.0253	59.6046	0.0912037	0.0536369
20.0518	56.4338	4.76996	0.0280865
22.4091	54.0056	0.177421	0.0120571
23.0771	56.6239	4.68188	0.0236674
20.7355	60.8826	0.0920583	4.55299
17.2808	59.0298	4.72971	0.0592314
20.3936	58.6582	4.69157	0.0612847
17.0264	56.2438	4.83669	0.024048
19.0553	52.3495	0.233082	0.00768358
20.0518	56.4338	4.76996	0.0280865
6.30769	36.8646	4.99253	0.000111799
6.24038	39.6081	4.99225	0.000170949
3.19231	36.8646	4.99699	0.000109977
9.49534	33.1714	4.98728	7.97716e-05
9.42308	36.8646	4.97903	0.000115385
6.43263	33.3637	4.99495	7.97927e-05
6.31731	42.7435	4.99277	0.000356487
3.125	40	4.99667	0.00018181
6.24038	39.6081	4.99225	0.000170949
9.4375	42.5475	4.98175	0.000368654
12.5	40	4.93107	0.000194357
12.5577	42.3516	4.95106	0.000355597
6.30769	36.8646	4.99253	0.000111799
9.36058	39.4121	4.97801	0.000174475
6.24038	39.6081	4.99225	0.000170949
9.42308	36.8646	4.97903	0.000115385
12.5385	36.8646	4.93725	0.000114389
9.36058	39.4121	4.97801	0.000174475
15.8122	34.7222	4.90232	8.68497e-05
12.5385	36.8646	4.93725	0.000114389
12.7112	34.5275	4.95976	8.78485e-05
9.4375	42.5475	4.98175	0.000368654
12.5577	42.3516	4.95106	0.000355597
9.61019	45.6673	4.98571	0.000811938
6.24038	39.6081	4.99225	0.000170949
9.4375	42.5475	4.98175	0.000368654
6.31731	42.7435	4.99277	0.000356487
9.36058	39.4121	4.97801	0.000174475
12.5	40	4.93107	0.000194357
9.4375	42.5475	4.98175	0.000368654
15.601	39.0202	0.242106	0.000162438
12.5	40	4.93107	0.000194357
12.5385	36.8646	4.93725	0.000114389
15.601	39.0202	0.242106	0.000162438
15.6779	42.1556	4.87301	0.000356928
12.5	40	4.93107	0.000194357
6.48041	46.2515	4.99161	0.000973719
6.76709	49.3292	4.98629	0.00232636
3.72828	49.3292	4.98962	0.00222019
6.31731	42.7435	4.99277	0.000356487
6.48041	46.2515	4.99161	0.000973719
3.39381	46.2515	4.99474	0.000903834
9.61019	45.6673	4.98571	0.000811938
6.76709	49.3292	4.98629	0.00232636
6.48041	46.2515	4.99161	0.000973719
12.7118	50.0843	4.96267	0.00333168
9.70619	49.8955	4.97753	0.00287188
11.1799	48.0735	4.97571	0.0019079
3.19711	42.9395	4.99624	0.000373402
0.076922	43.1354	4.99695	0.000395195
-3.10282e-28	40	4.99768	0.000188867
6.31731	42.7435	4.99277	0.000356487
3.19711	42.9395	4.99624	0.000373402
3.125	40	4.99667	0.00018181
3.39381	46.2515	4.99474	0.000903834
0.307214	46.2515	4.99566	0.00084308
3.19711	42.9395	4.99624	0.000373402
45.0204	55.2938	4.92634	0.00410246
41.9404	55.2938	4.91121	0.00500163
42.834	52.3495	4.94301	0.00197689
48.1005	55.2938	4.93968	0.00323279
45.0204	55.2938	4.92634	0.00410246
45.8487	52.5335	4.95766	0.00171025
44.2548	57.954	4.83255	0.00984649
41.9404	55.2938	4.91121	0.00500163
45.0204	55.2938	4.92634	0.00410246
46.3226	60.8826	0.145721	0.0195583
44.2548	57.954	4.83255	0.00984649
47.2801	58.144	4.85786	0.00785412
41.4664	58.5091	4.78849	0.0134818
38.8603	55.2938	4.89033	0.00609536
41.9404	55.2938	4.91121	0.00500163
27.9723	52.3495	4.82651	0.00568784
28.0388	49.3292	4.88421	0.00248203
30.9447	52.3495	4.84791	0.00516684
19.0553	52.3495	0.233082	0.00768358
21.7285	50.6506	0.232737	0.00460214
22.4091	54.0056	0.177421	0.0120571
25	46.2515	4.91369	0.00100702
28.0388	49.3292	4.88421	0.00248203
24.7341	50.8393	4.82629	0.00417779
21.7285	50.6506	0.232737	0.00460214
21.7462	47.598	4.88781	0.00175405
24.7341	50.8393	4.82629	0.00417779
15.6779	42.1556	4.87301	0.000356928
17.2523	44.2036	4.88512	0.000648831
14.1489	44.3016	4.94307	0.000654791
22.0142	44.8882	4.89534	0.000731175
18.8268	46.2515	4.90761	0.00110158
18.7981	41.9596	0.229252	0.000303132
15.8835	49.3292	4.93627	0.0028484
12.6536	46.2515	4.96886	0.00103862
15.7402	46.2515	4.93854	0.00118541
17.0264	56.2438	4.83669	0.024048
16.083	52.3495	4.89564	0.00710106
19.0553	52.3495	0.233082	0.00768358
4.19365	52.3495	4.97527	0.00561821
7.16598	52.3495	4.96972	0.00563914
4.92487	55.4838	4.93213	0.0154346
21.9183	41.7637	4.84047	0.000301461
25	43.1354	4.89978	0.000396532
22.0142	44.8882	4.89534	0.000731175
28.125	40	4.8124	0.000164262
25	40	4.86278	0.000166275
28.1154	36.8646	4.83349	9.03513e-05
25	30.6708	4.92048	6.28961e-05
25.1151	35.3065	0.246685	8.37346e-05
21.9134	33.7485	0.25785	7.82492e-05
31.3171	35.696	4.83106	6.4365e-05
28.0866	33.7485	4.89978	7.03946e-05
30.9343	31.8249	4.95077	6.24379e-05
28.1154	36.8646	4.83349	9.03513e-05
25.1151	35.3065	0.246685	8.37346e-05
28.0866	33.7485	4.89978	7.03946e-05
33.7508	28.5944	4.96451	5.89551e-05
37.1553	30.6708	4.97831	6.1457e-05
33.997	31.6326	4.95854	6.13082e-05
21.8846	36.8646	4.8018	0.000107322
21.9014	39.3141	0.234528	0.000164043
18.7212	38.8242	0.204306	0.000152619
28.1154	36.8646	4.83349	9.03513e-05
25	40	4.86278	0.000166275
25.1151	35.3065	0.246685	8.37346e-05
28.125	40	4.8124	0.000164262
28.1154	43.1354	4.84563	0.000391368
25	40	4.86278	0.000166275
3.72828	49.3292	4.98962	0.00222019
1.22131	52.3495	4.97949	0.00499842
0.68946	49.3292	4.99127	0.00200606
0.307214	46.2515	4.99566	0.00084308
3.39381	46.2515	4.99474	0.000903834
0.68946	49.3292	4.99127	0.00200606
11.1799	48.0735	4.97571	0.0019079
12.6536	46.2515	4.96886	0.00103862
12.7118	50.0843	4.96267	0.00333168
9.61019	45.6673	4.98571	0.000811938
11.1799	48.0735	4.97571	0.0019079
9.70619	49.8955	4.97753	0.00287188
9.61019	45.6673	4.98571	0.000811938
12.6536	46.2515	4.96886	0.00103862
11.1799	48.0735	4.97571	0.0019079
31.3817	62.6228	0.0328002	4.49367
34.1521	62.7968	0.0447899	4.43518
33.1516	65.9587	0.0156722	0.0629474
26.9568	67.2765	0.00898597	0.0748434
28.4106	64.5496	0.0181453	0.0796166
30.4344	65.9587	0.0132492	0.0711411
29.839	59.2394	0.082453	0.0392974
33.5519	59.0383	0.11781	0.0357416
31.3817	62.6228	0.0328002	4.49367
28.6113	62.4488	0.0314016	0.0715494
29.839	59.2394	0.082453	0.0392974
31.3817	62.6228	0.0328002	4.49367
20.7355	60.8826	0.0920583	4.55299
24.0253	59.6046	0.0912037	0.0536369
23.0704	62.1007	0.0463964	0.106015
25.6371	53.0665	0.205397	0.0079256
24.7341	50.8393	4.82629	0.00417779
27.9723	52.3495	4.82651	0.00568784
22.4091	54.0056	0.177421	0.0120571
25.6371	53.0665	0.205397	0.0079256
26.54	55.2938	0.162668	0.0132623
22.4091	54.0056	0.177421	0.0120571
24.7341	50.8393	4.82629	0.00417779
25.6371	53.0665	0.205397	0.0079256
29.6201	55.2938	4.7453	0.0116485
31.8745	54.2817	4.80739	0.00893386
32.1533	57.1939	0.15582	0.0216551
34.2598	46.2515	0.145769	0.000695783
34.3294	43.6157	0.109644	0.000325586
37.3464	46.2515	0.158306	0.000555241
31.1732	46.2515	4.77293	0.000884479
34.2598	46.2515	0.145769	0.000695783
34.1165	49.3292	0.203978	0.00166207
34.2598	46.2515	0.145769	0.000695783
31.226	43.7137	0.172724	0.000409733
34.3294	43.6157	0.109644	0.000325586
35.6527	58.8743	4.67149	0.0258038
38.5596	58.6917	4.75512	0.0160725
37.7936	60.8826	0.104309	0.0274834
33.5519	59.0383	0.11781	0.0357416
35.6527	58.8743	4.67149	0.0258038
34.9506	60.8826	0.0822479	0.0505227
35.7802	55.2938	4.846	0.00818786
38.5596	58.6917	4.75512	0.0160725
35.6527	58.8743	4.67149	0.0258038
42.43	63.669	0.0535229	4.34595
43.4796	60.8826	0.123411	0.028354
45.2338	63.4929	0.068778	0.0436894
6.48041	46.2515	4.99161	0.000973719
6.31731	42.7435	4.99277	0.000356487
9.61019	45.6673	4.98571	0.000811938
0.68946	49.3292	4.99127	0.00200606
3.39381	46.2515	4.99474	0.000903834
3.72828	49.3292	4.98962	0.00222019
0.307214	46.2515	4.99566	0.00084308
0.076922	43.1354	4.99695	0.000395195
3.19711	42.9395	4.99624	0.000373402
6.4478	61.0566	0.118881	0.0717916
4.76616	63.4929	0.0689848	0.106214
3.67737	60.8826	0.150636	4.43949
5.69054	58.144	4.82961	0.0363707
6.4478	61.0566	0.118881	0.0717916
3.67737	60.8826	0.150636	4.43949
9.3634	60.8826	0.113601	0.0516662
10.1618	63.4929	0.0485718	0.0712187
7.464	63.4929	0.0561337	4.54659
14.6026	58.144	4.78617	0.030309
15.0494	60.8826	0.108657	0.0575206
12.3979	60.3349	0.125058	0.0368241
14.2198	55.2938	4.89549	0.0147349
14.6026	58.144	4.78617	0.030309
11.6319	58.144	4.7907	0.0236965
14.2198	55.2938	4.89549	0.0147349
17.0264	56.2438	4.83669	0.024048
14.6026	58.144	4.78617	0.030309
7.464	63.4929	0.0561337	4.54659
5.97957	65.9587	0.033963	4.6064
4.76616	63.4929	0.0689848	0.106214
11.414	65.9587	0.0226794	0.0591869
13.846	66.4528	0.0183675	0.0456249
12.3644	68.2649	0.0112848	0.0392687
10.1618	63.4929	0.0485718	0.0712187
11.414	65.9587	0.0226794	0.0591869
8.78345	65.7825	0.0274956	4.53742
12.8597	63.4929	0.0469943	0.0508166
15.5575	63.4929	0.0490181	0.0714874
13.846	66.4528	0.0183675	0.0456249
10.1618	63.4929	0.0485718	0.0712187
12.8597	63.4929	0.0469943	0.0508166
11.414	65.9587	0.0226794	0.0591869
10.1618	63.4929	0.0485718	0.0712187
12.3979	60.3349	0.125058	0.0368241
12.8597	63.4929	0.0469943	0.0508166
9.83732	68.2649	0.0131133	0.0595547
7.31021	68.2649	0.017047	0.0891006
8.78345	65.7825	0.0274956	4.53742
31.8745	54.2817	4.80739	0.00893386
30.9447	52.3495	4.84791	0.00516684
34.1289	53.2696	4.84185	0.00551787
35.7802	55.2938	4.846	0.00818786
31.8745	54.2817	4.80739	0.00893386
34.1289	53.2696	4.84185	0.00551787
29.6201	55.2938	4.7453	0.0116485
30.9447	52.3495	4.84791	0.00516684
31.8745	54.2817	4.80739	0.00893386
29.839	59.2394	0.082453	0.0392974
26.4853	58.144	0.101089	0.0280912
29.6201	55.2938	4.7453	0.0116485
33.5519	59.0383	0.11781	0.0357416
29.839	59.2394	0.082453	0.0392974
32.1533	57.1939	0.15582	0.0216551
35.7802	55.2938	4.846	0.00818786
33.5519	59.0383	0.11781	0.0357416
32.1533	57.1939	0.15582	0.0216551
34.9506	60.8826	0.0822479	0.0505227
31.3817	62.6228	0.0328002	4.49367
33.5519	59.0383	0.11781	0.0357416
28.6113	62.4488	0.0314016	0.0715494
26.4215	60.8826	0.0475774	0.0562246
29.839	59.2394	0.082453	0.0392974
26.54	55.2938	0.162668	0.0132623
27.9723	52.3495	4.82651	0.00568784
29.6201	55.2938	4.7453	0.0116485
25.6371	53.0665	0.205397	0.0079256
27.9723	52.3495	4.82651	0.00568784
26.54	55.2938	0.162668	0.0132623
24.7341	50.8393	4.82629	0.00417779
28.0388	49.3292	4.88421	0.00248203
27.9723	52.3495	4.82651	0.00568784
22.5483	72.3429	0.00274921	0.0371529
23.75	70.3973	0.00447837	0.0564372
25	72.3429	0.00259619	0.0283478
23.0327	74.7883	0.00144376	0.0161597
22.5483	72.3429	0.00274921	0.0371529
25	72.3429	0.00259619	0.0283478
21.4331	74.0896	0.00177253	0.0204665
19.0551	74.0896	0.00189444	0.0184488
20.0967	72.3429	0.00292166	0.0346497
19.0904	66.7823	0.0152341	0.102557
22.2828	65.9587	0.0157595	4.62898
21.8037	69.5771	0.00583011	4.49199
24.3347	67.1118	0.010156	0.103291
23.75	70.3973	0.00447837	0.0564372
21.8037	69.5771	0.00583011	4.49199
27.0253	69.2491	0.00552714	0.0526894
30.0542	68.2649	0.00754559	4.39371
28.75	70.3973	0.00427517	0.0391199
25.6067	64.7258	0.0176331	4.54674
28.4106	64.5496	0.0181453	0.0796166
26.9568	67.2765	0.00898597	0.0748434
22.2828	65.9587	0.0157595	4.62898
25.6067	64.7258	0.0176331	4.54674
24.3347	67.1118	0.010156	0.103291
23.0704	62.1007	0.0463964	0.106015
26.4215	60.8826	0.0475774	0.0562246
25.6067	64.7258	0.0176331	4.54674
30.4344	65.9587	0.0132492	0.0711411
30.0542	68.2649	0.00754559	4.39371
26.9568	67.2765	0.00898597	0.0748434
28.6113	62.4488	0.0314016	0.0715494
31.3817	62.6228	0.0328002	4.49367
28.4106	64.5496	0.0181453	0.0796166
25.6067	64.7258	0.0176331	4.54674
28.6113	62.4488	0.0314016	0.0715494
28.4106	64.5496	0.0181453	0.0796166
26.4215	60.8826	0.0475774	0.0562246
26.4853	58.144	0.101089	0.0280912
29.839	59.2394	0.082453	0.0392974
25.6067	64.7258	0.0176331	4.54674
26.4215	60.8826	0.0475774	0.0562246
28.6113	62.4488	0.0314016	0.0715494
24.0253	59.6046	0.0912037	0.0536369
23.0771	56.6239	4.68188	0.0236674
26.4853	58.144	0.101089	0.0280912
33.1516	65.9587	0.0156722	0.0629474
34.8233	67.7707	0.0105092	0.0459143
32.2468	68.921	0.00660903	0.043816
31.3817	62.6228	0.0328002	4.49367
33.1516	65.9587	0.0156722	0.0629474
30.4344	65.9587	0.0132492	0.0711411
34.1521	62.7968	0.0447899	4.43518
35.8688	65.9587	0.0186874	0.0527051
33.1516	65.9587	0.0156722	0.0629474
32.355	72.3429	0.00274444	0.0181231
33.75	70.3973	0.0047974	0.0265397
34.8066	72.3429	0.00312709	0.0171247
29.3832	76.0659	0.00107278	0.00826497
28.5669	74.0896	0.00165536	0.0137012
30.9297	73.8705	0.0018073	0.0130526
31.0572	70.658	0.00408217	0.0323636
33.75	70.3973	0.0047974	0.0265397
32.355	72.3429	0.00274444	0.0181231
29.9033	72.3429	0.00260275	0.0209475
31.0572	70.658	0.00408217	0.0323636
32.355	72.3429	0.00274444	0.0181231
28.4106	64.5496	0.0181453	0.0796166
31.3817	62.6228	0.0328002	4.49367
30.4344	65.9587	0.0132492	0.0711411
24.3347	67.1118	0.010156	0.103291
25.6067	64.7258	0.0176331	4.54674
26.9568	67.2765	0.00898597	0.0748434
23.0704	62.1007	0.0463964	0.106015
24.0253	59.6046	0.0912037	0.0536369
26.4215	60.8826	0.0475774	0.0562246
30.4344	65.9587	0.0132492	0.0711411
32.2468	68.921	0.00660903	0.043816
30.0542	68.2649	0.00754559	4.39371
34.8233	67.7707	0.0105092	0.0459143
33.75	70.3973	0.0047974	0.0265397
32.2468	68.921	0.00660903	0.043816
43.2329	49.3292	4.92889	0.000814197
40.1224	48.7521	4.85704	0.000813333
40.433	46.2515	4.79456	0.000419683
48.7787	52.3495	4.96503	0.00134866
45.8487	52.5335	4.95766	0.00171025
46.2717	49.3292	4.95678	0.000679669
42.834	52.3495	4.94301	0.00197689
40.1224	48.7521	4.85704	0.000813333
43.2329	49.3292	4.92889	0.000814197
47.2801	58.144	4.85786	0.00785412
44.2548	57.954	4.83255	0.00984649
45.0204	55.2938	4.92634	0.00410246
38.8603	55.2938	4.89033	0.00609536
35.7802	55.2938	4.846	0.00818786
36.7564	51.5944	4.84897	0.00253621
41.9404	55.2938	4.91121	0.00500163
38.8603	55.2938	4.89033	0.00609536
39.8617	52.3495	4.91038	0.00248411
45.8487	52.5335	4.95766	0.00171025
45.0204	55.2938	4.92634	0.00410246
42.834	52.3495	4.94301	0.00197689
41.4664	58.5091	4.78849	0.0134818
40.6366	60.8826	0.115076	0.0284903
38.5596	58.6917	4.75512	0.0160725
44.2548	57.954	4.83255	0.00984649
41.4664	58.5091	4.78849	0.0134818
41.9404	55.2938	4.91121	0.00500163
44.2548	57.954	4.83255	0.00984649
43.4796	60.8826	0.123411	0.028354
41.4664	58.5091	4.78849	0.0134818
38.5596	58.6917	4.75512	0.0160725
35.7802	55.2938	4.846	0.00818786
38.8603	55.2938	4.89033	0.00609536
6.31731	42.7435	4.99277	0.000356487
3.39381	46.2515	4.99474	0.000903834
3.19711	42.9395	4.99624	0.000373402
45.8487	52.5335	4.95766	0.00171025
42.834	52.3495	4.94301	0.00197689
43.2329	49.3292	4.92889	0.000814197
48.1005	55.2938	4.93968	0.00323279
45.8487	52.5335	4.95766	0.00171025
48.7787	52.3495	4.96503	0.00134866
48.1005	55.2938	4.93968	0.00323279
47.2801	58.144	4.85786	0.00785412
45.0204	55.2938	4.92634	0.00410246
37.7936	60.8826	0.104309	0.0274834
38.5596	58.6917	4.75512	0.0160725
40.6366	60.8826	0.115076	0.0284903
41.3032	65.9587	0.0262428	0.0416691
39.6261	63.8451	0.043718	0.04021
42.43	63.669	0.0535229	4.34595
34.9506	60.8826	0.0822479	0.0505227
35.6527	58.8743	4.67149	0.0258038
37.7936	60.8826	0.104309	0.0274834
31.3817	62.6228	0.0328002	4.49367
34.9506	60.8826	0.0822479	0.0505227
34.1521	62.7968	0.0447899	4.43518
33.5519	59.0383	0.11781	0.0357416
35.7802	55.2938	4.846	0.00818786
35.6527	58.8743	4.67149	0.0258038
31.8745	54.2817	4.80739	0.00893386
35.7802	55.2938	4.846	0.00818786
32.1533	57.1939	0.15582	0.0216551
34.1165	49.3292	0.203978	0.00166207
34.2598	46.2515	0.145769	0.000695783
37.0597	48.5598	0.198449	0.00109183
28.0388	49.3292	4.88421	0.00248203
31.0776	49.3292	4.83482	0.00223052
30.9447	52.3495	4.84791	0.00516684
28.0388	49.3292	4.88421	0.00248203
25	46.2515	4.91369	0.00100702
28.0866	46.2515	4.88403	0.000961025
36.7564	51.5944	4.84897	0.00253621
35.7802	55.2938	4.846	0.00818786
34.1289	53.2696	4.84185	0.00551787
30.9447	52.3495	4.84791	0.00516684
31.0776	49.3292	4.83482	0.00223052
34.1165	49.3292	0.203978	0.00166207
40.1224	48.7521	4.85704	0.000813333
42.834	52.3495	4.94301	0.00197689
39.8617	52.3495	4.91038	0.00248411
39.8617	52.3495	4.91038	0.00248411
42.834	52.3495	4.94301	0.00197689
41.9404	55.2938	4.91121	0.00500163
36.7564	51.5944	4.84897	0.00253621
39.8617	52.3495	4.91038	0.00248411
38.8603	55.2938	4.89033	0.00609536
36.7564	51.5944	4.84897	0.00253621
40.1224	48.7521	4.85704	0.000813333
39.8617	52.3495	4.91038	0.00248411
18.9224	49.3292	4.87523	0.00299206
19.0553	52.3495	0.233082	0.00768358
16.083	52.3495	4.89564	0.00710106
15.7402	46.2515	4.93854	0.00118541
18.8268	46.2515	4.90761	0.00110158
15.8835	49.3292	4.93627	0.0028484
21.7462	47.598	4.88781	0.00175405
25	46.2515	4.91369	0.00100702
24.7341	50.8393	4.82629	0.00417779
22.0108	14.5924	0.162884	5.7302e-05
19.9458	11.7351	0.121581	5.74038e-05
23.0432	12.7235	0.130054	5.71357e-05
17.645	7.6571	0.0673196	5.75726e-05
18.75	9.60269	0.0940615	5.74856e-05
16.5822	10.0948	4.6523	5.67938e-05
14.9215	7.36598	0.0756752	5.77658e-05
17.645	7.6571	0.0673196	5.75726e-05
16.5822	10.0948	4.6523	5.67938e-05
16.6772	5.91038	0.0451588	5.76351e-05
19.0551	5.91038	0.0355786	5.75009e-05
17.645	7.6571	0.0673196	5.75726e-05
20.0967	7.6571	0.0484871	5.74061e-05
21.25	9.60269	0.0671502	5.72886e-05
18.75	9.60269	0.0940615	5.74856e-05
17.645	7.6571	0.0673196	5.75726e-05
19.0551	5.91038	0.0355786	5.75009e-05
20.0967	7.6571	0.0484871	5.74061e-05
24.1844	6.78374	0.0389621	5.71907e-05
26.189	5.91038	0.0344177	5.7126e-05
25.4207	8.55507	0.0721305	5.7041e-05
28.5669	5.91038	0.0387326	5.70107e-05
31.8199	4.37335	0.0277546	5.69231e-05
31.1316	6.34706	0.0456675	5.68786e-05
26.9661	0.123895	0.0121944	5.72755e-05
28.4094	2.238	0.0161034	5.71661e-05
26.0648	3.0556	0.0168996	5.72543e-05
28.9198	0.494728	0.0145573	5.71748e-05
30.8485	1.10996	0.0168875	5.70691e-05
28.4094	2.238	0.0161034	5.71661e-05
31.25	9.60269	0.122924	5.67731e-05
33.75	9.60269	0.104182	5.67562e-05
32.5813	11.7351	4.74699	5.58793e-05
30.9096	13.2177	4.84682	5.5883e-05
29.636	10.915	4.72653	5.58876e-05
32.5813	11.7351	4.74699	5.58793e-05
32.355	7.6571	0.0640581	5.67969e-05
33.4473	6.2015	0.04258	5.68042e-05
34.9468	7.95642	0.0657785	5.67534e-05
29.9033	7.6571	0.0692091	5.68717e-05
32.355	7.6571	0.0640581	5.67969e-05
31.25	9.60269	0.122924	5.67731e-05
31.1316	6.34706	0.0456675	5.68786e-05
31.8199	4.37335	0.0277546	5.69231e-05
33.4473	6.2015	0.04258	5.68042e-05
29.9033	7.6571	0.0692091	5.68717e-05
31.1316	6.34706	0.0456675	5.68786e-05
32.355	7.6571	0.0640581	5.67969e-05
29.9033	7.6571	0.0692091	5.68717e-05
28.5669	5.91038	0.0387326	5.70107e-05
31.1316	6.34706	0.0456675	5.68786e-05
28.5669	5.91038	0.0387326	5.70107e-05
29.9033	7.6571	0.0692091	5.68717e-05
27.8022	8.40541	0.0866391	5.6923e-05
25	4.37335	0.021816	5.72535e-05
27.2733	4.37335	0.0242598	5.71445e-05
26.189	5.91038	0.0344177	5.7126e-05
27.2733	4.37335	0.0242598	5.71445e-05
30.3241	3.0556	0.0199171	5.70436e-05
28.5669	5.91038	0.0387326	5.70107e-05
31.1316	6.34706	0.0456675	5.68786e-05
33.4473	6.2015	0.04258	5.68042e-05
32.355	7.6571	0.0640581	5.67969e-05
27.2733	4.37335	0.0242598	5.71445e-05
28.4094	2.238	0.0161034	5.71661e-05
30.3241	3.0556	0.0199171	5.70436e-05
26.189	5.91038	0.0344177	5.7126e-05
27.2733	4.37335	0.0242598	5.71445e-05
28.5669	5.91038	0.0387326	5.70107e-05
26.0648	3.0556	0.0168996	5.72543e-05
28.4094	2.238	0.0161034	5.71661e-05
27.2733	4.37335	0.0242598	5.71445e-05
29.636	10.915	4.72653	5.58876e-05
29.9033	7.6571	0.0692091	5.68717e-05
31.25	9.60269	0.122924	5.67731e-05
25.4207	8.55507	0.0721305	5.7041e-05
27.8022	8.40541	0.0866391	5.6923e-05
27.0253	10.7509	4.679	5.59916e-05
25.4207	8.55507	0.0721305	5.7041e-05
26.189	5.91038	0.0344177	5.7126e-05
27.8022	8.40541	0.0866391	5.6923e-05
26.3489	16.5071	4.87531	5.60895e-05
24.3933	15.2742	0.209889	5.7082e-05
25.6653	12.8882	4.73493	5.60406e-05
30.3241	3.0556	0.0199171	5.70436e-05
31.8199	4.37335	0.0277546	5.69231e-05
28.5669	5.91038	0.0387326	5.70107e-05
30.8485	1.10996	0.0168875	5.70691e-05
30.3241	3.0556	0.0199171	5.70436e-05
28.4094	2.238	0.0161034	5.71661e-05
30.8485	1.10996	0.0168875	5.70691e-05
32.7403	1.96546	0.0207568	5.69544e-05
30.3241	3.0556	0.0199171	5.70436e-05
30.3241	3.0556	0.0199171	5.70436e-05
32.7403	1.96546	0.0207568	5.69544e-05
31.8199	4.37335	0.0277546	5.69231e-05
23.9352	3.0556	0.0161008	5.73461e-05
25	4.37335	0.021816	5.72535e-05
22.7267	4.37335	0.0206495	5.73592e-05
26.9661	0.123895	0.0121944	5.72755e-05
26.0648	3.0556	0.0168996	5.72543e-05
25.0248	1.47661	0.0130895	5.7336e-05
26.9661	0.123895	0.0121944	5.72755e-05
28.9198	0.494728	0.0145573	5.71748e-05
28.4094	2.238	0.0161034	5.71661e-05
25.0248	1.47661	0.0130895	5.7336e-05
25	-8.70219e-28	0.0122104	5.73468e-05
26.9661	0.123895	0.0121944	5.72755e-05
23.9352	3.0556	0.0161008	5.73461e-05
25.0248	1.47661	0.0130895	5.7336e-05
26.0648	3.0556	0.0168996	5.72543e-05
23.9352	3.0556	0.0161008	5.73461e-05
23.0835	1.59882	0.0132207	5.7406e-05
25.0248	1.47661	0.0130895	5.7336e-05
32.7403	1.96546	0.0207568	5.69544e-05
34.5833	3.0556	0.0260778	5.6844e-05
31.8199	4.37335	0.0277546	5.69231e-05
25	4.37335	0.021816	5.72535e-05
26.0648	3.0556	0.0168996	5.72543e-05
27.2733	4.37335	0.0242598	5.71445e-05
24.1844	6.78374	0.0389621	5.71907e-05
25	4.37335	0.021816	5.72535e-05
26.189	5.91038	0.0344177	5.7126e-05
23.9352	3.0556	0.0161008	5.73461e-05
26.0648	3.0556	0.0168996	5.72543e-05
25	4.37335	0.021816	5.72535e-05
21.913	2.6468	0.0153821	5.74342e-05
23.9352	3.0556	0.0161008	5.73461e-05
22.7267	4.37335	0.0206495	5.73592e-05
23.0835	1.59882	0.0132207	5.7406e-05
23.0339	0.123895	0.012167	5.74142e-05
25.0248	1.47661	0.0130895	5.7336e-05
21.913	2.6468	0.0153821	5.74342e-05
23.0835	1.59882	0.0132207	5.7406e-05
23.9352	3.0556	0.0161008	5.73461e-05
21.4331	5.91038	0.0295573	5.73718e-05
20.4534	4.37335	0.022494	5.74592e-05
22.7267	4.37335	0.0206495	5.73592e-05
19.7476	2.78306	0.0180999	5.75066e-05
21.0802	0.494728	0.0131662	5.74717e-05
21.913	2.6468	0.0153821	5.74342e-05
23.0339	0.123895	0.012167	5.74142e-05
25	-8.70219e-28	0.0122104	5.73468e-05
25.0248	1.47661	0.0130895	5.7336e-05
33.4473	6.2015	0.04258	5.68042e-05
34.5833	3.0556	0.0260778	5.6844e-05
35.7008	5.91038	0.0440282	5.67549e-05
36.3664	4.37335	0.0386452	5.67674e-05
35.7008	5.91038	0.0440282	5.67549e-05
34.5833	3.0556	0.0260778	5.6844e-05
23.5785	19.1174	4.90432	5.65586e-05
26.3489	16.5071	4.87531	5.60895e-05
26.4215	19.1174	4.9369	5.6295e-05
23.0771	23.3761	4.97145	5.74095e-05
25.3391	26.1784	4.9683	5.80137e-05
22.0277	27.6505	4.96728	6.00144e-05
29.636	10.915	4.72653	5.58876e-05
27.8022	8.40541	0.0866391	5.6923e-05
29.9033	7.6571	0.0692091	5.68717e-05
29.636	10.915	4.72653	5.58876e-05
27.0253	10.7509	4.679	5.59916e-05
27.8022	8.40541	0.0866391	5.6923e-05
32.5813	11.7351	4.74699	5.58793e-05
29.636	10.915	4.72653	5.58876e-05
31.25	9.60269	0.122924	5.67731e-05
28.2875	13.053	4.829	5.59059e-05
27.0253	10.7509	4.679	5.59916e-05
29.636	10.915	4.72653	5.58876e-05
23.0432	12.7235	0.130054	5.71357e-05
25.6653	12.8882	4.73493	5.60406e-05
24.3933	15.2742	0.209889	5.7082e-05
24.4145	10.5869	0.109024	5.70351e-05
25.4207	8.55507	0.0721305	5.7041e-05
27.0253	10.7509	4.679	5.59916e-05
23.0432	12.7235	0.130054	5.71357e-05
24.4145	10.5869	0.109024	5.70351e-05
25.6653	12.8882	4.73493	5.60406e-05
23.0432	12.7235	0.130054	5.71357e-05
21.25	9.60269	0.0671502	5.72886e-05
24.4145	10.5869	0.109024	5.70351e-05
24.1844	6.78374	0.0389621	5.71907e-05
22.5483	7.6571	0.0432079	5.72491e-05
21.4331	5.91038	0.0295573	5.73718e-05
25	4.37335	0.021816	5.72535e-05
24.1844	6.78374	0.0389621	5.71907e-05
22.7267	4.37335	0.0206495	5.73592e-05
25.4207	8.55507	0.0721305	5.7041e-05
24.4145	10.5869	0.109024	5.70351e-05
22.5483	7.6571	0.0432079	5.72491e-05
24.4145	10.5869	0.109024	5.70351e-05
21.25	9.60269	0.0671502	5.72886e-05
22.5483	7.6571	0.0432079	5.72491e-05
19.5656	14.0413	0.180158	5.75343e-05
20.9532	16.5071	0.219854	5.75575e-05
18.2554	16.5071	4.85727	5.70252e-05
19.9458	11.7351	0.121581	5.74038e-05
19.5656	14.0413	0.180158	5.75343e-05
17.7988	12.3941	4.73012	5.67423e-05
18.75	9.60269	0.0940615	5.74856e-05
19.9458	11.7351	0.121581	5.74038e-05
17.7988	12.3941	4.73012	5.67423e-05
21.25	9.60269	0.0671502	5.72886e-05
23.0432	12.7235	0.130054	5.71357e-05
19.9458	11.7351	0.121581	5.74038e-05
22.0108	14.5924	0.162884	5.7302e-05
20.9532	16.5071	0.219854	5.75575e-05
19.5656	14.0413	0.180158	5.75343e-05
19.9458	11.7351	0.121581	5.74038e-05
22.0108	14.5924	0.162884	5.7302e-05
19.5656	14.0413	0.180158	5.75343e-05
23.0432	12.7235	0.130054	5.71357e-05
24.3933	15.2742	0.209889	5.7082e-05
22.0108	14.5924	0.162884	5.7302e-05
17.7548	18.7251	4.93004	5.74574e-05
20.7355	19.1174	4.90228	5.70032e-05
17.2541	20.9431	4.96661	5.80615e-05
16.8484	14.0413	4.83093	5.69505e-05
18.2554	16.5071	4.85727	5.70252e-05
15.9817	15.8026	4.90105	5.72508e-05
20.9532	16.5071	0.219854	5.75575e-05
20.7355	19.1174	4.90228	5.70032e-05
18.2554	16.5071	4.85727	5.70252e-05
14.9215	7.36598	0.0756752	5.77658e-05
16.5822	10.0948	4.6523	5.67938e-05
13.513	9.30337	0.131765	5.79386e-05
12.6058	7.51154	0.0886252	5.79283e-05
14.9215	7.36598	0.0756752	5.77658e-05
13.513	9.30337	0.131765	5.79386e-05
13.6336	4.37335	0.0448427	5.77545e-05
15.4167	3.0556	0.0304322	5.76524e-05
16.6772	5.91038	0.0451588	5.76351e-05
19.7476	2.78306	0.0180999	5.75066e-05
19.1515	1.10996	0.0167359	5.75192e-05
21.0802	0.494728	0.0131662	5.74717e-05
20.4534	4.37335	0.022494	5.74592e-05
19.0551	5.91038	0.0355786	5.75009e-05
18.1801	4.37335	0.0275934	5.75589e-05
21.913	2.6468	0.0153821	5.74342e-05
20.4534	4.37335	0.022494	5.74592e-05
19.7476	2.78306	0.0180999	5.75066e-05
21.4331	5.91038	0.0295573	5.73718e-05
19.0551	5.91038	0.0355786	5.75009e-05
20.4534	4.37335	0.022494	5.74592e-05
24.1844	6.78374	0.0389621	5.71907e-05
21.4331	5.91038	0.0295573	5.73718e-05
22.7267	4.37335	0.0206495	5.73592e-05
20.0967	7.6571	0.0484871	5.74061e-05
19.0551	5.91038	0.0355786	5.75009e-05
21.4331	5.91038	0.0295573	5.73718e-05
20.4534	4.37335	0.022494	5.74592e-05
18.1801	4.37335	0.0275934	5.75589e-05
19.7476	2.78306	0.0180999	5.75066e-05
23.0835	1.59882	0.0132207	5.7406e-05
21.0802	0.494728	0.0131662	5.74717e-05
23.0339	0.123895	0.012167	5.74142e-05
27.8022	8.40541	0.0866391	5.6923e-05
26.189	5.91038	0.0344177	5.7126e-05
28.5669	5.91038	0.0387326	5.70107e-05
25.6653	12.8882	4.73493	5.60406e-05
24.4145	10.5869	0.109024	5.70351e-05
27.0253	10.7509	4.679	5.59916e-05
22.5483	7.6571	0.0432079	5.72491e-05
20.0967	7.6571	0.0484871	5.74061e-05
21.4331	5.91038	0.0295573	5.73718e-05
25.4207	8.55507	0.0721305	5.7041e-05
22.5483	7.6571	0.0432079	5.72491e-05
24.1844	6.78374	0.0389621	5.71907e-05
21.25	9.60269	0.0671502	5.72886e-05
20.0967	7.6571	0.0484871	5.74061e-05
22.5483	7.6571	0.0432079	5.72491e-05
14.9215	7.36598	0.0756752	5.77658e-05
16.6772	5.91038	0.0451588	5.76351e-05
17.645	7.6571	0.0673196	5.75726e-05
21.913	2.6468	0.0153821	5.74342e-05
21.0802	0.494728	0.0131662	5.74717e-05
23.0835	1.59882	0.0132207	5.7406e-05
37.3284	7.80676	0.0707442	5.67585e-05
38.0788	5.91038	0.0559128	5.67422e-05
39.7099	7.6571	0.0909607	5.68064e-05
33.4473	6.2015	0.04258	5.68042e-05
35.7008	5.91038	0.0440282	5.67549e-05
34.9468	7.95642	0.0657785	5.67534e-05
33.75	9.60269	0.104182	5.67562e-05
32.355	7.6571	0.0640581	5.67969e-05
34.9468	7.95642	0.0657785	5.67534e-05
31.8199	4.37335	0.0277546	5.69231e-05
34.5833	3.0556	0.0260778	5.6844e-05
33.4473	6.2015	0.04258	5.68042e-05
36.3664	4.37335	0.0386452	5.67674e-05
38.0788	5.91038	0.0559128	5.67422e-05
35.7008	5.91038	0.0440282	5.67549e-05
19.7476	2.78306	0.0180999	5.75066e-05
17.2597	1.96546	0.0217409	5.75785e-05
19.1515	1.10996	0.0167359	5.75192e-05
18.1801	4.37335	0.0275934	5.75589e-05
16.6772	5.91038	0.0451588	5.76351e-05
15.4167	3.0556	0.0304322	5.76524e-05
19.7476	2.78306	0.0180999	5.75066e-05
18.1801	4.37335	0.0275934	5.75589e-05
17.2597	1.96546	0.0217409	5.75785e-05
19.0551	5.91038	0.0355786	5.75009e-05
16.6772	5.91038	0.0451588	5.76351e-05
18.1801	4.37335	0.0275934	5.75589e-05
21.913	2.6468	0.0153821	5.74342e-05
22.7267	4.37335	0.0206495	5.73592e-05
20.4534	4.37335	0.022494	5.74592e-05
20.0967	7.6571	0.0484871	5.74061e-05
18.75	9.60269	0.0940615	5.74856e-05
17.645	7.6571	0.0673196	5.75726e-05
14.9215	7.36598	0.0756752	5.77658e-05
13.6336	4.37335	0.0448427	5.77545e-05
16.6772	5.91038	0.0451588	5.76351e-05
32.355	7.6571	0.0640581	5.67969e-05
33.75	9.60269	0.104182	5.67562e-05
31.25	9.60269	0.122924	5.67731e-05
38.0788	5.91038	0.0559128	5.67422e-05
37.3284	7.80676	0.0707442	5.67585e-05
35.7008	5.91038	0.0440282	5.67549e-05
38.75	9.60269	0.120003	5.68648e-05
41.25	9.60269	0.165233	5.69885e-05
40.1627	11.7351	4.79264	5.62273e-05
36.25	9.60269	0.0982874	5.67888e-05
38.75	9.60269	0.120003	5.68648e-05
37.4683	11.4071	0.172087	5.69206e-05
39.7099	7.6571	0.0909607	5.68064e-05
41.25	9.60269	0.165233	5.69885e-05
38.75	9.60269	0.120003	5.68648e-05
15.4167	3.0556	0.0304322	5.76524e-05
17.2597	1.96546	0.0217409	5.75785e-05
18.1801	4.37335	0.0275934	5.75589e-05
44.0204	14.0413	4.94333	5.69075e-05
41.2166	14.2175	4.918	5.66486e-05
42.6898	11.7351	4.86382	5.64168e-05
14.9215	7.36598	0.0756752	5.77658e-05
12.6058	7.51154	0.0886252	5.79283e-05
13.6336	4.37335	0.0448427	5.77545e-05
15.1767	12.2293	4.80725	5.7014e-05
12.5545	12.0646	4.82288	5.72975e-05
13.513	9.30337	0.131765	5.79386e-05
16.5822	10.0948	4.6523	5.67938e-05
17.7988	12.3941	4.73012	5.67423e-05
15.1767	12.2293	4.80725	5.7014e-05
14.1312	14.0413	4.88874	5.72932e-05
12.5545	12.0646	4.82288	5.72975e-05
15.1767	12.2293	4.80725	5.7014e-05
15.9817	15.8026	4.90105	5.72508e-05
14.7591	18.4213	4.95773	5.78969e-05
13.1778	15.9788	4.93909	5.76843e-05
16.5822	10.0948	4.6523	5.67938e-05
18.75	9.60269	0.0940615	5.74856e-05
17.7988	12.3941	4.73012	5.67423e-05
22.0108	14.5924	0.162884	5.7302e-05
24.3933	15.2742	0.209889	5.7082e-05
20.9532	16.5071	0.219854	5.75575e-05
11.4404	21.3083	4.98727	5.9322e-05
12.2064	19.1174	4.97598	5.84971e-05
14.6026	21.856	4.98211	5.89188e-05
8.66123	21.856	4.99229	6.00115e-05
11.4404	21.3083	4.98727	5.9322e-05
10.9756	24.1362	4.99301	6.07496e-05
8.66123	21.856	4.99229	6.00115e-05
9.3634	19.1174	4.98328	5.89462e-05
11.4404	21.3083	4.98727	5.9322e-05
6.52038	19.1174	4.98815	5.93326e-05
7.464	16.5071	4.97259	5.85489e-05
9.3634	19.1174	4.98328	5.89462e-05
3.67737	19.1174	4.99142	5.96785e-05
6.52038	19.1174	4.98815	5.93326e-05
5.62671	21.6734	4.99445	6.03628e-05
3.67737	19.1174	4.99142	5.96785e-05
4.76616	16.5071	4.98056	5.88471e-05
6.52038	19.1174	4.98815	5.93326e-05
10.1618	16.5071	4.96239	5.82091e-05
12.2064	19.1174	4.97598	5.84971e-05
9.3634	19.1174	4.98328	5.89462e-05
5.97957	14.0413	4.95453	5.82265e-05
8.69678	14.0413	4.93326	5.79552e-05
7.464	16.5071	4.97259	5.85489e-05
11.414	14.0413	4.9123	5.7639e-05
13.1778	15.9788	4.93909	5.76843e-05
10.1618	16.5071	4.96239	5.82091e-05
15.1767	12.2293	4.80725	5.7014e-05
16.8484	14.0413	4.83093	5.69505e-05
14.1312	14.0413	4.88874	5.72932e-05
6.52038	19.1174	4.98815	5.93326e-05
9.3634	19.1174	4.98328	5.89462e-05
8.66123	21.856	4.99229	6.00115e-05
14.7591	18.4213	4.95773	5.78969e-05
12.2064	19.1174	4.97598	5.84971e-05
13.1778	15.9788	4.93909	5.76843e-05
14.7591	18.4213	4.95773	5.78969e-05
14.6026	21.856	4.98211	5.89188e-05
12.2064	19.1174	4.97598	5.84971e-05
12.6058	7.51154	0.0886252	5.79283e-05
11.9212	5.91038	0.0743483	5.78961e-05
13.6336	4.37335	0.0448427	5.77545e-05
11.25	9.60269	0.151561	5.81539e-05
12.6058	7.51154	0.0886252	5.79283e-05
13.513	9.30337	0.131765	5.79386e-05
10.2901	7.6571	0.113853	5.80877e-05
11.9212	5.91038	0.0743483	5.78961e-05
12.6058	7.51154	0.0886252	5.79283e-05
41.2166	14.2175	4.918	5.66486e-05
40.1627	11.7351	4.79264	5.62273e-05
42.6898	11.7351	4.86382	5.64168e-05
35.1085	11.7351	0.177055	5.68316e-05
37.4683	11.4071	0.172087	5.69206e-05
35.6088	14.5697	4.87095	5.6167e-05
33.1516	14.0413	4.86584	5.59719e-05
35.1085	11.7351	0.177055	5.68316e-05
35.6088	14.5697	4.87095	5.6167e-05
32.5813	11.7351	4.74699	5.58793e-05
33.75	9.60269	0.104182	5.67562e-05
35.1085	11.7351	0.177055	5.68316e-05
37.3284	7.80676	0.0707442	5.67585e-05
39.7099	7.6571	0.0909607	5.68064e-05
38.75	9.60269	0.120003	5.68648e-05
36.25	9.60269	0.0982874	5.67888e-05
37.3284	7.80676	0.0707442	5.67585e-05
38.75	9.60269	0.120003	5.68648e-05
35.1085	11.7351	0.177055	5.68316e-05
36.25	9.60269	0.0982874	5.67888e-05
37.4683	11.4071	0.172087	5.69206e-05
34.9468	7.95642	0.0657785	5.67534e-05
37.3284	7.80676	0.0707442	5.67585e-05
36.25	9.60269	0.0982874	5.67888e-05
34.9468	7.95642	0.0657785	5.67534e-05
35.7008	5.91038	0.0440282	5.67549e-05
37.3284	7.80676	0.0707442	5.67585e-05
42.536	16.5071	4.96532	5.72334e-05
44.0204	14.0413	4.94333	5.69075e-05
45.2338	16.5071	4.97558	5.75483e-05
38.4127	14.3936	4.88533	5.63894e-05
41.2166	14.2175	4.918	5.66486e-05
39.693	16.8552	4.95591	5.6921e-05
38.4127	14.3936	4.88533	5.63894e-05
37.4683	11.4071	0.172087	5.69206e-05
40.1627	11.7351	4.79264	5.62273e-05
10.2901	7.6571	0.113853	5.80877e-05
12.6058	7.51154	0.0886252	5.79283e-05
11.25	9.60269	0.151561	5.81539e-05
28.2875	13.053	4.829	5.59059e-05
30.001	14.922	4.90014	5.59265e-05
26.3489	16.5071	4.87531	5.60895e-05
35.1085	11.7351	0.177055	5.68316e-05
33.1516	14.0413	4.86584	5.59719e-05
32.5813	11.7351	4.74699	5.58793e-05
30.001	14.922	4.90014	5.59265e-05
28.6113	17.5512	4.9333	5.60699e-05
26.3489	16.5071	4.87531	5.60895e-05
30.9096	13.2177	4.84682	5.5883e-05
30.001	14.922	4.90014	5.59265e-05
28.2875	13.053	4.829	5.59059e-05
29.636	10.915	4.72653	5.58876e-05
30.9096	13.2177	4.84682	5.5883e-05
28.2875	13.053	4.829	5.59059e-05
32.5813	11.7351	4.74699	5.58793e-05
33.1516	14.0413	4.86584	5.59719e-05
30.9096	13.2177	4.84682	5.5883e-05
31.7446	16.5071	4.93358	5.60672e-05
28.6113	17.5512	4.9333	5.60699e-05
30.001	14.922	4.90014	5.59265e-05
34.4425	16.5071	4.93417	5.625e-05
31.7446	16.5071	4.93358	5.60672e-05
33.1516	14.0413	4.86584	5.59719e-05
34.4425	16.5071	4.93417	5.625e-05
34.9506	19.1174	4.96894	5.66056e-05
32.1075	19.1174	4.96419	5.63028e-05
37.1403	16.5071	4.93867	5.65383e-05
34.4425	16.5071	4.93417	5.625e-05
35.6088	14.5697	4.87095	5.6167e-05
37.1403	16.5071	4.93867	5.65383e-05
37.7936	19.1174	4.97309	5.70274e-05
34.9506	19.1174	4.96894	5.66056e-05
11.414	14.0413	4.9123	5.7639e-05
14.1312	14.0413	4.88874	5.72932e-05
13.1778	15.9788	4.93909	5.76843e-05
8.69678	14.0413	4.93326	5.79552e-05
9.93237	11.8999	4.84439	5.75542e-05
11.414	14.0413	4.9123	5.7639e-05
11.25	9.60269	0.151561	5.81539e-05
13.513	9.30337	0.131765	5.79386e-05
12.5545	12.0646	4.82288	5.72975e-05
10.2901	7.6571	0.113853	5.80877e-05
11.25	9.60269	0.151561	5.81539e-05
8.74996	9.60269	0.187718	5.83437e-05
13.513	9.30337	0.131765	5.79386e-05
16.5822	10.0948	4.6523	5.67938e-05
15.1767	12.2293	4.80725	5.7014e-05
9.93237	11.8999	4.84439	5.75542e-05
11.25	9.60269	0.151561	5.81539e-05
12.5545	12.0646	4.82288	5.72975e-05
11.414	14.0413	4.9123	5.7639e-05
9.93237	11.8999	4.84439	5.75542e-05
12.5545	12.0646	4.82288	5.72975e-05
8.69678	14.0413	4.93326	5.79552e-05
7.31021	11.7351	4.88818	5.77625e-05
9.93237	11.8999	4.84439	5.75542e-05
37.4683	11.4071	0.172087	5.69206e-05
38.4127	14.3936	4.88533	5.63894e-05
35.6088	14.5697	4.87095	5.6167e-05
42.536	16.5071	4.96532	5.72334e-05
43.4158	19.3	4.9858	5.79783e-05
40.5089	19.4825	4.98123	5.75596e-05
44.0204	14.0413	4.94333	5.69075e-05
42.536	16.5071	4.96532	5.72334e-05
41.2166	14.2175	4.918	5.66486e-05
45.2338	16.5071	4.97558	5.75483e-05
43.4158	19.3	4.9858	5.79783e-05
42.536	16.5071	4.96532	5.72334e-05
40.5089	19.4825	4.98123	5.75596e-05
41.2294	22.236	4.99097	5.82884e-05
38.204	22.4261	4.98748	5.77067e-05
42.536	16.5071	4.96532	5.72334e-05
40.5089	19.4825	4.98123	5.75596e-05
39.693	16.8552	4.95591	5.6921e-05
43.4158	19.3	4.9858	5.79783e-05
41.2294	22.236	4.99097	5.82884e-05
40.5089	19.4825	4.98123	5.75596e-05
47.2801	21.856	4.99481	5.90748e-05
44.3095	21.856	4.99316	5.87296e-05
46.3226	19.1174	4.98922	5.82853e-05
38.4127	14.3936	4.88533	5.63894e-05
37.1403	16.5071	4.93867	5.65383e-05
35.6088	14.5697	4.87095	5.6167e-05
40.1627	11.7351	4.79264	5.62273e-05
41.2166	14.2175	4.918	5.66486e-05
38.4127	14.3936	4.88533	5.63894e-05
38.75	9.60269	0.120003	5.68648e-05
40.1627	11.7351	4.79264	5.62273e-05
37.4683	11.4071	0.172087	5.69206e-05
41.25	9.60269	0.165233	5.69885e-05
42.6898	11.7351	4.86382	5.64168e-05
40.1627	11.7351	4.79264	5.62273e-05
39.693	16.8552	4.95591	5.6921e-05
37.1403	16.5071	4.93867	5.65383e-05
38.4127	14.3936	4.88533	5.63894e-05
40.5089	19.4825	4.98123	5.75596e-05
37.7936	19.1174	4.97309	5.70274e-05
39.693	16.8552	4.95591	5.6921e-05
28.8815	20.2128	4.96031	5.62648e-05
29.1279	22.9961	4.95995	5.66056e-05
26.1025	23.1861	4.96771	5.6848e-05
32.1075	19.1174	4.96419	5.63028e-05
34.9506	19.1174	4.96894	5.66056e-05
32.4267	21.856	4.97209	5.66305e-05
28.8815	20.2128	4.96031	5.62648e-05
32.1075	19.1174	4.96419	5.63028e-05
32.4267	21.856	4.97209	5.66305e-05
31.7446	16.5071	4.93358	5.60672e-05
34.4425	16.5071	4.93417	5.625e-05
32.1075	19.1174	4.96419	5.63028e-05
28.6113	17.5512	4.9333	5.60699e-05
31.7446	16.5071	4.93358	5.60672e-05
32.1075	19.1174	4.96419	5.63028e-05
11.414	14.0413	4.9123	5.7639e-05
12.5545	12.0646	4.82288	5.72975e-05
14.1312	14.0413	4.88874	5.72932e-05
12.2064	19.1174	4.97598	5.84971e-05
10.1618	16.5071	4.96239	5.82091e-05
13.1778	15.9788	4.93909	5.76843e-05
9.93237	11.8999	4.84439	5.75542e-05
8.74996	9.60269	0.187718	5.83437e-05
11.25	9.60269	0.151561	5.81539e-05
43.4158	19.3	4.9858	5.79783e-05
45.2338	16.5071	4.97558	5.75483e-05
46.3226	19.1174	4.98922	5.82853e-05
33.1516	14.0413	4.86584	5.59719e-05
35.6088	14.5697	4.87095	5.6167e-05
34.4425	16.5071	4.93417	5.625e-05
36.25	9.60269	0.0982874	5.67888e-05
33.75	9.60269	0.104182	5.67562e-05
34.9468	7.95642	0.0657785	5.67534e-05
21.9134	33.7485	0.25785	7.82492e-05
18.9132	34.917	4.85312	8.75656e-05
18.6835	32.5943	4.91515	7.31732e-05
25	30.6708	4.92048	6.28961e-05
21.9134	33.7485	0.25785	7.82492e-05
21.9612	30.6708	4.91972	6.51368e-05
21.8846	36.8646	4.8018	0.000107322
18.9132	34.917	4.85312	8.75656e-05
21.9134	33.7485	0.25785	7.82492e-05
25	40	4.86278	0.000166275
21.8846	36.8646	4.8018	0.000107322
25.1151	35.3065	0.246685	8.37346e-05
21.9134	33.7485	0.25785	7.82492e-05
18.6835	32.5943	4.91515	7.31732e-05
21.9612	30.6708	4.91972	6.51368e-05
18.7212	38.8242	0.204306	0.000152619
18.9132	34.917	4.85312	8.75656e-05
21.8846	36.8646	4.8018	0.000107322
17.2667	36.7732	0.248118	0.000116433
15.8122	34.7222	4.90232	8.68497e-05
18.9132	34.917	4.85312	8.75656e-05
18.7212	38.8242	0.204306	0.000152619
17.2667	36.7732	0.248118	0.000116433
18.9132	34.917	4.85312	8.75656e-05
18.7212	38.8242	0.204306	0.000152619
15.601	39.0202	0.242106	0.000162438
17.2667	36.7732	0.248118	0.000116433
18.7981	41.9596	0.229252	0.000303132
18.7212	38.8242	0.204306	0.000152619
21.9014	39.3141	0.234528	0.000164043
15.601	39.0202	0.242106	0.000162438
15.8122	34.7222	4.90232	8.68497e-05
17.2667	36.7732	0.248118	0.000116433
14.001	23.9462	4.98868	5.99934e-05
14.6026	21.856	4.98211	5.89188e-05
17.2998	24.7062	4.98402	5.95889e-05
13.1107	27.6505	4.98983	6.3335e-05
12.8447	30.6708	4.98246	6.87763e-05
10.1383	27.6505	4.99423	6.40802e-05
15.2052	26.1784	4.98764	6.12487e-05
15.7173	29.727	4.97705	6.56665e-05
13.1107	27.6505	4.98983	6.3335e-05
20.3799	24.7062	4.97638	5.87077e-05
18.0114	27.1222	4.97949	6.1254e-05
17.2998	24.7062	4.98402	5.95889e-05
18.7229	29.5382	4.96176	6.43545e-05
15.7173	29.727	4.97705	6.56665e-05
18.0114	27.1222	4.97949	6.1254e-05
18.7229	29.5382	4.96176	6.43545e-05
18.6835	32.5943	4.91515	7.31732e-05
15.7173	29.727	4.97705	6.56665e-05
10.9756	24.1362	4.99301	6.07496e-05
8.05963	24.7062	4.99579	6.16448e-05
8.66123	21.856	4.99229	6.00115e-05
10.1383	27.6505	4.99423	6.40802e-05
8.05963	24.7062	4.99579	6.16448e-05
10.9756	24.1362	4.99301	6.07496e-05
10.1383	27.6505	4.99423	6.40802e-05
9.80591	30.6708	4.9911	7.01429e-05
7.16598	27.6505	4.99685	6.44763e-05
6.70061	30.2933	4.99628	6.90862e-05
7.16598	27.6505	4.99685	6.44763e-05
9.80591	30.6708	4.9911	7.01429e-05
4.97956	24.7062	4.99723	6.20947e-05
5.62671	21.6734	4.99445	6.03628e-05
8.05963	24.7062	4.99579	6.16448e-05
3.67737	19.1174	4.99142	5.96785e-05
5.62671	21.6734	4.99445	6.03628e-05
2.71986	21.856	4.99601	6.08316e-05
6.52038	19.1174	4.98815	5.93326e-05
4.76616	16.5071	4.98056	5.88471e-05
7.464	16.5071	4.97259	5.85489e-05
25	30.6708	4.92048	6.28961e-05
28.0388	30.6708	4.94622	6.23946e-05
28.0866	33.7485	4.89978	7.03946e-05
47.2801	21.856	4.99481	5.90748e-05
48.1005	24.7062	4.99673	5.99132e-05
45.0204	24.7062	4.99594	5.95735e-05
26.4215	19.1174	4.9369	5.6295e-05
26.3489	16.5071	4.87531	5.60895e-05
28.6113	17.5512	4.9333	5.60699e-05
18.0114	27.1222	4.97949	6.1254e-05
22.0277	27.6505	4.96728	6.00144e-05
18.7229	29.5382	4.96176	6.43545e-05
17.2541	20.9431	4.96661	5.80615e-05
20.544	21.856	4.96094	5.7579e-05
17.2998	24.7062	4.98402	5.95889e-05
23.0771	23.3761	4.97145	5.74095e-05
26.1025	23.1861	4.96771	5.6848e-05
25.3391	26.1784	4.9683	5.80137e-05
17.2998	24.7062	4.98402	5.95889e-05
20.544	21.856	4.96094	5.7579e-05
20.3799	24.7062	4.97638	5.87077e-05
24.8405	21.1517	4.95243	5.66627e-05
26.1025	23.1861	4.96771	5.6848e-05
23.0771	23.3761	4.97145	5.74095e-05
20.544	21.856	4.96094	5.7579e-05
24.8405	21.1517	4.95243	5.66627e-05
23.0771	23.3761	4.97145	5.74095e-05
23.5785	19.1174	4.90432	5.65586e-05
26.4215	19.1174	4.9369	5.6295e-05
24.8405	21.1517	4.95243	5.66627e-05
31.199	26.5464	0.346673	5.86093e-05
30.7452	28.7831	4.94893	5.92678e-05
28.269	26.3624	4.95256	5.76017e-05
29.1279	22.9961	4.95995	5.66056e-05
31.199	26.5464	0.346673	5.86093e-05
28.269	26.3624	4.95256	5.76017e-05
32.7002	24.7062	4.95614	5.7147e-05
33.7508	28.5944	4.96451	5.89551e-05
31.199	26.5464	0.346673	5.86093e-05
20.544	21.856	4.96094	5.7579e-05
23.0771	23.3761	4.97145	5.74095e-05
20.3799	24.7062	4.97638	5.87077e-05
20.7355	19.1174	4.90228	5.70032e-05
20.544	21.856	4.96094	5.7579e-05
17.2541	20.9431	4.96661	5.80615e-05
17.7548	18.7251	4.93004	5.74574e-05
18.2554	16.5071	4.85727	5.70252e-05
20.7355	19.1174	4.90228	5.70032e-05
14.7591	18.4213	4.95773	5.78969e-05
17.7548	18.7251	4.93004	5.74574e-05
17.2541	20.9431	4.96661	5.80615e-05
14.7591	18.4213	4.95773	5.78969e-05
15.9817	15.8026	4.90105	5.72508e-05
17.7548	18.7251	4.93004	5.74574e-05
20.9532	16.5071	0.219854	5.75575e-05
23.5785	19.1174	4.90432	5.65586e-05
20.7355	19.1174	4.90228	5.70032e-05
23.5785	19.1174	4.90432	5.65586e-05
24.8405	21.1517	4.95243	5.66627e-05
20.544	21.856	4.96094	5.7579e-05
26.689	28.4246	4.95605	5.93336e-05
22.0277	27.6505	4.96728	6.00144e-05
25.3391	26.1784	4.9683	5.80137e-05
21.9612	30.6708	4.91972	6.51368e-05
18.6835	32.5943	4.91515	7.31732e-05
18.7229	29.5382	4.96176	6.43545e-05
20.7355	19.1174	4.90228	5.70032e-05
23.5785	19.1174	4.90432	5.65586e-05
20.544	21.856	4.96094	5.7579e-05
16.8484	14.0413	4.83093	5.69505e-05
19.5656	14.0413	0.180158	5.75343e-05
18.2554	16.5071	4.85727	5.70252e-05
16.8484	14.0413	4.83093	5.69505e-05
17.7988	12.3941	4.73012	5.67423e-05
19.5656	14.0413	0.180158	5.75343e-05
14.1312	14.0413	4.88874	5.72932e-05
16.8484	14.0413	4.83093	5.69505e-05
15.9817	15.8026	4.90105	5.72508e-05
15.1767	12.2293	4.80725	5.7014e-05
17.7988	12.3941	4.73012	5.67423e-05
16.8484	14.0413	4.83093	5.69505e-05
18.75	9.60269	0.0940615	5.74856e-05
21.25	9.60269	0.0671502	5.72886e-05
19.9458	11.7351	0.121581	5.74038e-05
24.3933	15.2742	0.209889	5.7082e-05
23.5785	19.1174	4.90432	5.65586e-05
20.9532	16.5071	0.219854	5.75575e-05
4.97956	24.7062	4.99723	6.20947e-05
4.19365	27.6505	4.99808	6.48894e-05
1.8995	24.7062	4.99787	6.25489e-05
8.74996	9.60269	0.187718	5.83437e-05
9.93237	11.8999	4.84439	5.75542e-05
7.31021	11.7351	4.88818	5.77625e-05
46.8029	37.0605	4.96722	7.49015e-05
43.6827	37.2565	4.9321	7.88824e-05
46.6062	33.7485	4.98615	6.56448e-05
41.9404	24.7062	4.99399	5.90313e-05
45.0204	24.7062	4.99594	5.95735e-05
42.7675	28.0281	4.99376	6.02851e-05
38.8603	24.7062	4.99038	5.83485e-05
41.9404	24.7062	4.99399	5.90313e-05
39.9888	27.0985	4.9913	5.93833e-05
41.2294	22.236	4.99097	5.82884e-05
44.3095	21.856	4.99316	5.87296e-05
41.9404	24.7062	4.99399	5.90313e-05
48.7787	27.6505	4.9965	6.09006e-05
49.3105	30.6708	4.9941	6.24714e-05
46.2478	30.8632	4.99279	6.23354e-05
26.1025	23.1861	4.96771	5.6848e-05
24.8405	21.1517	4.95243	5.66627e-05
28.8815	20.2128	4.96031	5.62648e-05
28.269	26.3624	4.95256	5.76017e-05
26.1025	23.1861	4.96771	5.6848e-05
29.1279	22.9961	4.95995	5.66056e-05
23.0771	23.3761	4.97145	5.74095e-05
22.0277	27.6505	4.96728	6.00144e-05
20.3799	24.7062	4.97638	5.87077e-05
12.8447	30.6708	4.98246	6.87763e-05
12.7112	34.5275	4.95976	8.78485e-05
9.49534	33.1714	4.98728	7.97716e-05
10.1383	27.6505	4.99423	6.40802e-05
12.8447	30.6708	4.98246	6.87763e-05
9.80591	30.6708	4.9911	7.01429e-05
14.3285	32.6965	4.959	7.62867e-05
18.6835	32.5943	4.91515	7.31732e-05
15.8122	34.7222	4.90232	8.68497e-05
25.1151	35.3065	0.246685	8.37346e-05
21.8846	36.8646	4.8018	0.000107322
21.9134	33.7485	0.25785	7.82492e-05
14.3285	32.6965	4.959	7.62867e-05
12.7112	34.5275	4.95976	8.78485e-05
12.8447	30.6708	4.98246	6.87763e-05
18.9132	34.917	4.85312	8.75656e-05
15.8122	34.7222	4.90232	8.68497e-05
18.6835	32.5943	4.91515	7.31732e-05
15.601	39.0202	0.242106	0.000162438
12.5385	36.8646	4.93725	0.000114389
15.8122	34.7222	4.90232	8.68497e-05
23.5785	19.1174	4.90432	5.65586e-05
24.3933	15.2742	0.209889	5.7082e-05
26.3489	16.5071	4.87531	5.60895e-05
28.8815	20.2128	4.96031	5.62648e-05
24.8405	21.1517	4.95243	5.66627e-05
26.4215	19.1174	4.9369	5.6295e-05
18.2554	16.5071	4.85727	5.70252e-05
17.7548	18.7251	4.93004	5.74574e-05
15.9817	15.8026	4.90105	5.72508e-05
14.6026	21.856	4.98211	5.89188e-05
17.2541	20.9431	4.96661	5.80615e-05
17.2998	24.7062	4.98402	5.95889e-05
15.9817	15.8026	4.90105	5.72508e-05
13.1778	15.9788	4.93909	5.76843e-05
14.1312	14.0413	4.88874	5.72932e-05
14.6026	21.856	4.98211	5.89188e-05
14.7591	18.4213	4.95773	5.78969e-05
17.2541	20.9431	4.96661	5.80615e-05
11.4404	21.3083	4.98727	5.9322e-05
14.001	23.9462	4.98868	5.99934e-05
10.9756	24.1362	4.99301	6.07496e-05
30.001	14.922	4.90014	5.59265e-05
30.9096	13.2177	4.84682	5.5883e-05
33.1516	14.0413	4.86584	5.59719e-05
31.7446	16.5071	4.93358	5.60672e-05
30.001	14.922	4.90014	5.59265e-05
33.1516	14.0413	4.86584	5.59719e-05
25.6653	12.8882	4.73493	5.60406e-05
27.0253	10.7509	4.679	5.59916e-05
28.2875	13.053	4.829	5.59059e-05
25.6653	12.8882	4.73493	5.60406e-05
28.2875	13.053	4.829	5.59059e-05
26.3489	16.5071	4.87531	5.60895e-05
33.75	9.60269	0.104182	5.67562e-05
36.25	9.60269	0.0982874	5.67888e-05
35.1085	11.7351	0.177055	5.68316e-05
39.693	16.8552	4.95591	5.6921e-05
41.2166	14.2175	4.918	5.66486e-05
42.536	16.5071	4.96532	5.72334e-05
28.8815	20.2128	4.96031	5.62648e-05
26.4215	19.1174	4.9369	5.6295e-05
28.6113	17.5512	4.9333	5.60699e-05
40.625	40	0.216619	0.000110222
43.75	40	4.86487	0.000103822
43.6923	43.1354	0.238359	0.000179574
34.399	40.9798	0.104484	0.000145804
37.5	40	4.71985	0.00010283
37.5191	43.9145	0.133964	0.000293115
40.5769	36.8646	4.90725	7.72112e-05
43.6827	37.2565	4.9321	7.88824e-05
40.625	40	0.216619	0.000110222
37.3464	33.7485	4.9514	6.48662e-05
33.997	31.6326	4.95854	6.13082e-05
37.1553	30.6708	4.97831	6.1457e-05
40.625	40	0.216619	0.000110222
37.5	40	4.71985	0.00010283
40.5769	36.8646	4.90725	7.72112e-05
37.4615	36.8646	4.86243	7.09192e-05
34.1596	34.7385	4.88614	6.0385e-05
37.3464	33.7485	4.9514	6.48662e-05
46.2478	30.8632	4.99279	6.23354e-05
45.7731	27.8393	4.99575	6.06672e-05
48.7787	27.6505	4.9965	6.09006e-05
49.6928	33.7485	4.98843	6.59169e-05
46.6062	33.7485	4.98615	6.56448e-05
49.3105	30.6708	4.9941	6.24714e-05
40.1941	30.6708	4.98688	6.19431e-05
37.1553	30.6708	4.97831	6.1457e-05
36.8893	27.6505	4.98388	5.89628e-05
43.2329	30.6708	4.99033	6.20182e-05
40.1941	30.6708	4.98688	6.19431e-05
42.7675	28.0281	4.99376	6.02851e-05
40.433	33.7485	4.96879	6.68537e-05
37.3464	33.7485	4.9514	6.48662e-05
40.1941	30.6708	4.98688	6.19431e-05
31.3171	35.696	4.83106	6.4365e-05
31.2019	38.0404	0.165568	8.12497e-05
28.1154	36.8646	4.83349	9.03513e-05
33.997	31.6326	4.95854	6.13082e-05
34.1596	34.7385	4.88614	6.0385e-05
30.9343	31.8249	4.95077	6.24379e-05
34.3221	37.8444	0.172448	6.65386e-05
31.2019	38.0404	0.165568	8.12497e-05
31.3171	35.696	4.83106	6.4365e-05
37.5	40	4.71985	0.00010283
34.3221	37.8444	0.172448	6.65386e-05
37.4615	36.8646	4.86243	7.09192e-05
34.399	40.9798	0.104484	0.000145804
31.2019	38.0404	0.165568	8.12497e-05
34.3221	37.8444	0.172448	6.65386e-05
40.1941	30.6708	4.98688	6.19431e-05
39.9888	27.0985	4.9913	5.93833e-05
42.7675	28.0281	4.99376	6.02851e-05
7.16598	27.6505	4.99685	6.44763e-05
8.05963	24.7062	4.99579	6.16448e-05
10.1383	27.6505	4.99423	6.40802e-05
3.69504	30.482	4.99807	6.97256e-05
4.19365	27.6505	4.99808	6.48894e-05
6.70061	30.2933	4.99628	6.90862e-05
4.97956	24.7062	4.99723	6.20947e-05
8.05963	24.7062	4.99579	6.16448e-05
7.16598	27.6505	4.99685	6.44763e-05
2.71986	21.856	4.99601	6.08316e-05
4.97956	24.7062	4.99723	6.20947e-05
1.8995	24.7062	4.99787	6.25489e-05
14.001	23.9462	4.98868	5.99934e-05
11.4404	21.3083	4.98727	5.9322e-05
14.6026	21.856	4.98211	5.89188e-05
13.1107	27.6505	4.98983	6.3335e-05
10.9756	24.1362	4.99301	6.07496e-05
14.001	23.9462	4.98868	5.99934e-05
8.66123	21.856	4.99229	6.00115e-05
5.62671	21.6734	4.99445	6.03628e-05
6.52038	19.1174	4.98815	5.93326e-05
12.2064	19.1174	4.97598	5.84971e-05
11.4404	21.3083	4.98727	5.9322e-05
9.3634	19.1174	4.98328	5.89462e-05
8.05963	24.7062	4.99579	6.16448e-05
5.62671	21.6734	4.99445	6.03628e-05
8.66123	21.856	4.99229	6.00115e-05
44.3095	21.856	4.99316	5.87296e-05
41.2294	22.236	4.99097	5.82884e-05
43.4158	19.3	4.9858	5.79783e-05
45.7731	27.8393	4.99575	6.06672e-05
45.0204	24.7062	4.99594	5.95735e-05
48.1005	24.7062	4.99673	5.99132e-05
38.8603	24.7062	4.99038	5.83485e-05
36.8893	27.6505	4.98388	5.89628e-05
35.7802	24.7062	4.98182	5.76313e-05
45.7731	27.8393	4.99575	6.06672e-05
42.7675	28.0281	4.99376	6.02851e-05
45.0204	24.7062	4.99594	5.95735e-05
43.2329	30.6708	4.99033	6.20182e-05
46.2478	30.8632	4.99279	6.23354e-05
43.5196	33.7485	4.97768	6.64629e-05
40.433	33.7485	4.96879	6.68537e-05
43.2329	30.6708	4.99033	6.20182e-05
43.5196	33.7485	4.97768	6.64629e-05
42.7675	28.0281	4.99376	6.02851e-05
45.7731	27.8393	4.99575	6.06672e-05
43.2329	30.6708	4.99033	6.20182e-05
41.9404	24.7062	4.99399	5.90313e-05
42.7675	28.0281	4.99376	6.02851e-05
39.9888	27.0985	4.9913	5.93833e-05
45.7731	27.8393	4.99575	6.06672e-05
46.2478	30.8632	4.99279	6.23354e-05
43.2329	30.6708	4.99033	6.20182e-05
8.69678	14.0413	4.93326	5.79552e-05
5.97957	14.0413	4.95453	5.82265e-05
7.31021	11.7351	4.88818	5.77625e-05
10.1618	16.5071	4.96239	5.82091e-05
8.69678	14.0413	4.93326	5.79552e-05
11.414	14.0413	4.9123	5.7639e-05
7.464	16.5071	4.97259	5.85489e-05
4.76616	16.5071	4.98056	5.88471e-05
5.97957	14.0413	4.95453	5.82265e-05
10.1618	16.5071	4.96239	5.82091e-05
7.464	16.5071	4.97259	5.85489e-05
8.69678	14.0413	4.93326	5.79552e-05
10.1618	16.5071	4.96239	5.82091e-05
9.3634	19.1174	4.98328	5.89462e-05
7.464	16.5071	4.97259	5.85489e-05
9.42308	36.8646	4.97903	0.000115385
9.49534	33.1714	4.98728	7.97716e-05
12.7112	34.5275	4.95976	8.78485e-05
12.5	40	4.93107	0.000194357
9.36058	39.4121	4.97801	0.000174475
12.5385	36.8646	4.93725	0.000114389
9.36058	39.4121	4.97801	0.000174475
6.30769	36.8646	4.99253	0.000111799
9.42308	36.8646	4.97903	0.000115385
3.19231	36.8646	4.99699	0.000109977
3.40821	33.9432	4.99756	8.29328e-05
6.30769	36.8646	4.99253	0.000111799
0.076922	36.8646	4.99801	0.000107945
3.19231	36.8646	4.99699	0.000109977
3.125	40	4.99667	0.00018181
0.076922	36.8646	4.99801	0.000107945
0.307214	33.7485	4.99835	8.15355e-05
3.19231	36.8646	4.99699	0.000109977
6.70061	30.2933	4.99628	6.90862e-05
9.80591	30.6708	4.9911	7.01429e-05
9.49534	33.1714	4.98728	7.97716e-05
2.71986	21.856	4.99601	6.08316e-05
5.62671	21.6734	4.99445	6.03628e-05
4.97956	24.7062	4.99723	6.20947e-05
18.0114	27.1222	4.97949	6.1254e-05
15.7173	29.727	4.97705	6.56665e-05
15.2052	26.1784	4.98764	6.12487e-05
43.5196	33.7485	4.97768	6.64629e-05
40.5769	36.8646	4.90725	7.72112e-05
40.433	33.7485	4.96879	6.68537e-05
49.9231	36.8646	4.97471	7.52955e-05
46.8029	37.0605	4.96722	7.49015e-05
49.6928	33.7485	4.98843	6.59169e-05
43.75	40	4.86487	0.000103822
40.625	40	0.216619	0.000110222
43.6827	37.2565	4.9321	7.88824e-05
13.1107	27.6505	4.98983	6.3335e-05
15.7173	29.727	4.97705	6.56665e-05
12.8447	30.6708	4.98246	6.87763e-05
10.9756	24.1362	4.99301	6.07496e-05
13.1107	27.6505	4.98983	6.3335e-05
10.1383	27.6505	4.99423	6.40802e-05
15.2052	26.1784	4.98764	6.12487e-05
17.2998	24.7062	4.98402	5.95889e-05
18.0114	27.1222	4.97949	6.1254e-05
14.001	23.9462	4.98868	5.99934e-05
15.2052	26.1784	4.98764	6.12487e-05
13.1107	27.6505	4.98983	6.3335e-05
14.001	23.9462	4.98868	5.99934e-05
17.2998	24.7062	4.98402	5.95889e-05
15.2052	26.1784	4.98764	6.12487e-05
46.6062	33.7485	4.98615	6.56448e-05
43.6827	37.2565	4.9321	7.88824e-05
43.5196	33.7485	4.97768	6.64629e-05
50	40	4.95843	9.54631e-05
46.8029	37.0605	4.96722	7.49015e-05
49.9231	36.8646	4.97471	7.52955e-05
46.8798	40.196	4.9337	0.000104426
43.75	40	4.86487	0.000103822
46.8029	37.0605	4.96722	7.49015e-05
21.9014	39.3141	0.234528	0.000164043
21.9183	41.7637	4.84047	0.000301461
18.7981	41.9596	0.229252	0.000303132
25	40	4.86278	0.000166275
21.9014	39.3141	0.234528	0.000164043
21.8846	36.8646	4.8018	0.000107322
25	40	4.86278	0.000166275
21.9183	41.7637	4.84047	0.000301461
21.9014	39.3141	0.234528	0.000164043
22.0142	44.8882	4.89534	0.000731175
18.7981	41.9596	0.229252	0.000303132
21.9183	41.7637	4.84047	0.000301461
3.69504	30.482	4.99807	6.97256e-05
3.40821	33.9432	4.99756	8.29328e-05
0.68946	30.6708	4.99858	7.04611e-05
1.22131	27.6505	4.9985	6.53501e-05
3.69504	30.482	4.99807	6.97256e-05
0.68946	30.6708	4.99858	7.04611e-05
6.70061	30.2933	4.99628	6.90862e-05
6.43263	33.3637	4.99495	7.97927e-05
3.69504	30.482	4.99807	6.97256e-05
43.5196	33.7485	4.97768	6.64629e-05
43.6827	37.2565	4.9321	7.88824e-05
40.5769	36.8646	4.90725	7.72112e-05
40.1941	30.6708	4.98688	6.19431e-05
43.2329	30.6708	4.99033	6.20182e-05
40.433	33.7485	4.96879	6.68537e-05
46.6062	33.7485	4.98615	6.56448e-05
49.6928	33.7485	4.98843	6.59169e-05
46.8029	37.0605	4.96722	7.49015e-05
46.2478	30.8632	4.99279	6.23354e-05
46.6062	33.7485	4.98615	6.56448e-05
43.5196	33.7485	4.97768	6.64629e-05
46.2478	30.8632	4.99279	6.23354e-05
49.3105	30.6708	4.9941	6.24714e-05
46.6062	33.7485	4.98615	6.56448e-05
46.8798	40.196	4.9337	0.000104426
46.8029	37.0605	4.96722	7.49015e-05
50	40	4.95843	9.54631e-05
9.4375	42.5475	4.98175	0.000368654
6.24038	39.6081	4.99225	0.000170949
9.36058	39.4121	4.97801	0.000174475
9.49534	33.1714	4.98728	7.97716e-05
9.80591	30.6708	4.9911	7.01429e-05
12.8447	30.6708	4.98246	6.87763e-05
12.5385	36.8646	4.93725	0.000114389
9.42308	36.8646	4.97903	0.000115385
12.7112	34.5275	4.95976	8.78485e-05
6.43263	33.3637	4.99495	7.97927e-05
6.70061	30.2933	4.99628	6.90862e-05
9.49534	33.1714	4.98728	7.97716e-05
4.19365	27.6505	4.99808	6.48894e-05
4.97956	24.7062	4.99723	6.20947e-05
7.16598	27.6505	4.99685	6.44763e-05
1.22131	27.6505	4.9985	6.53501e-05
4.19365	27.6505	4.99808	6.48894e-05
3.69504	30.482	4.99807	6.97256e-05
1.22131	27.6505	4.9985	6.53501e-05
1.8995	24.7062	4.99787	6.25489e-05
4.19365	27.6505	4.99808	6.48894e-05
6.70061	30.2933	4.99628	6.90862e-05
4.19365	27.6505	4.99808	6.48894e-05
7.16598	27.6505	4.99685	6.44763e-05
18.7229	29.5382	4.96176	6.43545e-05
22.0277	27.6505	4.96728	6.00144e-05
21.9612	30.6708	4.91972	6.51368e-05
14.3285	32.6965	4.959	7.62867e-05
12.8447	30.6708	4.98246	6.87763e-05
15.7173	29.727	4.97705	6.56665e-05
18.6835	32.5943	4.91515	7.31732e-05
14.3285	32.6965	4.959	7.62867e-05
15.7173	29.727	4.97705	6.56665e-05
15.8122	34.7222	4.90232	8.68497e-05
12.7112	34.5275	4.95976	8.78485e-05
14.3285	32.6965	4.959	7.62867e-05
18.0114	27.1222	4.97949	6.1254e-05
20.3799	24.7062	4.97638	5.87077e-05
22.0277	27.6505	4.96728	6.00144e-05
3.40821	33.9432	4.99756	8.29328e-05
3.69504	30.482	4.99807	6.97256e-05
6.43263	33.3637	4.99495	7.97927e-05
46.8077	43.1354	4.91056	0.000163153
43.6923	43.1354	0.238359	0.000179574
46.8798	40.196	4.9337	0.000104426
49.9231	43.1354	4.94763	0.000155032
46.8077	43.1354	4.91056	0.000163153
46.8798	40.196	4.9337	0.000104426
46.2717	49.3292	4.95678	0.000679669
49.3105	49.3292	4.9665	0.000589717
48.7787	52.3495	4.96503	0.00134866
43.5196	46.2515	4.87294	0.000356009
46.2717	49.3292	4.95678	0.000679669
43.2329	49.3292	4.92889	0.000814197
40.433	46.2515	4.79456	0.000419683
43.5196	46.2515	4.87294	0.000356009
43.2329	49.3292	4.92889	0.000814197
43.6923	43.1354	0.238359	0.000179574
46.8077	43.1354	4.91056	0.000163153
46.6062	46.2515	4.93154	0.000307822
46.6062	46.2515	4.93154	0.000307822
49.3105	49.3292	4.9665	0.000589717
46.2717	49.3292	4.95678	0.000679669
6.30769	36.8646	4.99253	0.000111799
6.43263	33.3637	4.99495	7.97927e-05
9.42308	36.8646	4.97903	0.000115385
3.125	40	4.99667	0.00018181
3.19231	36.8646	4.99699	0.000109977
6.24038	39.6081	4.99225	0.000170949
3.40821	33.9432	4.99756	8.29328e-05
6.43263	33.3637	4.99495	7.97927e-05
6.30769	36.8646	4.99253	0.000111799
0.307214	33.7485	4.99835	8.15355e-05
3.40821	33.9432	4.99756	8.29328e-05
3.19231	36.8646	4.99699	0.000109977
0.307214	33.7485	4.99835	8.15355e-05
0.68946	30.6708	4.99858	7.04611e-05
3.40821	33.9432	4.99756	8.29328e-05
