25	30.6708	4.92219	3.52333e-05
28.0866	33.7485	4.89579	4.24601e-05
25.1151	35.3065	0.24685	5.42672e-05
22.0277	27.6505	4.96585	3.22987e-05
25	30.6708	4.92219	3.52333e-05
21.9612	30.6708	4.89961	3.47571e-05
26.689	28.4246	4.95643	3.22314e-05
28.269	26.3624	4.95292	3.07627e-05
30.7452	28.7831	4.94673	3.1644e-05
25	30.6708	4.92219	3.52333e-05
26.689	28.4246	4.95643	3.22314e-05
28.0388	30.6708	4.94347	3.43142e-05
25.3391	26.1784	4.96872	3.10232e-05
28.269	26.3624	4.95292	3.07627e-05
26.689	28.4246	4.95643	3.22314e-05
28.0388	30.6708	4.94347	3.43142e-05
30.9343	31.8249	4.94385	3.42731e-05
28.0866	33.7485	4.89579	4.24601e-05
22.0277	27.6505	4.96585	3.22987e-05
26.689	28.4246	4.95643	3.22314e-05
25	30.6708	4.92219	3.52333e-05
30.7452	28.7831	4.94673	3.1644e-05
30.9343	31.8249	4.94385	3.42731e-05
28.0388	30.6708	4.94347	3.43142e-05
26.689	28.4246	4.95643	3.22314e-05
30.7452	28.7831	4.94673	3.1644e-05
28.0388	30.6708	4.94347	3.43142e-05
26.1025	23.1861	4.96797	2.9973e-05
28.269	26.3624	4.95292	3.07627e-05
25.3391	26.1784	4.96872	3.10232e-05
29.1279	22.9961	4.9601	2.97989e-05
32.7002	24.7062	4.9562	3.01287e-05
31.199	26.5464	0.346322	3.11085e-05
33.7508	28.5944	4.96182	3.11251e-05
30.9343	31.8249	4.94385	3.42731e-05
30.7452	28.7831	4.94673	3.1644e-05
31.199	26.5464	0.346322	3.11085e-05
33.7508	28.5944	4.96182	3.11251e-05
30.7452	28.7831	4.94673	3.1644e-05
37.4615	36.8646	4.85774	4.97706e-05
40.433	33.7485	0.30188	1.18899e-05
40.5769	36.8646	4.86546	4.44695e-05
36.8893	27.6505	4.98498	3.13274e-05
37.1553	30.6708	4.97522	3.28718e-05
33.7508	28.5944	4.96182	3.11251e-05
36.8893	27.6505	4.98498	3.13274e-05
39.9888	27.0985	4.99258	3.14045e-05
40.1941	30.6708	4.96667	3.10772e-05
34.9506	19.1174	4.96881	2.95256e-05
34.4425	16.5071	4.93399	2.93343e-05
37.1403	16.5071	4.93851	2.94631e-05
38.204	22.4261	4.98739	3.01104e-05
35.1786	22.6161	4.9803	2.99018e-05
36.4861	20.8667	4.97905	2.97965e-05
32.1075	19.1174	4.96405	2.94064e-05
28.8815	20.2128	4.96019	2.94413e-05
28.6113	17.5512	4.9331	2.92818e-05
38.204	22.4261	4.98739	3.01104e-05
35.7802	24.7062	4.98171	3.02595e-05
35.1786	22.6161	4.9803	2.99018e-05
32.7002	24.7062	4.9562	3.01287e-05
29.1279	22.9961	4.9601	2.97989e-05
32.4267	21.856	4.97206	2.96665e-05
45.7731	27.8393	4.99927	3.22353e-05
48.1005	24.7062	4.9958	3.11027e-05
48.7787	27.6505	4.99784	3.20963e-05
38.8603	24.7062	4.99008	3.05232e-05
41.2294	22.236	4.99087	3.03422e-05
41.9404	24.7062	4.99371	3.08001e-05
38.8603	24.7062	4.99008	3.05232e-05
38.204	22.4261	4.98739	3.01104e-05
41.2294	22.236	4.99087	3.03422e-05
36.8893	27.6505	4.98498	3.13274e-05
38.8603	24.7062	4.99008	3.05232e-05
39.9888	27.0985	4.99258	3.14045e-05
35.7802	24.7062	4.98171	3.02595e-05
38.204	22.4261	4.98739	3.01104e-05
38.8603	24.7062	4.99008	3.05232e-05
33.7508	28.5944	4.96182	3.11251e-05
35.7802	24.7062	4.98171	3.02595e-05
36.8893	27.6505	4.98498	3.13274e-05
32.7002	24.7062	4.9562	3.01287e-05
32.4267	21.856	4.97206	2.96665e-05
35.1786	22.6161	4.9803	2.99018e-05
37.7936	19.1174	4.97295	2.97091e-05
40.5089	19.4825	4.9811	2.99458e-05
38.204	22.4261	4.98739	3.01104e-05
35.1786	22.6161	4.9803	2.99018e-05
32.4267	21.856	4.97206	2.96665e-05
34.9506	19.1174	4.96881	2.95256e-05
36.4861	20.8667	4.97905	2.97965e-05
35.1786	22.6161	4.9803	2.99018e-05
34.9506	19.1174	4.96881	2.95256e-05
37.7936	19.1174	4.97295	2.97091e-05
36.4861	20.8667	4.97905	2.97965e-05
34.9506	19.1174	4.96881	2.95256e-05
37.7936	19.1174	4.97295	2.97091e-05
38.204	22.4261	4.98739	3.01104e-05
36.4861	20.8667	4.97905	2.97965e-05
35.7802	24.7062	4.98171	3.02595e-05
32.7002	24.7062	4.9562	3.01287e-05
35.1786	22.6161	4.9803	2.99018e-05
33.7508	28.5944	4.96182	3.11251e-05
32.7002	24.7062	4.9562	3.01287e-05
35.7802	24.7062	4.98171	3.02595e-05
29.1279	22.9961	4.9601	2.97989e-05
28.8815	20.2128	4.96019	2.94413e-05
32.4267	21.856	4.97206	2.96665e-05
37.1403	16.5071	4.93851	2.94631e-05
39.693	16.8552	4.95577	2.96381e-05
37.7936	19.1174	4.97295	2.97091e-05
44.3095	21.856	4.99305	3.05141e-05
47.2801	21.856	4.99477	3.06809e-05
45.0204	24.7062	4.99546	3.09942e-05
41.9404	24.7062	4.99371	3.08001e-05
44.3095	21.856	4.99305	3.05141e-05
45.0204	24.7062	4.99546	3.09942e-05
43.4158	19.3	4.98568	3.01291e-05
46.3226	19.1174	4.9891	3.02701e-05
44.3095	21.856	4.99305	3.05141e-05
28.0866	46.2515	4.87969	0.000864497
31.0776	49.3292	4.831	0.00194552
28.0388	49.3292	4.88146	0.00213549
25	43.1354	4.89721	0.000379887
28.1154	43.1354	4.84112	0.000360287
28.0866	46.2515	4.87969	0.000864497
37.3464	46.2515	0.155367	0.000518524
34.3294	43.6157	0.117166	0.000305675
37.5191	43.9145	0.133552	0.000266442
31.226	43.7137	0.174018	0.000378046
31.2788	41.1758	0.161091	0.000182699
34.3294	43.6157	0.117166	0.000305675
28.0866	46.2515	4.87969	0.000864497
31.226	43.7137	0.174018	0.000378046
31.1732	46.2515	4.76703	0.000799008
28.1154	43.1354	4.84112	0.000360287
31.2788	41.1758	0.161091	0.000182699
31.226	43.7137	0.174018	0.000378046
25	46.2515	4.91297	0.000922507
25	43.1354	4.89721	0.000379887
28.0866	46.2515	4.87969	0.000864497
28.125	40	4.82143	0.000143835
31.2788	41.1758	0.161091	0.000182699
28.1154	43.1354	4.84112	0.000360287
28.125	40	4.82143	0.000143835
31.2019	38.0404	0.201333	7.75102e-05
31.2788	41.1758	0.161091	0.000182699
31.2019	38.0404	0.201333	7.75102e-05
34.399	40.9798	0.132896	0.000147601
31.2788	41.1758	0.161091	0.000182699
28.0866	33.7485	4.89579	4.24601e-05
31.3171	35.696	4.85048	4.90384e-05
28.1154	36.8646	4.84165	6.7558e-05
37.3464	33.7485	4.92183	3.48355e-05
37.1553	30.6708	4.97522	3.28718e-05
40.1941	30.6708	4.96667	3.10772e-05
37.4615	36.8646	4.85774	4.97706e-05
37.3464	33.7485	4.92183	3.48355e-05
40.433	33.7485	0.30188	1.18899e-05
37.4615	36.8646	4.85774	4.97706e-05
34.3221	37.8444	0.202261	6.63015e-05
34.1596	34.7385	4.89321	4.10569e-05
34.1596	34.7385	4.89321	4.10569e-05
33.997	31.6326	4.9544	3.37787e-05
37.3464	33.7485	4.92183	3.48355e-05
31.3171	35.696	4.85048	4.90384e-05
34.1596	34.7385	4.89321	4.10569e-05
34.3221	37.8444	0.202261	6.63015e-05
31.3171	35.696	4.85048	4.90384e-05
30.9343	31.8249	4.94385	3.42731e-05
34.1596	34.7385	4.89321	4.10569e-05
30.9343	31.8249	4.94385	3.42731e-05
33.7508	28.5944	4.96182	3.11251e-05
33.997	31.6326	4.9544	3.37787e-05
40.433	46.2515	4.79096	0.000388418
40.6201	43.7197	0.180053	0.000201809
43.5196	46.2515	4.87199	0.000323815
46.8029	37.0605	4.96834	4.56015e-05
43.75	40	4.86165	7.37064e-05
43.6827	37.2565	4.91077	4.69914e-05
49.9231	43.1354	4.94757	0.000123068
46.8798	40.196	4.93315	7.27612e-05
50	40	4.95794	6.58049e-05
49.9231	43.1354	4.94757	0.000123068
49.6928	46.2515	4.95583	0.000248342
46.8077	43.1354	4.91016	0.00013111
25	43.1354	4.89721	0.000379887
25	46.2515	4.91297	0.000922507
22.0142	44.8882	4.89574	0.000707476
25	40	4.86144	0.000143887
25	43.1354	4.89721	0.000379887
21.9183	41.7637	4.83987	0.000286579
25	40	4.86144	0.000143887
28.1154	43.1354	4.84112	0.000360287
25	43.1354	4.89721	0.000379887
31.2019	38.0404	0.201333	7.75102e-05
28.125	40	4.82143	0.000143835
28.1154	36.8646	4.84165	6.7558e-05
28.1154	43.1354	4.84112	0.000360287
31.226	43.7137	0.174018	0.000378046
28.0866	46.2515	4.87969	0.000864497
18.7981	41.9596	0.230467	0.000288629
15.601	39.0202	0.235751	0.000129115
18.7212	38.8242	0.19435	0.000123023
17.2523	44.2036	4.88557	0.000618204
15.7402	46.2515	4.939	0.00109683
14.1489	44.3016	4.94298	0.000603554
18.7981	41.9596	0.230467	0.000288629
17.2523	44.2036	4.88557	0.000618204
15.6779	42.1556	4.87337	0.000326762
18.8268	46.2515	4.90853	0.00105115
15.7402	46.2515	4.939	0.00109683
17.2523	44.2036	4.88557	0.000618204
21.7462	47.598	4.88883	0.00160222
18.8268	46.2515	4.90853	0.00105115
22.0142	44.8882	4.89574	0.000707476
21.7462	47.598	4.88883	0.00160222
18.9224	49.3292	4.87651	0.00267541
18.8268	46.2515	4.90853	0.00105115
15.6779	42.1556	4.87337	0.000326762
15.601	39.0202	0.235751	0.000129115
18.7981	41.9596	0.230467	0.000288629
18.8268	46.2515	4.90853	0.00105115
17.2523	44.2036	4.88557	0.000618204
18.7981	41.9596	0.230467	0.000288629
14.1489	44.3016	4.94298	0.000603554
12.6536	46.2515	4.96873	0.000944976
12.5577	42.3516	4.95084	0.000316419
15.6779	42.1556	4.87337	0.000326762
14.1489	44.3016	4.94298	0.000603554
12.5577	42.3516	4.95084	0.000316419
15.7402	46.2515	4.939	0.00109683
12.6536	46.2515	4.96873	0.000944976
14.1489	44.3016	4.94298	0.000603554
12.7118	50.0843	3.02684	0.00176859
12.6536	46.2515	4.96873	0.000944976
15.8835	49.3292	4.93735	0.00252974
16.083	52.3495	4.89691	0.00612046
13.1107	52.3495	4.94593	0.00536842
15.8835	49.3292	4.93735	0.00252974
18.9224	49.3292	4.87651	0.00267541
16.083	52.3495	4.89691	0.00612046
15.8835	49.3292	4.93735	0.00252974
13.1107	52.3495	4.94593	0.00536842
10.6893	54.7417	4.93049	0.00911887
10.1383	52.3495	4.96254	0.00491166
15.8835	49.3292	4.93735	0.00252974
13.1107	52.3495	4.94593	0.00536842
12.7118	50.0843	3.02684	0.00176859
14.2198	55.2938	4.89745	0.0127049
10.6893	54.7417	4.93049	0.00911887
13.1107	52.3495	4.94593	0.00536842
17.0264	56.2438	4.83601	0.0217598
14.2198	55.2938	4.89745	0.0127049
16.083	52.3495	4.89691	0.00612046
17.2808	59.0298	4.72719	0.0559681
17.5295	61.7527	0.080779	4.54732
15.0494	60.8826	0.108981	0.0529574
17.0264	56.2438	4.83601	0.0217598
17.2808	59.0298	4.72719	0.0559681
14.6026	58.144	4.78802	0.0269533
17.0264	56.2438	4.83601	0.0217598
20.0518	56.4338	4.76542	0.0266955
17.2808	59.0298	4.72719	0.0559681
7.16598	52.3495	4.97001	0.00509354
8.05963	55.2938	4.926	0.0117357
4.92487	55.4838	4.93254	0.0145172
6.76709	49.3292	4.98609	0.00210988
7.16598	52.3495	4.97001	0.00509354
4.19365	52.3495	4.97514	0.00524771
10.1383	52.3495	4.96254	0.00491166
8.05963	55.2938	4.926	0.0117357
7.16598	52.3495	4.97001	0.00509354
12.7118	50.0843	3.02684	0.00176859
10.1383	52.3495	4.96254	0.00491166
9.70619	49.8955	3.03556	0.00154367
10.6893	54.7417	4.93049	0.00911887
8.05963	55.2938	4.926	0.0117357
10.1383	52.3495	4.96254	0.00491166
12.5577	42.3516	4.95084	0.000316419
12.5	40	4.93164	0.000160206
15.6779	42.1556	4.87337	0.000326762
9.61019	45.6673	4.98532	0.000729052
12.5577	42.3516	4.95084	0.000316419
12.6536	46.2515	4.96873	0.000944976
9.61019	45.6673	4.98532	0.000729052
6.31731	42.7435	4.99254	0.000311335
9.4375	42.5475	4.98139	0.000321329
-3.10282e-28	40	4.99767	0.000152327
3.125	40	4.99663	0.000146982
3.19711	42.9395	4.99614	0.000330243
-3.10282e-28	40	4.99767	0.000152327
0.076922	36.8646	4.99803	7.53957e-05
3.125	40	4.99663	0.000146982
46.6062	46.2515	4.93153	0.000275437
46.2717	49.3292	4.95685	0.000646977
43.5196	46.2515	4.87199	0.000323815
43.6923	43.1354	0.236311	0.000146493
46.6062	46.2515	4.93153	0.000275437
43.5196	46.2515	4.87199	0.000323815
49.6928	46.2515	4.95583	0.000248342
49.3105	49.3292	4.96651	0.000556693
46.6062	46.2515	4.93153	0.000275437
27.4517	72.3429	0.00221028	0.0224036
25	72.3429	0.00221277	0.0273573
27.0253	69.2491	0.00484972	0.0512439
24.7277	76.3587	0.000881118	0.00925193
26.189	74.0896	0.00143943	0.0153711
27.2733	75.6267	0.00102783	0.00974069
24.7277	76.3587	0.000881118	0.00925193
23.0327	74.7883	0.00128329	0.0155404
26.189	74.0896	0.00143943	0.0153711
23.0339	79.8761	0.00062457	0.0061467
21.0802	79.5053	0.000715061	0.00697883
21.6827	78.0345	0.000747293	0.00750216
19.6759	76.9444	0.000950679	0.00887132
19.0551	74.0896	0.00178426	0.017414
21.4331	74.0896	0.00160075	0.0196113
19.6759	76.9444	0.000950679	0.00887132
18.1801	75.6267	0.00136143	0.0115622
19.0551	74.0896	0.00178426	0.017414
21.4331	74.0896	0.00160075	0.0196113
23.0327	74.7883	0.00128329	0.0155404
22.3999	76.5052	0.000918285	0.0100659
20.0967	72.3429	0.00267832	0.0332172
22.5483	72.3429	0.0024003	0.0359452
21.4331	74.0896	0.00160075	0.0196113
16.5527	73.7985	0.00218579	0.014473
17.645	72.3429	0.00297959	0.0221343
19.0551	74.0896	0.00178426	0.017414
19.193	69.7412	0.00596251	0.0579634
21.8037	69.5771	0.00522924	4.48358
20.0967	72.3429	0.00267832	0.0332172
21.8037	69.5771	0.00522924	4.48358
23.75	70.3973	0.00390605	0.054876
22.5483	72.3429	0.0024003	0.0359452
21.6827	78.0345	0.000747293	0.00750216
19.1515	78.89	0.000832245	0.00757668
19.6759	76.9444	0.000950679	0.00887132
22.3999	76.5052	0.000918285	0.0100659
19.6759	76.9444	0.000950679	0.00887132
21.4331	74.0896	0.00160075	0.0196113
22.3999	76.5052	0.000918285	0.0100659
21.6827	78.0345	0.000747293	0.00750216
19.6759	76.9444	0.000950679	0.00887132
24.7277	76.3587	0.000881118	0.00925193
22.3999	76.5052	0.000918285	0.0100659
23.0327	74.7883	0.00128329	0.0155404
24.7277	76.3587	0.000881118	0.00925193
24.9752	78.5234	0.000646191	0.00624497
23.329	78.279	0.000684774	0.00688903
21.0802	79.5053	0.000715061	0.00697883
19.1515	78.89	0.000832245	0.00757668
21.6827	78.0345	0.000747293	0.00750216
25	80	0.000610494	0.00581454
24.9752	78.5234	0.000646191	0.00624497
26.9661	79.8761	0.000603883	0.00536909
19.6759	76.9444	0.000950679	0.00887132
19.1515	78.89	0.000832245	0.00757668
17.2597	78.0345	0.00105369	0.00855589
28.3173	78.0345	0.000704746	0.00595325
30.8485	78.89	0.000790486	0.00585437
28.9198	79.5053	0.000677978	0.00556733
18.1801	75.6267	0.00136143	0.0115622
19.6759	76.9444	0.000950679	0.00887132
17.2597	78.0345	0.00105369	0.00855589
15.4167	76.9444	0.00138857	0.00941891
18.1801	75.6267	0.00136143	0.0115622
17.2597	78.0345	0.00105369	0.00855589
23.0327	74.7883	0.00128329	0.0155404
21.4331	74.0896	0.00160075	0.0196113
22.5483	72.3429	0.0024003	0.0359452
15.4167	76.9444	0.00138857	0.00941891
16.5527	73.7985	0.00218579	0.014473
18.1801	75.6267	0.00136143	0.0115622
20.0967	72.3429	0.00267832	0.0332172
21.8037	69.5771	0.00522924	4.48358
22.5483	72.3429	0.0024003	0.0359452
15.4167	76.9444	0.00138857	0.00941891
13.6336	75.6267	0.00217802	0.0118314
14.237	73.9441	0.00255579	0.0133586
29.3832	76.0659	0.000988893	0.00809814
31.3712	77.1646	0.000949799	0.00679431
28.3173	78.0345	0.000704746	0.00595325
31.9219	75.3472	0.0012931	0.00896644
34.5833	76.9444	0.00129527	0.00773939
32.7403	78.0345	0.000970468	0.006509
14.237	73.9441	0.00255579	0.0133586
11.9212	74.0896	0.00328195	0.0148307
12.7417	72.3429	0.00405494	0.0171639
11.25	70.3973	0.007175	0.0267985
12.7417	72.3429	0.00405494	0.0171639
10.2901	72.3429	0.00541017	0.0217644
17.645	72.3429	0.00297959	0.0221343
16.5527	73.7985	0.00218579	0.014473
15.1934	72.3429	0.00338722	0.0172324
19.193	69.7412	0.00596251	0.0579634
17.645	72.3429	0.00297959	0.0221343
16.25	70.3973	0.00548957	0.0272349
20.0967	72.3429	0.00267832	0.0332172
19.0551	74.0896	0.00178426	0.017414
17.645	72.3429	0.00297959	0.0221343
19.0551	74.0896	0.00178426	0.017414
18.1801	75.6267	0.00136143	0.0115622
16.5527	73.7985	0.00218579	0.014473
32.355	72.3429	0.00254575	0.0177902
34.8066	72.3429	0.00301045	0.0169442
33.3228	74.0896	0.00181567	0.0113998
33.3228	74.0896	0.00181567	0.0113998
31.9219	75.3472	0.0012931	0.00896644
30.9297	73.8705	0.0016577	0.012784
35.7008	74.0896	0.00227769	0.0122556
33.3228	74.0896	0.00181567	0.0113998
34.8066	72.3429	0.00301045	0.0169442
34.5833	76.9444	0.00129527	0.00773939
31.9219	75.3472	0.0012931	0.00896644
33.3228	74.0896	0.00181567	0.0113998
17.4187	68.2649	0.00998209	0.0537827
14.8915	68.2649	0.0104759	0.0352442
16.8484	65.9587	0.0200275	0.0716736
16.25	70.3973	0.00548957	0.0272349
13.513	70.6966	0.00563576	0.021447
14.8915	68.2649	0.0104759	0.0352442
19.193	69.7412	0.00596251	0.0579634
16.25	70.3973	0.00548957	0.0272349
17.4187	68.2649	0.00998209	0.0537827
15.1934	72.3429	0.00338722	0.0172324
14.237	73.9441	0.00255579	0.0133586
12.7417	72.3429	0.00405494	0.0171639
17.645	72.3429	0.00297959	0.0221343
15.1934	72.3429	0.00338722	0.0172324
16.25	70.3973	0.00548957	0.0272349
16.5527	73.7985	0.00218579	0.014473
14.237	73.9441	0.00255579	0.0133586
15.1934	72.3429	0.00338722	0.0172324
12.7417	72.3429	0.00405494	0.0171639
11.25	70.3973	0.007175	0.0267985
13.513	70.6966	0.00563576	0.021447
8.74996	70.3973	0.00945231	0.0385088
11.25	70.3973	0.007175	0.0267985
10.2901	72.3429	0.00541017	0.0217644
12.3644	68.2649	0.0115974	0.0353527
13.846	66.4528	0.0186494	0.0410996
14.8915	68.2649	0.0104759	0.0352442
9.83732	68.2649	0.0134793	0.0554356
12.3644	68.2649	0.0115974	0.0353527
11.25	70.3973	0.007175	0.0267985
9.83732	68.2649	0.0134793	0.0554356
11.414	65.9587	0.0232608	0.0545402
12.3644	68.2649	0.0115974	0.0353527
9.83732	68.2649	0.0134793	0.0554356
11.25	70.3973	0.007175	0.0267985
8.74996	70.3973	0.00945231	0.0385088
14.8915	68.2649	0.0104759	0.0352442
13.513	70.6966	0.00563576	0.021447
12.3644	68.2649	0.0115974	0.0353527
15.1934	72.3429	0.00338722	0.0172324
12.7417	72.3429	0.00405494	0.0171639
13.513	70.6966	0.00563576	0.021447
15.4167	76.9444	0.00138857	0.00941891
14.237	73.9441	0.00255579	0.0133586
16.5527	73.7985	0.00218579	0.014473
13.6336	75.6267	0.00217802	0.0118314
11.9212	74.0896	0.00328195	0.0148307
14.237	73.9441	0.00255579	0.0133586
11.9212	74.0896	0.00328195	0.0148307
10.2901	72.3429	0.00541017	0.0217644
12.7417	72.3429	0.00405494	0.0171639
7.31021	68.2649	0.0174281	0.0846875
9.83732	68.2649	0.0134793	0.0554356
8.74996	70.3973	0.00945231	0.0385088
7.31021	68.2649	0.0174281	0.0846875
5.97957	65.9587	0.0344821	4.59427
8.78345	65.7825	0.0280856	4.52202
28.3173	78.0345	0.000704746	0.00595325
28.9198	79.5053	0.000677978	0.00556733
26.9661	79.8761	0.000603883	0.00536909
31.3712	77.1646	0.000949799	0.00679431
31.9219	75.3472	0.0012931	0.00896644
32.7403	78.0345	0.000970468	0.006509
28.3173	78.0345	0.000704746	0.00595325
31.3712	77.1646	0.000949799	0.00679431
30.8485	78.89	0.000790486	0.00585437
29.3832	76.0659	0.000988893	0.00809814
31.9219	75.3472	0.0012931	0.00896644
31.3712	77.1646	0.000949799	0.00679431
27.2733	75.6267	0.00102783	0.00974069
29.3832	76.0659	0.000988893	0.00809814
28.3173	78.0345	0.000704746	0.00595325
28.5669	74.0896	0.00147007	0.0133205
29.9033	72.3429	0.00231171	0.0204112
30.9297	73.8705	0.0016577	0.012784
27.2733	75.6267	0.00102783	0.00974069
28.5669	74.0896	0.00147007	0.0133205
29.3832	76.0659	0.000988893	0.00809814
27.2733	75.6267	0.00102783	0.00974069
26.189	74.0896	0.00143943	0.0153711
28.5669	74.0896	0.00147007	0.0133205
26.2439	77.6257	0.00071757	0.0067664
27.2733	75.6267	0.00102783	0.00974069
28.3173	78.0345	0.000704746	0.00595325
26.9661	79.8761	0.000603883	0.00536909
26.2439	77.6257	0.00071757	0.0067664
28.3173	78.0345	0.000704746	0.00595325
24.9752	78.5234	0.000646191	0.00624497
24.7277	76.3587	0.000881118	0.00925193
26.2439	77.6257	0.00071757	0.0067664
31.0572	70.658	0.00367231	0.031666
30.0542	68.2649	0.00682172	4.38711
32.2468	68.921	0.00608012	0.0429455
31.0572	70.658	0.00367231	0.031666
28.75	70.3973	0.00373683	0.038116
30.0542	68.2649	0.00682172	4.38711
33.75	70.3973	0.00452133	0.026113
31.0572	70.658	0.00367231	0.031666
32.2468	68.921	0.00608012	0.0429455
29.9033	72.3429	0.00231171	0.0204112
28.75	70.3973	0.00373683	0.038116
31.0572	70.658	0.00367231	0.031666
30.9297	73.8705	0.0016577	0.012784
29.9033	72.3429	0.00231171	0.0204112
32.355	72.3429	0.00254575	0.0177902
33.3228	74.0896	0.00181567	0.0113998
30.9297	73.8705	0.0016577	0.012784
32.355	72.3429	0.00254575	0.0177902
31.9219	75.3472	0.0012931	0.00896644
29.3832	76.0659	0.000988893	0.00809814
30.9297	73.8705	0.0016577	0.012784
28.5669	74.0896	0.00147007	0.0133205
26.189	74.0896	0.00143943	0.0153711
27.4517	72.3429	0.00221028	0.0224036
25	72.3429	0.00221277	0.0273573
23.75	70.3973	0.00390605	0.054876
27.0253	69.2491	0.00484972	0.0512439
26.9661	79.8761	0.000603883	0.00536909
24.9752	78.5234	0.000646191	0.00624497
26.2439	77.6257	0.00071757	0.0067664
27.0253	69.2491	0.00484972	0.0512439
24.3347	67.1118	0.00949561	0.101666
26.9568	67.2765	0.0083041	0.0734899
19.0904	66.7823	0.0146066	0.0991885
19.999	65.078	0.0247747	4.6124
22.2828	65.9587	0.015056	4.62388
17.4187	68.2649	0.00998209	0.0537827
19.0904	66.7823	0.0146066	0.0991885
19.193	69.7412	0.00596251	0.0579634
17.4187	68.2649	0.00998209	0.0537827
16.8484	65.9587	0.0200275	0.0716736
19.0904	66.7823	0.0146066	0.0991885
27.4517	72.3429	0.00221028	0.0224036
28.75	70.3973	0.00373683	0.038116
29.9033	72.3429	0.00231171	0.0204112
28.5669	74.0896	0.00147007	0.0133205
27.4517	72.3429	0.00221028	0.0224036
29.9033	72.3429	0.00231171	0.0204112
26.189	74.0896	0.00143943	0.0153711
25	72.3429	0.00221277	0.0273573
27.4517	72.3429	0.00221028	0.0224036
27.0253	69.2491	0.00484972	0.0512439
26.9568	67.2765	0.0083041	0.0734899
30.0542	68.2649	0.00682172	4.38711
27.4517	72.3429	0.00221028	0.0224036
27.0253	69.2491	0.00484972	0.0512439
28.75	70.3973	0.00373683	0.038116
23.75	70.3973	0.00390605	0.054876
24.3347	67.1118	0.00949561	0.101666
27.0253	69.2491	0.00484972	0.0512439
34.8233	67.7707	0.0100899	0.0453108
37.4455	67.9354	0.0117102	4.33927
36.25	70.3973	0.00544435	0.0296641
31.3712	77.1646	0.000949799	0.00679431
32.7403	78.0345	0.000970468	0.006509
30.8485	78.89	0.000790486	0.00585437
23.329	78.279	0.000684774	0.00688903
22.3999	76.5052	0.000918285	0.0100659
24.7277	76.3587	0.000881118	0.00925193
23.0339	79.8761	0.00062457	0.0061467
23.329	78.279	0.000684774	0.00688903
24.9752	78.5234	0.000646191	0.00624497
21.6827	78.0345	0.000747293	0.00750216
22.3999	76.5052	0.000918285	0.0100659
23.329	78.279	0.000684774	0.00688903
21.6827	78.0345	0.000747293	0.00750216
23.329	78.279	0.000684774	0.00688903
23.0339	79.8761	0.00062457	0.0061467
25	72.3429	0.00221277	0.0273573
26.189	74.0896	0.00143943	0.0153711
23.0327	74.7883	0.00128329	0.0155404
27.2733	75.6267	0.00102783	0.00974069
26.2439	77.6257	0.00071757	0.0067664
24.7277	76.3587	0.000881118	0.00925193
25	80	0.000610494	0.00581454
23.0339	79.8761	0.00062457	0.0061467
24.9752	78.5234	0.000646191	0.00624497
35.7008	74.0896	0.00227769	0.0122556
37.3942	72.4885	0.00374608	0.0181558
38.0788	74.0896	0.00310104	0.0149685
34.5833	76.9444	0.00129527	0.00773939
35.7008	74.0896	0.00227769	0.0122556
36.3664	75.6267	0.00201523	0.0108367
34.8066	72.3429	0.00301045	0.0169442
37.3942	72.4885	0.00374608	0.0181558
35.7008	74.0896	0.00227769	0.0122556
34.5833	76.9444	0.00129527	0.00773939
33.3228	74.0896	0.00181567	0.0113998
35.7008	74.0896	0.00227769	0.0122556
33.75	70.3973	0.00452133	0.026113
36.25	70.3973	0.00544435	0.0296641
34.8066	72.3429	0.00301045	0.0169442
35.7008	74.0896	0.00227769	0.0122556
38.0788	74.0896	0.00310104	0.0149685
36.3664	75.6267	0.00201523	0.0108367
37.4455	67.9354	0.0117102	4.33927
38.75	70.3973	0.00683641	0.0297505
36.25	70.3973	0.00544435	0.0296641
39.7099	72.3429	0.00521092	0.0215945
38.0788	74.0896	0.00310104	0.0149685
37.3942	72.4885	0.00374608	0.0181558
36.25	70.3973	0.00544435	0.0296641
33.75	70.3973	0.00452133	0.026113
34.8233	67.7707	0.0100899	0.0453108
37.3942	72.4885	0.00374608	0.0181558
36.25	70.3973	0.00544435	0.0296641
38.75	70.3973	0.00683641	0.0297505
37.3942	72.4885	0.00374608	0.0181558
34.8066	72.3429	0.00301045	0.0169442
36.25	70.3973	0.00544435	0.0296641
15.5575	63.4929	0.0489672	0.0665867
16.8484	65.9587	0.0200275	0.0716736
13.846	66.4528	0.0186494	0.0410996
11.414	65.9587	0.0232608	0.0545402
12.8597	63.4929	0.0477473	0.045887
13.846	66.4528	0.0186494	0.0410996
15.0494	60.8826	0.108981	0.0529574
17.5295	61.7527	0.080779	4.54732
15.5575	63.4929	0.0489672	0.0665867
15.5575	63.4929	0.0489672	0.0665867
17.5295	61.7527	0.080779	4.54732
16.8484	65.9587	0.0200275	0.0716736
11.6319	58.144	4.79881	0.0206879
14.6026	58.144	4.78802	0.0269533
12.3979	60.3349	0.126598	0.032676
14.6026	58.144	4.78802	0.0269533
17.2808	59.0298	4.72719	0.0559681
15.0494	60.8826	0.108981	0.0529574
20.363	63.0044	0.0479978	4.62364
19.999	65.078	0.0247747	4.6124
17.5295	61.7527	0.080779	4.54732
20.7355	60.8826	0.0906973	4.5497
20.363	63.0044	0.0479978	4.62364
17.5295	61.7527	0.080779	4.54732
20.7355	60.8826	0.0906973	4.5497
23.0704	62.1007	0.0459191	0.106735
20.363	63.0044	0.0479978	4.62364
11.6319	58.144	4.79881	0.0206879
10.6893	54.7417	4.93049	0.00911887
14.2198	55.2938	4.89745	0.0127049
9.3634	60.8826	0.115115	0.0479871
11.6319	58.144	4.79881	0.0206879
12.3979	60.3349	0.126598	0.032676
8.66123	58.144	4.81284	0.0244944
10.6893	54.7417	4.93049	0.00911887
11.6319	58.144	4.79881	0.0206879
5.69054	58.144	4.83082	0.0346016
4.92487	55.4838	4.93254	0.0145172
8.05963	55.2938	4.926	0.0117357
6.4478	61.0566	0.119786	0.0687139
5.69054	58.144	4.83082	0.0346016
8.66123	58.144	4.81284	0.0244944
3.67737	60.8826	0.151236	4.4296
2.71986	58.144	4.8652	0.0343461
5.69054	58.144	4.83082	0.0346016
36.8222	64.0212	0.0351181	0.0465693
39.6261	63.8451	0.0435257	0.0399832
38.586	65.9587	0.0218492	0.0436231
34.1521	62.7968	0.0436288	4.43036
36.8222	64.0212	0.0351181	0.0465693
35.8688	65.9587	0.018207	0.0520902
37.7936	60.8826	0.103645	0.0269776
39.6261	63.8451	0.0435257	0.0399832
36.8222	64.0212	0.0351181	0.0465693
38.75	70.3973	0.00683641	0.0297505
40.1627	68.2649	0.013112	0.0368257
41.25	70.3973	0.00925189	0.0267294
37.3942	72.4885	0.00374608	0.0181558
38.75	70.3973	0.00683641	0.0297505
39.7099	72.3429	0.00521092	0.0215945
37.4455	67.9354	0.0117102	4.33927
40.1627	68.2649	0.013112	0.0368257
38.75	70.3973	0.00683641	0.0297505
35.8688	65.9587	0.018207	0.0520902
37.4455	67.9354	0.0117102	4.33927
34.8233	67.7707	0.0100899	0.0453108
33.1516	65.9587	0.0148717	0.0619147
35.8688	65.9587	0.018207	0.0520902
34.8233	67.7707	0.0100899	0.0453108
34.1521	62.7968	0.0436288	4.43036
34.9506	60.8826	0.0808385	0.0495056
36.8222	64.0212	0.0351181	0.0465693
38.75	70.3973	0.00683641	0.0297505
41.25	70.3973	0.00925189	0.0267294
39.7099	72.3429	0.00521092	0.0215945
38.586	65.9587	0.0218492	0.0436231
40.1627	68.2649	0.013112	0.0368257
37.4455	67.9354	0.0117102	4.33927
41.3032	65.9587	0.0261806	0.0415694
42.6898	68.2649	0.0172825	0.0332898
40.1627	68.2649	0.013112	0.0368257
41.3032	65.9587	0.0261806	0.0415694
44.0204	65.9587	0.0337562	0.0473549
42.6898	68.2649	0.0172825	0.0332898
41.25	70.3973	0.00925189	0.0267294
40.1627	68.2649	0.013112	0.0368257
42.6898	68.2649	0.0172825	0.0332898
36.8222	64.0212	0.0351181	0.0465693
34.9506	60.8826	0.0808385	0.0495056
37.7936	60.8826	0.103645	0.0269776
2.71986	58.144	4.8652	0.0343461
4.92487	55.4838	4.93254	0.0145172
5.69054	58.144	4.83082	0.0346016
8.66123	58.144	4.81284	0.0244944
8.05963	55.2938	4.926	0.0117357
10.6893	54.7417	4.93049	0.00911887
6.4478	61.0566	0.119786	0.0687139
8.66123	58.144	4.81284	0.0244944
9.3634	60.8826	0.115115	0.0479871
5.69054	58.144	4.83082	0.0346016
8.05963	55.2938	4.926	0.0117357
8.66123	58.144	4.81284	0.0244944
1.8995	55.2938	4.9487	0.0123072
4.92487	55.4838	4.93254	0.0145172
2.71986	58.144	4.8652	0.0343461
1.8995	55.2938	4.9487	0.0123072
1.22131	52.3495	4.97926	0.00471899
4.19365	52.3495	4.97514	0.00524771
41.3032	65.9587	0.0261806	0.0415694
42.43	63.669	0.0534764	4.34557
44.0204	65.9587	0.0337562	0.0473549
43.4796	60.8826	0.123382	0.0282922
40.6366	60.8826	0.114891	0.028314
41.4664	58.5091	4.78831	0.0133718
45.2338	63.4929	0.0687635	0.0436392
43.4796	60.8826	0.123382	0.0282922
46.3226	60.8826	0.145718	0.0195167
42.43	63.669	0.0534764	4.34557
40.6366	60.8826	0.114891	0.028314
43.4796	60.8826	0.123382	0.0282922
41.4664	58.5091	4.78831	0.0133718
38.5596	58.6917	4.75409	0.0157129
38.8603	55.2938	4.8897	0.00588496
46.3226	60.8826	0.145718	0.0195167
43.4796	60.8826	0.123382	0.0282922
44.2548	57.954	4.83254	0.00980223
42.43	63.669	0.0534764	4.34557
39.6261	63.8451	0.0435257	0.0399832
40.6366	60.8826	0.114891	0.028314
44.0204	65.9587	0.0337562	0.0473549
42.43	63.669	0.0534764	4.34557
45.2338	63.4929	0.0687635	0.0436392
36.8222	64.0212	0.0351181	0.0465693
38.586	65.9587	0.0218492	0.0436231
35.8688	65.9587	0.018207	0.0520902
40.6366	60.8826	0.114891	0.028314
39.6261	63.8451	0.0435257	0.0399832
37.7936	60.8826	0.103645	0.0269776
38.586	65.9587	0.0218492	0.0436231
37.4455	67.9354	0.0117102	4.33927
35.8688	65.9587	0.018207	0.0520902
41.3032	65.9587	0.0261806	0.0415694
38.586	65.9587	0.0218492	0.0436231
39.6261	63.8451	0.0435257	0.0399832
41.3032	65.9587	0.0261806	0.0415694
40.1627	68.2649	0.013112	0.0368257
38.586	65.9587	0.0218492	0.0436231
32.2468	68.921	0.00608012	0.0429455
30.4344	65.9587	0.0123846	0.0699446
33.1516	65.9587	0.0148717	0.0619147
21.7285	50.6506	0.232442	0.00409277
19.0553	52.3495	0.232923	0.00675895
18.9224	49.3292	4.87651	0.00267541
21.7462	47.598	4.88883	0.00160222
21.7285	50.6506	0.232442	0.00409277
18.9224	49.3292	4.87651	0.00267541
15.8835	49.3292	4.93735	0.00252974
18.8268	46.2515	4.90853	0.00105115
18.9224	49.3292	4.87651	0.00267541
22.0142	44.8882	4.89574	0.000707476
25	46.2515	4.91297	0.000922507
21.7462	47.598	4.88883	0.00160222
24.7341	50.8393	4.82437	0.00367887
22.4091	54.0056	0.174991	0.0113151
21.7285	50.6506	0.232442	0.00409277
26.54	55.2938	0.159261	0.0130072
26.4853	58.144	0.098773	0.0288443
23.0771	56.6239	4.67449	0.0235866
30.9447	52.3495	4.84341	0.00451964
29.6201	55.2938	4.73738	0.0108982
27.9723	52.3495	4.82151	0.00504268
26.4853	58.144	0.098773	0.0288443
26.4215	60.8826	0.0471153	0.0573758
24.0253	59.6046	0.0897538	0.0548712
29.6201	55.2938	4.73738	0.0108982
26.4853	58.144	0.098773	0.0288443
26.54	55.2938	0.159261	0.0130072
29.6201	55.2938	4.73738	0.0108982
32.1533	57.1939	0.152759	0.0206534
29.839	59.2394	0.0802848	0.0389701
17.2808	59.0298	4.72719	0.0559681
20.7355	60.8826	0.0906973	4.5497
17.5295	61.7527	0.080779	4.54732
23.0771	56.6239	4.67449	0.0235866
20.3936	58.6582	4.68577	0.0601399
20.0518	56.4338	4.76542	0.0266955
23.0771	56.6239	4.67449	0.0235866
24.0253	59.6046	0.0897538	0.0548712
20.3936	58.6582	4.68577	0.0601399
39.0601	41.8598	0.170244	0.000148968
37.5191	43.9145	0.133552	0.000266442
37.5	40	4.73398	8.85934e-05
40.625	40	0.214999	8.13524e-05
39.0601	41.8598	0.170244	0.000148968
37.5	40	4.73398	8.85934e-05
40.6201	43.7197	0.180053	0.000201809
37.5191	43.9145	0.133552	0.000266442
39.0601	41.8598	0.170244	0.000148968
40.6201	43.7197	0.180053	0.000201809
40.433	46.2515	4.79096	0.000388418
37.5191	43.9145	0.133552	0.000266442
43.6923	43.1354	0.236311	0.000146493
40.6201	43.7197	0.180053	0.000201809
40.625	40	0.214999	8.13524e-05
43.6923	43.1354	0.236311	0.000146493
43.5196	46.2515	4.87199	0.000323815
40.6201	43.7197	0.180053	0.000201809
46.8798	40.196	4.93315	7.27612e-05
43.6923	43.1354	0.236311	0.000146493
43.75	40	4.86165	7.37064e-05
46.8077	43.1354	4.91016	0.00013111
49.6928	46.2515	4.95583	0.000248342
46.6062	46.2515	4.93153	0.000275437
37.5	40	4.73398	8.85934e-05
34.399	40.9798	0.132896	0.000147601
34.3221	37.8444	0.202261	6.63015e-05
40.5769	36.8646	4.86546	4.44695e-05
37.5	40	4.73398	8.85934e-05
37.4615	36.8646	4.85774	4.97706e-05
40.625	40	0.214999	8.13524e-05
40.6201	43.7197	0.180053	0.000201809
39.0601	41.8598	0.170244	0.000148968
40.1224	48.7521	4.85567	0.000783158
37.0597	48.5598	0.196212	0.00102783
37.3464	46.2515	0.155367	0.000518524
34.1165	49.3292	0.201626	0.00150068
36.7564	51.5944	4.84753	0.00236644
34.1289	53.2696	4.83871	0.00499175
31.1732	46.2515	4.76703	0.000799008
34.1165	49.3292	0.201626	0.00150068
31.0776	49.3292	4.831	0.00194552
28.0866	46.2515	4.87969	0.000864497
31.1732	46.2515	4.76703	0.000799008
31.0776	49.3292	4.831	0.00194552
34.3294	43.6157	0.117166	0.000305675
34.399	40.9798	0.132896	0.000147601
37.5191	43.9145	0.133552	0.000266442
31.1732	46.2515	4.76703	0.000799008
31.226	43.7137	0.174018	0.000378046
34.2598	46.2515	0.143859	0.000645268
31.2788	41.1758	0.161091	0.000182699
34.399	40.9798	0.132896	0.000147601
34.3294	43.6157	0.117166	0.000305675
37.0597	48.5598	0.196212	0.00102783
36.7564	51.5944	4.84753	0.00236644
34.1165	49.3292	0.201626	0.00150068
37.3464	46.2515	0.155367	0.000518524
37.0597	48.5598	0.196212	0.00102783
34.2598	46.2515	0.143859	0.000645268
40.433	46.2515	4.79096	0.000388418
37.3464	46.2515	0.155367	0.000518524
37.5191	43.9145	0.133552	0.000266442
40.433	46.2515	4.79096	0.000388418
40.1224	48.7521	4.85567	0.000783158
37.3464	46.2515	0.155367	0.000518524
40.1224	48.7521	4.85567	0.000783158
36.7564	51.5944	4.84753	0.00236644
37.0597	48.5598	0.196212	0.00102783
46.2717	49.3292	4.95685	0.000646977
45.8487	52.5335	4.95771	0.00167679
43.2329	49.3292	4.92878	0.000782857
34.1165	49.3292	0.201626	0.00150068
34.1289	53.2696	4.83871	0.00499175
30.9447	52.3495	4.84341	0.00451964
7.464	63.4929	0.0569185	4.53334
8.78345	65.7825	0.0280856	4.52202
5.97957	65.9587	0.0344821	4.59427
6.4478	61.0566	0.119786	0.0687139
7.464	63.4929	0.0569185	4.53334
4.76616	63.4929	0.0696002	0.102479
6.4478	61.0566	0.119786	0.0687139
9.3634	60.8826	0.115115	0.0479871
7.464	63.4929	0.0569185	4.53334
12.3979	60.3349	0.126598	0.032676
10.1618	63.4929	0.0495787	0.0665925
9.3634	60.8826	0.115115	0.0479871
12.8597	63.4929	0.0477473	0.045887
15.0494	60.8826	0.108981	0.0529574
15.5575	63.4929	0.0489672	0.0665867
12.3644	68.2649	0.0115974	0.0353527
13.513	70.6966	0.00563576	0.021447
11.25	70.3973	0.007175	0.0267985
16.8484	65.9587	0.0200275	0.0716736
14.8915	68.2649	0.0104759	0.0352442
13.846	66.4528	0.0186494	0.0410996
17.4187	68.2649	0.00998209	0.0537827
16.25	70.3973	0.00548957	0.0272349
14.8915	68.2649	0.0104759	0.0352442
19.999	65.078	0.0247747	4.6124
19.0904	66.7823	0.0146066	0.0991885
16.8484	65.9587	0.0200275	0.0716736
19.193	69.7412	0.00596251	0.0579634
20.0967	72.3429	0.00267832	0.0332172
17.645	72.3429	0.00297959	0.0221343
9.83732	68.2649	0.0134793	0.0554356
8.78345	65.7825	0.0280856	4.52202
11.414	65.9587	0.0232608	0.0545402
6.48041	46.2515	4.99131	0.000885123
3.72828	49.3292	4.98937	0.00207134
3.39381	46.2515	4.99454	0.00083535
9.70619	49.8955	3.03556	0.00154367
6.76709	49.3292	4.98609	0.00210988
9.61019	45.6673	4.98532	0.000729052
9.70619	49.8955	3.03556	0.00154367
10.1383	52.3495	4.96254	0.00491166
7.16598	52.3495	4.97001	0.00509354
13.1107	52.3495	4.94593	0.00536842
10.1383	52.3495	4.96254	0.00491166
12.7118	50.0843	3.02684	0.00176859
4.19365	52.3495	4.97514	0.00524771
3.72828	49.3292	4.98937	0.00207134
6.76709	49.3292	4.98609	0.00210988
1.8995	55.2938	4.9487	0.0123072
4.19365	52.3495	4.97514	0.00524771
4.92487	55.4838	4.93254	0.0145172
1.22131	52.3495	4.97926	0.00471899
3.72828	49.3292	4.98937	0.00207134
4.19365	52.3495	4.97514	0.00524771
22.2828	65.9587	0.015056	4.62388
23.0704	62.1007	0.0459191	0.106735
25.6067	64.7258	0.017365	4.54468
21.8037	69.5771	0.00522924	4.48358
22.2828	65.9587	0.015056	4.62388
24.3347	67.1118	0.00949561	0.101666
19.999	65.078	0.0247747	4.6124
20.363	63.0044	0.0479978	4.62364
22.2828	65.9587	0.015056	4.62388
21.8037	69.5771	0.00522924	4.48358
19.193	69.7412	0.00596251	0.0579634
19.0904	66.7823	0.0146066	0.0991885
16.8484	65.9587	0.0200275	0.0716736
17.5295	61.7527	0.080779	4.54732
19.999	65.078	0.0247747	4.6124
22.2828	65.9587	0.015056	4.62388
20.363	63.0044	0.0479978	4.62364
23.0704	62.1007	0.0459191	0.106735
16.25	70.3973	0.00548957	0.0272349
15.1934	72.3429	0.00338722	0.0172324
13.513	70.6966	0.00563576	0.021447
7.464	63.4929	0.0569185	4.53334
10.1618	63.4929	0.0495787	0.0665925
8.78345	65.7825	0.0280856	4.52202
20.0518	56.4338	4.76542	0.0266955
19.0553	52.3495	0.232923	0.00675895
22.4091	54.0056	0.174991	0.0113151
20.3936	58.6582	4.68577	0.0601399
17.2808	59.0298	4.72719	0.0559681
20.0518	56.4338	4.76542	0.0266955
15.0494	60.8826	0.108981	0.0529574
12.8597	63.4929	0.0477473	0.045887
12.3979	60.3349	0.126598	0.032676
9.3634	60.8826	0.115115	0.0479871
8.66123	58.144	4.81284	0.0244944
11.6319	58.144	4.79881	0.0206879
9.70619	49.8955	3.03556	0.00154367
7.16598	52.3495	4.97001	0.00509354
6.76709	49.3292	4.98609	0.00210988
13.1107	52.3495	4.94593	0.00536842
16.083	52.3495	4.89691	0.00612046
14.2198	55.2938	4.89745	0.0127049
23.0771	56.6239	4.67449	0.0235866
22.4091	54.0056	0.174991	0.0113151
26.54	55.2938	0.159261	0.0130072
20.7355	60.8826	0.0906973	4.5497
20.3936	58.6582	4.68577	0.0601399
24.0253	59.6046	0.0897538	0.0548712
20.0518	56.4338	4.76542	0.0266955
22.4091	54.0056	0.174991	0.0113151
23.0771	56.6239	4.67449	0.0235866
20.7355	60.8826	0.0906973	4.5497
17.2808	59.0298	4.72719	0.0559681
20.3936	58.6582	4.68577	0.0601399
17.0264	56.2438	4.83601	0.0217598
19.0553	52.3495	0.232923	0.00675895
20.0518	56.4338	4.76542	0.0266955
6.30769	36.8646	4.9926	7.88546e-05
6.24038	39.6081	4.99217	0.000135747
3.19231	36.8646	4.997	7.72822e-05
9.49534	33.1714	4.98951	4.88016e-05
9.42308	36.8646	4.98269	8.26145e-05
6.43263	33.3637	4.99485	4.84636e-05
6.31731	42.7435	4.99254	0.000311335
3.125	40	4.99663	0.000146982
6.24038	39.6081	4.99217	0.000135747
9.4375	42.5475	4.98139	0.000321329
12.5	40	4.93164	0.000160206
12.5577	42.3516	4.95084	0.000316419
6.30769	36.8646	4.9926	7.88546e-05
9.36058	39.4121	4.9798	0.000139023
6.24038	39.6081	4.99217	0.000135747
9.42308	36.8646	4.98269	8.26145e-05
12.5385	36.8646	4.91904	7.88234e-05
9.36058	39.4121	4.9798	0.000139023
15.8122	34.7222	0.427071	2.53313e-05
12.5385	36.8646	4.91904	7.88234e-05
12.7112	34.5275	4.90368	4.937e-05
9.4375	42.5475	4.98139	0.000321329
12.5577	42.3516	4.95084	0.000316419
9.61019	45.6673	4.98532	0.000729052
6.24038	39.6081	4.99217	0.000135747
9.4375	42.5475	4.98139	0.000321329
6.31731	42.7435	4.99254	0.000311335
9.36058	39.4121	4.9798	0.000139023
12.5	40	4.93164	0.000160206
9.4375	42.5475	4.98139	0.000321329
15.601	39.0202	0.235751	0.000129115
12.5	40	4.93164	0.000160206
12.5385	36.8646	4.91904	7.88234e-05
15.601	39.0202	0.235751	0.000129115
15.6779	42.1556	4.87337	0.000326762
12.5	40	4.93164	0.000160206
6.48041	46.2515	4.99131	0.000885123
6.76709	49.3292	4.98609	0.00210988
3.72828	49.3292	4.98937	0.00207134
6.31731	42.7435	4.99254	0.000311335
6.48041	46.2515	4.99131	0.000885123
3.39381	46.2515	4.99454	0.00083535
9.61019	45.6673	4.98532	0.000729052
6.76709	49.3292	4.98609	0.00210988
6.48041	46.2515	4.99131	0.000885123
12.7118	50.0843	3.02684	0.00176859
9.70619	49.8955	3.03556	0.00154367
11.1799	48.0735	3.03437	0.00102938
3.19711	42.9395	4.99614	0.000330243
0.076922	43.1354	4.99688	0.000352214
-3.10282e-28	40	4.99767	0.000152327
6.31731	42.7435	4.99254	0.000311335
3.19711	42.9395	4.99614	0.000330243
3.125	40	4.99663	0.000146982
3.39381	46.2515	4.99454	0.00083535
0.307214	46.2515	4.99551	0.000782701
3.19711	42.9395	4.99614	0.000330243
45.0204	55.2938	4.92635	0.00406659
41.9404	55.2938	4.91114	0.00493891
42.834	52.3495	4.94309	0.00193987
48.1005	55.2938	4.93968	0.00319853
45.0204	55.2938	4.92635	0.00406659
45.8487	52.5335	4.95771	0.00167679
44.2548	57.954	4.83254	0.00980223
41.9404	55.2938	4.91114	0.00493891
45.0204	55.2938	4.92635	0.00406659
46.3226	60.8826	0.145718	0.0195167
44.2548	57.954	4.83254	0.00980223
47.2801	58.144	4.85786	0.00781805
41.4664	58.5091	4.78831	0.0133718
38.8603	55.2938	4.8897	0.00588496
41.9404	55.2938	4.91114	0.00493891
27.9723	52.3495	4.82151	0.00504268
28.0388	49.3292	4.88146	0.00213549
30.9447	52.3495	4.84341	0.00451964
19.0553	52.3495	0.232923	0.00675895
21.7285	50.6506	0.232442	0.00409277
22.4091	54.0056	0.174991	0.0113151
25	46.2515	4.91297	0.000922507
28.0388	49.3292	4.88146	0.00213549
24.7341	50.8393	4.82437	0.00367887
21.7285	50.6506	0.232442	0.00409277
21.7462	47.598	4.88883	0.00160222
24.7341	50.8393	4.82437	0.00367887
15.6779	42.1556	4.87337	0.000326762
17.2523	44.2036	4.88557	0.000618204
14.1489	44.3016	4.94298	0.000603554
22.0142	44.8882	4.89574	0.000707476
18.8268	46.2515	4.90853	0.00105115
18.7981	41.9596	0.230467	0.000288629
15.8835	49.3292	4.93735	0.00252974
12.6536	46.2515	4.96873	0.000944976
15.7402	46.2515	4.939	0.00109683
17.0264	56.2438	4.83601	0.0217598
16.083	52.3495	4.89691	0.00612046
19.0553	52.3495	0.232923	0.00675895
4.19365	52.3495	4.97514	0.00524771
7.16598	52.3495	4.97001	0.00509354
4.92487	55.4838	4.93254	0.0145172
21.9183	41.7637	4.83987	0.000286579
25	43.1354	4.89721	0.000379887
22.0142	44.8882	4.89574	0.000707476
28.125	40	4.82143	0.000143835
25	40	4.86144	0.000143887
28.1154	36.8646	4.84165	6.7558e-05
25	30.6708	4.92219	3.52333e-05
25.1151	35.3065	0.24685	5.42672e-05
21.9134	33.7485	0.227495	4.3611e-05
31.3171	35.696	4.85048	4.90384e-05
28.0866	33.7485	4.89579	4.24601e-05
30.9343	31.8249	4.94385	3.42731e-05
28.1154	36.8646	4.84165	6.7558e-05
25.1151	35.3065	0.24685	5.42672e-05
28.0866	33.7485	4.89579	4.24601e-05
33.7508	28.5944	4.96182	3.11251e-05
37.1553	30.6708	4.97522	3.28718e-05
33.997	31.6326	4.9544	3.37787e-05
21.8846	36.8646	4.78459	7.56295e-05
21.9014	39.3141	0.233208	0.000139674
18.7212	38.8242	0.19435	0.000123023
28.1154	36.8646	4.84165	6.7558e-05
25	40	4.86144	0.000143887
25.1151	35.3065	0.24685	5.42672e-05
28.125	40	4.82143	0.000143835
28.1154	43.1354	4.84112	0.000360287
25	40	4.86144	0.000143887
3.72828	49.3292	4.98937	0.00207134
1.22131	52.3495	4.97926	0.00471899
0.68946	49.3292	4.99103	0.00188816
0.307214	46.2515	4.99551	0.000782701
3.39381	46.2515	4.99454	0.00083535
0.68946	49.3292	4.99103	0.00188816
11.1799	48.0735	3.03437	0.00102938
12.6536	46.2515	4.96873	0.000944976
12.7118	50.0843	3.02684	0.00176859
9.61019	45.6673	4.98532	0.000729052
11.1799	48.0735	3.03437	0.00102938
9.70619	49.8955	3.03556	0.00154367
9.61019	45.6673	4.98532	0.000729052
12.6536	46.2515	4.96873	0.000944976
11.1799	48.0735	3.03437	0.00102938
31.3817	62.6228	0.0314817	4.48865
34.1521	62.7968	0.0436288	4.43036
33.1516	65.9587	0.0148717	0.0619147
26.9568	67.2765	0.0083041	0.0734899
28.4106	64.5496	0.0174962	0.0789916
30.4344	65.9587	0.0123846	0.0699446
29.839	59.2394	0.0802848	0.0389701
33.5519	59.0383	0.115479	0.0346407
31.3817	62.6228	0.0314817	4.48865
28.6113	62.4488	0.0307012	0.0716166
29.839	59.2394	0.0802848	0.0389701
31.3817	62.6228	0.0314817	4.48865
20.7355	60.8826	0.0906973	4.5497
24.0253	59.6046	0.0897538	0.0548712
23.0704	62.1007	0.0459191	0.106735
25.6371	53.0665	0.202536	0.0073476
24.7341	50.8393	4.82437	0.00367887
27.9723	52.3495	4.82151	0.00504268
22.4091	54.0056	0.174991	0.0113151
25.6371	53.0665	0.202536	0.0073476
26.54	55.2938	0.159261	0.0130072
22.4091	54.0056	0.174991	0.0113151
24.7341	50.8393	4.82437	0.00367887
25.6371	53.0665	0.202536	0.0073476
29.6201	55.2938	4.73738	0.0108982
31.8745	54.2817	4.802	0.00812822
32.1533	57.1939	0.152759	0.0206534
34.2598	46.2515	0.143859	0.000645268
34.3294	43.6157	0.117166	0.000305675
37.3464	46.2515	0.155367	0.000518524
31.1732	46.2515	4.76703	0.000799008
34.2598	46.2515	0.143859	0.000645268
34.1165	49.3292	0.201626	0.00150068
34.2598	46.2515	0.143859	0.000645268
31.226	43.7137	0.174018	0.000378046
34.3294	43.6157	0.117166	0.000305675
35.6527	58.8743	4.66792	0.0249862
38.5596	58.6917	4.75409	0.0157129
37.7936	60.8826	0.103645	0.0269776
33.5519	59.0383	0.115479	0.0346407
35.6527	58.8743	4.66792	0.0249862
34.9506	60.8826	0.0808385	0.0495056
35.7802	55.2938	4.84361	0.00761323
38.5596	58.6917	4.75409	0.0157129
35.6527	58.8743	4.66792	0.0249862
42.43	63.669	0.0534764	4.34557
43.4796	60.8826	0.123382	0.0282922
45.2338	63.4929	0.0687635	0.0436392
6.48041	46.2515	4.99131	0.000885123
6.31731	42.7435	4.99254	0.000311335
9.61019	45.6673	4.98532	0.000729052
0.68946	49.3292	4.99103	0.00188816
3.39381	46.2515	4.99454	0.00083535
3.72828	49.3292	4.98937	0.00207134
0.307214	46.2515	4.99551	0.000782701
0.076922	43.1354	4.99688	0.000352214
3.19711	42.9395	4.99614	0.000330243
6.4478	61.0566	0.119786	0.0687139
4.76616	63.4929	0.0696002	0.102479
3.67737	60.8826	0.151236	4.4296
5.69054	58.144	4.83082	0.0346016
6.4478	61.0566	0.119786	0.0687139
3.67737	60.8826	0.151236	4.4296
9.3634	60.8826	0.115115	0.0479871
10.1618	63.4929	0.0495787	0.0665925
7.464	63.4929	0.0569185	4.53334
14.6026	58.144	4.78802	0.0269533
15.0494	60.8826	0.108981	0.0529574
12.3979	60.3349	0.126598	0.032676
14.2198	55.2938	4.89745	0.0127049
14.6026	58.144	4.78802	0.0269533
11.6319	58.144	4.79881	0.0206879
14.2198	55.2938	4.89745	0.0127049
17.0264	56.2438	4.83601	0.0217598
14.6026	58.144	4.78802	0.0269533
7.464	63.4929	0.0569185	4.53334
5.97957	65.9587	0.0344821	4.59427
4.76616	63.4929	0.0696002	0.102479
11.414	65.9587	0.0232608	0.0545402
13.846	66.4528	0.0186494	0.0410996
12.3644	68.2649	0.0115974	0.0353527
10.1618	63.4929	0.0495787	0.0665925
11.414	65.9587	0.0232608	0.0545402
8.78345	65.7825	0.0280856	4.52202
12.8597	63.4929	0.0477473	0.045887
15.5575	63.4929	0.0489672	0.0665867
13.846	66.4528	0.0186494	0.0410996
10.1618	63.4929	0.0495787	0.0665925
12.8597	63.4929	0.0477473	0.045887
11.414	65.9587	0.0232608	0.0545402
10.1618	63.4929	0.0495787	0.0665925
12.3979	60.3349	0.126598	0.032676
12.8597	63.4929	0.0477473	0.045887
9.83732	68.2649	0.0134793	0.0554356
7.31021	68.2649	0.0174281	0.0846875
8.78345	65.7825	0.0280856	4.52202
31.8745	54.2817	4.802	0.00812822
30.9447	52.3495	4.84341	0.00451964
34.1289	53.2696	4.83871	0.00499175
35.7802	55.2938	4.84361	0.00761323
31.8745	54.2817	4.802	0.00812822
34.1289	53.2696	4.83871	0.00499175
29.6201	55.2938	4.73738	0.0108982
30.9447	52.3495	4.84341	0.00451964
31.8745	54.2817	4.802	0.00812822
29.839	59.2394	0.0802848	0.0389701
26.4853	58.144	0.098773	0.0288443
29.6201	55.2938	4.73738	0.0108982
33.5519	59.0383	0.115479	0.0346407
29.839	59.2394	0.0802848	0.0389701
32.1533	57.1939	0.152759	0.0206534
35.7802	55.2938	4.84361	0.00761323
33.5519	59.0383	0.115479	0.0346407
32.1533	57.1939	0.152759	0.0206534
34.9506	60.8826	0.0808385	0.0495056
31.3817	62.6228	0.0314817	4.48865
33.5519	59.0383	0.115479	0.0346407
28.6113	62.4488	0.0307012	0.0716166
26.4215	60.8826	0.0471153	0.0573758
29.839	59.2394	0.0802848	0.0389701
26.54	55.2938	0.159261	0.0130072
27.9723	52.3495	4.82151	0.00504268
29.6201	55.2938	4.73738	0.0108982
25.6371	53.0665	0.202536	0.0073476
27.9723	52.3495	4.82151	0.00504268
26.54	55.2938	0.159261	0.0130072
24.7341	50.8393	4.82437	0.00367887
28.0388	49.3292	4.88146	0.00213549
27.9723	52.3495	4.82151	0.00504268
22.5483	72.3429	0.0024003	0.0359452
23.75	70.3973	0.00390605	0.054876
25	72.3429	0.00221277	0.0273573
23.0327	74.7883	0.00128329	0.0155404
22.5483	72.3429	0.0024003	0.0359452
25	72.3429	0.00221277	0.0273573
21.4331	74.0896	0.00160075	0.0196113
19.0551	74.0896	0.00178426	0.017414
20.0967	72.3429	0.00267832	0.0332172
19.0904	66.7823	0.0146066	0.0991885
22.2828	65.9587	0.015056	4.62388
21.8037	69.5771	0.00522924	4.48358
24.3347	67.1118	0.00949561	0.101666
23.75	70.3973	0.00390605	0.054876
21.8037	69.5771	0.00522924	4.48358
27.0253	69.2491	0.00484972	0.0512439
30.0542	68.2649	0.00682172	4.38711
28.75	70.3973	0.00373683	0.038116
25.6067	64.7258	0.017365	4.54468
28.4106	64.5496	0.0174962	0.0789916
26.9568	67.2765	0.0083041	0.0734899
22.2828	65.9587	0.015056	4.62388
25.6067	64.7258	0.017365	4.54468
24.3347	67.1118	0.00949561	0.101666
23.0704	62.1007	0.0459191	0.106735
26.4215	60.8826	0.0471153	0.0573758
25.6067	64.7258	0.017365	4.54468
30.4344	65.9587	0.0123846	0.0699446
30.0542	68.2649	0.00682172	4.38711
26.9568	67.2765	0.0083041	0.0734899
28.6113	62.4488	0.0307012	0.0716166
31.3817	62.6228	0.0314817	4.48865
28.4106	64.5496	0.0174962	0.0789916
25.6067	64.7258	0.017365	4.54468
28.6113	62.4488	0.0307012	0.0716166
28.4106	64.5496	0.0174962	0.0789916
26.4215	60.8826	0.0471153	0.0573758
26.4853	58.144	0.098773	0.0288443
29.839	59.2394	0.0802848	0.0389701
25.6067	64.7258	0.017365	4.54468
26.4215	60.8826	0.0471153	0.0573758
28.6113	62.4488	0.0307012	0.0716166
24.0253	59.6046	0.0897538	0.0548712
23.0771	56.6239	4.67449	0.0235866
26.4853	58.144	0.098773	0.0288443
33.1516	65.9587	0.0148717	0.0619147
34.8233	67.7707	0.0100899	0.0453108
32.2468	68.921	0.00608012	0.0429455
31.3817	62.6228	0.0314817	4.48865
33.1516	65.9587	0.0148717	0.0619147
30.4344	65.9587	0.0123846	0.0699446
34.1521	62.7968	0.0436288	4.43036
35.8688	65.9587	0.018207	0.0520902
33.1516	65.9587	0.0148717	0.0619147
32.355	72.3429	0.00254575	0.0177902
33.75	70.3973	0.00452133	0.026113
34.8066	72.3429	0.00301045	0.0169442
29.3832	76.0659	0.000988893	0.00809814
28.5669	74.0896	0.00147007	0.0133205
30.9297	73.8705	0.0016577	0.012784
31.0572	70.658	0.00367231	0.031666
33.75	70.3973	0.00452133	0.026113
32.355	72.3429	0.00254575	0.0177902
29.9033	72.3429	0.00231171	0.0204112
31.0572	70.658	0.00367231	0.031666
32.355	72.3429	0.00254575	0.0177902
28.4106	64.5496	0.0174962	0.0789916
31.3817	62.6228	0.0314817	4.48865
30.4344	65.9587	0.0123846	0.0699446
24.3347	67.1118	0.00949561	0.101666
25.6067	64.7258	0.017365	4.54468
26.9568	67.2765	0.0083041	0.0734899
23.0704	62.1007	0.0459191	0.106735
24.0253	59.6046	0.0897538	0.0548712
26.4215	60.8826	0.0471153	0.0573758
30.4344	65.9587	0.0123846	0.0699446
32.2468	68.921	0.00608012	0.0429455
30.0542	68.2649	0.00682172	4.38711
34.8233	67.7707	0.0100899	0.0453108
33.75	70.3973	0.00452133	0.026113
32.2468	68.921	0.00608012	0.0429455
43.2329	49.3292	4.92878	0.000782857
40.1224	48.7521	4.85567	0.000783158
40.433	46.2515	4.79096	0.000388418
48.7787	52.3495	4.96503	0.001315
45.8487	52.5335	4.95771	0.00167679
46.2717	49.3292	4.95685	0.000646977
42.834	52.3495	4.94309	0.00193987
40.1224	48.7521	4.85567	0.000783158
43.2329	49.3292	4.92878	0.000782857
47.2801	58.144	4.85786	0.00781805
44.2548	57.954	4.83254	0.00980223
45.0204	55.2938	4.92635	0.00406659
38.8603	55.2938	4.8897	0.00588496
35.7802	55.2938	4.84361	0.00761323
36.7564	51.5944	4.84753	0.00236644
41.9404	55.2938	4.91114	0.00493891
38.8603	55.2938	4.8897	0.00588496
39.8617	52.3495	4.91004	0.00241037
45.8487	52.5335	4.95771	0.00167679
45.0204	55.2938	4.92635	0.00406659
42.834	52.3495	4.94309	0.00193987
41.4664	58.5091	4.78831	0.0133718
40.6366	60.8826	0.114891	0.028314
38.5596	58.6917	4.75409	0.0157129
44.2548	57.954	4.83254	0.00980223
41.4664	58.5091	4.78831	0.0133718
41.9404	55.2938	4.91114	0.00493891
44.2548	57.954	4.83254	0.00980223
43.4796	60.8826	0.123382	0.0282922
41.4664	58.5091	4.78831	0.0133718
38.5596	58.6917	4.75409	0.0157129
35.7802	55.2938	4.84361	0.00761323
38.8603	55.2938	4.8897	0.00588496
6.31731	42.7435	4.99254	0.000311335
3.39381	46.2515	4.99454	0.00083535
3.19711	42.9395	4.99614	0.000330243
45.8487	52.5335	4.95771	0.00167679
42.834	52.3495	4.94309	0.00193987
43.2329	49.3292	4.92878	0.000782857
48.1005	55.2938	4.93968	0.00319853
45.8487	52.5335	4.95771	0.00167679
48.7787	52.3495	4.96503	0.001315
48.1005	55.2938	4.93968	0.00319853
47.2801	58.144	4.85786	0.00781805
45.0204	55.2938	4.92635	0.00406659
37.7936	60.8826	0.103645	0.0269776
38.5596	58.6917	4.75409	0.0157129
40.6366	60.8826	0.114891	0.028314
41.3032	65.9587	0.0261806	0.0415694
39.6261	63.8451	0.0435257	0.0399832
42.43	63.669	0.0534764	4.34557
34.9506	60.8826	0.0808385	0.0495056
35.6527	58.8743	4.66792	0.0249862
37.7936	60.8826	0.103645	0.0269776
31.3817	62.6228	0.0314817	4.48865
34.9506	60.8826	0.0808385	0.0495056
34.1521	62.7968	0.0436288	4.43036
33.5519	59.0383	0.115479	0.0346407
35.7802	55.2938	4.84361	0.00761323
35.6527	58.8743	4.66792	0.0249862
31.8745	54.2817	4.802	0.00812822
35.7802	55.2938	4.84361	0.00761323
32.1533	57.1939	0.152759	0.0206534
34.1165	49.3292	0.201626	0.00150068
34.2598	46.2515	0.143859	0.000645268
37.0597	48.5598	0.196212	0.00102783
28.0388	49.3292	4.88146	0.00213549
31.0776	49.3292	4.831	0.00194552
30.9447	52.3495	4.84341	0.00451964
28.0388	49.3292	4.88146	0.00213549
25	46.2515	4.91297	0.000922507
28.0866	46.2515	4.87969	0.000864497
36.7564	51.5944	4.84753	0.00236644
35.7802	55.2938	4.84361	0.00761323
34.1289	53.2696	4.83871	0.00499175
30.9447	52.3495	4.84341	0.00451964
31.0776	49.3292	4.831	0.00194552
34.1165	49.3292	0.201626	0.00150068
40.1224	48.7521	4.85567	0.000783158
42.834	52.3495	4.94309	0.00193987
39.8617	52.3495	4.91004	0.00241037
39.8617	52.3495	4.91004	0.00241037
42.834	52.3495	4.94309	0.00193987
41.9404	55.2938	4.91114	0.00493891
36.7564	51.5944	4.84753	0.00236644
39.8617	52.3495	4.91004	0.00241037
38.8603	55.2938	4.8897	0.00588496
36.7564	51.5944	4.84753	0.00236644
40.1224	48.7521	4.85567	0.000783158
39.8617	52.3495	4.91004	0.00241037
18.9224	49.3292	4.87651	0.00267541
19.0553	52.3495	0.232923	0.00675895
16.083	52.3495	4.89691	0.00612046
15.7402	46.2515	4.939	0.00109683
18.8268	46.2515	4.90853	0.00105115
15.8835	49.3292	4.93735	0.00252974
21.7462	47.598	4.88883	0.00160222
25	46.2515	4.91297	0.000922507
24.7341	50.8393	4.82437	0.00367887
22.0108	14.5924	0.162727	2.99049e-05
19.9458	11.7351	0.121442	2.99324e-05
23.0432	12.7235	0.129902	2.98064e-05
17.645	7.6571	0.0672122	2.99777e-05
18.75	9.60269	0.0939447	2.99527e-05
16.5822	10.0948	4.65201	2.95889e-05
14.9215	7.36598	0.0755745	3.00711e-05
17.645	7.6571	0.0672122	2.99777e-05
16.5822	10.0948	4.65201	2.95889e-05
16.6772	5.91038	0.0450576	2.99956e-05
19.0551	5.91038	0.0354745	2.99259e-05
17.645	7.6571	0.0672122	2.99777e-05
20.0967	7.6571	0.048377	2.98943e-05
21.25	9.60269	0.067031	2.98554e-05
18.75	9.60269	0.0939447	2.99527e-05
17.645	7.6571	0.0672122	2.99777e-05
19.0551	5.91038	0.0354745	2.99259e-05
20.0967	7.6571	0.048377	2.98943e-05
24.1844	6.78374	0.0388518	2.97731e-05
26.189	5.91038	0.0343115	2.97304e-05
25.4207	8.55507	0.0720101	2.97172e-05
28.5669	5.91038	0.0386297	2.96758e-05
31.8199	4.37335	0.0276624	2.96335e-05
31.1316	6.34706	0.0455689	2.96245e-05
26.9661	0.123895	0.0120985	2.97684e-05
28.4094	2.238	0.016008	2.97243e-05
26.0648	3.0556	0.0168007	2.97683e-05
28.9198	0.494728	0.0144628	2.97257e-05
30.8485	1.10996	0.0167952	2.96831e-05
28.4094	2.238	0.016008	2.97243e-05
31.25	9.60269	0.122807	2.95985e-05
33.75	9.60269	0.104078	2.9598e-05
32.5813	11.7351	4.74673	2.9146e-05
30.9096	13.2177	4.84659	2.91532e-05
29.636	10.915	4.72624	2.91437e-05
32.5813	11.7351	4.74673	2.9146e-05
32.355	7.6571	0.0639585	2.96002e-05
33.4473	6.2015	0.0424888	2.95988e-05
34.9468	7.95642	0.0656873	2.95937e-05
29.9033	7.6571	0.0691007	2.9628e-05
32.355	7.6571	0.0639585	2.96002e-05
31.25	9.60269	0.122807	2.95985e-05
31.1316	6.34706	0.0455689	2.96245e-05
31.8199	4.37335	0.0276624	2.96335e-05
33.4473	6.2015	0.0424888	2.95988e-05
29.9033	7.6571	0.0691007	2.9628e-05
31.1316	6.34706	0.0455689	2.96245e-05
32.355	7.6571	0.0639585	2.96002e-05
29.9033	7.6571	0.0691007	2.9628e-05
28.5669	5.91038	0.0386297	2.96758e-05
31.1316	6.34706	0.0455689	2.96245e-05
28.5669	5.91038	0.0386297	2.96758e-05
29.9033	7.6571	0.0691007	2.9628e-05
27.8022	8.40541	0.0865201	2.96569e-05
25	4.37335	0.0217136	2.97788e-05
27.2733	4.37335	0.0241594	2.97253e-05
26.189	5.91038	0.0343115	2.97304e-05
27.2733	4.37335	0.0241594	2.97253e-05
30.3241	3.0556	0.0198238	2.96757e-05
28.5669	5.91038	0.0386297	2.96758e-05
31.1316	6.34706	0.0455689	2.96245e-05
33.4473	6.2015	0.0424888	2.95988e-05
32.355	7.6571	0.0639585	2.96002e-05
27.2733	4.37335	0.0241594	2.97253e-05
28.4094	2.238	0.016008	2.97243e-05
30.3241	3.0556	0.0198238	2.96757e-05
26.189	5.91038	0.0343115	2.97304e-05
27.2733	4.37335	0.0241594	2.97253e-05
28.5669	5.91038	0.0386297	2.96758e-05
26.0648	3.0556	0.0168007	2.97683e-05
28.4094	2.238	0.016008	2.97243e-05
27.2733	4.37335	0.0241594	2.97253e-05
29.636	10.915	4.72624	2.91437e-05
29.9033	7.6571	0.0691007	2.9628e-05
31.25	9.60269	0.122807	2.95985e-05
25.4207	8.55507	0.0720101	2.97172e-05
27.8022	8.40541	0.0865201	2.96569e-05
27.0253	10.7509	4.67867	2.91946e-05
25.4207	8.55507	0.0720101	2.97172e-05
26.189	5.91038	0.0343115	2.97304e-05
27.8022	8.40541	0.0865201	2.96569e-05
26.3489	16.5071	4.87505	2.92853e-05
24.3933	15.2742	0.209702	2.97942e-05
25.6653	12.8882	4.73461	2.92368e-05
30.3241	3.0556	0.0198238	2.96757e-05
31.8199	4.37335	0.0276624	2.96335e-05
28.5669	5.91038	0.0386297	2.96758e-05
30.8485	1.10996	0.0167952	2.96831e-05
30.3241	3.0556	0.0198238	2.96757e-05
28.4094	2.238	0.016008	2.97243e-05
30.8485	1.10996	0.0167952	2.96831e-05
32.7403	1.96546	0.0206671	2.96414e-05
30.3241	3.0556	0.0198238	2.96757e-05
30.3241	3.0556	0.0198238	2.96757e-05
32.7403	1.96546	0.0206671	2.96414e-05
31.8199	4.37335	0.0276624	2.96335e-05
23.9352	3.0556	0.0160004	2.98156e-05
25	4.37335	0.0217136	2.97788e-05
22.7267	4.37335	0.0205466	2.98345e-05
26.9661	0.123895	0.0120985	2.97684e-05
26.0648	3.0556	0.0168007	2.97683e-05
25.0248	1.47661	0.0129914	2.98015e-05
26.9661	0.123895	0.0120985	2.97684e-05
28.9198	0.494728	0.0144628	2.97257e-05
28.4094	2.238	0.016008	2.97243e-05
25.0248	1.47661	0.0129914	2.98015e-05
25	-8.70219e-28	0.0121127	2.98047e-05
26.9661	0.123895	0.0120985	2.97684e-05
23.9352	3.0556	0.0160004	2.98156e-05
25.0248	1.47661	0.0129914	2.98015e-05
26.0648	3.0556	0.0168007	2.97683e-05
23.9352	3.0556	0.0160004	2.98156e-05
23.0835	1.59882	0.0131216	2.98397e-05
25.0248	1.47661	0.0129914	2.98015e-05
32.7403	1.96546	0.0206671	2.96414e-05
34.5833	3.0556	0.0259911	2.96058e-05
31.8199	4.37335	0.0276624	2.96335e-05
25	4.37335	0.0217136	2.97788e-05
26.0648	3.0556	0.0168007	2.97683e-05
27.2733	4.37335	0.0241594	2.97253e-05
24.1844	6.78374	0.0388518	2.97731e-05
25	4.37335	0.0217136	2.97788e-05
26.189	5.91038	0.0343115	2.97304e-05
23.9352	3.0556	0.0160004	2.98156e-05
26.0648	3.0556	0.0168007	2.97683e-05
25	4.37335	0.0217136	2.97788e-05
21.913	2.6468	0.0152819	2.98614e-05
23.9352	3.0556	0.0160004	2.98156e-05
22.7267	4.37335	0.0205466	2.98345e-05
23.0835	1.59882	0.0131216	2.98397e-05
23.0339	0.123895	0.0120684	2.98408e-05
25.0248	1.47661	0.0129914	2.98015e-05
21.913	2.6468	0.0152819	2.98614e-05
23.0835	1.59882	0.0131216	2.98397e-05
23.9352	3.0556	0.0160004	2.98156e-05
21.4331	5.91038	0.0294512	2.98579e-05
20.4534	4.37335	0.0223918	2.98895e-05
22.7267	4.37335	0.0205466	2.98345e-05
19.7476	2.78306	0.0179997	2.99052e-05
21.0802	0.494728	0.013067	2.98753e-05
21.913	2.6468	0.0152819	2.98614e-05
23.0339	0.123895	0.0120684	2.98408e-05
25	-8.70219e-28	0.0121127	2.98047e-05
25.0248	1.47661	0.0129914	2.98015e-05
33.4473	6.2015	0.0424888	2.95988e-05
34.5833	3.0556	0.0259911	2.96058e-05
35.7008	5.91038	0.0439425	2.95873e-05
36.3664	4.37335	0.0385603	2.95889e-05
35.7008	5.91038	0.0439425	2.95873e-05
34.5833	3.0556	0.0259911	2.96058e-05
23.5785	19.1174	4.90423	2.95812e-05
26.3489	16.5071	4.87505	2.92853e-05
26.4215	19.1174	4.93675	2.94368e-05
23.0771	23.3761	4.97132	3.01998e-05
25.3391	26.1784	4.96872	3.10232e-05
22.0277	27.6505	4.96585	3.22987e-05
29.636	10.915	4.72624	2.91437e-05
27.8022	8.40541	0.0865201	2.96569e-05
29.9033	7.6571	0.0691007	2.9628e-05
29.636	10.915	4.72624	2.91437e-05
27.0253	10.7509	4.67867	2.91946e-05
27.8022	8.40541	0.0865201	2.96569e-05
32.5813	11.7351	4.74673	2.9146e-05
29.636	10.915	4.72624	2.91437e-05
31.25	9.60269	0.122807	2.95985e-05
28.2875	13.053	4.82874	2.91664e-05
27.0253	10.7509	4.67867	2.91946e-05
29.636	10.915	4.72624	2.91437e-05
23.0432	12.7235	0.129902	2.98064e-05
25.6653	12.8882	4.73461	2.92368e-05
24.3933	15.2742	0.209702	2.97942e-05
24.4145	10.5869	0.108881	2.97362e-05
25.4207	8.55507	0.0720101	2.97172e-05
27.0253	10.7509	4.67867	2.91946e-05
23.0432	12.7235	0.129902	2.98064e-05
24.4145	10.5869	0.108881	2.97362e-05
25.6653	12.8882	4.73461	2.92368e-05
23.0432	12.7235	0.129902	2.98064e-05
21.25	9.60269	0.067031	2.98554e-05
24.4145	10.5869	0.108881	2.97362e-05
24.1844	6.78374	0.0388518	2.97731e-05
22.5483	7.6571	0.0430953	2.9814e-05
21.4331	5.91038	0.0294512	2.98579e-05
25	4.37335	0.0217136	2.97788e-05
24.1844	6.78374	0.0388518	2.97731e-05
22.7267	4.37335	0.0205466	2.98345e-05
25.4207	8.55507	0.0720101	2.97172e-05
24.4145	10.5869	0.108881	2.97362e-05
22.5483	7.6571	0.0430953	2.9814e-05
24.4145	10.5869	0.108881	2.97362e-05
21.25	9.60269	0.067031	2.98554e-05
22.5483	7.6571	0.0430953	2.9814e-05
19.5656	14.0413	0.180005	3.00161e-05
20.9532	16.5071	0.219722	3.00553e-05
18.2554	16.5071	4.85708	2.97676e-05
19.9458	11.7351	0.121442	2.99324e-05
19.5656	14.0413	0.180005	3.00161e-05
17.7988	12.3941	4.72986	2.95847e-05
18.75	9.60269	0.0939447	2.99527e-05
19.9458	11.7351	0.121442	2.99324e-05
17.7988	12.3941	4.72986	2.95847e-05
21.25	9.60269	0.067031	2.98554e-05
23.0432	12.7235	0.129902	2.98064e-05
19.9458	11.7351	0.121442	2.99324e-05
22.0108	14.5924	0.162727	2.99049e-05
20.9532	16.5071	0.219722	3.00553e-05
19.5656	14.0413	0.180005	3.00161e-05
19.9458	11.7351	0.121442	2.99324e-05
22.0108	14.5924	0.162727	2.99049e-05
19.5656	14.0413	0.180005	3.00161e-05
23.0432	12.7235	0.129902	2.98064e-05
24.3933	15.2742	0.209702	2.97942e-05
22.0108	14.5924	0.162727	2.99049e-05
17.7548	18.7251	4.92985	3.00146e-05
20.7355	19.1174	4.90235	2.98196e-05
17.2541	20.9431	4.96565	3.02871e-05
16.8484	14.0413	4.83072	2.97008e-05
18.2554	16.5071	4.85708	2.97676e-05
15.9817	15.8026	4.9009	2.98709e-05
20.9532	16.5071	0.219722	3.00553e-05
20.7355	19.1174	4.90235	2.98196e-05
18.2554	16.5071	4.85708	2.97676e-05
14.9215	7.36598	0.0755745	3.00711e-05
16.5822	10.0948	4.65201	2.95889e-05
13.513	9.30337	0.131664	3.01688e-05
12.6058	7.51154	0.0885296	3.01541e-05
14.9215	7.36598	0.0755745	3.00711e-05
13.513	9.30337	0.131664	3.01688e-05
13.6336	4.37335	0.0447461	3.00541e-05
15.4167	3.0556	0.0303339	2.99941e-05
16.6772	5.91038	0.0450576	2.99956e-05
19.7476	2.78306	0.0179997	2.99052e-05
19.1515	1.10996	0.0166364	2.99086e-05
21.0802	0.494728	0.013067	2.98753e-05
20.4534	4.37335	0.0223918	2.98895e-05
19.0551	5.91038	0.0354745	2.99259e-05
18.1801	4.37335	0.0274926	2.99449e-05
21.913	2.6468	0.0152819	2.98614e-05
20.4534	4.37335	0.0223918	2.98895e-05
19.7476	2.78306	0.0179997	2.99052e-05
21.4331	5.91038	0.0294512	2.98579e-05
19.0551	5.91038	0.0354745	2.99259e-05
20.4534	4.37335	0.0223918	2.98895e-05
24.1844	6.78374	0.0388518	2.97731e-05
21.4331	5.91038	0.0294512	2.98579e-05
22.7267	4.37335	0.0205466	2.98345e-05
20.0967	7.6571	0.048377	2.98943e-05
19.0551	5.91038	0.0354745	2.99259e-05
21.4331	5.91038	0.0294512	2.98579e-05
20.4534	4.37335	0.0223918	2.98895e-05
18.1801	4.37335	0.0274926	2.99449e-05
19.7476	2.78306	0.0179997	2.99052e-05
23.0835	1.59882	0.0131216	2.98397e-05
21.0802	0.494728	0.013067	2.98753e-05
23.0339	0.123895	0.0120684	2.98408e-05
27.8022	8.40541	0.0865201	2.96569e-05
26.189	5.91038	0.0343115	2.97304e-05
28.5669	5.91038	0.0386297	2.96758e-05
25.6653	12.8882	4.73461	2.92368e-05
24.4145	10.5869	0.108881	2.97362e-05
27.0253	10.7509	4.67867	2.91946e-05
22.5483	7.6571	0.0430953	2.9814e-05
20.0967	7.6571	0.048377	2.98943e-05
21.4331	5.91038	0.0294512	2.98579e-05
25.4207	8.55507	0.0720101	2.97172e-05
22.5483	7.6571	0.0430953	2.9814e-05
24.1844	6.78374	0.0388518	2.97731e-05
21.25	9.60269	0.067031	2.98554e-05
20.0967	7.6571	0.048377	2.98943e-05
22.5483	7.6571	0.0430953	2.9814e-05
14.9215	7.36598	0.0755745	3.00711e-05
16.6772	5.91038	0.0450576	2.99956e-05
17.645	7.6571	0.0672122	2.99777e-05
21.913	2.6468	0.0152819	2.98614e-05
21.0802	0.494728	0.013067	2.98753e-05
23.0835	1.59882	0.0131216	2.98397e-05
37.3284	7.80676	0.0706596	2.96071e-05
38.0788	5.91038	0.05583	2.95945e-05
39.7099	7.6571	0.0908782	2.96378e-05
33.4473	6.2015	0.0424888	2.95988e-05
35.7008	5.91038	0.0439425	2.95873e-05
34.9468	7.95642	0.0656873	2.95937e-05
33.75	9.60269	0.104078	2.9598e-05
32.355	7.6571	0.0639585	2.96002e-05
34.9468	7.95642	0.0656873	2.95937e-05
31.8199	4.37335	0.0276624	2.96335e-05
34.5833	3.0556	0.0259911	2.96058e-05
33.4473	6.2015	0.0424888	2.95988e-05
36.3664	4.37335	0.0385603	2.95889e-05
38.0788	5.91038	0.05583	2.95945e-05
35.7008	5.91038	0.0439425	2.95873e-05
19.7476	2.78306	0.0179997	2.99052e-05
17.2597	1.96546	0.0216418	2.99475e-05
19.1515	1.10996	0.0166364	2.99086e-05
18.1801	4.37335	0.0274926	2.99449e-05
16.6772	5.91038	0.0450576	2.99956e-05
15.4167	3.0556	0.0303339	2.99941e-05
19.7476	2.78306	0.0179997	2.99052e-05
18.1801	4.37335	0.0274926	2.99449e-05
17.2597	1.96546	0.0216418	2.99475e-05
19.0551	5.91038	0.0354745	2.99259e-05
16.6772	5.91038	0.0450576	2.99956e-05
18.1801	4.37335	0.0274926	2.99449e-05
21.913	2.6468	0.0152819	2.98614e-05
22.7267	4.37335	0.0205466	2.98345e-05
20.4534	4.37335	0.0223918	2.98895e-05
20.0967	7.6571	0.048377	2.98943e-05
18.75	9.60269	0.0939447	2.99527e-05
17.645	7.6571	0.0672122	2.99777e-05
14.9215	7.36598	0.0755745	3.00711e-05
13.6336	4.37335	0.0447461	3.00541e-05
16.6772	5.91038	0.0450576	2.99956e-05
32.355	7.6571	0.0639585	2.96002e-05
33.75	9.60269	0.104078	2.9598e-05
31.25	9.60269	0.122807	2.95985e-05
38.0788	5.91038	0.05583	2.95945e-05
37.3284	7.80676	0.0706596	2.96071e-05
35.7008	5.91038	0.0439425	2.95873e-05
38.75	9.60269	0.119916	2.96669e-05
41.25	9.60269	0.165146	2.97284e-05
40.1627	11.7351	4.79248	2.93224e-05
36.25	9.60269	0.0981951	2.96229e-05
38.75	9.60269	0.119916	2.96669e-05
37.4683	11.4071	0.171981	2.9691e-05
39.7099	7.6571	0.0908782	2.96378e-05
41.25	9.60269	0.165146	2.97284e-05
38.75	9.60269	0.119916	2.96669e-05
15.4167	3.0556	0.0303339	2.99941e-05
17.2597	1.96546	0.0216418	2.99475e-05
18.1801	4.37335	0.0274926	2.99449e-05
44.0204	14.0413	4.94321	2.96306e-05
41.2166	14.2175	4.91787	2.95128e-05
42.6898	11.7351	4.86368	2.94097e-05
14.9215	7.36598	0.0755745	3.00711e-05
12.6058	7.51154	0.0885296	3.01541e-05
13.6336	4.37335	0.0447461	3.00541e-05
15.1767	12.2293	4.80704	2.97122e-05
12.5545	12.0646	4.82271	2.9846e-05
13.513	9.30337	0.131664	3.01688e-05
16.5822	10.0948	4.65201	2.95889e-05
17.7988	12.3941	4.72986	2.95847e-05
15.1767	12.2293	4.80704	2.97122e-05
14.1312	14.0413	4.88857	2.98651e-05
12.5545	12.0646	4.82271	2.9846e-05
15.1767	12.2293	4.80704	2.97122e-05
15.9817	15.8026	4.9009	2.98709e-05
14.7591	18.4213	4.95772	3.02418e-05
13.1778	15.9788	4.93899	3.00866e-05
16.5822	10.0948	4.65201	2.95889e-05
18.75	9.60269	0.0939447	2.99527e-05
17.7988	12.3941	4.72986	2.95847e-05
22.0108	14.5924	0.162727	2.99049e-05
24.3933	15.2742	0.209702	2.97942e-05
20.9532	16.5071	0.219722	3.00553e-05
11.4404	21.3083	4.98727	3.10356e-05
12.2064	19.1174	4.97613	3.0574e-05
14.6026	21.856	4.97961	3.06126e-05
8.66123	21.856	4.99251	3.1478e-05
11.4404	21.3083	4.98727	3.10356e-05
10.9756	24.1362	4.99101	3.17695e-05
8.66123	21.856	4.99251	3.1478e-05
9.3634	19.1174	4.98338	3.08053e-05
11.4404	21.3083	4.98727	3.10356e-05
6.52038	19.1174	4.98813	3.09962e-05
7.464	16.5071	4.9725	3.05245e-05
9.3634	19.1174	4.98338	3.08053e-05
3.67737	19.1174	4.99135	3.11865e-05
6.52038	19.1174	4.98813	3.09962e-05
5.62671	21.6734	4.99456	3.16585e-05
3.67737	19.1174	4.99135	3.11865e-05
4.76616	16.5071	4.98047	3.06874e-05
6.52038	19.1174	4.98813	3.09962e-05
10.1618	16.5071	4.96232	3.0355e-05
12.2064	19.1174	4.97613	3.0574e-05
9.3634	19.1174	4.98338	3.08053e-05
5.97957	14.0413	4.95444	3.03342e-05
8.69678	14.0413	4.93315	3.01893e-05
7.464	16.5071	4.9725	3.05245e-05
11.414	14.0413	4.91216	3.00318e-05
13.1778	15.9788	4.93899	3.00866e-05
10.1618	16.5071	4.96232	3.0355e-05
15.1767	12.2293	4.80704	2.97122e-05
16.8484	14.0413	4.83072	2.97008e-05
14.1312	14.0413	4.88857	2.98651e-05
6.52038	19.1174	4.98813	3.09962e-05
9.3634	19.1174	4.98338	3.08053e-05
8.66123	21.856	4.99251	3.1478e-05
14.7591	18.4213	4.95772	3.02418e-05
12.2064	19.1174	4.97613	3.0574e-05
13.1778	15.9788	4.93899	3.00866e-05
14.7591	18.4213	4.95772	3.02418e-05
14.6026	21.856	4.97961	3.06126e-05
12.2064	19.1174	4.97613	3.0574e-05
12.6058	7.51154	0.0885296	3.01541e-05
11.9212	5.91038	0.0742533	3.0134e-05
13.6336	4.37335	0.0447461	3.00541e-05
11.25	9.60269	0.151467	3.02763e-05
12.6058	7.51154	0.0885296	3.01541e-05
13.513	9.30337	0.131664	3.01688e-05
10.2901	7.6571	0.113761	3.02372e-05
11.9212	5.91038	0.0742533	3.0134e-05
12.6058	7.51154	0.0885296	3.01541e-05
41.2166	14.2175	4.91787	2.95128e-05
40.1627	11.7351	4.79248	2.93224e-05
42.6898	11.7351	4.86368	2.94097e-05
35.1085	11.7351	0.176934	2.96442e-05
37.4683	11.4071	0.171981	2.9691e-05
35.6088	14.5697	4.87077	2.92886e-05
33.1516	14.0413	4.86563	2.91963e-05
35.1085	11.7351	0.176934	2.96442e-05
35.6088	14.5697	4.87077	2.92886e-05
32.5813	11.7351	4.74673	2.9146e-05
33.75	9.60269	0.104078	2.9598e-05
35.1085	11.7351	0.176934	2.96442e-05
37.3284	7.80676	0.0706596	2.96071e-05
39.7099	7.6571	0.0908782	2.96378e-05
38.75	9.60269	0.119916	2.96669e-05
36.25	9.60269	0.0981951	2.96229e-05
37.3284	7.80676	0.0706596	2.96071e-05
38.75	9.60269	0.119916	2.96669e-05
35.1085	11.7351	0.176934	2.96442e-05
36.25	9.60269	0.0981951	2.96229e-05
37.4683	11.4071	0.171981	2.9691e-05
34.9468	7.95642	0.0656873	2.95937e-05
37.3284	7.80676	0.0706596	2.96071e-05
36.25	9.60269	0.0981951	2.96229e-05
34.9468	7.95642	0.0656873	2.95937e-05
35.7008	5.91038	0.0439425	2.95873e-05
37.3284	7.80676	0.0706596	2.96071e-05
42.536	16.5071	4.9652	2.97782e-05
44.0204	14.0413	4.94321	2.96306e-05
45.2338	16.5071	4.97546	2.99214e-05
38.4127	14.3936	4.88518	2.93929e-05
41.2166	14.2175	4.91787	2.95128e-05
39.693	16.8552	4.95577	2.96381e-05
38.4127	14.3936	4.88518	2.93929e-05
37.4683	11.4071	0.171981	2.9691e-05
40.1627	11.7351	4.79248	2.93224e-05
10.2901	7.6571	0.113761	3.02372e-05
12.6058	7.51154	0.0885296	3.01541e-05
11.25	9.60269	0.151467	3.02763e-05
28.2875	13.053	4.82874	2.91664e-05
30.001	14.922	4.89993	2.91839e-05
26.3489	16.5071	4.87505	2.92853e-05
35.1085	11.7351	0.176934	2.96442e-05
33.1516	14.0413	4.86563	2.91963e-05
32.5813	11.7351	4.74673	2.9146e-05
30.001	14.922	4.89993	2.91839e-05
28.6113	17.5512	4.9331	2.92818e-05
26.3489	16.5071	4.87505	2.92853e-05
30.9096	13.2177	4.84659	2.91532e-05
30.001	14.922	4.89993	2.91839e-05
28.2875	13.053	4.82874	2.91664e-05
29.636	10.915	4.72624	2.91437e-05
30.9096	13.2177	4.84659	2.91532e-05
28.2875	13.053	4.82874	2.91664e-05
32.5813	11.7351	4.74673	2.9146e-05
33.1516	14.0413	4.86563	2.91963e-05
30.9096	13.2177	4.84659	2.91532e-05
31.7446	16.5071	4.93339	2.92582e-05
28.6113	17.5512	4.9331	2.92818e-05
30.001	14.922	4.89993	2.91839e-05
34.4425	16.5071	4.93399	2.93343e-05
31.7446	16.5071	4.93339	2.92582e-05
33.1516	14.0413	4.86563	2.91963e-05
34.4425	16.5071	4.93399	2.93343e-05
34.9506	19.1174	4.96881	2.95256e-05
32.1075	19.1174	4.96405	2.94064e-05
37.1403	16.5071	4.93851	2.94631e-05
34.4425	16.5071	4.93399	2.93343e-05
35.6088	14.5697	4.87077	2.92886e-05
37.1403	16.5071	4.93851	2.94631e-05
37.7936	19.1174	4.97295	2.97091e-05
34.9506	19.1174	4.96881	2.95256e-05
11.414	14.0413	4.91216	3.00318e-05
14.1312	14.0413	4.88857	2.98651e-05
13.1778	15.9788	4.93899	3.00866e-05
8.69678	14.0413	4.93315	3.01893e-05
9.93237	11.8999	4.84424	2.99704e-05
11.414	14.0413	4.91216	3.00318e-05
11.25	9.60269	0.151467	3.02763e-05
13.513	9.30337	0.131664	3.01688e-05
12.5545	12.0646	4.82271	2.9846e-05
10.2901	7.6571	0.113761	3.02372e-05
11.25	9.60269	0.151467	3.02763e-05
8.74996	9.60269	0.187629	3.03741e-05
13.513	9.30337	0.131664	3.01688e-05
16.5822	10.0948	4.65201	2.95889e-05
15.1767	12.2293	4.80704	2.97122e-05
9.93237	11.8999	4.84424	2.99704e-05
11.25	9.60269	0.151467	3.02763e-05
12.5545	12.0646	4.82271	2.9846e-05
11.414	14.0413	4.91216	3.00318e-05
9.93237	11.8999	4.84424	2.99704e-05
12.5545	12.0646	4.82271	2.9846e-05
8.69678	14.0413	4.93315	3.01893e-05
7.31021	11.7351	4.88807	3.00782e-05
9.93237	11.8999	4.84424	2.99704e-05
37.4683	11.4071	0.171981	2.9691e-05
38.4127	14.3936	4.88518	2.93929e-05
35.6088	14.5697	4.87077	2.92886e-05
42.536	16.5071	4.9652	2.97782e-05
43.4158	19.3	4.98568	3.01291e-05
40.5089	19.4825	4.9811	2.99458e-05
44.0204	14.0413	4.94321	2.96306e-05
42.536	16.5071	4.9652	2.97782e-05
41.2166	14.2175	4.91787	2.95128e-05
45.2338	16.5071	4.97546	2.99214e-05
43.4158	19.3	4.98568	3.01291e-05
42.536	16.5071	4.9652	2.97782e-05
40.5089	19.4825	4.9811	2.99458e-05
41.2294	22.236	4.99087	3.03422e-05
38.204	22.4261	4.98739	3.01104e-05
42.536	16.5071	4.9652	2.97782e-05
40.5089	19.4825	4.9811	2.99458e-05
39.693	16.8552	4.95577	2.96381e-05
43.4158	19.3	4.98568	3.01291e-05
41.2294	22.236	4.99087	3.03422e-05
40.5089	19.4825	4.9811	2.99458e-05
47.2801	21.856	4.99477	3.06809e-05
44.3095	21.856	4.99305	3.05141e-05
46.3226	19.1174	4.9891	3.02701e-05
38.4127	14.3936	4.88518	2.93929e-05
37.1403	16.5071	4.93851	2.94631e-05
35.6088	14.5697	4.87077	2.92886e-05
40.1627	11.7351	4.79248	2.93224e-05
41.2166	14.2175	4.91787	2.95128e-05
38.4127	14.3936	4.88518	2.93929e-05
38.75	9.60269	0.119916	2.96669e-05
40.1627	11.7351	4.79248	2.93224e-05
37.4683	11.4071	0.171981	2.9691e-05
41.25	9.60269	0.165146	2.97284e-05
42.6898	11.7351	4.86368	2.94097e-05
40.1627	11.7351	4.79248	2.93224e-05
39.693	16.8552	4.95577	2.96381e-05
37.1403	16.5071	4.93851	2.94631e-05
38.4127	14.3936	4.88518	2.93929e-05
40.5089	19.4825	4.9811	2.99458e-05
37.7936	19.1174	4.97295	2.97091e-05
39.693	16.8552	4.95577	2.96381e-05
28.8815	20.2128	4.96019	2.94413e-05
29.1279	22.9961	4.9601	2.97989e-05
26.1025	23.1861	4.96797	2.9973e-05
32.1075	19.1174	4.96405	2.94064e-05
34.9506	19.1174	4.96881	2.95256e-05
32.4267	21.856	4.97206	2.96665e-05
28.8815	20.2128	4.96019	2.94413e-05
32.1075	19.1174	4.96405	2.94064e-05
32.4267	21.856	4.97206	2.96665e-05
31.7446	16.5071	4.93339	2.92582e-05
34.4425	16.5071	4.93399	2.93343e-05
32.1075	19.1174	4.96405	2.94064e-05
28.6113	17.5512	4.9331	2.92818e-05
31.7446	16.5071	4.93339	2.92582e-05
32.1075	19.1174	4.96405	2.94064e-05
11.414	14.0413	4.91216	3.00318e-05
12.5545	12.0646	4.82271	2.9846e-05
14.1312	14.0413	4.88857	2.98651e-05
12.2064	19.1174	4.97613	3.0574e-05
10.1618	16.5071	4.96232	3.0355e-05
13.1778	15.9788	4.93899	3.00866e-05
9.93237	11.8999	4.84424	2.99704e-05
8.74996	9.60269	0.187629	3.03741e-05
11.25	9.60269	0.151467	3.02763e-05
43.4158	19.3	4.98568	3.01291e-05
45.2338	16.5071	4.97546	2.99214e-05
46.3226	19.1174	4.9891	3.02701e-05
33.1516	14.0413	4.86563	2.91963e-05
35.6088	14.5697	4.87077	2.92886e-05
34.4425	16.5071	4.93399	2.93343e-05
36.25	9.60269	0.0981951	2.96229e-05
33.75	9.60269	0.104078	2.9598e-05
34.9468	7.95642	0.0656873	2.95937e-05
21.9134	33.7485	0.227495	4.3611e-05
18.9132	34.917	0.418211	2.88795e-05
18.6835	32.5943	0.407131	1.48294e-05
25	30.6708	4.92219	3.52333e-05
21.9134	33.7485	0.227495	4.3611e-05
21.9612	30.6708	4.89961	3.47571e-05
21.8846	36.8646	4.78459	7.56295e-05
18.9132	34.917	0.418211	2.88795e-05
21.9134	33.7485	0.227495	4.3611e-05
25	40	4.86144	0.000143887
21.8846	36.8646	4.78459	7.56295e-05
25.1151	35.3065	0.24685	5.42672e-05
21.9134	33.7485	0.227495	4.3611e-05
18.6835	32.5943	0.407131	1.48294e-05
21.9612	30.6708	4.89961	3.47571e-05
18.7212	38.8242	0.19435	0.000123023
18.9132	34.917	0.418211	2.88795e-05
21.8846	36.8646	4.78459	7.56295e-05
17.2667	36.7732	0.17629	7.287e-05
15.8122	34.7222	0.427071	2.53313e-05
18.9132	34.917	0.418211	2.88795e-05
18.7212	38.8242	0.19435	0.000123023
17.2667	36.7732	0.17629	7.287e-05
18.9132	34.917	0.418211	2.88795e-05
18.7212	38.8242	0.19435	0.000123023
15.601	39.0202	0.235751	0.000129115
17.2667	36.7732	0.17629	7.287e-05
18.7981	41.9596	0.230467	0.000288629
18.7212	38.8242	0.19435	0.000123023
21.9014	39.3141	0.233208	0.000139674
15.601	39.0202	0.235751	0.000129115
15.8122	34.7222	0.427071	2.53313e-05
17.2667	36.7732	0.17629	7.287e-05
14.001	23.9462	4.97775	3.06293e-05
14.6026	21.856	4.97961	3.06126e-05
17.2998	24.7062	4.96781	3.01067e-05
13.1107	27.6505	4.93308	2.98848e-05
12.8447	30.6708	4.895	3.12109e-05
10.1383	27.6505	4.98787	3.40499e-05
15.2052	26.1784	4.93156	2.84897e-05
15.7173	29.727	0.129362	1.47046e-05
13.1107	27.6505	4.93308	2.98848e-05
20.3799	24.7062	4.97087	3.05549e-05
18.0114	27.1222	4.92212	2.85962e-05
17.2998	24.7062	4.96781	3.01067e-05
18.7229	29.5382	4.8568	2.68131e-05
15.7173	29.727	0.129362	1.47046e-05
18.0114	27.1222	4.92212	2.85962e-05
18.7229	29.5382	4.8568	2.68131e-05
18.6835	32.5943	0.407131	1.48294e-05
15.7173	29.727	0.129362	1.47046e-05
10.9756	24.1362	4.99101	3.17695e-05
8.05963	24.7062	4.99565	3.25553e-05
8.66123	21.856	4.99251	3.1478e-05
10.1383	27.6505	4.98787	3.40499e-05
8.05963	24.7062	4.99565	3.25553e-05
10.9756	24.1362	4.99101	3.17695e-05
10.1383	27.6505	4.98787	3.40499e-05
9.80591	30.6708	4.98082	3.8931e-05
7.16598	27.6505	4.99636	3.47084e-05
6.70061	30.2933	4.99519	3.86048e-05
7.16598	27.6505	4.99636	3.47084e-05
9.80591	30.6708	4.98082	3.8931e-05
4.97956	24.7062	4.99739	3.2863e-05
5.62671	21.6734	4.99456	3.16585e-05
8.05963	24.7062	4.99565	3.25553e-05
3.67737	19.1174	4.99135	3.11865e-05
5.62671	21.6734	4.99456	3.16585e-05
2.71986	21.856	4.99598	3.19305e-05
6.52038	19.1174	4.98813	3.09962e-05
4.76616	16.5071	4.98047	3.06874e-05
7.464	16.5071	4.9725	3.05245e-05
25	30.6708	4.92219	3.52333e-05
28.0388	30.6708	4.94347	3.43142e-05
28.0866	33.7485	4.89579	4.24601e-05
47.2801	21.856	4.99477	3.06809e-05
48.1005	24.7062	4.9958	3.11027e-05
45.0204	24.7062	4.99546	3.09942e-05
26.4215	19.1174	4.93675	2.94368e-05
26.3489	16.5071	4.87505	2.92853e-05
28.6113	17.5512	4.9331	2.92818e-05
18.0114	27.1222	4.92212	2.85962e-05
22.0277	27.6505	4.96585	3.22987e-05
18.7229	29.5382	4.8568	2.68131e-05
17.2541	20.9431	4.96565	3.02871e-05
20.544	21.856	4.96093	3.01705e-05
17.2998	24.7062	4.96781	3.01067e-05
23.0771	23.3761	4.97132	3.01998e-05
26.1025	23.1861	4.96797	2.9973e-05
25.3391	26.1784	4.96872	3.10232e-05
17.2998	24.7062	4.96781	3.01067e-05
20.544	21.856	4.96093	3.01705e-05
20.3799	24.7062	4.97087	3.05549e-05
24.8405	21.1517	4.9525	2.97232e-05
26.1025	23.1861	4.96797	2.9973e-05
23.0771	23.3761	4.97132	3.01998e-05
20.544	21.856	4.96093	3.01705e-05
24.8405	21.1517	4.9525	2.97232e-05
23.0771	23.3761	4.97132	3.01998e-05
23.5785	19.1174	4.90423	2.95812e-05
26.4215	19.1174	4.93675	2.94368e-05
24.8405	21.1517	4.9525	2.97232e-05
31.199	26.5464	0.346322	3.11085e-05
30.7452	28.7831	4.94673	3.1644e-05
28.269	26.3624	4.95292	3.07627e-05
29.1279	22.9961	4.9601	2.97989e-05
31.199	26.5464	0.346322	3.11085e-05
28.269	26.3624	4.95292	3.07627e-05
32.7002	24.7062	4.9562	3.01287e-05
33.7508	28.5944	4.96182	3.11251e-05
31.199	26.5464	0.346322	3.11085e-05
20.544	21.856	4.96093	3.01705e-05
23.0771	23.3761	4.97132	3.01998e-05
20.3799	24.7062	4.97087	3.05549e-05
20.7355	19.1174	4.90235	2.98196e-05
20.544	21.856	4.96093	3.01705e-05
17.2541	20.9431	4.96565	3.02871e-05
17.7548	18.7251	4.92985	3.00146e-05
18.2554	16.5071	4.85708	2.97676e-05
20.7355	19.1174	4.90235	2.98196e-05
14.7591	18.4213	4.95772	3.02418e-05
17.7548	18.7251	4.92985	3.00146e-05
17.2541	20.9431	4.96565	3.02871e-05
14.7591	18.4213	4.95772	3.02418e-05
15.9817	15.8026	4.9009	2.98709e-05
17.7548	18.7251	4.92985	3.00146e-05
20.9532	16.5071	0.219722	3.00553e-05
23.5785	19.1174	4.90423	2.95812e-05
20.7355	19.1174	4.90235	2.98196e-05
23.5785	19.1174	4.90423	2.95812e-05
24.8405	21.1517	4.9525	2.97232e-05
20.544	21.856	4.96093	3.01705e-05
26.689	28.4246	4.95643	3.22314e-05
22.0277	27.6505	4.96585	3.22987e-05
25.3391	26.1784	4.96872	3.10232e-05
21.9612	30.6708	4.89961	3.47571e-05
18.6835	32.5943	0.407131	1.48294e-05
18.7229	29.5382	4.8568	2.68131e-05
20.7355	19.1174	4.90235	2.98196e-05
23.5785	19.1174	4.90423	2.95812e-05
20.544	21.856	4.96093	3.01705e-05
16.8484	14.0413	4.83072	2.97008e-05
19.5656	14.0413	0.180005	3.00161e-05
18.2554	16.5071	4.85708	2.97676e-05
16.8484	14.0413	4.83072	2.97008e-05
17.7988	12.3941	4.72986	2.95847e-05
19.5656	14.0413	0.180005	3.00161e-05
14.1312	14.0413	4.88857	2.98651e-05
16.8484	14.0413	4.83072	2.97008e-05
15.9817	15.8026	4.9009	2.98709e-05
15.1767	12.2293	4.80704	2.97122e-05
17.7988	12.3941	4.72986	2.95847e-05
16.8484	14.0413	4.83072	2.97008e-05
18.75	9.60269	0.0939447	2.99527e-05
21.25	9.60269	0.067031	2.98554e-05
19.9458	11.7351	0.121442	2.99324e-05
24.3933	15.2742	0.209702	2.97942e-05
23.5785	19.1174	4.90423	2.95812e-05
20.9532	16.5071	0.219722	3.00553e-05
4.97956	24.7062	4.99739	3.2863e-05
4.19365	27.6505	4.9982	3.50152e-05
1.8995	24.7062	4.99789	3.3139e-05
8.74996	9.60269	0.187629	3.03741e-05
9.93237	11.8999	4.84424	2.99704e-05
7.31021	11.7351	4.88807	3.00782e-05
46.8029	37.0605	4.96834	4.56015e-05
43.6827	37.2565	4.91077	4.69914e-05
46.6062	33.7485	4.9643	3.43867e-05
41.9404	24.7062	4.99371	3.08001e-05
45.0204	24.7062	4.99546	3.09942e-05
42.7675	28.0281	4.99601	3.20125e-05
38.8603	24.7062	4.99008	3.05232e-05
41.9404	24.7062	4.99371	3.08001e-05
39.9888	27.0985	4.99258	3.14045e-05
41.2294	22.236	4.99087	3.03422e-05
44.3095	21.856	4.99305	3.05141e-05
41.9404	24.7062	4.99371	3.08001e-05
48.7787	27.6505	4.99784	3.20963e-05
49.3105	30.6708	4.99961	3.39554e-05
46.2478	30.8632	4.98453	3.25906e-05
26.1025	23.1861	4.96797	2.9973e-05
24.8405	21.1517	4.9525	2.97232e-05
28.8815	20.2128	4.96019	2.94413e-05
28.269	26.3624	4.95292	3.07627e-05
26.1025	23.1861	4.96797	2.9973e-05
29.1279	22.9961	4.9601	2.97989e-05
23.0771	23.3761	4.97132	3.01998e-05
22.0277	27.6505	4.96585	3.22987e-05
20.3799	24.7062	4.97087	3.05549e-05
12.8447	30.6708	4.895	3.12109e-05
12.7112	34.5275	4.90368	4.937e-05
9.49534	33.1714	4.98951	4.88016e-05
10.1383	27.6505	4.98787	3.40499e-05
12.8447	30.6708	4.895	3.12109e-05
9.80591	30.6708	4.98082	3.8931e-05
14.3285	32.6965	0.458686	1.98085e-05
18.6835	32.5943	0.407131	1.48294e-05
15.8122	34.7222	0.427071	2.53313e-05
25.1151	35.3065	0.24685	5.42672e-05
21.8846	36.8646	4.78459	7.56295e-05
21.9134	33.7485	0.227495	4.3611e-05
14.3285	32.6965	0.458686	1.98085e-05
12.7112	34.5275	4.90368	4.937e-05
12.8447	30.6708	4.895	3.12109e-05
18.9132	34.917	0.418211	2.88795e-05
15.8122	34.7222	0.427071	2.53313e-05
18.6835	32.5943	0.407131	1.48294e-05
15.601	39.0202	0.235751	0.000129115
12.5385	36.8646	4.91904	7.88234e-05
15.8122	34.7222	0.427071	2.53313e-05
23.5785	19.1174	4.90423	2.95812e-05
24.3933	15.2742	0.209702	2.97942e-05
26.3489	16.5071	4.87505	2.92853e-05
28.8815	20.2128	4.96019	2.94413e-05
24.8405	21.1517	4.9525	2.97232e-05
26.4215	19.1174	4.93675	2.94368e-05
18.2554	16.5071	4.85708	2.97676e-05
17.7548	18.7251	4.92985	3.00146e-05
15.9817	15.8026	4.9009	2.98709e-05
14.6026	21.856	4.97961	3.06126e-05
17.2541	20.9431	4.96565	3.02871e-05
17.2998	24.7062	4.96781	3.01067e-05
15.9817	15.8026	4.9009	2.98709e-05
13.1778	15.9788	4.93899	3.00866e-05
14.1312	14.0413	4.88857	2.98651e-05
14.6026	21.856	4.97961	3.06126e-05
14.7591	18.4213	4.95772	3.02418e-05
17.2541	20.9431	4.96565	3.02871e-05
11.4404	21.3083	4.98727	3.10356e-05
14.001	23.9462	4.97775	3.06293e-05
10.9756	24.1362	4.99101	3.17695e-05
30.001	14.922	4.89993	2.91839e-05
30.9096	13.2177	4.84659	2.91532e-05
33.1516	14.0413	4.86563	2.91963e-05
31.7446	16.5071	4.93339	2.92582e-05
30.001	14.922	4.89993	2.91839e-05
33.1516	14.0413	4.86563	2.91963e-05
25.6653	12.8882	4.73461	2.92368e-05
27.0253	10.7509	4.67867	2.91946e-05
28.2875	13.053	4.82874	2.91664e-05
25.6653	12.8882	4.73461	2.92368e-05
28.2875	13.053	4.82874	2.91664e-05
26.3489	16.5071	4.87505	2.92853e-05
33.75	9.60269	0.104078	2.9598e-05
36.25	9.60269	0.0981951	2.96229e-05
35.1085	11.7351	0.176934	2.96442e-05
39.693	16.8552	4.95577	2.96381e-05
41.2166	14.2175	4.91787	2.95128e-05
42.536	16.5071	4.9652	2.97782e-05
28.8815	20.2128	4.96019	2.94413e-05
26.4215	19.1174	4.93675	2.94368e-05
28.6113	17.5512	4.9331	2.92818e-05
40.625	40	0.214999	8.13524e-05
43.75	40	4.86165	7.37064e-05
43.6923	43.1354	0.236311	0.000146493
34.399	40.9798	0.132896	0.000147601
37.5	40	4.73398	8.85934e-05
37.5191	43.9145	0.133552	0.000266442
40.5769	36.8646	4.86546	4.44695e-05
43.6827	37.2565	4.91077	4.69914e-05
40.625	40	0.214999	8.13524e-05
37.3464	33.7485	4.92183	3.48355e-05
33.997	31.6326	4.9544	3.37787e-05
37.1553	30.6708	4.97522	3.28718e-05
40.625	40	0.214999	8.13524e-05
37.5	40	4.73398	8.85934e-05
40.5769	36.8646	4.86546	4.44695e-05
37.4615	36.8646	4.85774	4.97706e-05
34.1596	34.7385	4.89321	4.10569e-05
37.3464	33.7485	4.92183	3.48355e-05
46.2478	30.8632	4.98453	3.25906e-05
45.7731	27.8393	4.99927	3.22353e-05
48.7787	27.6505	4.99784	3.20963e-05
49.6928	33.7485	4.98997	3.69065e-05
46.6062	33.7485	4.9643	3.43867e-05
49.3105	30.6708	4.99961	3.39554e-05
40.1941	30.6708	4.96667	3.10772e-05
37.1553	30.6708	4.97522	3.28718e-05
36.8893	27.6505	4.98498	3.13274e-05
43.2329	30.6708	4.95768	2.99849e-05
40.1941	30.6708	4.96667	3.10772e-05
42.7675	28.0281	4.99601	3.20125e-05
40.433	33.7485	0.30188	1.18899e-05
37.3464	33.7485	4.92183	3.48355e-05
40.1941	30.6708	4.96667	3.10772e-05
31.3171	35.696	4.85048	4.90384e-05
31.2019	38.0404	0.201333	7.75102e-05
28.1154	36.8646	4.84165	6.7558e-05
33.997	31.6326	4.9544	3.37787e-05
34.1596	34.7385	4.89321	4.10569e-05
30.9343	31.8249	4.94385	3.42731e-05
34.3221	37.8444	0.202261	6.63015e-05
31.2019	38.0404	0.201333	7.75102e-05
31.3171	35.696	4.85048	4.90384e-05
37.5	40	4.73398	8.85934e-05
34.3221	37.8444	0.202261	6.63015e-05
37.4615	36.8646	4.85774	4.97706e-05
34.399	40.9798	0.132896	0.000147601
31.2019	38.0404	0.201333	7.75102e-05
34.3221	37.8444	0.202261	6.63015e-05
40.1941	30.6708	4.96667	3.10772e-05
39.9888	27.0985	4.99258	3.14045e-05
42.7675	28.0281	4.99601	3.20125e-05
7.16598	27.6505	4.99636	3.47084e-05
8.05963	24.7062	4.99565	3.25553e-05
10.1383	27.6505	4.98787	3.40499e-05
3.69504	30.482	4.99808	3.91409e-05
4.19365	27.6505	4.9982	3.50152e-05
6.70061	30.2933	4.99519	3.86048e-05
4.97956	24.7062	4.99739	3.2863e-05
8.05963	24.7062	4.99565	3.25553e-05
7.16598	27.6505	4.99636	3.47084e-05
2.71986	21.856	4.99598	3.19305e-05
4.97956	24.7062	4.99739	3.2863e-05
1.8995	24.7062	4.99789	3.3139e-05
14.001	23.9462	4.97775	3.06293e-05
11.4404	21.3083	4.98727	3.10356e-05
14.6026	21.856	4.97961	3.06126e-05
13.1107	27.6505	4.93308	2.98848e-05
10.9756	24.1362	4.99101	3.17695e-05
14.001	23.9462	4.97775	3.06293e-05
8.66123	21.856	4.99251	3.1478e-05
5.62671	21.6734	4.99456	3.16585e-05
6.52038	19.1174	4.98813	3.09962e-05
12.2064	19.1174	4.97613	3.0574e-05
11.4404	21.3083	4.98727	3.10356e-05
9.3634	19.1174	4.98338	3.08053e-05
8.05963	24.7062	4.99565	3.25553e-05
5.62671	21.6734	4.99456	3.16585e-05
8.66123	21.856	4.99251	3.1478e-05
44.3095	21.856	4.99305	3.05141e-05
41.2294	22.236	4.99087	3.03422e-05
43.4158	19.3	4.98568	3.01291e-05
45.7731	27.8393	4.99927	3.22353e-05
45.0204	24.7062	4.99546	3.09942e-05
48.1005	24.7062	4.9958	3.11027e-05
38.8603	24.7062	4.99008	3.05232e-05
36.8893	27.6505	4.98498	3.13274e-05
35.7802	24.7062	4.98171	3.02595e-05
45.7731	27.8393	4.99927	3.22353e-05
42.7675	28.0281	4.99601	3.20125e-05
45.0204	24.7062	4.99546	3.09942e-05
43.2329	30.6708	4.95768	2.99849e-05
46.2478	30.8632	4.98453	3.25906e-05
43.5196	33.7485	0.305308	1.17597e-05
40.433	33.7485	0.30188	1.18899e-05
43.2329	30.6708	4.95768	2.99849e-05
43.5196	33.7485	0.305308	1.17597e-05
42.7675	28.0281	4.99601	3.20125e-05
45.7731	27.8393	4.99927	3.22353e-05
43.2329	30.6708	4.95768	2.99849e-05
41.9404	24.7062	4.99371	3.08001e-05
42.7675	28.0281	4.99601	3.20125e-05
39.9888	27.0985	4.99258	3.14045e-05
45.7731	27.8393	4.99927	3.22353e-05
46.2478	30.8632	4.98453	3.25906e-05
43.2329	30.6708	4.95768	2.99849e-05
8.69678	14.0413	4.93315	3.01893e-05
5.97957	14.0413	4.95444	3.03342e-05
7.31021	11.7351	4.88807	3.00782e-05
10.1618	16.5071	4.96232	3.0355e-05
8.69678	14.0413	4.93315	3.01893e-05
11.414	14.0413	4.91216	3.00318e-05
7.464	16.5071	4.9725	3.05245e-05
4.76616	16.5071	4.98047	3.06874e-05
5.97957	14.0413	4.95444	3.03342e-05
10.1618	16.5071	4.96232	3.0355e-05
7.464	16.5071	4.9725	3.05245e-05
8.69678	14.0413	4.93315	3.01893e-05
10.1618	16.5071	4.96232	3.0355e-05
9.3634	19.1174	4.98338	3.08053e-05
7.464	16.5071	4.9725	3.05245e-05
9.42308	36.8646	4.98269	8.26145e-05
9.49534	33.1714	4.98951	4.88016e-05
12.7112	34.5275	4.90368	4.937e-05
12.5	40	4.93164	0.000160206
9.36058	39.4121	4.9798	0.000139023
12.5385	36.8646	4.91904	7.88234e-05
9.36058	39.4121	4.9798	0.000139023
6.30769	36.8646	4.9926	7.88546e-05
9.42308	36.8646	4.98269	8.26145e-05
3.19231	36.8646	4.997	7.72822e-05
3.40821	33.9432	4.9976	5.13527e-05
6.30769	36.8646	4.9926	7.88546e-05
0.076922	36.8646	4.99803	7.53957e-05
3.19231	36.8646	4.997	7.72822e-05
3.125	40	4.99663	0.000146982
0.076922	36.8646	4.99803	7.53957e-05
0.307214	33.7485	4.99838	4.99629e-05
3.19231	36.8646	4.997	7.72822e-05
6.70061	30.2933	4.99519	3.86048e-05
9.80591	30.6708	4.98082	3.8931e-05
9.49534	33.1714	4.98951	4.88016e-05
2.71986	21.856	4.99598	3.19305e-05
5.62671	21.6734	4.99456	3.16585e-05
4.97956	24.7062	4.99739	3.2863e-05
18.0114	27.1222	4.92212	2.85962e-05
15.7173	29.727	0.129362	1.47046e-05
15.2052	26.1784	4.93156	2.84897e-05
43.5196	33.7485	0.305308	1.17597e-05
40.5769	36.8646	4.86546	4.44695e-05
40.433	33.7485	0.30188	1.18899e-05
49.9231	36.8646	4.97451	4.59237e-05
46.8029	37.0605	4.96834	4.56015e-05
49.6928	33.7485	4.98997	3.69065e-05
43.75	40	4.86165	7.37064e-05
40.625	40	0.214999	8.13524e-05
43.6827	37.2565	4.91077	4.69914e-05
13.1107	27.6505	4.93308	2.98848e-05
15.7173	29.727	0.129362	1.47046e-05
12.8447	30.6708	4.895	3.12109e-05
10.9756	24.1362	4.99101	3.17695e-05
13.1107	27.6505	4.93308	2.98848e-05
10.1383	27.6505	4.98787	3.40499e-05
15.2052	26.1784	4.93156	2.84897e-05
17.2998	24.7062	4.96781	3.01067e-05
18.0114	27.1222	4.92212	2.85962e-05
14.001	23.9462	4.97775	3.06293e-05
15.2052	26.1784	4.93156	2.84897e-05
13.1107	27.6505	4.93308	2.98848e-05
14.001	23.9462	4.97775	3.06293e-05
17.2998	24.7062	4.96781	3.01067e-05
15.2052	26.1784	4.93156	2.84897e-05
46.6062	33.7485	4.9643	3.43867e-05
43.6827	37.2565	4.91077	4.69914e-05
43.5196	33.7485	0.305308	1.17597e-05
50	40	4.95794	6.58049e-05
46.8029	37.0605	4.96834	4.56015e-05
49.9231	36.8646	4.97451	4.59237e-05
46.8798	40.196	4.93315	7.27612e-05
43.75	40	4.86165	7.37064e-05
46.8029	37.0605	4.96834	4.56015e-05
21.9014	39.3141	0.233208	0.000139674
21.9183	41.7637	4.83987	0.000286579
18.7981	41.9596	0.230467	0.000288629
25	40	4.86144	0.000143887
21.9014	39.3141	0.233208	0.000139674
21.8846	36.8646	4.78459	7.56295e-05
25	40	4.86144	0.000143887
21.9183	41.7637	4.83987	0.000286579
21.9014	39.3141	0.233208	0.000139674
22.0142	44.8882	4.89574	0.000707476
18.7981	41.9596	0.230467	0.000288629
21.9183	41.7637	4.83987	0.000286579
3.69504	30.482	4.99808	3.91409e-05
3.40821	33.9432	4.9976	5.13527e-05
0.68946	30.6708	4.99862	3.9704e-05
1.22131	27.6505	4.99854	3.53179e-05
3.69504	30.482	4.99808	3.91409e-05
0.68946	30.6708	4.99862	3.9704e-05
6.70061	30.2933	4.99519	3.86048e-05
6.43263	33.3637	4.99485	4.84636e-05
3.69504	30.482	4.99808	3.91409e-05
43.5196	33.7485	0.305308	1.17597e-05
43.6827	37.2565	4.91077	4.69914e-05
40.5769	36.8646	4.86546	4.44695e-05
40.1941	30.6708	4.96667	3.10772e-05
43.2329	30.6708	4.95768	2.99849e-05
40.433	33.7485	0.30188	1.18899e-05
46.6062	33.7485	4.9643	3.43867e-05
49.6928	33.7485	4.98997	3.69065e-05
46.8029	37.0605	4.96834	4.56015e-05
46.2478	30.8632	4.98453	3.25906e-05
46.6062	33.7485	4.9643	3.43867e-05
43.5196	33.7485	0.305308	1.17597e-05
46.2478	30.8632	4.98453	3.25906e-05
49.3105	30.6708	4.99961	3.39554e-05
46.6062	33.7485	4.9643	3.43867e-05
46.8798	40.196	4.93315	7.27612e-05
46.8029	37.0605	4.96834	4.56015e-05
50	40	4.95794	6.58049e-05
9.4375	42.5475	4.98139	0.000321329
6.24038	39.6081	4.99217	0.000135747
9.36058	39.4121	4.9798	0.000139023
9.49534	33.1714	4.98951	4.88016e-05
9.80591	30.6708	4.98082	3.8931e-05
12.8447	30.6708	4.895	3.12109e-05
12.5385	36.8646	4.91904	7.88234e-05
9.42308	36.8646	4.98269	8.26145e-05
12.7112	34.5275	4.90368	4.937e-05
6.43263	33.3637	4.99485	4.84636e-05
6.70061	30.2933	4.99519	3.86048e-05
9.49534	33.1714	4.98951	4.88016e-05
4.19365	27.6505	4.9982	3.50152e-05
4.97956	24.7062	4.99739	3.2863e-05
7.16598	27.6505	4.99636	3.47084e-05
1.22131	27.6505	4.99854	3.53179e-05
4.19365	27.6505	4.9982	3.50152e-05
3.69504	30.482	4.99808	3.91409e-05
1.22131	27.6505	4.99854	3.53179e-05
1.8995	24.7062	4.99789	3.3139e-05
4.19365	27.6505	4.9982	3.50152e-05
6.70061	30.2933	4.99519	3.86048e-05
4.19365	27.6505	4.9982	3.50152e-05
7.16598	27.6505	4.99636	3.47084e-05
18.7229	29.5382	4.8568	2.68131e-05
22.0277	27.6505	4.96585	3.22987e-05
21.9612	30.6708	4.89961	3.47571e-05
14.3285	32.6965	0.458686	1.98085e-05
12.8447	30.6708	4.895	3.12109e-05
15.7173	29.727	0.129362	1.47046e-05
18.6835	32.5943	0.407131	1.48294e-05
14.3285	32.6965	0.458686	1.98085e-05
15.7173	29.727	0.129362	1.47046e-05
15.8122	34.7222	0.427071	2.53313e-05
12.7112	34.5275	4.90368	4.937e-05
14.3285	32.6965	0.458686	1.98085e-05
18.0114	27.1222	4.92212	2.85962e-05
20.3799	24.7062	4.97087	3.05549e-05
22.0277	27.6505	4.96585	3.22987e-05
3.40821	33.9432	4.9976	5.13527e-05
3.69504	30.482	4.99808	3.91409e-05
6.43263	33.3637	4.99485	4.84636e-05
46.8077	43.1354	4.91016	0.00013111
43.6923	43.1354	0.236311	0.000146493
46.8798	40.196	4.93315	7.27612e-05
49.9231	43.1354	4.94757	0.000123068
46.8077	43.1354	4.91016	0.00013111
46.8798	40.196	4.93315	7.27612e-05
46.2717	49.3292	4.95685	0.000646977
49.3105	49.3292	4.96651	0.000556693
48.7787	52.3495	4.96503	0.001315
43.5196	46.2515	4.87199	0.000323815
46.2717	49.3292	4.95685	0.000646977
43.2329	49.3292	4.92878	0.000782857
40.433	46.2515	4.79096	0.000388418
43.5196	46.2515	4.87199	0.000323815
43.2329	49.3292	4.92878	0.000782857
43.6923	43.1354	0.236311	0.000146493
46.8077	43.1354	4.91016	0.00013111
46.6062	46.2515	4.93153	0.000275437
46.6062	46.2515	4.93153	0.000275437
49.3105	49.3292	4.96651	0.000556693
46.2717	49.3292	4.95685	0.000646977
6.30769	36.8646	4.9926	7.88546e-05
6.43263	33.3637	4.99485	4.84636e-05
9.42308	36.8646	4.98269	8.26145e-05
3.125	40	4.99663	0.000146982
3.19231	36.8646	4.997	7.72822e-05
6.24038	39.6081	4.99217	0.000135747
3.40821	33.9432	4.9976	5.13527e-05
6.43263	33.3637	4.99485	4.84636e-05
6.30769	36.8646	4.9926	7.88546e-05
0.307214	33.7485	4.99838	4.99629e-05
3.40821	33.9432	4.9976	5.13527e-05
3.19231	36.8646	4.997	7.72822e-05
0.307214	33.7485	4.99838	4.99629e-05
0.68946	30.6708	4.99862	3.9704e-05
3.40821	33.9432	4.9976	5.13527e-05
