25	30.6708	4.91466	0.0640333
28.0866	33.7485	4.9144	0.0660094
25.1151	35.3065	4.90916	0.0659921
22.0277	27.6505	4.91352	0.0636963
25	30.6708	4.91466	0.0640333
21.9612	30.6708	4.91297	0.0638043
26.689	28.4246	4.91381	0.0636909
28.269	26.3624	4.91378	0.063582
30.7452	28.7831	4.91271	0.0637745
25	30.6708	4.91466	0.0640333
26.689	28.4246	4.91381	0.0636909
28.0388	30.6708	4.91379	0.0641398
25.3391	26.1784	4.91361	0.0635817
28.269	26.3624	4.91378	0.063582
26.689	28.4246	4.91381	0.0636909
28.0388	30.6708	4.91379	0.0641398
30.9343	31.8249	4.91273	0.0645737
28.0866	33.7485	4.9144	0.0660094
22.0277	27.6505	4.91352	0.0636963
26.689	28.4246	4.91381	0.0636909
25	30.6708	4.91466	0.0640333
30.7452	28.7831	4.91271	0.0637745
30.9343	31.8249	4.91273	0.0645737
28.0388	30.6708	4.91379	0.0641398
26.689	28.4246	4.91381	0.0636909
30.7452	28.7831	4.91271	0.0637745
28.0388	30.6708	4.91379	0.0641398
26.1025	23.1861	4.9143	0.0635873
28.269	26.3624	4.91378	0.063582
25.3391	26.1784	4.91361	0.0635817
29.1279	22.9961	4.91395	0.0636262
32.7002	24.7062	4.91253	0.0637021
31.199	26.5464	4.91297	0.0636612
33.7508	28.5944	4.91167	0.0638341
30.9343	31.8249	4.91273	0.0645737
30.7452	28.7831	4.91271	0.0637745
31.199	26.5464	4.91297	0.0636612
33.7508	28.5944	4.91167	0.0638341
30.7452	28.7831	4.91271	0.0637745
37.4615	36.8646	4.91358	0.0709333
40.433	33.7485	4.91291	0.0658218
40.5769	36.8646	4.9133	0.070626
36.8893	27.6505	4.91184	0.063935
37.1553	30.6708	4.9114	0.0643782
33.7508	28.5944	4.91167	0.0638341
36.8893	27.6505	4.91184	0.063935
39.9888	27.0985	4.91224	0.0639943
40.1941	30.6708	4.9123	0.0643177
34.9506	19.1174	4.91118	0.0638046
34.4425	16.5071	4.90326	0.063806
37.1403	16.5071	4.90375	0.0637763
38.204	22.4261	4.91273	0.0638399
35.1786	22.6161	4.91202	0.0637951
36.4861	20.8667	4.91191	0.0638096
32.1075	19.1174	4.9116	0.0637784
28.8815	20.2128	4.91316	0.0636983
28.6113	17.5512	4.90925	0.0637697
38.204	22.4261	4.91273	0.0638399
35.7802	24.7062	4.91222	0.0638148
35.1786	22.6161	4.91202	0.0637951
32.7002	24.7062	4.91253	0.0637021
29.1279	22.9961	4.91395	0.0636262
32.4267	21.856	4.9127	0.0637392
45.7731	27.8393	4.91337	0.0640976
48.1005	24.7062	4.91316	0.0639483
48.7787	27.6505	4.91309	0.0640903
38.8603	24.7062	4.9122	0.0638988
41.2294	22.236	4.91292	0.0638294
41.9404	24.7062	4.91283	0.0639252
38.8603	24.7062	4.9122	0.0638988
38.204	22.4261	4.91273	0.0638399
41.2294	22.236	4.91292	0.0638294
36.8893	27.6505	4.91184	0.063935
38.8603	24.7062	4.9122	0.0638988
39.9888	27.0985	4.91224	0.0639943
35.7802	24.7062	4.91222	0.0638148
38.204	22.4261	4.91273	0.0638399
38.8603	24.7062	4.9122	0.0638988
33.7508	28.5944	4.91167	0.0638341
35.7802	24.7062	4.91222	0.0638148
36.8893	27.6505	4.91184	0.063935
32.7002	24.7062	4.91253	0.0637021
32.4267	21.856	4.9127	0.0637392
35.1786	22.6161	4.91202	0.0637951
37.7936	19.1174	4.91113	0.063785
40.5089	19.4825	4.91205	0.0637552
38.204	22.4261	4.91273	0.0638399
35.1786	22.6161	4.91202	0.0637951
32.4267	21.856	4.9127	0.0637392
34.9506	19.1174	4.91118	0.0638046
36.4861	20.8667	4.91191	0.0638096
35.1786	22.6161	4.91202	0.0637951
34.9506	19.1174	4.91118	0.0638046
37.7936	19.1174	4.91113	0.063785
36.4861	20.8667	4.91191	0.0638096
34.9506	19.1174	4.91118	0.0638046
37.7936	19.1174	4.91113	0.063785
38.204	22.4261	4.91273	0.0638399
36.4861	20.8667	4.91191	0.0638096
35.7802	24.7062	4.91222	0.0638148
32.7002	24.7062	4.91253	0.0637021
35.1786	22.6161	4.91202	0.0637951
33.7508	28.5944	4.91167	0.0638341
32.7002	24.7062	4.91253	0.0637021
35.7802	24.7062	4.91222	0.0638148
29.1279	22.9961	4.91395	0.0636262
28.8815	20.2128	4.91316	0.0636983
32.4267	21.856	4.9127	0.0637392
37.1403	16.5071	4.90375	0.0637763
39.693	16.8552	4.90646	0.0637305
37.7936	19.1174	4.91113	0.063785
44.3095	21.856	4.91329	0.0637972
47.2801	21.856	4.91343	0.0638117
45.0204	24.7062	4.9135	0.0639298
41.9404	24.7062	4.91283	0.0639252
44.3095	21.856	4.91329	0.0637972
45.0204	24.7062	4.9135	0.0639298
43.4158	19.3	4.91226	0.0637123
46.3226	19.1174	4.9125	0.0637066
44.3095	21.856	4.91329	0.0637972
28.0866	46.2515	4.92117	0.108995
31.0776	49.3292	4.91935	0.110229
28.0388	49.3292	4.91934	0.109611
25	43.1354	4.90691	0.0950238
28.1154	43.1354	4.92027	0.102372
28.0866	46.2515	4.92117	0.108995
37.3464	46.2515	4.91986	0.107423
34.3294	43.6157	4.92001	0.103531
37.5191	43.9145	4.91902	0.101995
31.226	43.7137	4.91946	0.103242
31.2788	41.1758	4.9186	0.0947238
34.3294	43.6157	4.92001	0.103531
28.0866	46.2515	4.92117	0.108995
31.226	43.7137	4.91946	0.103242
31.1732	46.2515	4.92034	0.108681
28.1154	43.1354	4.92027	0.102372
31.2788	41.1758	4.9186	0.0947238
31.226	43.7137	4.91946	0.103242
25	46.2515	4.91662	0.105905
25	43.1354	4.90691	0.0950238
28.0866	46.2515	4.92117	0.108995
28.125	40	4.91283	0.0810767
31.2788	41.1758	4.9186	0.0947238
28.1154	43.1354	4.92027	0.102372
28.125	40	4.91283	0.0810767
31.2019	38.0404	4.91559	0.0758199
31.2788	41.1758	4.9186	0.0947238
31.2019	38.0404	4.91559	0.0758199
34.399	40.9798	4.91767	0.0922609
31.2788	41.1758	4.9186	0.0947238
28.0866	33.7485	4.9144	0.0660094
31.3171	35.696	4.91423	0.0693903
28.1154	36.8646	4.91529	0.0714726
37.3464	33.7485	4.912	0.0660367
37.1553	30.6708	4.9114	0.0643782
40.1941	30.6708	4.9123	0.0643177
37.4615	36.8646	4.91358	0.0709333
37.3464	33.7485	4.912	0.0660367
40.433	33.7485	4.91291	0.0658218
37.4615	36.8646	4.91358	0.0709333
34.3221	37.8444	4.91443	0.0745107
34.1596	34.7385	4.91264	0.0675195
34.1596	34.7385	4.91264	0.0675195
33.997	31.6326	4.91184	0.0646832
37.3464	33.7485	4.912	0.0660367
31.3171	35.696	4.91423	0.0693903
34.1596	34.7385	4.91264	0.0675195
34.3221	37.8444	4.91443	0.0745107
31.3171	35.696	4.91423	0.0693903
30.9343	31.8249	4.91273	0.0645737
34.1596	34.7385	4.91264	0.0675195
30.9343	31.8249	4.91273	0.0645737
33.7508	28.5944	4.91167	0.0638341
33.997	31.6326	4.91184	0.0646832
40.433	46.2515	4.92017	0.107583
40.6201	43.7197	4.91991	0.104116
43.5196	46.2515	4.92112	0.108648
46.8029	37.0605	4.91206	0.0722533
43.75	40	4.91497	0.0813567
43.6827	37.2565	4.91324	0.072015
49.9231	43.1354	4.91831	0.10199
46.8798	40.196	4.91496	0.0895157
50	40	4.91373	0.082693
49.9231	43.1354	4.91831	0.10199
49.6928	46.2515	4.92181	0.110355
46.8077	43.1354	4.91914	0.102703
25	43.1354	4.90691	0.0950238
25	46.2515	4.91662	0.105905
22.0142	44.8882	4.88868	0.0958672
25	40	4.8896	0.075458
25	43.1354	4.90691	0.0950238
21.9183	41.7637	4.83328	0.0792561
25	40	4.8896	0.075458
28.1154	43.1354	4.92027	0.102372
25	43.1354	4.90691	0.0950238
31.2019	38.0404	4.91559	0.0758199
28.125	40	4.91283	0.0810767
28.1154	36.8646	4.91529	0.0714726
28.1154	43.1354	4.92027	0.102372
31.226	43.7137	4.91946	0.103242
28.0866	46.2515	4.92117	0.108995
18.7981	41.9596	0.289227	0.0717071
15.601	39.0202	0.289911	0.0595895
18.7212	38.8242	0.252361	0.0560759
17.2523	44.2036	4.85719	0.0858165
15.7402	46.2515	4.90653	0.0964779
14.1489	44.3016	4.90064	0.0908046
18.7981	41.9596	0.289227	0.0717071
17.2523	44.2036	4.85719	0.0858165
15.6779	42.1556	4.83559	0.0772503
18.8268	46.2515	4.89649	0.0980577
15.7402	46.2515	4.90653	0.0964779
17.2523	44.2036	4.85719	0.0858165
21.7462	47.598	4.91537	0.110163
18.8268	46.2515	4.89649	0.0980577
22.0142	44.8882	4.88868	0.0958672
21.7462	47.598	4.91537	0.110163
18.9224	49.3292	4.91794	0.108534
18.8268	46.2515	4.89649	0.0980577
15.6779	42.1556	4.83559	0.0772503
15.601	39.0202	0.289911	0.0595895
18.7981	41.9596	0.289227	0.0717071
18.8268	46.2515	4.89649	0.0980577
17.2523	44.2036	4.85719	0.0858165
18.7981	41.9596	0.289227	0.0717071
14.1489	44.3016	4.90064	0.0908046
12.6536	46.2515	4.9168	0.0978382
12.5577	42.3516	4.90091	0.086812
15.6779	42.1556	4.83559	0.0772503
14.1489	44.3016	4.90064	0.0908046
12.5577	42.3516	4.90091	0.086812
15.7402	46.2515	4.90653	0.0964779
12.6536	46.2515	4.9168	0.0978382
14.1489	44.3016	4.90064	0.0908046
12.7118	50.0843	4.91894	0.103378
12.6536	46.2515	4.9168	0.0978382
15.8835	49.3292	4.91899	0.103771
16.083	52.3495	4.91585	0.106819
13.1107	52.3495	4.91496	0.10536
15.8835	49.3292	4.91899	0.103771
18.9224	49.3292	4.91794	0.108534
16.083	52.3495	4.91585	0.106819
15.8835	49.3292	4.91899	0.103771
13.1107	52.3495	4.91496	0.10536
10.6893	54.7417	4.89873	0.108113
10.1383	52.3495	4.91422	0.105404
15.8835	49.3292	4.91899	0.103771
13.1107	52.3495	4.91496	0.10536
12.7118	50.0843	4.91894	0.103378
14.2198	55.2938	4.89398	0.1123
10.6893	54.7417	4.89873	0.108113
13.1107	52.3495	4.91496	0.10536
17.0264	56.2438	4.88344	0.116465
14.2198	55.2938	4.89398	0.1123
16.083	52.3495	4.91585	0.106819
17.2808	59.0298	4.79093	0.150056
17.5295	61.7527	0.123274	4.69756
15.0494	60.8826	0.138932	0.170638
17.0264	56.2438	4.88344	0.116465
17.2808	59.0298	4.79093	0.150056
14.6026	58.144	4.81498	0.132272
17.0264	56.2438	4.88344	0.116465
20.0518	56.4338	4.88455	0.117399
17.2808	59.0298	4.79093	0.150056
7.16598	52.3495	4.91482	0.107665
8.05963	55.2938	4.89079	0.108874
4.92487	55.4838	4.89487	0.114913
6.76709	49.3292	4.92088	0.108596
7.16598	52.3495	4.91482	0.107665
4.19365	52.3495	4.91759	0.112112
10.1383	52.3495	4.91422	0.105404
8.05963	55.2938	4.89079	0.108874
7.16598	52.3495	4.91482	0.107665
12.7118	50.0843	4.91894	0.103378
10.1383	52.3495	4.91422	0.105404
9.70619	49.8955	4.91844	0.104005
10.6893	54.7417	4.89873	0.108113
8.05963	55.2938	4.89079	0.108874
10.1383	52.3495	4.91422	0.105404
12.5577	42.3516	4.90091	0.086812
12.5	40	4.87778	0.0720438
15.6779	42.1556	4.83559	0.0772503
9.61019	45.6673	4.92004	0.0989752
12.5577	42.3516	4.90091	0.086812
12.6536	46.2515	4.9168	0.0978382
9.61019	45.6673	4.92004	0.0989752
6.31731	42.7435	4.91776	0.0930363
9.4375	42.5475	4.91768	0.0925481
-3.10282e-28	40	4.91622	0.0885105
3.125	40	4.91467	0.0801627
3.19711	42.9395	4.91729	0.0945981
-3.10282e-28	40	4.91622	0.0885105
0.076922	36.8646	4.91313	0.0725064
3.125	40	4.91467	0.0801627
46.6062	46.2515	4.921	0.108238
46.2717	49.3292	4.92084	0.106265
43.5196	46.2515	4.92112	0.108648
43.6923	43.1354	4.91844	0.100872
46.6062	46.2515	4.921	0.108238
43.5196	46.2515	4.92112	0.108648
49.6928	46.2515	4.92181	0.110355
49.3105	49.3292	4.92161	0.10725
46.6062	46.2515	4.921	0.108238
27.4517	72.3429	0.0686249	0.0831841
25	72.3429	0.0685253	0.0854564
27.0253	69.2491	0.0696449	0.118355
24.7277	76.3587	0.0683575	0.0690939
26.189	74.0896	0.068487	0.0750009
27.2733	75.6267	0.0685014	0.0701639
24.7277	76.3587	0.0683575	0.0690939
23.0327	74.7883	0.0683165	0.0740728
26.189	74.0896	0.068487	0.0750009
23.0339	79.8761	0.0682112	0.0665058
21.0802	79.5053	0.0681187	0.066931
21.6827	78.0345	0.0681421	0.0673476
19.6759	76.9444	0.0680921	0.0682811
19.0551	74.0896	0.0682286	0.0762727
21.4331	74.0896	0.0682905	0.0776604
19.6759	76.9444	0.0680921	0.0682811
18.1801	75.6267	0.0681298	0.0709103
19.0551	74.0896	0.0682286	0.0762727
21.4331	74.0896	0.0682905	0.0776604
23.0327	74.7883	0.0683165	0.0740728
22.3999	76.5052	0.0682149	0.0694084
20.0967	72.3429	0.0684093	0.0911915
22.5483	72.3429	0.0684646	0.0926591
21.4331	74.0896	0.0682905	0.0776604
16.5527	73.7985	0.068213	0.0749699
17.645	72.3429	0.0683535	0.0829837
19.0551	74.0896	0.0682286	0.0762727
19.193	69.7412	0.0690948	0.125754
21.8037	69.5771	0.0700991	4.51571
20.0967	72.3429	0.0684093	0.0911915
21.8037	69.5771	0.0700991	4.51571
23.75	70.3973	0.0688683	0.110723
22.5483	72.3429	0.0684646	0.0926591
21.6827	78.0345	0.0681421	0.0673476
19.1515	78.89	0.0680593	0.0672391
19.6759	76.9444	0.0680921	0.0682811
22.3999	76.5052	0.0682149	0.0694084
19.6759	76.9444	0.0680921	0.0682811
21.4331	74.0896	0.0682905	0.0776604
22.3999	76.5052	0.0682149	0.0694084
21.6827	78.0345	0.0681421	0.0673476
19.6759	76.9444	0.0680921	0.0682811
24.7277	76.3587	0.0683575	0.0690939
22.3999	76.5052	0.0682149	0.0694084
23.0327	74.7883	0.0683165	0.0740728
24.7277	76.3587	0.0683575	0.0690939
24.9752	78.5234	0.0683452	0.0667788
23.329	78.279	0.0682354	0.0670619
21.0802	79.5053	0.0681187	0.066931
19.1515	78.89	0.0680593	0.0672391
21.6827	78.0345	0.0681421	0.0673476
25	80	0.0683425	0.0664618
24.9752	78.5234	0.0683452	0.0667788
26.9661	79.8761	0.0684665	0.0662957
19.6759	76.9444	0.0680921	0.0682811
19.1515	78.89	0.0680593	0.0672391
17.2597	78.0345	0.0680622	0.0680602
28.3173	78.0345	0.0685405	0.06689
30.8485	78.89	0.0685767	0.0669629
28.9198	79.5053	0.0685479	0.0665876
18.1801	75.6267	0.0681298	0.0709103
19.6759	76.9444	0.0680921	0.0682811
17.2597	78.0345	0.0680622	0.0680602
15.4167	76.9444	0.0680996	0.0691229
18.1801	75.6267	0.0681298	0.0709103
17.2597	78.0345	0.0680622	0.0680602
23.0327	74.7883	0.0683165	0.0740728
21.4331	74.0896	0.0682905	0.0776604
22.5483	72.3429	0.0684646	0.0926591
15.4167	76.9444	0.0680996	0.0691229
16.5527	73.7985	0.068213	0.0749699
18.1801	75.6267	0.0681298	0.0709103
20.0967	72.3429	0.0684093	0.0911915
21.8037	69.5771	0.0700991	4.51571
22.5483	72.3429	0.0684646	0.0926591
15.4167	76.9444	0.0680996	0.0691229
13.6336	75.6267	0.0681639	0.0727533
14.237	73.9441	0.0681993	0.0749218
29.3832	76.0659	0.0685527	0.0690604
31.3712	77.1646	0.0685614	0.0679473
28.3173	78.0345	0.0685405	0.06689
31.9219	75.3472	0.0684922	0.0705065
34.5833	76.9444	0.0684587	0.0689855
32.7403	78.0345	0.0685519	0.0676005
14.237	73.9441	0.0681993	0.0749218
11.9212	74.0896	0.0682037	0.0776548
12.7417	72.3429	0.0682519	0.0817534
11.25	70.3973	0.0684471	0.096942
12.7417	72.3429	0.0682519	0.0817534
10.2901	72.3429	0.0682722	0.087761
17.645	72.3429	0.0683535	0.0829837
16.5527	73.7985	0.068213	0.0749699
15.1934	72.3429	0.0683003	0.0805564
19.193	69.7412	0.0690948	0.125754
17.645	72.3429	0.0683535	0.0829837
16.25	70.3973	0.0686684	0.0954183
20.0967	72.3429	0.0684093	0.0911915
19.0551	74.0896	0.0682286	0.0762727
17.645	72.3429	0.0683535	0.0829837
19.0551	74.0896	0.0682286	0.0762727
18.1801	75.6267	0.0681298	0.0709103
16.5527	73.7985	0.068213	0.0749699
32.355	72.3429	0.0677173	0.0813527
34.8066	72.3429	0.0665901	0.0798682
33.3228	74.0896	0.0682582	0.0737447
33.3228	74.0896	0.0682582	0.0737447
31.9219	75.3472	0.0684922	0.0705065
30.9297	73.8705	0.0684761	0.0748604
35.7008	74.0896	0.0678662	0.0745816
33.3228	74.0896	0.0682582	0.0737447
34.8066	72.3429	0.0665901	0.0798682
34.5833	76.9444	0.0684587	0.0689855
31.9219	75.3472	0.0684922	0.0705065
33.3228	74.0896	0.0682582	0.0737447
17.4187	68.2649	0.0700876	0.141399
14.8915	68.2649	0.0695229	0.130185
16.8484	65.9587	0.0751079	4.69705
16.25	70.3973	0.0686684	0.0954183
13.513	70.6966	0.0684242	0.0906016
14.8915	68.2649	0.0695229	0.130185
19.193	69.7412	0.0690948	0.125754
16.25	70.3973	0.0686684	0.0954183
17.4187	68.2649	0.0700876	0.141399
15.1934	72.3429	0.0683003	0.0805564
14.237	73.9441	0.0681993	0.0749218
12.7417	72.3429	0.0682519	0.0817534
17.645	72.3429	0.0683535	0.0829837
15.1934	72.3429	0.0683003	0.0805564
16.25	70.3973	0.0686684	0.0954183
16.5527	73.7985	0.068213	0.0749699
14.237	73.9441	0.0681993	0.0749218
15.1934	72.3429	0.0683003	0.0805564
12.7417	72.3429	0.0682519	0.0817534
11.25	70.3973	0.0684471	0.096942
13.513	70.6966	0.0684242	0.0906016
8.74996	70.3973	0.0685864	0.108211
11.25	70.3973	0.0684471	0.096942
10.2901	72.3429	0.0682722	0.087761
12.3644	68.2649	0.0693868	0.128476
13.846	66.4528	0.072027	0.156691
14.8915	68.2649	0.0695229	0.130185
9.83732	68.2649	0.0693741	0.142114
12.3644	68.2649	0.0693868	0.128476
11.25	70.3973	0.0684471	0.096942
9.83732	68.2649	0.0693741	0.142114
11.414	65.9587	0.0742483	4.66762
12.3644	68.2649	0.0693868	0.128476
9.83732	68.2649	0.0693741	0.142114
11.25	70.3973	0.0684471	0.096942
8.74996	70.3973	0.0685864	0.108211
14.8915	68.2649	0.0695229	0.130185
13.513	70.6966	0.0684242	0.0906016
12.3644	68.2649	0.0693868	0.128476
15.1934	72.3429	0.0683003	0.0805564
12.7417	72.3429	0.0682519	0.0817534
13.513	70.6966	0.0684242	0.0906016
15.4167	76.9444	0.0680996	0.0691229
14.237	73.9441	0.0681993	0.0749218
16.5527	73.7985	0.068213	0.0749699
13.6336	75.6267	0.0681639	0.0727533
11.9212	74.0896	0.0682037	0.0776548
14.237	73.9441	0.0681993	0.0749218
11.9212	74.0896	0.0682037	0.0776548
10.2901	72.3429	0.0682722	0.087761
12.7417	72.3429	0.0682519	0.0817534
7.31021	68.2649	0.0700513	0.160721
9.83732	68.2649	0.0693741	0.142114
8.74996	70.3973	0.0685864	0.108211
7.31021	68.2649	0.0700513	0.160721
5.97957	65.9587	0.0771568	4.54314
8.78345	65.7825	0.0751013	4.6712
28.3173	78.0345	0.0685405	0.06689
28.9198	79.5053	0.0685479	0.0665876
26.9661	79.8761	0.0684665	0.0662957
31.3712	77.1646	0.0685614	0.0679473
31.9219	75.3472	0.0684922	0.0705065
32.7403	78.0345	0.0685519	0.0676005
28.3173	78.0345	0.0685405	0.06689
31.3712	77.1646	0.0685614	0.0679473
30.8485	78.89	0.0685767	0.0669629
29.3832	76.0659	0.0685527	0.0690604
31.9219	75.3472	0.0684922	0.0705065
31.3712	77.1646	0.0685614	0.0679473
27.2733	75.6267	0.0685014	0.0701639
29.3832	76.0659	0.0685527	0.0690604
28.3173	78.0345	0.0685405	0.06689
28.5669	74.0896	0.068545	0.0743384
29.9033	72.3429	0.0685432	0.0833393
30.9297	73.8705	0.0684761	0.0748604
27.2733	75.6267	0.0685014	0.0701639
28.5669	74.0896	0.068545	0.0743384
29.3832	76.0659	0.0685527	0.0690604
27.2733	75.6267	0.0685014	0.0701639
26.189	74.0896	0.068487	0.0750009
28.5669	74.0896	0.068545	0.0743384
26.2439	77.6257	0.0684358	0.0673423
27.2733	75.6267	0.0685014	0.0701639
28.3173	78.0345	0.0685405	0.06689
26.9661	79.8761	0.0684665	0.0662957
26.2439	77.6257	0.0684358	0.0673423
28.3173	78.0345	0.0685405	0.06689
24.9752	78.5234	0.0683452	0.0667788
24.7277	76.3587	0.0683575	0.0690939
26.2439	77.6257	0.0684358	0.0673423
31.0572	70.658	0.0676876	0.0970401
30.0542	68.2649	0.0711059	4.58839
32.2468	68.921	0.0632874	0.114949
31.0572	70.658	0.0676876	0.0970401
28.75	70.3973	0.0690125	0.101977
30.0542	68.2649	0.0711059	4.58839
33.75	70.3973	0.0621656	0.0861471
31.0572	70.658	0.0676876	0.0970401
32.2468	68.921	0.0632874	0.114949
29.9033	72.3429	0.0685432	0.0833393
28.75	70.3973	0.0690125	0.101977
31.0572	70.658	0.0676876	0.0970401
30.9297	73.8705	0.0684761	0.0748604
29.9033	72.3429	0.0685432	0.0833393
32.355	72.3429	0.0677173	0.0813527
33.3228	74.0896	0.0682582	0.0737447
30.9297	73.8705	0.0684761	0.0748604
32.355	72.3429	0.0677173	0.0813527
31.9219	75.3472	0.0684922	0.0705065
29.3832	76.0659	0.0685527	0.0690604
30.9297	73.8705	0.0684761	0.0748604
28.5669	74.0896	0.068545	0.0743384
26.189	74.0896	0.068487	0.0750009
27.4517	72.3429	0.0686249	0.0831841
25	72.3429	0.0685253	0.0854564
23.75	70.3973	0.0688683	0.110723
27.0253	69.2491	0.0696449	0.118355
26.9661	79.8761	0.0684665	0.0662957
24.9752	78.5234	0.0683452	0.0667788
26.2439	77.6257	0.0684358	0.0673423
27.0253	69.2491	0.0696449	0.118355
24.3347	67.1118	0.0721066	0.165057
26.9568	67.2765	0.0723665	0.141771
19.0904	66.7823	0.0730266	0.181744
19.999	65.078	0.0823024	4.72714
22.2828	65.9587	0.0757764	4.23556
17.4187	68.2649	0.0700876	0.141399
19.0904	66.7823	0.0730266	0.181744
19.193	69.7412	0.0690948	0.125754
17.4187	68.2649	0.0700876	0.141399
16.8484	65.9587	0.0751079	4.69705
19.0904	66.7823	0.0730266	0.181744
27.4517	72.3429	0.0686249	0.0831841
28.75	70.3973	0.0690125	0.101977
29.9033	72.3429	0.0685432	0.0833393
28.5669	74.0896	0.068545	0.0743384
27.4517	72.3429	0.0686249	0.0831841
29.9033	72.3429	0.0685432	0.0833393
26.189	74.0896	0.068487	0.0750009
25	72.3429	0.0685253	0.0854564
27.4517	72.3429	0.0686249	0.0831841
27.0253	69.2491	0.0696449	0.118355
26.9568	67.2765	0.0723665	0.141771
30.0542	68.2649	0.0711059	4.58839
27.4517	72.3429	0.0686249	0.0831841
27.0253	69.2491	0.0696449	0.118355
28.75	70.3973	0.0690125	0.101977
23.75	70.3973	0.0688683	0.110723
24.3347	67.1118	0.0721066	0.165057
27.0253	69.2491	0.0696449	0.118355
34.8233	67.7707	0.0479847	0.102202
37.4455	67.9354	0.0599803	4.54885
36.25	70.3973	0.0611959	0.0896751
31.3712	77.1646	0.0685614	0.0679473
32.7403	78.0345	0.0685519	0.0676005
30.8485	78.89	0.0685767	0.0669629
23.329	78.279	0.0682354	0.0670619
22.3999	76.5052	0.0682149	0.0694084
24.7277	76.3587	0.0683575	0.0690939
23.0339	79.8761	0.0682112	0.0665058
23.329	78.279	0.0682354	0.0670619
24.9752	78.5234	0.0683452	0.0667788
21.6827	78.0345	0.0681421	0.0673476
22.3999	76.5052	0.0682149	0.0694084
23.329	78.279	0.0682354	0.0670619
21.6827	78.0345	0.0681421	0.0673476
23.329	78.279	0.0682354	0.0670619
23.0339	79.8761	0.0682112	0.0665058
25	72.3429	0.0685253	0.0854564
26.189	74.0896	0.068487	0.0750009
23.0327	74.7883	0.0683165	0.0740728
27.2733	75.6267	0.0685014	0.0701639
26.2439	77.6257	0.0684358	0.0673423
24.7277	76.3587	0.0683575	0.0690939
25	80	0.0683425	0.0664618
23.0339	79.8761	0.0682112	0.0665058
24.9752	78.5234	0.0683452	0.0667788
35.7008	74.0896	0.0678662	0.0745816
37.3942	72.4885	0.0663789	0.0809919
38.0788	74.0896	0.0672132	0.0774303
34.5833	76.9444	0.0684587	0.0689855
35.7008	74.0896	0.0678662	0.0745816
36.3664	75.6267	0.0680564	0.0727472
34.8066	72.3429	0.0665901	0.0798682
37.3942	72.4885	0.0663789	0.0809919
35.7008	74.0896	0.0678662	0.0745816
34.5833	76.9444	0.0684587	0.0689855
33.3228	74.0896	0.0682582	0.0737447
35.7008	74.0896	0.0678662	0.0745816
33.75	70.3973	0.0621656	0.0861471
36.25	70.3973	0.0611959	0.0896751
34.8066	72.3429	0.0665901	0.0798682
35.7008	74.0896	0.0678662	0.0745816
38.0788	74.0896	0.0672132	0.0774303
36.3664	75.6267	0.0680564	0.0727472
37.4455	67.9354	0.0599803	4.54885
38.75	70.3973	0.0640643	0.0942256
36.25	70.3973	0.0611959	0.0896751
39.7099	72.3429	0.065682	0.0850688
38.0788	74.0896	0.0672132	0.0774303
37.3942	72.4885	0.0663789	0.0809919
36.25	70.3973	0.0611959	0.0896751
33.75	70.3973	0.0621656	0.0861471
34.8233	67.7707	0.0479847	0.102202
37.3942	72.4885	0.0663789	0.0809919
36.25	70.3973	0.0611959	0.0896751
38.75	70.3973	0.0640643	0.0942256
37.3942	72.4885	0.0663789	0.0809919
34.8066	72.3429	0.0665901	0.0798682
36.25	70.3973	0.0611959	0.0896751
15.5575	63.4929	0.0940197	4.72005
16.8484	65.9587	0.0751079	4.69705
13.846	66.4528	0.072027	0.156691
11.414	65.9587	0.0742483	4.66762
12.8597	63.4929	0.0875181	0.169915
13.846	66.4528	0.072027	0.156691
15.0494	60.8826	0.138932	0.170638
17.5295	61.7527	0.123274	4.69756
15.5575	63.4929	0.0940197	4.72005
15.5575	63.4929	0.0940197	4.72005
17.5295	61.7527	0.123274	4.69756
16.8484	65.9587	0.0751079	4.69705
11.6319	58.144	4.80597	0.12737
14.6026	58.144	4.81498	0.132272
12.3979	60.3349	0.149457	4.6361
14.6026	58.144	4.81498	0.132272
17.2808	59.0298	4.79093	0.150056
15.0494	60.8826	0.138932	0.170638
20.363	63.0044	0.105462	4.7638
19.999	65.078	0.0823024	4.72714
17.5295	61.7527	0.123274	4.69756
20.7355	60.8826	0.155704	4.72131
20.363	63.0044	0.105462	4.7638
17.5295	61.7527	0.123274	4.69756
20.7355	60.8826	0.155704	4.72131
23.0704	62.1007	0.121698	0.215884
20.363	63.0044	0.105462	4.7638
11.6319	58.144	4.80597	0.12737
10.6893	54.7417	4.89873	0.108113
14.2198	55.2938	4.89398	0.1123
9.3634	60.8826	0.133701	0.14479
11.6319	58.144	4.80597	0.12737
12.3979	60.3349	0.149457	4.6361
8.66123	58.144	4.80415	0.116659
10.6893	54.7417	4.89873	0.108113
11.6319	58.144	4.80597	0.12737
5.69054	58.144	4.81839	0.121469
4.92487	55.4838	4.89487	0.114913
8.05963	55.2938	4.89079	0.108874
6.4478	61.0566	0.134592	0.145168
5.69054	58.144	4.81839	0.121469
8.66123	58.144	4.80415	0.116659
3.67737	60.8826	0.158119	3.6782
2.71986	58.144	4.84377	0.12305
5.69054	58.144	4.81839	0.121469
36.8222	64.0212	0.0767362	0.129138
39.6261	63.8451	0.0773967	0.118415
38.586	65.9587	0.0645982	0.121323
34.1521	62.7968	0.104551	4.62263
36.8222	64.0212	0.0767362	0.129138
35.8688	65.9587	0.0624439	2.8828
37.7936	60.8826	0.137299	0.110637
39.6261	63.8451	0.0773967	0.118415
36.8222	64.0212	0.0767362	0.129138
38.75	70.3973	0.0640643	0.0942256
40.1627	68.2649	0.0628195	0.109448
41.25	70.3973	0.0637492	0.0918685
37.3942	72.4885	0.0663789	0.0809919
38.75	70.3973	0.0640643	0.0942256
39.7099	72.3429	0.065682	0.0850688
37.4455	67.9354	0.0599803	4.54885
40.1627	68.2649	0.0628195	0.109448
38.75	70.3973	0.0640643	0.0942256
35.8688	65.9587	0.0624439	2.8828
37.4455	67.9354	0.0599803	4.54885
34.8233	67.7707	0.0479847	0.102202
33.1516	65.9587	0.0678538	0.141414
35.8688	65.9587	0.0624439	2.8828
34.8233	67.7707	0.0479847	0.102202
34.1521	62.7968	0.104551	4.62263
34.9506	60.8826	0.146413	0.138387
36.8222	64.0212	0.0767362	0.129138
38.75	70.3973	0.0640643	0.0942256
41.25	70.3973	0.0637492	0.0918685
39.7099	72.3429	0.065682	0.0850688
38.586	65.9587	0.0645982	0.121323
40.1627	68.2649	0.0628195	0.109448
37.4455	67.9354	0.0599803	4.54885
41.3032	65.9587	0.0664024	0.120979
42.6898	68.2649	0.0635303	0.109744
40.1627	68.2649	0.0628195	0.109448
41.3032	65.9587	0.0664024	0.120979
44.0204	65.9587	0.0703777	0.540839
42.6898	68.2649	0.0635303	0.109744
41.25	70.3973	0.0637492	0.0918685
40.1627	68.2649	0.0628195	0.109448
42.6898	68.2649	0.0635303	0.109744
36.8222	64.0212	0.0767362	0.129138
34.9506	60.8826	0.146413	0.138387
37.7936	60.8826	0.137299	0.110637
2.71986	58.144	4.84377	0.12305
4.92487	55.4838	4.89487	0.114913
5.69054	58.144	4.81839	0.121469
8.66123	58.144	4.80415	0.116659
8.05963	55.2938	4.89079	0.108874
10.6893	54.7417	4.89873	0.108113
6.4478	61.0566	0.134592	0.145168
8.66123	58.144	4.80415	0.116659
9.3634	60.8826	0.133701	0.14479
5.69054	58.144	4.81839	0.121469
8.05963	55.2938	4.89079	0.108874
8.66123	58.144	4.80415	0.116659
1.8995	55.2938	4.90382	0.113959
4.92487	55.4838	4.89487	0.114913
2.71986	58.144	4.84377	0.12305
1.8995	55.2938	4.90382	0.113959
1.22131	52.3495	4.9179	0.110388
4.19365	52.3495	4.91759	0.112112
41.3032	65.9587	0.0664024	0.120979
42.43	63.669	0.0836332	4.57783
44.0204	65.9587	0.0703777	0.540839
43.4796	60.8826	0.138293	0.122404
40.6366	60.8826	0.13543	0.115363
41.4664	58.5091	4.80118	0.105197
45.2338	63.4929	0.0934064	0.14283
43.4796	60.8826	0.138293	0.122404
46.3226	60.8826	0.155103	0.120401
42.43	63.669	0.0836332	4.57783
40.6366	60.8826	0.13543	0.115363
43.4796	60.8826	0.138293	0.122404
41.4664	58.5091	4.80118	0.105197
38.5596	58.6917	4.79509	0.104788
38.8603	55.2938	4.89822	0.10329
46.3226	60.8826	0.155103	0.120401
43.4796	60.8826	0.138293	0.122404
44.2548	57.954	4.82766	0.106042
42.43	63.669	0.0836332	4.57783
39.6261	63.8451	0.0773967	0.118415
40.6366	60.8826	0.13543	0.115363
44.0204	65.9587	0.0703777	0.540839
42.43	63.669	0.0836332	4.57783
45.2338	63.4929	0.0934064	0.14283
36.8222	64.0212	0.0767362	0.129138
38.586	65.9587	0.0645982	0.121323
35.8688	65.9587	0.0624439	2.8828
40.6366	60.8826	0.13543	0.115363
39.6261	63.8451	0.0773967	0.118415
37.7936	60.8826	0.137299	0.110637
38.586	65.9587	0.0645982	0.121323
37.4455	67.9354	0.0599803	4.54885
35.8688	65.9587	0.0624439	2.8828
41.3032	65.9587	0.0664024	0.120979
38.586	65.9587	0.0645982	0.121323
39.6261	63.8451	0.0773967	0.118415
41.3032	65.9587	0.0664024	0.120979
40.1627	68.2649	0.0628195	0.109448
38.586	65.9587	0.0645982	0.121323
32.2468	68.921	0.0632874	0.114949
30.4344	65.9587	0.076176	0.149735
33.1516	65.9587	0.0678538	0.141414
21.7285	50.6506	4.91781	0.108866
19.0553	52.3495	4.91795	0.109539
18.9224	49.3292	4.91794	0.108534
21.7462	47.598	4.91537	0.110163
21.7285	50.6506	4.91781	0.108866
18.9224	49.3292	4.91794	0.108534
15.8835	49.3292	4.91899	0.103771
18.8268	46.2515	4.89649	0.0980577
18.9224	49.3292	4.91794	0.108534
22.0142	44.8882	4.88868	0.0958672
25	46.2515	4.91662	0.105905
21.7462	47.598	4.91537	0.110163
24.7341	50.8393	4.91836	0.109716
22.4091	54.0056	4.90993	0.108723
21.7285	50.6506	4.91781	0.108866
26.54	55.2938	4.89818	0.111206
26.4853	58.144	4.83843	0.130938
23.0771	56.6239	4.88288	0.115651
30.9447	52.3495	4.91788	0.113471
29.6201	55.2938	4.90398	0.109417
27.9723	52.3495	4.916	0.109027
26.4853	58.144	4.83843	0.130938
26.4215	60.8826	0.157686	4.68102
24.0253	59.6046	4.77355	0.150979
29.6201	55.2938	4.90398	0.109417
26.4853	58.144	4.83843	0.130938
26.54	55.2938	4.89818	0.111206
29.6201	55.2938	4.90398	0.109417
32.1533	57.1939	4.86764	0.115442
29.839	59.2394	4.80479	0.136871
17.2808	59.0298	4.79093	0.150056
20.7355	60.8826	0.155704	4.72131
17.5295	61.7527	0.123274	4.69756
23.0771	56.6239	4.88288	0.115651
20.3936	58.6582	4.81339	0.146746
20.0518	56.4338	4.88455	0.117399
23.0771	56.6239	4.88288	0.115651
24.0253	59.6046	4.77355	0.150979
20.3936	58.6582	4.81339	0.146746
39.0601	41.8598	4.91718	0.0938815
37.5191	43.9145	4.91902	0.101995
37.5	40	4.91568	0.0805596
40.625	40	4.91506	0.0805259
39.0601	41.8598	4.91718	0.0938815
37.5	40	4.91568	0.0805596
40.6201	43.7197	4.91991	0.104116
37.5191	43.9145	4.91902	0.101995
39.0601	41.8598	4.91718	0.0938815
40.6201	43.7197	4.91991	0.104116
40.433	46.2515	4.92017	0.107583
37.5191	43.9145	4.91902	0.101995
43.6923	43.1354	4.91844	0.100872
40.6201	43.7197	4.91991	0.104116
40.625	40	4.91506	0.0805259
43.6923	43.1354	4.91844	0.100872
43.5196	46.2515	4.92112	0.108648
40.6201	43.7197	4.91991	0.104116
46.8798	40.196	4.91496	0.0895157
43.6923	43.1354	4.91844	0.100872
43.75	40	4.91497	0.0813567
46.8077	43.1354	4.91914	0.102703
49.6928	46.2515	4.92181	0.110355
46.6062	46.2515	4.921	0.108238
37.5	40	4.91568	0.0805596
34.399	40.9798	4.91767	0.0922609
34.3221	37.8444	4.91443	0.0745107
40.5769	36.8646	4.9133	0.070626
37.5	40	4.91568	0.0805596
37.4615	36.8646	4.91358	0.0709333
40.625	40	4.91506	0.0805259
40.6201	43.7197	4.91991	0.104116
39.0601	41.8598	4.91718	0.0938815
40.1224	48.7521	4.92133	0.109667
37.0597	48.5598	4.92046	0.109335
37.3464	46.2515	4.91986	0.107423
34.1165	49.3292	4.92017	0.110273
36.7564	51.5944	4.91995	0.108374
34.1289	53.2696	4.91426	0.108356
31.1732	46.2515	4.92034	0.108681
34.1165	49.3292	4.92017	0.110273
31.0776	49.3292	4.91935	0.110229
28.0866	46.2515	4.92117	0.108995
31.1732	46.2515	4.92034	0.108681
31.0776	49.3292	4.91935	0.110229
34.3294	43.6157	4.92001	0.103531
34.399	40.9798	4.91767	0.0922609
37.5191	43.9145	4.91902	0.101995
31.1732	46.2515	4.92034	0.108681
31.226	43.7137	4.91946	0.103242
34.2598	46.2515	4.92146	0.111333
31.2788	41.1758	4.9186	0.0947238
34.399	40.9798	4.91767	0.0922609
34.3294	43.6157	4.92001	0.103531
37.0597	48.5598	4.92046	0.109335
36.7564	51.5944	4.91995	0.108374
34.1165	49.3292	4.92017	0.110273
37.3464	46.2515	4.91986	0.107423
37.0597	48.5598	4.92046	0.109335
34.2598	46.2515	4.92146	0.111333
40.433	46.2515	4.92017	0.107583
37.3464	46.2515	4.91986	0.107423
37.5191	43.9145	4.91902	0.101995
40.433	46.2515	4.92017	0.107583
40.1224	48.7521	4.92133	0.109667
37.3464	46.2515	4.91986	0.107423
40.1224	48.7521	4.92133	0.109667
36.7564	51.5944	4.91995	0.108374
37.0597	48.5598	4.92046	0.109335
46.2717	49.3292	4.92084	0.106265
45.8487	52.5335	4.91694	0.102618
43.2329	49.3292	4.92096	0.107281
34.1165	49.3292	4.92017	0.110273
34.1289	53.2696	4.91426	0.108356
30.9447	52.3495	4.91788	0.113471
7.464	63.4929	0.0898195	4.12195
8.78345	65.7825	0.0751013	4.6712
5.97957	65.9587	0.0771568	4.54314
6.4478	61.0566	0.134592	0.145168
7.464	63.4929	0.0898195	4.12195
4.76616	63.4929	0.0962749	0.16928
6.4478	61.0566	0.134592	0.145168
9.3634	60.8826	0.133701	0.14479
7.464	63.4929	0.0898195	4.12195
12.3979	60.3349	0.149457	4.6361
10.1618	63.4929	0.0860395	0.169614
9.3634	60.8826	0.133701	0.14479
12.8597	63.4929	0.0875181	0.169915
15.0494	60.8826	0.138932	0.170638
15.5575	63.4929	0.0940197	4.72005
12.3644	68.2649	0.0693868	0.128476
13.513	70.6966	0.0684242	0.0906016
11.25	70.3973	0.0684471	0.096942
16.8484	65.9587	0.0751079	4.69705
14.8915	68.2649	0.0695229	0.130185
13.846	66.4528	0.072027	0.156691
17.4187	68.2649	0.0700876	0.141399
16.25	70.3973	0.0686684	0.0954183
14.8915	68.2649	0.0695229	0.130185
19.999	65.078	0.0823024	4.72714
19.0904	66.7823	0.0730266	0.181744
16.8484	65.9587	0.0751079	4.69705
19.193	69.7412	0.0690948	0.125754
20.0967	72.3429	0.0684093	0.0911915
17.645	72.3429	0.0683535	0.0829837
9.83732	68.2649	0.0693741	0.142114
8.78345	65.7825	0.0751013	4.6712
11.414	65.9587	0.0742483	4.66762
6.48041	46.2515	4.91934	0.100731
3.72828	49.3292	4.91931	0.10613
3.39381	46.2515	4.91879	0.101013
9.70619	49.8955	4.91844	0.104005
6.76709	49.3292	4.92088	0.108596
9.61019	45.6673	4.92004	0.0989752
9.70619	49.8955	4.91844	0.104005
10.1383	52.3495	4.91422	0.105404
7.16598	52.3495	4.91482	0.107665
13.1107	52.3495	4.91496	0.10536
10.1383	52.3495	4.91422	0.105404
12.7118	50.0843	4.91894	0.103378
4.19365	52.3495	4.91759	0.112112
3.72828	49.3292	4.91931	0.10613
6.76709	49.3292	4.92088	0.108596
1.8995	55.2938	4.90382	0.113959
4.19365	52.3495	4.91759	0.112112
4.92487	55.4838	4.89487	0.114913
1.22131	52.3495	4.9179	0.110388
3.72828	49.3292	4.91931	0.10613
4.19365	52.3495	4.91759	0.112112
22.2828	65.9587	0.0757764	4.23556
23.0704	62.1007	0.121698	0.215884
25.6067	64.7258	0.0834618	4.38809
21.8037	69.5771	0.0700991	4.51571
22.2828	65.9587	0.0757764	4.23556
24.3347	67.1118	0.0721066	0.165057
19.999	65.078	0.0823024	4.72714
20.363	63.0044	0.105462	4.7638
22.2828	65.9587	0.0757764	4.23556
21.8037	69.5771	0.0700991	4.51571
19.193	69.7412	0.0690948	0.125754
19.0904	66.7823	0.0730266	0.181744
16.8484	65.9587	0.0751079	4.69705
17.5295	61.7527	0.123274	4.69756
19.999	65.078	0.0823024	4.72714
22.2828	65.9587	0.0757764	4.23556
20.363	63.0044	0.105462	4.7638
23.0704	62.1007	0.121698	0.215884
16.25	70.3973	0.0686684	0.0954183
15.1934	72.3429	0.0683003	0.0805564
13.513	70.6966	0.0684242	0.0906016
7.464	63.4929	0.0898195	4.12195
10.1618	63.4929	0.0860395	0.169614
8.78345	65.7825	0.0751013	4.6712
20.0518	56.4338	4.88455	0.117399
19.0553	52.3495	4.91795	0.109539
22.4091	54.0056	4.90993	0.108723
20.3936	58.6582	4.81339	0.146746
17.2808	59.0298	4.79093	0.150056
20.0518	56.4338	4.88455	0.117399
15.0494	60.8826	0.138932	0.170638
12.8597	63.4929	0.0875181	0.169915
12.3979	60.3349	0.149457	4.6361
9.3634	60.8826	0.133701	0.14479
8.66123	58.144	4.80415	0.116659
11.6319	58.144	4.80597	0.12737
9.70619	49.8955	4.91844	0.104005
7.16598	52.3495	4.91482	0.107665
6.76709	49.3292	4.92088	0.108596
13.1107	52.3495	4.91496	0.10536
16.083	52.3495	4.91585	0.106819
14.2198	55.2938	4.89398	0.1123
23.0771	56.6239	4.88288	0.115651
22.4091	54.0056	4.90993	0.108723
26.54	55.2938	4.89818	0.111206
20.7355	60.8826	0.155704	4.72131
20.3936	58.6582	4.81339	0.146746
24.0253	59.6046	4.77355	0.150979
20.0518	56.4338	4.88455	0.117399
22.4091	54.0056	4.90993	0.108723
23.0771	56.6239	4.88288	0.115651
20.7355	60.8826	0.155704	4.72131
17.2808	59.0298	4.79093	0.150056
20.3936	58.6582	4.81339	0.146746
17.0264	56.2438	4.88344	0.116465
19.0553	52.3495	4.91795	0.109539
20.0518	56.4338	4.88455	0.117399
6.30769	36.8646	4.91287	0.0705413
6.24038	39.6081	4.91477	0.0776811
3.19231	36.8646	4.91275	0.071487
9.49534	33.1714	4.91139	0.0651145
9.42308	36.8646	4.90849	0.0692295
6.43263	33.3637	4.91211	0.0655553
6.31731	42.7435	4.91776	0.0930363
3.125	40	4.91467	0.0801627
6.24038	39.6081	4.91477	0.0776811
9.4375	42.5475	4.91768	0.0925481
12.5	40	4.87778	0.0720438
12.5577	42.3516	4.90091	0.086812
6.30769	36.8646	4.91287	0.0705413
9.36058	39.4121	4.91035	0.075459
6.24038	39.6081	4.91477	0.0776811
9.42308	36.8646	4.90849	0.0692295
12.5385	36.8646	4.87983	0.064955
9.36058	39.4121	4.91035	0.075459
15.8122	34.7222	4.86143	0.0592873
12.5385	36.8646	4.87983	0.064955
12.7112	34.5275	4.89929	0.0638439
9.4375	42.5475	4.91768	0.0925481
12.5577	42.3516	4.90091	0.086812
9.61019	45.6673	4.92004	0.0989752
6.24038	39.6081	4.91477	0.0776811
9.4375	42.5475	4.91768	0.0925481
6.31731	42.7435	4.91776	0.0930363
9.36058	39.4121	4.91035	0.075459
12.5	40	4.87778	0.0720438
9.4375	42.5475	4.91768	0.0925481
15.601	39.0202	0.289911	0.0595895
12.5	40	4.87778	0.0720438
12.5385	36.8646	4.87983	0.064955
15.601	39.0202	0.289911	0.0595895
15.6779	42.1556	4.83559	0.0772503
12.5	40	4.87778	0.0720438
6.48041	46.2515	4.91934	0.100731
6.76709	49.3292	4.92088	0.108596
3.72828	49.3292	4.91931	0.10613
6.31731	42.7435	4.91776	0.0930363
6.48041	46.2515	4.91934	0.100731
3.39381	46.2515	4.91879	0.101013
9.61019	45.6673	4.92004	0.0989752
6.76709	49.3292	4.92088	0.108596
6.48041	46.2515	4.91934	0.100731
12.7118	50.0843	4.91894	0.103378
9.70619	49.8955	4.91844	0.104005
11.1799	48.0735	4.91909	0.101292
3.19711	42.9395	4.91729	0.0945981
0.076922	43.1354	4.91863	0.0978284
-3.10282e-28	40	4.91622	0.0885105
6.31731	42.7435	4.91776	0.0930363
3.19711	42.9395	4.91729	0.0945981
3.125	40	4.91467	0.0801627
3.39381	46.2515	4.91879	0.101013
0.307214	46.2515	4.91853	0.10125
3.19711	42.9395	4.91729	0.0945981
45.0204	55.2938	4.89804	0.102512
41.9404	55.2938	4.89608	0.102458
42.834	52.3495	4.91688	0.103605
48.1005	55.2938	4.90406	0.102225
45.0204	55.2938	4.89804	0.102512
45.8487	52.5335	4.91694	0.102618
44.2548	57.954	4.82766	0.106042
41.9404	55.2938	4.89608	0.102458
45.0204	55.2938	4.89804	0.102512
46.3226	60.8826	0.155103	0.120401
44.2548	57.954	4.82766	0.106042
47.2801	58.144	4.84589	0.107578
41.4664	58.5091	4.80118	0.105197
38.8603	55.2938	4.89822	0.10329
41.9404	55.2938	4.89608	0.102458
27.9723	52.3495	4.916	0.109027
28.0388	49.3292	4.91934	0.109611
30.9447	52.3495	4.91788	0.113471
19.0553	52.3495	4.91795	0.109539
21.7285	50.6506	4.91781	0.108866
22.4091	54.0056	4.90993	0.108723
25	46.2515	4.91662	0.105905
28.0388	49.3292	4.91934	0.109611
24.7341	50.8393	4.91836	0.109716
21.7285	50.6506	4.91781	0.108866
21.7462	47.598	4.91537	0.110163
24.7341	50.8393	4.91836	0.109716
15.6779	42.1556	4.83559	0.0772503
17.2523	44.2036	4.85719	0.0858165
14.1489	44.3016	4.90064	0.0908046
22.0142	44.8882	4.88868	0.0958672
18.8268	46.2515	4.89649	0.0980577
18.7981	41.9596	0.289227	0.0717071
15.8835	49.3292	4.91899	0.103771
12.6536	46.2515	4.9168	0.0978382
15.7402	46.2515	4.90653	0.0964779
17.0264	56.2438	4.88344	0.116465
16.083	52.3495	4.91585	0.106819
19.0553	52.3495	4.91795	0.109539
4.19365	52.3495	4.91759	0.112112
7.16598	52.3495	4.91482	0.107665
4.92487	55.4838	4.89487	0.114913
21.9183	41.7637	4.83328	0.0792561
25	43.1354	4.90691	0.0950238
22.0142	44.8882	4.88868	0.0958672
28.125	40	4.91283	0.0810767
25	40	4.8896	0.075458
28.1154	36.8646	4.91529	0.0714726
25	30.6708	4.91466	0.0640333
25.1151	35.3065	4.90916	0.0659921
21.9134	33.7485	4.90214	0.06298
31.3171	35.696	4.91423	0.0693903
28.0866	33.7485	4.9144	0.0660094
30.9343	31.8249	4.91273	0.0645737
28.1154	36.8646	4.91529	0.0714726
25.1151	35.3065	4.90916	0.0659921
28.0866	33.7485	4.9144	0.0660094
33.7508	28.5944	4.91167	0.0638341
37.1553	30.6708	4.9114	0.0643782
33.997	31.6326	4.91184	0.0646832
21.8846	36.8646	4.84911	0.0609621
21.9014	39.3141	0.332037	0.0647382
18.7212	38.8242	0.252361	0.0560759
28.1154	36.8646	4.91529	0.0714726
25	40	4.8896	0.075458
25.1151	35.3065	4.90916	0.0659921
28.125	40	4.91283	0.0810767
28.1154	43.1354	4.92027	0.102372
25	40	4.8896	0.075458
3.72828	49.3292	4.91931	0.10613
1.22131	52.3495	4.9179	0.110388
0.68946	49.3292	4.91957	0.105737
0.307214	46.2515	4.91853	0.10125
3.39381	46.2515	4.91879	0.101013
0.68946	49.3292	4.91957	0.105737
11.1799	48.0735	4.91909	0.101292
12.6536	46.2515	4.9168	0.0978382
12.7118	50.0843	4.91894	0.103378
9.61019	45.6673	4.92004	0.0989752
11.1799	48.0735	4.91909	0.101292
9.70619	49.8955	4.91844	0.104005
9.61019	45.6673	4.92004	0.0989752
12.6536	46.2515	4.9168	0.0978382
11.1799	48.0735	4.91909	0.101292
31.3817	62.6228	0.116068	4.69115
34.1521	62.7968	0.104551	4.62263
33.1516	65.9587	0.0678538	0.141414
26.9568	67.2765	0.0723665	0.141771
28.4106	64.5496	0.0876926	0.160334
30.4344	65.9587	0.076176	0.149735
29.839	59.2394	4.80479	0.136871
33.5519	59.0383	4.80078	0.123828
31.3817	62.6228	0.116068	4.69115
28.6113	62.4488	0.119614	0.170348
29.839	59.2394	4.80479	0.136871
31.3817	62.6228	0.116068	4.69115
20.7355	60.8826	0.155704	4.72131
24.0253	59.6046	4.77355	0.150979
23.0704	62.1007	0.121698	0.215884
25.6371	53.0665	4.91266	0.109345
24.7341	50.8393	4.91836	0.109716
27.9723	52.3495	4.916	0.109027
22.4091	54.0056	4.90993	0.108723
25.6371	53.0665	4.91266	0.109345
26.54	55.2938	4.89818	0.111206
22.4091	54.0056	4.90993	0.108723
24.7341	50.8393	4.91836	0.109716
25.6371	53.0665	4.91266	0.109345
29.6201	55.2938	4.90398	0.109417
31.8745	54.2817	4.90888	0.110157
32.1533	57.1939	4.86764	0.115442
34.2598	46.2515	4.92146	0.111333
34.3294	43.6157	4.92001	0.103531
37.3464	46.2515	4.91986	0.107423
31.1732	46.2515	4.92034	0.108681
34.2598	46.2515	4.92146	0.111333
34.1165	49.3292	4.92017	0.110273
34.2598	46.2515	4.92146	0.111333
31.226	43.7137	4.91946	0.103242
34.3294	43.6157	4.92001	0.103531
35.6527	58.8743	4.79135	0.113427
38.5596	58.6917	4.79509	0.104788
37.7936	60.8826	0.137299	0.110637
33.5519	59.0383	4.80078	0.123828
35.6527	58.8743	4.79135	0.113427
34.9506	60.8826	0.146413	0.138387
35.7802	55.2938	4.903	0.105911
38.5596	58.6917	4.79509	0.104788
35.6527	58.8743	4.79135	0.113427
42.43	63.669	0.0836332	4.57783
43.4796	60.8826	0.138293	0.122404
45.2338	63.4929	0.0934064	0.14283
6.48041	46.2515	4.91934	0.100731
6.31731	42.7435	4.91776	0.0930363
9.61019	45.6673	4.92004	0.0989752
0.68946	49.3292	4.91957	0.105737
3.39381	46.2515	4.91879	0.101013
3.72828	49.3292	4.91931	0.10613
0.307214	46.2515	4.91853	0.10125
0.076922	43.1354	4.91863	0.0978284
3.19711	42.9395	4.91729	0.0945981
6.4478	61.0566	0.134592	0.145168
4.76616	63.4929	0.0962749	0.16928
3.67737	60.8826	0.158119	3.6782
5.69054	58.144	4.81839	0.121469
6.4478	61.0566	0.134592	0.145168
3.67737	60.8826	0.158119	3.6782
9.3634	60.8826	0.133701	0.14479
10.1618	63.4929	0.0860395	0.169614
7.464	63.4929	0.0898195	4.12195
14.6026	58.144	4.81498	0.132272
15.0494	60.8826	0.138932	0.170638
12.3979	60.3349	0.149457	4.6361
14.2198	55.2938	4.89398	0.1123
14.6026	58.144	4.81498	0.132272
11.6319	58.144	4.80597	0.12737
14.2198	55.2938	4.89398	0.1123
17.0264	56.2438	4.88344	0.116465
14.6026	58.144	4.81498	0.132272
7.464	63.4929	0.0898195	4.12195
5.97957	65.9587	0.0771568	4.54314
4.76616	63.4929	0.0962749	0.16928
11.414	65.9587	0.0742483	4.66762
13.846	66.4528	0.072027	0.156691
12.3644	68.2649	0.0693868	0.128476
10.1618	63.4929	0.0860395	0.169614
11.414	65.9587	0.0742483	4.66762
8.78345	65.7825	0.0751013	4.6712
12.8597	63.4929	0.0875181	0.169915
15.5575	63.4929	0.0940197	4.72005
13.846	66.4528	0.072027	0.156691
10.1618	63.4929	0.0860395	0.169614
12.8597	63.4929	0.0875181	0.169915
11.414	65.9587	0.0742483	4.66762
10.1618	63.4929	0.0860395	0.169614
12.3979	60.3349	0.149457	4.6361
12.8597	63.4929	0.0875181	0.169915
9.83732	68.2649	0.0693741	0.142114
7.31021	68.2649	0.0700513	0.160721
8.78345	65.7825	0.0751013	4.6712
31.8745	54.2817	4.90888	0.110157
30.9447	52.3495	4.91788	0.113471
34.1289	53.2696	4.91426	0.108356
35.7802	55.2938	4.903	0.105911
31.8745	54.2817	4.90888	0.110157
34.1289	53.2696	4.91426	0.108356
29.6201	55.2938	4.90398	0.109417
30.9447	52.3495	4.91788	0.113471
31.8745	54.2817	4.90888	0.110157
29.839	59.2394	4.80479	0.136871
26.4853	58.144	4.83843	0.130938
29.6201	55.2938	4.90398	0.109417
33.5519	59.0383	4.80078	0.123828
29.839	59.2394	4.80479	0.136871
32.1533	57.1939	4.86764	0.115442
35.7802	55.2938	4.903	0.105911
33.5519	59.0383	4.80078	0.123828
32.1533	57.1939	4.86764	0.115442
34.9506	60.8826	0.146413	0.138387
31.3817	62.6228	0.116068	4.69115
33.5519	59.0383	4.80078	0.123828
28.6113	62.4488	0.119614	0.170348
26.4215	60.8826	0.157686	4.68102
29.839	59.2394	4.80479	0.136871
26.54	55.2938	4.89818	0.111206
27.9723	52.3495	4.916	0.109027
29.6201	55.2938	4.90398	0.109417
25.6371	53.0665	4.91266	0.109345
27.9723	52.3495	4.916	0.109027
26.54	55.2938	4.89818	0.111206
24.7341	50.8393	4.91836	0.109716
28.0388	49.3292	4.91934	0.109611
27.9723	52.3495	4.916	0.109027
22.5483	72.3429	0.0684646	0.0926591
23.75	70.3973	0.0688683	0.110723
25	72.3429	0.0685253	0.0854564
23.0327	74.7883	0.0683165	0.0740728
22.5483	72.3429	0.0684646	0.0926591
25	72.3429	0.0685253	0.0854564
21.4331	74.0896	0.0682905	0.0776604
19.0551	74.0896	0.0682286	0.0762727
20.0967	72.3429	0.0684093	0.0911915
19.0904	66.7823	0.0730266	0.181744
22.2828	65.9587	0.0757764	4.23556
21.8037	69.5771	0.0700991	4.51571
24.3347	67.1118	0.0721066	0.165057
23.75	70.3973	0.0688683	0.110723
21.8037	69.5771	0.0700991	4.51571
27.0253	69.2491	0.0696449	0.118355
30.0542	68.2649	0.0711059	4.58839
28.75	70.3973	0.0690125	0.101977
25.6067	64.7258	0.0834618	4.38809
28.4106	64.5496	0.0876926	0.160334
26.9568	67.2765	0.0723665	0.141771
22.2828	65.9587	0.0757764	4.23556
25.6067	64.7258	0.0834618	4.38809
24.3347	67.1118	0.0721066	0.165057
23.0704	62.1007	0.121698	0.215884
26.4215	60.8826	0.157686	4.68102
25.6067	64.7258	0.0834618	4.38809
30.4344	65.9587	0.076176	0.149735
30.0542	68.2649	0.0711059	4.58839
26.9568	67.2765	0.0723665	0.141771
28.6113	62.4488	0.119614	0.170348
31.3817	62.6228	0.116068	4.69115
28.4106	64.5496	0.0876926	0.160334
25.6067	64.7258	0.0834618	4.38809
28.6113	62.4488	0.119614	0.170348
28.4106	64.5496	0.0876926	0.160334
26.4215	60.8826	0.157686	4.68102
26.4853	58.144	4.83843	0.130938
29.839	59.2394	4.80479	0.136871
25.6067	64.7258	0.0834618	4.38809
26.4215	60.8826	0.157686	4.68102
28.6113	62.4488	0.119614	0.170348
24.0253	59.6046	4.77355	0.150979
23.0771	56.6239	4.88288	0.115651
26.4853	58.144	4.83843	0.130938
33.1516	65.9587	0.0678538	0.141414
34.8233	67.7707	0.0479847	0.102202
32.2468	68.921	0.0632874	0.114949
31.3817	62.6228	0.116068	4.69115
33.1516	65.9587	0.0678538	0.141414
30.4344	65.9587	0.076176	0.149735
34.1521	62.7968	0.104551	4.62263
35.8688	65.9587	0.0624439	2.8828
33.1516	65.9587	0.0678538	0.141414
32.355	72.3429	0.0677173	0.0813527
33.75	70.3973	0.0621656	0.0861471
34.8066	72.3429	0.0665901	0.0798682
29.3832	76.0659	0.0685527	0.0690604
28.5669	74.0896	0.068545	0.0743384
30.9297	73.8705	0.0684761	0.0748604
31.0572	70.658	0.0676876	0.0970401
33.75	70.3973	0.0621656	0.0861471
32.355	72.3429	0.0677173	0.0813527
29.9033	72.3429	0.0685432	0.0833393
31.0572	70.658	0.0676876	0.0970401
32.355	72.3429	0.0677173	0.0813527
28.4106	64.5496	0.0876926	0.160334
31.3817	62.6228	0.116068	4.69115
30.4344	65.9587	0.076176	0.149735
24.3347	67.1118	0.0721066	0.165057
25.6067	64.7258	0.0834618	4.38809
26.9568	67.2765	0.0723665	0.141771
23.0704	62.1007	0.121698	0.215884
24.0253	59.6046	4.77355	0.150979
26.4215	60.8826	0.157686	4.68102
30.4344	65.9587	0.076176	0.149735
32.2468	68.921	0.0632874	0.114949
30.0542	68.2649	0.0711059	4.58839
34.8233	67.7707	0.0479847	0.102202
33.75	70.3973	0.0621656	0.0861471
32.2468	68.921	0.0632874	0.114949
43.2329	49.3292	4.92096	0.107281
40.1224	48.7521	4.92133	0.109667
40.433	46.2515	4.92017	0.107583
48.7787	52.3495	4.91842	0.102757
45.8487	52.5335	4.91694	0.102618
46.2717	49.3292	4.92084	0.106265
42.834	52.3495	4.91688	0.103605
40.1224	48.7521	4.92133	0.109667
43.2329	49.3292	4.92096	0.107281
47.2801	58.144	4.84589	0.107578
44.2548	57.954	4.82766	0.106042
45.0204	55.2938	4.89804	0.102512
38.8603	55.2938	4.89822	0.10329
35.7802	55.2938	4.903	0.105911
36.7564	51.5944	4.91995	0.108374
41.9404	55.2938	4.89608	0.102458
38.8603	55.2938	4.89822	0.10329
39.8617	52.3495	4.9166	0.105063
45.8487	52.5335	4.91694	0.102618
45.0204	55.2938	4.89804	0.102512
42.834	52.3495	4.91688	0.103605
41.4664	58.5091	4.80118	0.105197
40.6366	60.8826	0.13543	0.115363
38.5596	58.6917	4.79509	0.104788
44.2548	57.954	4.82766	0.106042
41.4664	58.5091	4.80118	0.105197
41.9404	55.2938	4.89608	0.102458
44.2548	57.954	4.82766	0.106042
43.4796	60.8826	0.138293	0.122404
41.4664	58.5091	4.80118	0.105197
38.5596	58.6917	4.79509	0.104788
35.7802	55.2938	4.903	0.105911
38.8603	55.2938	4.89822	0.10329
6.31731	42.7435	4.91776	0.0930363
3.39381	46.2515	4.91879	0.101013
3.19711	42.9395	4.91729	0.0945981
45.8487	52.5335	4.91694	0.102618
42.834	52.3495	4.91688	0.103605
43.2329	49.3292	4.92096	0.107281
48.1005	55.2938	4.90406	0.102225
45.8487	52.5335	4.91694	0.102618
48.7787	52.3495	4.91842	0.102757
48.1005	55.2938	4.90406	0.102225
47.2801	58.144	4.84589	0.107578
45.0204	55.2938	4.89804	0.102512
37.7936	60.8826	0.137299	0.110637
38.5596	58.6917	4.79509	0.104788
40.6366	60.8826	0.13543	0.115363
41.3032	65.9587	0.0664024	0.120979
39.6261	63.8451	0.0773967	0.118415
42.43	63.669	0.0836332	4.57783
34.9506	60.8826	0.146413	0.138387
35.6527	58.8743	4.79135	0.113427
37.7936	60.8826	0.137299	0.110637
31.3817	62.6228	0.116068	4.69115
34.9506	60.8826	0.146413	0.138387
34.1521	62.7968	0.104551	4.62263
33.5519	59.0383	4.80078	0.123828
35.7802	55.2938	4.903	0.105911
35.6527	58.8743	4.79135	0.113427
31.8745	54.2817	4.90888	0.110157
35.7802	55.2938	4.903	0.105911
32.1533	57.1939	4.86764	0.115442
34.1165	49.3292	4.92017	0.110273
34.2598	46.2515	4.92146	0.111333
37.0597	48.5598	4.92046	0.109335
28.0388	49.3292	4.91934	0.109611
31.0776	49.3292	4.91935	0.110229
30.9447	52.3495	4.91788	0.113471
28.0388	49.3292	4.91934	0.109611
25	46.2515	4.91662	0.105905
28.0866	46.2515	4.92117	0.108995
36.7564	51.5944	4.91995	0.108374
35.7802	55.2938	4.903	0.105911
34.1289	53.2696	4.91426	0.108356
30.9447	52.3495	4.91788	0.113471
31.0776	49.3292	4.91935	0.110229
34.1165	49.3292	4.92017	0.110273
40.1224	48.7521	4.92133	0.109667
42.834	52.3495	4.91688	0.103605
39.8617	52.3495	4.9166	0.105063
39.8617	52.3495	4.9166	0.105063
42.834	52.3495	4.91688	0.103605
41.9404	55.2938	4.89608	0.102458
36.7564	51.5944	4.91995	0.108374
39.8617	52.3495	4.9166	0.105063
38.8603	55.2938	4.89822	0.10329
36.7564	51.5944	4.91995	0.108374
40.1224	48.7521	4.92133	0.109667
39.8617	52.3495	4.9166	0.105063
18.9224	49.3292	4.91794	0.108534
19.0553	52.3495	4.91795	0.109539
16.083	52.3495	4.91585	0.106819
15.7402	46.2515	4.90653	0.0964779
18.8268	46.2515	4.89649	0.0980577
15.8835	49.3292	4.91899	0.103771
21.7462	47.598	4.91537	0.110163
25	46.2515	4.91662	0.105905
24.7341	50.8393	4.91836	0.109716
22.0108	14.5924	4.88736	0.0639946
19.9458	11.7351	4.799	0.0641857
23.0432	12.7235	4.84813	0.0640522
17.645	7.6571	0.113918	0.0654389
18.75	9.60269	0.157336	0.0653836
16.5822	10.0948	4.73404	0.0642572
14.9215	7.36598	0.108565	0.0654008
17.645	7.6571	0.113918	0.0654389
16.5822	10.0948	4.73404	0.0642572
16.6772	5.91038	0.0890652	0.0654648
19.0551	5.91038	0.0872075	0.0654895
17.645	7.6571	0.113918	0.0654389
20.0967	7.6571	0.107539	0.0654447
21.25	9.60269	0.155135	0.0653548
18.75	9.60269	0.157336	0.0653836
17.645	7.6571	0.113918	0.0654389
19.0551	5.91038	0.0872075	0.0654895
20.0967	7.6571	0.107539	0.0654447
24.1844	6.78374	0.0989767	0.0653915
26.189	5.91038	0.0884487	0.0653747
25.4207	8.55507	0.139556	0.0652759
28.5669	5.91038	0.0877004	0.0653303
31.8199	4.37335	0.0766878	0.065349
31.1316	6.34706	0.0905656	0.0652792
26.9661	0.123895	0.0697314	0.0654842
28.4094	2.238	0.071529	0.0654422
26.0648	3.0556	0.0730662	0.0654619
28.9198	0.494728	0.0705222	0.0654512
30.8485	1.10996	0.0709286	0.0654222
28.4094	2.238	0.071529	0.0654422
31.25	9.60269	0.157843	0.0651085
33.75	9.60269	0.14729	0.0650895
32.5813	11.7351	4.80118	0.0639031
30.9096	13.2177	4.86285	0.0638604
29.636	10.915	4.78278	0.0639632
32.5813	11.7351	4.80118	0.0639031
32.355	7.6571	0.105046	0.0652047
33.4473	6.2015	0.0864679	0.0652637
34.9468	7.95642	0.107974	0.0651627
29.9033	7.6571	0.11163	0.0652276
32.355	7.6571	0.105046	0.0652047
31.25	9.60269	0.157843	0.0651085
31.1316	6.34706	0.0905656	0.0652792
31.8199	4.37335	0.0766878	0.065349
33.4473	6.2015	0.0864679	0.0652637
29.9033	7.6571	0.11163	0.0652276
31.1316	6.34706	0.0905656	0.0652792
32.355	7.6571	0.105046	0.0652047
29.9033	7.6571	0.11163	0.0652276
28.5669	5.91038	0.0877004	0.0653303
31.1316	6.34706	0.0905656	0.0652792
28.5669	5.91038	0.0877004	0.0653303
29.9033	7.6571	0.11163	0.0652276
27.8022	8.40541	0.13474	0.0652217
25	4.37335	0.0776528	0.0654492
27.2733	4.37335	0.0778384	0.0654063
26.189	5.91038	0.0884487	0.0653747
27.2733	4.37335	0.0778384	0.0654063
30.3241	3.0556	0.0726514	0.0654027
28.5669	5.91038	0.0877004	0.0653303
31.1316	6.34706	0.0905656	0.0652792
33.4473	6.2015	0.0864679	0.0652637
32.355	7.6571	0.105046	0.0652047
27.2733	4.37335	0.0778384	0.0654063
28.4094	2.238	0.071529	0.0654422
30.3241	3.0556	0.0726514	0.0654027
26.189	5.91038	0.0884487	0.0653747
27.2733	4.37335	0.0778384	0.0654063
28.5669	5.91038	0.0877004	0.0653303
26.0648	3.0556	0.0730662	0.0654619
28.4094	2.238	0.071529	0.0654422
27.2733	4.37335	0.0778384	0.0654063
29.636	10.915	4.78278	0.0639632
29.9033	7.6571	0.11163	0.0652276
31.25	9.60269	0.157843	0.0651085
25.4207	8.55507	0.139556	0.0652759
27.8022	8.40541	0.13474	0.0652217
27.0253	10.7509	4.78553	0.064022
25.4207	8.55507	0.139556	0.0652759
26.189	5.91038	0.0884487	0.0653747
27.8022	8.40541	0.13474	0.0652217
26.3489	16.5071	4.90683	0.0638095
24.3933	15.2742	4.89678	0.063897
25.6653	12.8882	4.86358	0.0639578
30.3241	3.0556	0.0726514	0.0654027
31.8199	4.37335	0.0766878	0.065349
28.5669	5.91038	0.0877004	0.0653303
30.8485	1.10996	0.0709286	0.0654222
30.3241	3.0556	0.0726514	0.0654027
28.4094	2.238	0.071529	0.0654422
30.8485	1.10996	0.0709286	0.0654222
32.7403	1.96546	0.07204	0.0653869
30.3241	3.0556	0.0726514	0.0654027
30.3241	3.0556	0.0726514	0.0654027
32.7403	1.96546	0.07204	0.0653869
31.8199	4.37335	0.0766878	0.065349
23.9352	3.0556	0.0729906	0.0654975
25	4.37335	0.0776528	0.0654492
22.7267	4.37335	0.0770709	0.0654926
26.9661	0.123895	0.0697314	0.0654842
26.0648	3.0556	0.0730662	0.0654619
25.0248	1.47661	0.0706861	0.0655008
26.9661	0.123895	0.0697314	0.0654842
28.9198	0.494728	0.0705222	0.0654512
28.4094	2.238	0.071529	0.0654422
25.0248	1.47661	0.0706861	0.0655008
25	-8.70219e-28	0.0701105	0.0655072
26.9661	0.123895	0.0697314	0.0654842
23.9352	3.0556	0.0729906	0.0654975
25.0248	1.47661	0.0706861	0.0655008
26.0648	3.0556	0.0730662	0.0654619
23.9352	3.0556	0.0729906	0.0654975
23.0835	1.59882	0.0707636	0.0655265
25.0248	1.47661	0.0706861	0.0655008
32.7403	1.96546	0.07204	0.0653869
34.5833	3.0556	0.073868	0.0653411
31.8199	4.37335	0.0766878	0.065349
25	4.37335	0.0776528	0.0654492
26.0648	3.0556	0.0730662	0.0654619
27.2733	4.37335	0.0778384	0.0654063
24.1844	6.78374	0.0989767	0.0653915
25	4.37335	0.0776528	0.0654492
26.189	5.91038	0.0884487	0.0653747
23.9352	3.0556	0.0729906	0.0654975
26.0648	3.0556	0.0730662	0.0654619
25	4.37335	0.0776528	0.0654492
21.913	2.6468	0.072033	0.06553
23.9352	3.0556	0.0729906	0.0654975
22.7267	4.37335	0.0770709	0.0654926
23.0835	1.59882	0.0707636	0.0655265
23.0339	0.123895	0.0700763	0.0655321
25.0248	1.47661	0.0706861	0.0655008
21.913	2.6468	0.072033	0.06553
23.0835	1.59882	0.0707636	0.0655265
23.9352	3.0556	0.0729906	0.0654975
21.4331	5.91038	0.0868067	0.0654766
20.4534	4.37335	0.0771883	0.0655161
22.7267	4.37335	0.0770709	0.0654926
19.7476	2.78306	0.0727876	0.0655371
21.0802	0.494728	0.0702385	0.0655477
21.913	2.6468	0.072033	0.06553
23.0339	0.123895	0.0700763	0.0655321
25	-8.70219e-28	0.0701105	0.0655072
25.0248	1.47661	0.0706861	0.0655008
33.4473	6.2015	0.0864679	0.0652637
34.5833	3.0556	0.073868	0.0653411
35.7008	5.91038	0.0862561	0.0652376
36.3664	4.37335	0.08197	0.065264
35.7008	5.91038	0.0862561	0.0652376
34.5833	3.0556	0.073868	0.0653411
23.5785	19.1174	4.91287	0.0637482
26.3489	16.5071	4.90683	0.0638095
26.4215	19.1174	4.91256	0.0637188
23.0771	23.3761	4.9139	0.0636124
25.3391	26.1784	4.91361	0.0635817
22.0277	27.6505	4.91352	0.0636963
29.636	10.915	4.78278	0.0639632
27.8022	8.40541	0.13474	0.0652217
29.9033	7.6571	0.11163	0.0652276
29.636	10.915	4.78278	0.0639632
27.0253	10.7509	4.78553	0.064022
27.8022	8.40541	0.13474	0.0652217
32.5813	11.7351	4.80118	0.0639031
29.636	10.915	4.78278	0.0639632
31.25	9.60269	0.157843	0.0651085
28.2875	13.053	4.86706	0.0638933
27.0253	10.7509	4.78553	0.064022
29.636	10.915	4.78278	0.0639632
23.0432	12.7235	4.84813	0.0640522
25.6653	12.8882	4.86358	0.0639578
24.3933	15.2742	4.89678	0.063897
24.4145	10.5869	4.76753	0.0641139
25.4207	8.55507	0.139556	0.0652759
27.0253	10.7509	4.78553	0.064022
23.0432	12.7235	4.84813	0.0640522
24.4145	10.5869	4.76753	0.0641139
25.6653	12.8882	4.86358	0.0639578
23.0432	12.7235	4.84813	0.0640522
21.25	9.60269	0.155135	0.0653548
24.4145	10.5869	4.76753	0.0641139
24.1844	6.78374	0.0989767	0.0653915
22.5483	7.6571	0.110807	0.0654016
21.4331	5.91038	0.0868067	0.0654766
25	4.37335	0.0776528	0.0654492
24.1844	6.78374	0.0989767	0.0653915
22.7267	4.37335	0.0770709	0.0654926
25.4207	8.55507	0.139556	0.0652759
24.4145	10.5869	4.76753	0.0641139
22.5483	7.6571	0.110807	0.0654016
24.4145	10.5869	4.76753	0.0641139
21.25	9.60269	0.155135	0.0653548
22.5483	7.6571	0.110807	0.0654016
19.5656	14.0413	4.87492	0.0640799
20.9532	16.5071	4.90316	0.0639329
18.2554	16.5071	4.9029	0.0639951
19.9458	11.7351	4.799	0.0641857
19.5656	14.0413	4.87492	0.0640799
17.7988	12.3941	4.83619	0.0641707
18.75	9.60269	0.157336	0.0653836
19.9458	11.7351	4.799	0.0641857
17.7988	12.3941	4.83619	0.0641707
21.25	9.60269	0.155135	0.0653548
23.0432	12.7235	4.84813	0.0640522
19.9458	11.7351	4.799	0.0641857
22.0108	14.5924	4.88736	0.0639946
20.9532	16.5071	4.90316	0.0639329
19.5656	14.0413	4.87492	0.0640799
19.9458	11.7351	4.799	0.0641857
22.0108	14.5924	4.88736	0.0639946
19.5656	14.0413	4.87492	0.0640799
23.0432	12.7235	4.84813	0.0640522
24.3933	15.2742	4.89678	0.063897
22.0108	14.5924	4.88736	0.0639946
17.7548	18.7251	4.90979	0.0639188
20.7355	19.1174	4.91153	0.0638214
17.2541	20.9431	4.91261	0.063856
16.8484	14.0413	4.87789	0.0641079
18.2554	16.5071	4.9029	0.0639951
15.9817	15.8026	4.89856	0.0640493
20.9532	16.5071	4.90316	0.0639329
20.7355	19.1174	4.91153	0.0638214
18.2554	16.5071	4.9029	0.0639951
14.9215	7.36598	0.108565	0.0654008
16.5822	10.0948	4.73404	0.0642572
13.513	9.30337	0.149569	0.0653227
12.6058	7.51154	0.110829	0.0653482
14.9215	7.36598	0.108565	0.0654008
13.513	9.30337	0.149569	0.0653227
13.6336	4.37335	0.0823859	0.0654327
15.4167	3.0556	0.0762653	0.065487
16.6772	5.91038	0.0890652	0.0654648
19.7476	2.78306	0.0727876	0.0655371
19.1515	1.10996	0.0716165	0.0655427
21.0802	0.494728	0.0702385	0.0655477
20.4534	4.37335	0.0771883	0.0655161
19.0551	5.91038	0.0872075	0.0654895
18.1801	4.37335	0.0780748	0.0655099
21.913	2.6468	0.072033	0.06553
20.4534	4.37335	0.0771883	0.0655161
19.7476	2.78306	0.0727876	0.0655371
21.4331	5.91038	0.0868067	0.0654766
19.0551	5.91038	0.0872075	0.0654895
20.4534	4.37335	0.0771883	0.0655161
24.1844	6.78374	0.0989767	0.0653915
21.4331	5.91038	0.0868067	0.0654766
22.7267	4.37335	0.0770709	0.0654926
20.0967	7.6571	0.107539	0.0654447
19.0551	5.91038	0.0872075	0.0654895
21.4331	5.91038	0.0868067	0.0654766
20.4534	4.37335	0.0771883	0.0655161
18.1801	4.37335	0.0780748	0.0655099
19.7476	2.78306	0.0727876	0.0655371
23.0835	1.59882	0.0707636	0.0655265
21.0802	0.494728	0.0702385	0.0655477
23.0339	0.123895	0.0700763	0.0655321
27.8022	8.40541	0.13474	0.0652217
26.189	5.91038	0.0884487	0.0653747
28.5669	5.91038	0.0877004	0.0653303
25.6653	12.8882	4.86358	0.0639578
24.4145	10.5869	4.76753	0.0641139
27.0253	10.7509	4.78553	0.064022
22.5483	7.6571	0.110807	0.0654016
20.0967	7.6571	0.107539	0.0654447
21.4331	5.91038	0.0868067	0.0654766
25.4207	8.55507	0.139556	0.0652759
22.5483	7.6571	0.110807	0.0654016
24.1844	6.78374	0.0989767	0.0653915
21.25	9.60269	0.155135	0.0653548
20.0967	7.6571	0.107539	0.0654447
22.5483	7.6571	0.110807	0.0654016
14.9215	7.36598	0.108565	0.0654008
16.6772	5.91038	0.0890652	0.0654648
17.645	7.6571	0.113918	0.0654389
21.913	2.6468	0.072033	0.06553
21.0802	0.494728	0.0702385	0.0655477
23.0835	1.59882	0.0707636	0.0655265
37.3284	7.80676	0.109781	0.0651286
38.0788	5.91038	0.0946823	0.0651786
39.7099	7.6571	0.123594	0.065072
33.4473	6.2015	0.0864679	0.0652637
35.7008	5.91038	0.0862561	0.0652376
34.9468	7.95642	0.107974	0.0651627
33.75	9.60269	0.14729	0.0650895
32.355	7.6571	0.105046	0.0652047
34.9468	7.95642	0.107974	0.0651627
31.8199	4.37335	0.0766878	0.065349
34.5833	3.0556	0.073868	0.0653411
33.4473	6.2015	0.0864679	0.0652637
36.3664	4.37335	0.08197	0.065264
38.0788	5.91038	0.0946823	0.0651786
35.7008	5.91038	0.0862561	0.0652376
19.7476	2.78306	0.0727876	0.0655371
17.2597	1.96546	0.0731585	0.0655247
19.1515	1.10996	0.0716165	0.0655427
18.1801	4.37335	0.0780748	0.0655099
16.6772	5.91038	0.0890652	0.0654648
15.4167	3.0556	0.0762653	0.065487
19.7476	2.78306	0.0727876	0.0655371
18.1801	4.37335	0.0780748	0.0655099
17.2597	1.96546	0.0731585	0.0655247
19.0551	5.91038	0.0872075	0.0654895
16.6772	5.91038	0.0890652	0.0654648
18.1801	4.37335	0.0780748	0.0655099
21.913	2.6468	0.072033	0.06553
22.7267	4.37335	0.0770709	0.0654926
20.4534	4.37335	0.0771883	0.0655161
20.0967	7.6571	0.107539	0.0654447
18.75	9.60269	0.157336	0.0653836
17.645	7.6571	0.113918	0.0654389
14.9215	7.36598	0.108565	0.0654008
13.6336	4.37335	0.0823859	0.0654327
16.6772	5.91038	0.0890652	0.0654648
32.355	7.6571	0.105046	0.0652047
33.75	9.60269	0.14729	0.0650895
31.25	9.60269	0.157843	0.0651085
38.0788	5.91038	0.0946823	0.0651786
37.3284	7.80676	0.109781	0.0651286
35.7008	5.91038	0.0862561	0.0652376
38.75	9.60269	0.156611	0.0650144
41.25	9.60269	0.183064	0.06495
40.1627	11.7351	4.81594	0.0637991
36.25	9.60269	0.148388	0.0650608
38.75	9.60269	0.156611	0.0650144
37.4683	11.4071	4.78745	0.0638635
39.7099	7.6571	0.123594	0.065072
41.25	9.60269	0.183064	0.06495
38.75	9.60269	0.156611	0.0650144
15.4167	3.0556	0.0762653	0.065487
17.2597	1.96546	0.0731585	0.0655247
18.1801	4.37335	0.0780748	0.0655099
44.0204	14.0413	4.89705	0.0636744
41.2166	14.2175	4.88737	0.0637109
42.6898	11.7351	4.85135	0.0637434
14.9215	7.36598	0.108565	0.0654008
12.6058	7.51154	0.110829	0.0653482
13.6336	4.37335	0.0823859	0.0654327
15.1767	12.2293	4.83209	0.0641619
12.5545	12.0646	4.81582	0.0641327
13.513	9.30337	0.149569	0.0653227
16.5822	10.0948	4.73404	0.0642572
17.7988	12.3941	4.83619	0.0641707
15.1767	12.2293	4.83209	0.0641619
14.1312	14.0413	4.87695	0.064099
12.5545	12.0646	4.81582	0.0641327
15.1767	12.2293	4.83209	0.0641619
15.9817	15.8026	4.89856	0.0640493
14.7591	18.4213	4.90952	0.0639835
13.1778	15.9788	4.89931	0.0640519
16.5822	10.0948	4.73404	0.0642572
18.75	9.60269	0.157336	0.0653836
17.7988	12.3941	4.83619	0.0641707
22.0108	14.5924	4.88736	0.0639946
24.3933	15.2742	4.89678	0.063897
20.9532	16.5071	4.90316	0.0639329
11.4404	21.3083	4.91133	0.0639605
12.2064	19.1174	4.9105	0.0639978
14.6026	21.856	4.91243	0.0639036
8.66123	21.856	4.91121	0.06395
11.4404	21.3083	4.91133	0.0639605
10.9756	24.1362	4.91182	0.0639086
8.66123	21.856	4.91121	0.06395
9.3634	19.1174	4.90996	0.0640101
11.4404	21.3083	4.91133	0.0639605
6.52038	19.1174	4.91106	0.0640014
7.464	16.5071	4.90667	0.0640431
9.3634	19.1174	4.90996	0.0640101
3.67737	19.1174	4.91141	0.0639765
6.52038	19.1174	4.91106	0.0640014
5.62671	21.6734	4.91124	0.0639202
3.67737	19.1174	4.91141	0.0639765
4.76616	16.5071	4.90896	0.0640359
6.52038	19.1174	4.91106	0.0640014
10.1618	16.5071	4.9039	0.0640442
12.2064	19.1174	4.9105	0.0639978
9.3634	19.1174	4.90996	0.0640101
5.97957	14.0413	4.89735	0.0640549
8.69678	14.0413	4.88531	0.064062
7.464	16.5071	4.90667	0.0640431
11.414	14.0413	4.87739	0.0640776
13.1778	15.9788	4.89931	0.0640519
10.1618	16.5071	4.9039	0.0640442
15.1767	12.2293	4.83209	0.0641619
16.8484	14.0413	4.87789	0.0641079
14.1312	14.0413	4.87695	0.064099
6.52038	19.1174	4.91106	0.0640014
9.3634	19.1174	4.90996	0.0640101
8.66123	21.856	4.91121	0.06395
14.7591	18.4213	4.90952	0.0639835
12.2064	19.1174	4.9105	0.0639978
13.1778	15.9788	4.89931	0.0640519
14.7591	18.4213	4.90952	0.0639835
14.6026	21.856	4.91243	0.0639036
12.2064	19.1174	4.9105	0.0639978
12.6058	7.51154	0.110829	0.0653482
11.9212	5.91038	0.100145	0.0653667
13.6336	4.37335	0.0823859	0.0654327
11.25	9.60269	0.156611	0.0652717
12.6058	7.51154	0.110829	0.0653482
13.513	9.30337	0.149569	0.0653227
10.2901	7.6571	0.125373	0.0652989
11.9212	5.91038	0.100145	0.0653667
12.6058	7.51154	0.110829	0.0653482
41.2166	14.2175	4.88737	0.0637109
40.1627	11.7351	4.81594	0.0637991
42.6898	11.7351	4.85135	0.0637434
35.1085	11.7351	4.79649	0.0638833
37.4683	11.4071	4.78745	0.0638635
35.6088	14.5697	4.88551	0.0638034
33.1516	14.0413	4.87687	0.0638311
35.1085	11.7351	4.79649	0.0638833
35.6088	14.5697	4.88551	0.0638034
32.5813	11.7351	4.80118	0.0639031
33.75	9.60269	0.14729	0.0650895
35.1085	11.7351	4.79649	0.0638833
37.3284	7.80676	0.109781	0.0651286
39.7099	7.6571	0.123594	0.065072
38.75	9.60269	0.156611	0.0650144
36.25	9.60269	0.148388	0.0650608
37.3284	7.80676	0.109781	0.0651286
38.75	9.60269	0.156611	0.0650144
35.1085	11.7351	4.79649	0.0638833
36.25	9.60269	0.148388	0.0650608
37.4683	11.4071	4.78745	0.0638635
34.9468	7.95642	0.107974	0.0651627
37.3284	7.80676	0.109781	0.0651286
36.25	9.60269	0.148388	0.0650608
34.9468	7.95642	0.107974	0.0651627
35.7008	5.91038	0.0862561	0.0652376
37.3284	7.80676	0.109781	0.0651286
42.536	16.5071	4.90693	0.0636783
44.0204	14.0413	4.89705	0.0636744
45.2338	16.5071	4.9093	0.0636603
38.4127	14.3936	4.88415	0.0637624
41.2166	14.2175	4.88737	0.0637109
39.693	16.8552	4.90646	0.0637305
38.4127	14.3936	4.88415	0.0637624
37.4683	11.4071	4.78745	0.0638635
40.1627	11.7351	4.81594	0.0637991
10.2901	7.6571	0.125373	0.0652989
12.6058	7.51154	0.110829	0.0653482
11.25	9.60269	0.156611	0.0652717
28.2875	13.053	4.86706	0.0638933
30.001	14.922	4.89218	0.0638264
26.3489	16.5071	4.90683	0.0638095
35.1085	11.7351	4.79649	0.0638833
33.1516	14.0413	4.87687	0.0638311
32.5813	11.7351	4.80118	0.0639031
30.001	14.922	4.89218	0.0638264
28.6113	17.5512	4.90925	0.0637697
26.3489	16.5071	4.90683	0.0638095
30.9096	13.2177	4.86285	0.0638604
30.001	14.922	4.89218	0.0638264
28.2875	13.053	4.86706	0.0638933
29.636	10.915	4.78278	0.0639632
30.9096	13.2177	4.86285	0.0638604
28.2875	13.053	4.86706	0.0638933
32.5813	11.7351	4.80118	0.0639031
33.1516	14.0413	4.87687	0.0638311
30.9096	13.2177	4.86285	0.0638604
31.7446	16.5071	4.90381	0.0638051
28.6113	17.5512	4.90925	0.0637697
30.001	14.922	4.89218	0.0638264
34.4425	16.5071	4.90326	0.063806
31.7446	16.5071	4.90381	0.0638051
33.1516	14.0413	4.87687	0.0638311
34.4425	16.5071	4.90326	0.063806
34.9506	19.1174	4.91118	0.0638046
32.1075	19.1174	4.9116	0.0637784
37.1403	16.5071	4.90375	0.0637763
34.4425	16.5071	4.90326	0.063806
35.6088	14.5697	4.88551	0.0638034
37.1403	16.5071	4.90375	0.0637763
37.7936	19.1174	4.91113	0.063785
34.9506	19.1174	4.91118	0.0638046
11.414	14.0413	4.87739	0.0640776
14.1312	14.0413	4.87695	0.064099
13.1778	15.9788	4.89931	0.0640519
8.69678	14.0413	4.88531	0.064062
9.93237	11.8999	4.81861	0.0641012
11.414	14.0413	4.87739	0.0640776
11.25	9.60269	0.156611	0.0652717
13.513	9.30337	0.149569	0.0653227
12.5545	12.0646	4.81582	0.0641327
10.2901	7.6571	0.125373	0.0652989
11.25	9.60269	0.156611	0.0652717
8.74996	9.60269	0.181492	0.0652294
13.513	9.30337	0.149569	0.0653227
16.5822	10.0948	4.73404	0.0642572
15.1767	12.2293	4.83209	0.0641619
9.93237	11.8999	4.81861	0.0641012
11.25	9.60269	0.156611	0.0652717
12.5545	12.0646	4.81582	0.0641327
11.414	14.0413	4.87739	0.0640776
9.93237	11.8999	4.81861	0.0641012
12.5545	12.0646	4.81582	0.0641327
8.69678	14.0413	4.88531	0.064062
7.31021	11.7351	4.84979	0.0640767
9.93237	11.8999	4.81861	0.0641012
37.4683	11.4071	4.78745	0.0638635
38.4127	14.3936	4.88415	0.0637624
35.6088	14.5697	4.88551	0.0638034
42.536	16.5071	4.90693	0.0636783
43.4158	19.3	4.91226	0.0637123
40.5089	19.4825	4.91205	0.0637552
44.0204	14.0413	4.89705	0.0636744
42.536	16.5071	4.90693	0.0636783
41.2166	14.2175	4.88737	0.0637109
45.2338	16.5071	4.9093	0.0636603
43.4158	19.3	4.91226	0.0637123
42.536	16.5071	4.90693	0.0636783
40.5089	19.4825	4.91205	0.0637552
41.2294	22.236	4.91292	0.0638294
38.204	22.4261	4.91273	0.0638399
42.536	16.5071	4.90693	0.0636783
40.5089	19.4825	4.91205	0.0637552
39.693	16.8552	4.90646	0.0637305
43.4158	19.3	4.91226	0.0637123
41.2294	22.236	4.91292	0.0638294
40.5089	19.4825	4.91205	0.0637552
47.2801	21.856	4.91343	0.0638117
44.3095	21.856	4.91329	0.0637972
46.3226	19.1174	4.9125	0.0637066
38.4127	14.3936	4.88415	0.0637624
37.1403	16.5071	4.90375	0.0637763
35.6088	14.5697	4.88551	0.0638034
40.1627	11.7351	4.81594	0.0637991
41.2166	14.2175	4.88737	0.0637109
38.4127	14.3936	4.88415	0.0637624
38.75	9.60269	0.156611	0.0650144
40.1627	11.7351	4.81594	0.0637991
37.4683	11.4071	4.78745	0.0638635
41.25	9.60269	0.183064	0.06495
42.6898	11.7351	4.85135	0.0637434
40.1627	11.7351	4.81594	0.0637991
39.693	16.8552	4.90646	0.0637305
37.1403	16.5071	4.90375	0.0637763
38.4127	14.3936	4.88415	0.0637624
40.5089	19.4825	4.91205	0.0637552
37.7936	19.1174	4.91113	0.063785
39.693	16.8552	4.90646	0.0637305
28.8815	20.2128	4.91316	0.0636983
29.1279	22.9961	4.91395	0.0636262
26.1025	23.1861	4.9143	0.0635873
32.1075	19.1174	4.9116	0.0637784
34.9506	19.1174	4.91118	0.0638046
32.4267	21.856	4.9127	0.0637392
28.8815	20.2128	4.91316	0.0636983
32.1075	19.1174	4.9116	0.0637784
32.4267	21.856	4.9127	0.0637392
31.7446	16.5071	4.90381	0.0638051
34.4425	16.5071	4.90326	0.063806
32.1075	19.1174	4.9116	0.0637784
28.6113	17.5512	4.90925	0.0637697
31.7446	16.5071	4.90381	0.0638051
32.1075	19.1174	4.9116	0.0637784
11.414	14.0413	4.87739	0.0640776
12.5545	12.0646	4.81582	0.0641327
14.1312	14.0413	4.87695	0.064099
12.2064	19.1174	4.9105	0.0639978
10.1618	16.5071	4.9039	0.0640442
13.1778	15.9788	4.89931	0.0640519
9.93237	11.8999	4.81861	0.0641012
8.74996	9.60269	0.181492	0.0652294
11.25	9.60269	0.156611	0.0652717
43.4158	19.3	4.91226	0.0637123
45.2338	16.5071	4.9093	0.0636603
46.3226	19.1174	4.9125	0.0637066
33.1516	14.0413	4.87687	0.0638311
35.6088	14.5697	4.88551	0.0638034
34.4425	16.5071	4.90326	0.063806
36.25	9.60269	0.148388	0.0650608
33.75	9.60269	0.14729	0.0650895
34.9468	7.95642	0.107974	0.0651627
21.9134	33.7485	4.90214	0.06298
18.9132	34.917	4.85604	0.0584941
18.6835	32.5943	4.89983	0.062062
25	30.6708	4.91466	0.0640333
21.9134	33.7485	4.90214	0.06298
21.9612	30.6708	4.91297	0.0638043
21.8846	36.8646	4.84911	0.0609621
18.9132	34.917	4.85604	0.0584941
21.9134	33.7485	4.90214	0.06298
25	40	4.8896	0.075458
21.8846	36.8646	4.84911	0.0609621
25.1151	35.3065	4.90916	0.0659921
21.9134	33.7485	4.90214	0.06298
18.6835	32.5943	4.89983	0.062062
21.9612	30.6708	4.91297	0.0638043
18.7212	38.8242	0.252361	0.0560759
18.9132	34.917	4.85604	0.0584941
21.8846	36.8646	4.84911	0.0609621
17.2667	36.7732	0.31748	0.0569149
15.8122	34.7222	4.86143	0.0592873
18.9132	34.917	4.85604	0.0584941
18.7212	38.8242	0.252361	0.0560759
17.2667	36.7732	0.31748	0.0569149
18.9132	34.917	4.85604	0.0584941
18.7212	38.8242	0.252361	0.0560759
15.601	39.0202	0.289911	0.0595895
17.2667	36.7732	0.31748	0.0569149
18.7981	41.9596	0.289227	0.0717071
18.7212	38.8242	0.252361	0.0560759
21.9014	39.3141	0.332037	0.0647382
15.601	39.0202	0.289911	0.0595895
15.8122	34.7222	4.86143	0.0592873
17.2667	36.7732	0.31748	0.0569149
14.001	23.9462	4.91233	0.0638822
14.6026	21.856	4.91243	0.0639036
17.2998	24.7062	4.91272	0.0637854
13.1107	27.6505	4.9114	0.063904
12.8447	30.6708	4.91043	0.0638264
10.1383	27.6505	4.91201	0.0639338
15.2052	26.1784	4.91231	0.0638628
15.7173	29.727	4.9112	0.063827
13.1107	27.6505	4.9114	0.063904
20.3799	24.7062	4.91276	0.0636849
18.0114	27.1222	4.9124	0.0637844
17.2998	24.7062	4.91272	0.0637854
18.7229	29.5382	4.91144	0.0636597
15.7173	29.727	4.9112	0.063827
18.0114	27.1222	4.9124	0.0637844
18.7229	29.5382	4.91144	0.0636597
18.6835	32.5943	4.89983	0.062062
15.7173	29.727	4.9112	0.063827
10.9756	24.1362	4.91182	0.0639086
8.05963	24.7062	4.91146	0.0638738
8.66123	21.856	4.91121	0.06395
10.1383	27.6505	4.91201	0.0639338
8.05963	24.7062	4.91146	0.0638738
10.9756	24.1362	4.91182	0.0639086
10.1383	27.6505	4.91201	0.0639338
9.80591	30.6708	4.9121	0.0642414
7.16598	27.6505	4.91233	0.0638555
6.70061	30.2933	4.91217	0.0641292
7.16598	27.6505	4.91233	0.0638555
9.80591	30.6708	4.9121	0.0642414
4.97956	24.7062	4.91177	0.0638132
5.62671	21.6734	4.91124	0.0639202
8.05963	24.7062	4.91146	0.0638738
3.67737	19.1174	4.91141	0.0639765
5.62671	21.6734	4.91124	0.0639202
2.71986	21.856	4.91149	0.0638714
6.52038	19.1174	4.91106	0.0640014
4.76616	16.5071	4.90896	0.0640359
7.464	16.5071	4.90667	0.0640431
25	30.6708	4.91466	0.0640333
28.0388	30.6708	4.91379	0.0641398
28.0866	33.7485	4.9144	0.0660094
47.2801	21.856	4.91343	0.0638117
48.1005	24.7062	4.91316	0.0639483
45.0204	24.7062	4.9135	0.0639298
26.4215	19.1174	4.91256	0.0637188
26.3489	16.5071	4.90683	0.0638095
28.6113	17.5512	4.90925	0.0637697
18.0114	27.1222	4.9124	0.0637844
22.0277	27.6505	4.91352	0.0636963
18.7229	29.5382	4.91144	0.0636597
17.2541	20.9431	4.91261	0.063856
20.544	21.856	4.91323	0.0637206
17.2998	24.7062	4.91272	0.0637854
23.0771	23.3761	4.9139	0.0636124
26.1025	23.1861	4.9143	0.0635873
25.3391	26.1784	4.91361	0.0635817
17.2998	24.7062	4.91272	0.0637854
20.544	21.856	4.91323	0.0637206
20.3799	24.7062	4.91276	0.0636849
24.8405	21.1517	4.914	0.0636485
26.1025	23.1861	4.9143	0.0635873
23.0771	23.3761	4.9139	0.0636124
20.544	21.856	4.91323	0.0637206
24.8405	21.1517	4.914	0.0636485
23.0771	23.3761	4.9139	0.0636124
23.5785	19.1174	4.91287	0.0637482
26.4215	19.1174	4.91256	0.0637188
24.8405	21.1517	4.914	0.0636485
31.199	26.5464	4.91297	0.0636612
30.7452	28.7831	4.91271	0.0637745
28.269	26.3624	4.91378	0.063582
29.1279	22.9961	4.91395	0.0636262
31.199	26.5464	4.91297	0.0636612
28.269	26.3624	4.91378	0.063582
32.7002	24.7062	4.91253	0.0637021
33.7508	28.5944	4.91167	0.0638341
31.199	26.5464	4.91297	0.0636612
20.544	21.856	4.91323	0.0637206
23.0771	23.3761	4.9139	0.0636124
20.3799	24.7062	4.91276	0.0636849
20.7355	19.1174	4.91153	0.0638214
20.544	21.856	4.91323	0.0637206
17.2541	20.9431	4.91261	0.063856
17.7548	18.7251	4.90979	0.0639188
18.2554	16.5071	4.9029	0.0639951
20.7355	19.1174	4.91153	0.0638214
14.7591	18.4213	4.90952	0.0639835
17.7548	18.7251	4.90979	0.0639188
17.2541	20.9431	4.91261	0.063856
14.7591	18.4213	4.90952	0.0639835
15.9817	15.8026	4.89856	0.0640493
17.7548	18.7251	4.90979	0.0639188
20.9532	16.5071	4.90316	0.0639329
23.5785	19.1174	4.91287	0.0637482
20.7355	19.1174	4.91153	0.0638214
23.5785	19.1174	4.91287	0.0637482
24.8405	21.1517	4.914	0.0636485
20.544	21.856	4.91323	0.0637206
26.689	28.4246	4.91381	0.0636909
22.0277	27.6505	4.91352	0.0636963
25.3391	26.1784	4.91361	0.0635817
21.9612	30.6708	4.91297	0.0638043
18.6835	32.5943	4.89983	0.062062
18.7229	29.5382	4.91144	0.0636597
20.7355	19.1174	4.91153	0.0638214
23.5785	19.1174	4.91287	0.0637482
20.544	21.856	4.91323	0.0637206
16.8484	14.0413	4.87789	0.0641079
19.5656	14.0413	4.87492	0.0640799
18.2554	16.5071	4.9029	0.0639951
16.8484	14.0413	4.87789	0.0641079
17.7988	12.3941	4.83619	0.0641707
19.5656	14.0413	4.87492	0.0640799
14.1312	14.0413	4.87695	0.064099
16.8484	14.0413	4.87789	0.0641079
15.9817	15.8026	4.89856	0.0640493
15.1767	12.2293	4.83209	0.0641619
17.7988	12.3941	4.83619	0.0641707
16.8484	14.0413	4.87789	0.0641079
18.75	9.60269	0.157336	0.0653836
21.25	9.60269	0.155135	0.0653548
19.9458	11.7351	4.799	0.0641857
24.3933	15.2742	4.89678	0.063897
23.5785	19.1174	4.91287	0.0637482
20.9532	16.5071	4.90316	0.0639329
4.97956	24.7062	4.91177	0.0638132
4.19365	27.6505	4.91263	0.0637935
1.8995	24.7062	4.91225	0.063766
8.74996	9.60269	0.181492	0.0652294
9.93237	11.8999	4.81861	0.0641012
7.31021	11.7351	4.84979	0.0640767
46.8029	37.0605	4.91206	0.0722533
43.6827	37.2565	4.91324	0.072015
46.6062	33.7485	4.91219	0.0662387
41.9404	24.7062	4.91283	0.0639252
45.0204	24.7062	4.9135	0.0639298
42.7675	28.0281	4.91328	0.0640826
38.8603	24.7062	4.9122	0.0638988
41.9404	24.7062	4.91283	0.0639252
39.9888	27.0985	4.91224	0.0639943
41.2294	22.236	4.91292	0.0638294
44.3095	21.856	4.91329	0.0637972
41.9404	24.7062	4.91283	0.0639252
48.7787	27.6505	4.91309	0.0640903
49.3105	30.6708	4.9129	0.0645217
46.2478	30.8632	4.91323	0.0645318
26.1025	23.1861	4.9143	0.0635873
24.8405	21.1517	4.914	0.0636485
28.8815	20.2128	4.91316	0.0636983
28.269	26.3624	4.91378	0.063582
26.1025	23.1861	4.9143	0.0635873
29.1279	22.9961	4.91395	0.0636262
23.0771	23.3761	4.9139	0.0636124
22.0277	27.6505	4.91352	0.0636963
20.3799	24.7062	4.91276	0.0636849
12.8447	30.6708	4.91043	0.0638264
12.7112	34.5275	4.89929	0.0638439
9.49534	33.1714	4.91139	0.0651145
10.1383	27.6505	4.91201	0.0639338
12.8447	30.6708	4.91043	0.0638264
9.80591	30.6708	4.9121	0.0642414
14.3285	32.6965	4.90067	0.0627481
18.6835	32.5943	4.89983	0.062062
15.8122	34.7222	4.86143	0.0592873
25.1151	35.3065	4.90916	0.0659921
21.8846	36.8646	4.84911	0.0609621
21.9134	33.7485	4.90214	0.06298
14.3285	32.6965	4.90067	0.0627481
12.7112	34.5275	4.89929	0.0638439
12.8447	30.6708	4.91043	0.0638264
18.9132	34.917	4.85604	0.0584941
15.8122	34.7222	4.86143	0.0592873
18.6835	32.5943	4.89983	0.062062
15.601	39.0202	0.289911	0.0595895
12.5385	36.8646	4.87983	0.064955
15.8122	34.7222	4.86143	0.0592873
23.5785	19.1174	4.91287	0.0637482
24.3933	15.2742	4.89678	0.063897
26.3489	16.5071	4.90683	0.0638095
28.8815	20.2128	4.91316	0.0636983
24.8405	21.1517	4.914	0.0636485
26.4215	19.1174	4.91256	0.0637188
18.2554	16.5071	4.9029	0.0639951
17.7548	18.7251	4.90979	0.0639188
15.9817	15.8026	4.89856	0.0640493
14.6026	21.856	4.91243	0.0639036
17.2541	20.9431	4.91261	0.063856
17.2998	24.7062	4.91272	0.0637854
15.9817	15.8026	4.89856	0.0640493
13.1778	15.9788	4.89931	0.0640519
14.1312	14.0413	4.87695	0.064099
14.6026	21.856	4.91243	0.0639036
14.7591	18.4213	4.90952	0.0639835
17.2541	20.9431	4.91261	0.063856
11.4404	21.3083	4.91133	0.0639605
14.001	23.9462	4.91233	0.0638822
10.9756	24.1362	4.91182	0.0639086
30.001	14.922	4.89218	0.0638264
30.9096	13.2177	4.86285	0.0638604
33.1516	14.0413	4.87687	0.0638311
31.7446	16.5071	4.90381	0.0638051
30.001	14.922	4.89218	0.0638264
33.1516	14.0413	4.87687	0.0638311
25.6653	12.8882	4.86358	0.0639578
27.0253	10.7509	4.78553	0.064022
28.2875	13.053	4.86706	0.0638933
25.6653	12.8882	4.86358	0.0639578
28.2875	13.053	4.86706	0.0638933
26.3489	16.5071	4.90683	0.0638095
33.75	9.60269	0.14729	0.0650895
36.25	9.60269	0.148388	0.0650608
35.1085	11.7351	4.79649	0.0638833
39.693	16.8552	4.90646	0.0637305
41.2166	14.2175	4.88737	0.0637109
42.536	16.5071	4.90693	0.0636783
28.8815	20.2128	4.91316	0.0636983
26.4215	19.1174	4.91256	0.0637188
28.6113	17.5512	4.90925	0.0637697
40.625	40	4.91506	0.0805259
43.75	40	4.91497	0.0813567
43.6923	43.1354	4.91844	0.100872
34.399	40.9798	4.91767	0.0922609
37.5	40	4.91568	0.0805596
37.5191	43.9145	4.91902	0.101995
40.5769	36.8646	4.9133	0.070626
43.6827	37.2565	4.91324	0.072015
40.625	40	4.91506	0.0805259
37.3464	33.7485	4.912	0.0660367
33.997	31.6326	4.91184	0.0646832
37.1553	30.6708	4.9114	0.0643782
40.625	40	4.91506	0.0805259
37.5	40	4.91568	0.0805596
40.5769	36.8646	4.9133	0.070626
37.4615	36.8646	4.91358	0.0709333
34.1596	34.7385	4.91264	0.0675195
37.3464	33.7485	4.912	0.0660367
46.2478	30.8632	4.91323	0.0645318
45.7731	27.8393	4.91337	0.0640976
48.7787	27.6505	4.91309	0.0640903
49.6928	33.7485	4.91213	0.0665034
46.6062	33.7485	4.91219	0.0662387
49.3105	30.6708	4.9129	0.0645217
40.1941	30.6708	4.9123	0.0643177
37.1553	30.6708	4.9114	0.0643782
36.8893	27.6505	4.91184	0.063935
43.2329	30.6708	4.91333	0.064383
40.1941	30.6708	4.9123	0.0643177
42.7675	28.0281	4.91328	0.0640826
40.433	33.7485	4.91291	0.0658218
37.3464	33.7485	4.912	0.0660367
40.1941	30.6708	4.9123	0.0643177
31.3171	35.696	4.91423	0.0693903
31.2019	38.0404	4.91559	0.0758199
28.1154	36.8646	4.91529	0.0714726
33.997	31.6326	4.91184	0.0646832
34.1596	34.7385	4.91264	0.0675195
30.9343	31.8249	4.91273	0.0645737
34.3221	37.8444	4.91443	0.0745107
31.2019	38.0404	4.91559	0.0758199
31.3171	35.696	4.91423	0.0693903
37.5	40	4.91568	0.0805596
34.3221	37.8444	4.91443	0.0745107
37.4615	36.8646	4.91358	0.0709333
34.399	40.9798	4.91767	0.0922609
31.2019	38.0404	4.91559	0.0758199
34.3221	37.8444	4.91443	0.0745107
40.1941	30.6708	4.9123	0.0643177
39.9888	27.0985	4.91224	0.0639943
42.7675	28.0281	4.91328	0.0640826
7.16598	27.6505	4.91233	0.0638555
8.05963	24.7062	4.91146	0.0638738
10.1383	27.6505	4.91201	0.0639338
3.69504	30.482	4.9125	0.0641593
4.19365	27.6505	4.91263	0.0637935
6.70061	30.2933	4.91217	0.0641292
4.97956	24.7062	4.91177	0.0638132
8.05963	24.7062	4.91146	0.0638738
7.16598	27.6505	4.91233	0.0638555
2.71986	21.856	4.91149	0.0638714
4.97956	24.7062	4.91177	0.0638132
1.8995	24.7062	4.91225	0.063766
14.001	23.9462	4.91233	0.0638822
11.4404	21.3083	4.91133	0.0639605
14.6026	21.856	4.91243	0.0639036
13.1107	27.6505	4.9114	0.063904
10.9756	24.1362	4.91182	0.0639086
14.001	23.9462	4.91233	0.0638822
8.66123	21.856	4.91121	0.06395
5.62671	21.6734	4.91124	0.0639202
6.52038	19.1174	4.91106	0.0640014
12.2064	19.1174	4.9105	0.0639978
11.4404	21.3083	4.91133	0.0639605
9.3634	19.1174	4.90996	0.0640101
8.05963	24.7062	4.91146	0.0638738
5.62671	21.6734	4.91124	0.0639202
8.66123	21.856	4.91121	0.06395
44.3095	21.856	4.91329	0.0637972
41.2294	22.236	4.91292	0.0638294
43.4158	19.3	4.91226	0.0637123
45.7731	27.8393	4.91337	0.0640976
45.0204	24.7062	4.9135	0.0639298
48.1005	24.7062	4.91316	0.0639483
38.8603	24.7062	4.9122	0.0638988
36.8893	27.6505	4.91184	0.063935
35.7802	24.7062	4.91222	0.0638148
45.7731	27.8393	4.91337	0.0640976
42.7675	28.0281	4.91328	0.0640826
45.0204	24.7062	4.9135	0.0639298
43.2329	30.6708	4.91333	0.064383
46.2478	30.8632	4.91323	0.0645318
43.5196	33.7485	4.91312	0.0659623
40.433	33.7485	4.91291	0.0658218
43.2329	30.6708	4.91333	0.064383
43.5196	33.7485	4.91312	0.0659623
42.7675	28.0281	4.91328	0.0640826
45.7731	27.8393	4.91337	0.0640976
43.2329	30.6708	4.91333	0.064383
41.9404	24.7062	4.91283	0.0639252
42.7675	28.0281	4.91328	0.0640826
39.9888	27.0985	4.91224	0.0639943
45.7731	27.8393	4.91337	0.0640976
46.2478	30.8632	4.91323	0.0645318
43.2329	30.6708	4.91333	0.064383
8.69678	14.0413	4.88531	0.064062
5.97957	14.0413	4.89735	0.0640549
7.31021	11.7351	4.84979	0.0640767
10.1618	16.5071	4.9039	0.0640442
8.69678	14.0413	4.88531	0.064062
11.414	14.0413	4.87739	0.0640776
7.464	16.5071	4.90667	0.0640431
4.76616	16.5071	4.90896	0.0640359
5.97957	14.0413	4.89735	0.0640549
10.1618	16.5071	4.9039	0.0640442
7.464	16.5071	4.90667	0.0640431
8.69678	14.0413	4.88531	0.064062
10.1618	16.5071	4.9039	0.0640442
9.3634	19.1174	4.90996	0.0640101
7.464	16.5071	4.90667	0.0640431
9.42308	36.8646	4.90849	0.0692295
9.49534	33.1714	4.91139	0.0651145
12.7112	34.5275	4.89929	0.0638439
12.5	40	4.87778	0.0720438
9.36058	39.4121	4.91035	0.075459
12.5385	36.8646	4.87983	0.064955
9.36058	39.4121	4.91035	0.075459
6.30769	36.8646	4.91287	0.0705413
9.42308	36.8646	4.90849	0.0692295
3.19231	36.8646	4.91275	0.071487
3.40821	33.9432	4.91181	0.0664073
6.30769	36.8646	4.91287	0.0705413
0.076922	36.8646	4.91313	0.0725064
3.19231	36.8646	4.91275	0.071487
3.125	40	4.91467	0.0801627
0.076922	36.8646	4.91313	0.0725064
0.307214	33.7485	4.91241	0.0666153
3.19231	36.8646	4.91275	0.071487
6.70061	30.2933	4.91217	0.0641292
9.80591	30.6708	4.9121	0.0642414
9.49534	33.1714	4.91139	0.0651145
2.71986	21.856	4.91149	0.0638714
5.62671	21.6734	4.91124	0.0639202
4.97956	24.7062	4.91177	0.0638132
18.0114	27.1222	4.9124	0.0637844
15.7173	29.727	4.9112	0.063827
15.2052	26.1784	4.91231	0.0638628
43.5196	33.7485	4.91312	0.0659623
40.5769	36.8646	4.9133	0.070626
40.433	33.7485	4.91291	0.0658218
49.9231	36.8646	4.91222	0.0725309
46.8029	37.0605	4.91206	0.0722533
49.6928	33.7485	4.91213	0.0665034
43.75	40	4.91497	0.0813567
40.625	40	4.91506	0.0805259
43.6827	37.2565	4.91324	0.072015
13.1107	27.6505	4.9114	0.063904
15.7173	29.727	4.9112	0.063827
12.8447	30.6708	4.91043	0.0638264
10.9756	24.1362	4.91182	0.0639086
13.1107	27.6505	4.9114	0.063904
10.1383	27.6505	4.91201	0.0639338
15.2052	26.1784	4.91231	0.0638628
17.2998	24.7062	4.91272	0.0637854
18.0114	27.1222	4.9124	0.0637844
14.001	23.9462	4.91233	0.0638822
15.2052	26.1784	4.91231	0.0638628
13.1107	27.6505	4.9114	0.063904
14.001	23.9462	4.91233	0.0638822
17.2998	24.7062	4.91272	0.0637854
15.2052	26.1784	4.91231	0.0638628
46.6062	33.7485	4.91219	0.0662387
43.6827	37.2565	4.91324	0.072015
43.5196	33.7485	4.91312	0.0659623
50	40	4.91373	0.082693
46.8029	37.0605	4.91206	0.0722533
49.9231	36.8646	4.91222	0.0725309
46.8798	40.196	4.91496	0.0895157
43.75	40	4.91497	0.0813567
46.8029	37.0605	4.91206	0.0722533
21.9014	39.3141	0.332037	0.0647382
21.9183	41.7637	4.83328	0.0792561
18.7981	41.9596	0.289227	0.0717071
25	40	4.8896	0.075458
21.9014	39.3141	0.332037	0.0647382
21.8846	36.8646	4.84911	0.0609621
25	40	4.8896	0.075458
21.9183	41.7637	4.83328	0.0792561
21.9014	39.3141	0.332037	0.0647382
22.0142	44.8882	4.88868	0.0958672
18.7981	41.9596	0.289227	0.0717071
21.9183	41.7637	4.83328	0.0792561
3.69504	30.482	4.9125	0.0641593
3.40821	33.9432	4.91181	0.0664073
0.68946	30.6708	4.91258	0.064293
1.22131	27.6505	4.91263	0.063773
3.69504	30.482	4.9125	0.0641593
0.68946	30.6708	4.91258	0.064293
6.70061	30.2933	4.91217	0.0641292
6.43263	33.3637	4.91211	0.0655553
3.69504	30.482	4.9125	0.0641593
43.5196	33.7485	4.91312	0.0659623
43.6827	37.2565	4.91324	0.072015
40.5769	36.8646	4.9133	0.070626
40.1941	30.6708	4.9123	0.0643177
43.2329	30.6708	4.91333	0.064383
40.433	33.7485	4.91291	0.0658218
46.6062	33.7485	4.91219	0.0662387
49.6928	33.7485	4.91213	0.0665034
46.8029	37.0605	4.91206	0.0722533
46.2478	30.8632	4.91323	0.0645318
46.6062	33.7485	4.91219	0.0662387
43.5196	33.7485	4.91312	0.0659623
46.2478	30.8632	4.91323	0.0645318
49.3105	30.6708	4.9129	0.0645217
46.6062	33.7485	4.91219	0.0662387
46.8798	40.196	4.91496	0.0895157
46.8029	37.0605	4.91206	0.0722533
50	40	4.91373	0.082693
9.4375	42.5475	4.91768	0.0925481
6.24038	39.6081	4.91477	0.0776811
9.36058	39.4121	4.91035	0.075459
9.49534	33.1714	4.91139	0.0651145
9.80591	30.6708	4.9121	0.0642414
12.8447	30.6708	4.91043	0.0638264
12.5385	36.8646	4.87983	0.064955
9.42308	36.8646	4.90849	0.0692295
12.7112	34.5275	4.89929	0.0638439
6.43263	33.3637	4.91211	0.0655553
6.70061	30.2933	4.91217	0.0641292
9.49534	33.1714	4.91139	0.0651145
4.19365	27.6505	4.91263	0.0637935
4.97956	24.7062	4.91177	0.0638132
7.16598	27.6505	4.91233	0.0638555
1.22131	27.6505	4.91263	0.063773
4.19365	27.6505	4.91263	0.0637935
3.69504	30.482	4.9125	0.0641593
1.22131	27.6505	4.91263	0.063773
1.8995	24.7062	4.91225	0.063766
4.19365	27.6505	4.91263	0.0637935
6.70061	30.2933	4.91217	0.0641292
4.19365	27.6505	4.91263	0.0637935
7.16598	27.6505	4.91233	0.0638555
18.7229	29.5382	4.91144	0.0636597
22.0277	27.6505	4.91352	0.0636963
21.9612	30.6708	4.91297	0.0638043
14.3285	32.6965	4.90067	0.0627481
12.8447	30.6708	4.91043	0.0638264
15.7173	29.727	4.9112	0.063827
18.6835	32.5943	4.89983	0.062062
14.3285	32.6965	4.90067	0.0627481
15.7173	29.727	4.9112	0.063827
15.8122	34.7222	4.86143	0.0592873
12.7112	34.5275	4.89929	0.0638439
14.3285	32.6965	4.90067	0.0627481
18.0114	27.1222	4.9124	0.0637844
20.3799	24.7062	4.91276	0.0636849
22.0277	27.6505	4.91352	0.0636963
3.40821	33.9432	4.91181	0.0664073
3.69504	30.482	4.9125	0.0641593
6.43263	33.3637	4.91211	0.0655553
46.8077	43.1354	4.91914	0.102703
43.6923	43.1354	4.91844	0.100872
46.8798	40.196	4.91496	0.0895157
49.9231	43.1354	4.91831	0.10199
46.8077	43.1354	4.91914	0.102703
46.8798	40.196	4.91496	0.0895157
46.2717	49.3292	4.92084	0.106265
49.3105	49.3292	4.92161	0.10725
48.7787	52.3495	4.91842	0.102757
43.5196	46.2515	4.92112	0.108648
46.2717	49.3292	4.92084	0.106265
43.2329	49.3292	4.92096	0.107281
40.433	46.2515	4.92017	0.107583
43.5196	46.2515	4.92112	0.108648
43.2329	49.3292	4.92096	0.107281
43.6923	43.1354	4.91844	0.100872
46.8077	43.1354	4.91914	0.102703
46.6062	46.2515	4.921	0.108238
46.6062	46.2515	4.921	0.108238
49.3105	49.3292	4.92161	0.10725
46.2717	49.3292	4.92084	0.106265
6.30769	36.8646	4.91287	0.0705413
6.43263	33.3637	4.91211	0.0655553
9.42308	36.8646	4.90849	0.0692295
3.125	40	4.91467	0.0801627
3.19231	36.8646	4.91275	0.071487
6.24038	39.6081	4.91477	0.0776811
3.40821	33.9432	4.91181	0.0664073
6.43263	33.3637	4.91211	0.0655553
6.30769	36.8646	4.91287	0.0705413
0.307214	33.7485	4.91241	0.0666153
3.40821	33.9432	4.91181	0.0664073
3.19231	36.8646	4.91275	0.071487
0.307214	33.7485	4.91241	0.0666153
0.68946	30.6708	4.91258	0.064293
3.40821	33.9432	4.91181	0.0664073
