25	30.6708	4.92244	0.058163
28.0866	33.7485	4.92193	0.0601975
25.1151	35.3065	4.91482	0.0599591
22.0277	27.6505	4.92149	0.057854
25	30.6708	4.92244	0.058163
21.9612	30.6708	4.91985	0.0577935
26.689	28.4246	4.92187	0.0579034
28.269	26.3624	4.92167	0.05777
30.7452	28.7831	4.92089	0.0579915
25	30.6708	4.92244	0.058163
26.689	28.4246	4.92187	0.0579034
28.0388	30.6708	4.92179	0.0583901
25.3391	26.1784	4.92172	0.0577712
28.269	26.3624	4.92167	0.05777
26.689	28.4246	4.92187	0.0579034
28.0388	30.6708	4.92179	0.0583901
30.9343	31.8249	4.92098	0.0588557
28.0866	33.7485	4.92193	0.0601975
22.0277	27.6505	4.92149	0.057854
26.689	28.4246	4.92187	0.0579034
25	30.6708	4.92244	0.058163
30.7452	28.7831	4.92089	0.0579915
30.9343	31.8249	4.92098	0.0588557
28.0388	30.6708	4.92179	0.0583901
26.689	28.4246	4.92187	0.0579034
30.7452	28.7831	4.92089	0.0579915
28.0388	30.6708	4.92179	0.0583901
26.1025	23.1861	4.92203	0.0577589
28.269	26.3624	4.92167	0.05777
25.3391	26.1784	4.92172	0.0577712
29.1279	22.9961	4.92168	0.0577894
32.7002	24.7062	4.92073	0.0578584
31.199	26.5464	4.921	0.0578407
33.7508	28.5944	4.92008	0.0580196
30.9343	31.8249	4.92098	0.0588557
30.7452	28.7831	4.92089	0.0579915
31.199	26.5464	4.921	0.0578407
33.7508	28.5944	4.92008	0.0580196
30.7452	28.7831	4.92089	0.0579915
37.4615	36.8646	4.92168	0.0649138
40.433	33.7485	4.92093	0.0601156
40.5769	36.8646	4.92149	0.0646891
36.8893	27.6505	4.92012	0.0580812
37.1553	30.6708	4.91995	0.0585837
33.7508	28.5944	4.92008	0.0580196
36.8893	27.6505	4.92012	0.0580812
39.9888	27.0985	4.92053	0.0581198
40.1941	30.6708	4.92053	0.0585125
34.9506	19.1174	4.91872	0.0579359
34.4425	16.5071	4.90984	0.0579413
37.1403	16.5071	4.91023	0.0579181
38.204	22.4261	4.92069	0.0579702
35.1786	22.6161	4.92037	0.0579302
36.4861	20.8667	4.91988	0.0579422
32.1075	19.1174	4.91906	0.0579135
28.8815	20.2128	4.92081	0.0578491
28.6113	17.5512	4.9163	0.0579125
38.204	22.4261	4.92069	0.0579702
35.7802	24.7062	4.9204	0.057951
35.1786	22.6161	4.92037	0.0579302
32.7002	24.7062	4.92073	0.0578584
29.1279	22.9961	4.92168	0.0577894
32.4267	21.856	4.92076	0.0578817
45.7731	27.8393	4.92136	0.0582242
48.1005	24.7062	4.92132	0.058074
48.7787	27.6505	4.92124	0.0582192
38.8603	24.7062	4.92049	0.0580225
41.2294	22.236	4.9209	0.0579655
41.9404	24.7062	4.92097	0.0580479
38.8603	24.7062	4.92049	0.0580225
38.204	22.4261	4.92069	0.0579702
41.2294	22.236	4.9209	0.0579655
36.8893	27.6505	4.92012	0.0580812
38.8603	24.7062	4.92049	0.0580225
39.9888	27.0985	4.92053	0.0581198
35.7802	24.7062	4.9204	0.057951
38.204	22.4261	4.92069	0.0579702
38.8603	24.7062	4.92049	0.0580225
33.7508	28.5944	4.92008	0.0580196
35.7802	24.7062	4.9204	0.057951
36.8893	27.6505	4.92012	0.0580812
32.7002	24.7062	4.92073	0.0578584
32.4267	21.856	4.92076	0.0578817
35.1786	22.6161	4.92037	0.0579302
37.7936	19.1174	4.91867	0.0579234
40.5089	19.4825	4.91968	0.0579022
38.204	22.4261	4.92069	0.0579702
35.1786	22.6161	4.92037	0.0579302
32.4267	21.856	4.92076	0.0578817
34.9506	19.1174	4.91872	0.0579359
36.4861	20.8667	4.91988	0.0579422
35.1786	22.6161	4.92037	0.0579302
34.9506	19.1174	4.91872	0.0579359
37.7936	19.1174	4.91867	0.0579234
36.4861	20.8667	4.91988	0.0579422
34.9506	19.1174	4.91872	0.0579359
37.7936	19.1174	4.91867	0.0579234
38.204	22.4261	4.92069	0.0579702
36.4861	20.8667	4.91988	0.0579422
35.7802	24.7062	4.9204	0.057951
32.7002	24.7062	4.92073	0.0578584
35.1786	22.6161	4.92037	0.0579302
33.7508	28.5944	4.92008	0.0580196
32.7002	24.7062	4.92073	0.0578584
35.7802	24.7062	4.9204	0.057951
29.1279	22.9961	4.92168	0.0577894
28.8815	20.2128	4.92081	0.0578491
32.4267	21.856	4.92076	0.0578817
37.1403	16.5071	4.91023	0.0579181
39.693	16.8552	4.9133	0.0578812
37.7936	19.1174	4.91867	0.0579234
44.3095	21.856	4.92118	0.0579431
47.2801	21.856	4.92134	0.0579578
45.0204	24.7062	4.92141	0.0580564
41.9404	24.7062	4.92097	0.0580479
44.3095	21.856	4.92118	0.0579431
45.0204	24.7062	4.92141	0.0580564
43.4158	19.3	4.92002	0.0578696
46.3226	19.1174	4.92046	0.057867
44.3095	21.856	4.92118	0.0579431
28.0866	46.2515	4.92768	0.0973812
31.0776	49.3292	4.92651	0.0995343
28.0388	49.3292	4.92656	0.0990558
25	43.1354	4.91143	0.0853519
28.1154	43.1354	4.92577	0.090305
28.0866	46.2515	4.92768	0.0973812
37.3464	46.2515	1.0004	0.0196519
34.3294	43.6157	1.00033	0.0187635
37.5191	43.9145	1.00022	0.0186743
31.226	43.7137	4.92667	0.092795
31.2788	41.1758	4.92554	0.084985
34.3294	43.6157	1.00033	0.0187635
28.0866	46.2515	4.92768	0.0973812
31.226	43.7137	4.92667	0.092795
31.1732	46.2515	4.92733	0.0976295
28.1154	43.1354	4.92577	0.090305
31.2788	41.1758	4.92554	0.084985
31.226	43.7137	4.92667	0.092795
25	46.2515	4.9225	0.0949016
25	43.1354	4.91143	0.0853519
28.0866	46.2515	4.92768	0.0973812
28.125	40	4.91947	0.0733748
31.2788	41.1758	4.92554	0.084985
28.1154	43.1354	4.92577	0.090305
28.125	40	4.91947	0.0733748
31.2019	38.0404	4.92333	0.0690368
31.2788	41.1758	4.92554	0.084985
31.2019	38.0404	4.92333	0.0690368
34.399	40.9798	4.925	0.0834113
31.2788	41.1758	4.92554	0.084985
28.0866	33.7485	4.92193	0.0601975
31.3171	35.696	4.92223	0.0633945
28.1154	36.8646	4.92226	0.0651017
37.3464	33.7485	4.92043	0.0602924
37.1553	30.6708	4.91995	0.0585837
40.1941	30.6708	4.92053	0.0585125
37.4615	36.8646	4.92168	0.0649138
37.3464	33.7485	4.92043	0.0602924
40.433	33.7485	4.92093	0.0601156
37.4615	36.8646	4.92168	0.0649138
34.3221	37.8444	4.92254	0.0680004
34.1596	34.7385	4.92099	0.0616889
34.1596	34.7385	4.92099	0.0616889
33.997	31.6326	4.92024	0.0589274
37.3464	33.7485	4.92043	0.0602924
31.3171	35.696	4.92223	0.0633945
34.1596	34.7385	4.92099	0.0616889
34.3221	37.8444	4.92254	0.0680004
31.3171	35.696	4.92223	0.0633945
30.9343	31.8249	4.92098	0.0588557
34.1596	34.7385	4.92099	0.0616889
30.9343	31.8249	4.92098	0.0588557
33.7508	28.5944	4.92008	0.0580196
33.997	31.6326	4.92024	0.0589274
40.433	46.2515	4.92728	0.0965935
40.6201	43.7197	4.92652	0.0921276
43.5196	46.2515	4.92774	0.0968766
46.8029	37.0605	4.92065	0.0660866
43.75	40	4.92289	0.0740473
43.6827	37.2565	4.9214	0.0659156
49.9231	43.1354	4.92552	0.0913404
46.8798	40.196	4.92291	0.0811616
50	40	4.92211	0.0751151
49.9231	43.1354	4.92552	0.0913404
49.6928	46.2515	4.92813	0.0978067
46.8077	43.1354	4.92596	0.0914803
25	43.1354	4.91143	0.0853519
25	46.2515	4.9225	0.0949016
22.0142	44.8882	4.89272	0.0862198
25	40	4.89427	0.0684933
25	43.1354	4.91143	0.0853519
21.9183	41.7637	4.83624	0.0721627
25	40	4.89427	0.0684933
28.1154	43.1354	4.92577	0.090305
25	43.1354	4.91143	0.0853519
31.2019	38.0404	4.92333	0.0690368
28.125	40	4.91947	0.0733748
28.1154	36.8646	4.92226	0.0651017
28.1154	43.1354	4.92577	0.090305
31.226	43.7137	4.92667	0.092795
28.0866	46.2515	4.92768	0.0973812
18.7981	41.9596	0.23861	0.0672474
15.601	39.0202	0.241326	0.0560867
18.7212	38.8242	0.21285	0.0535972
17.2523	44.2036	4.86043	0.0779678
15.7402	46.2515	4.91085	0.0869194
14.1489	44.3016	4.90407	0.0816229
18.7981	41.9596	0.23861	0.0672474
17.2523	44.2036	4.86043	0.0779678
15.6779	42.1556	4.83804	0.0704717
18.8268	46.2515	4.90055	0.0881144
15.7402	46.2515	4.91085	0.0869194
17.2523	44.2036	4.86043	0.0779678
21.7462	47.598	4.91987	0.0960813
18.8268	46.2515	4.90055	0.0881144
22.0142	44.8882	4.89272	0.0862198
21.7462	47.598	4.91987	0.0960813
18.9224	49.3292	4.92344	0.0962466
18.8268	46.2515	4.90055	0.0881144
15.6779	42.1556	4.83804	0.0704717
15.601	39.0202	0.241326	0.0560867
18.7981	41.9596	0.23861	0.0672474
18.8268	46.2515	4.90055	0.0881144
17.2523	44.2036	4.86043	0.0779678
18.7981	41.9596	0.23861	0.0672474
14.1489	44.3016	4.90407	0.0816229
12.6536	46.2515	4.92242	0.0882643
12.5577	42.3516	4.90459	0.0779163
15.6779	42.1556	4.83804	0.0704717
14.1489	44.3016	4.90407	0.0816229
12.5577	42.3516	4.90459	0.0779163
15.7402	46.2515	4.91085	0.0869194
12.6536	46.2515	4.92242	0.0882643
14.1489	44.3016	4.90407	0.0816229
12.7118	50.0843	4.92564	0.0937488
12.6536	46.2515	4.92242	0.0882643
15.8835	49.3292	4.92523	0.0937743
16.083	52.3495	4.92224	0.0969325
13.1107	52.3495	4.92128	0.0958182
15.8835	49.3292	4.92523	0.0937743
18.9224	49.3292	4.92344	0.0962466
16.083	52.3495	4.92224	0.0969325
15.8835	49.3292	4.92523	0.0937743
13.1107	52.3495	4.92128	0.0958182
10.6893	54.7417	4.90375	0.09871
10.1383	52.3495	4.92055	0.0958115
15.8835	49.3292	4.92523	0.0937743
13.1107	52.3495	4.92128	0.0958182
12.7118	50.0843	4.92564	0.0937488
14.2198	55.2938	4.89797	0.10246
10.6893	54.7417	4.90375	0.09871
13.1107	52.3495	4.92128	0.0958182
17.0264	56.2438	4.88691	0.107875
14.2198	55.2938	4.89797	0.10246
16.083	52.3495	4.92224	0.0969325
17.2808	59.0298	4.78961	0.142685
17.5295	61.7527	0.120415	4.72632
15.0494	60.8826	0.136828	0.165335
17.0264	56.2438	4.88691	0.107875
17.2808	59.0298	4.78961	0.142685
14.6026	58.144	4.81517	0.12374
17.0264	56.2438	4.88691	0.107875
20.0518	56.4338	4.88801	0.109327
17.2808	59.0298	4.78961	0.142685
7.16598	52.3495	4.92108	0.0974638
8.05963	55.2938	4.89553	0.0995683
4.92487	55.4838	4.89853	0.103193
6.76709	49.3292	4.92703	0.0960849
7.16598	52.3495	4.92108	0.0974638
4.19365	52.3495	4.92307	0.099851
10.1383	52.3495	4.92055	0.0958115
8.05963	55.2938	4.89553	0.0995683
7.16598	52.3495	4.92108	0.0974638
12.7118	50.0843	4.92564	0.0937488
10.1383	52.3495	4.92055	0.0958115
9.70619	49.8955	4.92553	0.094238
10.6893	54.7417	4.90375	0.09871
8.05963	55.2938	4.89553	0.0995683
10.1383	52.3495	4.92055	0.0958115
12.5577	42.3516	4.90459	0.0779163
12.5	40	4.88205	0.0653216
15.6779	42.1556	4.83804	0.0704717
9.61019	45.6673	4.92701	0.0892937
12.5577	42.3516	4.90459	0.0779163
12.6536	46.2515	4.92242	0.0882643
9.61019	45.6673	4.92701	0.0892937
6.31731	42.7435	4.92502	0.0840811
9.4375	42.5475	4.92325	0.0824303
-3.10282e-28	40	4.92346	0.079106
3.125	40	4.92273	0.0726996
3.19711	42.9395	4.92479	0.0853833
-3.10282e-28	40	4.92346	0.079106
0.076922	36.8646	4.92125	0.0660011
3.125	40	4.92273	0.0726996
46.6062	46.2515	4.92779	0.0970182
46.2717	49.3292	4.92774	0.0962124
43.5196	46.2515	4.92774	0.0968766
43.6923	43.1354	4.92568	0.0905992
46.6062	46.2515	4.92779	0.0970182
43.5196	46.2515	4.92774	0.0968766
49.6928	46.2515	4.92813	0.0978067
49.3105	49.3292	4.92821	0.0967557
46.6062	46.2515	4.92779	0.0970182
27.4517	72.3429	0.0623563	0.0775397
25	72.3429	0.0622639	0.0800925
27.0253	69.2491	0.0635935	0.11155
24.7277	76.3587	0.0620713	0.0634848
26.189	74.0896	0.0621956	0.0694627
27.2733	75.6267	0.0621924	0.0645582
24.7277	76.3587	0.0620713	0.0634848
23.0327	74.7883	0.0620419	0.0686418
26.189	74.0896	0.0621956	0.0694627
23.0339	79.8761	0.0619516	0.0607765
21.0802	79.5053	0.0618766	0.0612513
21.6827	78.0345	0.0618959	0.0616877
19.6759	76.9444	0.0618522	0.0627013
19.0551	74.0896	0.0619719	0.0709157
21.4331	74.0896	0.0620262	0.0723532
19.6759	76.9444	0.0618522	0.0627013
18.1801	75.6267	0.0618819	0.0654219
19.0551	74.0896	0.0619719	0.0709157
21.4331	74.0896	0.0620262	0.0723532
23.0327	74.7883	0.0620419	0.0686418
22.3999	76.5052	0.0619558	0.0638382
20.0967	72.3429	0.0621576	0.0862022
22.5483	72.3429	0.0622078	0.0876453
21.4331	74.0896	0.0620262	0.0723532
16.5527	73.7985	0.0619569	0.069528
17.645	72.3429	0.0621077	0.0776764
19.0551	74.0896	0.0619719	0.0709157
19.193	69.7412	0.0629857	0.120911
21.8037	69.5771	0.0638923	4.55799
20.0967	72.3429	0.0621576	0.0862022
21.8037	69.5771	0.0638923	4.55799
23.75	70.3973	0.0627075	0.105964
22.5483	72.3429	0.0622078	0.0876453
21.6827	78.0345	0.0618959	0.0616877
19.1515	78.89	0.0618261	0.0616098
19.6759	76.9444	0.0618522	0.0627013
22.3999	76.5052	0.0619558	0.0638382
19.6759	76.9444	0.0618522	0.0627013
21.4331	74.0896	0.0620262	0.0723532
22.3999	76.5052	0.0619558	0.0638382
21.6827	78.0345	0.0618959	0.0616877
19.6759	76.9444	0.0618522	0.0627013
24.7277	76.3587	0.0620713	0.0634848
22.3999	76.5052	0.0619558	0.0638382
23.0327	74.7883	0.0620419	0.0686418
24.7277	76.3587	0.0620713	0.0634848
24.9752	78.5234	0.0620588	0.0610576
23.329	78.279	0.0619713	0.0613688
21.0802	79.5053	0.0618766	0.0612513
19.1515	78.89	0.0618261	0.0616098
21.6827	78.0345	0.0618959	0.0616877
25	80	0.0620562	0.06072
24.9752	78.5234	0.0620588	0.0610576
26.9661	79.8761	0.062155	0.0605473
19.6759	76.9444	0.0618522	0.0627013
19.1515	78.89	0.0618261	0.0616098
17.2597	78.0345	0.0618238	0.0625045
28.3173	78.0345	0.0622166	0.0611931
30.8485	78.89	0.0622435	0.0613045
28.9198	79.5053	0.0622214	0.0608767
18.1801	75.6267	0.0618819	0.0654219
19.6759	76.9444	0.0618522	0.0627013
17.2597	78.0345	0.0618238	0.0625045
15.4167	76.9444	0.0618482	0.06364
18.1801	75.6267	0.0618819	0.0654219
17.2597	78.0345	0.0618238	0.0625045
23.0327	74.7883	0.0620419	0.0686418
21.4331	74.0896	0.0620262	0.0723532
22.5483	72.3429	0.0622078	0.0876453
15.4167	76.9444	0.0618482	0.06364
16.5527	73.7985	0.0619569	0.069528
18.1801	75.6267	0.0618819	0.0654219
20.0967	72.3429	0.0621576	0.0862022
21.8037	69.5771	0.0638923	4.55799
22.5483	72.3429	0.0622078	0.0876453
15.4167	76.9444	0.0618482	0.06364
13.6336	75.6267	0.0619053	0.0673177
14.237	73.9441	0.061941	0.0694835
29.3832	76.0659	0.0622332	0.0634674
31.3712	77.1646	0.0622276	0.0623484
28.3173	78.0345	0.0622166	0.0611931
31.9219	75.3472	0.062127	0.0649149
34.5833	76.9444	0.0621392	0.0635842
32.7403	78.0345	0.0622284	0.0620551
14.237	73.9441	0.061941	0.0694835
11.9212	74.0896	0.0619506	0.0722346
12.7417	72.3429	0.0620156	0.0762956
11.25	70.3973	0.0623051	0.0915847
12.7417	72.3429	0.0620156	0.0762956
10.2901	72.3429	0.062064	0.0823587
17.645	72.3429	0.0621077	0.0776764
16.5527	73.7985	0.0619569	0.069528
15.1934	72.3429	0.0620588	0.0750921
19.193	69.7412	0.0629857	0.120911
17.645	72.3429	0.0621077	0.0776764
16.25	70.3973	0.0625071	0.0901909
20.0967	72.3429	0.0621576	0.0862022
19.0551	74.0896	0.0619719	0.0709157
17.645	72.3429	0.0621077	0.0776764
19.0551	74.0896	0.0619719	0.0709157
18.1801	75.6267	0.0618819	0.0654219
16.5527	73.7985	0.0619569	0.069528
32.355	72.3429	0.0609453	0.0747143
34.8066	72.3429	0.0597114	0.0731206
33.3228	74.0896	0.0617152	0.0678752
33.3228	74.0896	0.0617152	0.0678752
31.9219	75.3472	0.062127	0.0649149
30.9297	73.8705	0.0620636	0.0691199
35.7008	74.0896	0.0612681	0.068757
33.3228	74.0896	0.0617152	0.0678752
34.8066	72.3429	0.0597114	0.0731206
34.5833	76.9444	0.0621392	0.0635842
31.9219	75.3472	0.062127	0.0649149
33.3228	74.0896	0.0617152	0.0678752
17.4187	68.2649	0.0641916	0.136211
14.8915	68.2649	0.0635944	0.123562
16.8484	65.9587	0.0697205	4.70763
16.25	70.3973	0.0625071	0.0901909
13.513	70.6966	0.0622422	0.0851286
14.8915	68.2649	0.0635944	0.123562
19.193	69.7412	0.0629857	0.120911
16.25	70.3973	0.0625071	0.0901909
17.4187	68.2649	0.0641916	0.136211
15.1934	72.3429	0.0620588	0.0750921
14.237	73.9441	0.061941	0.0694835
12.7417	72.3429	0.0620156	0.0762956
17.645	72.3429	0.0621077	0.0776764
15.1934	72.3429	0.0620588	0.0750921
16.25	70.3973	0.0625071	0.0901909
16.5527	73.7985	0.0619569	0.069528
14.237	73.9441	0.061941	0.0694835
15.1934	72.3429	0.0620588	0.0750921
12.7417	72.3429	0.0620156	0.0762956
11.25	70.3973	0.0623051	0.0915847
13.513	70.6966	0.0622422	0.0851286
8.74996	70.3973	0.0625215	0.103109
11.25	70.3973	0.0623051	0.0915847
10.2901	72.3429	0.062064	0.0823587
12.3644	68.2649	0.0634769	0.122828
13.846	66.4528	0.0665505	0.151714
14.8915	68.2649	0.0635944	0.123562
9.83732	68.2649	0.0635183	0.135984
12.3644	68.2649	0.0634769	0.122828
11.25	70.3973	0.0623051	0.0915847
9.83732	68.2649	0.0635183	0.135984
11.414	65.9587	0.0688905	4.66598
12.3644	68.2649	0.0634769	0.122828
9.83732	68.2649	0.0635183	0.135984
11.25	70.3973	0.0623051	0.0915847
8.74996	70.3973	0.0625215	0.103109
14.8915	68.2649	0.0635944	0.123562
13.513	70.6966	0.0622422	0.0851286
12.3644	68.2649	0.0634769	0.122828
15.1934	72.3429	0.0620588	0.0750921
12.7417	72.3429	0.0620156	0.0762956
13.513	70.6966	0.0622422	0.0851286
15.4167	76.9444	0.0618482	0.06364
14.237	73.9441	0.061941	0.0694835
16.5527	73.7985	0.0619569	0.069528
13.6336	75.6267	0.0619053	0.0673177
11.9212	74.0896	0.0619506	0.0722346
14.237	73.9441	0.061941	0.0694835
11.9212	74.0896	0.0619506	0.0722346
10.2901	72.3429	0.062064	0.0823587
12.7417	72.3429	0.0620156	0.0762956
7.31021	68.2649	0.0643841	0.155642
9.83732	68.2649	0.0635183	0.135984
8.74996	70.3973	0.0625215	0.103109
7.31021	68.2649	0.0643841	0.155642
5.97957	65.9587	0.0723601	4.6235
8.78345	65.7825	0.0699532	4.68595
28.3173	78.0345	0.0622166	0.0611931
28.9198	79.5053	0.0622214	0.0608767
26.9661	79.8761	0.062155	0.0605473
31.3712	77.1646	0.0622276	0.0623484
31.9219	75.3472	0.062127	0.0649149
32.7403	78.0345	0.0622284	0.0620551
28.3173	78.0345	0.0622166	0.0611931
31.3712	77.1646	0.0622276	0.0623484
30.8485	78.89	0.0622435	0.0613045
29.3832	76.0659	0.0622332	0.0634674
31.9219	75.3472	0.062127	0.0649149
31.3712	77.1646	0.0622276	0.0623484
27.2733	75.6267	0.0621924	0.0645582
29.3832	76.0659	0.0622332	0.0634674
28.3173	78.0345	0.0622166	0.0611931
28.5669	74.0896	0.0622337	0.0687441
29.9033	72.3429	0.0620871	0.0773171
30.9297	73.8705	0.0620636	0.0691199
27.2733	75.6267	0.0621924	0.0645582
28.5669	74.0896	0.0622337	0.0687441
29.3832	76.0659	0.0622332	0.0634674
27.2733	75.6267	0.0621924	0.0645582
26.189	74.0896	0.0621956	0.0694627
28.5669	74.0896	0.0622337	0.0687441
26.2439	77.6257	0.0621322	0.0616502
27.2733	75.6267	0.0621924	0.0645582
28.3173	78.0345	0.0622166	0.0611931
26.9661	79.8761	0.062155	0.0605473
26.2439	77.6257	0.0621322	0.0616502
28.3173	78.0345	0.0622166	0.0611931
24.9752	78.5234	0.0620588	0.0610576
24.7277	76.3587	0.0620713	0.0634848
26.2439	77.6257	0.0621322	0.0616502
31.0572	70.658	0.0609213	0.0898454
30.0542	68.2649	0.0647106	4.58616
32.2468	68.921	0.0578502	0.105624
31.0572	70.658	0.0609213	0.0898454
28.75	70.3973	0.0626731	0.0957799
30.0542	68.2649	0.0647106	4.58616
33.75	70.3973	0.0566276	0.0806294
31.0572	70.658	0.0609213	0.0898454
32.2468	68.921	0.0578502	0.105624
29.9033	72.3429	0.0620871	0.0773171
28.75	70.3973	0.0626731	0.0957799
31.0572	70.658	0.0609213	0.0898454
30.9297	73.8705	0.0620636	0.0691199
29.9033	72.3429	0.0620871	0.0773171
32.355	72.3429	0.0609453	0.0747143
33.3228	74.0896	0.0617152	0.0678752
30.9297	73.8705	0.0620636	0.0691199
32.355	72.3429	0.0609453	0.0747143
31.9219	75.3472	0.062127	0.0649149
29.3832	76.0659	0.0622332	0.0634674
30.9297	73.8705	0.0620636	0.0691199
28.5669	74.0896	0.0622337	0.0687441
26.189	74.0896	0.0621956	0.0694627
27.4517	72.3429	0.0623563	0.0775397
25	72.3429	0.0622639	0.0800925
23.75	70.3973	0.0627075	0.105964
27.0253	69.2491	0.0635935	0.11155
26.9661	79.8761	0.062155	0.0605473
24.9752	78.5234	0.0620588	0.0610576
26.2439	77.6257	0.0621322	0.0616502
27.0253	69.2491	0.0635935	0.11155
24.3347	67.1118	0.0665242	0.159213
26.9568	67.2765	0.066734	0.136065
19.0904	66.7823	0.0674991	0.178801
19.999	65.078	0.0774065	4.74338
22.2828	65.9587	0.0705123	4.42236
17.4187	68.2649	0.0641916	0.136211
19.0904	66.7823	0.0674991	0.178801
19.193	69.7412	0.0629857	0.120911
17.4187	68.2649	0.0641916	0.136211
16.8484	65.9587	0.0697205	4.70763
19.0904	66.7823	0.0674991	0.178801
27.4517	72.3429	0.0623563	0.0775397
28.75	70.3973	0.0626731	0.0957799
29.9033	72.3429	0.0620871	0.0773171
28.5669	74.0896	0.0622337	0.0687441
27.4517	72.3429	0.0623563	0.0775397
29.9033	72.3429	0.0620871	0.0773171
26.189	74.0896	0.0621956	0.0694627
25	72.3429	0.0622639	0.0800925
27.4517	72.3429	0.0623563	0.0775397
27.0253	69.2491	0.0635935	0.11155
26.9568	67.2765	0.066734	0.136065
30.0542	68.2649	0.0647106	4.58616
27.4517	72.3429	0.0623563	0.0775397
27.0253	69.2491	0.0635935	0.11155
28.75	70.3973	0.0626731	0.0957799
23.75	70.3973	0.0627075	0.105964
24.3347	67.1118	0.0665242	0.159213
27.0253	69.2491	0.0635935	0.11155
34.8233	67.7707	0.0513126	0.105417
37.4455	67.9354	0.0555126	4.55344
36.25	70.3973	0.0556692	0.0845538
31.3712	77.1646	0.0622276	0.0623484
32.7403	78.0345	0.0622284	0.0620551
30.8485	78.89	0.0622435	0.0613045
23.329	78.279	0.0619713	0.0613688
22.3999	76.5052	0.0619558	0.0638382
24.7277	76.3587	0.0620713	0.0634848
23.0339	79.8761	0.0619516	0.0607765
23.329	78.279	0.0619713	0.0613688
24.9752	78.5234	0.0620588	0.0610576
21.6827	78.0345	0.0618959	0.0616877
22.3999	76.5052	0.0619558	0.0638382
23.329	78.279	0.0619713	0.0613688
21.6827	78.0345	0.0618959	0.0616877
23.329	78.279	0.0619713	0.0613688
23.0339	79.8761	0.0619516	0.0607765
25	72.3429	0.0622639	0.0800925
26.189	74.0896	0.0621956	0.0694627
23.0327	74.7883	0.0620419	0.0686418
27.2733	75.6267	0.0621924	0.0645582
26.2439	77.6257	0.0621322	0.0616502
24.7277	76.3587	0.0620713	0.0634848
25	80	0.0620562	0.06072
23.0339	79.8761	0.0619516	0.0607765
24.9752	78.5234	0.0620588	0.0610576
35.7008	74.0896	0.0612681	0.068757
37.3942	72.4885	0.0596525	0.0748631
38.0788	74.0896	0.0606191	0.0717171
34.5833	76.9444	0.0621392	0.0635842
35.7008	74.0896	0.0612681	0.068757
36.3664	75.6267	0.0615798	0.0671722
34.8066	72.3429	0.0597114	0.0731206
37.3942	72.4885	0.0596525	0.0748631
35.7008	74.0896	0.0612681	0.068757
34.5833	76.9444	0.0621392	0.0635842
33.3228	74.0896	0.0617152	0.0678752
35.7008	74.0896	0.0612681	0.068757
33.75	70.3973	0.0566276	0.0806294
36.25	70.3973	0.0556692	0.0845538
34.8066	72.3429	0.0597114	0.0731206
35.7008	74.0896	0.0612681	0.068757
38.0788	74.0896	0.0606191	0.0717171
36.3664	75.6267	0.0615798	0.0671722
37.4455	67.9354	0.0555126	4.55344
38.75	70.3973	0.0576074	0.088073
36.25	70.3973	0.0556692	0.0845538
39.7099	72.3429	0.0591688	0.079328
38.0788	74.0896	0.0606191	0.0717171
37.3942	72.4885	0.0596525	0.0748631
36.25	70.3973	0.0556692	0.0845538
33.75	70.3973	0.0566276	0.0806294
34.8233	67.7707	0.0513126	0.105417
37.3942	72.4885	0.0596525	0.0748631
36.25	70.3973	0.0556692	0.0845538
38.75	70.3973	0.0576074	0.088073
37.3942	72.4885	0.0596525	0.0748631
34.8066	72.3429	0.0597114	0.0731206
36.25	70.3973	0.0556692	0.0845538
15.5575	63.4929	0.0899238	4.72144
16.8484	65.9587	0.0697205	4.70763
13.846	66.4528	0.0665505	0.151714
11.414	65.9587	0.0688905	4.66598
12.8597	63.4929	0.0834973	0.165186
13.846	66.4528	0.0665505	0.151714
15.0494	60.8826	0.136828	0.165335
17.5295	61.7527	0.120415	4.72632
15.5575	63.4929	0.0899238	4.72144
15.5575	63.4929	0.0899238	4.72144
17.5295	61.7527	0.120415	4.72632
16.8484	65.9587	0.0697205	4.70763
11.6319	58.144	4.80699	0.119451
14.6026	58.144	4.81517	0.12374
12.3979	60.3349	0.147938	4.63586
14.6026	58.144	4.81517	0.12374
17.2808	59.0298	4.78961	0.142685
15.0494	60.8826	0.136828	0.165335
20.363	63.0044	0.101831	4.76509
19.999	65.078	0.0774065	4.74338
17.5295	61.7527	0.120415	4.72632
20.7355	60.8826	0.153767	4.71867
20.363	63.0044	0.101831	4.76509
17.5295	61.7527	0.120415	4.72632
20.7355	60.8826	0.153767	4.71867
23.0704	62.1007	0.118835	0.195898
20.363	63.0044	0.101831	4.76509
11.6319	58.144	4.80699	0.119451
10.6893	54.7417	4.90375	0.09871
14.2198	55.2938	4.89797	0.10246
9.3634	60.8826	0.131977	0.138629
11.6319	58.144	4.80699	0.119451
12.3979	60.3349	0.147938	4.63586
8.66123	58.144	4.80795	0.108799
10.6893	54.7417	4.90375	0.09871
11.6319	58.144	4.80699	0.119451
5.69054	58.144	4.81997	0.112972
4.92487	55.4838	4.89853	0.103193
8.05963	55.2938	4.89553	0.0995683
6.4478	61.0566	0.13299	0.138825
5.69054	58.144	4.81997	0.112972
8.66123	58.144	4.80795	0.108799
3.67737	60.8826	0.157304	3.81776
2.71986	58.144	4.84617	0.114137
5.69054	58.144	4.81997	0.112972
36.8222	64.0212	0.0737041	0.123509
39.6261	63.8451	0.0747234	0.113338
38.586	65.9587	0.0603546	0.115679
34.1521	62.7968	0.101326	4.63142
36.8222	64.0212	0.0737041	0.123509
35.8688	65.9587	0.0591422	2.66623
37.7936	60.8826	0.136449	0.103767
39.6261	63.8451	0.0747234	0.113338
36.8222	64.0212	0.0737041	0.123509
38.75	70.3973	0.0576074	0.088073
40.1627	68.2649	0.0574257	0.103512
41.25	70.3973	0.0578661	0.086499
37.3942	72.4885	0.0596525	0.0748631
38.75	70.3973	0.0576074	0.088073
39.7099	72.3429	0.0591688	0.079328
37.4455	67.9354	0.0555126	4.55344
40.1627	68.2649	0.0574257	0.103512
38.75	70.3973	0.0576074	0.088073
35.8688	65.9587	0.0591422	2.66623
37.4455	67.9354	0.0555126	4.55344
34.8233	67.7707	0.0513126	0.105417
33.1516	65.9587	0.0635381	0.133756
35.8688	65.9587	0.0591422	2.66623
34.8233	67.7707	0.0513126	0.105417
34.1521	62.7968	0.101326	4.63142
34.9506	60.8826	0.145178	0.130042
36.8222	64.0212	0.0737041	0.123509
38.75	70.3973	0.0576074	0.088073
41.25	70.3973	0.0578661	0.086499
39.7099	72.3429	0.0591688	0.079328
38.586	65.9587	0.0603546	0.115679
40.1627	68.2649	0.0574257	0.103512
37.4455	67.9354	0.0555126	4.55344
41.3032	65.9587	0.0623414	0.114719
42.6898	68.2649	0.0586198	0.103249
40.1627	68.2649	0.0574257	0.103512
41.3032	65.9587	0.0623414	0.114719
44.0204	65.9587	0.0662549	0.262943
42.6898	68.2649	0.0586198	0.103249
41.25	70.3973	0.0578661	0.086499
40.1627	68.2649	0.0574257	0.103512
42.6898	68.2649	0.0586198	0.103249
36.8222	64.0212	0.0737041	0.123509
34.9506	60.8826	0.145178	0.130042
37.7936	60.8826	0.136449	0.103767
2.71986	58.144	4.84617	0.114137
4.92487	55.4838	4.89853	0.103193
5.69054	58.144	4.81997	0.112972
8.66123	58.144	4.80795	0.108799
8.05963	55.2938	4.89553	0.0995683
10.6893	54.7417	4.90375	0.09871
6.4478	61.0566	0.13299	0.138825
8.66123	58.144	4.80795	0.108799
9.3634	60.8826	0.131977	0.138629
5.69054	58.144	4.81997	0.112972
8.05963	55.2938	4.89553	0.0995683
8.66123	58.144	4.80795	0.108799
1.8995	55.2938	4.9084	0.103041
4.92487	55.4838	4.89853	0.103193
2.71986	58.144	4.84617	0.114137
1.8995	55.2938	4.9084	0.103041
1.22131	52.3495	4.92406	0.0995386
4.19365	52.3495	4.92307	0.099851
41.3032	65.9587	0.0623414	0.114719
42.43	63.669	0.0805541	4.58593
44.0204	65.9587	0.0662549	0.262943
43.4796	60.8826	0.136735	0.113365
40.6366	60.8826	0.13428	0.107822
41.4664	58.5091	4.80146	0.0965026
45.2338	63.4929	0.0904381	0.130376
43.4796	60.8826	0.136735	0.113365
46.3226	60.8826	0.153892	0.108136
42.43	63.669	0.0805541	4.58593
40.6366	60.8826	0.13428	0.107822
43.4796	60.8826	0.136735	0.113365
41.4664	58.5091	4.80146	0.0965026
38.5596	58.6917	4.79526	0.0963067
38.8603	55.2938	4.90244	0.0940015
46.3226	60.8826	0.153892	0.108136
43.4796	60.8826	0.136735	0.113365
44.2548	57.954	4.8289	0.0966593
42.43	63.669	0.0805541	4.58593
39.6261	63.8451	0.0747234	0.113338
40.6366	60.8826	0.13428	0.107822
44.0204	65.9587	0.0662549	0.262943
42.43	63.669	0.0805541	4.58593
45.2338	63.4929	0.0904381	0.130376
36.8222	64.0212	0.0737041	0.123509
38.586	65.9587	0.0603546	0.115679
35.8688	65.9587	0.0591422	2.66623
40.6366	60.8826	0.13428	0.107822
39.6261	63.8451	0.0747234	0.113338
37.7936	60.8826	0.136449	0.103767
38.586	65.9587	0.0603546	0.115679
37.4455	67.9354	0.0555126	4.55344
35.8688	65.9587	0.0591422	2.66623
41.3032	65.9587	0.0623414	0.114719
38.586	65.9587	0.0603546	0.115679
39.6261	63.8451	0.0747234	0.113338
41.3032	65.9587	0.0623414	0.114719
40.1627	68.2649	0.0574257	0.103512
38.586	65.9587	0.0603546	0.115679
32.2468	68.921	0.0578502	0.105624
30.4344	65.9587	0.070494	0.141583
33.1516	65.9587	0.0635381	0.133756
21.7285	50.6506	4.92437	0.0980848
19.0553	52.3495	4.9237	0.0981942
18.9224	49.3292	4.92344	0.0962466
21.7462	47.598	4.91987	0.0960813
21.7285	50.6506	4.92437	0.0980848
18.9224	49.3292	4.92344	0.0962466
15.8835	49.3292	4.92523	0.0937743
18.8268	46.2515	4.90055	0.0881144
18.9224	49.3292	4.92344	0.0962466
22.0142	44.8882	4.89272	0.0862198
25	46.2515	4.9225	0.0949016
21.7462	47.598	4.91987	0.0960813
24.7341	50.8393	4.92526	0.0989718
22.4091	54.0056	4.91569	0.0995233
21.7285	50.6506	4.92437	0.0980848
26.54	55.2938	4.9033	0.102608
26.4853	58.144	4.84016	0.12378
23.0771	56.6239	4.8864	0.10793
30.9447	52.3495	4.92361	0.100322
29.6201	55.2938	4.90901	0.100224
27.9723	52.3495	4.92266	0.0988482
26.4853	58.144	4.84016	0.12378
26.4215	60.8826	0.155981	4.67759
24.0253	59.6046	4.77256	0.144541
29.6201	55.2938	4.90901	0.100224
26.4853	58.144	4.84016	0.12378
26.54	55.2938	4.9033	0.102608
29.6201	55.2938	4.90901	0.100224
32.1533	57.1939	4.87048	0.106656
29.839	59.2394	4.80447	0.129319
17.2808	59.0298	4.78961	0.142685
20.7355	60.8826	0.153767	4.71867
17.5295	61.7527	0.120415	4.72632
23.0771	56.6239	4.8864	0.10793
20.3936	58.6582	4.81339	0.13988
20.0518	56.4338	4.88801	0.109327
23.0771	56.6239	4.8864	0.10793
24.0253	59.6046	4.77256	0.144541
20.3936	58.6582	4.81339	0.13988
39.0601	41.8598	4.92476	0.0850575
37.5191	43.9145	1.00022	0.0186743
37.5	40	4.92349	0.0734376
40.625	40	4.92307	0.0734046
39.0601	41.8598	4.92476	0.0850575
37.5	40	4.92349	0.0734376
40.6201	43.7197	4.92652	0.0921276
37.5191	43.9145	1.00022	0.0186743
39.0601	41.8598	4.92476	0.0850575
40.6201	43.7197	4.92652	0.0921276
40.433	46.2515	4.92728	0.0965935
37.5191	43.9145	1.00022	0.0186743
43.6923	43.1354	4.92568	0.0905992
40.6201	43.7197	4.92652	0.0921276
40.625	40	4.92307	0.0734046
43.6923	43.1354	4.92568	0.0905992
43.5196	46.2515	4.92774	0.0968766
40.6201	43.7197	4.92652	0.0921276
46.8798	40.196	4.92291	0.0811616
43.6923	43.1354	4.92568	0.0905992
43.75	40	4.92289	0.0740473
46.8077	43.1354	4.92596	0.0914803
49.6928	46.2515	4.92813	0.0978067
46.6062	46.2515	4.92779	0.0970182
37.5	40	4.92349	0.0734376
34.399	40.9798	4.925	0.0834113
34.3221	37.8444	4.92254	0.0680004
40.5769	36.8646	4.92149	0.0646891
37.5	40	4.92349	0.0734376
37.4615	36.8646	4.92168	0.0649138
40.625	40	4.92307	0.0734046
40.6201	43.7197	4.92652	0.0921276
39.0601	41.8598	4.92476	0.0850575
40.1224	48.7521	4.92795	0.0979645
37.0597	48.5598	1.00047	0.0199897
37.3464	46.2515	1.0004	0.0196519
34.1165	49.3292	1.00042	0.0201899
36.7564	51.5944	4.92625	0.0976597
34.1289	53.2696	4.92023	0.0981573
31.1732	46.2515	4.92733	0.0976295
34.1165	49.3292	1.00042	0.0201899
31.0776	49.3292	4.92651	0.0995343
28.0866	46.2515	4.92768	0.0973812
31.1732	46.2515	4.92733	0.0976295
31.0776	49.3292	4.92651	0.0995343
34.3294	43.6157	1.00033	0.0187635
34.399	40.9798	4.925	0.0834113
37.5191	43.9145	1.00022	0.0186743
31.1732	46.2515	4.92733	0.0976295
31.226	43.7137	4.92667	0.092795
34.2598	46.2515	1.00054	0.0199579
31.2788	41.1758	4.92554	0.084985
34.399	40.9798	4.925	0.0834113
34.3294	43.6157	1.00033	0.0187635
37.0597	48.5598	1.00047	0.0199897
36.7564	51.5944	4.92625	0.0976597
34.1165	49.3292	1.00042	0.0201899
37.3464	46.2515	1.0004	0.0196519
37.0597	48.5598	1.00047	0.0199897
34.2598	46.2515	1.00054	0.0199579
40.433	46.2515	4.92728	0.0965935
37.3464	46.2515	1.0004	0.0196519
37.5191	43.9145	1.00022	0.0186743
40.433	46.2515	4.92728	0.0965935
40.1224	48.7521	4.92795	0.0979645
37.3464	46.2515	1.0004	0.0196519
40.1224	48.7521	4.92795	0.0979645
36.7564	51.5944	4.92625	0.0976597
37.0597	48.5598	1.00047	0.0199897
46.2717	49.3292	4.92774	0.0962124
45.8487	52.5335	4.92308	0.0934714
43.2329	49.3292	4.92762	0.0966626
34.1165	49.3292	1.00042	0.0201899
34.1289	53.2696	4.92023	0.0981573
30.9447	52.3495	4.92361	0.100322
7.464	63.4929	0.0861624	4.3046
8.78345	65.7825	0.0699532	4.68595
5.97957	65.9587	0.0723601	4.6235
6.4478	61.0566	0.13299	0.138825
7.464	63.4929	0.0861624	4.3046
4.76616	63.4929	0.0931633	0.164186
6.4478	61.0566	0.13299	0.138825
9.3634	60.8826	0.131977	0.138629
7.464	63.4929	0.0861624	4.3046
12.3979	60.3349	0.147938	4.63586
10.1618	63.4929	0.0821397	0.164714
9.3634	60.8826	0.131977	0.138629
12.8597	63.4929	0.0834973	0.165186
15.0494	60.8826	0.136828	0.165335
15.5575	63.4929	0.0899238	4.72144
12.3644	68.2649	0.0634769	0.122828
13.513	70.6966	0.0622422	0.0851286
11.25	70.3973	0.0623051	0.0915847
16.8484	65.9587	0.0697205	4.70763
14.8915	68.2649	0.0635944	0.123562
13.846	66.4528	0.0665505	0.151714
17.4187	68.2649	0.0641916	0.136211
16.25	70.3973	0.0625071	0.0901909
14.8915	68.2649	0.0635944	0.123562
19.999	65.078	0.0774065	4.74338
19.0904	66.7823	0.0674991	0.178801
16.8484	65.9587	0.0697205	4.70763
19.193	69.7412	0.0629857	0.120911
20.0967	72.3429	0.0621576	0.0862022
17.645	72.3429	0.0621077	0.0776764
9.83732	68.2649	0.0635183	0.135984
8.78345	65.7825	0.0699532	4.68595
11.414	65.9587	0.0688905	4.66598
6.48041	46.2515	4.9266	0.0910283
3.72828	49.3292	4.92643	0.0959654
3.39381	46.2515	4.92618	0.0914559
9.70619	49.8955	4.92553	0.094238
6.76709	49.3292	4.92703	0.0960849
9.61019	45.6673	4.92701	0.0892937
9.70619	49.8955	4.92553	0.094238
10.1383	52.3495	4.92055	0.0958115
7.16598	52.3495	4.92108	0.0974638
13.1107	52.3495	4.92128	0.0958182
10.1383	52.3495	4.92055	0.0958115
12.7118	50.0843	4.92564	0.0937488
4.19365	52.3495	4.92307	0.099851
3.72828	49.3292	4.92643	0.0959654
6.76709	49.3292	4.92703	0.0960849
1.8995	55.2938	4.9084	0.103041
4.19365	52.3495	4.92307	0.099851
4.92487	55.4838	4.89853	0.103193
1.22131	52.3495	4.92406	0.0995386
3.72828	49.3292	4.92643	0.0959654
4.19365	52.3495	4.92307	0.099851
22.2828	65.9587	0.0705123	4.42236
23.0704	62.1007	0.118835	0.195898
25.6067	64.7258	0.0788853	4.51356
21.8037	69.5771	0.0638923	4.55799
22.2828	65.9587	0.0705123	4.42236
24.3347	67.1118	0.0665242	0.159213
19.999	65.078	0.0774065	4.74338
20.363	63.0044	0.101831	4.76509
22.2828	65.9587	0.0705123	4.42236
21.8037	69.5771	0.0638923	4.55799
19.193	69.7412	0.0629857	0.120911
19.0904	66.7823	0.0674991	0.178801
16.8484	65.9587	0.0697205	4.70763
17.5295	61.7527	0.120415	4.72632
19.999	65.078	0.0774065	4.74338
22.2828	65.9587	0.0705123	4.42236
20.363	63.0044	0.101831	4.76509
23.0704	62.1007	0.118835	0.195898
16.25	70.3973	0.0625071	0.0901909
15.1934	72.3429	0.0620588	0.0750921
13.513	70.6966	0.0622422	0.0851286
7.464	63.4929	0.0861624	4.3046
10.1618	63.4929	0.0821397	0.164714
8.78345	65.7825	0.0699532	4.68595
20.0518	56.4338	4.88801	0.109327
19.0553	52.3495	4.9237	0.0981942
22.4091	54.0056	4.91569	0.0995233
20.3936	58.6582	4.81339	0.13988
17.2808	59.0298	4.78961	0.142685
20.0518	56.4338	4.88801	0.109327
15.0494	60.8826	0.136828	0.165335
12.8597	63.4929	0.0834973	0.165186
12.3979	60.3349	0.147938	4.63586
9.3634	60.8826	0.131977	0.138629
8.66123	58.144	4.80795	0.108799
11.6319	58.144	4.80699	0.119451
9.70619	49.8955	4.92553	0.094238
7.16598	52.3495	4.92108	0.0974638
6.76709	49.3292	4.92703	0.0960849
13.1107	52.3495	4.92128	0.0958182
16.083	52.3495	4.92224	0.0969325
14.2198	55.2938	4.89797	0.10246
23.0771	56.6239	4.8864	0.10793
22.4091	54.0056	4.91569	0.0995233
26.54	55.2938	4.9033	0.102608
20.7355	60.8826	0.153767	4.71867
20.3936	58.6582	4.81339	0.13988
24.0253	59.6046	4.77256	0.144541
20.0518	56.4338	4.88801	0.109327
22.4091	54.0056	4.91569	0.0995233
23.0771	56.6239	4.8864	0.10793
20.7355	60.8826	0.153767	4.71867
17.2808	59.0298	4.78961	0.142685
20.3936	58.6582	4.81339	0.13988
17.0264	56.2438	4.88691	0.107875
19.0553	52.3495	4.9237	0.0981942
20.0518	56.4338	4.88801	0.109327
6.30769	36.8646	4.92082	0.0643883
6.24038	39.6081	4.92243	0.0706072
3.19231	36.8646	4.92108	0.0652391
9.49534	33.1714	4.91895	0.0592192
9.42308	36.8646	4.91544	0.062963
6.43263	33.3637	4.92048	0.0598061
6.31731	42.7435	4.92502	0.0840811
3.125	40	4.92273	0.0726996
6.24038	39.6081	4.92243	0.0706072
9.4375	42.5475	4.92325	0.0824303
12.5	40	4.88205	0.0653216
12.5577	42.3516	4.90459	0.0779163
6.30769	36.8646	4.92082	0.0643883
9.36058	39.4121	4.91691	0.0683235
6.24038	39.6081	4.92243	0.0706072
9.42308	36.8646	4.91544	0.062963
12.5385	36.8646	4.88484	0.0592295
9.36058	39.4121	4.91691	0.0683235
15.8122	34.7222	4.86567	0.0542776
12.5385	36.8646	4.88484	0.0592295
12.7112	34.5275	4.90489	0.057956
9.4375	42.5475	4.92325	0.0824303
12.5577	42.3516	4.90459	0.0779163
9.61019	45.6673	4.92701	0.0892937
6.24038	39.6081	4.92243	0.0706072
9.4375	42.5475	4.92325	0.0824303
6.31731	42.7435	4.92502	0.0840811
9.36058	39.4121	4.91691	0.0683235
12.5	40	4.88205	0.0653216
9.4375	42.5475	4.92325	0.0824303
15.601	39.0202	0.241326	0.0560867
12.5	40	4.88205	0.0653216
12.5385	36.8646	4.88484	0.0592295
15.601	39.0202	0.241326	0.0560867
15.6779	42.1556	4.83804	0.0704717
12.5	40	4.88205	0.0653216
6.48041	46.2515	4.9266	0.0910283
6.76709	49.3292	4.92703	0.0960849
3.72828	49.3292	4.92643	0.0959654
6.31731	42.7435	4.92502	0.0840811
6.48041	46.2515	4.9266	0.0910283
3.39381	46.2515	4.92618	0.0914559
9.61019	45.6673	4.92701	0.0892937
6.76709	49.3292	4.92703	0.0960849
6.48041	46.2515	4.9266	0.0910283
12.7118	50.0843	4.92564	0.0937488
9.70619	49.8955	4.92553	0.094238
11.1799	48.0735	4.9258	0.0916376
3.19711	42.9395	4.92479	0.0853833
0.076922	43.1354	4.92534	0.0866218
-3.10282e-28	40	4.92346	0.079106
6.31731	42.7435	4.92502	0.0840811
3.19711	42.9395	4.92479	0.0853833
3.125	40	4.92273	0.0726996
3.39381	46.2515	4.92618	0.0914559
0.307214	46.2515	4.92596	0.091507
3.19711	42.9395	4.92479	0.0853833
45.0204	55.2938	4.9024	0.0933524
41.9404	55.2938	4.90024	0.0933881
42.834	52.3495	4.92304	0.0942089
48.1005	55.2938	4.90896	0.0930451
45.0204	55.2938	4.9024	0.0933524
45.8487	52.5335	4.92308	0.0934714
44.2548	57.954	4.8289	0.0966593
41.9404	55.2938	4.90024	0.0933881
45.0204	55.2938	4.9024	0.0933524
46.3226	60.8826	0.153892	0.108136
44.2548	57.954	4.8289	0.0966593
47.2801	58.144	4.84709	0.0966515
41.4664	58.5091	4.80146	0.0965026
38.8603	55.2938	4.90244	0.0940015
41.9404	55.2938	4.90024	0.0933881
27.9723	52.3495	4.92266	0.0988482
28.0388	49.3292	4.92656	0.0990558
30.9447	52.3495	4.92361	0.100322
19.0553	52.3495	4.9237	0.0981942
21.7285	50.6506	4.92437	0.0980848
22.4091	54.0056	4.91569	0.0995233
25	46.2515	4.9225	0.0949016
28.0388	49.3292	4.92656	0.0990558
24.7341	50.8393	4.92526	0.0989718
21.7285	50.6506	4.92437	0.0980848
21.7462	47.598	4.91987	0.0960813
24.7341	50.8393	4.92526	0.0989718
15.6779	42.1556	4.83804	0.0704717
17.2523	44.2036	4.86043	0.0779678
14.1489	44.3016	4.90407	0.0816229
22.0142	44.8882	4.89272	0.0862198
18.8268	46.2515	4.90055	0.0881144
18.7981	41.9596	0.23861	0.0672474
15.8835	49.3292	4.92523	0.0937743
12.6536	46.2515	4.92242	0.0882643
15.7402	46.2515	4.91085	0.0869194
17.0264	56.2438	4.88691	0.107875
16.083	52.3495	4.92224	0.0969325
19.0553	52.3495	4.9237	0.0981942
4.19365	52.3495	4.92307	0.099851
7.16598	52.3495	4.92108	0.0974638
4.92487	55.4838	4.89853	0.103193
21.9183	41.7637	4.83624	0.0721627
25	43.1354	4.91143	0.0853519
22.0142	44.8882	4.89272	0.0862198
28.125	40	4.91947	0.0733748
25	40	4.89427	0.0684933
28.1154	36.8646	4.92226	0.0651017
25	30.6708	4.92244	0.058163
25.1151	35.3065	4.91482	0.0599591
21.9134	33.7485	4.90686	0.057006
31.3171	35.696	4.92223	0.0633945
28.0866	33.7485	4.92193	0.0601975
30.9343	31.8249	4.92098	0.0588557
28.1154	36.8646	4.92226	0.0651017
25.1151	35.3065	4.91482	0.0599591
28.0866	33.7485	4.92193	0.0601975
33.7508	28.5944	4.92008	0.0580196
37.1553	30.6708	4.91995	0.0585837
33.997	31.6326	4.92024	0.0589274
21.8846	36.8646	4.85263	0.0560748
21.9014	39.3141	0.273996	0.0602052
18.7212	38.8242	0.21285	0.0535972
28.1154	36.8646	4.92226	0.0651017
25	40	4.89427	0.0684933
25.1151	35.3065	4.91482	0.0599591
28.125	40	4.91947	0.0733748
28.1154	43.1354	4.92577	0.090305
25	40	4.89427	0.0684933
3.72828	49.3292	4.92643	0.0959654
1.22131	52.3495	4.92406	0.0995386
0.68946	49.3292	4.92657	0.0957156
0.307214	46.2515	4.92596	0.091507
3.39381	46.2515	4.92618	0.0914559
0.68946	49.3292	4.92657	0.0957156
11.1799	48.0735	4.9258	0.0916376
12.6536	46.2515	4.92242	0.0882643
12.7118	50.0843	4.92564	0.0937488
9.61019	45.6673	4.92701	0.0892937
11.1799	48.0735	4.9258	0.0916376
9.70619	49.8955	4.92553	0.094238
9.61019	45.6673	4.92701	0.0892937
12.6536	46.2515	4.92242	0.0882643
11.1799	48.0735	4.9258	0.0916376
31.3817	62.6228	0.11275	4.68598
34.1521	62.7968	0.101326	4.63142
33.1516	65.9587	0.0635381	0.133756
26.9568	67.2765	0.066734	0.136065
28.4106	64.5496	0.0831981	0.154578
30.4344	65.9587	0.070494	0.141583
29.839	59.2394	4.80447	0.129319
33.5519	59.0383	4.80089	0.115813
31.3817	62.6228	0.11275	4.68598
28.6113	62.4488	0.11664	0.164413
29.839	59.2394	4.80447	0.129319
31.3817	62.6228	0.11275	4.68598
20.7355	60.8826	0.153767	4.71867
24.0253	59.6046	4.77256	0.144541
23.0704	62.1007	0.118835	0.195898
25.6371	53.0665	4.91885	0.0993698
24.7341	50.8393	4.92526	0.0989718
27.9723	52.3495	4.92266	0.0988482
22.4091	54.0056	4.91569	0.0995233
25.6371	53.0665	4.91885	0.0993698
26.54	55.2938	4.9033	0.102608
22.4091	54.0056	4.91569	0.0995233
24.7341	50.8393	4.92526	0.0989718
25.6371	53.0665	4.91885	0.0993698
29.6201	55.2938	4.90901	0.100224
31.8745	54.2817	4.91421	0.0998125
32.1533	57.1939	4.87048	0.106656
34.2598	46.2515	1.00054	0.0199579
34.3294	43.6157	1.00033	0.0187635
37.3464	46.2515	1.0004	0.0196519
31.1732	46.2515	4.92733	0.0976295
34.2598	46.2515	1.00054	0.0199579
34.1165	49.3292	1.00042	0.0201899
34.2598	46.2515	1.00054	0.0199579
31.226	43.7137	4.92667	0.092795
34.3294	43.6157	1.00033	0.0187635
35.6527	58.8743	4.79178	0.105489
38.5596	58.6917	4.79526	0.0963067
37.7936	60.8826	0.136449	0.103767
33.5519	59.0383	4.80089	0.115813
35.6527	58.8743	4.79178	0.105489
34.9506	60.8826	0.145178	0.130042
35.7802	55.2938	4.90744	0.0962732
38.5596	58.6917	4.79526	0.0963067
35.6527	58.8743	4.79178	0.105489
42.43	63.669	0.0805541	4.58593
43.4796	60.8826	0.136735	0.113365
45.2338	63.4929	0.0904381	0.130376
6.48041	46.2515	4.9266	0.0910283
6.31731	42.7435	4.92502	0.0840811
9.61019	45.6673	4.92701	0.0892937
0.68946	49.3292	4.92657	0.0957156
3.39381	46.2515	4.92618	0.0914559
3.72828	49.3292	4.92643	0.0959654
0.307214	46.2515	4.92596	0.091507
0.076922	43.1354	4.92534	0.0866218
3.19711	42.9395	4.92479	0.0853833
6.4478	61.0566	0.13299	0.138825
4.76616	63.4929	0.0931633	0.164186
3.67737	60.8826	0.157304	3.81776
5.69054	58.144	4.81997	0.112972
6.4478	61.0566	0.13299	0.138825
3.67737	60.8826	0.157304	3.81776
9.3634	60.8826	0.131977	0.138629
10.1618	63.4929	0.0821397	0.164714
7.464	63.4929	0.0861624	4.3046
14.6026	58.144	4.81517	0.12374
15.0494	60.8826	0.136828	0.165335
12.3979	60.3349	0.147938	4.63586
14.2198	55.2938	4.89797	0.10246
14.6026	58.144	4.81517	0.12374
11.6319	58.144	4.80699	0.119451
14.2198	55.2938	4.89797	0.10246
17.0264	56.2438	4.88691	0.107875
14.6026	58.144	4.81517	0.12374
7.464	63.4929	0.0861624	4.3046
5.97957	65.9587	0.0723601	4.6235
4.76616	63.4929	0.0931633	0.164186
11.414	65.9587	0.0688905	4.66598
13.846	66.4528	0.0665505	0.151714
12.3644	68.2649	0.0634769	0.122828
10.1618	63.4929	0.0821397	0.164714
11.414	65.9587	0.0688905	4.66598
8.78345	65.7825	0.0699532	4.68595
12.8597	63.4929	0.0834973	0.165186
15.5575	63.4929	0.0899238	4.72144
13.846	66.4528	0.0665505	0.151714
10.1618	63.4929	0.0821397	0.164714
12.8597	63.4929	0.0834973	0.165186
11.414	65.9587	0.0688905	4.66598
10.1618	63.4929	0.0821397	0.164714
12.3979	60.3349	0.147938	4.63586
12.8597	63.4929	0.0834973	0.165186
9.83732	68.2649	0.0635183	0.135984
7.31021	68.2649	0.0643841	0.155642
8.78345	65.7825	0.0699532	4.68595
31.8745	54.2817	4.91421	0.0998125
30.9447	52.3495	4.92361	0.100322
34.1289	53.2696	4.92023	0.0981573
35.7802	55.2938	4.90744	0.0962732
31.8745	54.2817	4.91421	0.0998125
34.1289	53.2696	4.92023	0.0981573
29.6201	55.2938	4.90901	0.100224
30.9447	52.3495	4.92361	0.100322
31.8745	54.2817	4.91421	0.0998125
29.839	59.2394	4.80447	0.129319
26.4853	58.144	4.84016	0.12378
29.6201	55.2938	4.90901	0.100224
33.5519	59.0383	4.80089	0.115813
29.839	59.2394	4.80447	0.129319
32.1533	57.1939	4.87048	0.106656
35.7802	55.2938	4.90744	0.0962732
33.5519	59.0383	4.80089	0.115813
32.1533	57.1939	4.87048	0.106656
34.9506	60.8826	0.145178	0.130042
31.3817	62.6228	0.11275	4.68598
33.5519	59.0383	4.80089	0.115813
28.6113	62.4488	0.11664	0.164413
26.4215	60.8826	0.155981	4.67759
29.839	59.2394	4.80447	0.129319
26.54	55.2938	4.9033	0.102608
27.9723	52.3495	4.92266	0.0988482
29.6201	55.2938	4.90901	0.100224
25.6371	53.0665	4.91885	0.0993698
27.9723	52.3495	4.92266	0.0988482
26.54	55.2938	4.9033	0.102608
24.7341	50.8393	4.92526	0.0989718
28.0388	49.3292	4.92656	0.0990558
27.9723	52.3495	4.92266	0.0988482
22.5483	72.3429	0.0622078	0.0876453
23.75	70.3973	0.0627075	0.105964
25	72.3429	0.0622639	0.0800925
23.0327	74.7883	0.0620419	0.0686418
22.5483	72.3429	0.0622078	0.0876453
25	72.3429	0.0622639	0.0800925
21.4331	74.0896	0.0620262	0.0723532
19.0551	74.0896	0.0619719	0.0709157
20.0967	72.3429	0.0621576	0.0862022
19.0904	66.7823	0.0674991	0.178801
22.2828	65.9587	0.0705123	4.42236
21.8037	69.5771	0.0638923	4.55799
24.3347	67.1118	0.0665242	0.159213
23.75	70.3973	0.0627075	0.105964
21.8037	69.5771	0.0638923	4.55799
27.0253	69.2491	0.0635935	0.11155
30.0542	68.2649	0.0647106	4.58616
28.75	70.3973	0.0626731	0.0957799
25.6067	64.7258	0.0788853	4.51356
28.4106	64.5496	0.0831981	0.154578
26.9568	67.2765	0.066734	0.136065
22.2828	65.9587	0.0705123	4.42236
25.6067	64.7258	0.0788853	4.51356
24.3347	67.1118	0.0665242	0.159213
23.0704	62.1007	0.118835	0.195898
26.4215	60.8826	0.155981	4.67759
25.6067	64.7258	0.0788853	4.51356
30.4344	65.9587	0.070494	0.141583
30.0542	68.2649	0.0647106	4.58616
26.9568	67.2765	0.066734	0.136065
28.6113	62.4488	0.11664	0.164413
31.3817	62.6228	0.11275	4.68598
28.4106	64.5496	0.0831981	0.154578
25.6067	64.7258	0.0788853	4.51356
28.6113	62.4488	0.11664	0.164413
28.4106	64.5496	0.0831981	0.154578
26.4215	60.8826	0.155981	4.67759
26.4853	58.144	4.84016	0.12378
29.839	59.2394	4.80447	0.129319
25.6067	64.7258	0.0788853	4.51356
26.4215	60.8826	0.155981	4.67759
28.6113	62.4488	0.11664	0.164413
24.0253	59.6046	4.77256	0.144541
23.0771	56.6239	4.8864	0.10793
26.4853	58.144	4.84016	0.12378
33.1516	65.9587	0.0635381	0.133756
34.8233	67.7707	0.0513126	0.105417
32.2468	68.921	0.0578502	0.105624
31.3817	62.6228	0.11275	4.68598
33.1516	65.9587	0.0635381	0.133756
30.4344	65.9587	0.070494	0.141583
34.1521	62.7968	0.101326	4.63142
35.8688	65.9587	0.0591422	2.66623
33.1516	65.9587	0.0635381	0.133756
32.355	72.3429	0.0609453	0.0747143
33.75	70.3973	0.0566276	0.0806294
34.8066	72.3429	0.0597114	0.0731206
29.3832	76.0659	0.0622332	0.0634674
28.5669	74.0896	0.0622337	0.0687441
30.9297	73.8705	0.0620636	0.0691199
31.0572	70.658	0.0609213	0.0898454
33.75	70.3973	0.0566276	0.0806294
32.355	72.3429	0.0609453	0.0747143
29.9033	72.3429	0.0620871	0.0773171
31.0572	70.658	0.0609213	0.0898454
32.355	72.3429	0.0609453	0.0747143
28.4106	64.5496	0.0831981	0.154578
31.3817	62.6228	0.11275	4.68598
30.4344	65.9587	0.070494	0.141583
24.3347	67.1118	0.0665242	0.159213
25.6067	64.7258	0.0788853	4.51356
26.9568	67.2765	0.066734	0.136065
23.0704	62.1007	0.118835	0.195898
24.0253	59.6046	4.77256	0.144541
26.4215	60.8826	0.155981	4.67759
30.4344	65.9587	0.070494	0.141583
32.2468	68.921	0.0578502	0.105624
30.0542	68.2649	0.0647106	4.58616
34.8233	67.7707	0.0513126	0.105417
33.75	70.3973	0.0566276	0.0806294
32.2468	68.921	0.0578502	0.105624
43.2329	49.3292	4.92762	0.0966626
40.1224	48.7521	4.92795	0.0979645
40.433	46.2515	4.92728	0.0965935
48.7787	52.3495	4.92484	0.0936253
45.8487	52.5335	4.92308	0.0934714
46.2717	49.3292	4.92774	0.0962124
42.834	52.3495	4.92304	0.0942089
40.1224	48.7521	4.92795	0.0979645
43.2329	49.3292	4.92762	0.0966626
47.2801	58.144	4.84709	0.0966515
44.2548	57.954	4.8289	0.0966593
45.0204	55.2938	4.9024	0.0933524
38.8603	55.2938	4.90244	0.0940015
35.7802	55.2938	4.90744	0.0962732
36.7564	51.5944	4.92625	0.0976597
41.9404	55.2938	4.90024	0.0933881
38.8603	55.2938	4.90244	0.0940015
39.8617	52.3495	4.92275	0.0953153
45.8487	52.5335	4.92308	0.0934714
45.0204	55.2938	4.9024	0.0933524
42.834	52.3495	4.92304	0.0942089
41.4664	58.5091	4.80146	0.0965026
40.6366	60.8826	0.13428	0.107822
38.5596	58.6917	4.79526	0.0963067
44.2548	57.954	4.8289	0.0966593
41.4664	58.5091	4.80146	0.0965026
41.9404	55.2938	4.90024	0.0933881
44.2548	57.954	4.8289	0.0966593
43.4796	60.8826	0.136735	0.113365
41.4664	58.5091	4.80146	0.0965026
38.5596	58.6917	4.79526	0.0963067
35.7802	55.2938	4.90744	0.0962732
38.8603	55.2938	4.90244	0.0940015
6.31731	42.7435	4.92502	0.0840811
3.39381	46.2515	4.92618	0.0914559
3.19711	42.9395	4.92479	0.0853833
45.8487	52.5335	4.92308	0.0934714
42.834	52.3495	4.92304	0.0942089
43.2329	49.3292	4.92762	0.0966626
48.1005	55.2938	4.90896	0.0930451
45.8487	52.5335	4.92308	0.0934714
48.7787	52.3495	4.92484	0.0936253
48.1005	55.2938	4.90896	0.0930451
47.2801	58.144	4.84709	0.0966515
45.0204	55.2938	4.9024	0.0933524
37.7936	60.8826	0.136449	0.103767
38.5596	58.6917	4.79526	0.0963067
40.6366	60.8826	0.13428	0.107822
41.3032	65.9587	0.0623414	0.114719
39.6261	63.8451	0.0747234	0.113338
42.43	63.669	0.0805541	4.58593
34.9506	60.8826	0.145178	0.130042
35.6527	58.8743	4.79178	0.105489
37.7936	60.8826	0.136449	0.103767
31.3817	62.6228	0.11275	4.68598
34.9506	60.8826	0.145178	0.130042
34.1521	62.7968	0.101326	4.63142
33.5519	59.0383	4.80089	0.115813
35.7802	55.2938	4.90744	0.0962732
35.6527	58.8743	4.79178	0.105489
31.8745	54.2817	4.91421	0.0998125
35.7802	55.2938	4.90744	0.0962732
32.1533	57.1939	4.87048	0.106656
34.1165	49.3292	1.00042	0.0201899
34.2598	46.2515	1.00054	0.0199579
37.0597	48.5598	1.00047	0.0199897
28.0388	49.3292	4.92656	0.0990558
31.0776	49.3292	4.92651	0.0995343
30.9447	52.3495	4.92361	0.100322
28.0388	49.3292	4.92656	0.0990558
25	46.2515	4.9225	0.0949016
28.0866	46.2515	4.92768	0.0973812
36.7564	51.5944	4.92625	0.0976597
35.7802	55.2938	4.90744	0.0962732
34.1289	53.2696	4.92023	0.0981573
30.9447	52.3495	4.92361	0.100322
31.0776	49.3292	4.92651	0.0995343
34.1165	49.3292	1.00042	0.0201899
40.1224	48.7521	4.92795	0.0979645
42.834	52.3495	4.92304	0.0942089
39.8617	52.3495	4.92275	0.0953153
39.8617	52.3495	4.92275	0.0953153
42.834	52.3495	4.92304	0.0942089
41.9404	55.2938	4.90024	0.0933881
36.7564	51.5944	4.92625	0.0976597
39.8617	52.3495	4.92275	0.0953153
38.8603	55.2938	4.90244	0.0940015
36.7564	51.5944	4.92625	0.0976597
40.1224	48.7521	4.92795	0.0979645
39.8617	52.3495	4.92275	0.0953153
18.9224	49.3292	4.92344	0.0962466
19.0553	52.3495	4.9237	0.0981942
16.083	52.3495	4.92224	0.0969325
15.7402	46.2515	4.91085	0.0869194
18.8268	46.2515	4.90055	0.0881144
15.8835	49.3292	4.92523	0.0937743
21.7462	47.598	4.91987	0.0960813
25	46.2515	4.9225	0.0949016
24.7341	50.8393	4.92526	0.0989718
22.0108	14.5924	4.89257	0.0581123
19.9458	11.7351	4.80123	0.0582818
23.0432	12.7235	4.85125	0.0581663
17.645	7.6571	0.110856	0.0594186
18.75	9.60269	0.155924	0.0593645
16.5822	10.0948	4.73243	0.0583512
14.9215	7.36598	0.105529	0.0593899
17.645	7.6571	0.110856	0.0594186
16.5822	10.0948	4.73243	0.0583512
16.6772	5.91038	0.0849574	0.0594459
19.0551	5.91038	0.0829781	0.0594649
17.645	7.6571	0.110856	0.0594186
20.0967	7.6571	0.104463	0.0594221
21.25	9.60269	0.153772	0.0593396
18.75	9.60269	0.155924	0.0593645
17.645	7.6571	0.110856	0.0594186
19.0551	5.91038	0.0829781	0.0594649
20.0967	7.6571	0.104463	0.0594221
24.1844	6.78374	0.0952798	0.0593802
26.189	5.91038	0.0841938	0.0593676
25.4207	8.55507	0.137262	0.0592782
28.5669	5.91038	0.0833863	0.059328
31.8199	4.37335	0.0717042	0.0593389
31.1316	6.34706	0.0865245	0.0592798
26.9661	0.123895	0.0638514	0.0594634
28.4094	2.238	0.0658935	0.0594255
26.0648	3.0556	0.0675896	0.0594443
28.9198	0.494728	0.0647625	0.0594332
30.8485	1.10996	0.0652753	0.0594052
28.4094	2.238	0.0658935	0.0594255
31.25	9.60269	0.156372	0.0591305
33.75	9.60269	0.145792	0.0591112
32.5813	11.7351	4.8025	0.0580418
30.9096	13.2177	4.86655	0.0580013
29.636	10.915	4.78296	0.0580983
32.5813	11.7351	4.8025	0.0580418
32.355	7.6571	0.101884	0.0592135
33.4473	6.2015	0.0823928	0.0592624
34.9468	7.95642	0.105195	0.0591732
29.9033	7.6571	0.108492	0.0592369
32.355	7.6571	0.101884	0.0592135
31.25	9.60269	0.156372	0.0591305
31.1316	6.34706	0.0865245	0.0592798
31.8199	4.37335	0.0717042	0.0593389
33.4473	6.2015	0.0823928	0.0592624
29.9033	7.6571	0.108492	0.0592369
31.1316	6.34706	0.0865245	0.0592798
32.355	7.6571	0.101884	0.0592135
29.9033	7.6571	0.108492	0.0592369
28.5669	5.91038	0.0833863	0.059328
31.1316	6.34706	0.0865245	0.0592798
28.5669	5.91038	0.0833863	0.059328
29.9033	7.6571	0.108492	0.0592369
27.8022	8.40541	0.13228	0.0592325
25	4.37335	0.0726346	0.0594329
27.2733	4.37335	0.0728108	0.0593953
26.189	5.91038	0.0841938	0.0593676
27.2733	4.37335	0.0728108	0.0593953
30.3241	3.0556	0.0672111	0.0593883
28.5669	5.91038	0.0833863	0.059328
31.1316	6.34706	0.0865245	0.0592798
33.4473	6.2015	0.0823928	0.0592624
32.355	7.6571	0.101884	0.0592135
27.2733	4.37335	0.0728108	0.0593953
28.4094	2.238	0.0658935	0.0594255
30.3241	3.0556	0.0672111	0.0593883
26.189	5.91038	0.0841938	0.0593676
27.2733	4.37335	0.0728108	0.0593953
28.5669	5.91038	0.0833863	0.059328
26.0648	3.0556	0.0675896	0.0594443
28.4094	2.238	0.0658935	0.0594255
27.2733	4.37335	0.0728108	0.0593953
29.636	10.915	4.78296	0.0580983
29.9033	7.6571	0.108492	0.0592369
31.25	9.60269	0.156372	0.0591305
25.4207	8.55507	0.137262	0.0592782
27.8022	8.40541	0.13228	0.0592325
27.0253	10.7509	4.78589	0.0581493
25.4207	8.55507	0.137262	0.0592782
26.189	5.91038	0.0841938	0.0593676
27.8022	8.40541	0.13228	0.0592325
26.3489	16.5071	4.91371	0.057951
24.3933	15.2742	4.90285	0.0580284
25.6653	12.8882	4.867	0.0580869
30.3241	3.0556	0.0672111	0.0593883
31.8199	4.37335	0.0717042	0.0593389
28.5669	5.91038	0.0833863	0.059328
30.8485	1.10996	0.0652753	0.0594052
30.3241	3.0556	0.0672111	0.0593883
28.4094	2.238	0.0658935	0.0594255
30.8485	1.10996	0.0652753	0.0594052
32.7403	1.96546	0.0666168	0.0593711
30.3241	3.0556	0.0672111	0.0593883
30.3241	3.0556	0.0672111	0.0593883
32.7403	1.96546	0.0666168	0.0593711
31.8199	4.37335	0.0717042	0.0593389
23.9352	3.0556	0.0675329	0.0594748
25	4.37335	0.0726346	0.0594329
22.7267	4.37335	0.0720538	0.0594696
26.9661	0.123895	0.0638514	0.0594634
26.0648	3.0556	0.0675896	0.0594443
25.0248	1.47661	0.0649312	0.0594782
26.9661	0.123895	0.0638514	0.0594634
28.9198	0.494728	0.0647625	0.0594332
28.4094	2.238	0.0658935	0.0594255
25.0248	1.47661	0.0649312	0.0594782
25	-8.70219e-28	0.0642776	0.0594837
26.9661	0.123895	0.0638514	0.0594634
23.9352	3.0556	0.0675329	0.0594748
25.0248	1.47661	0.0649312	0.0594782
26.0648	3.0556	0.0675896	0.0594443
23.9352	3.0556	0.0675329	0.0594748
23.0835	1.59882	0.065041	0.0595
25.0248	1.47661	0.0649312	0.0594782
32.7403	1.96546	0.0666168	0.0593711
34.5833	3.0556	0.0688264	0.059328
31.8199	4.37335	0.0717042	0.0593389
25	4.37335	0.0726346	0.0594329
26.0648	3.0556	0.0675896	0.0594443
27.2733	4.37335	0.0728108	0.0593953
24.1844	6.78374	0.0952798	0.0593802
25	4.37335	0.0726346	0.0594329
26.189	5.91038	0.0841938	0.0593676
23.9352	3.0556	0.0675329	0.0594748
26.0648	3.0556	0.0675896	0.0594443
25	4.37335	0.0726346	0.0594329
21.913	2.6468	0.0664951	0.0595027
23.9352	3.0556	0.0675329	0.0594748
22.7267	4.37335	0.0720538	0.0594696
23.0835	1.59882	0.065041	0.0595
23.0339	0.123895	0.0642562	0.059505
25.0248	1.47661	0.0649312	0.0594782
21.913	2.6468	0.0664951	0.0595027
23.0835	1.59882	0.065041	0.0595
23.9352	3.0556	0.0675329	0.0594748
21.4331	5.91038	0.082558	0.0594534
20.4534	4.37335	0.0722025	0.0594895
22.7267	4.37335	0.0720538	0.0594696
19.7476	2.78306	0.0673637	0.059509
21.0802	0.494728	0.0644721	0.0595183
21.913	2.6468	0.0664951	0.0595027
23.0339	0.123895	0.0642562	0.059505
25	-8.70219e-28	0.0642776	0.0594837
25.0248	1.47661	0.0649312	0.0594782
33.4473	6.2015	0.0823928	0.0592624
34.5833	3.0556	0.0688264	0.059328
35.7008	5.91038	0.0823947	0.0592366
36.3664	4.37335	0.077779	0.0592593
35.7008	5.91038	0.0823947	0.0592366
34.5833	3.0556	0.0688264	0.059328
23.5785	19.1174	4.92033	0.0578976
26.3489	16.5071	4.91371	0.057951
26.4215	19.1174	4.91999	0.0578704
23.0771	23.3761	4.92174	0.0577848
25.3391	26.1784	4.92172	0.0577712
22.0277	27.6505	4.92149	0.057854
29.636	10.915	4.78296	0.0580983
27.8022	8.40541	0.13228	0.0592325
29.9033	7.6571	0.108492	0.0592369
29.636	10.915	4.78296	0.0580983
27.0253	10.7509	4.78589	0.0581493
27.8022	8.40541	0.13228	0.0592325
32.5813	11.7351	4.8025	0.0580418
29.636	10.915	4.78296	0.0580983
31.25	9.60269	0.156372	0.0591305
28.2875	13.053	4.87098	0.0580313
27.0253	10.7509	4.78589	0.0581493
29.636	10.915	4.78296	0.0580983
23.0432	12.7235	4.85125	0.0581663
25.6653	12.8882	4.867	0.0580869
24.3933	15.2742	4.90285	0.0580284
24.4145	10.5869	4.76722	0.058227
25.4207	8.55507	0.137262	0.0592782
27.0253	10.7509	4.78589	0.0581493
23.0432	12.7235	4.85125	0.0581663
24.4145	10.5869	4.76722	0.058227
25.6653	12.8882	4.867	0.0580869
23.0432	12.7235	4.85125	0.0581663
21.25	9.60269	0.153772	0.0593396
24.4145	10.5869	4.76722	0.058227
24.1844	6.78374	0.0952798	0.0593802
22.5483	7.6571	0.107741	0.0593859
21.4331	5.91038	0.082558	0.0594534
25	4.37335	0.0726346	0.0594329
24.1844	6.78374	0.0952798	0.0593802
22.7267	4.37335	0.0720538	0.0594696
25.4207	8.55507	0.137262	0.0592782
24.4145	10.5869	4.76722	0.058227
22.5483	7.6571	0.107741	0.0593859
24.4145	10.5869	4.76722	0.058227
21.25	9.60269	0.153772	0.0593396
22.5483	7.6571	0.107741	0.0593859
19.5656	14.0413	4.87945	0.0581861
20.9532	16.5071	4.90981	0.0580571
18.2554	16.5071	4.90951	0.0581112
19.9458	11.7351	4.80123	0.0582818
19.5656	14.0413	4.87945	0.0581861
17.7988	12.3941	4.83871	0.0582683
18.75	9.60269	0.155924	0.0593645
19.9458	11.7351	4.80123	0.0582818
17.7988	12.3941	4.83871	0.0582683
21.25	9.60269	0.153772	0.0593396
23.0432	12.7235	4.85125	0.0581663
19.9458	11.7351	4.80123	0.0582818
22.0108	14.5924	4.89257	0.0581123
20.9532	16.5071	4.90981	0.0580571
19.5656	14.0413	4.87945	0.0581861
19.9458	11.7351	4.80123	0.0582818
22.0108	14.5924	4.89257	0.0581123
19.5656	14.0413	4.87945	0.0581861
23.0432	12.7235	4.85125	0.0581663
24.3933	15.2742	4.90285	0.0580284
22.0108	14.5924	4.89257	0.0581123
17.7548	18.7251	4.91748	0.0580448
20.7355	19.1174	4.91902	0.0579607
17.2541	20.9431	4.92035	0.0579904
16.8484	14.0413	4.88236	0.0582121
18.2554	16.5071	4.90951	0.0581112
15.9817	15.8026	4.90459	0.0581603
20.9532	16.5071	4.90981	0.0580571
20.7355	19.1174	4.91902	0.0579607
18.2554	16.5071	4.90951	0.0581112
14.9215	7.36598	0.105529	0.0593899
16.5822	10.0948	4.73243	0.0583512
13.513	9.30337	0.14825	0.0593195
12.6058	7.51154	0.108453	0.059346
14.9215	7.36598	0.105529	0.0593899
13.513	9.30337	0.14825	0.0593195
13.6336	4.37335	0.0782409	0.0594216
15.4167	3.0556	0.0713986	0.0594679
16.6772	5.91038	0.0849574	0.0594459
19.7476	2.78306	0.0673637	0.059509
19.1515	1.10996	0.0660614	0.0595142
21.0802	0.494728	0.0644721	0.0595183
20.4534	4.37335	0.0722025	0.0594895
19.0551	5.91038	0.0829781	0.0594649
18.1801	4.37335	0.0731855	0.0594853
21.913	2.6468	0.0664951	0.0595027
20.4534	4.37335	0.0722025	0.0594895
19.7476	2.78306	0.0673637	0.059509
21.4331	5.91038	0.082558	0.0594534
19.0551	5.91038	0.0829781	0.0594649
20.4534	4.37335	0.0722025	0.0594895
24.1844	6.78374	0.0952798	0.0593802
21.4331	5.91038	0.082558	0.0594534
22.7267	4.37335	0.0720538	0.0594696
20.0967	7.6571	0.104463	0.0594221
19.0551	5.91038	0.0829781	0.0594649
21.4331	5.91038	0.082558	0.0594534
20.4534	4.37335	0.0722025	0.0594895
18.1801	4.37335	0.0731855	0.0594853
19.7476	2.78306	0.0673637	0.059509
23.0835	1.59882	0.065041	0.0595
21.0802	0.494728	0.0644721	0.0595183
23.0339	0.123895	0.0642562	0.059505
27.8022	8.40541	0.13228	0.0592325
26.189	5.91038	0.0841938	0.0593676
28.5669	5.91038	0.0833863	0.059328
25.6653	12.8882	4.867	0.0580869
24.4145	10.5869	4.76722	0.058227
27.0253	10.7509	4.78589	0.0581493
22.5483	7.6571	0.107741	0.0593859
20.0967	7.6571	0.104463	0.0594221
21.4331	5.91038	0.082558	0.0594534
25.4207	8.55507	0.137262	0.0592782
22.5483	7.6571	0.107741	0.0593859
24.1844	6.78374	0.0952798	0.0593802
21.25	9.60269	0.153772	0.0593396
20.0967	7.6571	0.104463	0.0594221
22.5483	7.6571	0.107741	0.0593859
14.9215	7.36598	0.105529	0.0593899
16.6772	5.91038	0.0849574	0.0594459
17.645	7.6571	0.110856	0.0594186
21.913	2.6468	0.0664951	0.0595027
21.0802	0.494728	0.0644721	0.0595183
23.0835	1.59882	0.065041	0.0595
37.3284	7.80676	0.1074	0.0591403
38.0788	5.91038	0.0915658	0.0591835
39.7099	7.6571	0.122059	0.0590894
33.4473	6.2015	0.0823928	0.0592624
35.7008	5.91038	0.0823947	0.0592366
34.9468	7.95642	0.105195	0.0591732
33.75	9.60269	0.145792	0.0591112
32.355	7.6571	0.101884	0.0592135
34.9468	7.95642	0.105195	0.0591732
31.8199	4.37335	0.0717042	0.0593389
34.5833	3.0556	0.0688264	0.059328
33.4473	6.2015	0.0823928	0.0592624
36.3664	4.37335	0.077779	0.0592593
38.0788	5.91038	0.0915658	0.0591835
35.7008	5.91038	0.0823947	0.0592366
19.7476	2.78306	0.0673637	0.059509
17.2597	1.96546	0.0678508	0.0594995
19.1515	1.10996	0.0660614	0.0595142
18.1801	4.37335	0.0731855	0.0594853
16.6772	5.91038	0.0849574	0.0594459
15.4167	3.0556	0.0713986	0.0594679
19.7476	2.78306	0.0673637	0.059509
18.1801	4.37335	0.0731855	0.0594853
17.2597	1.96546	0.0678508	0.0594995
19.0551	5.91038	0.0829781	0.0594649
16.6772	5.91038	0.0849574	0.0594459
18.1801	4.37335	0.0731855	0.0594853
21.913	2.6468	0.0664951	0.0595027
22.7267	4.37335	0.0720538	0.0594696
20.4534	4.37335	0.0722025	0.0594895
20.0967	7.6571	0.104463	0.0594221
18.75	9.60269	0.155924	0.0593645
17.645	7.6571	0.110856	0.0594186
14.9215	7.36598	0.105529	0.0593899
13.6336	4.37335	0.0782409	0.0594216
16.6772	5.91038	0.0849574	0.0594459
32.355	7.6571	0.101884	0.0592135
33.75	9.60269	0.145792	0.0591112
31.25	9.60269	0.156372	0.0591305
38.0788	5.91038	0.0915658	0.0591835
37.3284	7.80676	0.1074	0.0591403
35.7008	5.91038	0.0823947	0.0592366
38.75	9.60269	0.156013	0.0590394
41.25	9.60269	0.183565	0.0589817
40.1627	11.7351	4.81916	0.0579448
36.25	9.60269	0.14713	0.0590827
38.75	9.60269	0.156013	0.0590394
37.4683	11.4071	4.78878	0.0580035
39.7099	7.6571	0.122059	0.0590894
41.25	9.60269	0.183565	0.0589817
38.75	9.60269	0.156013	0.0590394
15.4167	3.0556	0.0713986	0.0594679
17.2597	1.96546	0.0678508	0.0594995
18.1801	4.37335	0.0731855	0.0594853
44.0204	14.0413	4.90354	0.0578354
41.2166	14.2175	4.89325	0.0578666
42.6898	11.7351	4.85576	0.0578954
14.9215	7.36598	0.105529	0.0593899
12.6058	7.51154	0.108453	0.059346
13.6336	4.37335	0.0782409	0.0594216
15.1767	12.2293	4.83445	0.0582646
12.5545	12.0646	4.81828	0.0582435
13.513	9.30337	0.14825	0.0593195
16.5822	10.0948	4.73243	0.0583512
17.7988	12.3941	4.83871	0.0582683
15.1767	12.2293	4.83445	0.0582646
14.1312	14.0413	4.88164	0.0582079
12.5545	12.0646	4.81828	0.0582435
15.1767	12.2293	4.83445	0.0582646
15.9817	15.8026	4.90459	0.0581603
14.7591	18.4213	4.91684	0.0581018
13.1778	15.9788	4.90569	0.0581648
16.5822	10.0948	4.73243	0.0583512
18.75	9.60269	0.155924	0.0593645
17.7988	12.3941	4.83871	0.0582683
22.0108	14.5924	4.89257	0.0581123
24.3933	15.2742	4.90285	0.0580284
20.9532	16.5071	4.90981	0.0580571
11.4404	21.3083	4.91954	0.0580787
12.2064	19.1174	4.9182	0.0581134
14.6026	21.856	4.92033	0.058031
8.66123	21.856	4.91954	0.0580692
11.4404	21.3083	4.91954	0.0580787
10.9756	24.1362	4.92	0.0580383
8.66123	21.856	4.91954	0.0580692
9.3634	19.1174	4.91803	0.058123
11.4404	21.3083	4.91954	0.0580787
6.52038	19.1174	4.91889	0.0581143
7.464	16.5071	4.91367	0.0581543
9.3634	19.1174	4.91803	0.058123
3.67737	19.1174	4.9194	0.0580925
6.52038	19.1174	4.91889	0.0581143
5.62671	21.6734	4.9196	0.0580446
3.67737	19.1174	4.9194	0.0580925
4.76616	16.5071	4.9165	0.0581455
6.52038	19.1174	4.91889	0.0581143
10.1618	16.5071	4.9107	0.0581574
12.2064	19.1174	4.9182	0.0581134
9.3634	19.1174	4.91803	0.058123
5.97957	14.0413	4.90342	0.0581684
8.69678	14.0413	4.89062	0.0581776
7.464	16.5071	4.91367	0.0581543
11.414	14.0413	4.88219	0.0581918
13.1778	15.9788	4.90569	0.0581648
10.1618	16.5071	4.9107	0.0581574
15.1767	12.2293	4.83445	0.0582646
16.8484	14.0413	4.88236	0.0582121
14.1312	14.0413	4.88164	0.0582079
6.52038	19.1174	4.91889	0.0581143
9.3634	19.1174	4.91803	0.058123
8.66123	21.856	4.91954	0.0580692
14.7591	18.4213	4.91684	0.0581018
12.2064	19.1174	4.9182	0.0581134
13.1778	15.9788	4.90569	0.0581648
14.7591	18.4213	4.91684	0.0581018
14.6026	21.856	4.92033	0.058031
12.2064	19.1174	4.9182	0.0581134
12.6058	7.51154	0.108453	0.059346
11.9212	5.91038	0.0972605	0.0593632
13.6336	4.37335	0.0782409	0.0594216
11.25	9.60269	0.156101	0.0592766
12.6058	7.51154	0.108453	0.059346
13.513	9.30337	0.14825	0.0593195
10.2901	7.6571	0.123967	0.0593029
11.9212	5.91038	0.0972605	0.0593632
12.6058	7.51154	0.108453	0.059346
41.2166	14.2175	4.89325	0.0578666
40.1627	11.7351	4.81916	0.0579448
42.6898	11.7351	4.85576	0.0578954
35.1085	11.7351	4.79824	0.0580221
37.4683	11.4071	4.78878	0.0580035
35.6088	14.5697	4.89056	0.0579453
33.1516	14.0413	4.88168	0.0579713
35.1085	11.7351	4.79824	0.0580221
35.6088	14.5697	4.89056	0.0579453
32.5813	11.7351	4.8025	0.0580418
33.75	9.60269	0.145792	0.0591112
35.1085	11.7351	4.79824	0.0580221
37.3284	7.80676	0.1074	0.0591403
39.7099	7.6571	0.122059	0.0590894
38.75	9.60269	0.156013	0.0590394
36.25	9.60269	0.14713	0.0590827
37.3284	7.80676	0.1074	0.0591403
38.75	9.60269	0.156013	0.0590394
35.1085	11.7351	4.79824	0.0580221
36.25	9.60269	0.14713	0.0590827
37.4683	11.4071	4.78878	0.0580035
34.9468	7.95642	0.105195	0.0591732
37.3284	7.80676	0.1074	0.0591403
36.25	9.60269	0.14713	0.0590827
34.9468	7.95642	0.105195	0.0591732
35.7008	5.91038	0.0823947	0.0592366
37.3284	7.80676	0.1074	0.0591403
42.536	16.5071	4.91408	0.057839
44.0204	14.0413	4.90354	0.0578354
45.2338	16.5071	4.91695	0.0578249
38.4127	14.3936	4.88926	0.0579108
41.2166	14.2175	4.89325	0.0578666
39.693	16.8552	4.9133	0.0578812
38.4127	14.3936	4.88926	0.0579108
37.4683	11.4071	4.78878	0.0580035
40.1627	11.7351	4.81916	0.0579448
10.2901	7.6571	0.123967	0.0593029
12.6058	7.51154	0.108453	0.059346
11.25	9.60269	0.156101	0.0592766
28.2875	13.053	4.87098	0.0580313
30.001	14.922	4.89772	0.0579666
26.3489	16.5071	4.91371	0.057951
35.1085	11.7351	4.79824	0.0580221
33.1516	14.0413	4.88168	0.0579713
32.5813	11.7351	4.8025	0.0580418
30.001	14.922	4.89772	0.0579666
28.6113	17.5512	4.9163	0.0579125
26.3489	16.5071	4.91371	0.057951
30.9096	13.2177	4.86655	0.0580013
30.001	14.922	4.89772	0.0579666
28.2875	13.053	4.87098	0.0580313
29.636	10.915	4.78296	0.0580983
30.9096	13.2177	4.86655	0.0580013
28.2875	13.053	4.87098	0.0580313
32.5813	11.7351	4.8025	0.0580418
33.1516	14.0413	4.88168	0.0579713
30.9096	13.2177	4.86655	0.0580013
31.7446	16.5071	4.91022	0.0579416
28.6113	17.5512	4.9163	0.0579125
30.001	14.922	4.89772	0.0579666
34.4425	16.5071	4.90984	0.0579413
31.7446	16.5071	4.91022	0.0579416
33.1516	14.0413	4.88168	0.0579713
34.4425	16.5071	4.90984	0.0579413
34.9506	19.1174	4.91872	0.0579359
32.1075	19.1174	4.91906	0.0579135
37.1403	16.5071	4.91023	0.0579181
34.4425	16.5071	4.90984	0.0579413
35.6088	14.5697	4.89056	0.0579453
37.1403	16.5071	4.91023	0.0579181
37.7936	19.1174	4.91867	0.0579234
34.9506	19.1174	4.91872	0.0579359
11.414	14.0413	4.88219	0.0581918
14.1312	14.0413	4.88164	0.0582079
13.1778	15.9788	4.90569	0.0581648
8.69678	14.0413	4.89062	0.0581776
9.93237	11.8999	4.82189	0.0582179
11.414	14.0413	4.88219	0.0581918
11.25	9.60269	0.156101	0.0592766
13.513	9.30337	0.14825	0.0593195
12.5545	12.0646	4.81828	0.0582435
10.2901	7.6571	0.123967	0.0593029
11.25	9.60269	0.156101	0.0592766
8.74996	9.60269	0.181997	0.0592389
13.513	9.30337	0.14825	0.0593195
16.5822	10.0948	4.73243	0.0583512
15.1767	12.2293	4.83445	0.0582646
9.93237	11.8999	4.82189	0.0582179
11.25	9.60269	0.156101	0.0592766
12.5545	12.0646	4.81828	0.0582435
11.414	14.0413	4.88219	0.0581918
9.93237	11.8999	4.82189	0.0582179
12.5545	12.0646	4.81828	0.0582435
8.69678	14.0413	4.89062	0.0581776
7.31021	11.7351	4.85414	0.0581946
9.93237	11.8999	4.82189	0.0582179
37.4683	11.4071	4.78878	0.0580035
38.4127	14.3936	4.88926	0.0579108
35.6088	14.5697	4.89056	0.0579453
42.536	16.5071	4.91408	0.057839
43.4158	19.3	4.92002	0.0578696
40.5089	19.4825	4.91968	0.0579022
44.0204	14.0413	4.90354	0.0578354
42.536	16.5071	4.91408	0.057839
41.2166	14.2175	4.89325	0.0578666
45.2338	16.5071	4.91695	0.0578249
43.4158	19.3	4.92002	0.0578696
42.536	16.5071	4.91408	0.057839
40.5089	19.4825	4.91968	0.0579022
41.2294	22.236	4.9209	0.0579655
38.204	22.4261	4.92069	0.0579702
42.536	16.5071	4.91408	0.057839
40.5089	19.4825	4.91968	0.0579022
39.693	16.8552	4.9133	0.0578812
43.4158	19.3	4.92002	0.0578696
41.2294	22.236	4.9209	0.0579655
40.5089	19.4825	4.91968	0.0579022
47.2801	21.856	4.92134	0.0579578
44.3095	21.856	4.92118	0.0579431
46.3226	19.1174	4.92046	0.057867
38.4127	14.3936	4.88926	0.0579108
37.1403	16.5071	4.91023	0.0579181
35.6088	14.5697	4.89056	0.0579453
40.1627	11.7351	4.81916	0.0579448
41.2166	14.2175	4.89325	0.0578666
38.4127	14.3936	4.88926	0.0579108
38.75	9.60269	0.156013	0.0590394
40.1627	11.7351	4.81916	0.0579448
37.4683	11.4071	4.78878	0.0580035
41.25	9.60269	0.183565	0.0589817
42.6898	11.7351	4.85576	0.0578954
40.1627	11.7351	4.81916	0.0579448
39.693	16.8552	4.9133	0.0578812
37.1403	16.5071	4.91023	0.0579181
38.4127	14.3936	4.88926	0.0579108
40.5089	19.4825	4.91968	0.0579022
37.7936	19.1174	4.91867	0.0579234
39.693	16.8552	4.9133	0.0578812
28.8815	20.2128	4.92081	0.0578491
29.1279	22.9961	4.92168	0.0577894
26.1025	23.1861	4.92203	0.0577589
32.1075	19.1174	4.91906	0.0579135
34.9506	19.1174	4.91872	0.0579359
32.4267	21.856	4.92076	0.0578817
28.8815	20.2128	4.92081	0.0578491
32.1075	19.1174	4.91906	0.0579135
32.4267	21.856	4.92076	0.0578817
31.7446	16.5071	4.91022	0.0579416
34.4425	16.5071	4.90984	0.0579413
32.1075	19.1174	4.91906	0.0579135
28.6113	17.5512	4.9163	0.0579125
31.7446	16.5071	4.91022	0.0579416
32.1075	19.1174	4.91906	0.0579135
11.414	14.0413	4.88219	0.0581918
12.5545	12.0646	4.81828	0.0582435
14.1312	14.0413	4.88164	0.0582079
12.2064	19.1174	4.9182	0.0581134
10.1618	16.5071	4.9107	0.0581574
13.1778	15.9788	4.90569	0.0581648
9.93237	11.8999	4.82189	0.0582179
8.74996	9.60269	0.181997	0.0592389
11.25	9.60269	0.156101	0.0592766
43.4158	19.3	4.92002	0.0578696
45.2338	16.5071	4.91695	0.0578249
46.3226	19.1174	4.92046	0.057867
33.1516	14.0413	4.88168	0.0579713
35.6088	14.5697	4.89056	0.0579453
34.4425	16.5071	4.90984	0.0579413
36.25	9.60269	0.14713	0.0590827
33.75	9.60269	0.145792	0.0591112
34.9468	7.95642	0.105195	0.0591732
21.9134	33.7485	4.90686	0.057006
18.9132	34.917	4.85978	0.0535937
18.6835	32.5943	4.90473	0.0561262
25	30.6708	4.92244	0.058163
21.9134	33.7485	4.90686	0.057006
21.9612	30.6708	4.91985	0.0577935
21.8846	36.8646	4.85263	0.0560748
18.9132	34.917	4.85978	0.0535937
21.9134	33.7485	4.90686	0.057006
25	40	4.89427	0.0684933
21.8846	36.8646	4.85263	0.0560748
25.1151	35.3065	4.91482	0.0599591
21.9134	33.7485	4.90686	0.057006
18.6835	32.5943	4.90473	0.0561262
21.9612	30.6708	4.91985	0.0577935
18.7212	38.8242	0.21285	0.0535972
18.9132	34.917	4.85978	0.0535937
21.8846	36.8646	4.85263	0.0560748
17.2667	36.7732	0.26148	0.0533653
15.8122	34.7222	4.86567	0.0542776
18.9132	34.917	4.85978	0.0535937
18.7212	38.8242	0.21285	0.0535972
17.2667	36.7732	0.26148	0.0533653
18.9132	34.917	4.85978	0.0535937
18.7212	38.8242	0.21285	0.0535972
15.601	39.0202	0.241326	0.0560867
17.2667	36.7732	0.26148	0.0533653
18.7981	41.9596	0.23861	0.0672474
18.7212	38.8242	0.21285	0.0535972
21.9014	39.3141	0.273996	0.0602052
15.601	39.0202	0.241326	0.0560867
15.8122	34.7222	4.86567	0.0542776
17.2667	36.7732	0.26148	0.0533653
14.001	23.9462	4.92038	0.0580157
14.6026	21.856	4.92033	0.058031
17.2998	24.7062	4.9208	0.0579326
13.1107	27.6505	4.91984	0.0580254
12.8447	30.6708	4.918	0.0578882
10.1383	27.6505	4.9202	0.0580806
15.2052	26.1784	4.92045	0.0579979
15.7173	29.727	4.91902	0.0578371
13.1107	27.6505	4.91984	0.0580254
20.3799	24.7062	4.92106	0.0578504
18.0114	27.1222	4.9205	0.0579081
17.2998	24.7062	4.9208	0.0579326
18.7229	29.5382	4.91886	0.0576818
15.7173	29.727	4.91902	0.0578371
18.0114	27.1222	4.9205	0.0579081
18.7229	29.5382	4.91886	0.0576818
18.6835	32.5943	4.90473	0.0561262
15.7173	29.727	4.91902	0.0578371
10.9756	24.1362	4.92	0.0580383
8.05963	24.7062	4.91985	0.0580094
8.66123	21.856	4.91954	0.0580692
10.1383	27.6505	4.9202	0.0580806
8.05963	24.7062	4.91985	0.0580094
10.9756	24.1362	4.92	0.0580383
10.1383	27.6505	4.9202	0.0580806
9.80591	30.6708	4.91994	0.0583852
7.16598	27.6505	4.92039	0.0580258
6.70061	30.2933	4.92042	0.0583506
7.16598	27.6505	4.92039	0.0580258
9.80591	30.6708	4.91994	0.0583852
4.97956	24.7062	4.92005	0.0579587
5.62671	21.6734	4.9196	0.0580446
8.05963	24.7062	4.91985	0.0580094
3.67737	19.1174	4.9194	0.0580925
5.62671	21.6734	4.9196	0.0580446
2.71986	21.856	4.91981	0.0580048
6.52038	19.1174	4.91889	0.0581143
4.76616	16.5071	4.9165	0.0581455
7.464	16.5071	4.91367	0.0581543
25	30.6708	4.92244	0.058163
28.0388	30.6708	4.92179	0.0583901
28.0866	33.7485	4.92193	0.0601975
47.2801	21.856	4.92134	0.0579578
48.1005	24.7062	4.92132	0.058074
45.0204	24.7062	4.92141	0.0580564
26.4215	19.1174	4.91999	0.0578704
26.3489	16.5071	4.91371	0.057951
28.6113	17.5512	4.9163	0.0579125
18.0114	27.1222	4.9205	0.0579081
22.0277	27.6505	4.92149	0.057854
18.7229	29.5382	4.91886	0.0576818
17.2541	20.9431	4.92035	0.0579904
20.544	21.856	4.92111	0.0578749
17.2998	24.7062	4.9208	0.0579326
23.0771	23.3761	4.92174	0.0577848
26.1025	23.1861	4.92203	0.0577589
25.3391	26.1784	4.92172	0.0577712
17.2998	24.7062	4.9208	0.0579326
20.544	21.856	4.92111	0.0578749
20.3799	24.7062	4.92106	0.0578504
24.8405	21.1517	4.92162	0.0578114
26.1025	23.1861	4.92203	0.0577589
23.0771	23.3761	4.92174	0.0577848
20.544	21.856	4.92111	0.0578749
24.8405	21.1517	4.92162	0.0578114
23.0771	23.3761	4.92174	0.0577848
23.5785	19.1174	4.92033	0.0578976
26.4215	19.1174	4.91999	0.0578704
24.8405	21.1517	4.92162	0.0578114
31.199	26.5464	4.921	0.0578407
30.7452	28.7831	4.92089	0.0579915
28.269	26.3624	4.92167	0.05777
29.1279	22.9961	4.92168	0.0577894
31.199	26.5464	4.921	0.0578407
28.269	26.3624	4.92167	0.05777
32.7002	24.7062	4.92073	0.0578584
33.7508	28.5944	4.92008	0.0580196
31.199	26.5464	4.921	0.0578407
20.544	21.856	4.92111	0.0578749
23.0771	23.3761	4.92174	0.0577848
20.3799	24.7062	4.92106	0.0578504
20.7355	19.1174	4.91902	0.0579607
20.544	21.856	4.92111	0.0578749
17.2541	20.9431	4.92035	0.0579904
17.7548	18.7251	4.91748	0.0580448
18.2554	16.5071	4.90951	0.0581112
20.7355	19.1174	4.91902	0.0579607
14.7591	18.4213	4.91684	0.0581018
17.7548	18.7251	4.91748	0.0580448
17.2541	20.9431	4.92035	0.0579904
14.7591	18.4213	4.91684	0.0581018
15.9817	15.8026	4.90459	0.0581603
17.7548	18.7251	4.91748	0.0580448
20.9532	16.5071	4.90981	0.0580571
23.5785	19.1174	4.92033	0.0578976
20.7355	19.1174	4.91902	0.0579607
23.5785	19.1174	4.92033	0.0578976
24.8405	21.1517	4.92162	0.0578114
20.544	21.856	4.92111	0.0578749
26.689	28.4246	4.92187	0.0579034
22.0277	27.6505	4.92149	0.057854
25.3391	26.1784	4.92172	0.0577712
21.9612	30.6708	4.91985	0.0577935
18.6835	32.5943	4.90473	0.0561262
18.7229	29.5382	4.91886	0.0576818
20.7355	19.1174	4.91902	0.0579607
23.5785	19.1174	4.92033	0.0578976
20.544	21.856	4.92111	0.0578749
16.8484	14.0413	4.88236	0.0582121
19.5656	14.0413	4.87945	0.0581861
18.2554	16.5071	4.90951	0.0581112
16.8484	14.0413	4.88236	0.0582121
17.7988	12.3941	4.83871	0.0582683
19.5656	14.0413	4.87945	0.0581861
14.1312	14.0413	4.88164	0.0582079
16.8484	14.0413	4.88236	0.0582121
15.9817	15.8026	4.90459	0.0581603
15.1767	12.2293	4.83445	0.0582646
17.7988	12.3941	4.83871	0.0582683
16.8484	14.0413	4.88236	0.0582121
18.75	9.60269	0.155924	0.0593645
21.25	9.60269	0.153772	0.0593396
19.9458	11.7351	4.80123	0.0582818
24.3933	15.2742	4.90285	0.0580284
23.5785	19.1174	4.92033	0.0578976
20.9532	16.5071	4.90981	0.0580571
4.97956	24.7062	4.92005	0.0579587
4.19365	27.6505	4.92059	0.0579734
1.8995	24.7062	4.92034	0.0579209
8.74996	9.60269	0.181997	0.0592389
9.93237	11.8999	4.82189	0.0582179
7.31021	11.7351	4.85414	0.0581946
46.8029	37.0605	4.92065	0.0660866
43.6827	37.2565	4.9214	0.0659156
46.6062	33.7485	4.92054	0.0604892
41.9404	24.7062	4.92097	0.0580479
45.0204	24.7062	4.92141	0.0580564
42.7675	28.0281	4.92119	0.0582093
38.8603	24.7062	4.92049	0.0580225
41.9404	24.7062	4.92097	0.0580479
39.9888	27.0985	4.92053	0.0581198
41.2294	22.236	4.9209	0.0579655
44.3095	21.856	4.92118	0.0579431
41.9404	24.7062	4.92097	0.0580479
48.7787	27.6505	4.92124	0.0582192
49.3105	30.6708	4.92096	0.0587217
46.2478	30.8632	4.92116	0.0587232
26.1025	23.1861	4.92203	0.0577589
24.8405	21.1517	4.92162	0.0578114
28.8815	20.2128	4.92081	0.0578491
28.269	26.3624	4.92167	0.05777
26.1025	23.1861	4.92203	0.0577589
29.1279	22.9961	4.92168	0.0577894
23.0771	23.3761	4.92174	0.0577848
22.0277	27.6505	4.92149	0.057854
20.3799	24.7062	4.92106	0.0578504
12.8447	30.6708	4.918	0.0578882
12.7112	34.5275	4.90489	0.057956
9.49534	33.1714	4.91895	0.0592192
10.1383	27.6505	4.9202	0.0580806
12.8447	30.6708	4.918	0.0578882
9.80591	30.6708	4.91994	0.0583852
14.3285	32.6965	4.90641	0.0568928
18.6835	32.5943	4.90473	0.0561262
15.8122	34.7222	4.86567	0.0542776
25.1151	35.3065	4.91482	0.0599591
21.8846	36.8646	4.85263	0.0560748
21.9134	33.7485	4.90686	0.057006
14.3285	32.6965	4.90641	0.0568928
12.7112	34.5275	4.90489	0.057956
12.8447	30.6708	4.918	0.0578882
18.9132	34.917	4.85978	0.0535937
15.8122	34.7222	4.86567	0.0542776
18.6835	32.5943	4.90473	0.0561262
15.601	39.0202	0.241326	0.0560867
12.5385	36.8646	4.88484	0.0592295
15.8122	34.7222	4.86567	0.0542776
23.5785	19.1174	4.92033	0.0578976
24.3933	15.2742	4.90285	0.0580284
26.3489	16.5071	4.91371	0.057951
28.8815	20.2128	4.92081	0.0578491
24.8405	21.1517	4.92162	0.0578114
26.4215	19.1174	4.91999	0.0578704
18.2554	16.5071	4.90951	0.0581112
17.7548	18.7251	4.91748	0.0580448
15.9817	15.8026	4.90459	0.0581603
14.6026	21.856	4.92033	0.058031
17.2541	20.9431	4.92035	0.0579904
17.2998	24.7062	4.9208	0.0579326
15.9817	15.8026	4.90459	0.0581603
13.1778	15.9788	4.90569	0.0581648
14.1312	14.0413	4.88164	0.0582079
14.6026	21.856	4.92033	0.058031
14.7591	18.4213	4.91684	0.0581018
17.2541	20.9431	4.92035	0.0579904
11.4404	21.3083	4.91954	0.0580787
14.001	23.9462	4.92038	0.0580157
10.9756	24.1362	4.92	0.0580383
30.001	14.922	4.89772	0.0579666
30.9096	13.2177	4.86655	0.0580013
33.1516	14.0413	4.88168	0.0579713
31.7446	16.5071	4.91022	0.0579416
30.001	14.922	4.89772	0.0579666
33.1516	14.0413	4.88168	0.0579713
25.6653	12.8882	4.867	0.0580869
27.0253	10.7509	4.78589	0.0581493
28.2875	13.053	4.87098	0.0580313
25.6653	12.8882	4.867	0.0580869
28.2875	13.053	4.87098	0.0580313
26.3489	16.5071	4.91371	0.057951
33.75	9.60269	0.145792	0.0591112
36.25	9.60269	0.14713	0.0590827
35.1085	11.7351	4.79824	0.0580221
39.693	16.8552	4.9133	0.0578812
41.2166	14.2175	4.89325	0.0578666
42.536	16.5071	4.91408	0.057839
28.8815	20.2128	4.92081	0.0578491
26.4215	19.1174	4.91999	0.0578704
28.6113	17.5512	4.9163	0.0579125
40.625	40	4.92307	0.0734046
43.75	40	4.92289	0.0740473
43.6923	43.1354	4.92568	0.0905992
34.399	40.9798	4.925	0.0834113
37.5	40	4.92349	0.0734376
37.5191	43.9145	1.00022	0.0186743
40.5769	36.8646	4.92149	0.0646891
43.6827	37.2565	4.9214	0.0659156
40.625	40	4.92307	0.0734046
37.3464	33.7485	4.92043	0.0602924
33.997	31.6326	4.92024	0.0589274
37.1553	30.6708	4.91995	0.0585837
40.625	40	4.92307	0.0734046
37.5	40	4.92349	0.0734376
40.5769	36.8646	4.92149	0.0646891
37.4615	36.8646	4.92168	0.0649138
34.1596	34.7385	4.92099	0.0616889
37.3464	33.7485	4.92043	0.0602924
46.2478	30.8632	4.92116	0.0587232
45.7731	27.8393	4.92136	0.0582242
48.7787	27.6505	4.92124	0.0582192
49.6928	33.7485	4.92039	0.0607468
46.6062	33.7485	4.92054	0.0604892
49.3105	30.6708	4.92096	0.0587217
40.1941	30.6708	4.92053	0.0585125
37.1553	30.6708	4.91995	0.0585837
36.8893	27.6505	4.92012	0.0580812
43.2329	30.6708	4.92119	0.058571
40.1941	30.6708	4.92053	0.0585125
42.7675	28.0281	4.92119	0.0582093
40.433	33.7485	4.92093	0.0601156
37.3464	33.7485	4.92043	0.0602924
40.1941	30.6708	4.92053	0.0585125
31.3171	35.696	4.92223	0.0633945
31.2019	38.0404	4.92333	0.0690368
28.1154	36.8646	4.92226	0.0651017
33.997	31.6326	4.92024	0.0589274
34.1596	34.7385	4.92099	0.0616889
30.9343	31.8249	4.92098	0.0588557
34.3221	37.8444	4.92254	0.0680004
31.2019	38.0404	4.92333	0.0690368
31.3171	35.696	4.92223	0.0633945
37.5	40	4.92349	0.0734376
34.3221	37.8444	4.92254	0.0680004
37.4615	36.8646	4.92168	0.0649138
34.399	40.9798	4.925	0.0834113
31.2019	38.0404	4.92333	0.0690368
34.3221	37.8444	4.92254	0.0680004
40.1941	30.6708	4.92053	0.0585125
39.9888	27.0985	4.92053	0.0581198
42.7675	28.0281	4.92119	0.0582093
7.16598	27.6505	4.92039	0.0580258
8.05963	24.7062	4.91985	0.0580094
10.1383	27.6505	4.9202	0.0580806
3.69504	30.482	4.92057	0.0584032
4.19365	27.6505	4.92059	0.0579734
6.70061	30.2933	4.92042	0.0583506
4.97956	24.7062	4.92005	0.0579587
8.05963	24.7062	4.91985	0.0580094
7.16598	27.6505	4.92039	0.0580258
2.71986	21.856	4.91981	0.0580048
4.97956	24.7062	4.92005	0.0579587
1.8995	24.7062	4.92034	0.0579209
14.001	23.9462	4.92038	0.0580157
11.4404	21.3083	4.91954	0.0580787
14.6026	21.856	4.92033	0.058031
13.1107	27.6505	4.91984	0.0580254
10.9756	24.1362	4.92	0.0580383
14.001	23.9462	4.92038	0.0580157
8.66123	21.856	4.91954	0.0580692
5.62671	21.6734	4.9196	0.0580446
6.52038	19.1174	4.91889	0.0581143
12.2064	19.1174	4.9182	0.0581134
11.4404	21.3083	4.91954	0.0580787
9.3634	19.1174	4.91803	0.058123
8.05963	24.7062	4.91985	0.0580094
5.62671	21.6734	4.9196	0.0580446
8.66123	21.856	4.91954	0.0580692
44.3095	21.856	4.92118	0.0579431
41.2294	22.236	4.9209	0.0579655
43.4158	19.3	4.92002	0.0578696
45.7731	27.8393	4.92136	0.0582242
45.0204	24.7062	4.92141	0.0580564
48.1005	24.7062	4.92132	0.058074
38.8603	24.7062	4.92049	0.0580225
36.8893	27.6505	4.92012	0.0580812
35.7802	24.7062	4.9204	0.057951
45.7731	27.8393	4.92136	0.0582242
42.7675	28.0281	4.92119	0.0582093
45.0204	24.7062	4.92141	0.0580564
43.2329	30.6708	4.92119	0.058571
46.2478	30.8632	4.92116	0.0587232
43.5196	33.7485	4.92107	0.0602405
40.433	33.7485	4.92093	0.0601156
43.2329	30.6708	4.92119	0.058571
43.5196	33.7485	4.92107	0.0602405
42.7675	28.0281	4.92119	0.0582093
45.7731	27.8393	4.92136	0.0582242
43.2329	30.6708	4.92119	0.058571
41.9404	24.7062	4.92097	0.0580479
42.7675	28.0281	4.92119	0.0582093
39.9888	27.0985	4.92053	0.0581198
45.7731	27.8393	4.92136	0.0582242
46.2478	30.8632	4.92116	0.0587232
43.2329	30.6708	4.92119	0.058571
8.69678	14.0413	4.89062	0.0581776
5.97957	14.0413	4.90342	0.0581684
7.31021	11.7351	4.85414	0.0581946
10.1618	16.5071	4.9107	0.0581574
8.69678	14.0413	4.89062	0.0581776
11.414	14.0413	4.88219	0.0581918
7.464	16.5071	4.91367	0.0581543
4.76616	16.5071	4.9165	0.0581455
5.97957	14.0413	4.90342	0.0581684
10.1618	16.5071	4.9107	0.0581574
7.464	16.5071	4.91367	0.0581543
8.69678	14.0413	4.89062	0.0581776
10.1618	16.5071	4.9107	0.0581574
9.3634	19.1174	4.91803	0.058123
7.464	16.5071	4.91367	0.0581543
9.42308	36.8646	4.91544	0.062963
9.49534	33.1714	4.91895	0.0592192
12.7112	34.5275	4.90489	0.057956
12.5	40	4.88205	0.0653216
9.36058	39.4121	4.91691	0.0683235
12.5385	36.8646	4.88484	0.0592295
9.36058	39.4121	4.91691	0.0683235
6.30769	36.8646	4.92082	0.0643883
9.42308	36.8646	4.91544	0.062963
3.19231	36.8646	4.92108	0.0652391
3.40821	33.9432	4.92034	0.0606427
6.30769	36.8646	4.92082	0.0643883
0.076922	36.8646	4.92125	0.0660011
3.19231	36.8646	4.92108	0.0652391
3.125	40	4.92273	0.0726996
0.076922	36.8646	4.92125	0.0660011
0.307214	33.7485	4.92054	0.0608003
3.19231	36.8646	4.92108	0.0652391
6.70061	30.2933	4.92042	0.0583506
9.80591	30.6708	4.91994	0.0583852
9.49534	33.1714	4.91895	0.0592192
2.71986	21.856	4.91981	0.0580048
5.62671	21.6734	4.9196	0.0580446
4.97956	24.7062	4.92005	0.0579587
18.0114	27.1222	4.9205	0.0579081
15.7173	29.727	4.91902	0.0578371
15.2052	26.1784	4.92045	0.0579979
43.5196	33.7485	4.92107	0.0602405
40.5769	36.8646	4.92149	0.0646891
40.433	33.7485	4.92093	0.0601156
49.9231	36.8646	4.92065	0.0662903
46.8029	37.0605	4.92065	0.0660866
49.6928	33.7485	4.92039	0.0607468
43.75	40	4.92289	0.0740473
40.625	40	4.92307	0.0734046
43.6827	37.2565	4.9214	0.0659156
13.1107	27.6505	4.91984	0.0580254
15.7173	29.727	4.91902	0.0578371
12.8447	30.6708	4.918	0.0578882
10.9756	24.1362	4.92	0.0580383
13.1107	27.6505	4.91984	0.0580254
10.1383	27.6505	4.9202	0.0580806
15.2052	26.1784	4.92045	0.0579979
17.2998	24.7062	4.9208	0.0579326
18.0114	27.1222	4.9205	0.0579081
14.001	23.9462	4.92038	0.0580157
15.2052	26.1784	4.92045	0.0579979
13.1107	27.6505	4.91984	0.0580254
14.001	23.9462	4.92038	0.0580157
17.2998	24.7062	4.9208	0.0579326
15.2052	26.1784	4.92045	0.0579979
46.6062	33.7485	4.92054	0.0604892
43.6827	37.2565	4.9214	0.0659156
43.5196	33.7485	4.92107	0.0602405
50	40	4.92211	0.0751151
46.8029	37.0605	4.92065	0.0660866
49.9231	36.8646	4.92065	0.0662903
46.8798	40.196	4.92291	0.0811616
43.75	40	4.92289	0.0740473
46.8029	37.0605	4.92065	0.0660866
21.9014	39.3141	0.273996	0.0602052
21.9183	41.7637	4.83624	0.0721627
18.7981	41.9596	0.23861	0.0672474
25	40	4.89427	0.0684933
21.9014	39.3141	0.273996	0.0602052
21.8846	36.8646	4.85263	0.0560748
25	40	4.89427	0.0684933
21.9183	41.7637	4.83624	0.0721627
21.9014	39.3141	0.273996	0.0602052
22.0142	44.8882	4.89272	0.0862198
18.7981	41.9596	0.23861	0.0672474
21.9183	41.7637	4.83624	0.0721627
3.69504	30.482	4.92057	0.0584032
3.40821	33.9432	4.92034	0.0606427
0.68946	30.6708	4.92059	0.0585421
1.22131	27.6505	4.92065	0.05796
3.69504	30.482	4.92057	0.0584032
0.68946	30.6708	4.92059	0.0585421
6.70061	30.2933	4.92042	0.0583506
6.43263	33.3637	4.92048	0.0598061
3.69504	30.482	4.92057	0.0584032
43.5196	33.7485	4.92107	0.0602405
43.6827	37.2565	4.9214	0.0659156
40.5769	36.8646	4.92149	0.0646891
40.1941	30.6708	4.92053	0.0585125
43.2329	30.6708	4.92119	0.058571
40.433	33.7485	4.92093	0.0601156
46.6062	33.7485	4.92054	0.0604892
49.6928	33.7485	4.92039	0.0607468
46.8029	37.0605	4.92065	0.0660866
46.2478	30.8632	4.92116	0.0587232
46.6062	33.7485	4.92054	0.0604892
43.5196	33.7485	4.92107	0.0602405
46.2478	30.8632	4.92116	0.0587232
49.3105	30.6708	4.92096	0.0587217
46.6062	33.7485	4.92054	0.0604892
46.8798	40.196	4.92291	0.0811616
46.8029	37.0605	4.92065	0.0660866
50	40	4.92211	0.0751151
9.4375	42.5475	4.92325	0.0824303
6.24038	39.6081	4.92243	0.0706072
9.36058	39.4121	4.91691	0.0683235
9.49534	33.1714	4.91895	0.0592192
9.80591	30.6708	4.91994	0.0583852
12.8447	30.6708	4.918	0.0578882
12.5385	36.8646	4.88484	0.0592295
9.42308	36.8646	4.91544	0.062963
12.7112	34.5275	4.90489	0.057956
6.43263	33.3637	4.92048	0.0598061
6.70061	30.2933	4.92042	0.0583506
9.49534	33.1714	4.91895	0.0592192
4.19365	27.6505	4.92059	0.0579734
4.97956	24.7062	4.92005	0.0579587
7.16598	27.6505	4.92039	0.0580258
1.22131	27.6505	4.92065	0.05796
4.19365	27.6505	4.92059	0.0579734
3.69504	30.482	4.92057	0.0584032
1.22131	27.6505	4.92065	0.05796
1.8995	24.7062	4.92034	0.0579209
4.19365	27.6505	4.92059	0.0579734
6.70061	30.2933	4.92042	0.0583506
4.19365	27.6505	4.92059	0.0579734
7.16598	27.6505	4.92039	0.0580258
18.7229	29.5382	4.91886	0.0576818
22.0277	27.6505	4.92149	0.057854
21.9612	30.6708	4.91985	0.0577935
14.3285	32.6965	4.90641	0.0568928
12.8447	30.6708	4.918	0.0578882
15.7173	29.727	4.91902	0.0578371
18.6835	32.5943	4.90473	0.0561262
14.3285	32.6965	4.90641	0.0568928
15.7173	29.727	4.91902	0.0578371
15.8122	34.7222	4.86567	0.0542776
12.7112	34.5275	4.90489	0.057956
14.3285	32.6965	4.90641	0.0568928
18.0114	27.1222	4.9205	0.0579081
20.3799	24.7062	4.92106	0.0578504
22.0277	27.6505	4.92149	0.057854
3.40821	33.9432	4.92034	0.0606427
3.69504	30.482	4.92057	0.0584032
6.43263	33.3637	4.92048	0.0598061
46.8077	43.1354	4.92596	0.0914803
43.6923	43.1354	4.92568	0.0905992
46.8798	40.196	4.92291	0.0811616
49.9231	43.1354	4.92552	0.0913404
46.8077	43.1354	4.92596	0.0914803
46.8798	40.196	4.92291	0.0811616
46.2717	49.3292	4.92774	0.0962124
49.3105	49.3292	4.92821	0.0967557
48.7787	52.3495	4.92484	0.0936253
43.5196	46.2515	4.92774	0.0968766
46.2717	49.3292	4.92774	0.0962124
43.2329	49.3292	4.92762	0.0966626
40.433	46.2515	4.92728	0.0965935
43.5196	46.2515	4.92774	0.0968766
43.2329	49.3292	4.92762	0.0966626
43.6923	43.1354	4.92568	0.0905992
46.8077	43.1354	4.92596	0.0914803
46.6062	46.2515	4.92779	0.0970182
46.6062	46.2515	4.92779	0.0970182
49.3105	49.3292	4.92821	0.0967557
46.2717	49.3292	4.92774	0.0962124
6.30769	36.8646	4.92082	0.0643883
6.43263	33.3637	4.92048	0.0598061
9.42308	36.8646	4.91544	0.062963
3.125	40	4.92273	0.0726996
3.19231	36.8646	4.92108	0.0652391
6.24038	39.6081	4.92243	0.0706072
3.40821	33.9432	4.92034	0.0606427
6.43263	33.3637	4.92048	0.0598061
6.30769	36.8646	4.92082	0.0643883
0.307214	33.7485	4.92054	0.0608003
3.40821	33.9432	4.92034	0.0606427
3.19231	36.8646	4.92108	0.0652391
0.307214	33.7485	4.92054	0.0608003
0.68946	30.6708	4.92059	0.0585421
3.40821	33.9432	4.92034	0.0606427
