25	30.6708	4.92592	0.0554303
28.0866	33.7485	4.92539	0.0574861
25.1151	35.3065	4.91744	0.0571836
22.0277	27.6505	4.92512	0.0551363
25	30.6708	4.92592	0.0554303
21.9612	30.6708	4.92296	0.0550165
26.689	28.4246	4.92555	0.0552147
28.269	26.3624	4.92531	0.055074
30.7452	28.7831	4.92463	0.0553089
25	30.6708	4.92592	0.0554303
26.689	28.4246	4.92555	0.0552147
28.0388	30.6708	4.92543	0.0557117
25.3391	26.1784	4.9254	0.0550745
28.269	26.3624	4.92531	0.055074
26.689	28.4246	4.92555	0.0552147
28.0388	30.6708	4.92543	0.0557117
30.9343	31.8249	4.92477	0.056204
28.0866	33.7485	4.92539	0.0574861
22.0277	27.6505	4.92512	0.0551363
26.689	28.4246	4.92555	0.0552147
25	30.6708	4.92592	0.0554303
30.7452	28.7831	4.92463	0.0553089
30.9343	31.8249	4.92477	0.056204
28.0388	30.6708	4.92543	0.0557117
26.689	28.4246	4.92555	0.0552147
30.7452	28.7831	4.92463	0.0553089
28.0388	30.6708	4.92543	0.0557117
26.1025	23.1861	4.92559	0.0550545
28.269	26.3624	4.92531	0.055074
25.3391	26.1784	4.9254	0.0550745
29.1279	22.9961	4.92524	0.0550811
32.7002	24.7062	4.92447	0.0551474
31.199	26.5464	4.9247	0.0551413
33.7508	28.5944	4.9239	0.055323
30.9343	31.8249	4.92477	0.056204
30.7452	28.7831	4.92463	0.0553089
31.199	26.5464	4.9247	0.0551413
33.7508	28.5944	4.9239	0.055323
30.7452	28.7831	4.92463	0.0553089
37.4615	36.8646	4.92537	0.0620794
40.433	33.7485	4.92462	0.0574548
40.5769	36.8646	4.92528	0.0619068
36.8893	27.6505	4.9239	0.0553679
37.1553	30.6708	4.92381	0.0558955
33.7508	28.5944	4.9239	0.055323
36.8893	27.6505	4.9239	0.0553679
39.9888	27.0985	4.92429	0.0553972
40.1941	30.6708	4.92428	0.0558217
34.9506	19.1174	4.92214	0.0552139
34.4425	16.5071	4.91278	0.0552207
37.1403	16.5071	4.91315	0.0552002
38.204	22.4261	4.92434	0.0552473
35.1786	22.6161	4.92412	0.0552096
36.4861	20.8667	4.92349	0.0552205
32.1075	19.1174	4.92246	0.0551933
28.8815	20.2128	4.92429	0.0551352
28.6113	17.5512	4.91947	0.0551951
38.204	22.4261	4.92434	0.0552473
35.7802	24.7062	4.92415	0.0552313
35.1786	22.6161	4.92412	0.0552096
32.7002	24.7062	4.92447	0.0551474
29.1279	22.9961	4.92524	0.0550811
32.4267	21.856	4.92442	0.0551644
45.7731	27.8393	4.92501	0.0555022
48.1005	24.7062	4.92503	0.0553489
48.7787	27.6505	4.92494	0.0554985
38.8603	24.7062	4.92425	0.0552973
41.2294	22.236	4.92454	0.0552449
41.9404	24.7062	4.92468	0.0553221
38.8603	24.7062	4.92425	0.0552973
38.204	22.4261	4.92434	0.0552473
41.2294	22.236	4.92454	0.0552449
36.8893	27.6505	4.9239	0.0553679
38.8603	24.7062	4.92425	0.0552973
39.9888	27.0985	4.92429	0.0553972
35.7802	24.7062	4.92415	0.0552313
38.204	22.4261	4.92434	0.0552473
38.8603	24.7062	4.92425	0.0552973
33.7508	28.5944	4.9239	0.055323
35.7802	24.7062	4.92415	0.0552313
36.8893	27.6505	4.9239	0.0553679
32.7002	24.7062	4.92447	0.0551474
32.4267	21.856	4.92442	0.0551644
35.1786	22.6161	4.92412	0.0552096
37.7936	19.1174	4.92209	0.055204
40.5089	19.4825	4.92317	0.0551862
38.204	22.4261	4.92434	0.0552473
35.1786	22.6161	4.92412	0.0552096
32.4267	21.856	4.92442	0.0551644
34.9506	19.1174	4.92214	0.0552139
36.4861	20.8667	4.92349	0.0552205
35.1786	22.6161	4.92412	0.0552096
34.9506	19.1174	4.92214	0.0552139
37.7936	19.1174	4.92209	0.055204
36.4861	20.8667	4.92349	0.0552205
34.9506	19.1174	4.92214	0.0552139
37.7936	19.1174	4.92209	0.055204
38.204	22.4261	4.92434	0.0552473
36.4861	20.8667	4.92349	0.0552205
35.7802	24.7062	4.92415	0.0552313
32.7002	24.7062	4.92447	0.0551474
35.1786	22.6161	4.92412	0.0552096
33.7508	28.5944	4.9239	0.055323
32.7002	24.7062	4.92447	0.0551474
35.7802	24.7062	4.92415	0.0552313
29.1279	22.9961	4.92524	0.0550811
28.8815	20.2128	4.92429	0.0551352
32.4267	21.856	4.92442	0.0551644
37.1403	16.5071	4.91315	0.0552002
39.693	16.8552	4.9164	0.055167
37.7936	19.1174	4.92209	0.055204
44.3095	21.856	4.9248	0.0552264
47.2801	21.856	4.92498	0.0552409
45.0204	24.7062	4.92506	0.0553318
41.9404	24.7062	4.92468	0.0553221
44.3095	21.856	4.9248	0.0552264
45.0204	24.7062	4.92506	0.0553318
43.4158	19.3	4.92355	0.055158
46.3226	19.1174	4.92407	0.0551566
44.3095	21.856	4.9248	0.0552264
28.0866	46.2515	4.933	0.0928604
31.0776	49.3292	4.92202	0.0925176
28.0388	49.3292	4.93056	0.094369
25	43.1354	4.91325	0.0808847
28.1154	43.1354	4.92904	0.0854688
28.0866	46.2515	4.933	0.0928604
37.3464	46.2515	0.671431	0.019333
34.3294	43.6157	0.682641	0.0207262
37.5191	43.9145	0.682058	0.0206245
31.226	43.7137	4.92304	0.0862982
31.2788	41.1758	4.92801	0.0804872
34.3294	43.6157	0.682641	0.0207262
28.0866	46.2515	4.933	0.0928604
31.226	43.7137	4.92304	0.0862982
31.1732	46.2515	4.92262	0.0905032
28.1154	43.1354	4.92904	0.0854688
31.2788	41.1758	4.92801	0.0804872
31.226	43.7137	4.92304	0.0862982
25	46.2515	4.92494	0.0898566
25	43.1354	4.91325	0.0808847
28.0866	46.2515	4.933	0.0928604
28.125	40	4.92228	0.0697712
31.2788	41.1758	4.92801	0.0804872
28.1154	43.1354	4.92904	0.0854688
28.125	40	4.92228	0.0697712
31.2019	38.0404	4.92845	0.0662464
31.2788	41.1758	4.92801	0.0804872
31.2019	38.0404	4.92845	0.0662464
34.399	40.9798	4.91786	0.0767623
31.2788	41.1758	4.92801	0.0804872
28.0866	33.7485	4.92539	0.0574861
31.3171	35.696	4.92568	0.0605305
28.1154	36.8646	4.92529	0.0620866
37.3464	33.7485	4.92427	0.0576185
37.1553	30.6708	4.92381	0.0558955
40.1941	30.6708	4.92428	0.0558217
37.4615	36.8646	4.92537	0.0620794
37.3464	33.7485	4.92427	0.0576185
40.433	33.7485	4.92462	0.0574548
37.4615	36.8646	4.92537	0.0620794
34.3221	37.8444	4.92738	0.0652304
34.1596	34.7385	4.92469	0.05894
34.1596	34.7385	4.92469	0.05894
33.997	31.6326	4.92408	0.0562551
37.3464	33.7485	4.92427	0.0576185
31.3171	35.696	4.92568	0.0605305
34.1596	34.7385	4.92469	0.05894
34.3221	37.8444	4.92738	0.0652304
31.3171	35.696	4.92568	0.0605305
30.9343	31.8249	4.92477	0.056204
34.1596	34.7385	4.92469	0.05894
30.9343	31.8249	4.92477	0.056204
33.7508	28.5944	4.9239	0.055323
33.997	31.6326	4.92408	0.0562551
40.433	46.2515	4.92365	0.0898451
40.6201	43.7197	4.92621	0.0863187
43.5196	46.2515	4.93187	0.0920017
46.8029	37.0605	4.92454	0.0631929
43.75	40	4.92642	0.0706034
43.6827	37.2565	4.92502	0.0630157
49.9231	43.1354	4.9289	0.0865837
46.8798	40.196	4.92655	0.077292
50	40	4.92589	0.0715835
49.9231	43.1354	4.9289	0.0865837
49.6928	46.2515	4.93121	0.0924862
46.8077	43.1354	4.92922	0.0866337
25	43.1354	4.91325	0.0808847
25	46.2515	4.92494	0.0898566
22.0142	44.8882	4.89475	0.0818754
25	40	4.89644	0.0652849
25	43.1354	4.91325	0.0808847
21.9183	41.7637	4.83786	0.0690119
25	40	4.89644	0.0652849
28.1154	43.1354	4.92904	0.0854688
25	43.1354	4.91325	0.0808847
31.2019	38.0404	4.92845	0.0662464
28.125	40	4.92228	0.0697712
28.1154	36.8646	4.92529	0.0620866
28.1154	43.1354	4.92904	0.0854688
31.226	43.7137	4.92304	0.0862982
28.0866	46.2515	4.933	0.0928604
18.7981	41.9596	0.228535	0.0649292
15.601	39.0202	0.231733	0.0542427
18.7212	38.8242	0.205393	0.052138
17.2523	44.2036	4.86207	0.0743735
15.7402	46.2515	4.91293	0.0825674
14.1489	44.3016	4.90584	0.07752
18.7981	41.9596	0.228535	0.0649292
17.2523	44.2036	4.86207	0.0743735
15.6779	42.1556	4.83943	0.0674032
18.8268	46.2515	4.90251	0.0836121
15.7402	46.2515	4.91293	0.0825674
17.2523	44.2036	4.86207	0.0743735
21.7462	47.598	4.92218	0.0905397
18.8268	46.2515	4.90251	0.0836121
22.0142	44.8882	4.89475	0.0818754
21.7462	47.598	4.92218	0.0905397
18.9224	49.3292	4.92604	0.0910651
18.8268	46.2515	4.90251	0.0836121
15.6779	42.1556	4.83943	0.0674032
15.601	39.0202	0.231733	0.0542427
18.7981	41.9596	0.228535	0.0649292
18.8268	46.2515	4.90251	0.0836121
17.2523	44.2036	4.86207	0.0743735
18.7981	41.9596	0.228535	0.0649292
14.1489	44.3016	4.90584	0.07752
12.6536	46.2515	4.92498	0.0838593
12.5577	42.3516	4.90645	0.0739529
15.6779	42.1556	4.83943	0.0674032
14.1489	44.3016	4.90584	0.07752
12.5577	42.3516	4.90645	0.0739529
15.7402	46.2515	4.91293	0.0825674
12.6536	46.2515	4.92498	0.0838593
14.1489	44.3016	4.90584	0.07752
12.7118	50.0843	4.92869	0.0893013
12.6536	46.2515	4.92498	0.0838593
15.8835	49.3292	4.92805	0.0891572
16.083	52.3495	4.92509	0.0923843
13.1107	52.3495	4.92415	0.09142
15.8835	49.3292	4.92805	0.0891572
18.9224	49.3292	4.92604	0.0910651
16.083	52.3495	4.92509	0.0923843
15.8835	49.3292	4.92805	0.0891572
13.1107	52.3495	4.92415	0.09142
10.6893	54.7417	4.90601	0.0944512
10.1383	52.3495	4.92344	0.0913848
15.8835	49.3292	4.92805	0.0891572
13.1107	52.3495	4.92415	0.09142
12.7118	50.0843	4.92869	0.0893013
14.2198	55.2938	4.89983	0.0981786
10.6893	54.7417	4.90601	0.0944512
13.1107	52.3495	4.92415	0.09142
17.0264	56.2438	4.88846	0.103974
14.2198	55.2938	4.89983	0.0981786
16.083	52.3495	4.92509	0.0923843
17.2808	59.0298	4.78909	0.139616
17.5295	61.7527	0.119111	4.73382
15.0494	60.8826	0.135873	0.162899
17.0264	56.2438	4.88846	0.103974
17.2808	59.0298	4.78909	0.139616
14.6026	58.144	4.81533	0.120128
17.0264	56.2438	4.88846	0.103974
20.0518	56.4338	4.88955	0.105621
17.2808	59.0298	4.78909	0.139616
7.16598	52.3495	4.92393	0.092783
8.05963	55.2938	4.89765	0.0952873
4.92487	55.4838	4.90033	0.0983192
6.76709	49.3292	4.93004	0.0909902
7.16598	52.3495	4.92393	0.092783
4.19365	52.3495	4.92572	0.0946839
10.1383	52.3495	4.92344	0.0913848
8.05963	55.2938	4.89765	0.0952873
7.16598	52.3495	4.92393	0.092783
12.7118	50.0843	4.92869	0.0893013
10.1383	52.3495	4.92344	0.0913848
9.70619	49.8955	4.92873	0.0897203
10.6893	54.7417	4.90601	0.0944512
8.05963	55.2938	4.89765	0.0952873
10.1383	52.3495	4.92344	0.0913848
12.5577	42.3516	4.90645	0.0739529
12.5	40	4.88409	0.0622581
15.6779	42.1556	4.83943	0.0674032
9.61019	45.6673	4.93015	0.0848329
12.5577	42.3516	4.90645	0.0739529
12.6536	46.2515	4.92498	0.0838593
9.61019	45.6673	4.93015	0.0848329
6.31731	42.7435	4.92837	0.0799568
9.4375	42.5475	4.92591	0.0780978
-3.10282e-28	40	4.9269	0.0750678
3.125	40	4.92638	0.0692395
3.19711	42.9395	4.92826	0.0811621
-3.10282e-28	40	4.9269	0.0750678
0.076922	36.8646	4.92498	0.0629737
3.125	40	4.92638	0.0692395
46.6062	46.2515	4.93088	0.0919436
46.2717	49.3292	4.93067	0.0914906
43.5196	46.2515	4.93187	0.0920017
43.6923	43.1354	4.92922	0.0860089
46.6062	46.2515	4.93088	0.0919436
43.5196	46.2515	4.93187	0.0920017
49.6928	46.2515	4.93121	0.0924862
49.3105	49.3292	4.93136	0.092001
46.6062	46.2515	4.93088	0.0919436
27.4517	72.3429	0.05944	0.0749021
25	72.3429	0.0593672	0.0776286
27.0253	69.2491	0.0607841	0.108618
24.7277	76.3587	0.0591562	0.0608866
26.189	74.0896	0.0592804	0.0668968
27.2733	75.6267	0.0592676	0.0619573
24.7277	76.3587	0.0591562	0.0608866
23.0327	74.7883	0.0591328	0.0661268
26.189	74.0896	0.0592804	0.0668968
23.0339	79.8761	0.0590469	0.0581293
21.0802	79.5053	0.0589793	0.0586265
21.6827	78.0345	0.0589968	0.0590711
19.6759	76.9444	0.0589561	0.0601204
19.0551	74.0896	0.0590716	0.0684414
21.4331	74.0896	0.0591223	0.0698978
19.6759	76.9444	0.0589561	0.0601204
18.1801	75.6267	0.0589837	0.0628828
19.0551	74.0896	0.0590716	0.0684414
21.4331	74.0896	0.0591223	0.0698978
23.0327	74.7883	0.0591328	0.0661268
22.3999	76.5052	0.0590517	0.0612597
20.0967	72.3429	0.059264	0.0839045
22.5483	72.3429	0.0593129	0.0853346
21.4331	74.0896	0.0591223	0.0698978
16.5527	73.7985	0.0590576	0.0670142
17.645	72.3429	0.0592168	0.0752464
19.0551	74.0896	0.0590716	0.0684414
19.193	69.7412	0.0601699	0.118762
21.8037	69.5771	0.0610315	4.57124
20.0967	72.3429	0.059264	0.0839045
21.8037	69.5771	0.0610315	4.57124
23.75	70.3973	0.0598663	0.103812
22.5483	72.3429	0.0593129	0.0853346
21.6827	78.0345	0.0589968	0.0590711
19.1515	78.89	0.0589326	0.0590075
19.6759	76.9444	0.0589561	0.0601204
22.3999	76.5052	0.0590517	0.0612597
19.6759	76.9444	0.0589561	0.0601204
21.4331	74.0896	0.0591223	0.0698978
22.3999	76.5052	0.0590517	0.0612597
21.6827	78.0345	0.0589968	0.0590711
19.6759	76.9444	0.0589561	0.0601204
24.7277	76.3587	0.0591562	0.0608866
22.3999	76.5052	0.0590517	0.0612597
23.0327	74.7883	0.0591328	0.0661268
24.7277	76.3587	0.0591562	0.0608866
24.9752	78.5234	0.0591431	0.0584121
23.329	78.279	0.0590647	0.0587364
21.0802	79.5053	0.0589793	0.0586265
19.1515	78.89	0.0589326	0.0590075
21.6827	78.0345	0.0589968	0.0590711
25	80	0.0591406	0.0580661
24.9752	78.5234	0.0591431	0.0584121
26.9661	79.8761	0.0592289	0.0578904
19.6759	76.9444	0.0589561	0.0601204
19.1515	78.89	0.0589326	0.0590075
17.2597	78.0345	0.0589287	0.059933
28.3173	78.0345	0.0592857	0.0585585
30.8485	78.89	0.0593072	0.0586878
28.9198	79.5053	0.0592889	0.0582366
18.1801	75.6267	0.0589837	0.0628828
19.6759	76.9444	0.0589561	0.0601204
17.2597	78.0345	0.0589287	0.059933
15.4167	76.9444	0.0589482	0.0610952
18.1801	75.6267	0.0589837	0.0628828
17.2597	78.0345	0.0589287	0.059933
23.0327	74.7883	0.0591328	0.0661268
21.4331	74.0896	0.0591223	0.0698978
22.5483	72.3429	0.0593129	0.0853346
15.4167	76.9444	0.0589482	0.0610952
16.5527	73.7985	0.0590576	0.0670142
18.1801	75.6267	0.0589837	0.0628828
20.0967	72.3429	0.059264	0.0839045
21.8037	69.5771	0.0610315	4.57124
22.5483	72.3429	0.0593129	0.0853346
15.4167	76.9444	0.0589482	0.0610952
13.6336	75.6267	0.0590041	0.0647911
14.237	73.9441	0.0590411	0.0669601
29.3832	76.0659	0.0592998	0.0608653
31.3712	77.1646	0.0592879	0.0597501
28.3173	78.0345	0.0592857	0.0585585
31.9219	75.3472	0.0591595	0.0622841
34.5833	76.9444	0.0591831	0.0610347
32.7403	78.0345	0.0592941	0.0594867
14.237	73.9441	0.0590411	0.0669601
11.9212	74.0896	0.0590542	0.069715
12.7417	72.3429	0.0591293	0.0737741
11.25	70.3973	0.0594718	0.0891384
12.7417	72.3429	0.0591293	0.0737741
10.2901	72.3429	0.0591941	0.0798686
17.645	72.3429	0.0592168	0.0752464
16.5527	73.7985	0.0590576	0.0670142
15.1934	72.3429	0.0591696	0.0725819
19.193	69.7412	0.0601699	0.118762
17.645	72.3429	0.0592168	0.0752464
16.25	70.3973	0.0596629	0.0878334
20.0967	72.3429	0.059264	0.0839045
19.0551	74.0896	0.0590716	0.0684414
17.645	72.3429	0.0592168	0.0752464
19.0551	74.0896	0.0590716	0.0684414
18.1801	75.6267	0.0589837	0.0628828
16.5527	73.7985	0.0590576	0.0670142
32.355	72.3429	0.0579012	0.0717658
34.8066	72.3429	0.0567048	0.0702709
33.3228	74.0896	0.0586727	0.0651107
33.3228	74.0896	0.0586727	0.0651107
31.9219	75.3472	0.0591595	0.0622841
30.9297	73.8705	0.0590721	0.0664015
35.7008	74.0896	0.0582037	0.0660129
33.3228	74.0896	0.0586727	0.0651107
34.8066	72.3429	0.0567048	0.0702709
34.5833	76.9444	0.0591831	0.0610347
31.9219	75.3472	0.0591595	0.0622841
33.3228	74.0896	0.0586727	0.0651107
17.4187	68.2649	0.0614826	0.13406
14.8915	68.2649	0.0608708	0.120938
16.8484	65.9587	0.0672585	4.70983
16.25	70.3973	0.0596629	0.0878334
13.513	70.6966	0.0593868	0.0826362
14.8915	68.2649	0.0608708	0.120938
19.193	69.7412	0.0601699	0.118762
16.25	70.3973	0.0596629	0.0878334
17.4187	68.2649	0.0614826	0.13406
15.1934	72.3429	0.0591696	0.0725819
14.237	73.9441	0.0590411	0.0669601
12.7417	72.3429	0.0591293	0.0737741
17.645	72.3429	0.0592168	0.0752464
15.1934	72.3429	0.0591696	0.0725819
16.25	70.3973	0.0596629	0.0878334
16.5527	73.7985	0.0590576	0.0670142
14.237	73.9441	0.0590411	0.0669601
15.1934	72.3429	0.0591696	0.0725819
12.7417	72.3429	0.0591293	0.0737741
11.25	70.3973	0.0594718	0.0891384
13.513	70.6966	0.0593868	0.0826362
8.74996	70.3973	0.0597309	0.100792
11.25	70.3973	0.0594718	0.0891384
10.2901	72.3429	0.0591941	0.0798686
12.3644	68.2649	0.060763	0.120304
13.846	66.4528	0.0640478	0.149502
14.8915	68.2649	0.0608708	0.120938
9.83732	68.2649	0.0608353	0.133456
12.3644	68.2649	0.060763	0.120304
11.25	70.3973	0.0594718	0.0891384
9.83732	68.2649	0.0608353	0.133456
11.414	65.9587	0.0664486	4.66393
12.3644	68.2649	0.060763	0.120304
9.83732	68.2649	0.0608353	0.133456
11.25	70.3973	0.0594718	0.0891384
8.74996	70.3973	0.0597309	0.100792
14.8915	68.2649	0.0608708	0.120938
13.513	70.6966	0.0593868	0.0826362
12.3644	68.2649	0.060763	0.120304
15.1934	72.3429	0.0591696	0.0725819
12.7417	72.3429	0.0591293	0.0737741
13.513	70.6966	0.0593868	0.0826362
15.4167	76.9444	0.0589482	0.0610952
14.237	73.9441	0.0590411	0.0669601
16.5527	73.7985	0.0590576	0.0670142
13.6336	75.6267	0.0590041	0.0647911
11.9212	74.0896	0.0590542	0.069715
14.237	73.9441	0.0590411	0.0669601
11.9212	74.0896	0.0590542	0.069715
10.2901	72.3429	0.0591941	0.0798686
12.7417	72.3429	0.0591293	0.0737741
7.31021	68.2649	0.0617985	0.153523
9.83732	68.2649	0.0608353	0.133456
8.74996	70.3973	0.0597309	0.100792
7.31021	68.2649	0.0617985	0.153523
5.97957	65.9587	0.0701905	4.64911
8.78345	65.7825	0.0676151	4.68935
28.3173	78.0345	0.0592857	0.0585585
28.9198	79.5053	0.0592889	0.0582366
26.9661	79.8761	0.0592289	0.0578904
31.3712	77.1646	0.0592879	0.0597501
31.9219	75.3472	0.0591595	0.0622841
32.7403	78.0345	0.0592941	0.0594867
28.3173	78.0345	0.0592857	0.0585585
31.3712	77.1646	0.0592879	0.0597501
30.8485	78.89	0.0593072	0.0586878
29.3832	76.0659	0.0592998	0.0608653
31.9219	75.3472	0.0591595	0.0622841
31.3712	77.1646	0.0592879	0.0597501
27.2733	75.6267	0.0592676	0.0619573
29.3832	76.0659	0.0592998	0.0608653
28.3173	78.0345	0.0592857	0.0585585
28.5669	74.0896	0.0592971	0.0661192
29.9033	72.3429	0.0590851	0.0744795
30.9297	73.8705	0.0590721	0.0664015
27.2733	75.6267	0.0592676	0.0619573
28.5669	74.0896	0.0592971	0.0661192
29.3832	76.0659	0.0592998	0.0608653
27.2733	75.6267	0.0592676	0.0619573
26.189	74.0896	0.0592804	0.0668968
28.5669	74.0896	0.0592971	0.0661192
26.2439	77.6257	0.0592096	0.0590163
27.2733	75.6267	0.0592676	0.0619573
28.3173	78.0345	0.0592857	0.0585585
26.9661	79.8761	0.0592289	0.0578904
26.2439	77.6257	0.0592096	0.0590163
28.3173	78.0345	0.0592857	0.0585585
24.9752	78.5234	0.0591431	0.0584121
24.7277	76.3587	0.0591562	0.0608866
26.2439	77.6257	0.0592096	0.0590163
31.0572	70.658	0.0579463	0.0867689
30.0542	68.2649	0.0618619	4.58295
32.2468	68.921	0.0555501	0.102546
31.0572	70.658	0.0579463	0.0867689
28.75	70.3973	0.0597355	0.092896
30.0542	68.2649	0.0618619	4.58295
33.75	70.3973	0.0542711	0.0784744
31.0572	70.658	0.0579463	0.0867689
32.2468	68.921	0.0555501	0.102546
29.9033	72.3429	0.0590851	0.0744795
28.75	70.3973	0.0597355	0.092896
31.0572	70.658	0.0579463	0.0867689
30.9297	73.8705	0.0590721	0.0664015
29.9033	72.3429	0.0590851	0.0744795
32.355	72.3429	0.0579012	0.0717658
33.3228	74.0896	0.0586727	0.0651107
30.9297	73.8705	0.0590721	0.0664015
32.355	72.3429	0.0579012	0.0717658
31.9219	75.3472	0.0591595	0.0622841
29.3832	76.0659	0.0592998	0.0608653
30.9297	73.8705	0.0590721	0.0664015
28.5669	74.0896	0.0592971	0.0661192
26.189	74.0896	0.0592804	0.0668968
27.4517	72.3429	0.05944	0.0749021
25	72.3429	0.0593672	0.0776286
23.75	70.3973	0.0598663	0.103812
27.0253	69.2491	0.0607841	0.108618
26.9661	79.8761	0.0592289	0.0578904
24.9752	78.5234	0.0591431	0.0584121
26.2439	77.6257	0.0592096	0.0590163
27.0253	69.2491	0.0607841	0.108618
24.3347	67.1118	0.0639673	0.157174
26.9568	67.2765	0.0641197	0.133498
19.0904	66.7823	0.0649682	0.177487
19.999	65.078	0.0751706	4.74756
22.2828	65.9587	0.0681056	4.49463
17.4187	68.2649	0.0614826	0.13406
19.0904	66.7823	0.0649682	0.177487
19.193	69.7412	0.0601699	0.118762
17.4187	68.2649	0.0614826	0.13406
16.8484	65.9587	0.0672585	4.70983
19.0904	66.7823	0.0649682	0.177487
27.4517	72.3429	0.05944	0.0749021
28.75	70.3973	0.0597355	0.092896
29.9033	72.3429	0.0590851	0.0744795
28.5669	74.0896	0.0592971	0.0661192
27.4517	72.3429	0.05944	0.0749021
29.9033	72.3429	0.0590851	0.0744795
26.189	74.0896	0.0592804	0.0668968
25	72.3429	0.0593672	0.0776286
27.4517	72.3429	0.05944	0.0749021
27.0253	69.2491	0.0607841	0.108618
26.9568	67.2765	0.0641197	0.133498
30.0542	68.2649	0.0618619	4.58295
27.4517	72.3429	0.05944	0.0749021
27.0253	69.2491	0.0607841	0.108618
28.75	70.3973	0.0597355	0.092896
23.75	70.3973	0.0598663	0.103812
24.3347	67.1118	0.0639673	0.157174
27.0253	69.2491	0.0607841	0.108618
34.8233	67.7707	0.0512063	0.105725
37.4455	67.9354	0.0536343	4.55369
36.25	70.3973	0.053318	0.0825397
31.3712	77.1646	0.0592879	0.0597501
32.7403	78.0345	0.0592941	0.0594867
30.8485	78.89	0.0593072	0.0586878
23.329	78.279	0.0590647	0.0587364
22.3999	76.5052	0.0590517	0.0612597
24.7277	76.3587	0.0591562	0.0608866
23.0339	79.8761	0.0590469	0.0581293
23.329	78.279	0.0590647	0.0587364
24.9752	78.5234	0.0591431	0.0584121
21.6827	78.0345	0.0589968	0.0590711
22.3999	76.5052	0.0590517	0.0612597
23.329	78.279	0.0590647	0.0587364
21.6827	78.0345	0.0589968	0.0590711
23.329	78.279	0.0590647	0.0587364
23.0339	79.8761	0.0590469	0.0581293
25	72.3429	0.0593672	0.0776286
26.189	74.0896	0.0592804	0.0668968
23.0327	74.7883	0.0591328	0.0661268
27.2733	75.6267	0.0592676	0.0619573
26.2439	77.6257	0.0592096	0.0590163
24.7277	76.3587	0.0591562	0.0608866
25	80	0.0591406	0.0580661
23.0339	79.8761	0.0590469	0.0581293
24.9752	78.5234	0.0591431	0.0584121
35.7008	74.0896	0.0582037	0.0660129
37.3942	72.4885	0.0566124	0.0720984
38.0788	74.0896	0.0575493	0.0689962
34.5833	76.9444	0.0591831	0.0610347
35.7008	74.0896	0.0582037	0.0660129
36.3664	75.6267	0.0585485	0.064514
34.8066	72.3429	0.0567048	0.0702709
37.3942	72.4885	0.0566124	0.0720984
35.7008	74.0896	0.0582037	0.0660129
34.5833	76.9444	0.0591831	0.0610347
33.3228	74.0896	0.0586727	0.0651107
35.7008	74.0896	0.0582037	0.0660129
33.75	70.3973	0.0542711	0.0784744
36.25	70.3973	0.053318	0.0825397
34.8066	72.3429	0.0567048	0.0702709
35.7008	74.0896	0.0582037	0.0660129
38.0788	74.0896	0.0575493	0.0689962
36.3664	75.6267	0.0585485	0.064514
37.4455	67.9354	0.0536343	4.55369
38.75	70.3973	0.0547768	0.0854135
36.25	70.3973	0.053318	0.0825397
39.7099	72.3429	0.0561567	0.0765977
38.0788	74.0896	0.0575493	0.0689962
37.3942	72.4885	0.0566124	0.0720984
36.25	70.3973	0.053318	0.0825397
33.75	70.3973	0.0542711	0.0784744
34.8233	67.7707	0.0512063	0.105725
37.3942	72.4885	0.0566124	0.0720984
36.25	70.3973	0.053318	0.0825397
38.75	70.3973	0.0547768	0.0854135
37.3942	72.4885	0.0566124	0.0720984
34.8066	72.3429	0.0567048	0.0702709
36.25	70.3973	0.053318	0.0825397
15.5575	63.4929	0.0880618	4.72069
16.8484	65.9587	0.0672585	4.70983
13.846	66.4528	0.0640478	0.149502
11.414	65.9587	0.0664486	4.66393
12.8597	63.4929	0.0816743	0.163022
13.846	66.4528	0.0640478	0.149502
15.0494	60.8826	0.135873	0.162899
17.5295	61.7527	0.119111	4.73382
15.5575	63.4929	0.0880618	4.72069
15.5575	63.4929	0.0880618	4.72069
17.5295	61.7527	0.119111	4.73382
16.8484	65.9587	0.0672585	4.70983
11.6319	58.144	4.80744	0.115869
14.6026	58.144	4.81533	0.120128
12.3979	60.3349	0.147243	4.63365
14.6026	58.144	4.81533	0.120128
17.2808	59.0298	4.78909	0.139616
15.0494	60.8826	0.135873	0.162899
20.363	63.0044	0.100176	4.76459
19.999	65.078	0.0751706	4.74756
17.5295	61.7527	0.119111	4.73382
20.7355	60.8826	0.152877	4.71638
20.363	63.0044	0.100176	4.76459
17.5295	61.7527	0.119111	4.73382
20.7355	60.8826	0.152877	4.71638
23.0704	62.1007	0.117535	0.190805
20.363	63.0044	0.100176	4.76459
11.6319	58.144	4.80744	0.115869
10.6893	54.7417	4.90601	0.0944512
14.2198	55.2938	4.89983	0.0981786
9.3634	60.8826	0.131187	0.135862
11.6319	58.144	4.80744	0.115869
12.3979	60.3349	0.147243	4.63365
8.66123	58.144	4.80924	0.105189
10.6893	54.7417	4.90601	0.0944512
11.6319	58.144	4.80744	0.115869
5.69054	58.144	4.82071	0.109154
4.92487	55.4838	4.90033	0.0983192
8.05963	55.2938	4.89765	0.0952873
6.4478	61.0566	0.132271	0.136081
5.69054	58.144	4.82071	0.109154
8.66123	58.144	4.80924	0.105189
3.67737	60.8826	0.156961	3.89192
2.71986	58.144	4.84726	0.110081
5.69054	58.144	4.82071	0.109154
36.8222	64.0212	0.072348	0.120837
39.6261	63.8451	0.0734131	0.110717
38.586	65.9587	0.0585054	0.1131
34.1521	62.7968	0.0999461	4.63193
36.8222	64.0212	0.072348	0.120837
35.8688	65.9587	0.0577756	2.51117
37.7936	60.8826	0.136028	0.1006
39.6261	63.8451	0.0734131	0.110717
36.8222	64.0212	0.072348	0.120837
38.75	70.3973	0.0547768	0.0854135
40.1627	68.2649	0.0549936	0.100749
41.25	70.3973	0.0551391	0.0838935
37.3942	72.4885	0.0566124	0.0720984
38.75	70.3973	0.0547768	0.0854135
39.7099	72.3429	0.0561567	0.0765977
37.4455	67.9354	0.0536343	4.55369
40.1627	68.2649	0.0549936	0.100749
38.75	70.3973	0.0547768	0.0854135
35.8688	65.9587	0.0577756	2.51117
37.4455	67.9354	0.0536343	4.55369
34.8233	67.7707	0.0512063	0.105725
33.1516	65.9587	0.0617943	0.131022
35.8688	65.9587	0.0577756	2.51117
34.8233	67.7707	0.0512063	0.105725
34.1521	62.7968	0.0999461	4.63193
34.9506	60.8826	0.144578	0.126465
36.8222	64.0212	0.072348	0.120837
38.75	70.3973	0.0547768	0.0854135
41.25	70.3973	0.0551391	0.0838935
39.7099	72.3429	0.0561567	0.0765977
38.586	65.9587	0.0585054	0.1131
40.1627	68.2649	0.0549936	0.100749
37.4455	67.9354	0.0536343	4.55369
41.3032	65.9587	0.0604519	0.111644
42.6898	68.2649	0.0563608	0.100142
40.1627	68.2649	0.0549936	0.100749
41.3032	65.9587	0.0604519	0.111644
44.0204	65.9587	0.0644303	0.197846
42.6898	68.2649	0.0563608	0.100142
41.25	70.3973	0.0551391	0.0838935
40.1627	68.2649	0.0549936	0.100749
42.6898	68.2649	0.0563608	0.100142
36.8222	64.0212	0.072348	0.120837
34.9506	60.8826	0.144578	0.126465
37.7936	60.8826	0.136028	0.1006
2.71986	58.144	4.84726	0.110081
4.92487	55.4838	4.90033	0.0983192
5.69054	58.144	4.82071	0.109154
8.66123	58.144	4.80924	0.105189
8.05963	55.2938	4.89765	0.0952873
10.6893	54.7417	4.90601	0.0944512
6.4478	61.0566	0.132271	0.136081
8.66123	58.144	4.80924	0.105189
9.3634	60.8826	0.131187	0.135862
5.69054	58.144	4.82071	0.109154
8.05963	55.2938	4.89765	0.0952873
8.66123	58.144	4.80924	0.105189
1.8995	55.2938	4.91054	0.0981739
4.92487	55.4838	4.90033	0.0983192
2.71986	58.144	4.84726	0.110081
1.8995	55.2938	4.91054	0.0981739
1.22131	52.3495	4.92692	0.094615
4.19365	52.3495	4.92572	0.0946839
41.3032	65.9587	0.0604519	0.111644
42.43	63.669	0.0791551	4.5859
44.0204	65.9587	0.0644303	0.197846
43.4796	60.8826	0.136071	0.109259
40.6366	60.8826	0.133777	0.104385
41.4664	58.5091	4.80154	0.09252
45.2338	63.4929	0.0891548	0.125506
43.4796	60.8826	0.136071	0.109259
46.3226	60.8826	0.153376	0.103214
42.43	63.669	0.0791551	4.5859
40.6366	60.8826	0.133777	0.104385
43.4796	60.8826	0.136071	0.109259
41.4664	58.5091	4.80154	0.09252
38.5596	58.6917	4.79512	0.0924527
38.8603	55.2938	4.90537	0.0899932
46.3226	60.8826	0.153376	0.103214
43.4796	60.8826	0.136071	0.109259
44.2548	57.954	4.82954	0.0923858
42.43	63.669	0.0791551	4.5859
39.6261	63.8451	0.0734131	0.110717
40.6366	60.8826	0.133777	0.104385
44.0204	65.9587	0.0644303	0.197846
42.43	63.669	0.0791551	4.5859
45.2338	63.4929	0.0891548	0.125506
36.8222	64.0212	0.072348	0.120837
38.586	65.9587	0.0585054	0.1131
35.8688	65.9587	0.0577756	2.51117
40.6366	60.8826	0.133777	0.104385
39.6261	63.8451	0.0734131	0.110717
37.7936	60.8826	0.136028	0.1006
38.586	65.9587	0.0585054	0.1131
37.4455	67.9354	0.0536343	4.55369
35.8688	65.9587	0.0577756	2.51117
41.3032	65.9587	0.0604519	0.111644
38.586	65.9587	0.0585054	0.1131
39.6261	63.8451	0.0734131	0.110717
41.3032	65.9587	0.0604519	0.111644
40.1627	68.2649	0.0549936	0.100749
38.586	65.9587	0.0585054	0.1131
32.2468	68.921	0.0555501	0.102546
30.4344	65.9587	0.0680182	0.138142
33.1516	65.9587	0.0617943	0.131022
21.7285	50.6506	4.92733	0.0931712
19.0553	52.3495	4.92639	0.0933228
18.9224	49.3292	4.92604	0.0910651
21.7462	47.598	4.92218	0.0905397
21.7285	50.6506	4.92733	0.0931712
18.9224	49.3292	4.92604	0.0910651
15.8835	49.3292	4.92805	0.0891572
18.8268	46.2515	4.90251	0.0836121
18.9224	49.3292	4.92604	0.0910651
22.0142	44.8882	4.89475	0.0818754
25	46.2515	4.92494	0.0898566
21.7462	47.598	4.92218	0.0905397
24.7341	50.8393	4.92835	0.0940905
22.4091	54.0056	4.91829	0.0952886
21.7285	50.6506	4.92733	0.0931712
26.54	55.2938	4.90555	0.098631
26.4853	58.144	4.84087	0.120458
23.0771	56.6239	4.88796	0.104357
30.9447	52.3495	4.92484	0.094648
29.6201	55.2938	4.91139	0.0960474
27.9723	52.3495	4.92577	0.0942327
26.4853	58.144	4.84087	0.120458
26.4215	60.8826	0.155198	4.67462
24.0253	59.6046	4.77206	0.141651
29.6201	55.2938	4.91139	0.0960474
26.4853	58.144	4.84087	0.120458
26.54	55.2938	4.90555	0.098631
29.6201	55.2938	4.91139	0.0960474
32.1533	57.1939	4.87153	0.102619
29.839	59.2394	4.80432	0.125916
17.2808	59.0298	4.78909	0.139616
20.7355	60.8826	0.152877	4.71638
17.5295	61.7527	0.119111	4.73382
23.0771	56.6239	4.88796	0.104357
20.3936	58.6582	4.81341	0.136829
20.0518	56.4338	4.88955	0.105621
23.0771	56.6239	4.88796	0.104357
24.0253	59.6046	4.77206	0.141651
20.3936	58.6582	4.81341	0.136829
39.0601	41.8598	4.91642	0.0780469
37.5191	43.9145	0.682058	0.0206245
37.5	40	4.92609	0.0698679
40.625	40	4.92763	0.0702855
39.0601	41.8598	4.91642	0.0780469
37.5	40	4.92609	0.0698679
40.6201	43.7197	4.92621	0.0863187
37.5191	43.9145	0.682058	0.0206245
39.0601	41.8598	4.91642	0.0780469
40.6201	43.7197	4.92621	0.0863187
40.433	46.2515	4.92365	0.0898451
37.5191	43.9145	0.682058	0.0206245
43.6923	43.1354	4.92922	0.0860089
40.6201	43.7197	4.92621	0.0863187
40.625	40	4.92763	0.0702855
43.6923	43.1354	4.92922	0.0860089
43.5196	46.2515	4.93187	0.0920017
40.6201	43.7197	4.92621	0.0863187
46.8798	40.196	4.92655	0.077292
43.6923	43.1354	4.92922	0.0860089
43.75	40	4.92642	0.0706034
46.8077	43.1354	4.92922	0.0866337
49.6928	46.2515	4.93121	0.0924862
46.6062	46.2515	4.93088	0.0919436
37.5	40	4.92609	0.0698679
34.399	40.9798	4.91786	0.0767623
34.3221	37.8444	4.92738	0.0652304
40.5769	36.8646	4.92528	0.0619068
37.5	40	4.92609	0.0698679
37.4615	36.8646	4.92537	0.0620794
40.625	40	4.92763	0.0702855
40.6201	43.7197	4.92621	0.0863187
39.0601	41.8598	4.91642	0.0780469
40.1224	48.7521	4.92585	0.0915022
37.0597	48.5598	0.681873	0.0220339
37.3464	46.2515	0.671431	0.019333
34.1165	49.3292	0.681837	0.0222881
36.7564	51.5944	4.92056	0.0905543
34.1289	53.2696	4.91848	0.0922844
31.1732	46.2515	4.92262	0.0905032
34.1165	49.3292	0.681837	0.0222881
31.0776	49.3292	4.92202	0.0925176
28.0866	46.2515	4.933	0.0928604
31.1732	46.2515	4.92262	0.0905032
31.0776	49.3292	4.92202	0.0925176
34.3294	43.6157	0.682641	0.0207262
34.399	40.9798	4.91786	0.0767623
37.5191	43.9145	0.682058	0.0206245
31.1732	46.2515	4.92262	0.0905032
31.226	43.7137	4.92304	0.0862982
34.2598	46.2515	0.67192	0.0195778
31.2788	41.1758	4.92801	0.0804872
34.399	40.9798	4.91786	0.0767623
34.3294	43.6157	0.682641	0.0207262
37.0597	48.5598	0.681873	0.0220339
36.7564	51.5944	4.92056	0.0905543
34.1165	49.3292	0.681837	0.0222881
37.3464	46.2515	0.671431	0.019333
37.0597	48.5598	0.681873	0.0220339
34.2598	46.2515	0.67192	0.0195778
40.433	46.2515	4.92365	0.0898451
37.3464	46.2515	0.671431	0.019333
37.5191	43.9145	0.682058	0.0206245
40.433	46.2515	4.92365	0.0898451
40.1224	48.7521	4.92585	0.0915022
37.3464	46.2515	0.671431	0.019333
40.1224	48.7521	4.92585	0.0915022
36.7564	51.5944	4.92056	0.0905543
37.0597	48.5598	0.681873	0.0220339
46.2717	49.3292	4.93067	0.0914906
45.8487	52.5335	4.92566	0.0891435
43.2329	49.3292	4.932	0.0922027
34.1165	49.3292	0.681837	0.0222881
34.1289	53.2696	4.91848	0.0922844
30.9447	52.3495	4.92484	0.094648
7.464	63.4929	0.0845147	4.38048
8.78345	65.7825	0.0676151	4.68935
5.97957	65.9587	0.0701905	4.64911
6.4478	61.0566	0.132271	0.136081
7.464	63.4929	0.0845147	4.38048
4.76616	63.4929	0.0917746	0.162167
6.4478	61.0566	0.132271	0.136081
9.3634	60.8826	0.131187	0.135862
7.464	63.4929	0.0845147	4.38048
12.3979	60.3349	0.147243	4.63365
10.1618	63.4929	0.0803737	0.162577
9.3634	60.8826	0.131187	0.135862
12.8597	63.4929	0.0816743	0.163022
15.0494	60.8826	0.135873	0.162899
15.5575	63.4929	0.0880618	4.72069
12.3644	68.2649	0.060763	0.120304
13.513	70.6966	0.0593868	0.0826362
11.25	70.3973	0.0594718	0.0891384
16.8484	65.9587	0.0672585	4.70983
14.8915	68.2649	0.0608708	0.120938
13.846	66.4528	0.0640478	0.149502
17.4187	68.2649	0.0614826	0.13406
16.25	70.3973	0.0596629	0.0878334
14.8915	68.2649	0.0608708	0.120938
19.999	65.078	0.0751706	4.74756
19.0904	66.7823	0.0649682	0.177487
16.8484	65.9587	0.0672585	4.70983
19.193	69.7412	0.0601699	0.118762
20.0967	72.3429	0.059264	0.0839045
17.645	72.3429	0.0592168	0.0752464
9.83732	68.2649	0.0608353	0.133456
8.78345	65.7825	0.0676151	4.68935
11.414	65.9587	0.0664486	4.66393
6.48041	46.2515	4.92994	0.0865578
3.72828	49.3292	4.92969	0.0912728
3.39381	46.2515	4.92958	0.0870228
9.70619	49.8955	4.92873	0.0897203
6.76709	49.3292	4.93004	0.0909902
9.61019	45.6673	4.93015	0.0848329
9.70619	49.8955	4.92873	0.0897203
10.1383	52.3495	4.92344	0.0913848
7.16598	52.3495	4.92393	0.092783
13.1107	52.3495	4.92415	0.09142
10.1383	52.3495	4.92344	0.0913848
12.7118	50.0843	4.92869	0.0893013
4.19365	52.3495	4.92572	0.0946839
3.72828	49.3292	4.92969	0.0912728
6.76709	49.3292	4.93004	0.0909902
1.8995	55.2938	4.91054	0.0981739
4.19365	52.3495	4.92572	0.0946839
4.92487	55.4838	4.90033	0.0983192
1.22131	52.3495	4.92692	0.094615
3.72828	49.3292	4.92969	0.0912728
4.19365	52.3495	4.92572	0.0946839
22.2828	65.9587	0.0681056	4.49463
23.0704	62.1007	0.117535	0.190805
25.6067	64.7258	0.076793	4.55781
21.8037	69.5771	0.0610315	4.57124
22.2828	65.9587	0.0681056	4.49463
24.3347	67.1118	0.0639673	0.157174
19.999	65.078	0.0751706	4.74756
20.363	63.0044	0.100176	4.76459
22.2828	65.9587	0.0681056	4.49463
21.8037	69.5771	0.0610315	4.57124
19.193	69.7412	0.0601699	0.118762
19.0904	66.7823	0.0649682	0.177487
16.8484	65.9587	0.0672585	4.70983
17.5295	61.7527	0.119111	4.73382
19.999	65.078	0.0751706	4.74756
22.2828	65.9587	0.0681056	4.49463
20.363	63.0044	0.100176	4.76459
23.0704	62.1007	0.117535	0.190805
16.25	70.3973	0.0596629	0.0878334
15.1934	72.3429	0.0591696	0.0725819
13.513	70.6966	0.0593868	0.0826362
7.464	63.4929	0.0845147	4.38048
10.1618	63.4929	0.0803737	0.162577
8.78345	65.7825	0.0676151	4.68935
20.0518	56.4338	4.88955	0.105621
19.0553	52.3495	4.92639	0.0933228
22.4091	54.0056	4.91829	0.0952886
20.3936	58.6582	4.81341	0.136829
17.2808	59.0298	4.78909	0.139616
20.0518	56.4338	4.88955	0.105621
15.0494	60.8826	0.135873	0.162899
12.8597	63.4929	0.0816743	0.163022
12.3979	60.3349	0.147243	4.63365
9.3634	60.8826	0.131187	0.135862
8.66123	58.144	4.80924	0.105189
11.6319	58.144	4.80744	0.115869
9.70619	49.8955	4.92873	0.0897203
7.16598	52.3495	4.92393	0.092783
6.76709	49.3292	4.93004	0.0909902
13.1107	52.3495	4.92415	0.09142
16.083	52.3495	4.92509	0.0923843
14.2198	55.2938	4.89983	0.0981786
23.0771	56.6239	4.88796	0.104357
22.4091	54.0056	4.91829	0.0952886
26.54	55.2938	4.90555	0.098631
20.7355	60.8826	0.152877	4.71638
20.3936	58.6582	4.81341	0.136829
24.0253	59.6046	4.77206	0.141651
20.0518	56.4338	4.88955	0.105621
22.4091	54.0056	4.91829	0.0952886
23.0771	56.6239	4.88796	0.104357
20.7355	60.8826	0.152877	4.71638
17.2808	59.0298	4.78909	0.139616
20.3936	58.6582	4.81341	0.136829
17.0264	56.2438	4.88846	0.103974
19.0553	52.3495	4.92639	0.0933228
20.0518	56.4338	4.88955	0.105621
6.30769	36.8646	4.92442	0.0614929
6.24038	39.6081	4.92591	0.0673009
3.19231	36.8646	4.92486	0.0623061
9.49534	33.1714	4.92237	0.0564799
9.42308	36.8646	4.91857	0.06005
6.43263	33.3637	4.92424	0.0571184
6.31731	42.7435	4.92837	0.0799568
3.125	40	4.92638	0.0692395
6.24038	39.6081	4.92591	0.0673009
9.4375	42.5475	4.92591	0.0780978
12.5	40	4.88409	0.0622581
12.5577	42.3516	4.90645	0.0739529
6.30769	36.8646	4.92442	0.0614929
9.36058	39.4121	4.91985	0.0650374
6.24038	39.6081	4.92591	0.0673009
9.42308	36.8646	4.91857	0.06005
12.5385	36.8646	4.88719	0.0565818
9.36058	39.4121	4.91985	0.0650374
15.8122	34.7222	4.86773	0.05196
12.5385	36.8646	4.88719	0.0565818
12.7112	34.5275	4.9075	0.0552593
9.4375	42.5475	4.92591	0.0780978
12.5577	42.3516	4.90645	0.0739529
9.61019	45.6673	4.93015	0.0848329
6.24038	39.6081	4.92591	0.0673009
9.4375	42.5475	4.92591	0.0780978
6.31731	42.7435	4.92837	0.0799568
9.36058	39.4121	4.91985	0.0650374
12.5	40	4.88409	0.0622581
9.4375	42.5475	4.92591	0.0780978
15.601	39.0202	0.231733	0.0542427
12.5	40	4.88409	0.0622581
12.5385	36.8646	4.88719	0.0565818
15.601	39.0202	0.231733	0.0542427
15.6779	42.1556	4.83943	0.0674032
12.5	40	4.88409	0.0622581
6.48041	46.2515	4.92994	0.0865578
6.76709	49.3292	4.93004	0.0909902
3.72828	49.3292	4.92969	0.0912728
6.31731	42.7435	4.92837	0.0799568
6.48041	46.2515	4.92994	0.0865578
3.39381	46.2515	4.92958	0.0870228
9.61019	45.6673	4.93015	0.0848329
6.76709	49.3292	4.93004	0.0909902
6.48041	46.2515	4.92994	0.0865578
12.7118	50.0843	4.92869	0.0893013
9.70619	49.8955	4.92873	0.0897203
11.1799	48.0735	4.92884	0.0871806
3.19711	42.9395	4.92826	0.0811621
0.076922	43.1354	4.9286	0.0820085
-3.10282e-28	40	4.9269	0.0750678
6.31731	42.7435	4.92837	0.0799568
3.19711	42.9395	4.92826	0.0811621
3.125	40	4.92638	0.0692395
3.39381	46.2515	4.92958	0.0870228
0.307214	46.2515	4.92938	0.0870299
3.19711	42.9395	4.92826	0.0811621
45.0204	55.2938	4.90435	0.089101
41.9404	55.2938	4.90174	0.0890746
42.834	52.3495	4.92639	0.0899839
48.1005	55.2938	4.91122	0.0888125
45.0204	55.2938	4.90435	0.089101
45.8487	52.5335	4.92566	0.0891435
44.2548	57.954	4.82954	0.0923858
41.9404	55.2938	4.90174	0.0890746
45.0204	55.2938	4.90435	0.089101
46.3226	60.8826	0.153376	0.103214
44.2548	57.954	4.82954	0.0923858
47.2801	58.144	4.84776	0.092002
41.4664	58.5091	4.80154	0.09252
38.8603	55.2938	4.90537	0.0899932
41.9404	55.2938	4.90174	0.0890746
27.9723	52.3495	4.92577	0.0942327
28.0388	49.3292	4.93056	0.094369
30.9447	52.3495	4.92484	0.094648
19.0553	52.3495	4.92639	0.0933228
21.7285	50.6506	4.92733	0.0931712
22.4091	54.0056	4.91829	0.0952886
25	46.2515	4.92494	0.0898566
28.0388	49.3292	4.93056	0.094369
24.7341	50.8393	4.92835	0.0940905
21.7285	50.6506	4.92733	0.0931712
21.7462	47.598	4.92218	0.0905397
24.7341	50.8393	4.92835	0.0940905
15.6779	42.1556	4.83943	0.0674032
17.2523	44.2036	4.86207	0.0743735
14.1489	44.3016	4.90584	0.07752
22.0142	44.8882	4.89475	0.0818754
18.8268	46.2515	4.90251	0.0836121
18.7981	41.9596	0.228535	0.0649292
15.8835	49.3292	4.92805	0.0891572
12.6536	46.2515	4.92498	0.0838593
15.7402	46.2515	4.91293	0.0825674
17.0264	56.2438	4.88846	0.103974
16.083	52.3495	4.92509	0.0923843
19.0553	52.3495	4.92639	0.0933228
4.19365	52.3495	4.92572	0.0946839
7.16598	52.3495	4.92393	0.092783
4.92487	55.4838	4.90033	0.0983192
21.9183	41.7637	4.83786	0.0690119
25	43.1354	4.91325	0.0808847
22.0142	44.8882	4.89475	0.0818754
28.125	40	4.92228	0.0697712
25	40	4.89644	0.0652849
28.1154	36.8646	4.92529	0.0620866
25	30.6708	4.92592	0.0554303
25.1151	35.3065	4.91744	0.0571836
21.9134	33.7485	4.90911	0.0542986
31.3171	35.696	4.92568	0.0605305
28.0866	33.7485	4.92539	0.0574861
30.9343	31.8249	4.92477	0.056204
28.1154	36.8646	4.92529	0.0620866
25.1151	35.3065	4.91744	0.0571836
28.0866	33.7485	4.92539	0.0574861
33.7508	28.5944	4.9239	0.055323
37.1553	30.6708	4.92381	0.0558955
33.997	31.6326	4.92408	0.0562551
21.8846	36.8646	4.85442	0.0537978
21.9014	39.3141	0.262001	0.0579585
18.7212	38.8242	0.205393	0.052138
28.1154	36.8646	4.92529	0.0620866
25	40	4.89644	0.0652849
25.1151	35.3065	4.91744	0.0571836
28.125	40	4.92228	0.0697712
28.1154	43.1354	4.92904	0.0854688
25	40	4.89644	0.0652849
3.72828	49.3292	4.92969	0.0912728
1.22131	52.3495	4.92692	0.094615
0.68946	49.3292	4.92981	0.0910832
0.307214	46.2515	4.92938	0.0870299
3.39381	46.2515	4.92958	0.0870228
0.68946	49.3292	4.92981	0.0910832
11.1799	48.0735	4.92884	0.0871806
12.6536	46.2515	4.92498	0.0838593
12.7118	50.0843	4.92869	0.0893013
9.61019	45.6673	4.93015	0.0848329
11.1799	48.0735	4.92884	0.0871806
9.70619	49.8955	4.92873	0.0897203
9.61019	45.6673	4.93015	0.0848329
12.6536	46.2515	4.92498	0.0838593
11.1799	48.0735	4.92884	0.0871806
31.3817	62.6228	0.111245	4.68214
34.1521	62.7968	0.0999461	4.63193
33.1516	65.9587	0.0617943	0.131022
26.9568	67.2765	0.0641197	0.133498
28.4106	64.5496	0.081126	0.151943
30.4344	65.9587	0.0680182	0.138142
29.839	59.2394	4.80432	0.125916
33.5519	59.0383	4.80081	0.112147
31.3817	62.6228	0.111245	4.68214
28.6113	62.4488	0.115264	0.161681
29.839	59.2394	4.80432	0.125916
31.3817	62.6228	0.111245	4.68214
20.7355	60.8826	0.152877	4.71638
24.0253	59.6046	4.77206	0.141651
23.0704	62.1007	0.117535	0.190805
25.6371	53.0665	4.92168	0.0948829
24.7341	50.8393	4.92835	0.0940905
27.9723	52.3495	4.92577	0.0942327
22.4091	54.0056	4.91829	0.0952886
25.6371	53.0665	4.92168	0.0948829
26.54	55.2938	4.90555	0.098631
22.4091	54.0056	4.91829	0.0952886
24.7341	50.8393	4.92835	0.0940905
25.6371	53.0665	4.92168	0.0948829
29.6201	55.2938	4.91139	0.0960474
31.8745	54.2817	4.91677	0.0952364
32.1533	57.1939	4.87153	0.102619
34.2598	46.2515	0.67192	0.0195778
34.3294	43.6157	0.682641	0.0207262
37.3464	46.2515	0.671431	0.019333
31.1732	46.2515	4.92262	0.0905032
34.2598	46.2515	0.67192	0.0195778
34.1165	49.3292	0.681837	0.0222881
34.2598	46.2515	0.67192	0.0195778
31.226	43.7137	4.92304	0.0862982
34.3294	43.6157	0.682641	0.0207262
35.6527	58.8743	4.79187	0.101819
38.5596	58.6917	4.79512	0.0924527
37.7936	60.8826	0.136028	0.1006
33.5519	59.0383	4.80081	0.112147
35.6527	58.8743	4.79187	0.101819
34.9506	60.8826	0.144578	0.126465
35.7802	55.2938	4.91048	0.0921512
38.5596	58.6917	4.79512	0.0924527
35.6527	58.8743	4.79187	0.101819
42.43	63.669	0.0791551	4.5859
43.4796	60.8826	0.136071	0.109259
45.2338	63.4929	0.0891548	0.125506
6.48041	46.2515	4.92994	0.0865578
6.31731	42.7435	4.92837	0.0799568
9.61019	45.6673	4.93015	0.0848329
0.68946	49.3292	4.92981	0.0910832
3.39381	46.2515	4.92958	0.0870228
3.72828	49.3292	4.92969	0.0912728
0.307214	46.2515	4.92938	0.0870299
0.076922	43.1354	4.9286	0.0820085
3.19711	42.9395	4.92826	0.0811621
6.4478	61.0566	0.132271	0.136081
4.76616	63.4929	0.0917746	0.162167
3.67737	60.8826	0.156961	3.89192
5.69054	58.144	4.82071	0.109154
6.4478	61.0566	0.132271	0.136081
3.67737	60.8826	0.156961	3.89192
9.3634	60.8826	0.131187	0.135862
10.1618	63.4929	0.0803737	0.162577
7.464	63.4929	0.0845147	4.38048
14.6026	58.144	4.81533	0.120128
15.0494	60.8826	0.135873	0.162899
12.3979	60.3349	0.147243	4.63365
14.2198	55.2938	4.89983	0.0981786
14.6026	58.144	4.81533	0.120128
11.6319	58.144	4.80744	0.115869
14.2198	55.2938	4.89983	0.0981786
17.0264	56.2438	4.88846	0.103974
14.6026	58.144	4.81533	0.120128
7.464	63.4929	0.0845147	4.38048
5.97957	65.9587	0.0701905	4.64911
4.76616	63.4929	0.0917746	0.162167
11.414	65.9587	0.0664486	4.66393
13.846	66.4528	0.0640478	0.149502
12.3644	68.2649	0.060763	0.120304
10.1618	63.4929	0.0803737	0.162577
11.414	65.9587	0.0664486	4.66393
8.78345	65.7825	0.0676151	4.68935
12.8597	63.4929	0.0816743	0.163022
15.5575	63.4929	0.0880618	4.72069
13.846	66.4528	0.0640478	0.149502
10.1618	63.4929	0.0803737	0.162577
12.8597	63.4929	0.0816743	0.163022
11.414	65.9587	0.0664486	4.66393
10.1618	63.4929	0.0803737	0.162577
12.3979	60.3349	0.147243	4.63365
12.8597	63.4929	0.0816743	0.163022
9.83732	68.2649	0.0608353	0.133456
7.31021	68.2649	0.0617985	0.153523
8.78345	65.7825	0.0676151	4.68935
31.8745	54.2817	4.91677	0.0952364
30.9447	52.3495	4.92484	0.094648
34.1289	53.2696	4.91848	0.0922844
35.7802	55.2938	4.91048	0.0921512
31.8745	54.2817	4.91677	0.0952364
34.1289	53.2696	4.91848	0.0922844
29.6201	55.2938	4.91139	0.0960474
30.9447	52.3495	4.92484	0.094648
31.8745	54.2817	4.91677	0.0952364
29.839	59.2394	4.80432	0.125916
26.4853	58.144	4.84087	0.120458
29.6201	55.2938	4.91139	0.0960474
33.5519	59.0383	4.80081	0.112147
29.839	59.2394	4.80432	0.125916
32.1533	57.1939	4.87153	0.102619
35.7802	55.2938	4.91048	0.0921512
33.5519	59.0383	4.80081	0.112147
32.1533	57.1939	4.87153	0.102619
34.9506	60.8826	0.144578	0.126465
31.3817	62.6228	0.111245	4.68214
33.5519	59.0383	4.80081	0.112147
28.6113	62.4488	0.115264	0.161681
26.4215	60.8826	0.155198	4.67462
29.839	59.2394	4.80432	0.125916
26.54	55.2938	4.90555	0.098631
27.9723	52.3495	4.92577	0.0942327
29.6201	55.2938	4.91139	0.0960474
25.6371	53.0665	4.92168	0.0948829
27.9723	52.3495	4.92577	0.0942327
26.54	55.2938	4.90555	0.098631
24.7341	50.8393	4.92835	0.0940905
28.0388	49.3292	4.93056	0.094369
27.9723	52.3495	4.92577	0.0942327
22.5483	72.3429	0.0593129	0.0853346
23.75	70.3973	0.0598663	0.103812
25	72.3429	0.0593672	0.0776286
23.0327	74.7883	0.0591328	0.0661268
22.5483	72.3429	0.0593129	0.0853346
25	72.3429	0.0593672	0.0776286
21.4331	74.0896	0.0591223	0.0698978
19.0551	74.0896	0.0590716	0.0684414
20.0967	72.3429	0.059264	0.0839045
19.0904	66.7823	0.0649682	0.177487
22.2828	65.9587	0.0681056	4.49463
21.8037	69.5771	0.0610315	4.57124
24.3347	67.1118	0.0639673	0.157174
23.75	70.3973	0.0598663	0.103812
21.8037	69.5771	0.0610315	4.57124
27.0253	69.2491	0.0607841	0.108618
30.0542	68.2649	0.0618619	4.58295
28.75	70.3973	0.0597355	0.092896
25.6067	64.7258	0.076793	4.55781
28.4106	64.5496	0.081126	0.151943
26.9568	67.2765	0.0641197	0.133498
22.2828	65.9587	0.0681056	4.49463
25.6067	64.7258	0.076793	4.55781
24.3347	67.1118	0.0639673	0.157174
23.0704	62.1007	0.117535	0.190805
26.4215	60.8826	0.155198	4.67462
25.6067	64.7258	0.076793	4.55781
30.4344	65.9587	0.0680182	0.138142
30.0542	68.2649	0.0618619	4.58295
26.9568	67.2765	0.0641197	0.133498
28.6113	62.4488	0.115264	0.161681
31.3817	62.6228	0.111245	4.68214
28.4106	64.5496	0.081126	0.151943
25.6067	64.7258	0.076793	4.55781
28.6113	62.4488	0.115264	0.161681
28.4106	64.5496	0.081126	0.151943
26.4215	60.8826	0.155198	4.67462
26.4853	58.144	4.84087	0.120458
29.839	59.2394	4.80432	0.125916
25.6067	64.7258	0.076793	4.55781
26.4215	60.8826	0.155198	4.67462
28.6113	62.4488	0.115264	0.161681
24.0253	59.6046	4.77206	0.141651
23.0771	56.6239	4.88796	0.104357
26.4853	58.144	4.84087	0.120458
33.1516	65.9587	0.0617943	0.131022
34.8233	67.7707	0.0512063	0.105725
32.2468	68.921	0.0555501	0.102546
31.3817	62.6228	0.111245	4.68214
33.1516	65.9587	0.0617943	0.131022
30.4344	65.9587	0.0680182	0.138142
34.1521	62.7968	0.0999461	4.63193
35.8688	65.9587	0.0577756	2.51117
33.1516	65.9587	0.0617943	0.131022
32.355	72.3429	0.0579012	0.0717658
33.75	70.3973	0.0542711	0.0784744
34.8066	72.3429	0.0567048	0.0702709
29.3832	76.0659	0.0592998	0.0608653
28.5669	74.0896	0.0592971	0.0661192
30.9297	73.8705	0.0590721	0.0664015
31.0572	70.658	0.0579463	0.0867689
33.75	70.3973	0.0542711	0.0784744
32.355	72.3429	0.0579012	0.0717658
29.9033	72.3429	0.0590851	0.0744795
31.0572	70.658	0.0579463	0.0867689
32.355	72.3429	0.0579012	0.0717658
28.4106	64.5496	0.081126	0.151943
31.3817	62.6228	0.111245	4.68214
30.4344	65.9587	0.0680182	0.138142
24.3347	67.1118	0.0639673	0.157174
25.6067	64.7258	0.076793	4.55781
26.9568	67.2765	0.0641197	0.133498
23.0704	62.1007	0.117535	0.190805
24.0253	59.6046	4.77206	0.141651
26.4215	60.8826	0.155198	4.67462
30.4344	65.9587	0.0680182	0.138142
32.2468	68.921	0.0555501	0.102546
30.0542	68.2649	0.0618619	4.58295
34.8233	67.7707	0.0512063	0.105725
33.75	70.3973	0.0542711	0.0784744
32.2468	68.921	0.0555501	0.102546
43.2329	49.3292	4.932	0.0922027
40.1224	48.7521	4.92585	0.0915022
40.433	46.2515	4.92365	0.0898451
48.7787	52.3495	4.92787	0.0893765
45.8487	52.5335	4.92566	0.0891435
46.2717	49.3292	4.93067	0.0914906
42.834	52.3495	4.92639	0.0899839
40.1224	48.7521	4.92585	0.0915022
43.2329	49.3292	4.932	0.0922027
47.2801	58.144	4.84776	0.092002
44.2548	57.954	4.82954	0.0923858
45.0204	55.2938	4.90435	0.089101
38.8603	55.2938	4.90537	0.0899932
35.7802	55.2938	4.91048	0.0921512
36.7564	51.5944	4.92056	0.0905543
41.9404	55.2938	4.90174	0.0890746
38.8603	55.2938	4.90537	0.0899932
39.8617	52.3495	4.92727	0.0912675
45.8487	52.5335	4.92566	0.0891435
45.0204	55.2938	4.90435	0.089101
42.834	52.3495	4.92639	0.0899839
41.4664	58.5091	4.80154	0.09252
40.6366	60.8826	0.133777	0.104385
38.5596	58.6917	4.79512	0.0924527
44.2548	57.954	4.82954	0.0923858
41.4664	58.5091	4.80154	0.09252
41.9404	55.2938	4.90174	0.0890746
44.2548	57.954	4.82954	0.0923858
43.4796	60.8826	0.136071	0.109259
41.4664	58.5091	4.80154	0.09252
38.5596	58.6917	4.79512	0.0924527
35.7802	55.2938	4.91048	0.0921512
38.8603	55.2938	4.90537	0.0899932
6.31731	42.7435	4.92837	0.0799568
3.39381	46.2515	4.92958	0.0870228
3.19711	42.9395	4.92826	0.0811621
45.8487	52.5335	4.92566	0.0891435
42.834	52.3495	4.92639	0.0899839
43.2329	49.3292	4.932	0.0922027
48.1005	55.2938	4.91122	0.0888125
45.8487	52.5335	4.92566	0.0891435
48.7787	52.3495	4.92787	0.0893765
48.1005	55.2938	4.91122	0.0888125
47.2801	58.144	4.84776	0.092002
45.0204	55.2938	4.90435	0.089101
37.7936	60.8826	0.136028	0.1006
38.5596	58.6917	4.79512	0.0924527
40.6366	60.8826	0.133777	0.104385
41.3032	65.9587	0.0604519	0.111644
39.6261	63.8451	0.0734131	0.110717
42.43	63.669	0.0791551	4.5859
34.9506	60.8826	0.144578	0.126465
35.6527	58.8743	4.79187	0.101819
37.7936	60.8826	0.136028	0.1006
31.3817	62.6228	0.111245	4.68214
34.9506	60.8826	0.144578	0.126465
34.1521	62.7968	0.0999461	4.63193
33.5519	59.0383	4.80081	0.112147
35.7802	55.2938	4.91048	0.0921512
35.6527	58.8743	4.79187	0.101819
31.8745	54.2817	4.91677	0.0952364
35.7802	55.2938	4.91048	0.0921512
32.1533	57.1939	4.87153	0.102619
34.1165	49.3292	0.681837	0.0222881
34.2598	46.2515	0.67192	0.0195778
37.0597	48.5598	0.681873	0.0220339
28.0388	49.3292	4.93056	0.094369
31.0776	49.3292	4.92202	0.0925176
30.9447	52.3495	4.92484	0.094648
28.0388	49.3292	4.93056	0.094369
25	46.2515	4.92494	0.0898566
28.0866	46.2515	4.933	0.0928604
36.7564	51.5944	4.92056	0.0905543
35.7802	55.2938	4.91048	0.0921512
34.1289	53.2696	4.91848	0.0922844
30.9447	52.3495	4.92484	0.094648
31.0776	49.3292	4.92202	0.0925176
34.1165	49.3292	0.681837	0.0222881
40.1224	48.7521	4.92585	0.0915022
42.834	52.3495	4.92639	0.0899839
39.8617	52.3495	4.92727	0.0912675
39.8617	52.3495	4.92727	0.0912675
42.834	52.3495	4.92639	0.0899839
41.9404	55.2938	4.90174	0.0890746
36.7564	51.5944	4.92056	0.0905543
39.8617	52.3495	4.92727	0.0912675
38.8603	55.2938	4.90537	0.0899932
36.7564	51.5944	4.92056	0.0905543
40.1224	48.7521	4.92585	0.0915022
39.8617	52.3495	4.92727	0.0912675
18.9224	49.3292	4.92604	0.0910651
19.0553	52.3495	4.92639	0.0933228
16.083	52.3495	4.92509	0.0923843
15.7402	46.2515	4.91293	0.0825674
18.8268	46.2515	4.90251	0.0836121
15.8835	49.3292	4.92805	0.0891572
21.7462	47.598	4.92218	0.0905397
25	46.2515	4.92494	0.0898566
24.7341	50.8393	4.92835	0.0940905
22.0108	14.5924	4.89487	0.0553835
19.9458	11.7351	4.80205	0.0555433
23.0432	12.7235	4.85259	0.0554357
17.645	7.6571	0.109477	0.056626
18.75	9.60269	0.155283	0.0565729
16.5822	10.0948	4.73161	0.0556112
14.9215	7.36598	0.104177	0.0566011
17.645	7.6571	0.109477	0.056626
16.5822	10.0948	4.73161	0.0556112
16.6772	5.91038	0.0831087	0.0566536
19.0551	5.91038	0.0810642	0.0566703
17.645	7.6571	0.109477	0.056626
20.0967	7.6571	0.103071	0.0566287
21.25	9.60269	0.153149	0.0565497
18.75	9.60269	0.155283	0.0565729
17.645	7.6571	0.109477	0.056626
19.0551	5.91038	0.0810642	0.0566703
20.0967	7.6571	0.103071	0.0566287
24.1844	6.78374	0.0935995	0.0565914
26.189	5.91038	0.082258	0.0565805
25.4207	8.55507	0.136214	0.0564955
28.5669	5.91038	0.0814267	0.0565431
31.8199	4.37335	0.069446	0.0565511
31.1316	6.34706	0.0846983	0.0564966
26.9661	0.123895	0.0611574	0.0566703
28.4094	2.238	0.0633185	0.0566343
26.0648	3.0556	0.0650867	0.0566525
28.9198	0.494728	0.0621288	0.0566414
30.8485	1.10996	0.0626968	0.0566141
28.4094	2.238	0.0633185	0.0566343
31.25	9.60269	0.155705	0.0563566
33.75	9.60269	0.145126	0.0563372
32.5813	11.7351	4.80304	0.0553216
30.9096	13.2177	4.86814	0.0552823
29.636	10.915	4.78294	0.0553762
32.5813	11.7351	4.80304	0.0553216
32.355	7.6571	0.100463	0.056434
33.4473	6.2015	0.0805631	0.0564786
34.9468	7.95642	0.103962	0.0563945
29.9033	7.6571	0.107071	0.0564572
32.355	7.6571	0.100463	0.056434
31.25	9.60269	0.155705	0.0563566
31.1316	6.34706	0.0846983	0.0564966
31.8199	4.37335	0.069446	0.0565511
33.4473	6.2015	0.0805631	0.0564786
29.9033	7.6571	0.107071	0.0564572
31.1316	6.34706	0.0846983	0.0564966
32.355	7.6571	0.100463	0.056434
29.9033	7.6571	0.107071	0.0564572
28.5669	5.91038	0.0814267	0.0565431
31.1316	6.34706	0.0846983	0.0564966
28.5669	5.91038	0.0814267	0.0565431
29.9033	7.6571	0.107071	0.0564572
27.8022	8.40541	0.131158	0.0564534
25	4.37335	0.0703465	0.0566417
27.2733	4.37335	0.0705191	0.0566065
26.189	5.91038	0.082258	0.0565805
27.2733	4.37335	0.0705191	0.0566065
30.3241	3.0556	0.0647335	0.0565984
28.5669	5.91038	0.0814267	0.0565431
31.1316	6.34706	0.0846983	0.0564966
33.4473	6.2015	0.0805631	0.0564786
32.355	7.6571	0.100463	0.056434
27.2733	4.37335	0.0705191	0.0566065
28.4094	2.238	0.0633185	0.0566343
30.3241	3.0556	0.0647335	0.0565984
26.189	5.91038	0.082258	0.0565805
27.2733	4.37335	0.0705191	0.0566065
28.5669	5.91038	0.0814267	0.0565431
26.0648	3.0556	0.0650867	0.0566525
28.4094	2.238	0.0633185	0.0566343
27.2733	4.37335	0.0705191	0.0566065
29.636	10.915	4.78294	0.0553762
29.9033	7.6571	0.107071	0.0564572
31.25	9.60269	0.155705	0.0563566
25.4207	8.55507	0.136214	0.0564955
27.8022	8.40541	0.131158	0.0564534
27.0253	10.7509	4.7859	0.0554238
25.4207	8.55507	0.136214	0.0564955
26.189	5.91038	0.082258	0.0565805
27.8022	8.40541	0.131158	0.0564534
26.3489	16.5071	4.91675	0.0552326
24.3933	15.2742	4.9055	0.0553055
25.6653	12.8882	4.86847	0.0553627
30.3241	3.0556	0.0647335	0.0565984
31.8199	4.37335	0.069446	0.0565511
28.5669	5.91038	0.0814267	0.0565431
30.8485	1.10996	0.0626968	0.0566141
30.3241	3.0556	0.0647335	0.0565984
28.4094	2.238	0.0633185	0.0566343
30.8485	1.10996	0.0626968	0.0566141
32.7403	1.96546	0.0641541	0.0565807
30.3241	3.0556	0.0647335	0.0565984
30.3241	3.0556	0.0647335	0.0565984
32.7403	1.96546	0.0641541	0.0565807
31.8199	4.37335	0.069446	0.0565511
23.9352	3.0556	0.0650394	0.0566809
25	4.37335	0.0703465	0.0566417
22.7267	4.37335	0.0697684	0.0566755
26.9661	0.123895	0.0611574	0.0566703
26.0648	3.0556	0.0650867	0.0566525
25.0248	1.47661	0.0622959	0.0566842
26.9661	0.123895	0.0611574	0.0566703
28.9198	0.494728	0.0621288	0.0566414
28.4094	2.238	0.0633185	0.0566343
25.0248	1.47661	0.0622959	0.0566842
25	-8.70219e-28	0.0616051	0.0566894
26.9661	0.123895	0.0611574	0.0566703
23.9352	3.0556	0.0650394	0.0566809
25.0248	1.47661	0.0622959	0.0566842
26.0648	3.0556	0.0650867	0.0566525
23.9352	3.0556	0.0650394	0.0566809
23.0835	1.59882	0.0624223	0.0567044
25.0248	1.47661	0.0622959	0.0566842
32.7403	1.96546	0.0641541	0.0565807
34.5833	3.0556	0.0665524	0.0565391
31.8199	4.37335	0.069446	0.0565511
25	4.37335	0.0703465	0.0566417
26.0648	3.0556	0.0650867	0.0566525
27.2733	4.37335	0.0705191	0.0566065
24.1844	6.78374	0.0935995	0.0565914
25	4.37335	0.0703465	0.0566417
26.189	5.91038	0.082258	0.0565805
23.9352	3.0556	0.0650394	0.0566809
26.0648	3.0556	0.0650867	0.0566525
25	4.37335	0.0703465	0.0566417
21.913	2.6468	0.063966	0.0567068
23.9352	3.0556	0.0650394	0.0566809
22.7267	4.37335	0.0697684	0.0566755
23.0835	1.59882	0.0624223	0.0567044
23.0339	0.123895	0.0615906	0.0567091
25.0248	1.47661	0.0622959	0.0566842
21.913	2.6468	0.063966	0.0567068
23.0835	1.59882	0.0624223	0.0567044
23.9352	3.0556	0.0650394	0.0566809
21.4331	5.91038	0.0806297	0.0566595
20.4534	4.37335	0.0699358	0.056694
22.7267	4.37335	0.0697684	0.0566755
19.7476	2.78306	0.0648932	0.0567127
21.0802	0.494728	0.061835	0.0567215
21.913	2.6468	0.063966	0.0567068
23.0339	0.123895	0.0615906	0.0567091
25	-8.70219e-28	0.0616051	0.0566894
25.0248	1.47661	0.0622959	0.0566842
33.4473	6.2015	0.0805631	0.0564786
34.5833	3.0556	0.0665524	0.0565391
35.7008	5.91038	0.0806745	0.0564531
36.3664	4.37335	0.075907	0.0564742
35.7008	5.91038	0.0806745	0.0564531
34.5833	3.0556	0.0665524	0.0565391
23.5785	19.1174	4.92373	0.0551826
26.3489	16.5071	4.91675	0.0552326
26.4215	19.1174	4.92337	0.0551566
23.0771	23.3761	4.92535	0.0550809
25.3391	26.1784	4.9254	0.0550745
22.0277	27.6505	4.92512	0.0551363
29.636	10.915	4.78294	0.0553762
27.8022	8.40541	0.131158	0.0564534
29.9033	7.6571	0.107071	0.0564572
29.636	10.915	4.78294	0.0553762
27.0253	10.7509	4.7859	0.0554238
27.8022	8.40541	0.131158	0.0564534
32.5813	11.7351	4.80304	0.0553216
29.636	10.915	4.78294	0.0553762
31.25	9.60269	0.155705	0.0563566
28.2875	13.053	4.87261	0.055311
27.0253	10.7509	4.7859	0.0554238
29.636	10.915	4.78294	0.0553762
23.0432	12.7235	4.85259	0.0554357
25.6653	12.8882	4.86847	0.0553627
24.3933	15.2742	4.9055	0.0553055
24.4145	10.5869	4.76698	0.0554954
25.4207	8.55507	0.136214	0.0564955
27.0253	10.7509	4.7859	0.0554238
23.0432	12.7235	4.85259	0.0554357
24.4145	10.5869	4.76698	0.0554954
25.6653	12.8882	4.86847	0.0553627
23.0432	12.7235	4.85259	0.0554357
21.25	9.60269	0.153149	0.0565497
24.4145	10.5869	4.76698	0.0554954
24.1844	6.78374	0.0935995	0.0565914
22.5483	7.6571	0.10635	0.0565954
21.4331	5.91038	0.0806297	0.0566595
25	4.37335	0.0703465	0.0566417
24.1844	6.78374	0.0935995	0.0565914
22.7267	4.37335	0.0697684	0.0566755
25.4207	8.55507	0.136214	0.0564955
24.4145	10.5869	4.76698	0.0554954
22.5483	7.6571	0.10635	0.0565954
24.4145	10.5869	4.76698	0.0554954
21.25	9.60269	0.153149	0.0565497
22.5483	7.6571	0.10635	0.0565954
19.5656	14.0413	4.88145	0.0554522
20.9532	16.5071	4.91277	0.0553313
18.2554	16.5071	4.91245	0.0553817
19.9458	11.7351	4.80205	0.0555433
19.5656	14.0413	4.88145	0.0554522
17.7988	12.3941	4.83977	0.0555305
18.75	9.60269	0.155283	0.0565729
19.9458	11.7351	4.80205	0.0555433
17.7988	12.3941	4.83977	0.0555305
21.25	9.60269	0.153149	0.0565497
23.0432	12.7235	4.85259	0.0554357
19.9458	11.7351	4.80205	0.0555433
22.0108	14.5924	4.89487	0.0553835
20.9532	16.5071	4.91277	0.0553313
19.5656	14.0413	4.88145	0.0554522
19.9458	11.7351	4.80205	0.0555433
22.0108	14.5924	4.89487	0.0553835
19.5656	14.0413	4.88145	0.0554522
23.0432	12.7235	4.85259	0.0554357
24.3933	15.2742	4.9055	0.0553055
22.0108	14.5924	4.89487	0.0553835
17.7548	18.7251	4.92091	0.0553197
20.7355	19.1174	4.92242	0.0552414
17.2541	20.9431	4.9239	0.0552692
16.8484	14.0413	4.88433	0.0554772
18.2554	16.5071	4.91245	0.0553817
15.9817	15.8026	4.90729	0.0554284
20.9532	16.5071	4.91277	0.0553313
20.7355	19.1174	4.92242	0.0552414
18.2554	16.5071	4.91245	0.0553817
14.9215	7.36598	0.104177	0.0566011
16.5822	10.0948	4.73161	0.0556112
13.513	9.30337	0.147677	0.0565343
12.6058	7.51154	0.107412	0.056561
14.9215	7.36598	0.104177	0.0566011
13.513	9.30337	0.147677	0.0565343
13.6336	4.37335	0.0763896	0.0566325
15.4167	3.0556	0.0692045	0.0566754
16.6772	5.91038	0.0831087	0.0566536
19.7476	2.78306	0.0648932	0.0567127
19.1515	1.10996	0.0635294	0.0567177
21.0802	0.494728	0.061835	0.0567215
20.4534	4.37335	0.0699358	0.056694
19.0551	5.91038	0.0810642	0.0566703
18.1801	4.37335	0.0709705	0.0566905
21.913	2.6468	0.063966	0.0567068
20.4534	4.37335	0.0699358	0.056694
19.7476	2.78306	0.0648932	0.0567127
21.4331	5.91038	0.0806297	0.0566595
19.0551	5.91038	0.0810642	0.0566703
20.4534	4.37335	0.0699358	0.056694
24.1844	6.78374	0.0935995	0.0565914
21.4331	5.91038	0.0806297	0.0566595
22.7267	4.37335	0.0697684	0.0566755
20.0967	7.6571	0.103071	0.0566287
19.0551	5.91038	0.0810642	0.0566703
21.4331	5.91038	0.0806297	0.0566595
20.4534	4.37335	0.0699358	0.056694
18.1801	4.37335	0.0709705	0.0566905
19.7476	2.78306	0.0648932	0.0567127
23.0835	1.59882	0.0624223	0.0567044
21.0802	0.494728	0.061835	0.0567215
23.0339	0.123895	0.0615906	0.0567091
27.8022	8.40541	0.131158	0.0564534
26.189	5.91038	0.082258	0.0565805
28.5669	5.91038	0.0814267	0.0565431
25.6653	12.8882	4.86847	0.0553627
24.4145	10.5869	4.76698	0.0554954
27.0253	10.7509	4.7859	0.0554238
22.5483	7.6571	0.10635	0.0565954
20.0967	7.6571	0.103071	0.0566287
21.4331	5.91038	0.0806297	0.0566595
25.4207	8.55507	0.136214	0.0564955
22.5483	7.6571	0.10635	0.0565954
24.1844	6.78374	0.0935995	0.0565914
21.25	9.60269	0.153149	0.0565497
20.0967	7.6571	0.103071	0.0566287
22.5483	7.6571	0.10635	0.0565954
14.9215	7.36598	0.104177	0.0566011
16.6772	5.91038	0.0831087	0.0566536
17.645	7.6571	0.109477	0.056626
21.913	2.6468	0.063966	0.0567068
21.0802	0.494728	0.061835	0.0567215
23.0835	1.59882	0.0624223	0.0567044
37.3284	7.80676	0.106359	0.0563625
38.0788	5.91038	0.0901936	0.0564027
39.7099	7.6571	0.121406	0.0563142
33.4473	6.2015	0.0805631	0.0564786
35.7008	5.91038	0.0806745	0.0564531
34.9468	7.95642	0.103962	0.0563945
33.75	9.60269	0.145126	0.0563372
32.355	7.6571	0.100463	0.056434
34.9468	7.95642	0.103962	0.0563945
31.8199	4.37335	0.069446	0.0565511
34.5833	3.0556	0.0665524	0.0565391
33.4473	6.2015	0.0805631	0.0564786
36.3664	4.37335	0.075907	0.0564742
38.0788	5.91038	0.0901936	0.0564027
35.7008	5.91038	0.0806745	0.0564531
19.7476	2.78306	0.0648932	0.0567127
17.2597	1.96546	0.0654421	0.0567044
19.1515	1.10996	0.0635294	0.0567177
18.1801	4.37335	0.0709705	0.0566905
16.6772	5.91038	0.0831087	0.0566536
15.4167	3.0556	0.0692045	0.0566754
19.7476	2.78306	0.0648932	0.0567127
18.1801	4.37335	0.0709705	0.0566905
17.2597	1.96546	0.0654421	0.0567044
19.0551	5.91038	0.0810642	0.0566703
16.6772	5.91038	0.0831087	0.0566536
18.1801	4.37335	0.0709705	0.0566905
21.913	2.6468	0.063966	0.0567068
22.7267	4.37335	0.0697684	0.0566755
20.4534	4.37335	0.0699358	0.056694
20.0967	7.6571	0.103071	0.0566287
18.75	9.60269	0.155283	0.0565729
17.645	7.6571	0.109477	0.056626
14.9215	7.36598	0.104177	0.0566011
13.6336	4.37335	0.0763896	0.0566325
16.6772	5.91038	0.0831087	0.0566536
32.355	7.6571	0.100463	0.056434
33.75	9.60269	0.145126	0.0563372
31.25	9.60269	0.155705	0.0563566
38.0788	5.91038	0.0901936	0.0564027
37.3284	7.80676	0.106359	0.0563625
35.7008	5.91038	0.0806745	0.0564531
38.75	9.60269	0.155777	0.0562675
41.25	9.60269	0.183826	0.0562129
40.1627	11.7351	4.82056	0.0552283
36.25	9.60269	0.146586	0.0563092
38.75	9.60269	0.155777	0.0562675
37.4683	11.4071	4.78935	0.0552841
39.7099	7.6571	0.121406	0.0563142
41.25	9.60269	0.183826	0.0562129
38.75	9.60269	0.155777	0.0562675
15.4167	3.0556	0.0692045	0.0566754
17.2597	1.96546	0.0654421	0.0567044
18.1801	4.37335	0.0709705	0.0566905
44.0204	14.0413	4.90645	0.0551258
41.2166	14.2175	4.89585	0.0551546
42.6898	11.7351	4.85773	0.0551818
14.9215	7.36598	0.104177	0.0566011
12.6058	7.51154	0.107412	0.056561
13.6336	4.37335	0.0763896	0.0566325
15.1767	12.2293	4.83544	0.0555287
12.5545	12.0646	4.81936	0.0555109
13.513	9.30337	0.147677	0.0565343
16.5822	10.0948	4.73161	0.0556112
17.7988	12.3941	4.83977	0.0555305
15.1767	12.2293	4.83544	0.0555287
14.1312	14.0413	4.88369	0.0554748
12.5545	12.0646	4.81936	0.0555109
15.1767	12.2293	4.83544	0.0555287
15.9817	15.8026	4.90729	0.0554284
14.7591	18.4213	4.92017	0.0553731
13.1778	15.9788	4.90852	0.0554335
16.5822	10.0948	4.73161	0.0556112
18.75	9.60269	0.155283	0.0565729
17.7988	12.3941	4.83977	0.0555305
22.0108	14.5924	4.89487	0.0553835
24.3933	15.2742	4.9055	0.0553055
20.9532	16.5071	4.91277	0.0553313
11.4404	21.3083	4.92325	0.0553505
12.2064	19.1174	4.92169	0.0553835
14.6026	21.856	4.92396	0.0553068
8.66123	21.856	4.92332	0.0553415
11.4404	21.3083	4.92325	0.0553505
10.9756	24.1362	4.92376	0.0553153
8.66123	21.856	4.92332	0.0553415
9.3634	19.1174	4.92164	0.055392
11.4404	21.3083	4.92325	0.0553505
6.52038	19.1174	4.92247	0.0553835
7.464	16.5071	4.91685	0.0554225
9.3634	19.1174	4.92164	0.055392
3.67737	19.1174	4.92305	0.055363
6.52038	19.1174	4.92247	0.0553835
5.62671	21.6734	4.92338	0.0553188
3.67737	19.1174	4.92305	0.055363
4.76616	16.5071	4.9199	0.0554133
6.52038	19.1174	4.92247	0.0553835
10.1618	16.5071	4.91376	0.0554263
12.2064	19.1174	4.92169	0.0553835
9.3634	19.1174	4.92164	0.055392
5.97957	14.0413	4.90618	0.0554373
8.69678	14.0413	4.89303	0.0554473
7.464	16.5071	4.91685	0.0554225
11.414	14.0413	4.88435	0.0554608
13.1778	15.9788	4.90852	0.0554335
10.1618	16.5071	4.91376	0.0554263
15.1767	12.2293	4.83544	0.0555287
16.8484	14.0413	4.88433	0.0554772
14.1312	14.0413	4.88369	0.0554748
6.52038	19.1174	4.92247	0.0553835
9.3634	19.1174	4.92164	0.055392
8.66123	21.856	4.92332	0.0553415
14.7591	18.4213	4.92017	0.0553731
12.2064	19.1174	4.92169	0.0553835
13.1778	15.9788	4.90852	0.0554335
14.7591	18.4213	4.92017	0.0553731
14.6026	21.856	4.92396	0.0553068
12.2064	19.1174	4.92169	0.0553835
12.6058	7.51154	0.107412	0.056561
11.9212	5.91038	0.0959896	0.0565776
13.6336	4.37335	0.0763896	0.0566325
11.25	9.60269	0.155906	0.0564949
12.6058	7.51154	0.107412	0.056561
13.513	9.30337	0.147677	0.0565343
10.2901	7.6571	0.123371	0.0565206
11.9212	5.91038	0.0959896	0.0565776
12.6058	7.51154	0.107412	0.056561
41.2166	14.2175	4.89585	0.0551546
40.1627	11.7351	4.82056	0.0552283
42.6898	11.7351	4.85773	0.0551818
35.1085	11.7351	4.79892	0.0553021
37.4683	11.4071	4.78935	0.0552841
35.6088	14.5697	4.89279	0.0552272
33.1516	14.0413	4.88374	0.0552524
35.1085	11.7351	4.79892	0.0553021
35.6088	14.5697	4.89279	0.0552272
32.5813	11.7351	4.80304	0.0553216
33.75	9.60269	0.145126	0.0563372
35.1085	11.7351	4.79892	0.0553021
37.3284	7.80676	0.106359	0.0563625
39.7099	7.6571	0.121406	0.0563142
38.75	9.60269	0.155777	0.0562675
36.25	9.60269	0.146586	0.0563092
37.3284	7.80676	0.106359	0.0563625
38.75	9.60269	0.155777	0.0562675
35.1085	11.7351	4.79892	0.0553021
36.25	9.60269	0.146586	0.0563092
37.4683	11.4071	4.78935	0.0552841
34.9468	7.95642	0.103962	0.0563945
37.3284	7.80676	0.106359	0.0563625
36.25	9.60269	0.146586	0.0563092
34.9468	7.95642	0.103962	0.0563945
35.7008	5.91038	0.0806745	0.0564531
37.3284	7.80676	0.106359	0.0563625
42.536	16.5071	4.91731	0.0551291
44.0204	14.0413	4.90645	0.0551258
45.2338	16.5071	4.92039	0.0551166
38.4127	14.3936	4.89155	0.0551954
41.2166	14.2175	4.89585	0.0551546
39.693	16.8552	4.9164	0.055167
38.4127	14.3936	4.89155	0.0551954
37.4683	11.4071	4.78935	0.0552841
40.1627	11.7351	4.82056	0.0552283
10.2901	7.6571	0.123371	0.0565206
12.6058	7.51154	0.107412	0.056561
11.25	9.60269	0.155906	0.0564949
28.2875	13.053	4.87261	0.055311
30.001	14.922	4.90015	0.0552477
26.3489	16.5071	4.91675	0.0552326
35.1085	11.7351	4.79892	0.0553021
33.1516	14.0413	4.88374	0.0552524
32.5813	11.7351	4.80304	0.0553216
30.001	14.922	4.90015	0.0552477
28.6113	17.5512	4.91947	0.0551951
26.3489	16.5071	4.91675	0.0552326
30.9096	13.2177	4.86814	0.0552823
30.001	14.922	4.90015	0.0552477
28.2875	13.053	4.87261	0.055311
29.636	10.915	4.78294	0.0553762
30.9096	13.2177	4.86814	0.0552823
28.2875	13.053	4.87261	0.055311
32.5813	11.7351	4.80304	0.0553216
33.1516	14.0413	4.88374	0.0552524
30.9096	13.2177	4.86814	0.0552823
31.7446	16.5071	4.91311	0.0552215
28.6113	17.5512	4.91947	0.0551951
30.001	14.922	4.90015	0.0552477
34.4425	16.5071	4.91278	0.0552207
31.7446	16.5071	4.91311	0.0552215
33.1516	14.0413	4.88374	0.0552524
34.4425	16.5071	4.91278	0.0552207
34.9506	19.1174	4.92214	0.0552139
32.1075	19.1174	4.92246	0.0551933
37.1403	16.5071	4.91315	0.0552002
34.4425	16.5071	4.91278	0.0552207
35.6088	14.5697	4.89279	0.0552272
37.1403	16.5071	4.91315	0.0552002
37.7936	19.1174	4.92209	0.055204
34.9506	19.1174	4.92214	0.0552139
11.414	14.0413	4.88435	0.0554608
14.1312	14.0413	4.88369	0.0554748
13.1778	15.9788	4.90852	0.0554335
8.69678	14.0413	4.89303	0.0554473
9.93237	11.8999	4.82333	0.0554877
11.414	14.0413	4.88435	0.0554608
11.25	9.60269	0.155906	0.0564949
13.513	9.30337	0.147677	0.0565343
12.5545	12.0646	4.81936	0.0555109
10.2901	7.6571	0.123371	0.0565206
11.25	9.60269	0.155906	0.0564949
8.74996	9.60269	0.182264	0.0564592
13.513	9.30337	0.147677	0.0565343
16.5822	10.0948	4.73161	0.0556112
15.1767	12.2293	4.83544	0.0555287
9.93237	11.8999	4.82333	0.0554877
11.25	9.60269	0.155906	0.0564949
12.5545	12.0646	4.81936	0.0555109
11.414	14.0413	4.88435	0.0554608
9.93237	11.8999	4.82333	0.0554877
12.5545	12.0646	4.81936	0.0555109
8.69678	14.0413	4.89303	0.0554473
7.31021	11.7351	4.85607	0.0554651
9.93237	11.8999	4.82333	0.0554877
37.4683	11.4071	4.78935	0.0552841
38.4127	14.3936	4.89155	0.0551954
35.6088	14.5697	4.89279	0.0552272
42.536	16.5071	4.91731	0.0551291
43.4158	19.3	4.92355	0.055158
40.5089	19.4825	4.92317	0.0551862
44.0204	14.0413	4.90645	0.0551258
42.536	16.5071	4.91731	0.0551291
41.2166	14.2175	4.89585	0.0551546
45.2338	16.5071	4.92039	0.0551166
43.4158	19.3	4.92355	0.055158
42.536	16.5071	4.91731	0.0551291
40.5089	19.4825	4.92317	0.0551862
41.2294	22.236	4.92454	0.0552449
38.204	22.4261	4.92434	0.0552473
42.536	16.5071	4.91731	0.0551291
40.5089	19.4825	4.92317	0.0551862
39.693	16.8552	4.9164	0.055167
43.4158	19.3	4.92355	0.055158
41.2294	22.236	4.92454	0.0552449
40.5089	19.4825	4.92317	0.0551862
47.2801	21.856	4.92498	0.0552409
44.3095	21.856	4.9248	0.0552264
46.3226	19.1174	4.92407	0.0551566
38.4127	14.3936	4.89155	0.0551954
37.1403	16.5071	4.91315	0.0552002
35.6088	14.5697	4.89279	0.0552272
40.1627	11.7351	4.82056	0.0552283
41.2166	14.2175	4.89585	0.0551546
38.4127	14.3936	4.89155	0.0551954
38.75	9.60269	0.155777	0.0562675
40.1627	11.7351	4.82056	0.0552283
37.4683	11.4071	4.78935	0.0552841
41.25	9.60269	0.183826	0.0562129
42.6898	11.7351	4.85773	0.0551818
40.1627	11.7351	4.82056	0.0552283
39.693	16.8552	4.9164	0.055167
37.1403	16.5071	4.91315	0.0552002
38.4127	14.3936	4.89155	0.0551954
40.5089	19.4825	4.92317	0.0551862
37.7936	19.1174	4.92209	0.055204
39.693	16.8552	4.9164	0.055167
28.8815	20.2128	4.92429	0.0551352
29.1279	22.9961	4.92524	0.0550811
26.1025	23.1861	4.92559	0.0550545
32.1075	19.1174	4.92246	0.0551933
34.9506	19.1174	4.92214	0.0552139
32.4267	21.856	4.92442	0.0551644
28.8815	20.2128	4.92429	0.0551352
32.1075	19.1174	4.92246	0.0551933
32.4267	21.856	4.92442	0.0551644
31.7446	16.5071	4.91311	0.0552215
34.4425	16.5071	4.91278	0.0552207
32.1075	19.1174	4.92246	0.0551933
28.6113	17.5512	4.91947	0.0551951
31.7446	16.5071	4.91311	0.0552215
32.1075	19.1174	4.92246	0.0551933
11.414	14.0413	4.88435	0.0554608
12.5545	12.0646	4.81936	0.0555109
14.1312	14.0413	4.88369	0.0554748
12.2064	19.1174	4.92169	0.0553835
10.1618	16.5071	4.91376	0.0554263
13.1778	15.9788	4.90852	0.0554335
9.93237	11.8999	4.82333	0.0554877
8.74996	9.60269	0.182264	0.0564592
11.25	9.60269	0.155906	0.0564949
43.4158	19.3	4.92355	0.055158
45.2338	16.5071	4.92039	0.0551166
46.3226	19.1174	4.92407	0.0551566
33.1516	14.0413	4.88374	0.0552524
35.6088	14.5697	4.89279	0.0552272
34.4425	16.5071	4.91278	0.0552207
36.25	9.60269	0.146586	0.0563092
33.75	9.60269	0.145126	0.0563372
34.9468	7.95642	0.103962	0.0563945
21.9134	33.7485	4.90911	0.0542986
18.9132	34.917	4.86165	0.0513431
18.6835	32.5943	4.90706	0.0534356
25	30.6708	4.92592	0.0554303
21.9134	33.7485	4.90911	0.0542986
21.9612	30.6708	4.92296	0.0550165
21.8846	36.8646	4.85442	0.0537978
18.9132	34.917	4.86165	0.0513431
21.9134	33.7485	4.90911	0.0542986
25	40	4.89644	0.0652849
21.8846	36.8646	4.85442	0.0537978
25.1151	35.3065	4.91744	0.0571836
21.9134	33.7485	4.90911	0.0542986
18.6835	32.5943	4.90706	0.0534356
21.9612	30.6708	4.92296	0.0550165
18.7212	38.8242	0.205393	0.052138
18.9132	34.917	4.86165	0.0513431
21.8846	36.8646	4.85442	0.0537978
17.2667	36.7732	0.250116	0.0515514
15.8122	34.7222	4.86773	0.05196
18.9132	34.917	4.86165	0.0513431
18.7212	38.8242	0.205393	0.052138
17.2667	36.7732	0.250116	0.0515514
18.9132	34.917	4.86165	0.0513431
18.7212	38.8242	0.205393	0.052138
15.601	39.0202	0.231733	0.0542427
17.2667	36.7732	0.250116	0.0515514
18.7981	41.9596	0.228535	0.0649292
18.7212	38.8242	0.205393	0.052138
21.9014	39.3141	0.262001	0.0579585
15.601	39.0202	0.231733	0.0542427
15.8122	34.7222	4.86773	0.05196
17.2667	36.7732	0.250116	0.0515514
14.001	23.9462	4.92408	0.0552937
14.6026	21.856	4.92396	0.0553068
17.2998	24.7062	4.9245	0.0552157
13.1107	27.6505	4.92362	0.0552942
12.8447	30.6708	4.9214	0.0551408
10.1383	27.6505	4.92395	0.0553627
15.2052	26.1784	4.92416	0.0552725
15.7173	29.727	4.92247	0.055063
13.1107	27.6505	4.92362	0.0552942
20.3799	24.7062	4.92481	0.0551416
18.0114	27.1222	4.92417	0.0551764
17.2998	24.7062	4.9245	0.0552157
18.7229	29.5382	4.92217	0.0549146
15.7173	29.727	4.92247	0.055063
18.0114	27.1222	4.92417	0.0551764
18.7229	29.5382	4.92217	0.0549146
18.6835	32.5943	4.90706	0.0534356
15.7173	29.727	4.92247	0.055063
10.9756	24.1362	4.92376	0.0553153
8.05963	24.7062	4.92365	0.0552896
8.66123	21.856	4.92332	0.0553415
10.1383	27.6505	4.92395	0.0553627
8.05963	24.7062	4.92365	0.0552896
10.9756	24.1362	4.92376	0.0553153
10.1383	27.6505	4.92395	0.0553627
9.80591	30.6708	4.92352	0.0556643
7.16598	27.6505	4.92411	0.0553219
6.70061	30.2933	4.92417	0.0556662
7.16598	27.6505	4.92411	0.0553219
9.80591	30.6708	4.92352	0.0556643
4.97956	24.7062	4.92382	0.055243
5.62671	21.6734	4.92338	0.0553188
8.05963	24.7062	4.92365	0.0552896
3.67737	19.1174	4.92305	0.055363
5.62671	21.6734	4.92338	0.0553188
2.71986	21.856	4.92359	0.0552827
6.52038	19.1174	4.92247	0.0553835
4.76616	16.5071	4.9199	0.0554133
7.464	16.5071	4.91685	0.0554225
25	30.6708	4.92592	0.0554303
28.0388	30.6708	4.92543	0.0557117
28.0866	33.7485	4.92539	0.0574861
47.2801	21.856	4.92498	0.0552409
48.1005	24.7062	4.92503	0.0553489
45.0204	24.7062	4.92506	0.0553318
26.4215	19.1174	4.92337	0.0551566
26.3489	16.5071	4.91675	0.0552326
28.6113	17.5512	4.91947	0.0551951
18.0114	27.1222	4.92417	0.0551764
22.0277	27.6505	4.92512	0.0551363
18.7229	29.5382	4.92217	0.0549146
17.2541	20.9431	4.9239	0.0552692
20.544	21.856	4.92471	0.0551626
17.2998	24.7062	4.9245	0.0552157
23.0771	23.3761	4.92535	0.0550809
26.1025	23.1861	4.92559	0.0550545
25.3391	26.1784	4.9254	0.0550745
17.2998	24.7062	4.9245	0.0552157
20.544	21.856	4.92471	0.0551626
20.3799	24.7062	4.92481	0.0551416
24.8405	21.1517	4.92512	0.0551027
26.1025	23.1861	4.92559	0.0550545
23.0771	23.3761	4.92535	0.0550809
20.544	21.856	4.92471	0.0551626
24.8405	21.1517	4.92512	0.0551027
23.0771	23.3761	4.92535	0.0550809
23.5785	19.1174	4.92373	0.0551826
26.4215	19.1174	4.92337	0.0551566
24.8405	21.1517	4.92512	0.0551027
31.199	26.5464	4.9247	0.0551413
30.7452	28.7831	4.92463	0.0553089
28.269	26.3624	4.92531	0.055074
29.1279	22.9961	4.92524	0.0550811
31.199	26.5464	4.9247	0.0551413
28.269	26.3624	4.92531	0.055074
32.7002	24.7062	4.92447	0.0551474
33.7508	28.5944	4.9239	0.055323
31.199	26.5464	4.9247	0.0551413
20.544	21.856	4.92471	0.0551626
23.0771	23.3761	4.92535	0.0550809
20.3799	24.7062	4.92481	0.0551416
20.7355	19.1174	4.92242	0.0552414
20.544	21.856	4.92471	0.0551626
17.2541	20.9431	4.9239	0.0552692
17.7548	18.7251	4.92091	0.0553197
18.2554	16.5071	4.91245	0.0553817
20.7355	19.1174	4.92242	0.0552414
14.7591	18.4213	4.92017	0.0553731
17.7548	18.7251	4.92091	0.0553197
17.2541	20.9431	4.9239	0.0552692
14.7591	18.4213	4.92017	0.0553731
15.9817	15.8026	4.90729	0.0554284
17.7548	18.7251	4.92091	0.0553197
20.9532	16.5071	4.91277	0.0553313
23.5785	19.1174	4.92373	0.0551826
20.7355	19.1174	4.92242	0.0552414
23.5785	19.1174	4.92373	0.0551826
24.8405	21.1517	4.92512	0.0551027
20.544	21.856	4.92471	0.0551626
26.689	28.4246	4.92555	0.0552147
22.0277	27.6505	4.92512	0.0551363
25.3391	26.1784	4.9254	0.0550745
21.9612	30.6708	4.92296	0.0550165
18.6835	32.5943	4.90706	0.0534356
18.7229	29.5382	4.92217	0.0549146
20.7355	19.1174	4.92242	0.0552414
23.5785	19.1174	4.92373	0.0551826
20.544	21.856	4.92471	0.0551626
16.8484	14.0413	4.88433	0.0554772
19.5656	14.0413	4.88145	0.0554522
18.2554	16.5071	4.91245	0.0553817
16.8484	14.0413	4.88433	0.0554772
17.7988	12.3941	4.83977	0.0555305
19.5656	14.0413	4.88145	0.0554522
14.1312	14.0413	4.88369	0.0554748
16.8484	14.0413	4.88433	0.0554772
15.9817	15.8026	4.90729	0.0554284
15.1767	12.2293	4.83544	0.0555287
17.7988	12.3941	4.83977	0.0555305
16.8484	14.0413	4.88433	0.0554772
18.75	9.60269	0.155283	0.0565729
21.25	9.60269	0.153149	0.0565497
19.9458	11.7351	4.80205	0.0555433
24.3933	15.2742	4.9055	0.0553055
23.5785	19.1174	4.92373	0.0551826
20.9532	16.5071	4.91277	0.0553313
4.97956	24.7062	4.92382	0.055243
4.19365	27.6505	4.92426	0.055275
1.8995	24.7062	4.92405	0.0552088
8.74996	9.60269	0.182264	0.0564592
9.93237	11.8999	4.82333	0.0554877
7.31021	11.7351	4.85607	0.0554651
46.8029	37.0605	4.92454	0.0631929
43.6827	37.2565	4.92502	0.0630157
46.6062	33.7485	4.92434	0.0578131
41.9404	24.7062	4.92468	0.0553221
45.0204	24.7062	4.92506	0.0553318
42.7675	28.0281	4.92484	0.055488
38.8603	24.7062	4.92425	0.0552973
41.9404	24.7062	4.92468	0.0553221
39.9888	27.0985	4.92429	0.0553972
41.2294	22.236	4.92454	0.0552449
44.3095	21.856	4.9248	0.0552264
41.9404	24.7062	4.92468	0.0553221
48.7787	27.6505	4.92494	0.0554985
49.3105	30.6708	4.92465	0.0560319
46.2478	30.8632	4.92481	0.0560299
26.1025	23.1861	4.92559	0.0550545
24.8405	21.1517	4.92512	0.0551027
28.8815	20.2128	4.92429	0.0551352
28.269	26.3624	4.92531	0.055074
26.1025	23.1861	4.92559	0.0550545
29.1279	22.9961	4.92524	0.0550811
23.0771	23.3761	4.92535	0.0550809
22.0277	27.6505	4.92512	0.0551363
20.3799	24.7062	4.92481	0.0551416
12.8447	30.6708	4.9214	0.0551408
12.7112	34.5275	4.9075	0.0552593
9.49534	33.1714	4.92237	0.0564799
10.1383	27.6505	4.92395	0.0553627
12.8447	30.6708	4.9214	0.0551408
9.80591	30.6708	4.92352	0.0556643
14.3285	32.6965	4.90909	0.0542119
18.6835	32.5943	4.90706	0.0534356
15.8122	34.7222	4.86773	0.05196
25.1151	35.3065	4.91744	0.0571836
21.8846	36.8646	4.85442	0.0537978
21.9134	33.7485	4.90911	0.0542986
14.3285	32.6965	4.90909	0.0542119
12.7112	34.5275	4.9075	0.0552593
12.8447	30.6708	4.9214	0.0551408
18.9132	34.917	4.86165	0.0513431
15.8122	34.7222	4.86773	0.05196
18.6835	32.5943	4.90706	0.0534356
15.601	39.0202	0.231733	0.0542427
12.5385	36.8646	4.88719	0.0565818
15.8122	34.7222	4.86773	0.05196
23.5785	19.1174	4.92373	0.0551826
24.3933	15.2742	4.9055	0.0553055
26.3489	16.5071	4.91675	0.0552326
28.8815	20.2128	4.92429	0.0551352
24.8405	21.1517	4.92512	0.0551027
26.4215	19.1174	4.92337	0.0551566
18.2554	16.5071	4.91245	0.0553817
17.7548	18.7251	4.92091	0.0553197
15.9817	15.8026	4.90729	0.0554284
14.6026	21.856	4.92396	0.0553068
17.2541	20.9431	4.9239	0.0552692
17.2998	24.7062	4.9245	0.0552157
15.9817	15.8026	4.90729	0.0554284
13.1778	15.9788	4.90852	0.0554335
14.1312	14.0413	4.88369	0.0554748
14.6026	21.856	4.92396	0.0553068
14.7591	18.4213	4.92017	0.0553731
17.2541	20.9431	4.9239	0.0552692
11.4404	21.3083	4.92325	0.0553505
14.001	23.9462	4.92408	0.0552937
10.9756	24.1362	4.92376	0.0553153
30.001	14.922	4.90015	0.0552477
30.9096	13.2177	4.86814	0.0552823
33.1516	14.0413	4.88374	0.0552524
31.7446	16.5071	4.91311	0.0552215
30.001	14.922	4.90015	0.0552477
33.1516	14.0413	4.88374	0.0552524
25.6653	12.8882	4.86847	0.0553627
27.0253	10.7509	4.7859	0.0554238
28.2875	13.053	4.87261	0.055311
25.6653	12.8882	4.86847	0.0553627
28.2875	13.053	4.87261	0.055311
26.3489	16.5071	4.91675	0.0552326
33.75	9.60269	0.145126	0.0563372
36.25	9.60269	0.146586	0.0563092
35.1085	11.7351	4.79892	0.0553021
39.693	16.8552	4.9164	0.055167
41.2166	14.2175	4.89585	0.0551546
42.536	16.5071	4.91731	0.0551291
28.8815	20.2128	4.92429	0.0551352
26.4215	19.1174	4.92337	0.0551566
28.6113	17.5512	4.91947	0.0551951
40.625	40	4.92763	0.0702855
43.75	40	4.92642	0.0706034
43.6923	43.1354	4.92922	0.0860089
34.399	40.9798	4.91786	0.0767623
37.5	40	4.92609	0.0698679
37.5191	43.9145	0.682058	0.0206245
40.5769	36.8646	4.92528	0.0619068
43.6827	37.2565	4.92502	0.0630157
40.625	40	4.92763	0.0702855
37.3464	33.7485	4.92427	0.0576185
33.997	31.6326	4.92408	0.0562551
37.1553	30.6708	4.92381	0.0558955
40.625	40	4.92763	0.0702855
37.5	40	4.92609	0.0698679
40.5769	36.8646	4.92528	0.0619068
37.4615	36.8646	4.92537	0.0620794
34.1596	34.7385	4.92469	0.05894
37.3464	33.7485	4.92427	0.0576185
46.2478	30.8632	4.92481	0.0560299
45.7731	27.8393	4.92501	0.0555022
48.7787	27.6505	4.92494	0.0554985
49.6928	33.7485	4.92417	0.0580595
46.6062	33.7485	4.92434	0.0578131
49.3105	30.6708	4.92465	0.0560319
40.1941	30.6708	4.92428	0.0558217
37.1553	30.6708	4.92381	0.0558955
36.8893	27.6505	4.9239	0.0553679
43.2329	30.6708	4.92482	0.0558777
40.1941	30.6708	4.92428	0.0558217
42.7675	28.0281	4.92484	0.055488
40.433	33.7485	4.92462	0.0574548
37.3464	33.7485	4.92427	0.0576185
40.1941	30.6708	4.92428	0.0558217
31.3171	35.696	4.92568	0.0605305
31.2019	38.0404	4.92845	0.0662464
28.1154	36.8646	4.92529	0.0620866
33.997	31.6326	4.92408	0.0562551
34.1596	34.7385	4.92469	0.05894
30.9343	31.8249	4.92477	0.056204
34.3221	37.8444	4.92738	0.0652304
31.2019	38.0404	4.92845	0.0662464
31.3171	35.696	4.92568	0.0605305
37.5	40	4.92609	0.0698679
34.3221	37.8444	4.92738	0.0652304
37.4615	36.8646	4.92537	0.0620794
34.399	40.9798	4.91786	0.0767623
31.2019	38.0404	4.92845	0.0662464
34.3221	37.8444	4.92738	0.0652304
40.1941	30.6708	4.92428	0.0558217
39.9888	27.0985	4.92429	0.0553972
42.7675	28.0281	4.92484	0.055488
7.16598	27.6505	4.92411	0.0553219
8.05963	24.7062	4.92365	0.0552896
10.1383	27.6505	4.92395	0.0553627
3.69504	30.482	4.92428	0.0557321
4.19365	27.6505	4.92426	0.055275
6.70061	30.2933	4.92417	0.0556662
4.97956	24.7062	4.92382	0.055243
8.05963	24.7062	4.92365	0.0552896
7.16598	27.6505	4.92411	0.0553219
2.71986	21.856	4.92359	0.0552827
4.97956	24.7062	4.92382	0.055243
1.8995	24.7062	4.92405	0.0552088
14.001	23.9462	4.92408	0.0552937
11.4404	21.3083	4.92325	0.0553505
14.6026	21.856	4.92396	0.0553068
13.1107	27.6505	4.92362	0.0552942
10.9756	24.1362	4.92376	0.0553153
14.001	23.9462	4.92408	0.0552937
8.66123	21.856	4.92332	0.0553415
5.62671	21.6734	4.92338	0.0553188
6.52038	19.1174	4.92247	0.0553835
12.2064	19.1174	4.92169	0.0553835
11.4404	21.3083	4.92325	0.0553505
9.3634	19.1174	4.92164	0.055392
8.05963	24.7062	4.92365	0.0552896
5.62671	21.6734	4.92338	0.0553188
8.66123	21.856	4.92332	0.0553415
44.3095	21.856	4.9248	0.0552264
41.2294	22.236	4.92454	0.0552449
43.4158	19.3	4.92355	0.055158
45.7731	27.8393	4.92501	0.0555022
45.0204	24.7062	4.92506	0.0553318
48.1005	24.7062	4.92503	0.0553489
38.8603	24.7062	4.92425	0.0552973
36.8893	27.6505	4.9239	0.0553679
35.7802	24.7062	4.92415	0.0552313
45.7731	27.8393	4.92501	0.0555022
42.7675	28.0281	4.92484	0.055488
45.0204	24.7062	4.92506	0.0553318
43.2329	30.6708	4.92482	0.0558777
46.2478	30.8632	4.92481	0.0560299
43.5196	33.7485	4.92474	0.057575
40.433	33.7485	4.92462	0.0574548
43.2329	30.6708	4.92482	0.0558777
43.5196	33.7485	4.92474	0.057575
42.7675	28.0281	4.92484	0.055488
45.7731	27.8393	4.92501	0.0555022
43.2329	30.6708	4.92482	0.0558777
41.9404	24.7062	4.92468	0.0553221
42.7675	28.0281	4.92484	0.055488
39.9888	27.0985	4.92429	0.0553972
45.7731	27.8393	4.92501	0.0555022
46.2478	30.8632	4.92481	0.0560299
43.2329	30.6708	4.92482	0.0558777
8.69678	14.0413	4.89303	0.0554473
5.97957	14.0413	4.90618	0.0554373
7.31021	11.7351	4.85607	0.0554651
10.1618	16.5071	4.91376	0.0554263
8.69678	14.0413	4.89303	0.0554473
11.414	14.0413	4.88435	0.0554608
7.464	16.5071	4.91685	0.0554225
4.76616	16.5071	4.9199	0.0554133
5.97957	14.0413	4.90618	0.0554373
10.1618	16.5071	4.91376	0.0554263
7.464	16.5071	4.91685	0.0554225
8.69678	14.0413	4.89303	0.0554473
10.1618	16.5071	4.91376	0.0554263
9.3634	19.1174	4.92164	0.055392
7.464	16.5071	4.91685	0.0554225
9.42308	36.8646	4.91857	0.06005
9.49534	33.1714	4.92237	0.0564799
12.7112	34.5275	4.9075	0.0552593
12.5	40	4.88409	0.0622581
9.36058	39.4121	4.91985	0.0650374
12.5385	36.8646	4.88719	0.0565818
9.36058	39.4121	4.91985	0.0650374
6.30769	36.8646	4.92442	0.0614929
9.42308	36.8646	4.91857	0.06005
3.19231	36.8646	4.92486	0.0623061
3.40821	33.9432	4.92418	0.0579469
6.30769	36.8646	4.92442	0.0614929
0.076922	36.8646	4.92498	0.0629737
3.19231	36.8646	4.92486	0.0623061
3.125	40	4.92638	0.0692395
0.076922	36.8646	4.92498	0.0629737
0.307214	33.7485	4.92429	0.0580863
3.19231	36.8646	4.92486	0.0623061
6.70061	30.2933	4.92417	0.0556662
9.80591	30.6708	4.92352	0.0556643
9.49534	33.1714	4.92237	0.0564799
2.71986	21.856	4.92359	0.0552827
5.62671	21.6734	4.92338	0.0553188
4.97956	24.7062	4.92382	0.055243
18.0114	27.1222	4.92417	0.0551764
15.7173	29.727	4.92247	0.055063
15.2052	26.1784	4.92416	0.0552725
43.5196	33.7485	4.92474	0.057575
40.5769	36.8646	4.92528	0.0619068
40.433	33.7485	4.92462	0.0574548
49.9231	36.8646	4.92448	0.0633594
46.8029	37.0605	4.92454	0.0631929
49.6928	33.7485	4.92417	0.0580595
43.75	40	4.92642	0.0706034
40.625	40	4.92763	0.0702855
43.6827	37.2565	4.92502	0.0630157
13.1107	27.6505	4.92362	0.0552942
15.7173	29.727	4.92247	0.055063
12.8447	30.6708	4.9214	0.0551408
10.9756	24.1362	4.92376	0.0553153
13.1107	27.6505	4.92362	0.0552942
10.1383	27.6505	4.92395	0.0553627
15.2052	26.1784	4.92416	0.0552725
17.2998	24.7062	4.9245	0.0552157
18.0114	27.1222	4.92417	0.0551764
14.001	23.9462	4.92408	0.0552937
15.2052	26.1784	4.92416	0.0552725
13.1107	27.6505	4.92362	0.0552942
14.001	23.9462	4.92408	0.0552937
17.2998	24.7062	4.9245	0.0552157
15.2052	26.1784	4.92416	0.0552725
46.6062	33.7485	4.92434	0.0578131
43.6827	37.2565	4.92502	0.0630157
43.5196	33.7485	4.92474	0.057575
50	40	4.92589	0.0715835
46.8029	37.0605	4.92454	0.0631929
49.9231	36.8646	4.92448	0.0633594
46.8798	40.196	4.92655	0.077292
43.75	40	4.92642	0.0706034
46.8029	37.0605	4.92454	0.0631929
21.9014	39.3141	0.262001	0.0579585
21.9183	41.7637	4.83786	0.0690119
18.7981	41.9596	0.228535	0.0649292
25	40	4.89644	0.0652849
21.9014	39.3141	0.262001	0.0579585
21.8846	36.8646	4.85442	0.0537978
25	40	4.89644	0.0652849
21.9183	41.7637	4.83786	0.0690119
21.9014	39.3141	0.262001	0.0579585
22.0142	44.8882	4.89475	0.0818754
18.7981	41.9596	0.228535	0.0649292
21.9183	41.7637	4.83786	0.0690119
3.69504	30.482	4.92428	0.0557321
3.40821	33.9432	4.92418	0.0579469
0.68946	30.6708	4.92429	0.0558736
1.22131	27.6505	4.92433	0.055265
3.69504	30.482	4.92428	0.0557321
0.68946	30.6708	4.92429	0.0558736
6.70061	30.2933	4.92417	0.0556662
6.43263	33.3637	4.92424	0.0571184
3.69504	30.482	4.92428	0.0557321
43.5196	33.7485	4.92474	0.057575
43.6827	37.2565	4.92502	0.0630157
40.5769	36.8646	4.92528	0.0619068
40.1941	30.6708	4.92428	0.0558217
43.2329	30.6708	4.92482	0.0558777
40.433	33.7485	4.92462	0.0574548
46.6062	33.7485	4.92434	0.0578131
49.6928	33.7485	4.92417	0.0580595
46.8029	37.0605	4.92454	0.0631929
46.2478	30.8632	4.92481	0.0560299
46.6062	33.7485	4.92434	0.0578131
43.5196	33.7485	4.92474	0.057575
46.2478	30.8632	4.92481	0.0560299
49.3105	30.6708	4.92465	0.0560319
46.6062	33.7485	4.92434	0.0578131
46.8798	40.196	4.92655	0.077292
46.8029	37.0605	4.92454	0.0631929
50	40	4.92589	0.0715835
9.4375	42.5475	4.92591	0.0780978
6.24038	39.6081	4.92591	0.0673009
9.36058	39.4121	4.91985	0.0650374
9.49534	33.1714	4.92237	0.0564799
9.80591	30.6708	4.92352	0.0556643
12.8447	30.6708	4.9214	0.0551408
12.5385	36.8646	4.88719	0.0565818
9.42308	36.8646	4.91857	0.06005
12.7112	34.5275	4.9075	0.0552593
6.43263	33.3637	4.92424	0.0571184
6.70061	30.2933	4.92417	0.0556662
9.49534	33.1714	4.92237	0.0564799
4.19365	27.6505	4.92426	0.055275
4.97956	24.7062	4.92382	0.055243
7.16598	27.6505	4.92411	0.0553219
1.22131	27.6505	4.92433	0.055265
4.19365	27.6505	4.92426	0.055275
3.69504	30.482	4.92428	0.0557321
1.22131	27.6505	4.92433	0.055265
1.8995	24.7062	4.92405	0.0552088
4.19365	27.6505	4.92426	0.055275
6.70061	30.2933	4.92417	0.0556662
4.19365	27.6505	4.92426	0.055275
7.16598	27.6505	4.92411	0.0553219
18.7229	29.5382	4.92217	0.0549146
22.0277	27.6505	4.92512	0.0551363
21.9612	30.6708	4.92296	0.0550165
14.3285	32.6965	4.90909	0.0542119
12.8447	30.6708	4.9214	0.0551408
15.7173	29.727	4.92247	0.055063
18.6835	32.5943	4.90706	0.0534356
14.3285	32.6965	4.90909	0.0542119
15.7173	29.727	4.92247	0.055063
15.8122	34.7222	4.86773	0.05196
12.7112	34.5275	4.9075	0.0552593
14.3285	32.6965	4.90909	0.0542119
18.0114	27.1222	4.92417	0.0551764
20.3799	24.7062	4.92481	0.0551416
22.0277	27.6505	4.92512	0.0551363
3.40821	33.9432	4.92418	0.0579469
3.69504	30.482	4.92428	0.0557321
6.43263	33.3637	4.92424	0.0571184
46.8077	43.1354	4.92922	0.0866337
43.6923	43.1354	4.92922	0.0860089
46.8798	40.196	4.92655	0.077292
49.9231	43.1354	4.9289	0.0865837
46.8077	43.1354	4.92922	0.0866337
46.8798	40.196	4.92655	0.077292
46.2717	49.3292	4.93067	0.0914906
49.3105	49.3292	4.93136	0.092001
48.7787	52.3495	4.92787	0.0893765
43.5196	46.2515	4.93187	0.0920017
46.2717	49.3292	4.93067	0.0914906
43.2329	49.3292	4.932	0.0922027
40.433	46.2515	4.92365	0.0898451
43.5196	46.2515	4.93187	0.0920017
43.2329	49.3292	4.932	0.0922027
43.6923	43.1354	4.92922	0.0860089
46.8077	43.1354	4.92922	0.0866337
46.6062	46.2515	4.93088	0.0919436
46.6062	46.2515	4.93088	0.0919436
49.3105	49.3292	4.93136	0.092001
46.2717	49.3292	4.93067	0.0914906
6.30769	36.8646	4.92442	0.0614929
6.43263	33.3637	4.92424	0.0571184
9.42308	36.8646	4.91857	0.06005
3.125	40	4.92638	0.0692395
3.19231	36.8646	4.92486	0.0623061
6.24038	39.6081	4.92591	0.0673009
3.40821	33.9432	4.92418	0.0579469
6.43263	33.3637	4.92424	0.0571184
6.30769	36.8646	4.92442	0.0614929
0.307214	33.7485	4.92429	0.0580863
3.40821	33.9432	4.92418	0.0579469
3.19231	36.8646	4.92486	0.0623061
0.307214	33.7485	4.92429	0.0580863
0.68946	30.6708	4.92429	0.0558736
3.40821	33.9432	4.92418	0.0579469
