25	30.6708	4.94942	0.0360873
28.0866	33.7485	4.94911	0.0379055
25.1151	35.3065	4.93625	0.0376734
22.0277	27.6505	4.9499	0.0358068
25	30.6708	4.94942	0.0360873
21.9612	30.6708	4.94455	0.0356715
26.689	28.4246	4.95087	0.0360524
28.269	26.3624	4.95089	0.0359294
30.7452	28.7831	4.95071	0.0362373
25	30.6708	4.94942	0.0360873
26.689	28.4246	4.95087	0.0360524
28.0388	30.6708	4.95057	0.0365497
25.3391	26.1784	4.95089	0.0358942
28.269	26.3624	4.95089	0.0359294
26.689	28.4246	4.95087	0.0360524
28.0388	30.6708	4.95057	0.0365497
30.9343	31.8249	4.95092	0.0371423
28.0866	33.7485	4.94911	0.0379055
22.0277	27.6505	4.9499	0.0358068
26.689	28.4246	4.95087	0.0360524
25	30.6708	4.94942	0.0360873
30.7452	28.7831	4.95071	0.0362373
30.9343	31.8249	4.95092	0.0371423
28.0388	30.6708	4.95057	0.0365497
26.689	28.4246	4.95087	0.0360524
30.7452	28.7831	4.95071	0.0362373
28.0388	30.6708	4.95057	0.0365497
26.1025	23.1861	4.95066	0.0358552
28.269	26.3624	4.95089	0.0359294
25.3391	26.1784	4.95089	0.0358942
29.1279	22.9961	4.95033	0.0358625
32.7002	24.7062	4.95041	0.0359203
31.199	26.5464	4.95065	0.03599
33.7508	28.5944	4.95042	0.0362076
30.9343	31.8249	4.95092	0.0371423
30.7452	28.7831	4.95071	0.0362373
31.199	26.5464	4.95065	0.03599
33.7508	28.5944	4.95042	0.0362076
30.7452	28.7831	4.95071	0.0362373
37.4615	36.8646	4.94558	0.0403882
40.433	33.7485	4.9515	0.0383687
40.5769	36.8646	4.95124	0.0411399
36.8893	27.6505	4.95032	0.0361484
37.1553	30.6708	4.95044	0.0367888
33.7508	28.5944	4.95042	0.0362076
36.8893	27.6505	4.95032	0.0361484
39.9888	27.0985	4.95044	0.0361258
40.1941	30.6708	4.95057	0.0367387
34.9506	19.1174	4.94542	0.0359092
34.4425	16.5071	4.93209	0.0359209
37.1403	16.5071	4.93278	0.0359126
38.204	22.4261	4.94981	0.0359357
35.1786	22.6161	4.9498	0.035916
36.4861	20.8667	4.94818	0.0359164
32.1075	19.1174	4.94561	0.0359003
28.8815	20.2128	4.94827	0.0358767
28.6113	17.5512	4.94069	0.0359116
38.204	22.4261	4.94981	0.0359357
35.7802	24.7062	4.95026	0.0359524
35.1786	22.6161	4.9498	0.035916
32.7002	24.7062	4.95041	0.0359203
29.1279	22.9961	4.95033	0.0358625
32.4267	21.856	4.94956	0.0358906
45.7731	27.8393	4.95072	0.0362351
48.1005	24.7062	4.95076	0.0360322
48.7787	27.6505	4.95076	0.0362465
38.8603	24.7062	4.95032	0.0359863
41.2294	22.236	4.94993	0.0359415
41.9404	24.7062	4.9505	0.0360038
38.8603	24.7062	4.95032	0.0359863
38.204	22.4261	4.94981	0.0359357
41.2294	22.236	4.94993	0.0359415
36.8893	27.6505	4.95032	0.0361484
38.8603	24.7062	4.95032	0.0359863
39.9888	27.0985	4.95044	0.0361258
35.7802	24.7062	4.95026	0.0359524
38.204	22.4261	4.94981	0.0359357
38.8603	24.7062	4.95032	0.0359863
33.7508	28.5944	4.95042	0.0362076
35.7802	24.7062	4.95026	0.0359524
36.8893	27.6505	4.95032	0.0361484
32.7002	24.7062	4.95041	0.0359203
32.4267	21.856	4.94956	0.0358906
35.1786	22.6161	4.9498	0.035916
37.7936	19.1174	4.94551	0.0359098
40.5089	19.4825	4.94722	0.0359077
38.204	22.4261	4.94981	0.0359357
35.1786	22.6161	4.9498	0.035916
32.4267	21.856	4.94956	0.0358906
34.9506	19.1174	4.94542	0.0359092
36.4861	20.8667	4.94818	0.0359164
35.1786	22.6161	4.9498	0.035916
34.9506	19.1174	4.94542	0.0359092
37.7936	19.1174	4.94551	0.0359098
36.4861	20.8667	4.94818	0.0359164
34.9506	19.1174	4.94542	0.0359092
37.7936	19.1174	4.94551	0.0359098
38.204	22.4261	4.94981	0.0359357
36.4861	20.8667	4.94818	0.0359164
35.7802	24.7062	4.95026	0.0359524
32.7002	24.7062	4.95041	0.0359203
35.1786	22.6161	4.9498	0.035916
33.7508	28.5944	4.95042	0.0362076
32.7002	24.7062	4.95041	0.0359203
35.7802	24.7062	4.95026	0.0359524
29.1279	22.9961	4.95033	0.0358625
28.8815	20.2128	4.94827	0.0358767
32.4267	21.856	4.94956	0.0358906
37.1403	16.5071	4.93278	0.0359126
39.693	16.8552	4.9374	0.0358992
37.7936	19.1174	4.94551	0.0359098
44.3095	21.856	4.95013	0.035939
47.2801	21.856	4.95043	0.0359499
45.0204	24.7062	4.95068	0.0360151
41.9404	24.7062	4.9505	0.0360038
44.3095	21.856	4.95013	0.035939
45.0204	24.7062	4.95068	0.0360151
43.4158	19.3	4.948	0.0359011
46.3226	19.1174	4.94896	0.0359041
44.3095	21.856	4.95013	0.035939
28.0866	46.2515	4.9395	0.0551568
31.0776	49.3292	4.86848	0.0497797
28.0388	49.3292	4.93961	0.0578079
25	43.1354	4.93101	0.0514985
28.1154	43.1354	4.93811	0.0515494
28.0866	46.2515	4.9395	0.0551568
37.3464	46.2515	0.16239	0.0338605
34.3294	43.6157	0.192497	0.0351279
37.5191	43.9145	0.193942	0.0356863
31.226	43.7137	4.86563	0.0445591
31.2788	41.1758	4.91023	0.0455149
34.3294	43.6157	0.192497	0.0351279
28.0866	46.2515	4.9395	0.0551568
31.226	43.7137	4.86563	0.0445591
31.1732	46.2515	4.84471	0.0449958
28.1154	43.1354	4.93811	0.0515494
31.2788	41.1758	4.91023	0.0455149
31.226	43.7137	4.86563	0.0445591
25	46.2515	4.94469	0.0563171
25	43.1354	4.93101	0.0514985
28.0866	46.2515	4.9395	0.0551568
28.125	40	4.94027	0.0443808
31.2788	41.1758	4.91023	0.0455149
28.1154	43.1354	4.93811	0.0515494
28.125	40	4.94027	0.0443808
31.2019	38.0404	4.94795	0.0421599
31.2788	41.1758	4.91023	0.0455149
31.2019	38.0404	4.94795	0.0421599
34.399	40.9798	4.8588	0.0403473
31.2788	41.1758	4.91023	0.0455149
28.0866	33.7485	4.94911	0.0379055
31.3171	35.696	4.95182	0.0400962
28.1154	36.8646	4.94777	0.0407372
37.3464	33.7485	4.9506	0.0382794
37.1553	30.6708	4.95044	0.0367888
40.1941	30.6708	4.95057	0.0367387
37.4615	36.8646	4.94558	0.0403882
37.3464	33.7485	4.9506	0.0382794
40.433	33.7485	4.9515	0.0383687
37.4615	36.8646	4.94558	0.0403882
34.3221	37.8444	4.93739	0.0406088
34.1596	34.7385	4.95072	0.0390982
34.1596	34.7385	4.95072	0.0390982
33.997	31.6326	4.95069	0.0371609
37.3464	33.7485	4.9506	0.0382794
31.3171	35.696	4.95182	0.0400962
34.1596	34.7385	4.95072	0.0390982
34.3221	37.8444	4.93739	0.0406088
31.3171	35.696	4.95182	0.0400962
30.9343	31.8249	4.95092	0.0371423
34.1596	34.7385	4.95072	0.0390982
30.9343	31.8249	4.95092	0.0371423
33.7508	28.5944	4.95042	0.0362076
33.997	31.6326	4.95069	0.0371609
40.433	46.2515	4.8624	0.0465034
40.6201	43.7197	4.88855	0.0467734
43.5196	46.2515	4.9412	0.0554229
46.8029	37.0605	4.95142	0.0420361
43.75	40	4.94976	0.045665
43.6827	37.2565	4.95221	0.0420688
49.9231	43.1354	4.95311	0.0545488
46.8798	40.196	4.95262	0.0500438
50	40	4.95188	0.0464522
49.9231	43.1354	4.95311	0.0545488
49.6928	46.2515	4.95425	0.0578879
46.8077	43.1354	4.95281	0.0544871
25	43.1354	4.93101	0.0514985
25	46.2515	4.94469	0.0563171
22.0142	44.8882	4.91006	0.0522849
25	40	4.91348	0.0428704
25	43.1354	4.93101	0.0514985
21.9183	41.7637	4.85121	0.0461957
25	40	4.91348	0.0428704
28.1154	43.1354	4.93811	0.0515494
25	43.1354	4.93101	0.0514985
31.2019	38.0404	4.94795	0.0421599
28.125	40	4.94027	0.0443808
28.1154	36.8646	4.94777	0.0407372
28.1154	43.1354	4.93811	0.0515494
31.226	43.7137	4.86563	0.0445591
28.0866	46.2515	4.9395	0.0551568
18.7981	41.9596	0.222111	0.0452421
15.601	39.0202	0.226581	0.0382991
18.7212	38.8242	0.20262	0.0377604
17.2523	44.2036	4.87534	0.0489049
15.7402	46.2515	4.92859	0.052811
14.1489	44.3016	4.92041	0.0498578
18.7981	41.9596	0.222111	0.0452421
17.2523	44.2036	4.87534	0.0489049
15.6779	42.1556	4.85179	0.0452812
18.8268	46.2515	4.91757	0.0531929
15.7402	46.2515	4.92859	0.052811
17.2523	44.2036	4.87534	0.0489049
21.7462	47.598	4.93973	0.0565172
18.8268	46.2515	4.91757	0.0531929
22.0142	44.8882	4.91006	0.0522849
21.7462	47.598	4.93973	0.0565172
18.9224	49.3292	4.94442	0.0575599
18.8268	46.2515	4.91757	0.0531929
15.6779	42.1556	4.85179	0.0452812
15.601	39.0202	0.226581	0.0382991
18.7981	41.9596	0.222111	0.0452421
18.8268	46.2515	4.91757	0.0531929
17.2523	44.2036	4.87534	0.0489049
18.7981	41.9596	0.222111	0.0452421
14.1489	44.3016	4.92041	0.0498578
12.6536	46.2515	4.94307	0.0534585
12.5577	42.3516	4.92159	0.047509
15.6779	42.1556	4.85179	0.0452812
14.1489	44.3016	4.92041	0.0498578
12.5577	42.3516	4.92159	0.047509
15.7402	46.2515	4.92859	0.052811
12.6536	46.2515	4.94307	0.0534585
14.1489	44.3016	4.92041	0.0498578
12.7118	50.0843	4.94909	0.0579186
12.6536	46.2515	4.94307	0.0534585
15.8835	49.3292	4.94699	0.0570919
16.083	52.3495	4.94358	0.0609807
13.1107	52.3495	4.94316	0.0606072
15.8835	49.3292	4.94699	0.0570919
18.9224	49.3292	4.94442	0.0575599
16.083	52.3495	4.94358	0.0609807
15.8835	49.3292	4.94699	0.0570919
13.1107	52.3495	4.94316	0.0606072
10.6893	54.7417	4.9208	0.0651107
10.1383	52.3495	4.9428	0.0603244
15.8835	49.3292	4.94699	0.0570919
13.1107	52.3495	4.94316	0.0606072
12.7118	50.0843	4.94909	0.0579186
14.2198	55.2938	4.91235	0.0697385
10.6893	54.7417	4.9208	0.0651107
13.1107	52.3495	4.94316	0.0606072
17.0264	56.2438	4.89825	0.077438
14.2198	55.2938	4.91235	0.0697385
16.083	52.3495	4.94358	0.0609807
17.2808	59.0298	4.78602	0.119001
17.5295	61.7527	0.110324	4.73388
15.0494	60.8826	0.129472	0.144942
17.0264	56.2438	4.89825	0.077438
17.2808	59.0298	4.78602	0.119001
14.6026	58.144	4.81686	0.0963958
17.0264	56.2438	4.89825	0.077438
20.0518	56.4338	4.89922	0.0799589
17.2808	59.0298	4.78602	0.119001
7.16598	52.3495	4.94336	0.060507
8.05963	55.2938	4.91138	0.0657094
4.92487	55.4838	4.91353	0.0670796
6.76709	49.3292	4.95194	0.0580592
7.16598	52.3495	4.94336	0.060507
4.19365	52.3495	4.94488	0.0610156
10.1383	52.3495	4.9428	0.0603244
8.05963	55.2938	4.91138	0.0657094
7.16598	52.3495	4.94336	0.060507
12.7118	50.0843	4.94909	0.0579186
10.1383	52.3495	4.9428	0.0603244
9.70619	49.8955	4.95021	0.0579732
10.6893	54.7417	4.9208	0.0651107
8.05963	55.2938	4.91138	0.0657094
10.1383	52.3495	4.9428	0.0603244
12.5577	42.3516	4.92159	0.047509
12.5	40	4.89969	0.0409574
15.6779	42.1556	4.85179	0.0452812
9.61019	45.6673	4.95136	0.0539107
12.5577	42.3516	4.92159	0.047509
12.6536	46.2515	4.94307	0.0534585
9.61019	45.6673	4.95136	0.0539107
6.31731	42.7435	4.95164	0.0511259
9.4375	42.5475	4.94554	0.0495848
-3.10282e-28	40	4.95192	0.0481579
3.125	40	4.95163	0.0448097
3.19711	42.9395	4.95265	0.0518941
-3.10282e-28	40	4.95192	0.0481579
0.076922	36.8646	4.95104	0.0413203
3.125	40	4.95163	0.0448097
46.6062	46.2515	4.95387	0.0577464
46.2717	49.3292	4.9536	0.0587628
43.5196	46.2515	4.9412	0.0554229
43.6923	43.1354	4.94554	0.0530656
46.6062	46.2515	4.95387	0.0577464
43.5196	46.2515	4.9412	0.0554229
49.6928	46.2515	4.95425	0.0578879
49.3105	49.3292	4.95373	0.0588998
46.6062	46.2515	4.95387	0.0577464
27.4517	72.3429	0.0388717	0.0563435
25	72.3429	0.0389248	0.0604875
27.0253	69.2491	0.0412895	0.0896733
24.7277	76.3587	0.0384968	0.0425717
26.189	74.0896	0.0386306	0.0487512
27.2733	75.6267	0.0385213	0.043466
24.7277	76.3587	0.0384968	0.0425717
23.0327	74.7883	0.0385514	0.0484757
26.189	74.0896	0.0386306	0.0487512
23.0339	79.8761	0.03843	0.0395408
21.0802	79.5053	0.0384038	0.0401923
21.6827	78.0345	0.0384147	0.0406886
19.6759	76.9444	0.0384001	0.0419848
19.0551	74.0896	0.0385711	0.0511823
21.4331	74.0896	0.0385992	0.0527127
19.6759	76.9444	0.0384001	0.0419848
18.1801	75.6267	0.038448	0.0450694
19.0551	74.0896	0.0385711	0.0511823
21.4331	74.0896	0.0385992	0.0527127
23.0327	74.7883	0.0385514	0.0484757
22.3999	76.5052	0.0384579	0.0431327
20.0967	72.3429	0.0389181	0.0679459
22.5483	72.3429	0.0389549	0.0692518
21.4331	74.0896	0.0385992	0.0527127
16.5527	73.7985	0.0385807	0.0495147
17.645	72.3429	0.0388817	0.0586064
19.0551	74.0896	0.0385711	0.0511823
19.193	69.7412	0.0406042	0.104208
21.8037	69.5771	0.0411599	4.59216
20.0967	72.3429	0.0389181	0.0679459
21.8037	69.5771	0.0411599	4.59216
23.75	70.3973	0.0400096	0.0891381
22.5483	72.3429	0.0389549	0.0692518
21.6827	78.0345	0.0384147	0.0406886
19.1515	78.89	0.0383822	0.0407192
19.6759	76.9444	0.0384001	0.0419848
22.3999	76.5052	0.0384579	0.0431327
19.6759	76.9444	0.0384001	0.0419848
21.4331	74.0896	0.0385992	0.0527127
22.3999	76.5052	0.0384579	0.0431327
21.6827	78.0345	0.0384147	0.0406886
19.6759	76.9444	0.0384001	0.0419848
24.7277	76.3587	0.0384968	0.0425717
22.3999	76.5052	0.0384579	0.0431327
23.0327	74.7883	0.0385514	0.0484757
24.7277	76.3587	0.0384968	0.0425717
24.9752	78.5234	0.0384695	0.0398067
23.329	78.279	0.0384412	0.0402356
21.0802	79.5053	0.0384038	0.0401923
19.1515	78.89	0.0383822	0.0407192
21.6827	78.0345	0.0384147	0.0406886
25	80	0.0384662	0.0394156
24.9752	78.5234	0.0384695	0.0398067
26.9661	79.8761	0.038496	0.0392037
19.6759	76.9444	0.0384001	0.0419848
19.1515	78.89	0.0383822	0.0407192
17.2597	78.0345	0.0383821	0.0418224
28.3173	78.0345	0.0385048	0.0399367
30.8485	78.89	0.0384484	0.0400954
28.9198	79.5053	0.0385001	0.0396004
18.1801	75.6267	0.038448	0.0450694
19.6759	76.9444	0.0384001	0.0419848
17.2597	78.0345	0.0383821	0.0418224
15.4167	76.9444	0.0383927	0.0431086
18.1801	75.6267	0.038448	0.0450694
17.2597	78.0345	0.0383821	0.0418224
23.0327	74.7883	0.0385514	0.0484757
21.4331	74.0896	0.0385992	0.0527127
22.5483	72.3429	0.0389549	0.0692518
15.4167	76.9444	0.0383927	0.0431086
16.5527	73.7985	0.0385807	0.0495147
18.1801	75.6267	0.038448	0.0450694
20.0967	72.3429	0.0389181	0.0679459
21.8037	69.5771	0.0411599	4.59216
22.5483	72.3429	0.0389549	0.0692518
15.4167	76.9444	0.0383927	0.0431086
13.6336	75.6267	0.0384964	0.0469875
14.237	73.9441	0.0385734	0.0492864
29.3832	76.0659	0.0384423	0.0422106
31.3712	77.1646	0.0383689	0.0411294
28.3173	78.0345	0.0385048	0.0399367
31.9219	75.3472	0.0381621	0.0434343
34.5833	76.9444	0.0380003	0.0422912
32.7403	78.0345	0.0383205	0.0409187
14.237	73.9441	0.0385734	0.0492864
11.9212	74.0896	0.0386558	0.0520836
12.7417	72.3429	0.0388631	0.0563598
11.25	70.3973	0.0397919	0.0725864
12.7417	72.3429	0.0388631	0.0563598
10.2901	72.3429	0.0391362	0.0627797
17.645	72.3429	0.0388817	0.0586064
16.5527	73.7985	0.0385807	0.0495147
15.1934	72.3429	0.0388519	0.0553553
19.193	69.7412	0.0406042	0.104208
17.645	72.3429	0.0388817	0.0586064
16.25	70.3973	0.0398234	0.0720578
20.0967	72.3429	0.0389181	0.0679459
19.0551	74.0896	0.0385711	0.0511823
17.645	72.3429	0.0388817	0.0586064
19.0551	74.0896	0.0385711	0.0511823
18.1801	75.6267	0.038448	0.0450694
16.5527	73.7985	0.0385807	0.0495147
32.355	72.3429	0.0377194	0.0528664
34.8066	72.3429	0.0370276	0.0523396
33.3228	74.0896	0.037721	0.0460911
33.3228	74.0896	0.037721	0.0460911
31.9219	75.3472	0.0381621	0.0434343
30.9297	73.8705	0.0381724	0.047279
35.7008	74.0896	0.037236	0.0471558
33.3228	74.0896	0.037721	0.0460911
34.8066	72.3429	0.0370276	0.0523396
34.5833	76.9444	0.0380003	0.0422912
31.9219	75.3472	0.0381621	0.0434343
33.3228	74.0896	0.037721	0.0460911
17.4187	68.2649	0.0428177	0.120022
14.8915	68.2649	0.0421251	0.104707
16.8484	65.9587	0.0505425	4.69998
16.25	70.3973	0.0398234	0.0720578
13.513	70.6966	0.0394583	0.0658231
14.8915	68.2649	0.0421251	0.104707
19.193	69.7412	0.0406042	0.104208
16.25	70.3973	0.0398234	0.0720578
17.4187	68.2649	0.0428177	0.120022
15.1934	72.3429	0.0388519	0.0553553
14.237	73.9441	0.0385734	0.0492864
12.7417	72.3429	0.0388631	0.0563598
17.645	72.3429	0.0388817	0.0586064
15.1934	72.3429	0.0388519	0.0553553
16.25	70.3973	0.0398234	0.0720578
16.5527	73.7985	0.0385807	0.0495147
14.237	73.9441	0.0385734	0.0492864
15.1934	72.3429	0.0388519	0.0553553
12.7417	72.3429	0.0388631	0.0563598
11.25	70.3973	0.0397919	0.0725864
13.513	70.6966	0.0394583	0.0658231
8.74996	70.3973	0.040503	0.0851656
11.25	70.3973	0.0397919	0.0725864
10.2901	72.3429	0.0391362	0.0627797
12.3644	68.2649	0.0421301	0.103479
13.846	66.4528	0.047053	0.134272
14.8915	68.2649	0.0421251	0.104707
9.83732	68.2649	0.0425385	0.117315
12.3644	68.2649	0.0421301	0.103479
11.25	70.3973	0.0397919	0.0725864
9.83732	68.2649	0.0425385	0.117315
11.414	65.9587	0.0499953	4.63709
12.3644	68.2649	0.0421301	0.103479
9.83732	68.2649	0.0425385	0.117315
11.25	70.3973	0.0397919	0.0725864
8.74996	70.3973	0.040503	0.0851656
14.8915	68.2649	0.0421251	0.104707
13.513	70.6966	0.0394583	0.0658231
12.3644	68.2649	0.0421301	0.103479
15.1934	72.3429	0.0388519	0.0553553
12.7417	72.3429	0.0388631	0.0563598
13.513	70.6966	0.0394583	0.0658231
15.4167	76.9444	0.0383927	0.0431086
14.237	73.9441	0.0385734	0.0492864
16.5527	73.7985	0.0385807	0.0495147
13.6336	75.6267	0.0384964	0.0469875
11.9212	74.0896	0.0386558	0.0520836
14.237	73.9441	0.0385734	0.0492864
11.9212	74.0896	0.0386558	0.0520836
10.2901	72.3429	0.0391362	0.0627797
12.7417	72.3429	0.0388631	0.0563598
7.31021	68.2649	0.0443606	0.139475
9.83732	68.2649	0.0425385	0.117315
8.74996	70.3973	0.040503	0.0851656
7.31021	68.2649	0.0443606	0.139475
5.97957	65.9587	0.0558674	4.70315
8.78345	65.7825	0.0520224	4.68139
28.3173	78.0345	0.0385048	0.0399367
28.9198	79.5053	0.0385001	0.0396004
26.9661	79.8761	0.038496	0.0392037
31.3712	77.1646	0.0383689	0.0411294
31.9219	75.3472	0.0381621	0.0434343
32.7403	78.0345	0.0383205	0.0409187
28.3173	78.0345	0.0385048	0.0399367
31.3712	77.1646	0.0383689	0.0411294
30.8485	78.89	0.0384484	0.0400954
29.3832	76.0659	0.0384423	0.0422106
31.9219	75.3472	0.0381621	0.0434343
31.3712	77.1646	0.0383689	0.0411294
27.2733	75.6267	0.0385213	0.043466
29.3832	76.0659	0.0384423	0.0422106
28.3173	78.0345	0.0385048	0.0399367
28.5669	74.0896	0.0384957	0.0473428
29.9033	72.3429	0.0384514	0.0551242
30.9297	73.8705	0.0381724	0.047279
27.2733	75.6267	0.0385213	0.043466
28.5669	74.0896	0.0384957	0.0473428
29.3832	76.0659	0.0384423	0.0422106
27.2733	75.6267	0.0385213	0.043466
26.189	74.0896	0.0386306	0.0487512
28.5669	74.0896	0.0384957	0.0473428
26.2439	77.6257	0.0384954	0.0404441
27.2733	75.6267	0.0385213	0.043466
28.3173	78.0345	0.0385048	0.0399367
26.9661	79.8761	0.038496	0.0392037
26.2439	77.6257	0.0384954	0.0404441
28.3173	78.0345	0.0385048	0.0399367
24.9752	78.5234	0.0384695	0.0398067
24.7277	76.3587	0.0384968	0.0425717
26.2439	77.6257	0.0384954	0.0404441
31.0572	70.658	0.0385827	0.0677495
30.0542	68.2649	0.0435242	4.54
32.2468	68.921	0.0394852	0.0843134
31.0572	70.658	0.0385827	0.0677495
28.75	70.3973	0.0397496	0.0737631
30.0542	68.2649	0.0435242	4.54
33.75	70.3973	0.0374878	0.0629371
31.0572	70.658	0.0385827	0.0677495
32.2468	68.921	0.0394852	0.0843134
29.9033	72.3429	0.0384514	0.0551242
28.75	70.3973	0.0397496	0.0737631
31.0572	70.658	0.0385827	0.0677495
30.9297	73.8705	0.0381724	0.047279
29.9033	72.3429	0.0384514	0.0551242
32.355	72.3429	0.0377194	0.0528664
33.3228	74.0896	0.037721	0.0460911
30.9297	73.8705	0.0381724	0.047279
32.355	72.3429	0.0377194	0.0528664
31.9219	75.3472	0.0381621	0.0434343
29.3832	76.0659	0.0384423	0.0422106
30.9297	73.8705	0.0381724	0.047279
28.5669	74.0896	0.0384957	0.0473428
26.189	74.0896	0.0386306	0.0487512
27.4517	72.3429	0.0388717	0.0563435
25	72.3429	0.0389248	0.0604875
23.75	70.3973	0.0400096	0.0891381
27.0253	69.2491	0.0412895	0.0896733
26.9661	79.8761	0.038496	0.0392037
24.9752	78.5234	0.0384695	0.0398067
26.2439	77.6257	0.0384954	0.0404441
27.0253	69.2491	0.0412895	0.0896733
24.3347	67.1118	0.0463928	0.145316
26.9568	67.2765	0.0462617	0.116485
19.0904	66.7823	0.0476865	0.167503
19.999	65.078	0.0600065	4.74705
22.2828	65.9587	0.0516546	4.70982
17.4187	68.2649	0.0428177	0.120022
19.0904	66.7823	0.0476865	0.167503
19.193	69.7412	0.0406042	0.104208
17.4187	68.2649	0.0428177	0.120022
16.8484	65.9587	0.0505425	4.69998
19.0904	66.7823	0.0476865	0.167503
27.4517	72.3429	0.0388717	0.0563435
28.75	70.3973	0.0397496	0.0737631
29.9033	72.3429	0.0384514	0.0551242
28.5669	74.0896	0.0384957	0.0473428
27.4517	72.3429	0.0388717	0.0563435
29.9033	72.3429	0.0384514	0.0551242
26.189	74.0896	0.0386306	0.0487512
25	72.3429	0.0389248	0.0604875
27.4517	72.3429	0.0388717	0.0563435
27.0253	69.2491	0.0412895	0.0896733
26.9568	67.2765	0.0462617	0.116485
30.0542	68.2649	0.0435242	4.54
27.4517	72.3429	0.0388717	0.0563435
27.0253	69.2491	0.0412895	0.0896733
28.75	70.3973	0.0397496	0.0737631
23.75	70.3973	0.0400096	0.0891381
24.3347	67.1118	0.0463928	0.145316
27.0253	69.2491	0.0412895	0.0896733
34.8233	67.7707	0.0406194	0.091323
37.4455	67.9354	0.0400365	4.52396
36.25	70.3973	0.0367583	0.0675134
31.3712	77.1646	0.0383689	0.0411294
32.7403	78.0345	0.0383205	0.0409187
30.8485	78.89	0.0384484	0.0400954
23.329	78.279	0.0384412	0.0402356
22.3999	76.5052	0.0384579	0.0431327
24.7277	76.3587	0.0384968	0.0425717
23.0339	79.8761	0.03843	0.0395408
23.329	78.279	0.0384412	0.0402356
24.9752	78.5234	0.0384695	0.0398067
21.6827	78.0345	0.0384147	0.0406886
22.3999	76.5052	0.0384579	0.0431327
23.329	78.279	0.0384412	0.0402356
21.6827	78.0345	0.0384147	0.0406886
23.329	78.279	0.0384412	0.0402356
23.0339	79.8761	0.03843	0.0395408
25	72.3429	0.0389248	0.0604875
26.189	74.0896	0.0386306	0.0487512
23.0327	74.7883	0.0385514	0.0484757
27.2733	75.6267	0.0385213	0.043466
26.2439	77.6257	0.0384954	0.0404441
24.7277	76.3587	0.0384968	0.0425717
25	80	0.0384662	0.0394156
23.0339	79.8761	0.03843	0.0395408
24.9752	78.5234	0.0384695	0.0398067
35.7008	74.0896	0.037236	0.0471558
37.3942	72.4885	0.036563	0.0539582
38.0788	74.0896	0.0367504	0.0502887
34.5833	76.9444	0.0380003	0.0422912
35.7008	74.0896	0.037236	0.0471558
36.3664	75.6267	0.0374036	0.0456303
34.8066	72.3429	0.0370276	0.0523396
37.3942	72.4885	0.036563	0.0539582
35.7008	74.0896	0.037236	0.0471558
34.5833	76.9444	0.0380003	0.0422912
33.3228	74.0896	0.037721	0.0460911
35.7008	74.0896	0.037236	0.0471558
33.75	70.3973	0.0374878	0.0629371
36.25	70.3973	0.0367583	0.0675134
34.8066	72.3429	0.0370276	0.0523396
35.7008	74.0896	0.037236	0.0471558
38.0788	74.0896	0.0367504	0.0502887
36.3664	75.6267	0.0374036	0.0456303
37.4455	67.9354	0.0400365	4.52396
38.75	70.3973	0.0366366	0.0679776
36.25	70.3973	0.0367583	0.0675134
39.7099	72.3429	0.03638	0.0582529
38.0788	74.0896	0.0367504	0.0502887
37.3942	72.4885	0.036563	0.0539582
36.25	70.3973	0.0367583	0.0675134
33.75	70.3973	0.0374878	0.0629371
34.8233	67.7707	0.0406194	0.091323
37.3942	72.4885	0.036563	0.0539582
36.25	70.3973	0.0367583	0.0675134
38.75	70.3973	0.0366366	0.0679776
37.3942	72.4885	0.036563	0.0539582
34.8066	72.3429	0.0370276	0.0523396
36.25	70.3973	0.0367583	0.0675134
15.5575	63.4929	0.0755642	4.70097
16.8484	65.9587	0.0505425	4.69998
13.846	66.4528	0.047053	0.134272
11.414	65.9587	0.0499953	4.63709
12.8597	63.4929	0.0695041	0.147374
13.846	66.4528	0.047053	0.134272
15.0494	60.8826	0.129472	0.144942
17.5295	61.7527	0.110324	4.73388
15.5575	63.4929	0.0755642	4.70097
15.5575	63.4929	0.0755642	4.70097
17.5295	61.7527	0.110324	4.73388
16.8484	65.9587	0.0505425	4.69998
11.6319	58.144	4.81009	0.0913669
14.6026	58.144	4.81686	0.0963958
12.3979	60.3349	0.142494	4.59658
14.6026	58.144	4.81686	0.0963958
17.2808	59.0298	4.78602	0.119001
15.0494	60.8826	0.129472	0.144942
20.363	63.0044	0.088984	4.7504
19.999	65.078	0.0600065	4.74705
17.5295	61.7527	0.110324	4.73388
20.7355	60.8826	0.146758	4.68977
20.363	63.0044	0.088984	4.7504
17.5295	61.7527	0.110324	4.73388
20.7355	60.8826	0.146758	4.68977
23.0704	62.1007	0.108733	0.173311
20.363	63.0044	0.088984	4.7504
11.6319	58.144	4.81009	0.0913669
10.6893	54.7417	4.9208	0.0651107
14.2198	55.2938	4.91235	0.0697385
9.3634	60.8826	0.125823	0.1169
11.6319	58.144	4.81009	0.0913669
12.3979	60.3349	0.142494	4.59658
8.66123	58.144	4.8144	0.0804137
10.6893	54.7417	4.9208	0.0651107
11.6319	58.144	4.81009	0.0913669
5.69054	58.144	4.82578	0.0838581
4.92487	55.4838	4.91353	0.0670796
8.05963	55.2938	4.91138	0.0657094
6.4478	61.0566	0.127607	0.118477
5.69054	58.144	4.82578	0.0838581
8.66123	58.144	4.8144	0.0804137
3.67737	60.8826	0.155002	4.41806
2.71986	58.144	4.85481	0.0832015
5.69054	58.144	4.82578	0.0838581
36.8222	64.0212	0.0634154	0.0978686
39.6261	63.8451	0.0642702	0.0892728
38.586	65.9587	0.0465033	0.0921329
34.1521	62.7968	0.091714	4.59748
36.8222	64.0212	0.0634154	0.0978686
35.8688	65.9587	0.0469664	0.233079
37.7936	60.8826	0.132759	0.0773035
39.6261	63.8451	0.0642702	0.0892728
36.8222	64.0212	0.0634154	0.0978686
38.75	70.3973	0.0366366	0.0679776
40.1627	68.2649	0.0391734	0.0809415
41.25	70.3973	0.0372129	0.0654731
37.3942	72.4885	0.036563	0.0539582
38.75	70.3973	0.0366366	0.0679776
39.7099	72.3429	0.03638	0.0582529
37.4455	67.9354	0.0400365	4.52396
40.1627	68.2649	0.0391734	0.0809415
38.75	70.3973	0.0366366	0.0679776
35.8688	65.9587	0.0469664	0.233079
37.4455	67.9354	0.0400365	4.52396
34.8233	67.7707	0.0406194	0.091323
33.1516	65.9587	0.049812	0.110719
35.8688	65.9587	0.0469664	0.233079
34.8233	67.7707	0.0406194	0.091323
34.1521	62.7968	0.091714	4.59748
34.9506	60.8826	0.140628	0.102003
36.8222	64.0212	0.0634154	0.0978686
38.75	70.3973	0.0366366	0.0679776
41.25	70.3973	0.0372129	0.0654731
39.7099	72.3429	0.03638	0.0582529
38.586	65.9587	0.0465033	0.0921329
40.1627	68.2649	0.0391734	0.0809415
37.4455	67.9354	0.0400365	4.52396
41.3032	65.9587	0.0477189	0.0889187
42.6898	68.2649	0.0411857	0.0779327
40.1627	68.2649	0.0391734	0.0809415
41.3032	65.9587	0.0477189	0.0889187
44.0204	65.9587	0.0525529	0.0966952
42.6898	68.2649	0.0411857	0.0779327
41.25	70.3973	0.0372129	0.0654731
40.1627	68.2649	0.0391734	0.0809415
42.6898	68.2649	0.0411857	0.0779327
36.8222	64.0212	0.0634154	0.0978686
34.9506	60.8826	0.140628	0.102003
37.7936	60.8826	0.132759	0.0773035
2.71986	58.144	4.85481	0.0832015
4.92487	55.4838	4.91353	0.0670796
5.69054	58.144	4.82578	0.0838581
8.66123	58.144	4.8144	0.0804137
8.05963	55.2938	4.91138	0.0657094
10.6893	54.7417	4.9208	0.0651107
6.4478	61.0566	0.127607	0.118477
8.66123	58.144	4.8144	0.0804137
9.3634	60.8826	0.125823	0.1169
5.69054	58.144	4.82578	0.0838581
8.05963	55.2938	4.91138	0.0657094
8.66123	58.144	4.8144	0.0804137
1.8995	55.2938	4.92557	0.0657497
4.92487	55.4838	4.91353	0.0670796
2.71986	58.144	4.85481	0.0832015
1.8995	55.2938	4.92557	0.0657497
1.22131	52.3495	4.94687	0.0609447
4.19365	52.3495	4.94488	0.0610156
41.3032	65.9587	0.0477189	0.0889187
42.43	63.669	0.0698728	4.54351
44.0204	65.9587	0.0525529	0.0966952
43.4796	60.8826	0.132165	0.0807776
40.6366	60.8826	0.130118	0.0793164
41.4664	58.5091	4.80438	0.065178
45.2338	63.4929	0.0812756	0.0957884
43.4796	60.8826	0.132165	0.0807776
46.3226	60.8826	0.150728	0.0725212
42.43	63.669	0.0698728	4.54351
40.6366	60.8826	0.130118	0.0793164
43.4796	60.8826	0.132165	0.0807776
41.4664	58.5091	4.80438	0.065178
38.5596	58.6917	4.79868	0.0665999
38.8603	55.2938	4.91546	0.0591461
46.3226	60.8826	0.150728	0.0725212
43.4796	60.8826	0.132165	0.0807776
44.2548	57.954	4.83402	0.0628954
42.43	63.669	0.0698728	4.54351
39.6261	63.8451	0.0642702	0.0892728
40.6366	60.8826	0.130118	0.0793164
44.0204	65.9587	0.0525529	0.0966952
42.43	63.669	0.0698728	4.54351
45.2338	63.4929	0.0812756	0.0957884
36.8222	64.0212	0.0634154	0.0978686
38.586	65.9587	0.0465033	0.0921329
35.8688	65.9587	0.0469664	0.233079
40.6366	60.8826	0.130118	0.0793164
39.6261	63.8451	0.0642702	0.0892728
37.7936	60.8826	0.132759	0.0773035
38.586	65.9587	0.0465033	0.0921329
37.4455	67.9354	0.0400365	4.52396
35.8688	65.9587	0.0469664	0.233079
41.3032	65.9587	0.0477189	0.0889187
38.586	65.9587	0.0465033	0.0921329
39.6261	63.8451	0.0642702	0.0892728
41.3032	65.9587	0.0477189	0.0889187
40.1627	68.2649	0.0391734	0.0809415
38.586	65.9587	0.0465033	0.0921329
32.2468	68.921	0.0394852	0.0843134
30.4344	65.9587	0.0527326	0.117328
33.1516	65.9587	0.049812	0.110719
21.7285	50.6506	4.94712	0.0598136
19.0553	52.3495	4.94462	0.0612194
18.9224	49.3292	4.94442	0.0575599
21.7462	47.598	4.93973	0.0565172
21.7285	50.6506	4.94712	0.0598136
18.9224	49.3292	4.94442	0.0575599
15.8835	49.3292	4.94699	0.0570919
18.8268	46.2515	4.91757	0.0531929
18.9224	49.3292	4.94442	0.0575599
22.0142	44.8882	4.91006	0.0522849
25	46.2515	4.94469	0.0563171
21.7462	47.598	4.93973	0.0565172
24.7341	50.8393	4.94953	0.0606759
22.4091	54.0056	4.9351	0.0657611
21.7285	50.6506	4.94712	0.0598136
26.54	55.2938	4.9199	0.0706466
26.4853	58.144	4.84533	0.0969656
23.0771	56.6239	4.89764	0.0792064
30.9447	52.3495	4.91105	0.0566814
29.6201	55.2938	4.92252	0.0662034
27.9723	52.3495	4.9403	0.061037
26.4853	58.144	4.84533	0.0969656
26.4215	60.8826	0.149707	4.6396
24.0253	59.6046	4.76797	0.121788
29.6201	55.2938	4.92252	0.0662034
26.4853	58.144	4.84533	0.0969656
26.54	55.2938	4.9199	0.0706466
29.6201	55.2938	4.92252	0.0662034
32.1533	57.1939	4.87783	0.0747721
29.839	59.2394	4.80302	0.101959
17.2808	59.0298	4.78602	0.119001
20.7355	60.8826	0.146758	4.68977
17.5295	61.7527	0.110324	4.73388
23.0771	56.6239	4.89764	0.0792064
20.3936	58.6582	4.81343	0.115732
20.0518	56.4338	4.89922	0.0799589
23.0771	56.6239	4.89764	0.0792064
24.0253	59.6046	4.76797	0.121788
20.3936	58.6582	4.81343	0.115732
39.0601	41.8598	4.87007	0.0427607
37.5191	43.9145	0.193942	0.0356863
37.5	40	4.9069	0.0402087
40.625	40	4.93349	0.04318
39.0601	41.8598	4.87007	0.0427607
37.5	40	4.9069	0.0402087
40.6201	43.7197	4.88855	0.0467734
37.5191	43.9145	0.193942	0.0356863
39.0601	41.8598	4.87007	0.0427607
40.6201	43.7197	4.88855	0.0467734
40.433	46.2515	4.8624	0.0465034
37.5191	43.9145	0.193942	0.0356863
43.6923	43.1354	4.94554	0.0530656
40.6201	43.7197	4.88855	0.0467734
40.625	40	4.93349	0.04318
43.6923	43.1354	4.94554	0.0530656
43.5196	46.2515	4.9412	0.0554229
40.6201	43.7197	4.88855	0.0467734
46.8798	40.196	4.95262	0.0500438
43.6923	43.1354	4.94554	0.0530656
43.75	40	4.94976	0.045665
46.8077	43.1354	4.95281	0.0544871
49.6928	46.2515	4.95425	0.0578879
46.6062	46.2515	4.95387	0.0577464
37.5	40	4.9069	0.0402087
34.399	40.9798	4.8588	0.0403473
34.3221	37.8444	4.93739	0.0406088
40.5769	36.8646	4.95124	0.0411399
37.5	40	4.9069	0.0402087
37.4615	36.8646	4.94558	0.0403882
40.625	40	4.93349	0.04318
40.6201	43.7197	4.88855	0.0467734
39.0601	41.8598	4.87007	0.0427607
40.1224	48.7521	4.87327	0.0485539
37.0597	48.5598	0.187595	0.0379897
37.3464	46.2515	0.16239	0.0338605
34.1165	49.3292	0.195148	0.0397266
36.7564	51.5944	4.85566	0.0481796
34.1289	53.2696	4.88828	0.0543776
31.1732	46.2515	4.84471	0.0449958
34.1165	49.3292	0.195148	0.0397266
31.0776	49.3292	4.86848	0.0497797
28.0866	46.2515	4.9395	0.0551568
31.1732	46.2515	4.84471	0.0449958
31.0776	49.3292	4.86848	0.0497797
34.3294	43.6157	0.192497	0.0351279
34.399	40.9798	4.8588	0.0403473
37.5191	43.9145	0.193942	0.0356863
31.1732	46.2515	4.84471	0.0449958
31.226	43.7137	4.86563	0.0445591
34.2598	46.2515	0.158761	0.0333401
31.2788	41.1758	4.91023	0.0455149
34.399	40.9798	4.8588	0.0403473
34.3294	43.6157	0.192497	0.0351279
37.0597	48.5598	0.187595	0.0379897
36.7564	51.5944	4.85566	0.0481796
34.1165	49.3292	0.195148	0.0397266
37.3464	46.2515	0.16239	0.0338605
37.0597	48.5598	0.187595	0.0379897
34.2598	46.2515	0.158761	0.0333401
40.433	46.2515	4.8624	0.0465034
37.3464	46.2515	0.16239	0.0338605
37.5191	43.9145	0.193942	0.0356863
40.433	46.2515	4.8624	0.0465034
40.1224	48.7521	4.87327	0.0485539
37.3464	46.2515	0.16239	0.0338605
40.1224	48.7521	4.87327	0.0485539
36.7564	51.5944	4.85566	0.0481796
37.0597	48.5598	0.187595	0.0379897
46.2717	49.3292	4.9536	0.0587628
45.8487	52.5335	4.94656	0.0587119
43.2329	49.3292	4.94347	0.0568824
34.1165	49.3292	0.195148	0.0397266
34.1289	53.2696	4.88828	0.0543776
30.9447	52.3495	4.91105	0.0566814
7.464	63.4929	0.0736534	4.64152
8.78345	65.7825	0.0520224	4.68139
5.97957	65.9587	0.0558674	4.70315
6.4478	61.0566	0.127607	0.118477
7.464	63.4929	0.0736534	4.64152
4.76616	63.4929	0.082847	0.149734
6.4478	61.0566	0.127607	0.118477
9.3634	60.8826	0.125823	0.1169
7.464	63.4929	0.0736534	4.64152
12.3979	60.3349	0.142494	4.59658
10.1618	63.4929	0.0686446	0.14776
9.3634	60.8826	0.125823	0.1169
12.8597	63.4929	0.0695041	0.147374
15.0494	60.8826	0.129472	0.144942
15.5575	63.4929	0.0755642	4.70097
12.3644	68.2649	0.0421301	0.103479
13.513	70.6966	0.0394583	0.0658231
11.25	70.3973	0.0397919	0.0725864
16.8484	65.9587	0.0505425	4.69998
14.8915	68.2649	0.0421251	0.104707
13.846	66.4528	0.047053	0.134272
17.4187	68.2649	0.0428177	0.120022
16.25	70.3973	0.0398234	0.0720578
14.8915	68.2649	0.0421251	0.104707
19.999	65.078	0.0600065	4.74705
19.0904	66.7823	0.0476865	0.167503
16.8484	65.9587	0.0505425	4.69998
19.193	69.7412	0.0406042	0.104208
20.0967	72.3429	0.0389181	0.0679459
17.645	72.3429	0.0388817	0.0586064
9.83732	68.2649	0.0425385	0.117315
8.78345	65.7825	0.0520224	4.68139
11.414	65.9587	0.0499953	4.63709
6.48041	46.2515	4.95302	0.0552883
3.72828	49.3292	4.95223	0.0584863
3.39381	46.2515	4.95341	0.0557401
9.70619	49.8955	4.95021	0.0579732
6.76709	49.3292	4.95194	0.0580592
9.61019	45.6673	4.95136	0.0539107
9.70619	49.8955	4.95021	0.0579732
10.1383	52.3495	4.9428	0.0603244
7.16598	52.3495	4.94336	0.060507
13.1107	52.3495	4.94316	0.0606072
10.1383	52.3495	4.9428	0.0603244
12.7118	50.0843	4.94909	0.0579186
4.19365	52.3495	4.94488	0.0610156
3.72828	49.3292	4.95223	0.0584863
6.76709	49.3292	4.95194	0.0580592
1.8995	55.2938	4.92557	0.0657497
4.19365	52.3495	4.94488	0.0610156
4.92487	55.4838	4.91353	0.0670796
1.22131	52.3495	4.94687	0.0609447
3.72828	49.3292	4.95223	0.0584863
4.19365	52.3495	4.94488	0.0610156
22.2828	65.9587	0.0516546	4.70982
23.0704	62.1007	0.108733	0.173311
25.6067	64.7258	0.0624584	4.67215
21.8037	69.5771	0.0411599	4.59216
22.2828	65.9587	0.0516546	4.70982
24.3347	67.1118	0.0463928	0.145316
19.999	65.078	0.0600065	4.74705
20.363	63.0044	0.088984	4.7504
22.2828	65.9587	0.0516546	4.70982
21.8037	69.5771	0.0411599	4.59216
19.193	69.7412	0.0406042	0.104208
19.0904	66.7823	0.0476865	0.167503
16.8484	65.9587	0.0505425	4.69998
17.5295	61.7527	0.110324	4.73388
19.999	65.078	0.0600065	4.74705
22.2828	65.9587	0.0516546	4.70982
20.363	63.0044	0.088984	4.7504
23.0704	62.1007	0.108733	0.173311
16.25	70.3973	0.0398234	0.0720578
15.1934	72.3429	0.0388519	0.0553553
13.513	70.6966	0.0394583	0.0658231
7.464	63.4929	0.0736534	4.64152
10.1618	63.4929	0.0686446	0.14776
8.78345	65.7825	0.0520224	4.68139
20.0518	56.4338	4.89922	0.0799589
19.0553	52.3495	4.94462	0.0612194
22.4091	54.0056	4.9351	0.0657611
20.3936	58.6582	4.81343	0.115732
17.2808	59.0298	4.78602	0.119001
20.0518	56.4338	4.89922	0.0799589
15.0494	60.8826	0.129472	0.144942
12.8597	63.4929	0.0695041	0.147374
12.3979	60.3349	0.142494	4.59658
9.3634	60.8826	0.125823	0.1169
8.66123	58.144	4.8144	0.0804137
11.6319	58.144	4.81009	0.0913669
9.70619	49.8955	4.95021	0.0579732
7.16598	52.3495	4.94336	0.060507
6.76709	49.3292	4.95194	0.0580592
13.1107	52.3495	4.94316	0.0606072
16.083	52.3495	4.94358	0.0609807
14.2198	55.2938	4.91235	0.0697385
23.0771	56.6239	4.89764	0.0792064
22.4091	54.0056	4.9351	0.0657611
26.54	55.2938	4.9199	0.0706466
20.7355	60.8826	0.146758	4.68977
20.3936	58.6582	4.81343	0.115732
24.0253	59.6046	4.76797	0.121788
20.0518	56.4338	4.89922	0.0799589
22.4091	54.0056	4.9351	0.0657611
23.0771	56.6239	4.89764	0.0792064
20.7355	60.8826	0.146758	4.68977
17.2808	59.0298	4.78602	0.119001
20.3936	58.6582	4.81343	0.115732
17.0264	56.2438	4.89825	0.077438
19.0553	52.3495	4.94462	0.0612194
20.0518	56.4338	4.89922	0.0799589
6.30769	36.8646	4.949	0.0404353
6.24038	39.6081	4.94977	0.0436735
3.19231	36.8646	4.95082	0.0410162
9.49534	33.1714	4.94585	0.0370126
9.42308	36.8646	4.94	0.0393487
6.43263	33.3637	4.94984	0.0376879
6.31731	42.7435	4.95164	0.0511259
3.125	40	4.95163	0.0448097
6.24038	39.6081	4.94977	0.0436735
9.4375	42.5475	4.94554	0.0495848
12.5	40	4.89969	0.0409574
12.5577	42.3516	4.92159	0.047509
6.30769	36.8646	4.949	0.0404353
9.36058	39.4121	4.94023	0.0421346
6.24038	39.6081	4.94977	0.0436735
9.42308	36.8646	4.94	0.0393487
12.5385	36.8646	4.90447	0.0376739
9.36058	39.4121	4.94023	0.0421346
15.8122	34.7222	4.88379	0.0351528
12.5385	36.8646	4.90447	0.0376739
12.7112	34.5275	4.92643	0.0364098
9.4375	42.5475	4.94554	0.0495848
12.5577	42.3516	4.92159	0.047509
9.61019	45.6673	4.95136	0.0539107
6.24038	39.6081	4.94977	0.0436735
9.4375	42.5475	4.94554	0.0495848
6.31731	42.7435	4.95164	0.0511259
9.36058	39.4121	4.94023	0.0421346
12.5	40	4.89969	0.0409574
9.4375	42.5475	4.94554	0.0495848
15.601	39.0202	0.226581	0.0382991
12.5	40	4.89969	0.0409574
12.5385	36.8646	4.90447	0.0376739
15.601	39.0202	0.226581	0.0382991
15.6779	42.1556	4.85179	0.0452812
12.5	40	4.89969	0.0409574
6.48041	46.2515	4.95302	0.0552883
6.76709	49.3292	4.95194	0.0580592
3.72828	49.3292	4.95223	0.0584863
6.31731	42.7435	4.95164	0.0511259
6.48041	46.2515	4.95302	0.0552883
3.39381	46.2515	4.95341	0.0557401
9.61019	45.6673	4.95136	0.0539107
6.76709	49.3292	4.95194	0.0580592
6.48041	46.2515	4.95302	0.0552883
12.7118	50.0843	4.94909	0.0579186
9.70619	49.8955	4.95021	0.0579732
11.1799	48.0735	4.9494	0.0559547
3.19711	42.9395	4.95265	0.0518941
0.076922	43.1354	4.95276	0.0521407
-3.10282e-28	40	4.95192	0.0481579
6.31731	42.7435	4.95164	0.0511259
3.19711	42.9395	4.95265	0.0518941
3.125	40	4.95163	0.0448097
3.39381	46.2515	4.95341	0.0557401
0.307214	46.2515	4.95336	0.0557024
3.19711	42.9395	4.95265	0.0518941
45.0204	55.2938	4.91844	0.0592109
41.9404	55.2938	4.91631	0.0595155
42.834	52.3495	4.94578	0.0583654
48.1005	55.2938	4.92598	0.0586843
45.0204	55.2938	4.91844	0.0592109
45.8487	52.5335	4.94656	0.0587119
44.2548	57.954	4.83402	0.0628954
41.9404	55.2938	4.91631	0.0595155
45.0204	55.2938	4.91844	0.0592109
46.3226	60.8826	0.150728	0.0725212
44.2548	57.954	4.83402	0.0628954
47.2801	58.144	4.85338	0.0614669
41.4664	58.5091	4.80438	0.065178
38.8603	55.2938	4.91546	0.0591461
41.9404	55.2938	4.91631	0.0595155
27.9723	52.3495	4.9403	0.061037
28.0388	49.3292	4.93961	0.0578079
30.9447	52.3495	4.91105	0.0566814
19.0553	52.3495	4.94462	0.0612194
21.7285	50.6506	4.94712	0.0598136
22.4091	54.0056	4.9351	0.0657611
25	46.2515	4.94469	0.0563171
28.0388	49.3292	4.93961	0.0578079
24.7341	50.8393	4.94953	0.0606759
21.7285	50.6506	4.94712	0.0598136
21.7462	47.598	4.93973	0.0565172
24.7341	50.8393	4.94953	0.0606759
15.6779	42.1556	4.85179	0.0452812
17.2523	44.2036	4.87534	0.0489049
14.1489	44.3016	4.92041	0.0498578
22.0142	44.8882	4.91006	0.0522849
18.8268	46.2515	4.91757	0.0531929
18.7981	41.9596	0.222111	0.0452421
15.8835	49.3292	4.94699	0.0570919
12.6536	46.2515	4.94307	0.0534585
15.7402	46.2515	4.92859	0.052811
17.0264	56.2438	4.89825	0.077438
16.083	52.3495	4.94358	0.0609807
19.0553	52.3495	4.94462	0.0612194
4.19365	52.3495	4.94488	0.0610156
7.16598	52.3495	4.94336	0.060507
4.92487	55.4838	4.91353	0.0670796
21.9183	41.7637	4.85121	0.0461957
25	43.1354	4.93101	0.0514985
22.0142	44.8882	4.91006	0.0522849
28.125	40	4.94027	0.0443808
25	40	4.91348	0.0428704
28.1154	36.8646	4.94777	0.0407372
25	30.6708	4.94942	0.0360873
25.1151	35.3065	4.93625	0.0376734
21.9134	33.7485	4.9262	0.0357302
31.3171	35.696	4.95182	0.0400962
28.0866	33.7485	4.94911	0.0379055
30.9343	31.8249	4.95092	0.0371423
28.1154	36.8646	4.94777	0.0407372
25.1151	35.3065	4.93625	0.0376734
28.0866	33.7485	4.94911	0.0379055
33.7508	28.5944	4.95042	0.0362076
37.1553	30.6708	4.95044	0.0367888
33.997	31.6326	4.95069	0.0371609
21.8846	36.8646	4.86872	0.0368389
21.9014	39.3141	0.2538	0.0400432
18.7212	38.8242	0.20262	0.0377604
28.1154	36.8646	4.94777	0.0407372
25	40	4.91348	0.0428704
25.1151	35.3065	4.93625	0.0376734
28.125	40	4.94027	0.0443808
28.1154	43.1354	4.93811	0.0515494
25	40	4.91348	0.0428704
3.72828	49.3292	4.95223	0.0584863
1.22131	52.3495	4.94687	0.0609447
0.68946	49.3292	4.95251	0.0584451
0.307214	46.2515	4.95336	0.0557024
3.39381	46.2515	4.95341	0.0557401
0.68946	49.3292	4.95251	0.0584451
11.1799	48.0735	4.9494	0.0559547
12.6536	46.2515	4.94307	0.0534585
12.7118	50.0843	4.94909	0.0579186
9.61019	45.6673	4.95136	0.0539107
11.1799	48.0735	4.9494	0.0559547
9.70619	49.8955	4.95021	0.0579732
9.61019	45.6673	4.95136	0.0539107
12.6536	46.2515	4.94307	0.0534585
11.1799	48.0735	4.9494	0.0559547
31.3817	62.6228	0.10168	4.64082
34.1521	62.7968	0.091714	4.59748
33.1516	65.9587	0.049812	0.110719
26.9568	67.2765	0.0462617	0.116485
28.4106	64.5496	0.0673941	0.13381
30.4344	65.9587	0.0527326	0.117328
29.839	59.2394	4.80302	0.101959
33.5519	59.0383	4.80163	0.0867628
31.3817	62.6228	0.10168	4.64082
28.6113	62.4488	0.105955	0.141952
29.839	59.2394	4.80302	0.101959
31.3817	62.6228	0.10168	4.64082
20.7355	60.8826	0.146758	4.68977
24.0253	59.6046	4.76797	0.121788
23.0704	62.1007	0.108733	0.173311
25.6371	53.0665	4.93983	0.0637772
24.7341	50.8393	4.94953	0.0606759
27.9723	52.3495	4.9403	0.061037
22.4091	54.0056	4.9351	0.0657611
25.6371	53.0665	4.93983	0.0637772
26.54	55.2938	4.9199	0.0706466
22.4091	54.0056	4.9351	0.0657611
24.7341	50.8393	4.94953	0.0606759
25.6371	53.0665	4.93983	0.0637772
29.6201	55.2938	4.92252	0.0662034
31.8745	54.2817	4.91394	0.0610463
32.1533	57.1939	4.87783	0.0747721
34.2598	46.2515	0.158761	0.0333401
34.3294	43.6157	0.192497	0.0351279
37.3464	46.2515	0.16239	0.0338605
31.1732	46.2515	4.84471	0.0449958
34.2598	46.2515	0.158761	0.0333401
34.1165	49.3292	0.195148	0.0397266
34.2598	46.2515	0.158761	0.0333401
31.226	43.7137	4.86563	0.0445591
34.3294	43.6157	0.192497	0.0351279
35.6527	58.8743	4.79279	0.0761171
38.5596	58.6917	4.79868	0.0665999
37.7936	60.8826	0.132759	0.0773035
33.5519	59.0383	4.80163	0.0867628
35.6527	58.8743	4.79279	0.0761171
34.9506	60.8826	0.140628	0.102003
35.7802	55.2938	4.91126	0.0595362
38.5596	58.6917	4.79868	0.0665999
35.6527	58.8743	4.79279	0.0761171
42.43	63.669	0.0698728	4.54351
43.4796	60.8826	0.132165	0.0807776
45.2338	63.4929	0.0812756	0.0957884
6.48041	46.2515	4.95302	0.0552883
6.31731	42.7435	4.95164	0.0511259
9.61019	45.6673	4.95136	0.0539107
0.68946	49.3292	4.95251	0.0584451
3.39381	46.2515	4.95341	0.0557401
3.72828	49.3292	4.95223	0.0584863
0.307214	46.2515	4.95336	0.0557024
0.076922	43.1354	4.95276	0.0521407
3.19711	42.9395	4.95265	0.0518941
6.4478	61.0566	0.127607	0.118477
4.76616	63.4929	0.082847	0.149734
3.67737	60.8826	0.155002	4.41806
5.69054	58.144	4.82578	0.0838581
6.4478	61.0566	0.127607	0.118477
3.67737	60.8826	0.155002	4.41806
9.3634	60.8826	0.125823	0.1169
10.1618	63.4929	0.0686446	0.14776
7.464	63.4929	0.0736534	4.64152
14.6026	58.144	4.81686	0.0963958
15.0494	60.8826	0.129472	0.144942
12.3979	60.3349	0.142494	4.59658
14.2198	55.2938	4.91235	0.0697385
14.6026	58.144	4.81686	0.0963958
11.6319	58.144	4.81009	0.0913669
14.2198	55.2938	4.91235	0.0697385
17.0264	56.2438	4.89825	0.077438
14.6026	58.144	4.81686	0.0963958
7.464	63.4929	0.0736534	4.64152
5.97957	65.9587	0.0558674	4.70315
4.76616	63.4929	0.082847	0.149734
11.414	65.9587	0.0499953	4.63709
13.846	66.4528	0.047053	0.134272
12.3644	68.2649	0.0421301	0.103479
10.1618	63.4929	0.0686446	0.14776
11.414	65.9587	0.0499953	4.63709
8.78345	65.7825	0.0520224	4.68139
12.8597	63.4929	0.0695041	0.147374
15.5575	63.4929	0.0755642	4.70097
13.846	66.4528	0.047053	0.134272
10.1618	63.4929	0.0686446	0.14776
12.8597	63.4929	0.0695041	0.147374
11.414	65.9587	0.0499953	4.63709
10.1618	63.4929	0.0686446	0.14776
12.3979	60.3349	0.142494	4.59658
12.8597	63.4929	0.0695041	0.147374
9.83732	68.2649	0.0425385	0.117315
7.31021	68.2649	0.0443606	0.139475
8.78345	65.7825	0.0520224	4.68139
31.8745	54.2817	4.91394	0.0610463
30.9447	52.3495	4.91105	0.0566814
34.1289	53.2696	4.88828	0.0543776
35.7802	55.2938	4.91126	0.0595362
31.8745	54.2817	4.91394	0.0610463
34.1289	53.2696	4.88828	0.0543776
29.6201	55.2938	4.92252	0.0662034
30.9447	52.3495	4.91105	0.0566814
31.8745	54.2817	4.91394	0.0610463
29.839	59.2394	4.80302	0.101959
26.4853	58.144	4.84533	0.0969656
29.6201	55.2938	4.92252	0.0662034
33.5519	59.0383	4.80163	0.0867628
29.839	59.2394	4.80302	0.101959
32.1533	57.1939	4.87783	0.0747721
35.7802	55.2938	4.91126	0.0595362
33.5519	59.0383	4.80163	0.0867628
32.1533	57.1939	4.87783	0.0747721
34.9506	60.8826	0.140628	0.102003
31.3817	62.6228	0.10168	4.64082
33.5519	59.0383	4.80163	0.0867628
28.6113	62.4488	0.105955	0.141952
26.4215	60.8826	0.149707	4.6396
29.839	59.2394	4.80302	0.101959
26.54	55.2938	4.9199	0.0706466
27.9723	52.3495	4.9403	0.061037
29.6201	55.2938	4.92252	0.0662034
25.6371	53.0665	4.93983	0.0637772
27.9723	52.3495	4.9403	0.061037
26.54	55.2938	4.9199	0.0706466
24.7341	50.8393	4.94953	0.0606759
28.0388	49.3292	4.93961	0.0578079
27.9723	52.3495	4.9403	0.061037
22.5483	72.3429	0.0389549	0.0692518
23.75	70.3973	0.0400096	0.0891381
25	72.3429	0.0389248	0.0604875
23.0327	74.7883	0.0385514	0.0484757
22.5483	72.3429	0.0389549	0.0692518
25	72.3429	0.0389248	0.0604875
21.4331	74.0896	0.0385992	0.0527127
19.0551	74.0896	0.0385711	0.0511823
20.0967	72.3429	0.0389181	0.0679459
19.0904	66.7823	0.0476865	0.167503
22.2828	65.9587	0.0516546	4.70982
21.8037	69.5771	0.0411599	4.59216
24.3347	67.1118	0.0463928	0.145316
23.75	70.3973	0.0400096	0.0891381
21.8037	69.5771	0.0411599	4.59216
27.0253	69.2491	0.0412895	0.0896733
30.0542	68.2649	0.0435242	4.54
28.75	70.3973	0.0397496	0.0737631
25.6067	64.7258	0.0624584	4.67215
28.4106	64.5496	0.0673941	0.13381
26.9568	67.2765	0.0462617	0.116485
22.2828	65.9587	0.0516546	4.70982
25.6067	64.7258	0.0624584	4.67215
24.3347	67.1118	0.0463928	0.145316
23.0704	62.1007	0.108733	0.173311
26.4215	60.8826	0.149707	4.6396
25.6067	64.7258	0.0624584	4.67215
30.4344	65.9587	0.0527326	0.117328
30.0542	68.2649	0.0435242	4.54
26.9568	67.2765	0.0462617	0.116485
28.6113	62.4488	0.105955	0.141952
31.3817	62.6228	0.10168	4.64082
28.4106	64.5496	0.0673941	0.13381
25.6067	64.7258	0.0624584	4.67215
28.6113	62.4488	0.105955	0.141952
28.4106	64.5496	0.0673941	0.13381
26.4215	60.8826	0.149707	4.6396
26.4853	58.144	4.84533	0.0969656
29.839	59.2394	4.80302	0.101959
25.6067	64.7258	0.0624584	4.67215
26.4215	60.8826	0.149707	4.6396
28.6113	62.4488	0.105955	0.141952
24.0253	59.6046	4.76797	0.121788
23.0771	56.6239	4.89764	0.0792064
26.4853	58.144	4.84533	0.0969656
33.1516	65.9587	0.049812	0.110719
34.8233	67.7707	0.0406194	0.091323
32.2468	68.921	0.0394852	0.0843134
31.3817	62.6228	0.10168	4.64082
33.1516	65.9587	0.049812	0.110719
30.4344	65.9587	0.0527326	0.117328
34.1521	62.7968	0.091714	4.59748
35.8688	65.9587	0.0469664	0.233079
33.1516	65.9587	0.049812	0.110719
32.355	72.3429	0.0377194	0.0528664
33.75	70.3973	0.0374878	0.0629371
34.8066	72.3429	0.0370276	0.0523396
29.3832	76.0659	0.0384423	0.0422106
28.5669	74.0896	0.0384957	0.0473428
30.9297	73.8705	0.0381724	0.047279
31.0572	70.658	0.0385827	0.0677495
33.75	70.3973	0.0374878	0.0629371
32.355	72.3429	0.0377194	0.0528664
29.9033	72.3429	0.0384514	0.0551242
31.0572	70.658	0.0385827	0.0677495
32.355	72.3429	0.0377194	0.0528664
28.4106	64.5496	0.0673941	0.13381
31.3817	62.6228	0.10168	4.64082
30.4344	65.9587	0.0527326	0.117328
24.3347	67.1118	0.0463928	0.145316
25.6067	64.7258	0.0624584	4.67215
26.9568	67.2765	0.0462617	0.116485
23.0704	62.1007	0.108733	0.173311
24.0253	59.6046	4.76797	0.121788
26.4215	60.8826	0.149707	4.6396
30.4344	65.9587	0.0527326	0.117328
32.2468	68.921	0.0394852	0.0843134
30.0542	68.2649	0.0435242	4.54
34.8233	67.7707	0.0406194	0.091323
33.75	70.3973	0.0374878	0.0629371
32.2468	68.921	0.0394852	0.0843134
43.2329	49.3292	4.94347	0.0568824
40.1224	48.7521	4.87327	0.0485539
40.433	46.2515	4.8624	0.0465034
48.7787	52.3495	4.94809	0.0585699
45.8487	52.5335	4.94656	0.0587119
46.2717	49.3292	4.9536	0.0587628
42.834	52.3495	4.94578	0.0583654
40.1224	48.7521	4.87327	0.0485539
43.2329	49.3292	4.94347	0.0568824
47.2801	58.144	4.85338	0.0614669
44.2548	57.954	4.83402	0.0628954
45.0204	55.2938	4.91844	0.0592109
38.8603	55.2938	4.91546	0.0591461
35.7802	55.2938	4.91126	0.0595362
36.7564	51.5944	4.85566	0.0481796
41.9404	55.2938	4.91631	0.0595155
38.8603	55.2938	4.91546	0.0591461
39.8617	52.3495	4.92219	0.0551836
45.8487	52.5335	4.94656	0.0587119
45.0204	55.2938	4.91844	0.0592109
42.834	52.3495	4.94578	0.0583654
41.4664	58.5091	4.80438	0.065178
40.6366	60.8826	0.130118	0.0793164
38.5596	58.6917	4.79868	0.0665999
44.2548	57.954	4.83402	0.0628954
41.4664	58.5091	4.80438	0.065178
41.9404	55.2938	4.91631	0.0595155
44.2548	57.954	4.83402	0.0628954
43.4796	60.8826	0.132165	0.0807776
41.4664	58.5091	4.80438	0.065178
38.5596	58.6917	4.79868	0.0665999
35.7802	55.2938	4.91126	0.0595362
38.8603	55.2938	4.91546	0.0591461
6.31731	42.7435	4.95164	0.0511259
3.39381	46.2515	4.95341	0.0557401
3.19711	42.9395	4.95265	0.0518941
45.8487	52.5335	4.94656	0.0587119
42.834	52.3495	4.94578	0.0583654
43.2329	49.3292	4.94347	0.0568824
48.1005	55.2938	4.92598	0.0586843
45.8487	52.5335	4.94656	0.0587119
48.7787	52.3495	4.94809	0.0585699
48.1005	55.2938	4.92598	0.0586843
47.2801	58.144	4.85338	0.0614669
45.0204	55.2938	4.91844	0.0592109
37.7936	60.8826	0.132759	0.0773035
38.5596	58.6917	4.79868	0.0665999
40.6366	60.8826	0.130118	0.0793164
41.3032	65.9587	0.0477189	0.0889187
39.6261	63.8451	0.0642702	0.0892728
42.43	63.669	0.0698728	4.54351
34.9506	60.8826	0.140628	0.102003
35.6527	58.8743	4.79279	0.0761171
37.7936	60.8826	0.132759	0.0773035
31.3817	62.6228	0.10168	4.64082
34.9506	60.8826	0.140628	0.102003
34.1521	62.7968	0.091714	4.59748
33.5519	59.0383	4.80163	0.0867628
35.7802	55.2938	4.91126	0.0595362
35.6527	58.8743	4.79279	0.0761171
31.8745	54.2817	4.91394	0.0610463
35.7802	55.2938	4.91126	0.0595362
32.1533	57.1939	4.87783	0.0747721
34.1165	49.3292	0.195148	0.0397266
34.2598	46.2515	0.158761	0.0333401
37.0597	48.5598	0.187595	0.0379897
28.0388	49.3292	4.93961	0.0578079
31.0776	49.3292	4.86848	0.0497797
30.9447	52.3495	4.91105	0.0566814
28.0388	49.3292	4.93961	0.0578079
25	46.2515	4.94469	0.0563171
28.0866	46.2515	4.9395	0.0551568
36.7564	51.5944	4.85566	0.0481796
35.7802	55.2938	4.91126	0.0595362
34.1289	53.2696	4.88828	0.0543776
30.9447	52.3495	4.91105	0.0566814
31.0776	49.3292	4.86848	0.0497797
34.1165	49.3292	0.195148	0.0397266
40.1224	48.7521	4.87327	0.0485539
42.834	52.3495	4.94578	0.0583654
39.8617	52.3495	4.92219	0.0551836
39.8617	52.3495	4.92219	0.0551836
42.834	52.3495	4.94578	0.0583654
41.9404	55.2938	4.91631	0.0595155
36.7564	51.5944	4.85566	0.0481796
39.8617	52.3495	4.92219	0.0551836
38.8603	55.2938	4.91546	0.0591461
36.7564	51.5944	4.85566	0.0481796
40.1224	48.7521	4.87327	0.0485539
39.8617	52.3495	4.92219	0.0551836
18.9224	49.3292	4.94442	0.0575599
19.0553	52.3495	4.94462	0.0612194
16.083	52.3495	4.94358	0.0609807
15.7402	46.2515	4.92859	0.052811
18.8268	46.2515	4.91757	0.0531929
15.8835	49.3292	4.94699	0.0570919
21.7462	47.598	4.93973	0.0565172
25	46.2515	4.94469	0.0563171
24.7341	50.8393	4.94953	0.0606759
22.0108	14.5924	4.90948	0.0360237
19.9458	11.7351	4.8059	0.0361203
23.0432	12.7235	4.86068	0.0360604
17.645	7.6571	0.100508	0.0368193
18.75	9.60269	0.151034	0.0367787
16.5822	10.0948	4.72554	0.0361712
14.9215	7.36598	0.0956636	0.0368129
17.645	7.6571	0.100508	0.0368193
16.5822	10.0948	4.72554	0.0361712
16.6772	5.91038	0.0711321	0.036843
19.0551	5.91038	0.0684476	0.0368486
17.645	7.6571	0.100508	0.0368193
20.0967	7.6571	0.0938593	0.0368184
21.25	9.60269	0.148906	0.0367661
18.75	9.60269	0.151034	0.0367787
17.645	7.6571	0.100508	0.0368193
19.0551	5.91038	0.0684476	0.0368486
20.0967	7.6571	0.0938593	0.0368184
24.1844	6.78374	0.0823338	0.0368049
26.189	5.91038	0.0692669	0.0368025
25.4207	8.55507	0.129082	0.0367481
28.5669	5.91038	0.0683473	0.0367804
31.8199	4.37335	0.0545494	0.0367768
31.1316	6.34706	0.0726969	0.0367483
26.9661	0.123895	0.0428544	0.0368547
28.4094	2.238	0.0459394	0.0368321
26.0648	3.0556	0.0481609	0.0368448
28.9198	0.494728	0.0443299	0.0368357
30.8485	1.10996	0.0454056	0.0368162
28.4094	2.238	0.0459394	0.0368321
31.25	9.60269	0.151291	0.0366661
33.75	9.60269	0.140976	0.0366499
32.5813	11.7351	4.80612	0.0360048
30.9096	13.2177	4.87789	0.0359771
29.636	10.915	4.78184	0.0360436
32.5813	11.7351	4.80612	0.0360048
32.355	7.6571	0.091267	0.0367098
33.4473	6.2015	0.0687749	0.0367316
34.9468	7.95642	0.0962739	0.0366807
29.9033	7.6571	0.0976497	0.0367288
32.355	7.6571	0.091267	0.0367098
31.25	9.60269	0.151291	0.0366661
31.1316	6.34706	0.0726969	0.0367483
31.8199	4.37335	0.0545494	0.0367768
33.4473	6.2015	0.0687749	0.0367316
29.9033	7.6571	0.0976497	0.0367288
31.1316	6.34706	0.0726969	0.0367483
32.355	7.6571	0.091267	0.0367098
29.9033	7.6571	0.0976497	0.0367288
28.5669	5.91038	0.0683473	0.0367804
31.1316	6.34706	0.0726969	0.0367483
28.5669	5.91038	0.0683473	0.0367804
29.9033	7.6571	0.0976497	0.0367288
27.8022	8.40541	0.123567	0.0367271
25	4.37335	0.0549364	0.036838
27.2733	4.37335	0.0551066	0.036818
26.189	5.91038	0.0692669	0.0368025
27.2733	4.37335	0.0551066	0.036818
30.3241	3.0556	0.0481693	0.0368076
28.5669	5.91038	0.0683473	0.0367804
31.1316	6.34706	0.0726969	0.0367483
33.4473	6.2015	0.0687749	0.0367316
32.355	7.6571	0.091267	0.0367098
27.2733	4.37335	0.0551066	0.036818
28.4094	2.238	0.0459394	0.0368321
30.3241	3.0556	0.0481693	0.0368076
26.189	5.91038	0.0692669	0.0368025
27.2733	4.37335	0.0551066	0.036818
28.5669	5.91038	0.0683473	0.0367804
26.0648	3.0556	0.0481609	0.0368448
28.4094	2.238	0.0459394	0.0368321
27.2733	4.37335	0.0551066	0.036818
29.636	10.915	4.78184	0.0360436
29.9033	7.6571	0.0976497	0.0367288
31.25	9.60269	0.151291	0.0366661
25.4207	8.55507	0.129082	0.0367481
27.8022	8.40541	0.123567	0.0367271
27.0253	10.7509	4.78445	0.0360703
25.4207	8.55507	0.129082	0.0367481
26.189	5.91038	0.0692669	0.0368025
27.8022	8.40541	0.123567	0.0367271
26.3489	16.5071	4.93641	0.0359384
24.3933	15.2742	4.9223	0.0359815
25.6653	12.8882	4.87733	0.0360239
30.3241	3.0556	0.0481693	0.0368076
31.8199	4.37335	0.0545494	0.0367768
28.5669	5.91038	0.0683473	0.0367804
30.8485	1.10996	0.0454056	0.0368162
30.3241	3.0556	0.0481693	0.0368076
28.4094	2.238	0.0459394	0.0368321
30.8485	1.10996	0.0454056	0.0368162
32.7403	1.96546	0.0478464	0.0367922
30.3241	3.0556	0.0481693	0.0368076
30.3241	3.0556	0.0481693	0.0368076
32.7403	1.96546	0.0478464	0.0367922
31.8199	4.37335	0.0545494	0.0367768
23.9352	3.0556	0.0481884	0.0368605
25	4.37335	0.0549364	0.036838
22.7267	4.37335	0.0544237	0.0368553
26.9661	0.123895	0.0428544	0.0368547
26.0648	3.0556	0.0481609	0.0368448
25.0248	1.47661	0.0444023	0.0368632
26.9661	0.123895	0.0428544	0.0368547
28.9198	0.494728	0.0443299	0.0368357
28.4094	2.238	0.0459394	0.0368321
25.0248	1.47661	0.0444023	0.0368632
25	-8.70219e-28	0.0434381	0.0368661
26.9661	0.123895	0.0428544	0.0368547
23.9352	3.0556	0.0481884	0.0368605
25.0248	1.47661	0.0444023	0.0368632
26.0648	3.0556	0.0481609	0.0368448
23.9352	3.0556	0.0481884	0.0368605
23.0835	1.59882	0.0446772	0.036874
25.0248	1.47661	0.0444023	0.0368632
32.7403	1.96546	0.0478464	0.0367922
34.5833	3.0556	0.0517716	0.0367634
31.8199	4.37335	0.0545494	0.0367768
25	4.37335	0.0549364	0.036838
26.0648	3.0556	0.0481609	0.0368448
27.2733	4.37335	0.0551066	0.036818
24.1844	6.78374	0.0823338	0.0368049
25	4.37335	0.0549364	0.036838
26.189	5.91038	0.0692669	0.0368025
23.9352	3.0556	0.0481884	0.0368605
26.0648	3.0556	0.0481609	0.0368448
25	4.37335	0.0549364	0.036838
21.913	2.6468	0.0469163	0.0368744
23.9352	3.0556	0.0481884	0.0368605
22.7267	4.37335	0.0544237	0.0368553
23.0835	1.59882	0.0446772	0.036874
23.0339	0.123895	0.0434956	0.0368769
25.0248	1.47661	0.0444023	0.0368632
21.913	2.6468	0.0469163	0.0368744
23.0835	1.59882	0.0446772	0.036874
23.9352	3.0556	0.0481884	0.0368605
21.4331	5.91038	0.0677827	0.0368421
20.4534	4.37335	0.0548167	0.0368649
22.7267	4.37335	0.0544237	0.0368553
19.7476	2.78306	0.0483693	0.0368777
21.0802	0.494728	0.0440147	0.0368834
21.913	2.6468	0.0469163	0.0368744
23.0339	0.123895	0.0434956	0.0368769
25	-8.70219e-28	0.0434381	0.0368661
25.0248	1.47661	0.0444023	0.0368632
33.4473	6.2015	0.0687749	0.0367316
34.5833	3.0556	0.0517716	0.0367634
35.7008	5.91038	0.0698402	0.036712
36.3664	4.37335	0.064039	0.0367236
35.7008	5.91038	0.0698402	0.036712
34.5833	3.0556	0.0517716	0.0367634
23.5785	19.1174	4.94699	0.0359111
26.3489	16.5071	4.93641	0.0359384
26.4215	19.1174	4.94645	0.035894
23.0771	23.3761	4.95062	0.0358681
25.3391	26.1784	4.95089	0.0358942
22.0277	27.6505	4.9499	0.0358068
29.636	10.915	4.78184	0.0360436
27.8022	8.40541	0.123567	0.0367271
29.9033	7.6571	0.0976497	0.0367288
29.636	10.915	4.78184	0.0360436
27.0253	10.7509	4.78445	0.0360703
27.8022	8.40541	0.123567	0.0367271
32.5813	11.7351	4.80612	0.0360048
29.636	10.915	4.78184	0.0360436
31.25	9.60269	0.151291	0.0366661
28.2875	13.053	4.88218	0.0359959
27.0253	10.7509	4.78445	0.0360703
29.636	10.915	4.78184	0.0360436
23.0432	12.7235	4.86068	0.0360604
25.6653	12.8882	4.87733	0.0360239
24.3933	15.2742	4.9223	0.0359815
24.4145	10.5869	4.76424	0.0361067
25.4207	8.55507	0.129082	0.0367481
27.0253	10.7509	4.78445	0.0360703
23.0432	12.7235	4.86068	0.0360604
24.4145	10.5869	4.76424	0.0361067
25.6653	12.8882	4.87733	0.0360239
23.0432	12.7235	4.86068	0.0360604
21.25	9.60269	0.148906	0.0367661
24.4145	10.5869	4.76424	0.0361067
24.1844	6.78374	0.0823338	0.0368049
22.5483	7.6571	0.097044	0.0368019
21.4331	5.91038	0.0677827	0.0368421
25	4.37335	0.0549364	0.036838
24.1844	6.78374	0.0823338	0.0368049
22.7267	4.37335	0.0544237	0.0368553
25.4207	8.55507	0.129082	0.0367481
24.4145	10.5869	4.76424	0.0361067
22.5483	7.6571	0.097044	0.0368019
24.4145	10.5869	4.76424	0.0361067
21.25	9.60269	0.148906	0.0367661
22.5483	7.6571	0.097044	0.0368019
19.5656	14.0413	4.89416	0.0360613
20.9532	16.5071	4.93209	0.0359914
18.2554	16.5071	4.93172	0.0360185
19.9458	11.7351	4.8059	0.0361203
19.5656	14.0413	4.89416	0.0360613
17.7988	12.3941	4.84617	0.0361115
18.75	9.60269	0.151034	0.0367787
19.9458	11.7351	4.8059	0.0361203
17.7988	12.3941	4.84617	0.0361115
21.25	9.60269	0.148906	0.0367661
23.0432	12.7235	4.86068	0.0360604
19.9458	11.7351	4.8059	0.0361203
22.0108	14.5924	4.90948	0.0360237
20.9532	16.5071	4.93209	0.0359914
19.5656	14.0413	4.89416	0.0360613
19.9458	11.7351	4.8059	0.0361203
22.0108	14.5924	4.90948	0.0360237
19.5656	14.0413	4.89416	0.0360613
23.0432	12.7235	4.86068	0.0360604
24.3933	15.2742	4.9223	0.0359815
22.0108	14.5924	4.90948	0.0360237
17.7548	18.7251	4.94372	0.0359838
20.7355	19.1174	4.94557	0.0359429
17.2541	20.9431	4.94851	0.0359566
16.8484	14.0413	4.89703	0.0360773
18.2554	16.5071	4.93172	0.0360185
15.9817	15.8026	4.92508	0.0360471
20.9532	16.5071	4.93209	0.0359914
20.7355	19.1174	4.94557	0.0359429
18.2554	16.5071	4.93172	0.0360185
14.9215	7.36598	0.0956636	0.0368129
16.5822	10.0948	4.72554	0.0361712
13.513	9.30337	0.14437	0.0367709
12.6058	7.51154	0.101163	0.0367937
14.9215	7.36598	0.0956636	0.0368129
13.513	9.30337	0.14437	0.0367709
13.6336	4.37335	0.064643	0.0368377
15.4167	3.0556	0.0549384	0.0368603
16.6772	5.91038	0.0711321	0.036843
19.7476	2.78306	0.0483693	0.0368777
19.1515	1.10996	0.0465723	0.0368812
21.0802	0.494728	0.0440147	0.0368834
20.4534	4.37335	0.0548167	0.0368649
19.0551	5.91038	0.0684476	0.0368486
18.1801	4.37335	0.0563631	0.0368646
21.913	2.6468	0.0469163	0.0368744
20.4534	4.37335	0.0548167	0.0368649
19.7476	2.78306	0.0483693	0.0368777
21.4331	5.91038	0.0677827	0.0368421
19.0551	5.91038	0.0684476	0.0368486
20.4534	4.37335	0.0548167	0.0368649
24.1844	6.78374	0.0823338	0.0368049
21.4331	5.91038	0.0677827	0.0368421
22.7267	4.37335	0.0544237	0.0368553
20.0967	7.6571	0.0938593	0.0368184
19.0551	5.91038	0.0684476	0.0368486
21.4331	5.91038	0.0677827	0.0368421
20.4534	4.37335	0.0548167	0.0368649
18.1801	4.37335	0.0563631	0.0368646
19.7476	2.78306	0.0483693	0.0368777
23.0835	1.59882	0.0446772	0.036874
21.0802	0.494728	0.0440147	0.0368834
23.0339	0.123895	0.0434956	0.0368769
27.8022	8.40541	0.123567	0.0367271
26.189	5.91038	0.0692669	0.0368025
28.5669	5.91038	0.0683473	0.0367804
25.6653	12.8882	4.87733	0.0360239
24.4145	10.5869	4.76424	0.0361067
27.0253	10.7509	4.78445	0.0360703
22.5483	7.6571	0.097044	0.0368019
20.0967	7.6571	0.0938593	0.0368184
21.4331	5.91038	0.0677827	0.0368421
25.4207	8.55507	0.129082	0.0367481
22.5483	7.6571	0.097044	0.0368019
24.1844	6.78374	0.0823338	0.0368049
21.25	9.60269	0.148906	0.0367661
20.0967	7.6571	0.0938593	0.0368184
22.5483	7.6571	0.097044	0.0368019
14.9215	7.36598	0.0956636	0.0368129
16.6772	5.91038	0.0711321	0.036843
17.645	7.6571	0.100508	0.0368193
21.913	2.6468	0.0469163	0.0368744
21.0802	0.494728	0.0440147	0.0368834
23.0835	1.59882	0.0446772	0.036874
37.3284	7.80676	0.10015	0.0366578
38.0788	5.91038	0.0818221	0.0366804
39.7099	7.6571	0.11782	0.0366282
33.4473	6.2015	0.0687749	0.0367316
35.7008	5.91038	0.0698402	0.036712
34.9468	7.95642	0.0962739	0.0366807
33.75	9.60269	0.140976	0.0366499
32.355	7.6571	0.091267	0.0367098
34.9468	7.95642	0.0962739	0.0366807
31.8199	4.37335	0.0545494	0.0367768
34.5833	3.0556	0.0517716	0.0367634
33.4473	6.2015	0.0687749	0.0367316
36.3664	4.37335	0.064039	0.0367236
38.0788	5.91038	0.0818221	0.0366804
35.7008	5.91038	0.0698402	0.036712
19.7476	2.78306	0.0483693	0.0368777
17.2597	1.96546	0.0495053	0.0368748
19.1515	1.10996	0.0465723	0.0368812
18.1801	4.37335	0.0563631	0.0368646
16.6772	5.91038	0.0711321	0.036843
15.4167	3.0556	0.0549384	0.0368603
19.7476	2.78306	0.0483693	0.0368777
18.1801	4.37335	0.0563631	0.0368646
17.2597	1.96546	0.0495053	0.0368748
19.0551	5.91038	0.0684476	0.0368486
16.6772	5.91038	0.0711321	0.036843
18.1801	4.37335	0.0563631	0.0368646
21.913	2.6468	0.0469163	0.0368744
22.7267	4.37335	0.0544237	0.0368553
20.4534	4.37335	0.0548167	0.0368649
20.0967	7.6571	0.0938593	0.0368184
18.75	9.60269	0.151034	0.0367787
17.645	7.6571	0.100508	0.0368193
14.9215	7.36598	0.0956636	0.0368129
13.6336	4.37335	0.064643	0.0368377
16.6772	5.91038	0.0711321	0.036843
32.355	7.6571	0.091267	0.0367098
33.75	9.60269	0.140976	0.0366499
31.25	9.60269	0.151291	0.0366661
38.0788	5.91038	0.0818221	0.0366804
37.3284	7.80676	0.10015	0.0366578
35.7008	5.91038	0.0698402	0.036712
38.75	9.60269	0.154862	0.0366013
41.25	9.60269	0.1862	0.0365685
40.1627	11.7351	4.82993	0.0359434
36.25	9.60269	0.143484	0.0366286
38.75	9.60269	0.154862	0.0366013
37.4683	11.4071	4.79343	0.0359775
39.7099	7.6571	0.11782	0.0366282
41.25	9.60269	0.1862	0.0365685
38.75	9.60269	0.154862	0.0366013
15.4167	3.0556	0.0549384	0.0368603
17.2597	1.96546	0.0495053	0.0368748
18.1801	4.37335	0.0563631	0.0368646
44.0204	14.0413	4.92583	0.035885
41.2166	14.2175	4.91305	0.0358991
42.6898	11.7351	4.87097	0.0359165
14.9215	7.36598	0.0956636	0.0368129
12.6058	7.51154	0.101163	0.0367937
13.6336	4.37335	0.064643	0.0368377
15.1767	12.2293	4.84164	0.0361171
12.5545	12.0646	4.82665	0.0361144
13.513	9.30337	0.14437	0.0367709
16.5822	10.0948	4.72554	0.0361712
17.7988	12.3941	4.84617	0.0361115
15.1767	12.2293	4.84164	0.0361171
14.1312	14.0413	4.897	0.0360815
12.5545	12.0646	4.82665	0.0361144
15.1767	12.2293	4.84164	0.0361171
15.9817	15.8026	4.92508	0.0360471
14.7591	18.4213	4.94269	0.0360135
13.1778	15.9788	4.92722	0.0360529
16.5822	10.0948	4.72554	0.0361712
18.75	9.60269	0.151034	0.0367787
17.7988	12.3941	4.84617	0.0361115
22.0108	14.5924	4.90948	0.0360237
24.3933	15.2742	4.9223	0.0359815
20.9532	16.5071	4.93209	0.0359914
11.4404	21.3083	4.94867	0.0359999
12.2064	19.1174	4.94541	0.0360179
14.6026	21.856	4.94921	0.0359749
8.66123	21.856	4.94922	0.0359969
11.4404	21.3083	4.94867	0.0359999
10.9756	24.1362	4.94989	0.0359874
8.66123	21.856	4.94922	0.0359969
9.3634	19.1174	4.94594	0.036021
11.4404	21.3083	4.94867	0.0359999
6.52038	19.1174	4.94718	0.0360144
7.464	16.5071	4.93861	0.0360424
9.3634	19.1174	4.94594	0.036021
3.67737	19.1174	4.94834	0.0360027
6.52038	19.1174	4.94718	0.0360144
5.62671	21.6734	4.94942	0.0359849
3.67737	19.1174	4.94834	0.0360027
4.76616	16.5071	4.94302	0.0360335
6.52038	19.1174	4.94718	0.0360144
10.1618	16.5071	4.93438	0.0360474
12.2064	19.1174	4.94541	0.0360179
9.3634	19.1174	4.94594	0.036021
5.97957	14.0413	4.9251	0.0360579
8.69678	14.0413	4.90956	0.0360689
7.464	16.5071	4.93861	0.0360424
11.414	14.0413	4.89891	0.0360775
13.1778	15.9788	4.92722	0.0360529
10.1618	16.5071	4.93438	0.0360474
15.1767	12.2293	4.84164	0.0361171
16.8484	14.0413	4.89703	0.0360773
14.1312	14.0413	4.897	0.0360815
6.52038	19.1174	4.94718	0.0360144
9.3634	19.1174	4.94594	0.036021
8.66123	21.856	4.94922	0.0359969
14.7591	18.4213	4.94269	0.0360135
12.2064	19.1174	4.94541	0.0360179
13.1778	15.9788	4.92722	0.0360529
14.7591	18.4213	4.94269	0.0360135
14.6026	21.856	4.94921	0.0359749
12.2064	19.1174	4.94541	0.0360179
12.6058	7.51154	0.101163	0.0367937
11.9212	5.91038	0.0882205	0.0368052
13.6336	4.37335	0.064643	0.0368377
11.25	9.60269	0.155261	0.0367509
12.6058	7.51154	0.101163	0.0367937
13.513	9.30337	0.14437	0.0367709
10.2901	7.6571	0.12015	0.0367705
11.9212	5.91038	0.0882205	0.0368052
12.6058	7.51154	0.101163	0.0367937
41.2166	14.2175	4.91305	0.0358991
40.1627	11.7351	4.82993	0.0359434
42.6898	11.7351	4.87097	0.0359165
35.1085	11.7351	4.80285	0.0359895
37.4683	11.4071	4.79343	0.0359775
35.6088	14.5697	4.90736	0.0359344
33.1516	14.0413	4.89653	0.0359525
35.1085	11.7351	4.80285	0.0359895
35.6088	14.5697	4.90736	0.0359344
32.5813	11.7351	4.80612	0.0360048
33.75	9.60269	0.140976	0.0366499
35.1085	11.7351	4.80285	0.0359895
37.3284	7.80676	0.10015	0.0366578
39.7099	7.6571	0.11782	0.0366282
38.75	9.60269	0.154862	0.0366013
36.25	9.60269	0.143484	0.0366286
37.3284	7.80676	0.10015	0.0366578
38.75	9.60269	0.154862	0.0366013
35.1085	11.7351	4.80285	0.0359895
36.25	9.60269	0.143484	0.0366286
37.4683	11.4071	4.79343	0.0359775
34.9468	7.95642	0.0962739	0.0366807
37.3284	7.80676	0.10015	0.0366578
36.25	9.60269	0.143484	0.0366286
34.9468	7.95642	0.0962739	0.0366807
35.7008	5.91038	0.0698402	0.036712
37.3284	7.80676	0.10015	0.0366578
42.536	16.5071	4.93916	0.0358853
44.0204	14.0413	4.92583	0.035885
45.2338	16.5071	4.94354	0.0358816
38.4127	14.3936	4.90684	0.0359186
41.2166	14.2175	4.91305	0.0358991
39.693	16.8552	4.9374	0.0358992
38.4127	14.3936	4.90684	0.0359186
37.4683	11.4071	4.79343	0.0359775
40.1627	11.7351	4.82993	0.0359434
10.2901	7.6571	0.12015	0.0367705
12.6058	7.51154	0.101163	0.0367937
11.25	9.60269	0.155261	0.0367509
28.2875	13.053	4.88218	0.0359959
30.001	14.922	4.91562	0.0359493
26.3489	16.5071	4.93641	0.0359384
35.1085	11.7351	4.80285	0.0359895
33.1516	14.0413	4.89653	0.0359525
32.5813	11.7351	4.80612	0.0360048
30.001	14.922	4.91562	0.0359493
28.6113	17.5512	4.94069	0.0359116
26.3489	16.5071	4.93641	0.0359384
30.9096	13.2177	4.87789	0.0359771
30.001	14.922	4.91562	0.0359493
28.2875	13.053	4.88218	0.0359959
29.636	10.915	4.78184	0.0360436
30.9096	13.2177	4.87789	0.0359771
28.2875	13.053	4.88218	0.0359959
32.5813	11.7351	4.80612	0.0360048
33.1516	14.0413	4.89653	0.0359525
30.9096	13.2177	4.87789	0.0359771
31.7446	16.5071	4.93225	0.035924
28.6113	17.5512	4.94069	0.0359116
30.001	14.922	4.91562	0.0359493
34.4425	16.5071	4.93209	0.0359209
31.7446	16.5071	4.93225	0.035924
33.1516	14.0413	4.89653	0.0359525
34.4425	16.5071	4.93209	0.0359209
34.9506	19.1174	4.94542	0.0359092
32.1075	19.1174	4.94561	0.0359003
37.1403	16.5071	4.93278	0.0359126
34.4425	16.5071	4.93209	0.0359209
35.6088	14.5697	4.90736	0.0359344
37.1403	16.5071	4.93278	0.0359126
37.7936	19.1174	4.94551	0.0359098
34.9506	19.1174	4.94542	0.0359092
11.414	14.0413	4.89891	0.0360775
14.1312	14.0413	4.897	0.0360815
13.1778	15.9788	4.92722	0.0360529
8.69678	14.0413	4.90956	0.0360689
9.93237	11.8999	4.83316	0.0361039
11.414	14.0413	4.89891	0.0360775
11.25	9.60269	0.155261	0.0367509
13.513	9.30337	0.14437	0.0367709
12.5545	12.0646	4.82665	0.0361144
10.2901	7.6571	0.12015	0.0367705
11.25	9.60269	0.155261	0.0367509
8.74996	9.60269	0.184739	0.0367286
13.513	9.30337	0.14437	0.0367709
16.5822	10.0948	4.72554	0.0361712
15.1767	12.2293	4.84164	0.0361171
9.93237	11.8999	4.83316	0.0361039
11.25	9.60269	0.155261	0.0367509
12.5545	12.0646	4.82665	0.0361144
11.414	14.0413	4.89891	0.0360775
9.93237	11.8999	4.83316	0.0361039
12.5545	12.0646	4.82665	0.0361144
8.69678	14.0413	4.90956	0.0360689
7.31021	11.7351	4.86915	0.0360873
9.93237	11.8999	4.83316	0.0361039
37.4683	11.4071	4.79343	0.0359775
38.4127	14.3936	4.90684	0.0359186
35.6088	14.5697	4.90736	0.0359344
42.536	16.5071	4.93916	0.0358853
43.4158	19.3	4.948	0.0359011
40.5089	19.4825	4.94722	0.0359077
44.0204	14.0413	4.92583	0.035885
42.536	16.5071	4.93916	0.0358853
41.2166	14.2175	4.91305	0.0358991
45.2338	16.5071	4.94354	0.0358816
43.4158	19.3	4.948	0.0359011
42.536	16.5071	4.93916	0.0358853
40.5089	19.4825	4.94722	0.0359077
41.2294	22.236	4.94993	0.0359415
38.204	22.4261	4.94981	0.0359357
42.536	16.5071	4.93916	0.0358853
40.5089	19.4825	4.94722	0.0359077
39.693	16.8552	4.9374	0.0358992
43.4158	19.3	4.948	0.0359011
41.2294	22.236	4.94993	0.0359415
40.5089	19.4825	4.94722	0.0359077
47.2801	21.856	4.95043	0.0359499
44.3095	21.856	4.95013	0.035939
46.3226	19.1174	4.94896	0.0359041
38.4127	14.3936	4.90684	0.0359186
37.1403	16.5071	4.93278	0.0359126
35.6088	14.5697	4.90736	0.0359344
40.1627	11.7351	4.82993	0.0359434
41.2166	14.2175	4.91305	0.0358991
38.4127	14.3936	4.90684	0.0359186
38.75	9.60269	0.154862	0.0366013
40.1627	11.7351	4.82993	0.0359434
37.4683	11.4071	4.79343	0.0359775
41.25	9.60269	0.1862	0.0365685
42.6898	11.7351	4.87097	0.0359165
40.1627	11.7351	4.82993	0.0359434
39.693	16.8552	4.9374	0.0358992
37.1403	16.5071	4.93278	0.0359126
38.4127	14.3936	4.90684	0.0359186
40.5089	19.4825	4.94722	0.0359077
37.7936	19.1174	4.94551	0.0359098
39.693	16.8552	4.9374	0.0358992
28.8815	20.2128	4.94827	0.0358767
29.1279	22.9961	4.95033	0.0358625
26.1025	23.1861	4.95066	0.0358552
32.1075	19.1174	4.94561	0.0359003
34.9506	19.1174	4.94542	0.0359092
32.4267	21.856	4.94956	0.0358906
28.8815	20.2128	4.94827	0.0358767
32.1075	19.1174	4.94561	0.0359003
32.4267	21.856	4.94956	0.0358906
31.7446	16.5071	4.93225	0.035924
34.4425	16.5071	4.93209	0.0359209
32.1075	19.1174	4.94561	0.0359003
28.6113	17.5512	4.94069	0.0359116
31.7446	16.5071	4.93225	0.035924
32.1075	19.1174	4.94561	0.0359003
11.414	14.0413	4.89891	0.0360775
12.5545	12.0646	4.82665	0.0361144
14.1312	14.0413	4.897	0.0360815
12.2064	19.1174	4.94541	0.0360179
10.1618	16.5071	4.93438	0.0360474
13.1778	15.9788	4.92722	0.0360529
9.93237	11.8999	4.83316	0.0361039
8.74996	9.60269	0.184739	0.0367286
11.25	9.60269	0.155261	0.0367509
43.4158	19.3	4.948	0.0359011
45.2338	16.5071	4.94354	0.0358816
46.3226	19.1174	4.94896	0.0359041
33.1516	14.0413	4.89653	0.0359525
35.6088	14.5697	4.90736	0.0359344
34.4425	16.5071	4.93209	0.0359209
36.25	9.60269	0.143484	0.0366286
33.75	9.60269	0.140976	0.0366499
34.9468	7.95642	0.0962739	0.0366807
21.9134	33.7485	4.9262	0.0357302
18.9132	34.917	4.87658	0.0349894
18.6835	32.5943	4.92463	0.0350303
25	30.6708	4.94942	0.0360873
21.9134	33.7485	4.9262	0.0357302
21.9612	30.6708	4.94455	0.0356715
21.8846	36.8646	4.86872	0.0368389
18.9132	34.917	4.87658	0.0349894
21.9134	33.7485	4.9262	0.0357302
25	40	4.91348	0.0428704
21.8846	36.8646	4.86872	0.0368389
25.1151	35.3065	4.93625	0.0376734
21.9134	33.7485	4.9262	0.0357302
18.6835	32.5943	4.92463	0.0350303
21.9612	30.6708	4.94455	0.0356715
18.7212	38.8242	0.20262	0.0377604
18.9132	34.917	4.87658	0.0349894
21.8846	36.8646	4.86872	0.0368389
17.2667	36.7732	0.242997	0.0363333
15.8122	34.7222	4.88379	0.0351528
18.9132	34.917	4.87658	0.0349894
18.7212	38.8242	0.20262	0.0377604
17.2667	36.7732	0.242997	0.0363333
18.9132	34.917	4.87658	0.0349894
18.7212	38.8242	0.20262	0.0377604
15.601	39.0202	0.226581	0.0382991
17.2667	36.7732	0.242997	0.0363333
18.7981	41.9596	0.222111	0.0452421
18.7212	38.8242	0.20262	0.0377604
21.9014	39.3141	0.2538	0.0400432
15.601	39.0202	0.226581	0.0382991
15.8122	34.7222	4.88379	0.0351528
17.2667	36.7732	0.242997	0.0363333
14.001	23.9462	4.94992	0.0359579
14.6026	21.856	4.94921	0.0359749
17.2998	24.7062	4.95017	0.0359
13.1107	27.6505	4.94913	0.0359091
12.8447	30.6708	4.94458	0.0358429
10.1383	27.6505	4.94985	0.0360479
15.2052	26.1784	4.94976	0.0358942
15.7173	29.727	4.94559	0.0356272
13.1107	27.6505	4.94913	0.0359091
20.3799	24.7062	4.9504	0.0358697
18.0114	27.1222	4.94908	0.0357836
17.2998	24.7062	4.95017	0.0359
18.7229	29.5382	4.94476	0.0355441
15.7173	29.727	4.94559	0.0356272
18.0114	27.1222	4.94908	0.0357836
18.7229	29.5382	4.94476	0.0355441
18.6835	32.5943	4.92463	0.0350303
15.7173	29.727	4.94559	0.0356272
10.9756	24.1362	4.94989	0.0359874
8.05963	24.7062	4.95	0.0359973
8.66123	21.856	4.94922	0.0359969
10.1383	27.6505	4.94985	0.0360479
8.05963	24.7062	4.95	0.0359973
10.9756	24.1362	4.94989	0.0359874
10.1383	27.6505	4.94985	0.0360479
9.80591	30.6708	4.94823	0.0363405
7.16598	27.6505	4.95021	0.0361161
6.70061	30.2933	4.9501	0.0365113
7.16598	27.6505	4.95021	0.0361161
9.80591	30.6708	4.94823	0.0363405
4.97956	24.7062	4.95006	0.0359846
5.62671	21.6734	4.94942	0.0359849
8.05963	24.7062	4.95	0.0359973
3.67737	19.1174	4.94834	0.0360027
5.62671	21.6734	4.94942	0.0359849
2.71986	21.856	4.94974	0.0359698
6.52038	19.1174	4.94718	0.0360144
4.76616	16.5071	4.94302	0.0360335
7.464	16.5071	4.93861	0.0360424
25	30.6708	4.94942	0.0360873
28.0388	30.6708	4.95057	0.0365497
28.0866	33.7485	4.94911	0.0379055
47.2801	21.856	4.95043	0.0359499
48.1005	24.7062	4.95076	0.0360322
45.0204	24.7062	4.95068	0.0360151
26.4215	19.1174	4.94645	0.035894
26.3489	16.5071	4.93641	0.0359384
28.6113	17.5512	4.94069	0.0359116
18.0114	27.1222	4.94908	0.0357836
22.0277	27.6505	4.9499	0.0358068
18.7229	29.5382	4.94476	0.0355441
17.2541	20.9431	4.94851	0.0359566
20.544	21.856	4.94968	0.0359044
17.2998	24.7062	4.95017	0.0359
23.0771	23.3761	4.95062	0.0358681
26.1025	23.1861	4.95066	0.0358552
25.3391	26.1784	4.95089	0.0358942
17.2998	24.7062	4.95017	0.0359
20.544	21.856	4.94968	0.0359044
20.3799	24.7062	4.9504	0.0358697
24.8405	21.1517	4.94953	0.0358724
26.1025	23.1861	4.95066	0.0358552
23.0771	23.3761	4.95062	0.0358681
20.544	21.856	4.94968	0.0359044
24.8405	21.1517	4.94953	0.0358724
23.0771	23.3761	4.95062	0.0358681
23.5785	19.1174	4.94699	0.0359111
26.4215	19.1174	4.94645	0.035894
24.8405	21.1517	4.94953	0.0358724
31.199	26.5464	4.95065	0.03599
30.7452	28.7831	4.95071	0.0362373
28.269	26.3624	4.95089	0.0359294
29.1279	22.9961	4.95033	0.0358625
31.199	26.5464	4.95065	0.03599
28.269	26.3624	4.95089	0.0359294
32.7002	24.7062	4.95041	0.0359203
33.7508	28.5944	4.95042	0.0362076
31.199	26.5464	4.95065	0.03599
20.544	21.856	4.94968	0.0359044
23.0771	23.3761	4.95062	0.0358681
20.3799	24.7062	4.9504	0.0358697
20.7355	19.1174	4.94557	0.0359429
20.544	21.856	4.94968	0.0359044
17.2541	20.9431	4.94851	0.0359566
17.7548	18.7251	4.94372	0.0359838
18.2554	16.5071	4.93172	0.0360185
20.7355	19.1174	4.94557	0.0359429
14.7591	18.4213	4.94269	0.0360135
17.7548	18.7251	4.94372	0.0359838
17.2541	20.9431	4.94851	0.0359566
14.7591	18.4213	4.94269	0.0360135
15.9817	15.8026	4.92508	0.0360471
17.7548	18.7251	4.94372	0.0359838
20.9532	16.5071	4.93209	0.0359914
23.5785	19.1174	4.94699	0.0359111
20.7355	19.1174	4.94557	0.0359429
23.5785	19.1174	4.94699	0.0359111
24.8405	21.1517	4.94953	0.0358724
20.544	21.856	4.94968	0.0359044
26.689	28.4246	4.95087	0.0360524
22.0277	27.6505	4.9499	0.0358068
25.3391	26.1784	4.95089	0.0358942
21.9612	30.6708	4.94455	0.0356715
18.6835	32.5943	4.92463	0.0350303
18.7229	29.5382	4.94476	0.0355441
20.7355	19.1174	4.94557	0.0359429
23.5785	19.1174	4.94699	0.0359111
20.544	21.856	4.94968	0.0359044
16.8484	14.0413	4.89703	0.0360773
19.5656	14.0413	4.89416	0.0360613
18.2554	16.5071	4.93172	0.0360185
16.8484	14.0413	4.89703	0.0360773
17.7988	12.3941	4.84617	0.0361115
19.5656	14.0413	4.89416	0.0360613
14.1312	14.0413	4.897	0.0360815
16.8484	14.0413	4.89703	0.0360773
15.9817	15.8026	4.92508	0.0360471
15.1767	12.2293	4.84164	0.0361171
17.7988	12.3941	4.84617	0.0361115
16.8484	14.0413	4.89703	0.0360773
18.75	9.60269	0.151034	0.0367787
21.25	9.60269	0.148906	0.0367661
19.9458	11.7351	4.8059	0.0361203
24.3933	15.2742	4.9223	0.0359815
23.5785	19.1174	4.94699	0.0359111
20.9532	16.5071	4.93209	0.0359914
4.97956	24.7062	4.95006	0.0359846
4.19365	27.6505	4.95027	0.0361359
1.8995	24.7062	4.95013	0.0359776
8.74996	9.60269	0.184739	0.0367286
9.93237	11.8999	4.83316	0.0361039
7.31021	11.7351	4.86915	0.0360873
46.8029	37.0605	4.95142	0.0420361
43.6827	37.2565	4.95221	0.0420688
46.6062	33.7485	4.95062	0.0384717
41.9404	24.7062	4.9505	0.0360038
45.0204	24.7062	4.95068	0.0360151
42.7675	28.0281	4.9506	0.0362291
38.8603	24.7062	4.95032	0.0359863
41.9404	24.7062	4.9505	0.0360038
39.9888	27.0985	4.95044	0.0361258
41.2294	22.236	4.94993	0.0359415
44.3095	21.856	4.95013	0.035939
41.9404	24.7062	4.9505	0.0360038
48.7787	27.6505	4.95076	0.0362465
49.3105	30.6708	4.95059	0.0369127
46.2478	30.8632	4.95058	0.036886
26.1025	23.1861	4.95066	0.0358552
24.8405	21.1517	4.94953	0.0358724
28.8815	20.2128	4.94827	0.0358767
28.269	26.3624	4.95089	0.0359294
26.1025	23.1861	4.95066	0.0358552
29.1279	22.9961	4.95033	0.0358625
23.0771	23.3761	4.95062	0.0358681
22.0277	27.6505	4.9499	0.0358068
20.3799	24.7062	4.9504	0.0358697
12.8447	30.6708	4.94458	0.0358429
12.7112	34.5275	4.92643	0.0364098
9.49534	33.1714	4.94585	0.0370126
10.1383	27.6505	4.94985	0.0360479
12.8447	30.6708	4.94458	0.0358429
9.80591	30.6708	4.94823	0.0363405
14.3285	32.6965	4.92857	0.0355582
18.6835	32.5943	4.92463	0.0350303
15.8122	34.7222	4.88379	0.0351528
25.1151	35.3065	4.93625	0.0376734
21.8846	36.8646	4.86872	0.0368389
21.9134	33.7485	4.9262	0.0357302
14.3285	32.6965	4.92857	0.0355582
12.7112	34.5275	4.92643	0.0364098
12.8447	30.6708	4.94458	0.0358429
18.9132	34.917	4.87658	0.0349894
15.8122	34.7222	4.88379	0.0351528
18.6835	32.5943	4.92463	0.0350303
15.601	39.0202	0.226581	0.0382991
12.5385	36.8646	4.90447	0.0376739
15.8122	34.7222	4.88379	0.0351528
23.5785	19.1174	4.94699	0.0359111
24.3933	15.2742	4.9223	0.0359815
26.3489	16.5071	4.93641	0.0359384
28.8815	20.2128	4.94827	0.0358767
24.8405	21.1517	4.94953	0.0358724
26.4215	19.1174	4.94645	0.035894
18.2554	16.5071	4.93172	0.0360185
17.7548	18.7251	4.94372	0.0359838
15.9817	15.8026	4.92508	0.0360471
14.6026	21.856	4.94921	0.0359749
17.2541	20.9431	4.94851	0.0359566
17.2998	24.7062	4.95017	0.0359
15.9817	15.8026	4.92508	0.0360471
13.1778	15.9788	4.92722	0.0360529
14.1312	14.0413	4.897	0.0360815
14.6026	21.856	4.94921	0.0359749
14.7591	18.4213	4.94269	0.0360135
17.2541	20.9431	4.94851	0.0359566
11.4404	21.3083	4.94867	0.0359999
14.001	23.9462	4.94992	0.0359579
10.9756	24.1362	4.94989	0.0359874
30.001	14.922	4.91562	0.0359493
30.9096	13.2177	4.87789	0.0359771
33.1516	14.0413	4.89653	0.0359525
31.7446	16.5071	4.93225	0.035924
30.001	14.922	4.91562	0.0359493
33.1516	14.0413	4.89653	0.0359525
25.6653	12.8882	4.87733	0.0360239
27.0253	10.7509	4.78445	0.0360703
28.2875	13.053	4.88218	0.0359959
25.6653	12.8882	4.87733	0.0360239
28.2875	13.053	4.88218	0.0359959
26.3489	16.5071	4.93641	0.0359384
33.75	9.60269	0.140976	0.0366499
36.25	9.60269	0.143484	0.0366286
35.1085	11.7351	4.80285	0.0359895
39.693	16.8552	4.9374	0.0358992
41.2166	14.2175	4.91305	0.0358991
42.536	16.5071	4.93916	0.0358853
28.8815	20.2128	4.94827	0.0358767
26.4215	19.1174	4.94645	0.035894
28.6113	17.5512	4.94069	0.0359116
40.625	40	4.93349	0.04318
43.75	40	4.94976	0.045665
43.6923	43.1354	4.94554	0.0530656
34.399	40.9798	4.8588	0.0403473
37.5	40	4.9069	0.0402087
37.5191	43.9145	0.193942	0.0356863
40.5769	36.8646	4.95124	0.0411399
43.6827	37.2565	4.95221	0.0420688
40.625	40	4.93349	0.04318
37.3464	33.7485	4.9506	0.0382794
33.997	31.6326	4.95069	0.0371609
37.1553	30.6708	4.95044	0.0367888
40.625	40	4.93349	0.04318
37.5	40	4.9069	0.0402087
40.5769	36.8646	4.95124	0.0411399
37.4615	36.8646	4.94558	0.0403882
34.1596	34.7385	4.95072	0.0390982
37.3464	33.7485	4.9506	0.0382794
46.2478	30.8632	4.95058	0.036886
45.7731	27.8393	4.95072	0.0362351
48.7787	27.6505	4.95076	0.0362465
49.6928	33.7485	4.95048	0.0386338
46.6062	33.7485	4.95062	0.0384717
49.3105	30.6708	4.95059	0.0369127
40.1941	30.6708	4.95057	0.0367387
37.1553	30.6708	4.95044	0.0367888
36.8893	27.6505	4.95032	0.0361484
43.2329	30.6708	4.95057	0.0367584
40.1941	30.6708	4.95057	0.0367387
42.7675	28.0281	4.9506	0.0362291
40.433	33.7485	4.9515	0.0383687
37.3464	33.7485	4.9506	0.0382794
40.1941	30.6708	4.95057	0.0367387
31.3171	35.696	4.95182	0.0400962
31.2019	38.0404	4.94795	0.0421599
28.1154	36.8646	4.94777	0.0407372
33.997	31.6326	4.95069	0.0371609
34.1596	34.7385	4.95072	0.0390982
30.9343	31.8249	4.95092	0.0371423
34.3221	37.8444	4.93739	0.0406088
31.2019	38.0404	4.94795	0.0421599
31.3171	35.696	4.95182	0.0400962
37.5	40	4.9069	0.0402087
34.3221	37.8444	4.93739	0.0406088
37.4615	36.8646	4.94558	0.0403882
34.399	40.9798	4.8588	0.0403473
31.2019	38.0404	4.94795	0.0421599
34.3221	37.8444	4.93739	0.0406088
40.1941	30.6708	4.95057	0.0367387
39.9888	27.0985	4.95044	0.0361258
42.7675	28.0281	4.9506	0.0362291
7.16598	27.6505	4.95021	0.0361161
8.05963	24.7062	4.95	0.0359973
10.1383	27.6505	4.94985	0.0360479
3.69504	30.482	4.95037	0.0366783
4.19365	27.6505	4.95027	0.0361359
6.70061	30.2933	4.9501	0.0365113
4.97956	24.7062	4.95006	0.0359846
8.05963	24.7062	4.95	0.0359973
7.16598	27.6505	4.95021	0.0361161
2.71986	21.856	4.94974	0.0359698
4.97956	24.7062	4.95006	0.0359846
1.8995	24.7062	4.95013	0.0359776
14.001	23.9462	4.94992	0.0359579
11.4404	21.3083	4.94867	0.0359999
14.6026	21.856	4.94921	0.0359749
13.1107	27.6505	4.94913	0.0359091
10.9756	24.1362	4.94989	0.0359874
14.001	23.9462	4.94992	0.0359579
8.66123	21.856	4.94922	0.0359969
5.62671	21.6734	4.94942	0.0359849
6.52038	19.1174	4.94718	0.0360144
12.2064	19.1174	4.94541	0.0360179
11.4404	21.3083	4.94867	0.0359999
9.3634	19.1174	4.94594	0.036021
8.05963	24.7062	4.95	0.0359973
5.62671	21.6734	4.94942	0.0359849
8.66123	21.856	4.94922	0.0359969
44.3095	21.856	4.95013	0.035939
41.2294	22.236	4.94993	0.0359415
43.4158	19.3	4.948	0.0359011
45.7731	27.8393	4.95072	0.0362351
45.0204	24.7062	4.95068	0.0360151
48.1005	24.7062	4.95076	0.0360322
38.8603	24.7062	4.95032	0.0359863
36.8893	27.6505	4.95032	0.0361484
35.7802	24.7062	4.95026	0.0359524
45.7731	27.8393	4.95072	0.0362351
42.7675	28.0281	4.9506	0.0362291
45.0204	24.7062	4.95068	0.0360151
43.2329	30.6708	4.95057	0.0367584
46.2478	30.8632	4.95058	0.036886
43.5196	33.7485	4.9511	0.0384048
40.433	33.7485	4.9515	0.0383687
43.2329	30.6708	4.95057	0.0367584
43.5196	33.7485	4.9511	0.0384048
42.7675	28.0281	4.9506	0.0362291
45.7731	27.8393	4.95072	0.0362351
43.2329	30.6708	4.95057	0.0367584
41.9404	24.7062	4.9505	0.0360038
42.7675	28.0281	4.9506	0.0362291
39.9888	27.0985	4.95044	0.0361258
45.7731	27.8393	4.95072	0.0362351
46.2478	30.8632	4.95058	0.036886
43.2329	30.6708	4.95057	0.0367584
8.69678	14.0413	4.90956	0.0360689
5.97957	14.0413	4.9251	0.0360579
7.31021	11.7351	4.86915	0.0360873
10.1618	16.5071	4.93438	0.0360474
8.69678	14.0413	4.90956	0.0360689
11.414	14.0413	4.89891	0.0360775
7.464	16.5071	4.93861	0.0360424
4.76616	16.5071	4.94302	0.0360335
5.97957	14.0413	4.9251	0.0360579
10.1618	16.5071	4.93438	0.0360474
7.464	16.5071	4.93861	0.0360424
8.69678	14.0413	4.90956	0.0360689
10.1618	16.5071	4.93438	0.0360474
9.3634	19.1174	4.94594	0.036021
7.464	16.5071	4.93861	0.0360424
9.42308	36.8646	4.94	0.0393487
9.49534	33.1714	4.94585	0.0370126
12.7112	34.5275	4.92643	0.0364098
12.5	40	4.89969	0.0409574
9.36058	39.4121	4.94023	0.0421346
12.5385	36.8646	4.90447	0.0376739
9.36058	39.4121	4.94023	0.0421346
6.30769	36.8646	4.949	0.0404353
9.42308	36.8646	4.94	0.0393487
3.19231	36.8646	4.95082	0.0410162
3.40821	33.9432	4.95053	0.0383843
6.30769	36.8646	4.949	0.0404353
0.076922	36.8646	4.95104	0.0413203
3.19231	36.8646	4.95082	0.0410162
3.125	40	4.95163	0.0448097
0.076922	36.8646	4.95104	0.0413203
0.307214	33.7485	4.95059	0.0384779
3.19231	36.8646	4.95082	0.0410162
6.70061	30.2933	4.9501	0.0365113
9.80591	30.6708	4.94823	0.0363405
9.49534	33.1714	4.94585	0.0370126
2.71986	21.856	4.94974	0.0359698
5.62671	21.6734	4.94942	0.0359849
4.97956	24.7062	4.95006	0.0359846
18.0114	27.1222	4.94908	0.0357836
15.7173	29.727	4.94559	0.0356272
15.2052	26.1784	4.94976	0.0358942
43.5196	33.7485	4.9511	0.0384048
40.5769	36.8646	4.95124	0.0411399
40.433	33.7485	4.9515	0.0383687
49.9231	36.8646	4.95102	0.0420049
46.8029	37.0605	4.95142	0.0420361
49.6928	33.7485	4.95048	0.0386338
43.75	40	4.94976	0.045665
40.625	40	4.93349	0.04318
43.6827	37.2565	4.95221	0.0420688
13.1107	27.6505	4.94913	0.0359091
15.7173	29.727	4.94559	0.0356272
12.8447	30.6708	4.94458	0.0358429
10.9756	24.1362	4.94989	0.0359874
13.1107	27.6505	4.94913	0.0359091
10.1383	27.6505	4.94985	0.0360479
15.2052	26.1784	4.94976	0.0358942
17.2998	24.7062	4.95017	0.0359
18.0114	27.1222	4.94908	0.0357836
14.001	23.9462	4.94992	0.0359579
15.2052	26.1784	4.94976	0.0358942
13.1107	27.6505	4.94913	0.0359091
14.001	23.9462	4.94992	0.0359579
17.2998	24.7062	4.95017	0.0359
15.2052	26.1784	4.94976	0.0358942
46.6062	33.7485	4.95062	0.0384717
43.6827	37.2565	4.95221	0.0420688
43.5196	33.7485	4.9511	0.0384048
50	40	4.95188	0.0464522
46.8029	37.0605	4.95142	0.0420361
49.9231	36.8646	4.95102	0.0420049
46.8798	40.196	4.95262	0.0500438
43.75	40	4.94976	0.045665
46.8029	37.0605	4.95142	0.0420361
21.9014	39.3141	0.2538	0.0400432
21.9183	41.7637	4.85121	0.0461957
18.7981	41.9596	0.222111	0.0452421
25	40	4.91348	0.0428704
21.9014	39.3141	0.2538	0.0400432
21.8846	36.8646	4.86872	0.0368389
25	40	4.91348	0.0428704
21.9183	41.7637	4.85121	0.0461957
21.9014	39.3141	0.2538	0.0400432
22.0142	44.8882	4.91006	0.0522849
18.7981	41.9596	0.222111	0.0452421
21.9183	41.7637	4.85121	0.0461957
3.69504	30.482	4.95037	0.0366783
3.40821	33.9432	4.95053	0.0383843
0.68946	30.6708	4.95039	0.0368417
1.22131	27.6505	4.95029	0.0361638
3.69504	30.482	4.95037	0.0366783
0.68946	30.6708	4.95039	0.0368417
6.70061	30.2933	4.9501	0.0365113
6.43263	33.3637	4.94984	0.0376879
3.69504	30.482	4.95037	0.0366783
43.5196	33.7485	4.9511	0.0384048
43.6827	37.2565	4.95221	0.0420688
40.5769	36.8646	4.95124	0.0411399
40.1941	30.6708	4.95057	0.0367387
43.2329	30.6708	4.95057	0.0367584
40.433	33.7485	4.9515	0.0383687
46.6062	33.7485	4.95062	0.0384717
49.6928	33.7485	4.95048	0.0386338
46.8029	37.0605	4.95142	0.0420361
46.2478	30.8632	4.95058	0.036886
46.6062	33.7485	4.95062	0.0384717
43.5196	33.7485	4.9511	0.0384048
46.2478	30.8632	4.95058	0.036886
49.3105	30.6708	4.95059	0.0369127
46.6062	33.7485	4.95062	0.0384717
46.8798	40.196	4.95262	0.0500438
46.8029	37.0605	4.95142	0.0420361
50	40	4.95188	0.0464522
9.4375	42.5475	4.94554	0.0495848
6.24038	39.6081	4.94977	0.0436735
9.36058	39.4121	4.94023	0.0421346
9.49534	33.1714	4.94585	0.0370126
9.80591	30.6708	4.94823	0.0363405
12.8447	30.6708	4.94458	0.0358429
12.5385	36.8646	4.90447	0.0376739
9.42308	36.8646	4.94	0.0393487
12.7112	34.5275	4.92643	0.0364098
6.43263	33.3637	4.94984	0.0376879
6.70061	30.2933	4.9501	0.0365113
9.49534	33.1714	4.94585	0.0370126
4.19365	27.6505	4.95027	0.0361359
4.97956	24.7062	4.95006	0.0359846
7.16598	27.6505	4.95021	0.0361161
1.22131	27.6505	4.95029	0.0361638
4.19365	27.6505	4.95027	0.0361359
3.69504	30.482	4.95037	0.0366783
1.22131	27.6505	4.95029	0.0361638
1.8995	24.7062	4.95013	0.0359776
4.19365	27.6505	4.95027	0.0361359
6.70061	30.2933	4.9501	0.0365113
4.19365	27.6505	4.95027	0.0361359
7.16598	27.6505	4.95021	0.0361161
18.7229	29.5382	4.94476	0.0355441
22.0277	27.6505	4.9499	0.0358068
21.9612	30.6708	4.94455	0.0356715
14.3285	32.6965	4.92857	0.0355582
12.8447	30.6708	4.94458	0.0358429
15.7173	29.727	4.94559	0.0356272
18.6835	32.5943	4.92463	0.0350303
14.3285	32.6965	4.92857	0.0355582
15.7173	29.727	4.94559	0.0356272
15.8122	34.7222	4.88379	0.0351528
12.7112	34.5275	4.92643	0.0364098
14.3285	32.6965	4.92857	0.0355582
18.0114	27.1222	4.94908	0.0357836
20.3799	24.7062	4.9504	0.0358697
22.0277	27.6505	4.9499	0.0358068
3.40821	33.9432	4.95053	0.0383843
3.69504	30.482	4.95037	0.0366783
6.43263	33.3637	4.94984	0.0376879
46.8077	43.1354	4.95281	0.0544871
43.6923	43.1354	4.94554	0.0530656
46.8798	40.196	4.95262	0.0500438
49.9231	43.1354	4.95311	0.0545488
46.8077	43.1354	4.95281	0.0544871
46.8798	40.196	4.95262	0.0500438
46.2717	49.3292	4.9536	0.0587628
49.3105	49.3292	4.95373	0.0588998
48.7787	52.3495	4.94809	0.0585699
43.5196	46.2515	4.9412	0.0554229
46.2717	49.3292	4.9536	0.0587628
43.2329	49.3292	4.94347	0.0568824
40.433	46.2515	4.8624	0.0465034
43.5196	46.2515	4.9412	0.0554229
43.2329	49.3292	4.94347	0.0568824
43.6923	43.1354	4.94554	0.0530656
46.8077	43.1354	4.95281	0.0544871
46.6062	46.2515	4.95387	0.0577464
46.6062	46.2515	4.95387	0.0577464
49.3105	49.3292	4.95373	0.0588998
46.2717	49.3292	4.9536	0.0587628
6.30769	36.8646	4.949	0.0404353
6.43263	33.3637	4.94984	0.0376879
9.42308	36.8646	4.94	0.0393487
3.125	40	4.95163	0.0448097
3.19231	36.8646	4.95082	0.0410162
6.24038	39.6081	4.94977	0.0436735
3.40821	33.9432	4.95053	0.0383843
6.43263	33.3637	4.94984	0.0376879
6.30769	36.8646	4.949	0.0404353
0.307214	33.7485	4.95059	0.0384779
3.40821	33.9432	4.95053	0.0383843
3.19231	36.8646	4.95082	0.0410162
0.307214	33.7485	4.95059	0.0384779
0.68946	30.6708	4.95039	0.0368417
3.40821	33.9432	4.95053	0.0383843
