25	30.6708	4.95509	0.031341
28.0866	33.7485	4.9549	0.0329951
25.1151	35.3065	4.94116	0.0328641
22.0277	27.6505	4.95585	0.0310421
25	30.6708	4.95509	0.031341
21.9612	30.6708	4.94985	0.0309758
26.689	28.4246	4.95699	0.0313018
28.269	26.3624	4.95716	0.0311888
30.7452	28.7831	4.95711	0.0315063
25	30.6708	4.95509	0.031341
26.689	28.4246	4.95699	0.0313018
28.0388	30.6708	4.9567	0.0317861
25.3391	26.1784	4.95707	0.0311425
28.269	26.3624	4.95716	0.0311888
26.689	28.4246	4.95699	0.0313018
28.0388	30.6708	4.9567	0.0317861
30.9343	31.8249	4.95734	0.0323583
28.0866	33.7485	4.9549	0.0329951
22.0277	27.6505	4.95585	0.0310421
26.689	28.4246	4.95699	0.0313018
25	30.6708	4.95509	0.031341
30.7452	28.7831	4.95711	0.0315063
30.9343	31.8249	4.95734	0.0323583
28.0388	30.6708	4.9567	0.0317861
26.689	28.4246	4.95699	0.0313018
30.7452	28.7831	4.95711	0.0315063
28.0388	30.6708	4.9567	0.0317861
26.1025	23.1861	4.95679	0.031105
28.269	26.3624	4.95716	0.0311888
25.3391	26.1784	4.95707	0.0311425
29.1279	22.9961	4.95647	0.0311119
32.7002	24.7062	4.95674	0.0311707
31.199	26.5464	4.95702	0.031253
33.7508	28.5944	4.95692	0.0314803
30.9343	31.8249	4.95734	0.0323583
30.7452	28.7831	4.95711	0.0315063
31.199	26.5464	4.95702	0.031253
33.7508	28.5944	4.95692	0.0314803
30.7452	28.7831	4.95711	0.0315063
37.4615	36.8646	4.94854	0.0347568
40.433	33.7485	4.95772	0.0334387
40.5769	36.8646	4.95524	0.0355188
36.8893	27.6505	4.95679	0.0314046
37.1553	30.6708	4.95693	0.0320324
33.7508	28.5944	4.95692	0.0314803
36.8893	27.6505	4.95679	0.0314046
39.9888	27.0985	4.95687	0.0313743
40.1941	30.6708	4.95712	0.032007
34.9506	19.1174	4.95093	0.0311403
34.4425	16.5071	4.93654	0.0311515
37.1403	16.5071	4.93737	0.031145
38.204	22.4261	4.956	0.0311668
35.1786	22.6161	4.95598	0.0311517
36.4861	20.8667	4.95409	0.0311482
32.1075	19.1174	4.95108	0.031134
28.8815	20.2128	4.95401	0.031117
28.6113	17.5512	4.9456	0.0311451
38.204	22.4261	4.956	0.0311668
35.7802	24.7062	4.95662	0.0311939
35.1786	22.6161	4.95598	0.0311517
32.7002	24.7062	4.95674	0.0311707
29.1279	22.9961	4.95647	0.0311119
32.4267	21.856	4.95562	0.0311297
45.7731	27.8393	4.95706	0.0314807
48.1005	24.7062	4.95708	0.0312654
48.7787	27.6505	4.95709	0.0314923
38.8603	24.7062	4.95667	0.0312214
41.2294	22.236	4.95611	0.0311726
41.9404	24.7062	4.95682	0.0312364
38.8603	24.7062	4.95667	0.0312214
38.204	22.4261	4.956	0.0311668
41.2294	22.236	4.95611	0.0311726
36.8893	27.6505	4.95679	0.0314046
38.8603	24.7062	4.95667	0.0312214
39.9888	27.0985	4.95687	0.0313743
35.7802	24.7062	4.95662	0.0311939
38.204	22.4261	4.956	0.0311668
38.8603	24.7062	4.95667	0.0312214
33.7508	28.5944	4.95692	0.0314803
35.7802	24.7062	4.95662	0.0311939
36.8893	27.6505	4.95679	0.0314046
32.7002	24.7062	4.95674	0.0311707
32.4267	21.856	4.95562	0.0311297
35.1786	22.6161	4.95598	0.0311517
37.7936	19.1174	4.95109	0.0311418
40.5089	19.4825	4.953	0.0311416
38.204	22.4261	4.956	0.0311668
35.1786	22.6161	4.95598	0.0311517
32.4267	21.856	4.95562	0.0311297
34.9506	19.1174	4.95093	0.0311403
36.4861	20.8667	4.95409	0.0311482
35.1786	22.6161	4.95598	0.0311517
34.9506	19.1174	4.95093	0.0311403
37.7936	19.1174	4.95109	0.0311418
36.4861	20.8667	4.95409	0.0311482
34.9506	19.1174	4.95093	0.0311403
37.7936	19.1174	4.95109	0.0311418
38.204	22.4261	4.956	0.0311668
36.4861	20.8667	4.95409	0.0311482
35.7802	24.7062	4.95662	0.0311939
32.7002	24.7062	4.95674	0.0311707
35.1786	22.6161	4.95598	0.0311517
33.7508	28.5944	4.95692	0.0314803
32.7002	24.7062	4.95674	0.0311707
35.7802	24.7062	4.95662	0.0311939
29.1279	22.9961	4.95647	0.0311119
28.8815	20.2128	4.95401	0.031117
32.4267	21.856	4.95562	0.0311297
37.1403	16.5071	4.93737	0.031145
39.693	16.8552	4.94237	0.0311349
37.7936	19.1174	4.95109	0.0311418
44.3095	21.856	4.95632	0.0311713
47.2801	21.856	4.95667	0.0311818
45.0204	24.7062	4.95699	0.031247
41.9404	24.7062	4.95682	0.0312364
44.3095	21.856	4.95632	0.0311713
45.0204	24.7062	4.95699	0.031247
43.4158	19.3	4.95389	0.0311379
46.3226	19.1174	4.95497	0.0311412
44.3095	21.856	4.95632	0.0311713
28.0866	46.2515	4.93766	0.0464058
31.0776	49.3292	4.87011	0.0432188
28.0388	49.3292	4.93969	0.0492061
25	43.1354	4.93409	0.0441984
28.1154	43.1354	4.93772	0.043566
28.0866	46.2515	4.93766	0.0464058
37.3464	46.2515	0.174766	0.0326782
34.3294	43.6157	0.201849	0.0328327
37.5191	43.9145	0.203461	0.0333345
31.226	43.7137	4.86633	0.0383628
31.2788	41.1758	4.90983	0.0387219
34.3294	43.6157	0.201849	0.0328327
28.0866	46.2515	4.93766	0.0464058
31.226	43.7137	4.86633	0.0383628
31.1732	46.2515	4.84653	0.039171
28.1154	43.1354	4.93772	0.043566
31.2788	41.1758	4.90983	0.0387219
31.226	43.7137	4.86633	0.0383628
25	46.2515	4.94743	0.0480642
25	43.1354	4.93409	0.0441984
28.0866	46.2515	4.93766	0.0464058
28.125	40	4.94229	0.0379445
31.2788	41.1758	4.90983	0.0387219
28.1154	43.1354	4.93772	0.043566
28.125	40	4.94229	0.0379445
31.2019	38.0404	4.94946	0.035985
31.2788	41.1758	4.90983	0.0387219
31.2019	38.0404	4.94946	0.035985
34.399	40.9798	4.86241	0.0352635
31.2788	41.1758	4.90983	0.0387219
28.0866	33.7485	4.9549	0.0329951
31.3171	35.696	4.95637	0.0346414
28.1154	36.8646	4.95234	0.0352545
37.3464	33.7485	4.95645	0.0332973
37.1553	30.6708	4.95693	0.0320324
40.1941	30.6708	4.95712	0.032007
37.4615	36.8646	4.94854	0.0347568
37.3464	33.7485	4.95645	0.0332973
40.433	33.7485	4.95772	0.0334387
37.4615	36.8646	4.94854	0.0347568
34.3221	37.8444	4.93887	0.0347833
34.1596	34.7385	4.9558	0.0338812
34.1596	34.7385	4.9558	0.0338812
33.997	31.6326	4.9571	0.0323629
37.3464	33.7485	4.95645	0.0332973
31.3171	35.696	4.95637	0.0346414
34.1596	34.7385	4.9558	0.0338812
34.3221	37.8444	4.93887	0.0347833
31.3171	35.696	4.95637	0.0346414
30.9343	31.8249	4.95734	0.0323583
34.1596	34.7385	4.9558	0.0338812
30.9343	31.8249	4.95734	0.0323583
33.7508	28.5944	4.95692	0.0314803
33.997	31.6326	4.9571	0.0323629
40.433	46.2515	4.8637	0.0402039
40.6201	43.7197	4.88944	0.0401299
43.5196	46.2515	4.94139	0.0469339
46.8029	37.0605	4.95798	0.0366362
43.75	40	4.95376	0.0392625
43.6827	37.2565	4.9578	0.0365186
49.9231	43.1354	4.95912	0.0469583
46.8798	40.196	4.95858	0.0432499
50	40	4.95829	0.0402569
49.9231	43.1354	4.95912	0.0469583
49.6928	46.2515	4.95998	0.0497571
46.8077	43.1354	4.95788	0.0467509
25	43.1354	4.93409	0.0441984
25	46.2515	4.94743	0.0480642
22.0142	44.8882	4.91418	0.0452067
25	40	4.91757	0.0372241
25	43.1354	4.93409	0.0441984
21.9183	41.7637	4.85519	0.0403423
25	40	4.91757	0.0372241
28.1154	43.1354	4.93772	0.043566
25	43.1354	4.93409	0.0441984
31.2019	38.0404	4.94946	0.035985
28.125	40	4.94229	0.0379445
28.1154	36.8646	4.95234	0.0352545
28.1154	43.1354	4.93772	0.043566
31.226	43.7137	4.86633	0.0383628
28.0866	46.2515	4.93766	0.0464058
18.7981	41.9596	0.224465	0.039741
15.601	39.0202	0.2291	0.0337682
18.7212	38.8242	0.204922	0.0334104
17.2523	44.2036	4.87905	0.0425518
15.7402	46.2515	4.93266	0.0456955
14.1489	44.3016	4.92439	0.043221
18.7981	41.9596	0.224465	0.039741
17.2523	44.2036	4.87905	0.0425518
15.6779	42.1556	4.85542	0.0395902
18.8268	46.2515	4.9216	0.0459902
15.7402	46.2515	4.93266	0.0456955
17.2523	44.2036	4.87905	0.0425518
21.7462	47.598	4.94421	0.0487248
18.8268	46.2515	4.9216	0.0459902
22.0142	44.8882	4.91418	0.0452067
21.7462	47.598	4.94421	0.0487248
18.9224	49.3292	4.94886	0.0497842
18.8268	46.2515	4.9216	0.0459902
15.6779	42.1556	4.85542	0.0395902
15.601	39.0202	0.2291	0.0337682
18.7981	41.9596	0.224465	0.039741
18.8268	46.2515	4.9216	0.0459902
17.2523	44.2036	4.87905	0.0425518
18.7981	41.9596	0.224465	0.039741
14.1489	44.3016	4.92439	0.043221
12.6536	46.2515	4.94757	0.0461804
12.5577	42.3516	4.92573	0.0412058
15.6779	42.1556	4.85542	0.0395902
14.1489	44.3016	4.92439	0.043221
12.5577	42.3516	4.92573	0.0412058
15.7402	46.2515	4.93266	0.0456955
12.6536	46.2515	4.94757	0.0461804
14.1489	44.3016	4.92439	0.043221
12.7118	50.0843	4.95379	0.050291
12.6536	46.2515	4.94757	0.0461804
15.8835	49.3292	4.95144	0.0494317
16.083	52.3495	4.9477	0.0535011
13.1107	52.3495	4.94744	0.053151
15.8835	49.3292	4.95144	0.0494317
18.9224	49.3292	4.94886	0.0497842
16.083	52.3495	4.9477	0.0535011
15.8835	49.3292	4.95144	0.0494317
13.1107	52.3495	4.94744	0.053151
10.6893	54.7417	4.92408	0.0580732
10.1383	52.3495	4.94722	0.0527919
15.8835	49.3292	4.95144	0.0494317
13.1107	52.3495	4.94744	0.053151
12.7118	50.0843	4.95379	0.050291
14.2198	55.2938	4.91513	0.0630017
10.6893	54.7417	4.92408	0.0580732
13.1107	52.3495	4.94744	0.053151
17.0264	56.2438	4.90036	0.071111
14.2198	55.2938	4.91513	0.0630017
16.083	52.3495	4.9477	0.0535011
17.2808	59.0298	4.78529	0.113863
17.5295	61.7527	0.108286	4.72739
15.0494	60.8826	0.127988	0.140246
17.0264	56.2438	4.90036	0.071111
17.2808	59.0298	4.78529	0.113863
14.6026	58.144	4.81719	0.0907018
17.0264	56.2438	4.90036	0.071111
20.0518	56.4338	4.90128	0.0737753
17.2808	59.0298	4.78529	0.113863
7.16598	52.3495	4.94789	0.0527902
8.05963	55.2938	4.91446	0.0586837
4.92487	55.4838	4.91671	0.0598874
6.76709	49.3292	4.95724	0.0502182
7.16598	52.3495	4.94789	0.0527902
4.19365	52.3495	4.94953	0.0531129
10.1383	52.3495	4.94722	0.0527919
8.05963	55.2938	4.91446	0.0586837
7.16598	52.3495	4.94789	0.0527902
12.7118	50.0843	4.95379	0.050291
10.1383	52.3495	4.94722	0.0527919
9.70619	49.8955	4.9552	0.0502624
10.6893	54.7417	4.92408	0.0580732
8.05963	55.2938	4.91446	0.0586837
10.1383	52.3495	4.94722	0.0527919
12.5577	42.3516	4.92573	0.0412058
12.5	40	4.90388	0.0357002
15.6779	42.1556	4.85542	0.0395902
9.61019	45.6673	4.95646	0.0464964
12.5577	42.3516	4.92573	0.0412058
12.6536	46.2515	4.94757	0.0461804
9.61019	45.6673	4.95646	0.0464964
6.31731	42.7435	4.95728	0.0441372
9.4375	42.5475	4.95048	0.0428373
-3.10282e-28	40	4.95812	0.0416802
3.125	40	4.95775	0.0388091
3.19711	42.9395	4.95861	0.0448115
-3.10282e-28	40	4.95812	0.0416802
0.076922	36.8646	4.9574	0.035915
3.125	40	4.95775	0.0388091
46.6062	46.2515	4.95823	0.0494219
46.2717	49.3292	4.95765	0.0504924
43.5196	46.2515	4.94139	0.0469339
43.6923	43.1354	4.94737	0.0451101
46.6062	46.2515	4.95823	0.0494219
43.5196	46.2515	4.94139	0.0469339
49.6928	46.2515	4.95998	0.0497571
49.3105	49.3292	4.95929	0.050844
46.6062	46.2515	4.95823	0.0494219
27.4517	72.3429	0.0339021	0.051932
25	72.3429	0.0339362	0.0563565
27.0253	69.2491	0.0366895	0.0853569
24.7277	76.3587	0.0334	0.03809
26.189	74.0896	0.0335632	0.0443305
27.2733	75.6267	0.0334133	0.0389222
24.7277	76.3587	0.0334	0.03809
23.0327	74.7883	0.0334869	0.0441797
26.189	74.0896	0.0335632	0.0443305
23.0339	79.8761	0.0333349	0.0350043
21.0802	79.5053	0.0333178	0.0356967
21.6827	78.0345	0.0333289	0.0362058
19.6759	76.9444	0.0333247	0.0375695
19.0551	74.0896	0.0335399	0.047015
21.4331	74.0896	0.0335605	0.048544
19.6759	76.9444	0.0333247	0.0375695
18.1801	75.6267	0.0333904	0.0407471
19.0551	74.0896	0.0335399	0.047015
21.4331	74.0896	0.0335605	0.048544
23.0327	74.7883	0.0334869	0.0441797
22.3999	76.5052	0.0333768	0.038714
20.0967	72.3429	0.0339582	0.0640787
22.5483	72.3429	0.0339878	0.0653362
21.4331	74.0896	0.0335605	0.048544
16.5527	73.7985	0.0335625	0.0453125
17.645	72.3429	0.0339253	0.0546431
19.0551	74.0896	0.0335399	0.047015
19.193	69.7412	0.0359048	0.100619
21.8037	69.5771	0.0363874	4.58643
20.0967	72.3429	0.0339582	0.0640787
21.8037	69.5771	0.0363874	4.58643
23.75	70.3973	0.0352149	0.0855464
22.5483	72.3429	0.0339878	0.0653362
21.6827	78.0345	0.0333289	0.0362058
19.1515	78.89	0.0333031	0.0362603
19.6759	76.9444	0.0333247	0.0375695
22.3999	76.5052	0.0333768	0.038714
19.6759	76.9444	0.0333247	0.0375695
21.4331	74.0896	0.0335605	0.048544
22.3999	76.5052	0.0333768	0.038714
21.6827	78.0345	0.0333289	0.0362058
19.6759	76.9444	0.0333247	0.0375695
24.7277	76.3587	0.0334	0.03809
22.3999	76.5052	0.0333768	0.038714
23.0327	74.7883	0.0334869	0.0441797
24.7277	76.3587	0.0334	0.03809
24.9752	78.5234	0.0333635	0.0352551
23.329	78.279	0.0333463	0.0357184
21.0802	79.5053	0.0333178	0.0356967
19.1515	78.89	0.0333031	0.0362603
21.6827	78.0345	0.0333289	0.0362058
25	80	0.0333593	0.0348545
24.9752	78.5234	0.0333635	0.0352551
26.9661	79.8761	0.0333746	0.0346189
19.6759	76.9444	0.0333247	0.0375695
19.1515	78.89	0.0333031	0.0362603
17.2597	78.0345	0.0333094	0.0374062
28.3173	78.0345	0.0333698	0.0353416
30.8485	78.89	0.0332931	0.0354798
28.9198	79.5053	0.0333619	0.035001
18.1801	75.6267	0.0333904	0.0407471
19.6759	76.9444	0.0333247	0.0375695
17.2597	78.0345	0.0333094	0.0374062
15.4167	76.9444	0.0333275	0.0387269
18.1801	75.6267	0.0333904	0.0407471
17.2597	78.0345	0.0333094	0.0374062
23.0327	74.7883	0.0334869	0.0441797
21.4331	74.0896	0.0335605	0.048544
22.5483	72.3429	0.0339878	0.0653362
15.4167	76.9444	0.0333275	0.0387269
16.5527	73.7985	0.0335625	0.0453125
18.1801	75.6267	0.0333904	0.0407471
20.0967	72.3429	0.0339582	0.0640787
21.8037	69.5771	0.0363874	4.58643
22.5483	72.3429	0.0339878	0.0653362
15.4167	76.9444	0.0333275	0.0387269
13.6336	75.6267	0.0334663	0.0426863
14.237	73.9441	0.0335649	0.0450427
29.3832	76.0659	0.0333117	0.0376066
31.3712	77.1646	0.0332155	0.0365077
28.3173	78.0345	0.0333698	0.0353416
31.9219	75.3472	0.0330559	0.0388275
34.5833	76.9444	0.0328454	0.0376723
32.7403	78.0345	0.0331481	0.036287
14.237	73.9441	0.0335649	0.0450427
11.9212	74.0896	0.0336837	0.0478719
12.7417	72.3429	0.0339441	0.0522386
11.25	70.3973	0.0350851	0.0687104
12.7417	72.3429	0.0339441	0.0522386
10.2901	72.3429	0.0343021	0.0587587
17.645	72.3429	0.0339253	0.0546431
16.5527	73.7985	0.0335625	0.0453125
15.1934	72.3429	0.0339048	0.051273
19.193	69.7412	0.0359048	0.100619
17.645	72.3429	0.0339253	0.0546431
16.25	70.3973	0.0350414	0.0683373
20.0967	72.3429	0.0339582	0.0640787
19.0551	74.0896	0.0335399	0.047015
17.645	72.3429	0.0339253	0.0546431
19.0551	74.0896	0.0335399	0.047015
18.1801	75.6267	0.0333904	0.0407471
16.5527	73.7985	0.0335625	0.0453125
32.355	72.3429	0.0329427	0.0484122
34.8066	72.3429	0.032358	0.0479791
33.3228	74.0896	0.0327266	0.0415581
33.3228	74.0896	0.0327266	0.0415581
31.9219	75.3472	0.0330559	0.0388275
30.9297	73.8705	0.0331489	0.0427018
35.7008	74.0896	0.0323028	0.0426867
33.3228	74.0896	0.0327266	0.0415581
34.8066	72.3429	0.032358	0.0479791
34.5833	76.9444	0.0328454	0.0376723
31.9219	75.3472	0.0330559	0.0388275
33.3228	74.0896	0.0327266	0.0415581
17.4187	68.2649	0.0383818	0.116545
14.8915	68.2649	0.0376795	0.100892
16.8484	65.9587	0.0466365	4.69404
16.25	70.3973	0.0350414	0.0683373
13.513	70.6966	0.0346578	0.0618888
14.8915	68.2649	0.0376795	0.100892
19.193	69.7412	0.0359048	0.100619
16.25	70.3973	0.0350414	0.0683373
17.4187	68.2649	0.0383818	0.116545
15.1934	72.3429	0.0339048	0.051273
14.237	73.9441	0.0335649	0.0450427
12.7417	72.3429	0.0339441	0.0522386
17.645	72.3429	0.0339253	0.0546431
15.1934	72.3429	0.0339048	0.051273
16.25	70.3973	0.0350414	0.0683373
16.5527	73.7985	0.0335625	0.0453125
14.237	73.9441	0.0335649	0.0450427
15.1934	72.3429	0.0339048	0.051273
12.7417	72.3429	0.0339441	0.0522386
11.25	70.3973	0.0350851	0.0687104
13.513	70.6966	0.0346578	0.0618888
8.74996	70.3973	0.0359517	0.0814803
11.25	70.3973	0.0350851	0.0687104
10.2901	72.3429	0.0343021	0.0587587
12.3644	68.2649	0.0377303	0.0995107
13.846	66.4528	0.0430833	0.130491
14.8915	68.2649	0.0376795	0.100892
9.83732	68.2649	0.0382564	0.113485
12.3644	68.2649	0.0377303	0.0995107
11.25	70.3973	0.0350851	0.0687104
9.83732	68.2649	0.0382564	0.113485
11.414	65.9587	0.0461903	4.62862
12.3644	68.2649	0.0377303	0.0995107
9.83732	68.2649	0.0382564	0.113485
11.25	70.3973	0.0350851	0.0687104
8.74996	70.3973	0.0359517	0.0814803
14.8915	68.2649	0.0376795	0.100892
13.513	70.6966	0.0346578	0.0618888
12.3644	68.2649	0.0377303	0.0995107
15.1934	72.3429	0.0339048	0.051273
12.7417	72.3429	0.0339441	0.0522386
13.513	70.6966	0.0346578	0.0618888
15.4167	76.9444	0.0333275	0.0387269
14.237	73.9441	0.0335649	0.0450427
16.5527	73.7985	0.0335625	0.0453125
13.6336	75.6267	0.0334663	0.0426863
11.9212	74.0896	0.0336837	0.0478719
14.237	73.9441	0.0335649	0.0450427
11.9212	74.0896	0.0336837	0.0478719
10.2901	72.3429	0.0343021	0.0587587
12.7417	72.3429	0.0339441	0.0522386
7.31021	68.2649	0.0403311	0.135949
9.83732	68.2649	0.0382564	0.113485
8.74996	70.3973	0.0359517	0.0814803
7.31021	68.2649	0.0403311	0.135949
5.97957	65.9587	0.0526364	4.70009
8.78345	65.7825	0.0484623	4.6751
28.3173	78.0345	0.0333698	0.0353416
28.9198	79.5053	0.0333619	0.035001
26.9661	79.8761	0.0333746	0.0346189
31.3712	77.1646	0.0332155	0.0365077
31.9219	75.3472	0.0330559	0.0388275
32.7403	78.0345	0.0331481	0.036287
28.3173	78.0345	0.0333698	0.0353416
31.3712	77.1646	0.0332155	0.0365077
30.8485	78.89	0.0332931	0.0354798
29.3832	76.0659	0.0333117	0.0376066
31.9219	75.3472	0.0330559	0.0388275
31.3712	77.1646	0.0332155	0.0365077
27.2733	75.6267	0.0334133	0.0389222
29.3832	76.0659	0.0333117	0.0376066
28.3173	78.0345	0.0333698	0.0353416
28.5669	74.0896	0.0334295	0.0427873
29.9033	72.3429	0.0335509	0.0506008
30.9297	73.8705	0.0331489	0.0427018
27.2733	75.6267	0.0334133	0.0389222
28.5669	74.0896	0.0334295	0.0427873
29.3832	76.0659	0.0333117	0.0376066
27.2733	75.6267	0.0334133	0.0389222
26.189	74.0896	0.0335632	0.0443305
28.5669	74.0896	0.0334295	0.0427873
26.2439	77.6257	0.033381	0.0358863
27.2733	75.6267	0.0334133	0.0389222
28.3173	78.0345	0.0333698	0.0353416
26.9661	79.8761	0.0333746	0.0346189
26.2439	77.6257	0.033381	0.0358863
28.3173	78.0345	0.0333698	0.0353416
24.9752	78.5234	0.0333635	0.0352551
24.7277	76.3587	0.0334	0.03809
26.2439	77.6257	0.033381	0.0358863
31.0572	70.658	0.0340287	0.063303
30.0542	68.2649	0.0393157	4.52628
32.2468	68.921	0.0354693	0.0794018
31.0572	70.658	0.0340287	0.063303
28.75	70.3973	0.0350596	0.0693895
30.0542	68.2649	0.0393157	4.52628
33.75	70.3973	0.0332353	0.0585376
31.0572	70.658	0.0340287	0.063303
32.2468	68.921	0.0354693	0.0794018
29.9033	72.3429	0.0335509	0.0506008
28.75	70.3973	0.0350596	0.0693895
31.0572	70.658	0.0340287	0.063303
30.9297	73.8705	0.0331489	0.0427018
29.9033	72.3429	0.0335509	0.0506008
32.355	72.3429	0.0329427	0.0484122
33.3228	74.0896	0.0327266	0.0415581
30.9297	73.8705	0.0331489	0.0427018
32.355	72.3429	0.0329427	0.0484122
31.9219	75.3472	0.0330559	0.0388275
29.3832	76.0659	0.0333117	0.0376066
30.9297	73.8705	0.0331489	0.0427018
28.5669	74.0896	0.0334295	0.0427873
26.189	74.0896	0.0335632	0.0443305
27.4517	72.3429	0.0339021	0.051932
25	72.3429	0.0339362	0.0563565
23.75	70.3973	0.0352149	0.0855464
27.0253	69.2491	0.0366895	0.0853569
26.9661	79.8761	0.0333746	0.0346189
24.9752	78.5234	0.0333635	0.0352551
26.2439	77.6257	0.033381	0.0358863
27.0253	69.2491	0.0366895	0.0853569
24.3347	67.1118	0.0422438	0.142153
26.9568	67.2765	0.0421234	0.112472
19.0904	66.7823	0.0436166	0.164564
19.999	65.078	0.0564616	4.74279
22.2828	65.9587	0.0477761	4.71451
17.4187	68.2649	0.0383818	0.116545
19.0904	66.7823	0.0436166	0.164564
19.193	69.7412	0.0359048	0.100619
17.4187	68.2649	0.0383818	0.116545
16.8484	65.9587	0.0466365	4.69404
19.0904	66.7823	0.0436166	0.164564
27.4517	72.3429	0.0339021	0.051932
28.75	70.3973	0.0350596	0.0693895
29.9033	72.3429	0.0335509	0.0506008
28.5669	74.0896	0.0334295	0.0427873
27.4517	72.3429	0.0339021	0.051932
29.9033	72.3429	0.0335509	0.0506008
26.189	74.0896	0.0335632	0.0443305
25	72.3429	0.0339362	0.0563565
27.4517	72.3429	0.0339021	0.051932
27.0253	69.2491	0.0366895	0.0853569
26.9568	67.2765	0.0421234	0.112472
30.0542	68.2649	0.0393157	4.52628
27.4517	72.3429	0.0339021	0.051932
27.0253	69.2491	0.0366895	0.0853569
28.75	70.3973	0.0350596	0.0693895
23.75	70.3973	0.0352149	0.0855464
24.3347	67.1118	0.0422438	0.142153
27.0253	69.2491	0.0366895	0.0853569
34.8233	67.7707	0.0372067	0.0851604
37.4455	67.9354	0.03653	4.50814
36.25	70.3973	0.032601	0.0630378
31.3712	77.1646	0.0332155	0.0365077
32.7403	78.0345	0.0331481	0.036287
30.8485	78.89	0.0332931	0.0354798
23.329	78.279	0.0333463	0.0357184
22.3999	76.5052	0.0333768	0.038714
24.7277	76.3587	0.0334	0.03809
23.0339	79.8761	0.0333349	0.0350043
23.329	78.279	0.0333463	0.0357184
24.9752	78.5234	0.0333635	0.0352551
21.6827	78.0345	0.0333289	0.0362058
22.3999	76.5052	0.0333768	0.038714
23.329	78.279	0.0333463	0.0357184
21.6827	78.0345	0.0333289	0.0362058
23.329	78.279	0.0333463	0.0357184
23.0339	79.8761	0.0333349	0.0350043
25	72.3429	0.0339362	0.0563565
26.189	74.0896	0.0335632	0.0443305
23.0327	74.7883	0.0334869	0.0441797
27.2733	75.6267	0.0334133	0.0389222
26.2439	77.6257	0.033381	0.0358863
24.7277	76.3587	0.0334	0.03809
25	80	0.0333593	0.0348545
23.0339	79.8761	0.0333349	0.0350043
24.9752	78.5234	0.0333635	0.0352551
35.7008	74.0896	0.0323028	0.0426867
37.3942	72.4885	0.0319291	0.0496094
38.0788	74.0896	0.0319486	0.0458889
34.5833	76.9444	0.0328454	0.0376723
35.7008	74.0896	0.0323028	0.0426867
36.3664	75.6267	0.0323927	0.0411148
34.8066	72.3429	0.032358	0.0479791
37.3942	72.4885	0.0319291	0.0496094
35.7008	74.0896	0.0323028	0.0426867
34.5833	76.9444	0.0328454	0.0376723
33.3228	74.0896	0.0327266	0.0415581
35.7008	74.0896	0.0323028	0.0426867
33.75	70.3973	0.0332353	0.0585376
36.25	70.3973	0.032601	0.0630378
34.8066	72.3429	0.032358	0.0479791
35.7008	74.0896	0.0323028	0.0426867
38.0788	74.0896	0.0319486	0.0458889
36.3664	75.6267	0.0323927	0.0411148
37.4455	67.9354	0.03653	4.50814
38.75	70.3973	0.0324742	0.0634812
36.25	70.3973	0.032601	0.0630378
39.7099	72.3429	0.0319191	0.0538817
38.0788	74.0896	0.0319486	0.0458889
37.3942	72.4885	0.0319291	0.0496094
36.25	70.3973	0.032601	0.0630378
33.75	70.3973	0.0332353	0.0585376
34.8233	67.7707	0.0372067	0.0851604
37.3942	72.4885	0.0319291	0.0496094
36.25	70.3973	0.032601	0.0630378
38.75	70.3973	0.0324742	0.0634812
37.3942	72.4885	0.0319291	0.0496094
34.8066	72.3429	0.032358	0.0479791
36.25	70.3973	0.032601	0.0630378
15.5575	63.4929	0.0726769	4.69373
16.8484	65.9587	0.0466365	4.69404
13.846	66.4528	0.0430833	0.130491
11.414	65.9587	0.0461903	4.62862
12.8597	63.4929	0.0667102	0.143327
13.846	66.4528	0.0430833	0.130491
15.0494	60.8826	0.127988	0.140246
17.5295	61.7527	0.108286	4.72739
15.5575	63.4929	0.0726769	4.69373
15.5575	63.4929	0.0726769	4.69373
17.5295	61.7527	0.108286	4.72739
16.8484	65.9587	0.0466365	4.69404
11.6319	58.144	4.81058	0.0855013
14.6026	58.144	4.81719	0.0907018
12.3979	60.3349	0.141377	4.58404
14.6026	58.144	4.81719	0.0907018
17.2808	59.0298	4.78529	0.113863
15.0494	60.8826	0.127988	0.140246
20.363	63.0044	0.0863721	4.74493
19.999	65.078	0.0564616	4.74279
17.5295	61.7527	0.108286	4.72739
20.7355	60.8826	0.1453	4.68138
20.363	63.0044	0.0863721	4.74493
17.5295	61.7527	0.108286	4.72739
20.7355	60.8826	0.1453	4.68138
23.0704	62.1007	0.106664	0.169582
20.363	63.0044	0.0863721	4.74493
11.6319	58.144	4.81058	0.0855013
10.6893	54.7417	4.92408	0.0580732
14.2198	55.2938	4.91513	0.0630017
9.3634	60.8826	0.124586	0.112236
11.6319	58.144	4.81058	0.0855013
12.3979	60.3349	0.141377	4.58404
8.66123	58.144	4.8152	0.0745611
10.6893	54.7417	4.92408	0.0580732
11.6319	58.144	4.81058	0.0855013
5.69054	58.144	4.82698	0.0780398
4.92487	55.4838	4.91671	0.0598874
8.05963	55.2938	4.91446	0.0586837
6.4478	61.0566	0.126579	0.114278
5.69054	58.144	4.82698	0.0780398
8.66123	58.144	4.8152	0.0745611
3.67737	60.8826	0.154593	4.48415
2.71986	58.144	4.85663	0.0770665
5.69054	58.144	4.82698	0.0780398
36.8222	64.0212	0.0612898	0.090814
39.6261	63.8451	0.0621751	0.0831861
38.586	65.9587	0.0436461	0.0857275
34.1521	62.7968	0.089857	4.58188
36.8222	64.0212	0.0612898	0.090814
35.8688	65.9587	0.0441077	0.115021
37.7936	60.8826	0.131893	0.0710802
39.6261	63.8451	0.0621751	0.0831861
36.8222	64.0212	0.0612898	0.090814
38.75	70.3973	0.0324742	0.0634812
40.1627	68.2649	0.0355726	0.0756599
41.25	70.3973	0.033206	0.0609186
37.3942	72.4885	0.0319291	0.0496094
38.75	70.3973	0.0324742	0.0634812
39.7099	72.3429	0.0319191	0.0538817
37.4455	67.9354	0.03653	4.50814
40.1627	68.2649	0.0355726	0.0756599
38.75	70.3973	0.0324742	0.0634812
35.8688	65.9587	0.0441077	0.115021
37.4455	67.9354	0.03653	4.50814
34.8233	67.7707	0.0372067	0.0851604
33.1516	65.9587	0.046777	0.104436
35.8688	65.9587	0.0441077	0.115021
34.8233	67.7707	0.0372067	0.0851604
34.1521	62.7968	0.089857	4.58188
34.9506	60.8826	0.139598	0.0955702
36.8222	64.0212	0.0612898	0.090814
38.75	70.3973	0.0324742	0.0634812
41.25	70.3973	0.033206	0.0609186
39.7099	72.3429	0.0319191	0.0538817
38.586	65.9587	0.0436461	0.0857275
40.1627	68.2649	0.0355726	0.0756599
37.4455	67.9354	0.03653	4.50814
41.3032	65.9587	0.0448264	0.0831104
42.6898	68.2649	0.0377675	0.0725284
40.1627	68.2649	0.0355726	0.0756599
41.3032	65.9587	0.0448264	0.0831104
44.0204	65.9587	0.0498997	0.0902948
42.6898	68.2649	0.0377675	0.0725284
41.25	70.3973	0.033206	0.0609186
40.1627	68.2649	0.0355726	0.0756599
42.6898	68.2649	0.0377675	0.0725284
36.8222	64.0212	0.0612898	0.090814
34.9506	60.8826	0.139598	0.0955702
37.7936	60.8826	0.131893	0.0710802
2.71986	58.144	4.85663	0.0770665
4.92487	55.4838	4.91671	0.0598874
5.69054	58.144	4.82698	0.0780398
8.66123	58.144	4.8152	0.0745611
8.05963	55.2938	4.91446	0.0586837
10.6893	54.7417	4.92408	0.0580732
6.4478	61.0566	0.126579	0.114278
8.66123	58.144	4.8152	0.0745611
9.3634	60.8826	0.124586	0.112236
5.69054	58.144	4.82698	0.0780398
8.05963	55.2938	4.91446	0.0586837
8.66123	58.144	4.8152	0.0745611
1.8995	55.2938	4.92918	0.0582387
4.92487	55.4838	4.91671	0.0598874
2.71986	58.144	4.85663	0.0770665
1.8995	55.2938	4.92918	0.0582387
1.22131	52.3495	4.95168	0.0529488
4.19365	52.3495	4.94953	0.0531129
41.3032	65.9587	0.0448264	0.0831104
42.43	63.669	0.0678196	4.5261
44.0204	65.9587	0.0498997	0.0902948
43.4796	60.8826	0.131504	0.0739028
40.6366	60.8826	0.129379	0.0729252
41.4664	58.5091	4.8051	0.0583751
45.2338	63.4929	0.0796057	0.088956
43.4796	60.8826	0.131504	0.0739028
46.3226	60.8826	0.150356	0.0654024
42.43	63.669	0.0678196	4.5261
40.6366	60.8826	0.129379	0.0729252
43.4796	60.8826	0.131504	0.0739028
41.4664	58.5091	4.8051	0.0583751
38.5596	58.6917	4.79837	0.0599318
38.8603	55.2938	4.91416	0.0513023
46.3226	60.8826	0.150356	0.0654024
43.4796	60.8826	0.131504	0.0739028
44.2548	57.954	4.83553	0.0558133
42.43	63.669	0.0678196	4.5261
39.6261	63.8451	0.0621751	0.0831861
40.6366	60.8826	0.129379	0.0729252
44.0204	65.9587	0.0498997	0.0902948
42.43	63.669	0.0678196	4.5261
45.2338	63.4929	0.0796057	0.088956
36.8222	64.0212	0.0612898	0.090814
38.586	65.9587	0.0436461	0.0857275
35.8688	65.9587	0.0441077	0.115021
40.6366	60.8826	0.129379	0.0729252
39.6261	63.8451	0.0621751	0.0831861
37.7936	60.8826	0.131893	0.0710802
38.586	65.9587	0.0436461	0.0857275
37.4455	67.9354	0.03653	4.50814
35.8688	65.9587	0.0441077	0.115021
41.3032	65.9587	0.0448264	0.0831104
38.586	65.9587	0.0436461	0.0857275
39.6261	63.8451	0.0621751	0.0831861
41.3032	65.9587	0.0448264	0.0831104
40.1627	68.2649	0.0355726	0.0756599
38.586	65.9587	0.0436461	0.0857275
32.2468	68.921	0.0354693	0.0794018
30.4344	65.9587	0.0493148	0.11232
33.1516	65.9587	0.046777	0.104436
21.7285	50.6506	4.95164	0.0519578
19.0553	52.3495	4.94877	0.0536953
18.9224	49.3292	4.94886	0.0497842
21.7462	47.598	4.94421	0.0487248
21.7285	50.6506	4.95164	0.0519578
18.9224	49.3292	4.94886	0.0497842
15.8835	49.3292	4.95144	0.0494317
18.8268	46.2515	4.9216	0.0459902
18.9224	49.3292	4.94886	0.0497842
22.0142	44.8882	4.91418	0.0452067
25	46.2515	4.94743	0.0480642
21.7462	47.598	4.94421	0.0487248
24.7341	50.8393	4.95348	0.0525353
22.4091	54.0056	4.93883	0.0586526
21.7285	50.6506	4.95164	0.0519578
26.54	55.2938	4.92236	0.0636972
26.4853	58.144	4.84605	0.0911177
23.0771	56.6239	4.8997	0.0730771
30.9447	52.3495	4.91112	0.0491224
29.6201	55.2938	4.9234	0.0588745
27.9723	52.3495	4.94181	0.0529562
26.4853	58.144	4.84605	0.0911177
26.4215	60.8826	0.148412	4.62857
24.0253	59.6046	4.76686	0.116873
29.6201	55.2938	4.9234	0.0588745
26.4853	58.144	4.84605	0.0911177
26.54	55.2938	4.92236	0.0636972
29.6201	55.2938	4.9234	0.0588745
32.1533	57.1939	4.87749	0.0678158
29.839	59.2394	4.80234	0.0959796
17.2808	59.0298	4.78529	0.113863
20.7355	60.8826	0.1453	4.68138
17.5295	61.7527	0.108286	4.72739
23.0771	56.6239	4.8997	0.0730771
20.3936	58.6582	4.81333	0.110517
20.0518	56.4338	4.90128	0.0737753
23.0771	56.6239	4.8997	0.0730771
24.0253	59.6046	4.76686	0.116873
20.3936	58.6582	4.81333	0.110517
39.0601	41.8598	4.87371	0.0372149
37.5191	43.9145	0.203461	0.0333345
37.5	40	4.90769	0.0345598
40.625	40	4.93481	0.0369503
39.0601	41.8598	4.87371	0.0372149
37.5	40	4.90769	0.0345598
40.6201	43.7197	4.88944	0.0401299
37.5191	43.9145	0.203461	0.0333345
39.0601	41.8598	4.87371	0.0372149
40.6201	43.7197	4.88944	0.0401299
40.433	46.2515	4.8637	0.0402039
37.5191	43.9145	0.203461	0.0333345
43.6923	43.1354	4.94737	0.0451101
40.6201	43.7197	4.88944	0.0401299
40.625	40	4.93481	0.0369503
43.6923	43.1354	4.94737	0.0451101
43.5196	46.2515	4.94139	0.0469339
40.6201	43.7197	4.88944	0.0401299
46.8798	40.196	4.95858	0.0432499
43.6923	43.1354	4.94737	0.0451101
43.75	40	4.95376	0.0392625
46.8077	43.1354	4.95788	0.0467509
49.6928	46.2515	4.95998	0.0497571
46.6062	46.2515	4.95823	0.0494219
37.5	40	4.90769	0.0345598
34.399	40.9798	4.86241	0.0352635
34.3221	37.8444	4.93887	0.0347833
40.5769	36.8646	4.95524	0.0355188
37.5	40	4.90769	0.0345598
37.4615	36.8646	4.94854	0.0347568
40.625	40	4.93481	0.0369503
40.6201	43.7197	4.88944	0.0401299
39.0601	41.8598	4.87371	0.0372149
40.1224	48.7521	4.87306	0.0418193
37.0597	48.5598	0.196959	0.035606
37.3464	46.2515	0.174766	0.0326782
34.1165	49.3292	0.203895	0.0369751
36.7564	51.5944	4.85682	0.0421512
34.1289	53.2696	4.88854	0.047494
31.1732	46.2515	4.84653	0.039171
34.1165	49.3292	0.203895	0.0369751
31.0776	49.3292	4.87011	0.0432188
28.0866	46.2515	4.93766	0.0464058
31.1732	46.2515	4.84653	0.039171
31.0776	49.3292	4.87011	0.0432188
34.3294	43.6157	0.201849	0.0328327
34.399	40.9798	4.86241	0.0352635
37.5191	43.9145	0.203461	0.0333345
31.1732	46.2515	4.84653	0.039171
31.226	43.7137	4.86633	0.0383628
34.2598	46.2515	0.171244	0.0323148
31.2788	41.1758	4.90983	0.0387219
34.399	40.9798	4.86241	0.0352635
34.3294	43.6157	0.201849	0.0328327
37.0597	48.5598	0.196959	0.035606
36.7564	51.5944	4.85682	0.0421512
34.1165	49.3292	0.203895	0.0369751
37.3464	46.2515	0.174766	0.0326782
37.0597	48.5598	0.196959	0.035606
34.2598	46.2515	0.171244	0.0323148
40.433	46.2515	4.8637	0.0402039
37.3464	46.2515	0.174766	0.0326782
37.5191	43.9145	0.203461	0.0333345
40.433	46.2515	4.8637	0.0402039
40.1224	48.7521	4.87306	0.0418193
37.3464	46.2515	0.174766	0.0326782
40.1224	48.7521	4.87306	0.0418193
36.7564	51.5944	4.85682	0.0421512
37.0597	48.5598	0.196959	0.035606
46.2717	49.3292	4.95765	0.0504924
45.8487	52.5335	4.95062	0.0508863
43.2329	49.3292	4.94329	0.0483233
34.1165	49.3292	0.203895	0.0369751
34.1289	53.2696	4.88854	0.047494
30.9447	52.3495	4.91112	0.0491224
7.464	63.4929	0.0712022	4.6496
8.78345	65.7825	0.0484623	4.6751
5.97957	65.9587	0.0526364	4.70009
6.4478	61.0566	0.126579	0.114278
7.464	63.4929	0.0712022	4.6496
4.76616	63.4929	0.0808824	0.146502
6.4478	61.0566	0.126579	0.114278
9.3634	60.8826	0.124586	0.112236
7.464	63.4929	0.0712022	4.6496
12.3979	60.3349	0.141377	4.58404
10.1618	63.4929	0.0659747	0.143905
9.3634	60.8826	0.124586	0.112236
12.8597	63.4929	0.0667102	0.143327
15.0494	60.8826	0.127988	0.140246
15.5575	63.4929	0.0726769	4.69373
12.3644	68.2649	0.0377303	0.0995107
13.513	70.6966	0.0346578	0.0618888
11.25	70.3973	0.0350851	0.0687104
16.8484	65.9587	0.0466365	4.69404
14.8915	68.2649	0.0376795	0.100892
13.846	66.4528	0.0430833	0.130491
17.4187	68.2649	0.0383818	0.116545
16.25	70.3973	0.0350414	0.0683373
14.8915	68.2649	0.0376795	0.100892
19.999	65.078	0.0564616	4.74279
19.0904	66.7823	0.0436166	0.164564
16.8484	65.9587	0.0466365	4.69404
19.193	69.7412	0.0359048	0.100619
20.0967	72.3429	0.0339582	0.0640787
17.645	72.3429	0.0339253	0.0546431
9.83732	68.2649	0.0382564	0.113485
8.78345	65.7825	0.0484623	4.6751
11.414	65.9587	0.0461903	4.62862
6.48041	46.2515	4.95856	0.0477084
3.72828	49.3292	4.95766	0.0505554
3.39381	46.2515	4.9592	0.048109
9.70619	49.8955	4.9552	0.0502624
6.76709	49.3292	4.95724	0.0502182
9.61019	45.6673	4.95646	0.0464964
9.70619	49.8955	4.9552	0.0502624
10.1383	52.3495	4.94722	0.0527919
7.16598	52.3495	4.94789	0.0527902
13.1107	52.3495	4.94744	0.053151
10.1383	52.3495	4.94722	0.0527919
12.7118	50.0843	4.95379	0.050291
4.19365	52.3495	4.94953	0.0531129
3.72828	49.3292	4.95766	0.0505554
6.76709	49.3292	4.95724	0.0502182
1.8995	55.2938	4.92918	0.0582387
4.19365	52.3495	4.94953	0.0531129
4.92487	55.4838	4.91671	0.0598874
1.22131	52.3495	4.95168	0.0529488
3.72828	49.3292	4.95766	0.0505554
4.19365	52.3495	4.94953	0.0531129
22.2828	65.9587	0.0477761	4.71451
23.0704	62.1007	0.106664	0.169582
25.6067	64.7258	0.0591094	4.67112
21.8037	69.5771	0.0363874	4.58643
22.2828	65.9587	0.0477761	4.71451
24.3347	67.1118	0.0422438	0.142153
19.999	65.078	0.0564616	4.74279
20.363	63.0044	0.0863721	4.74493
22.2828	65.9587	0.0477761	4.71451
21.8037	69.5771	0.0363874	4.58643
19.193	69.7412	0.0359048	0.100619
19.0904	66.7823	0.0436166	0.164564
16.8484	65.9587	0.0466365	4.69404
17.5295	61.7527	0.108286	4.72739
19.999	65.078	0.0564616	4.74279
22.2828	65.9587	0.0477761	4.71451
20.363	63.0044	0.0863721	4.74493
23.0704	62.1007	0.106664	0.169582
16.25	70.3973	0.0350414	0.0683373
15.1934	72.3429	0.0339048	0.051273
13.513	70.6966	0.0346578	0.0618888
7.464	63.4929	0.0712022	4.6496
10.1618	63.4929	0.0659747	0.143905
8.78345	65.7825	0.0484623	4.6751
20.0518	56.4338	4.90128	0.0737753
19.0553	52.3495	4.94877	0.0536953
22.4091	54.0056	4.93883	0.0586526
20.3936	58.6582	4.81333	0.110517
17.2808	59.0298	4.78529	0.113863
20.0518	56.4338	4.90128	0.0737753
15.0494	60.8826	0.127988	0.140246
12.8597	63.4929	0.0667102	0.143327
12.3979	60.3349	0.141377	4.58404
9.3634	60.8826	0.124586	0.112236
8.66123	58.144	4.8152	0.0745611
11.6319	58.144	4.81058	0.0855013
9.70619	49.8955	4.9552	0.0502624
7.16598	52.3495	4.94789	0.0527902
6.76709	49.3292	4.95724	0.0502182
13.1107	52.3495	4.94744	0.053151
16.083	52.3495	4.9477	0.0535011
14.2198	55.2938	4.91513	0.0630017
23.0771	56.6239	4.8997	0.0730771
22.4091	54.0056	4.93883	0.0586526
26.54	55.2938	4.92236	0.0636972
20.7355	60.8826	0.1453	4.68138
20.3936	58.6582	4.81333	0.110517
24.0253	59.6046	4.76686	0.116873
20.0518	56.4338	4.90128	0.0737753
22.4091	54.0056	4.93883	0.0586526
23.0771	56.6239	4.8997	0.0730771
20.7355	60.8826	0.1453	4.68138
17.2808	59.0298	4.78529	0.113863
20.3936	58.6582	4.81333	0.110517
17.0264	56.2438	4.90036	0.071111
19.0553	52.3495	4.94877	0.0536953
20.0518	56.4338	4.90128	0.0737753
6.30769	36.8646	4.9549	0.0351422
6.24038	39.6081	4.95553	0.0378393
3.19231	36.8646	4.95709	0.0356568
9.49534	33.1714	4.95154	0.0321899
9.42308	36.8646	4.94525	0.0342215
6.43263	33.3637	4.95598	0.0327996
6.31731	42.7435	4.95728	0.0441372
3.125	40	4.95775	0.0388091
6.24038	39.6081	4.95553	0.0378393
9.4375	42.5475	4.95048	0.0428373
12.5	40	4.90388	0.0357002
12.5577	42.3516	4.92573	0.0412058
6.30769	36.8646	4.9549	0.0351422
9.36058	39.4121	4.94526	0.0365565
6.24038	39.6081	4.95553	0.0378393
9.42308	36.8646	4.94525	0.0342215
12.5385	36.8646	4.90897	0.0329171
9.36058	39.4121	4.94526	0.0365565
15.8122	34.7222	4.88814	0.030832
12.5385	36.8646	4.90897	0.0329171
12.7112	34.5275	4.93126	0.0317538
9.4375	42.5475	4.95048	0.0428373
12.5577	42.3516	4.92573	0.0412058
9.61019	45.6673	4.95646	0.0464964
6.24038	39.6081	4.95553	0.0378393
9.4375	42.5475	4.95048	0.0428373
6.31731	42.7435	4.95728	0.0441372
9.36058	39.4121	4.94526	0.0365565
12.5	40	4.90388	0.0357002
9.4375	42.5475	4.95048	0.0428373
15.601	39.0202	0.2291	0.0337682
12.5	40	4.90388	0.0357002
12.5385	36.8646	4.90897	0.0329171
15.601	39.0202	0.2291	0.0337682
15.6779	42.1556	4.85542	0.0395902
12.5	40	4.90388	0.0357002
6.48041	46.2515	4.95856	0.0477084
6.76709	49.3292	4.95724	0.0502182
3.72828	49.3292	4.95766	0.0505554
6.31731	42.7435	4.95728	0.0441372
6.48041	46.2515	4.95856	0.0477084
3.39381	46.2515	4.9592	0.048109
9.61019	45.6673	4.95646	0.0464964
6.76709	49.3292	4.95724	0.0502182
6.48041	46.2515	4.95856	0.0477084
12.7118	50.0843	4.95379	0.050291
9.70619	49.8955	4.9552	0.0502624
11.1799	48.0735	4.95427	0.0484017
3.19711	42.9395	4.95861	0.0448115
0.076922	43.1354	4.95879	0.0450263
-3.10282e-28	40	4.95812	0.0416802
6.31731	42.7435	4.95728	0.0441372
3.19711	42.9395	4.95861	0.0448115
3.125	40	4.95775	0.0388091
3.39381	46.2515	4.9592	0.048109
0.307214	46.2515	4.95922	0.04808
3.19711	42.9395	4.95861	0.0448115
45.0204	55.2938	4.92169	0.0517823
41.9404	55.2938	4.9176	0.0518339
42.834	52.3495	4.94625	0.0499929
48.1005	55.2938	4.9299	0.051311
45.0204	55.2938	4.92169	0.0517823
45.8487	52.5335	4.95062	0.0508863
44.2548	57.954	4.83553	0.0558133
41.9404	55.2938	4.9176	0.0518339
45.0204	55.2938	4.92169	0.0517823
46.3226	60.8826	0.150356	0.0654024
44.2548	57.954	4.83553	0.0558133
47.2801	58.144	4.8552	0.0542686
41.4664	58.5091	4.8051	0.0583751
38.8603	55.2938	4.91416	0.0513023
41.9404	55.2938	4.9176	0.0518339
27.9723	52.3495	4.94181	0.0529562
28.0388	49.3292	4.93969	0.0492061
30.9447	52.3495	4.91112	0.0491224
19.0553	52.3495	4.94877	0.0536953
21.7285	50.6506	4.95164	0.0519578
22.4091	54.0056	4.93883	0.0586526
25	46.2515	4.94743	0.0480642
28.0388	49.3292	4.93969	0.0492061
24.7341	50.8393	4.95348	0.0525353
21.7285	50.6506	4.95164	0.0519578
21.7462	47.598	4.94421	0.0487248
24.7341	50.8393	4.95348	0.0525353
15.6779	42.1556	4.85542	0.0395902
17.2523	44.2036	4.87905	0.0425518
14.1489	44.3016	4.92439	0.043221
22.0142	44.8882	4.91418	0.0452067
18.8268	46.2515	4.9216	0.0459902
18.7981	41.9596	0.224465	0.039741
15.8835	49.3292	4.95144	0.0494317
12.6536	46.2515	4.94757	0.0461804
15.7402	46.2515	4.93266	0.0456955
17.0264	56.2438	4.90036	0.071111
16.083	52.3495	4.9477	0.0535011
19.0553	52.3495	4.94877	0.0536953
4.19365	52.3495	4.94953	0.0531129
7.16598	52.3495	4.94789	0.0527902
4.92487	55.4838	4.91671	0.0598874
21.9183	41.7637	4.85519	0.0403423
25	43.1354	4.93409	0.0441984
22.0142	44.8882	4.91418	0.0452067
28.125	40	4.94229	0.0379445
25	40	4.91757	0.0372241
28.1154	36.8646	4.95234	0.0352545
25	30.6708	4.95509	0.031341
25.1151	35.3065	4.94116	0.0328641
21.9134	33.7485	4.93071	0.0311904
31.3171	35.696	4.95637	0.0346414
28.0866	33.7485	4.9549	0.0329951
30.9343	31.8249	4.95734	0.0323583
28.1154	36.8646	4.95234	0.0352545
25.1151	35.3065	4.94116	0.0328641
28.0866	33.7485	4.9549	0.0329951
33.7508	28.5944	4.95692	0.0314803
37.1553	30.6708	4.95693	0.0320324
33.997	31.6326	4.9571	0.0323629
21.8846	36.8646	4.8728	0.0323868
21.9014	39.3141	0.256618	0.0351847
18.7212	38.8242	0.204922	0.0334104
28.1154	36.8646	4.95234	0.0352545
25	40	4.91757	0.0372241
25.1151	35.3065	4.94116	0.0328641
28.125	40	4.94229	0.0379445
28.1154	43.1354	4.93772	0.043566
25	40	4.91757	0.0372241
3.72828	49.3292	4.95766	0.0505554
1.22131	52.3495	4.95168	0.0529488
0.68946	49.3292	4.95802	0.0505056
0.307214	46.2515	4.95922	0.04808
3.39381	46.2515	4.9592	0.048109
0.68946	49.3292	4.95802	0.0505056
11.1799	48.0735	4.95427	0.0484017
12.6536	46.2515	4.94757	0.0461804
12.7118	50.0843	4.95379	0.050291
9.61019	45.6673	4.95646	0.0464964
11.1799	48.0735	4.95427	0.0484017
9.70619	49.8955	4.9552	0.0502624
9.61019	45.6673	4.95646	0.0464964
12.6536	46.2515	4.94757	0.0461804
11.1799	48.0735	4.95427	0.0484017
31.3817	62.6228	0.0996693	4.62807
34.1521	62.7968	0.089857	4.58188
33.1516	65.9587	0.046777	0.104436
26.9568	67.2765	0.0421234	0.112472
28.4106	64.5496	0.0643094	0.129328
30.4344	65.9587	0.0493148	0.11232
29.839	59.2394	4.80234	0.0959796
33.5519	59.0383	4.80089	0.0803087
31.3817	62.6228	0.0996693	4.62807
28.6113	62.4488	0.103867	0.136957
29.839	59.2394	4.80234	0.0959796
31.3817	62.6228	0.0996693	4.62807
20.7355	60.8826	0.1453	4.68138
24.0253	59.6046	4.76686	0.116873
23.0704	62.1007	0.106664	0.169582
25.6371	53.0665	4.94311	0.0561493
24.7341	50.8393	4.95348	0.0525353
27.9723	52.3495	4.94181	0.0529562
22.4091	54.0056	4.93883	0.0586526
25.6371	53.0665	4.94311	0.0561493
26.54	55.2938	4.92236	0.0636972
22.4091	54.0056	4.93883	0.0586526
24.7341	50.8393	4.95348	0.0525353
25.6371	53.0665	4.94311	0.0561493
29.6201	55.2938	4.9234	0.0588745
31.8745	54.2817	4.9134	0.053524
32.1533	57.1939	4.87749	0.0678158
34.2598	46.2515	0.171244	0.0323148
34.3294	43.6157	0.201849	0.0328327
37.3464	46.2515	0.174766	0.0326782
31.1732	46.2515	4.84653	0.039171
34.2598	46.2515	0.171244	0.0323148
34.1165	49.3292	0.203895	0.0369751
34.2598	46.2515	0.171244	0.0323148
31.226	43.7137	4.86633	0.0383628
34.3294	43.6157	0.201849	0.0328327
35.6527	58.8743	4.79185	0.0695621
38.5596	58.6917	4.79837	0.0599318
37.7936	60.8826	0.131893	0.0710802
33.5519	59.0383	4.80089	0.0803087
35.6527	58.8743	4.79185	0.0695621
34.9506	60.8826	0.139598	0.0955702
35.7802	55.2938	4.90953	0.0519239
38.5596	58.6917	4.79837	0.0599318
35.6527	58.8743	4.79185	0.0695621
42.43	63.669	0.0678196	4.5261
43.4796	60.8826	0.131504	0.0739028
45.2338	63.4929	0.0796057	0.088956
6.48041	46.2515	4.95856	0.0477084
6.31731	42.7435	4.95728	0.0441372
9.61019	45.6673	4.95646	0.0464964
0.68946	49.3292	4.95802	0.0505056
3.39381	46.2515	4.9592	0.048109
3.72828	49.3292	4.95766	0.0505554
0.307214	46.2515	4.95922	0.04808
0.076922	43.1354	4.95879	0.0450263
3.19711	42.9395	4.95861	0.0448115
6.4478	61.0566	0.126579	0.114278
4.76616	63.4929	0.0808824	0.146502
3.67737	60.8826	0.154593	4.48415
5.69054	58.144	4.82698	0.0780398
6.4478	61.0566	0.126579	0.114278
3.67737	60.8826	0.154593	4.48415
9.3634	60.8826	0.124586	0.112236
10.1618	63.4929	0.0659747	0.143905
7.464	63.4929	0.0712022	4.6496
14.6026	58.144	4.81719	0.0907018
15.0494	60.8826	0.127988	0.140246
12.3979	60.3349	0.141377	4.58404
14.2198	55.2938	4.91513	0.0630017
14.6026	58.144	4.81719	0.0907018
11.6319	58.144	4.81058	0.0855013
14.2198	55.2938	4.91513	0.0630017
17.0264	56.2438	4.90036	0.071111
14.6026	58.144	4.81719	0.0907018
7.464	63.4929	0.0712022	4.6496
5.97957	65.9587	0.0526364	4.70009
4.76616	63.4929	0.0808824	0.146502
11.414	65.9587	0.0461903	4.62862
13.846	66.4528	0.0430833	0.130491
12.3644	68.2649	0.0377303	0.0995107
10.1618	63.4929	0.0659747	0.143905
11.414	65.9587	0.0461903	4.62862
8.78345	65.7825	0.0484623	4.6751
12.8597	63.4929	0.0667102	0.143327
15.5575	63.4929	0.0726769	4.69373
13.846	66.4528	0.0430833	0.130491
10.1618	63.4929	0.0659747	0.143905
12.8597	63.4929	0.0667102	0.143327
11.414	65.9587	0.0461903	4.62862
10.1618	63.4929	0.0659747	0.143905
12.3979	60.3349	0.141377	4.58404
12.8597	63.4929	0.0667102	0.143327
9.83732	68.2649	0.0382564	0.113485
7.31021	68.2649	0.0403311	0.135949
8.78345	65.7825	0.0484623	4.6751
31.8745	54.2817	4.9134	0.053524
30.9447	52.3495	4.91112	0.0491224
34.1289	53.2696	4.88854	0.047494
35.7802	55.2938	4.90953	0.0519239
31.8745	54.2817	4.9134	0.053524
34.1289	53.2696	4.88854	0.047494
29.6201	55.2938	4.9234	0.0588745
30.9447	52.3495	4.91112	0.0491224
31.8745	54.2817	4.9134	0.053524
29.839	59.2394	4.80234	0.0959796
26.4853	58.144	4.84605	0.0911177
29.6201	55.2938	4.9234	0.0588745
33.5519	59.0383	4.80089	0.0803087
29.839	59.2394	4.80234	0.0959796
32.1533	57.1939	4.87749	0.0678158
35.7802	55.2938	4.90953	0.0519239
33.5519	59.0383	4.80089	0.0803087
32.1533	57.1939	4.87749	0.0678158
34.9506	60.8826	0.139598	0.0955702
31.3817	62.6228	0.0996693	4.62807
33.5519	59.0383	4.80089	0.0803087
28.6113	62.4488	0.103867	0.136957
26.4215	60.8826	0.148412	4.62857
29.839	59.2394	4.80234	0.0959796
26.54	55.2938	4.92236	0.0636972
27.9723	52.3495	4.94181	0.0529562
29.6201	55.2938	4.9234	0.0588745
25.6371	53.0665	4.94311	0.0561493
27.9723	52.3495	4.94181	0.0529562
26.54	55.2938	4.92236	0.0636972
24.7341	50.8393	4.95348	0.0525353
28.0388	49.3292	4.93969	0.0492061
27.9723	52.3495	4.94181	0.0529562
22.5483	72.3429	0.0339878	0.0653362
23.75	70.3973	0.0352149	0.0855464
25	72.3429	0.0339362	0.0563565
23.0327	74.7883	0.0334869	0.0441797
22.5483	72.3429	0.0339878	0.0653362
25	72.3429	0.0339362	0.0563565
21.4331	74.0896	0.0335605	0.048544
19.0551	74.0896	0.0335399	0.047015
20.0967	72.3429	0.0339582	0.0640787
19.0904	66.7823	0.0436166	0.164564
22.2828	65.9587	0.0477761	4.71451
21.8037	69.5771	0.0363874	4.58643
24.3347	67.1118	0.0422438	0.142153
23.75	70.3973	0.0352149	0.0855464
21.8037	69.5771	0.0363874	4.58643
27.0253	69.2491	0.0366895	0.0853569
30.0542	68.2649	0.0393157	4.52628
28.75	70.3973	0.0350596	0.0693895
25.6067	64.7258	0.0591094	4.67112
28.4106	64.5496	0.0643094	0.129328
26.9568	67.2765	0.0421234	0.112472
22.2828	65.9587	0.0477761	4.71451
25.6067	64.7258	0.0591094	4.67112
24.3347	67.1118	0.0422438	0.142153
23.0704	62.1007	0.106664	0.169582
26.4215	60.8826	0.148412	4.62857
25.6067	64.7258	0.0591094	4.67112
30.4344	65.9587	0.0493148	0.11232
30.0542	68.2649	0.0393157	4.52628
26.9568	67.2765	0.0421234	0.112472
28.6113	62.4488	0.103867	0.136957
31.3817	62.6228	0.0996693	4.62807
28.4106	64.5496	0.0643094	0.129328
25.6067	64.7258	0.0591094	4.67112
28.6113	62.4488	0.103867	0.136957
28.4106	64.5496	0.0643094	0.129328
26.4215	60.8826	0.148412	4.62857
26.4853	58.144	4.84605	0.0911177
29.839	59.2394	4.80234	0.0959796
25.6067	64.7258	0.0591094	4.67112
26.4215	60.8826	0.148412	4.62857
28.6113	62.4488	0.103867	0.136957
24.0253	59.6046	4.76686	0.116873
23.0771	56.6239	4.8997	0.0730771
26.4853	58.144	4.84605	0.0911177
33.1516	65.9587	0.046777	0.104436
34.8233	67.7707	0.0372067	0.0851604
32.2468	68.921	0.0354693	0.0794018
31.3817	62.6228	0.0996693	4.62807
33.1516	65.9587	0.046777	0.104436
30.4344	65.9587	0.0493148	0.11232
34.1521	62.7968	0.089857	4.58188
35.8688	65.9587	0.0441077	0.115021
33.1516	65.9587	0.046777	0.104436
32.355	72.3429	0.0329427	0.0484122
33.75	70.3973	0.0332353	0.0585376
34.8066	72.3429	0.032358	0.0479791
29.3832	76.0659	0.0333117	0.0376066
28.5669	74.0896	0.0334295	0.0427873
30.9297	73.8705	0.0331489	0.0427018
31.0572	70.658	0.0340287	0.063303
33.75	70.3973	0.0332353	0.0585376
32.355	72.3429	0.0329427	0.0484122
29.9033	72.3429	0.0335509	0.0506008
31.0572	70.658	0.0340287	0.063303
32.355	72.3429	0.0329427	0.0484122
28.4106	64.5496	0.0643094	0.129328
31.3817	62.6228	0.0996693	4.62807
30.4344	65.9587	0.0493148	0.11232
24.3347	67.1118	0.0422438	0.142153
25.6067	64.7258	0.0591094	4.67112
26.9568	67.2765	0.0421234	0.112472
23.0704	62.1007	0.106664	0.169582
24.0253	59.6046	4.76686	0.116873
26.4215	60.8826	0.148412	4.62857
30.4344	65.9587	0.0493148	0.11232
32.2468	68.921	0.0354693	0.0794018
30.0542	68.2649	0.0393157	4.52628
34.8233	67.7707	0.0372067	0.0851604
33.75	70.3973	0.0332353	0.0585376
32.2468	68.921	0.0354693	0.0794018
43.2329	49.3292	4.94329	0.0483233
40.1224	48.7521	4.87306	0.0418193
40.433	46.2515	4.8637	0.0402039
48.7787	52.3495	4.95327	0.050903
45.8487	52.5335	4.95062	0.0508863
46.2717	49.3292	4.95765	0.0504924
42.834	52.3495	4.94625	0.0499929
40.1224	48.7521	4.87306	0.0418193
43.2329	49.3292	4.94329	0.0483233
47.2801	58.144	4.8552	0.0542686
44.2548	57.954	4.83553	0.0558133
45.0204	55.2938	4.92169	0.0517823
38.8603	55.2938	4.91416	0.0513023
35.7802	55.2938	4.90953	0.0519239
36.7564	51.5944	4.85682	0.0421512
41.9404	55.2938	4.9176	0.0518339
38.8603	55.2938	4.91416	0.0513023
39.8617	52.3495	4.91994	0.0471515
45.8487	52.5335	4.95062	0.0508863
45.0204	55.2938	4.92169	0.0517823
42.834	52.3495	4.94625	0.0499929
41.4664	58.5091	4.8051	0.0583751
40.6366	60.8826	0.129379	0.0729252
38.5596	58.6917	4.79837	0.0599318
44.2548	57.954	4.83553	0.0558133
41.4664	58.5091	4.8051	0.0583751
41.9404	55.2938	4.9176	0.0518339
44.2548	57.954	4.83553	0.0558133
43.4796	60.8826	0.131504	0.0739028
41.4664	58.5091	4.8051	0.0583751
38.5596	58.6917	4.79837	0.0599318
35.7802	55.2938	4.90953	0.0519239
38.8603	55.2938	4.91416	0.0513023
6.31731	42.7435	4.95728	0.0441372
3.39381	46.2515	4.9592	0.048109
3.19711	42.9395	4.95861	0.0448115
45.8487	52.5335	4.95062	0.0508863
42.834	52.3495	4.94625	0.0499929
43.2329	49.3292	4.94329	0.0483233
48.1005	55.2938	4.9299	0.051311
45.8487	52.5335	4.95062	0.0508863
48.7787	52.3495	4.95327	0.050903
48.1005	55.2938	4.9299	0.051311
47.2801	58.144	4.8552	0.0542686
45.0204	55.2938	4.92169	0.0517823
37.7936	60.8826	0.131893	0.0710802
38.5596	58.6917	4.79837	0.0599318
40.6366	60.8826	0.129379	0.0729252
41.3032	65.9587	0.0448264	0.0831104
39.6261	63.8451	0.0621751	0.0831861
42.43	63.669	0.0678196	4.5261
34.9506	60.8826	0.139598	0.0955702
35.6527	58.8743	4.79185	0.0695621
37.7936	60.8826	0.131893	0.0710802
31.3817	62.6228	0.0996693	4.62807
34.9506	60.8826	0.139598	0.0955702
34.1521	62.7968	0.089857	4.58188
33.5519	59.0383	4.80089	0.0803087
35.7802	55.2938	4.90953	0.0519239
35.6527	58.8743	4.79185	0.0695621
31.8745	54.2817	4.9134	0.053524
35.7802	55.2938	4.90953	0.0519239
32.1533	57.1939	4.87749	0.0678158
34.1165	49.3292	0.203895	0.0369751
34.2598	46.2515	0.171244	0.0323148
37.0597	48.5598	0.196959	0.035606
28.0388	49.3292	4.93969	0.0492061
31.0776	49.3292	4.87011	0.0432188
30.9447	52.3495	4.91112	0.0491224
28.0388	49.3292	4.93969	0.0492061
25	46.2515	4.94743	0.0480642
28.0866	46.2515	4.93766	0.0464058
36.7564	51.5944	4.85682	0.0421512
35.7802	55.2938	4.90953	0.0519239
34.1289	53.2696	4.88854	0.047494
30.9447	52.3495	4.91112	0.0491224
31.0776	49.3292	4.87011	0.0432188
34.1165	49.3292	0.203895	0.0369751
40.1224	48.7521	4.87306	0.0418193
42.834	52.3495	4.94625	0.0499929
39.8617	52.3495	4.91994	0.0471515
39.8617	52.3495	4.91994	0.0471515
42.834	52.3495	4.94625	0.0499929
41.9404	55.2938	4.9176	0.0518339
36.7564	51.5944	4.85682	0.0421512
39.8617	52.3495	4.91994	0.0471515
38.8603	55.2938	4.91416	0.0513023
36.7564	51.5944	4.85682	0.0421512
40.1224	48.7521	4.87306	0.0418193
39.8617	52.3495	4.91994	0.0471515
18.9224	49.3292	4.94886	0.0497842
19.0553	52.3495	4.94877	0.0536953
16.083	52.3495	4.9477	0.0535011
15.7402	46.2515	4.93266	0.0456955
18.8268	46.2515	4.9216	0.0459902
15.8835	49.3292	4.95144	0.0494317
21.7462	47.598	4.94421	0.0487248
25	46.2515	4.94743	0.0480642
24.7341	50.8393	4.95348	0.0525353
22.0108	14.5924	4.9127	0.0312395
19.9458	11.7351	4.80657	0.0313217
23.0432	12.7235	4.86237	0.0312717
17.645	7.6571	0.0985387	0.0319263
18.75	9.60269	0.150082	0.0318901
16.5822	10.0948	4.72417	0.0313668
14.9215	7.36598	0.0938752	0.0319225
17.645	7.6571	0.0985387	0.0319263
16.5822	10.0948	4.72417	0.0313668
16.6772	5.91038	0.068515	0.0319478
19.0551	5.91038	0.0656228	0.0319518
17.645	7.6571	0.0985387	0.0319263
20.0967	7.6571	0.0917804	0.0319251
21.25	9.60269	0.147913	0.0318797
18.75	9.60269	0.150082	0.0318901
17.645	7.6571	0.0985387	0.0319263
19.0551	5.91038	0.0656228	0.0319518
20.0967	7.6571	0.0917804	0.0319251
24.1844	6.78374	0.0797431	0.0319154
26.189	5.91038	0.0662816	0.0319142
25.4207	8.55507	0.127411	0.0318672
28.5669	5.91038	0.0653665	0.0318955
31.8199	4.37335	0.05122	0.0318912
31.1316	6.34706	0.0700189	0.0318677
26.9661	0.123895	0.0386151	0.0319583
28.4094	2.238	0.0419439	0.031939
26.0648	3.0556	0.0442533	0.03195
28.9198	0.494728	0.0402345	0.031942
30.8485	1.10996	0.0414672	0.031925
28.4094	2.238	0.0419439	0.031939
31.25	9.60269	0.150302	0.0317979
33.75	9.60269	0.140122	0.0317833
32.5813	11.7351	4.80679	0.0312271
30.9096	13.2177	4.87999	0.0312028
29.636	10.915	4.78143	0.0312612
32.5813	11.7351	4.80679	0.0312271
32.355	7.6571	0.0892544	0.0318347
33.4473	6.2015	0.066215	0.0318525
34.9468	7.95642	0.0946778	0.031809
29.9033	7.6571	0.0955193	0.0318517
32.355	7.6571	0.0892544	0.0318347
31.25	9.60269	0.150302	0.0317979
31.1316	6.34706	0.0700189	0.0318677
31.8199	4.37335	0.05122	0.0318912
33.4473	6.2015	0.066215	0.0318525
29.9033	7.6571	0.0955193	0.0318517
31.1316	6.34706	0.0700189	0.0318677
32.355	7.6571	0.0892544	0.0318347
29.9033	7.6571	0.0955193	0.0318517
28.5669	5.91038	0.0653665	0.0318955
31.1316	6.34706	0.0700189	0.0318677
28.5669	5.91038	0.0653665	0.0318955
29.9033	7.6571	0.0955193	0.0318517
27.8022	8.40541	0.121805	0.0318503
25	4.37335	0.0513883	0.0319441
27.2733	4.37335	0.0515665	0.0319274
26.189	5.91038	0.0662816	0.0319142
27.2733	4.37335	0.0515665	0.0319274
30.3241	3.0556	0.0444065	0.0319178
28.5669	5.91038	0.0653665	0.0318955
31.1316	6.34706	0.0700189	0.0318677
33.4473	6.2015	0.066215	0.0318525
32.355	7.6571	0.0892544	0.0318347
27.2733	4.37335	0.0515665	0.0319274
28.4094	2.238	0.0419439	0.031939
30.3241	3.0556	0.0444065	0.0319178
26.189	5.91038	0.0662816	0.0319142
27.2733	4.37335	0.0515665	0.0319274
28.5669	5.91038	0.0653665	0.0318955
26.0648	3.0556	0.0442533	0.03195
28.4094	2.238	0.0419439	0.031939
27.2733	4.37335	0.0515665	0.0319274
29.636	10.915	4.78143	0.0312612
29.9033	7.6571	0.0955193	0.0318517
31.25	9.60269	0.150302	0.0317979
25.4207	8.55507	0.127411	0.0318672
27.8022	8.40541	0.121805	0.0318503
27.0253	10.7509	4.78386	0.0312835
25.4207	8.55507	0.127411	0.0318672
26.189	5.91038	0.0662816	0.0319142
27.8022	8.40541	0.121805	0.0318503
26.3489	16.5071	4.94085	0.0311684
24.3933	15.2742	4.92601	0.0312046
25.6653	12.8882	4.87917	0.0312421
30.3241	3.0556	0.0444065	0.0319178
31.8199	4.37335	0.05122	0.0318912
28.5669	5.91038	0.0653665	0.0318955
30.8485	1.10996	0.0414672	0.031925
30.3241	3.0556	0.0444065	0.0319178
28.4094	2.238	0.0419439	0.031939
30.8485	1.10996	0.0414672	0.031925
32.7403	1.96546	0.0441908	0.0319039
30.3241	3.0556	0.0444065	0.0319178
30.3241	3.0556	0.0444065	0.0319178
32.7403	1.96546	0.0441908	0.0319039
31.8199	4.37335	0.05122	0.0318912
23.9352	3.0556	0.0443008	0.031963
25	4.37335	0.0513883	0.0319441
22.7267	4.37335	0.0509052	0.0319582
26.9661	0.123895	0.0386151	0.0319583
26.0648	3.0556	0.0442533	0.03195
25.0248	1.47661	0.040257	0.0319655
26.9661	0.123895	0.0386151	0.0319583
28.9198	0.494728	0.0402345	0.031942
28.4094	2.238	0.0419439	0.031939
25.0248	1.47661	0.040257	0.0319655
25	-8.70219e-28	0.0392258	0.031968
26.9661	0.123895	0.0386151	0.0319583
23.9352	3.0556	0.0443008	0.031963
25.0248	1.47661	0.040257	0.0319655
26.0648	3.0556	0.0442533	0.03195
23.9352	3.0556	0.0443008	0.031963
23.0835	1.59882	0.040577	0.0319745
25.0248	1.47661	0.040257	0.0319655
32.7403	1.96546	0.0441908	0.0319039
34.5833	3.0556	0.0485341	0.0318789
31.8199	4.37335	0.05122	0.0318912
25	4.37335	0.0513883	0.0319441
26.0648	3.0556	0.0442533	0.03195
27.2733	4.37335	0.0515665	0.0319274
24.1844	6.78374	0.0797431	0.0319154
25	4.37335	0.0513883	0.0319441
26.189	5.91038	0.0662816	0.0319142
23.9352	3.0556	0.0443008	0.031963
26.0648	3.0556	0.0442533	0.03195
25	4.37335	0.0513883	0.0319441
21.913	2.6468	0.0429991	0.0319746
23.9352	3.0556	0.0443008	0.031963
22.7267	4.37335	0.0509052	0.0319582
23.0835	1.59882	0.040577	0.0319745
23.0339	0.123895	0.0393079	0.031977
25.0248	1.47661	0.040257	0.0319655
21.913	2.6468	0.0429991	0.0319746
23.0835	1.59882	0.040577	0.0319745
23.9352	3.0556	0.0443008	0.031963
21.4331	5.91038	0.0648596	0.0319463
20.4534	4.37335	0.0513836	0.0319661
22.7267	4.37335	0.0509052	0.0319582
19.7476	2.78306	0.0446128	0.0319772
21.0802	0.494728	0.039915	0.0319823
21.913	2.6468	0.0429991	0.0319746
23.0339	0.123895	0.0393079	0.031977
25	-8.70219e-28	0.0392258	0.031968
25.0248	1.47661	0.040257	0.0319655
33.4473	6.2015	0.066215	0.0318525
34.5833	3.0556	0.0485341	0.0318789
35.7008	5.91038	0.0675583	0.0318351
36.3664	4.37335	0.061519	0.0318448
35.7008	5.91038	0.0675583	0.0318351
34.5833	3.0556	0.0485341	0.0318789
23.5785	19.1174	4.95248	0.0311463
26.3489	16.5071	4.94085	0.0311684
26.4215	19.1174	4.95191	0.0311316
23.0771	23.3761	4.95677	0.0311097
25.3391	26.1784	4.95707	0.0311425
22.0277	27.6505	4.95585	0.0310421
29.636	10.915	4.78143	0.0312612
27.8022	8.40541	0.121805	0.0318503
29.9033	7.6571	0.0955193	0.0318517
29.636	10.915	4.78143	0.0312612
27.0253	10.7509	4.78386	0.0312835
27.8022	8.40541	0.121805	0.0318503
32.5813	11.7351	4.80679	0.0312271
29.636	10.915	4.78143	0.0312612
31.25	9.60269	0.150302	0.0317979
28.2875	13.053	4.88415	0.031219
27.0253	10.7509	4.78386	0.0312835
29.636	10.915	4.78143	0.0312612
23.0432	12.7235	4.86237	0.0312717
25.6653	12.8882	4.87917	0.0312421
24.3933	15.2742	4.92601	0.0312046
24.4145	10.5869	4.7634	0.0313131
25.4207	8.55507	0.127411	0.0318672
27.0253	10.7509	4.78386	0.0312835
23.0432	12.7235	4.86237	0.0312717
24.4145	10.5869	4.7634	0.0313131
25.6653	12.8882	4.87917	0.0312421
23.0432	12.7235	4.86237	0.0312717
21.25	9.60269	0.147913	0.0318797
24.4145	10.5869	4.7634	0.0313131
24.1844	6.78374	0.0797431	0.0319154
22.5483	7.6571	0.0949085	0.0319118
21.4331	5.91038	0.0648596	0.0319463
25	4.37335	0.0513883	0.0319441
24.1844	6.78374	0.0797431	0.0319154
22.7267	4.37335	0.0509052	0.0319582
25.4207	8.55507	0.127411	0.0318672
24.4145	10.5869	4.7634	0.0313131
22.5483	7.6571	0.0949085	0.0319118
24.4145	10.5869	4.7634	0.0313131
21.25	9.60269	0.147913	0.0318797
22.5483	7.6571	0.0949085	0.0319118
19.5656	14.0413	4.89697	0.0312706
20.9532	16.5071	4.93649	0.0312119
18.2554	16.5071	4.93613	0.031234
19.9458	11.7351	4.80657	0.0313217
19.5656	14.0413	4.89697	0.0312706
17.7988	12.3941	4.84757	0.0313139
18.75	9.60269	0.150082	0.0318901
19.9458	11.7351	4.80657	0.0313217
17.7988	12.3941	4.84757	0.0313139
21.25	9.60269	0.147913	0.0318797
23.0432	12.7235	4.86237	0.0312717
19.9458	11.7351	4.80657	0.0313217
22.0108	14.5924	4.9127	0.0312395
20.9532	16.5071	4.93649	0.0312119
19.5656	14.0413	4.89697	0.0312706
19.9458	11.7351	4.80657	0.0313217
22.0108	14.5924	4.9127	0.0312395
19.5656	14.0413	4.89697	0.0312706
23.0432	12.7235	4.86237	0.0312717
24.3933	15.2742	4.92601	0.0312046
22.0108	14.5924	4.9127	0.0312395
17.7548	18.7251	4.94905	0.0312048
20.7355	19.1174	4.95103	0.0311718
17.2541	20.9431	4.95442	0.0311808
16.8484	14.0413	4.8999	0.0312842
18.2554	16.5071	4.93613	0.031234
15.9817	15.8026	4.92916	0.0312582
20.9532	16.5071	4.93649	0.0312119
20.7355	19.1174	4.95103	0.0311718
18.2554	16.5071	4.93613	0.031234
14.9215	7.36598	0.0938752	0.0319225
16.5822	10.0948	4.72417	0.0313668
13.513	9.30337	0.143773	0.0318862
12.6058	7.51154	0.0999363	0.0319071
14.9215	7.36598	0.0938752	0.0319225
13.513	9.30337	0.143773	0.0318862
13.6336	4.37335	0.0621444	0.0319446
15.4167	3.0556	0.0518094	0.0319632
16.6772	5.91038	0.068515	0.0319478
19.7476	2.78306	0.0446128	0.0319772
19.1515	1.10996	0.0427139	0.0319803
21.0802	0.494728	0.039915	0.0319823
20.4534	4.37335	0.0513836	0.0319661
19.0551	5.91038	0.0656228	0.0319518
18.1801	4.37335	0.0530983	0.0319661
21.913	2.6468	0.0429991	0.0319746
20.4534	4.37335	0.0513836	0.0319661
19.7476	2.78306	0.0446128	0.0319772
21.4331	5.91038	0.0648596	0.0319463
19.0551	5.91038	0.0656228	0.0319518
20.4534	4.37335	0.0513836	0.0319661
24.1844	6.78374	0.0797431	0.0319154
21.4331	5.91038	0.0648596	0.0319463
22.7267	4.37335	0.0509052	0.0319582
20.0967	7.6571	0.0917804	0.0319251
19.0551	5.91038	0.0656228	0.0319518
21.4331	5.91038	0.0648596	0.0319463
20.4534	4.37335	0.0513836	0.0319661
18.1801	4.37335	0.0530983	0.0319661
19.7476	2.78306	0.0446128	0.0319772
23.0835	1.59882	0.040577	0.0319745
21.0802	0.494728	0.039915	0.0319823
23.0339	0.123895	0.0393079	0.031977
27.8022	8.40541	0.121805	0.0318503
26.189	5.91038	0.0662816	0.0319142
28.5669	5.91038	0.0653665	0.0318955
25.6653	12.8882	4.87917	0.0312421
24.4145	10.5869	4.7634	0.0313131
27.0253	10.7509	4.78386	0.0312835
22.5483	7.6571	0.0949085	0.0319118
20.0967	7.6571	0.0917804	0.0319251
21.4331	5.91038	0.0648596	0.0319463
25.4207	8.55507	0.127411	0.0318672
22.5483	7.6571	0.0949085	0.0319118
24.1844	6.78374	0.0797431	0.0319154
21.25	9.60269	0.147913	0.0318797
20.0967	7.6571	0.0917804	0.0319251
22.5483	7.6571	0.0949085	0.0319118
14.9215	7.36598	0.0938752	0.0319225
16.6772	5.91038	0.068515	0.0319478
17.645	7.6571	0.0985387	0.0319263
21.913	2.6468	0.0429991	0.0319746
21.0802	0.494728	0.039915	0.0319823
23.0835	1.59882	0.040577	0.0319745
37.3284	7.80676	0.0989425	0.0317891
38.0788	5.91038	0.0801354	0.031808
39.7099	7.6571	0.117221	0.0317639
33.4473	6.2015	0.066215	0.0318525
35.7008	5.91038	0.0675583	0.0318351
34.9468	7.95642	0.0946778	0.031809
33.75	9.60269	0.140122	0.0317833
32.355	7.6571	0.0892544	0.0318347
34.9468	7.95642	0.0946778	0.031809
31.8199	4.37335	0.05122	0.0318912
34.5833	3.0556	0.0485341	0.0318789
33.4473	6.2015	0.066215	0.0318525
36.3664	4.37335	0.061519	0.0318448
38.0788	5.91038	0.0801354	0.031808
35.7008	5.91038	0.0675583	0.0318351
19.7476	2.78306	0.0446128	0.0319772
17.2597	1.96546	0.0459338	0.0319751
19.1515	1.10996	0.0427139	0.0319803
18.1801	4.37335	0.0530983	0.0319661
16.6772	5.91038	0.068515	0.0319478
15.4167	3.0556	0.0518094	0.0319632
19.7476	2.78306	0.0446128	0.0319772
18.1801	4.37335	0.0530983	0.0319661
17.2597	1.96546	0.0459338	0.0319751
19.0551	5.91038	0.0656228	0.0319518
16.6772	5.91038	0.068515	0.0319478
18.1801	4.37335	0.0530983	0.0319661
21.913	2.6468	0.0429991	0.0319746
22.7267	4.37335	0.0509052	0.0319582
20.4534	4.37335	0.0513836	0.0319661
20.0967	7.6571	0.0917804	0.0319251
18.75	9.60269	0.150082	0.0318901
17.645	7.6571	0.0985387	0.0319263
14.9215	7.36598	0.0938752	0.0319225
13.6336	4.37335	0.0621444	0.0319446
16.6772	5.91038	0.068515	0.0319478
32.355	7.6571	0.0892544	0.0318347
33.75	9.60269	0.140122	0.0317833
31.25	9.60269	0.150302	0.0317979
38.0788	5.91038	0.0801354	0.031808
37.3284	7.80676	0.0989425	0.0317891
35.7008	5.91038	0.0675583	0.0318351
38.75	9.60269	0.154849	0.0317411
41.25	9.60269	0.186935	0.0317134
40.1627	11.7351	4.83224	0.0311744
36.25	9.60269	0.142936	0.0317645
38.75	9.60269	0.154849	0.0317411
37.4683	11.4071	4.79456	0.0312032
39.7099	7.6571	0.117221	0.0317639
41.25	9.60269	0.186935	0.0317134
38.75	9.60269	0.154849	0.0317411
15.4167	3.0556	0.0518094	0.0319632
17.2597	1.96546	0.0459338	0.0319751
18.1801	4.37335	0.0530983	0.0319661
44.0204	14.0413	4.93038	0.0311254
41.2166	14.2175	4.91709	0.0311367
42.6898	11.7351	4.87414	0.0311518
14.9215	7.36598	0.0938752	0.0319225
12.6058	7.51154	0.0999363	0.0319071
13.6336	4.37335	0.0621444	0.0319446
15.1767	12.2293	4.84308	0.0313197
12.5545	12.0646	4.82846	0.0313189
13.513	9.30337	0.143773	0.0318862
16.5822	10.0948	4.72417	0.0313668
17.7988	12.3941	4.84757	0.0313139
15.1767	12.2293	4.84308	0.0313197
14.1312	14.0413	4.90007	0.0312886
12.5545	12.0646	4.82846	0.0313189
15.1767	12.2293	4.84308	0.0313197
15.9817	15.8026	4.92916	0.0312582
14.7591	18.4213	4.948	0.0312294
13.1778	15.9788	4.93156	0.0312634
16.5822	10.0948	4.72417	0.0313668
18.75	9.60269	0.150082	0.0318901
17.7988	12.3941	4.84757	0.0313139
22.0108	14.5924	4.9127	0.0312395
24.3933	15.2742	4.92601	0.0312046
20.9532	16.5071	4.93649	0.0312119
11.4404	21.3083	4.95477	0.0312179
12.2064	19.1174	4.95104	0.031233
14.6026	21.856	4.9553	0.0311945
8.66123	21.856	4.95547	0.0312178
11.4404	21.3083	4.95477	0.0312179
10.9756	24.1362	4.95624	0.031208
8.66123	21.856	4.95547	0.0312178
9.3634	19.1174	4.95171	0.0312355
11.4404	21.3083	4.95477	0.0312179
6.52038	19.1174	4.95312	0.0312298
7.464	16.5071	4.94379	0.0312537
9.3634	19.1174	4.95171	0.0312355
3.67737	19.1174	4.95445	0.0312203
6.52038	19.1174	4.95312	0.0312298
5.62671	21.6734	4.95572	0.0312094
3.67737	19.1174	4.95445	0.0312203
4.76616	16.5071	4.94854	0.0312456
6.52038	19.1174	4.95312	0.0312298
10.1618	16.5071	4.93925	0.0312585
12.2064	19.1174	4.95104	0.031233
9.3634	19.1174	4.95171	0.0312355
5.97957	14.0413	4.92963	0.0312682
8.69678	14.0413	4.91353	0.0312785
7.464	16.5071	4.94379	0.0312537
11.414	14.0413	4.90236	0.031286
13.1778	15.9788	4.93156	0.0312634
10.1618	16.5071	4.93925	0.0312585
15.1767	12.2293	4.84308	0.0313197
16.8484	14.0413	4.8999	0.0312842
14.1312	14.0413	4.90007	0.0312886
6.52038	19.1174	4.95312	0.0312298
9.3634	19.1174	4.95171	0.0312355
8.66123	21.856	4.95547	0.0312178
14.7591	18.4213	4.948	0.0312294
12.2064	19.1174	4.95104	0.031233
13.1778	15.9788	4.93156	0.0312634
14.7591	18.4213	4.948	0.0312294
14.6026	21.856	4.9553	0.0311945
12.2064	19.1174	4.95104	0.031233
12.6058	7.51154	0.0999363	0.0319071
11.9212	5.91038	0.0866517	0.0319171
13.6336	4.37335	0.0621444	0.0319446
11.25	9.60269	0.15531	0.0318699
12.6058	7.51154	0.0999363	0.0319071
13.513	9.30337	0.143773	0.0318862
10.2901	7.6571	0.119629	0.0318874
11.9212	5.91038	0.0866517	0.0319171
12.6058	7.51154	0.0999363	0.0319071
41.2166	14.2175	4.91709	0.0311367
40.1627	11.7351	4.83224	0.0311744
42.6898	11.7351	4.87414	0.0311518
35.1085	11.7351	4.80378	0.0312134
37.4683	11.4071	4.79456	0.0312032
35.6088	14.5697	4.91071	0.0311646
33.1516	14.0413	4.89937	0.0311807
35.1085	11.7351	4.80378	0.0312134
35.6088	14.5697	4.91071	0.0311646
32.5813	11.7351	4.80679	0.0312271
33.75	9.60269	0.140122	0.0317833
35.1085	11.7351	4.80378	0.0312134
37.3284	7.80676	0.0989425	0.0317891
39.7099	7.6571	0.117221	0.0317639
38.75	9.60269	0.154849	0.0317411
36.25	9.60269	0.142936	0.0317645
37.3284	7.80676	0.0989425	0.0317891
38.75	9.60269	0.154849	0.0317411
35.1085	11.7351	4.80378	0.0312134
36.25	9.60269	0.142936	0.0317645
37.4683	11.4071	4.79456	0.0312032
34.9468	7.95642	0.0946778	0.031809
37.3284	7.80676	0.0989425	0.0317891
36.25	9.60269	0.142936	0.0317645
34.9468	7.95642	0.0946778	0.031809
35.7008	5.91038	0.0675583	0.0318351
37.3284	7.80676	0.0989425	0.0317891
42.536	16.5071	4.94433	0.0311249
44.0204	14.0413	4.93038	0.0311254
45.2338	16.5071	4.94903	0.0311225
38.4127	14.3936	4.91043	0.0311519
41.2166	14.2175	4.91709	0.0311367
39.693	16.8552	4.94237	0.0311349
38.4127	14.3936	4.91043	0.0311519
37.4683	11.4071	4.79456	0.0312032
40.1627	11.7351	4.83224	0.0311744
10.2901	7.6571	0.119629	0.0318874
12.6058	7.51154	0.0999363	0.0319071
11.25	9.60269	0.15531	0.0318699
28.2875	13.053	4.88415	0.031219
30.001	14.922	4.91904	0.031178
26.3489	16.5071	4.94085	0.0311684
35.1085	11.7351	4.80378	0.0312134
33.1516	14.0413	4.89937	0.0311807
32.5813	11.7351	4.80679	0.0312271
30.001	14.922	4.91904	0.031178
28.6113	17.5512	4.9456	0.0311451
26.3489	16.5071	4.94085	0.0311684
30.9096	13.2177	4.87999	0.0312028
30.001	14.922	4.91904	0.031178
28.2875	13.053	4.88415	0.031219
29.636	10.915	4.78143	0.0312612
30.9096	13.2177	4.87999	0.0312028
28.2875	13.053	4.88415	0.031219
32.5813	11.7351	4.80679	0.0312271
33.1516	14.0413	4.89937	0.0311807
30.9096	13.2177	4.87999	0.0312028
31.7446	16.5071	4.93664	0.0311548
28.6113	17.5512	4.9456	0.0311451
30.001	14.922	4.91904	0.031178
34.4425	16.5071	4.93654	0.0311515
31.7446	16.5071	4.93664	0.0311548
33.1516	14.0413	4.89937	0.0311807
34.4425	16.5071	4.93654	0.0311515
34.9506	19.1174	4.95093	0.0311403
32.1075	19.1174	4.95108	0.031134
37.1403	16.5071	4.93737	0.031145
34.4425	16.5071	4.93654	0.0311515
35.6088	14.5697	4.91071	0.0311646
37.1403	16.5071	4.93737	0.031145
37.7936	19.1174	4.95109	0.0311418
34.9506	19.1174	4.95093	0.0311403
11.414	14.0413	4.90236	0.031286
14.1312	14.0413	4.90007	0.0312886
13.1778	15.9788	4.93156	0.0312634
8.69678	14.0413	4.91353	0.0312785
9.93237	11.8999	4.83561	0.0313105
11.414	14.0413	4.90236	0.031286
11.25	9.60269	0.15531	0.0318699
13.513	9.30337	0.143773	0.0318862
12.5545	12.0646	4.82846	0.0313189
10.2901	7.6571	0.119629	0.0318874
11.25	9.60269	0.15531	0.0318699
8.74996	9.60269	0.185514	0.0318506
13.513	9.30337	0.143773	0.0318862
16.5822	10.0948	4.72417	0.0313668
15.1767	12.2293	4.84308	0.0313197
9.93237	11.8999	4.83561	0.0313105
11.25	9.60269	0.15531	0.0318699
12.5545	12.0646	4.82846	0.0313189
11.414	14.0413	4.90236	0.031286
9.93237	11.8999	4.83561	0.0313105
12.5545	12.0646	4.82846	0.0313189
8.69678	14.0413	4.91353	0.0312785
7.31021	11.7351	4.87234	0.0312957
9.93237	11.8999	4.83561	0.0313105
37.4683	11.4071	4.79456	0.0312032
38.4127	14.3936	4.91043	0.0311519
35.6088	14.5697	4.91071	0.0311646
42.536	16.5071	4.94433	0.0311249
43.4158	19.3	4.95389	0.0311379
40.5089	19.4825	4.953	0.0311416
44.0204	14.0413	4.93038	0.0311254
42.536	16.5071	4.94433	0.0311249
41.2166	14.2175	4.91709	0.0311367
45.2338	16.5071	4.94903	0.0311225
43.4158	19.3	4.95389	0.0311379
42.536	16.5071	4.94433	0.0311249
40.5089	19.4825	4.953	0.0311416
41.2294	22.236	4.95611	0.0311726
38.204	22.4261	4.956	0.0311668
42.536	16.5071	4.94433	0.0311249
40.5089	19.4825	4.953	0.0311416
39.693	16.8552	4.94237	0.0311349
43.4158	19.3	4.95389	0.0311379
41.2294	22.236	4.95611	0.0311726
40.5089	19.4825	4.953	0.0311416
47.2801	21.856	4.95667	0.0311818
44.3095	21.856	4.95632	0.0311713
46.3226	19.1174	4.95497	0.0311412
38.4127	14.3936	4.91043	0.0311519
37.1403	16.5071	4.93737	0.031145
35.6088	14.5697	4.91071	0.0311646
40.1627	11.7351	4.83224	0.0311744
41.2166	14.2175	4.91709	0.0311367
38.4127	14.3936	4.91043	0.0311519
38.75	9.60269	0.154849	0.0317411
40.1627	11.7351	4.83224	0.0311744
37.4683	11.4071	4.79456	0.0312032
41.25	9.60269	0.186935	0.0317134
42.6898	11.7351	4.87414	0.0311518
40.1627	11.7351	4.83224	0.0311744
39.693	16.8552	4.94237	0.0311349
37.1403	16.5071	4.93737	0.031145
38.4127	14.3936	4.91043	0.0311519
40.5089	19.4825	4.953	0.0311416
37.7936	19.1174	4.95109	0.0311418
39.693	16.8552	4.94237	0.0311349
28.8815	20.2128	4.95401	0.031117
29.1279	22.9961	4.95647	0.0311119
26.1025	23.1861	4.95679	0.031105
32.1075	19.1174	4.95108	0.031134
34.9506	19.1174	4.95093	0.0311403
32.4267	21.856	4.95562	0.0311297
28.8815	20.2128	4.95401	0.031117
32.1075	19.1174	4.95108	0.031134
32.4267	21.856	4.95562	0.0311297
31.7446	16.5071	4.93664	0.0311548
34.4425	16.5071	4.93654	0.0311515
32.1075	19.1174	4.95108	0.031134
28.6113	17.5512	4.9456	0.0311451
31.7446	16.5071	4.93664	0.0311548
32.1075	19.1174	4.95108	0.031134
11.414	14.0413	4.90236	0.031286
12.5545	12.0646	4.82846	0.0313189
14.1312	14.0413	4.90007	0.0312886
12.2064	19.1174	4.95104	0.031233
10.1618	16.5071	4.93925	0.0312585
13.1778	15.9788	4.93156	0.0312634
9.93237	11.8999	4.83561	0.0313105
8.74996	9.60269	0.185514	0.0318506
11.25	9.60269	0.15531	0.0318699
43.4158	19.3	4.95389	0.0311379
45.2338	16.5071	4.94903	0.0311225
46.3226	19.1174	4.95497	0.0311412
33.1516	14.0413	4.89937	0.0311807
35.6088	14.5697	4.91071	0.0311646
34.4425	16.5071	4.93654	0.0311515
36.25	9.60269	0.142936	0.0317645
33.75	9.60269	0.140122	0.0317833
34.9468	7.95642	0.0946778	0.031809
21.9134	33.7485	4.93071	0.0311904
18.9132	34.917	4.88068	0.0307427
18.6835	32.5943	4.92923	0.0305505
25	30.6708	4.95509	0.031341
21.9134	33.7485	4.93071	0.0311904
21.9612	30.6708	4.94985	0.0309758
21.8846	36.8646	4.8728	0.0323868
18.9132	34.917	4.88068	0.0307427
21.9134	33.7485	4.93071	0.0311904
25	40	4.91757	0.0372241
21.8846	36.8646	4.8728	0.0323868
25.1151	35.3065	4.94116	0.0328641
21.9134	33.7485	4.93071	0.0311904
18.6835	32.5943	4.92923	0.0305505
21.9612	30.6708	4.94985	0.0309758
18.7212	38.8242	0.204922	0.0334104
18.9132	34.917	4.88068	0.0307427
21.8846	36.8646	4.8728	0.0323868
17.2667	36.7732	0.245717	0.0320537
15.8122	34.7222	4.88814	0.030832
18.9132	34.917	4.88068	0.0307427
18.7212	38.8242	0.204922	0.0334104
17.2667	36.7732	0.245717	0.0320537
18.9132	34.917	4.88068	0.0307427
18.7212	38.8242	0.204922	0.0334104
15.601	39.0202	0.2291	0.0337682
17.2667	36.7732	0.245717	0.0320537
18.7981	41.9596	0.224465	0.039741
18.7212	38.8242	0.204922	0.0334104
21.9014	39.3141	0.256618	0.0351847
15.601	39.0202	0.2291	0.0337682
15.8122	34.7222	4.88814	0.030832
17.2667	36.7732	0.245717	0.0320537
14.001	23.9462	4.95618	0.0311752
14.6026	21.856	4.9553	0.0311945
17.2998	24.7062	4.95636	0.0311212
13.1107	27.6505	4.95523	0.0311336
12.8447	30.6708	4.9502	0.0311221
10.1383	27.6505	4.95612	0.0312739
15.2052	26.1784	4.95592	0.0311106
15.7173	29.727	4.95115	0.0309002
13.1107	27.6505	4.95523	0.0311336
20.3799	24.7062	4.95655	0.0310989
18.0114	27.1222	4.95505	0.031012
17.2998	24.7062	4.95636	0.0311212
18.7229	29.5382	4.95024	0.030834
15.7173	29.727	4.95115	0.0309002
18.0114	27.1222	4.95505	0.031012
18.7229	29.5382	4.95024	0.030834
18.6835	32.5943	4.92923	0.0305505
15.7173	29.727	4.95115	0.0309002
10.9756	24.1362	4.95624	0.031208
8.05963	24.7062	4.95641	0.0312286
8.66123	21.856	4.95547	0.0312178
10.1383	27.6505	4.95612	0.0312739
8.05963	24.7062	4.95641	0.0312286
10.9756	24.1362	4.95624	0.031208
10.1383	27.6505	4.95612	0.0312739
9.80591	30.6708	4.95421	0.0315658
7.16598	27.6505	4.9566	0.0313594
6.70061	30.2933	4.95639	0.0317427
7.16598	27.6505	4.9566	0.0313594
9.80591	30.6708	4.95421	0.0315658
4.97956	24.7062	4.95649	0.0312269
5.62671	21.6734	4.95572	0.0312094
8.05963	24.7062	4.95641	0.0312286
3.67737	19.1174	4.95445	0.0312203
5.62671	21.6734	4.95572	0.0312094
2.71986	21.856	4.95611	0.0311997
6.52038	19.1174	4.95312	0.0312298
4.76616	16.5071	4.94854	0.0312456
7.464	16.5071	4.94379	0.0312537
25	30.6708	4.95509	0.031341
28.0388	30.6708	4.9567	0.0317861
28.0866	33.7485	4.9549	0.0329951
47.2801	21.856	4.95667	0.0311818
48.1005	24.7062	4.95708	0.0312654
45.0204	24.7062	4.95699	0.031247
26.4215	19.1174	4.95191	0.0311316
26.3489	16.5071	4.94085	0.0311684
28.6113	17.5512	4.9456	0.0311451
18.0114	27.1222	4.95505	0.031012
22.0277	27.6505	4.95585	0.0310421
18.7229	29.5382	4.95024	0.030834
17.2541	20.9431	4.95442	0.0311808
20.544	21.856	4.9557	0.0311385
17.2998	24.7062	4.95636	0.0311212
23.0771	23.3761	4.95677	0.0311097
26.1025	23.1861	4.95679	0.031105
25.3391	26.1784	4.95707	0.0311425
17.2998	24.7062	4.95636	0.0311212
20.544	21.856	4.9557	0.0311385
20.3799	24.7062	4.95655	0.0310989
24.8405	21.1517	4.95543	0.0311158
26.1025	23.1861	4.95679	0.031105
23.0771	23.3761	4.95677	0.0311097
20.544	21.856	4.9557	0.0311385
24.8405	21.1517	4.95543	0.0311158
23.0771	23.3761	4.95677	0.0311097
23.5785	19.1174	4.95248	0.0311463
26.4215	19.1174	4.95191	0.0311316
24.8405	21.1517	4.95543	0.0311158
31.199	26.5464	4.95702	0.031253
30.7452	28.7831	4.95711	0.0315063
28.269	26.3624	4.95716	0.0311888
29.1279	22.9961	4.95647	0.0311119
31.199	26.5464	4.95702	0.031253
28.269	26.3624	4.95716	0.0311888
32.7002	24.7062	4.95674	0.0311707
33.7508	28.5944	4.95692	0.0314803
31.199	26.5464	4.95702	0.031253
20.544	21.856	4.9557	0.0311385
23.0771	23.3761	4.95677	0.0311097
20.3799	24.7062	4.95655	0.0310989
20.7355	19.1174	4.95103	0.0311718
20.544	21.856	4.9557	0.0311385
17.2541	20.9431	4.95442	0.0311808
17.7548	18.7251	4.94905	0.0312048
18.2554	16.5071	4.93613	0.031234
20.7355	19.1174	4.95103	0.0311718
14.7591	18.4213	4.948	0.0312294
17.7548	18.7251	4.94905	0.0312048
17.2541	20.9431	4.95442	0.0311808
14.7591	18.4213	4.948	0.0312294
15.9817	15.8026	4.92916	0.0312582
17.7548	18.7251	4.94905	0.0312048
20.9532	16.5071	4.93649	0.0312119
23.5785	19.1174	4.95248	0.0311463
20.7355	19.1174	4.95103	0.0311718
23.5785	19.1174	4.95248	0.0311463
24.8405	21.1517	4.95543	0.0311158
20.544	21.856	4.9557	0.0311385
26.689	28.4246	4.95699	0.0313018
22.0277	27.6505	4.95585	0.0310421
25.3391	26.1784	4.95707	0.0311425
21.9612	30.6708	4.94985	0.0309758
18.6835	32.5943	4.92923	0.0305505
18.7229	29.5382	4.95024	0.030834
20.7355	19.1174	4.95103	0.0311718
23.5785	19.1174	4.95248	0.0311463
20.544	21.856	4.9557	0.0311385
16.8484	14.0413	4.8999	0.0312842
19.5656	14.0413	4.89697	0.0312706
18.2554	16.5071	4.93613	0.031234
16.8484	14.0413	4.8999	0.0312842
17.7988	12.3941	4.84757	0.0313139
19.5656	14.0413	4.89697	0.0312706
14.1312	14.0413	4.90007	0.0312886
16.8484	14.0413	4.8999	0.0312842
15.9817	15.8026	4.92916	0.0312582
15.1767	12.2293	4.84308	0.0313197
17.7988	12.3941	4.84757	0.0313139
16.8484	14.0413	4.8999	0.0312842
18.75	9.60269	0.150082	0.0318901
21.25	9.60269	0.147913	0.0318797
19.9458	11.7351	4.80657	0.0313217
24.3933	15.2742	4.92601	0.0312046
23.5785	19.1174	4.95248	0.0311463
20.9532	16.5071	4.93649	0.0312119
4.97956	24.7062	4.95649	0.0312269
4.19365	27.6505	4.9567	0.0313975
1.8995	24.7062	4.95656	0.0312287
8.74996	9.60269	0.185514	0.0318506
9.93237	11.8999	4.83561	0.0313105
7.31021	11.7351	4.87234	0.0312957
46.8029	37.0605	4.95798	0.0366362
43.6827	37.2565	4.9578	0.0365186
46.6062	33.7485	4.95725	0.0336085
41.9404	24.7062	4.95682	0.0312364
45.0204	24.7062	4.95699	0.031247
42.7675	28.0281	4.95699	0.0314814
38.8603	24.7062	4.95667	0.0312214
41.9404	24.7062	4.95682	0.0312364
39.9888	27.0985	4.95687	0.0313743
41.2294	22.236	4.95611	0.0311726
44.3095	21.856	4.95632	0.0311713
41.9404	24.7062	4.95682	0.0312364
48.7787	27.6505	4.95709	0.0314923
49.3105	30.6708	4.95696	0.0321544
46.2478	30.8632	4.95701	0.032138
26.1025	23.1861	4.95679	0.031105
24.8405	21.1517	4.95543	0.0311158
28.8815	20.2128	4.95401	0.031117
28.269	26.3624	4.95716	0.0311888
26.1025	23.1861	4.95679	0.031105
29.1279	22.9961	4.95647	0.0311119
23.0771	23.3761	4.95677	0.0311097
22.0277	27.6505	4.95585	0.0310421
20.3799	24.7062	4.95655	0.0310989
12.8447	30.6708	4.9502	0.0311221
12.7112	34.5275	4.93126	0.0317538
9.49534	33.1714	4.95154	0.0321899
10.1383	27.6505	4.95612	0.0312739
12.8447	30.6708	4.9502	0.0311221
9.80591	30.6708	4.95421	0.0315658
14.3285	32.6965	4.93352	0.0309801
18.6835	32.5943	4.92923	0.0305505
15.8122	34.7222	4.88814	0.030832
25.1151	35.3065	4.94116	0.0328641
21.8846	36.8646	4.8728	0.0323868
21.9134	33.7485	4.93071	0.0311904
14.3285	32.6965	4.93352	0.0309801
12.7112	34.5275	4.93126	0.0317538
12.8447	30.6708	4.9502	0.0311221
18.9132	34.917	4.88068	0.0307427
15.8122	34.7222	4.88814	0.030832
18.6835	32.5943	4.92923	0.0305505
15.601	39.0202	0.2291	0.0337682
12.5385	36.8646	4.90897	0.0329171
15.8122	34.7222	4.88814	0.030832
23.5785	19.1174	4.95248	0.0311463
24.3933	15.2742	4.92601	0.0312046
26.3489	16.5071	4.94085	0.0311684
28.8815	20.2128	4.95401	0.031117
24.8405	21.1517	4.95543	0.0311158
26.4215	19.1174	4.95191	0.0311316
18.2554	16.5071	4.93613	0.031234
17.7548	18.7251	4.94905	0.0312048
15.9817	15.8026	4.92916	0.0312582
14.6026	21.856	4.9553	0.0311945
17.2541	20.9431	4.95442	0.0311808
17.2998	24.7062	4.95636	0.0311212
15.9817	15.8026	4.92916	0.0312582
13.1778	15.9788	4.93156	0.0312634
14.1312	14.0413	4.90007	0.0312886
14.6026	21.856	4.9553	0.0311945
14.7591	18.4213	4.948	0.0312294
17.2541	20.9431	4.95442	0.0311808
11.4404	21.3083	4.95477	0.0312179
14.001	23.9462	4.95618	0.0311752
10.9756	24.1362	4.95624	0.031208
30.001	14.922	4.91904	0.031178
30.9096	13.2177	4.87999	0.0312028
33.1516	14.0413	4.89937	0.0311807
31.7446	16.5071	4.93664	0.0311548
30.001	14.922	4.91904	0.031178
33.1516	14.0413	4.89937	0.0311807
25.6653	12.8882	4.87917	0.0312421
27.0253	10.7509	4.78386	0.0312835
28.2875	13.053	4.88415	0.031219
25.6653	12.8882	4.87917	0.0312421
28.2875	13.053	4.88415	0.031219
26.3489	16.5071	4.94085	0.0311684
33.75	9.60269	0.140122	0.0317833
36.25	9.60269	0.142936	0.0317645
35.1085	11.7351	4.80378	0.0312134
39.693	16.8552	4.94237	0.0311349
41.2166	14.2175	4.91709	0.0311367
42.536	16.5071	4.94433	0.0311249
28.8815	20.2128	4.95401	0.031117
26.4215	19.1174	4.95191	0.0311316
28.6113	17.5512	4.9456	0.0311451
40.625	40	4.93481	0.0369503
43.75	40	4.95376	0.0392625
43.6923	43.1354	4.94737	0.0451101
34.399	40.9798	4.86241	0.0352635
37.5	40	4.90769	0.0345598
37.5191	43.9145	0.203461	0.0333345
40.5769	36.8646	4.95524	0.0355188
43.6827	37.2565	4.9578	0.0365186
40.625	40	4.93481	0.0369503
37.3464	33.7485	4.95645	0.0332973
33.997	31.6326	4.9571	0.0323629
37.1553	30.6708	4.95693	0.0320324
40.625	40	4.93481	0.0369503
37.5	40	4.90769	0.0345598
40.5769	36.8646	4.95524	0.0355188
37.4615	36.8646	4.94854	0.0347568
34.1596	34.7385	4.9558	0.0338812
37.3464	33.7485	4.95645	0.0332973
46.2478	30.8632	4.95701	0.032138
45.7731	27.8393	4.95706	0.0314807
48.7787	27.6505	4.95709	0.0314923
49.6928	33.7485	4.957	0.0337342
46.6062	33.7485	4.95725	0.0336085
49.3105	30.6708	4.95696	0.0321544
40.1941	30.6708	4.95712	0.032007
37.1553	30.6708	4.95693	0.0320324
36.8893	27.6505	4.95679	0.0314046
43.2329	30.6708	4.95709	0.0320314
40.1941	30.6708	4.95712	0.032007
42.7675	28.0281	4.95699	0.0314814
40.433	33.7485	4.95772	0.0334387
37.3464	33.7485	4.95645	0.0332973
40.1941	30.6708	4.95712	0.032007
31.3171	35.696	4.95637	0.0346414
31.2019	38.0404	4.94946	0.035985
28.1154	36.8646	4.95234	0.0352545
33.997	31.6326	4.9571	0.0323629
34.1596	34.7385	4.9558	0.0338812
30.9343	31.8249	4.95734	0.0323583
34.3221	37.8444	4.93887	0.0347833
31.2019	38.0404	4.94946	0.035985
31.3171	35.696	4.95637	0.0346414
37.5	40	4.90769	0.0345598
34.3221	37.8444	4.93887	0.0347833
37.4615	36.8646	4.94854	0.0347568
34.399	40.9798	4.86241	0.0352635
31.2019	38.0404	4.94946	0.035985
34.3221	37.8444	4.93887	0.0347833
40.1941	30.6708	4.95712	0.032007
39.9888	27.0985	4.95687	0.0313743
42.7675	28.0281	4.95699	0.0314814
7.16598	27.6505	4.9566	0.0313594
8.05963	24.7062	4.95641	0.0312286
10.1383	27.6505	4.95612	0.0312739
3.69504	30.482	4.95679	0.0319219
4.19365	27.6505	4.9567	0.0313975
6.70061	30.2933	4.95639	0.0317427
4.97956	24.7062	4.95649	0.0312269
8.05963	24.7062	4.95641	0.0312286
7.16598	27.6505	4.9566	0.0313594
2.71986	21.856	4.95611	0.0311997
4.97956	24.7062	4.95649	0.0312269
1.8995	24.7062	4.95656	0.0312287
14.001	23.9462	4.95618	0.0311752
11.4404	21.3083	4.95477	0.0312179
14.6026	21.856	4.9553	0.0311945
13.1107	27.6505	4.95523	0.0311336
10.9756	24.1362	4.95624	0.031208
14.001	23.9462	4.95618	0.0311752
8.66123	21.856	4.95547	0.0312178
5.62671	21.6734	4.95572	0.0312094
6.52038	19.1174	4.95312	0.0312298
12.2064	19.1174	4.95104	0.031233
11.4404	21.3083	4.95477	0.0312179
9.3634	19.1174	4.95171	0.0312355
8.05963	24.7062	4.95641	0.0312286
5.62671	21.6734	4.95572	0.0312094
8.66123	21.856	4.95547	0.0312178
44.3095	21.856	4.95632	0.0311713
41.2294	22.236	4.95611	0.0311726
43.4158	19.3	4.95389	0.0311379
45.7731	27.8393	4.95706	0.0314807
45.0204	24.7062	4.95699	0.031247
48.1005	24.7062	4.95708	0.0312654
38.8603	24.7062	4.95667	0.0312214
36.8893	27.6505	4.95679	0.0314046
35.7802	24.7062	4.95662	0.0311939
45.7731	27.8393	4.95706	0.0314807
42.7675	28.0281	4.95699	0.0314814
45.0204	24.7062	4.95699	0.031247
43.2329	30.6708	4.95709	0.0320314
46.2478	30.8632	4.95701	0.032138
43.5196	33.7485	4.9577	0.033541
40.433	33.7485	4.95772	0.0334387
43.2329	30.6708	4.95709	0.0320314
43.5196	33.7485	4.9577	0.033541
42.7675	28.0281	4.95699	0.0314814
45.7731	27.8393	4.95706	0.0314807
43.2329	30.6708	4.95709	0.0320314
41.9404	24.7062	4.95682	0.0312364
42.7675	28.0281	4.95699	0.0314814
39.9888	27.0985	4.95687	0.0313743
45.7731	27.8393	4.95706	0.0314807
46.2478	30.8632	4.95701	0.032138
43.2329	30.6708	4.95709	0.0320314
8.69678	14.0413	4.91353	0.0312785
5.97957	14.0413	4.92963	0.0312682
7.31021	11.7351	4.87234	0.0312957
10.1618	16.5071	4.93925	0.0312585
8.69678	14.0413	4.91353	0.0312785
11.414	14.0413	4.90236	0.031286
7.464	16.5071	4.94379	0.0312537
4.76616	16.5071	4.94854	0.0312456
5.97957	14.0413	4.92963	0.0312682
10.1618	16.5071	4.93925	0.0312585
7.464	16.5071	4.94379	0.0312537
8.69678	14.0413	4.91353	0.0312785
10.1618	16.5071	4.93925	0.0312585
9.3634	19.1174	4.95171	0.0312355
7.464	16.5071	4.94379	0.0312537
9.42308	36.8646	4.94525	0.0342215
9.49534	33.1714	4.95154	0.0321899
12.7112	34.5275	4.93126	0.0317538
12.5	40	4.90388	0.0357002
9.36058	39.4121	4.94526	0.0365565
12.5385	36.8646	4.90897	0.0329171
9.36058	39.4121	4.94526	0.0365565
6.30769	36.8646	4.9549	0.0351422
9.42308	36.8646	4.94525	0.0342215
3.19231	36.8646	4.95709	0.0356568
3.40821	33.9432	4.9569	0.0334332
6.30769	36.8646	4.9549	0.0351422
0.076922	36.8646	4.9574	0.035915
3.19231	36.8646	4.95709	0.0356568
3.125	40	4.95775	0.0388091
0.076922	36.8646	4.9574	0.035915
0.307214	33.7485	4.95704	0.0335251
3.19231	36.8646	4.95709	0.0356568
6.70061	30.2933	4.95639	0.0317427
9.80591	30.6708	4.95421	0.0315658
9.49534	33.1714	4.95154	0.0321899
2.71986	21.856	4.95611	0.0311997
5.62671	21.6734	4.95572	0.0312094
4.97956	24.7062	4.95649	0.0312269
18.0114	27.1222	4.95505	0.031012
15.7173	29.727	4.95115	0.0309002
15.2052	26.1784	4.95592	0.0311106
43.5196	33.7485	4.9577	0.033541
40.5769	36.8646	4.95524	0.0355188
40.433	33.7485	4.95772	0.0334387
49.9231	36.8646	4.95759	0.0366055
46.8029	37.0605	4.95798	0.0366362
49.6928	33.7485	4.957	0.0337342
43.75	40	4.95376	0.0392625
40.625	40	4.93481	0.0369503
43.6827	37.2565	4.9578	0.0365186
13.1107	27.6505	4.95523	0.0311336
15.7173	29.727	4.95115	0.0309002
12.8447	30.6708	4.9502	0.0311221
10.9756	24.1362	4.95624	0.031208
13.1107	27.6505	4.95523	0.0311336
10.1383	27.6505	4.95612	0.0312739
15.2052	26.1784	4.95592	0.0311106
17.2998	24.7062	4.95636	0.0311212
18.0114	27.1222	4.95505	0.031012
14.001	23.9462	4.95618	0.0311752
15.2052	26.1784	4.95592	0.0311106
13.1107	27.6505	4.95523	0.0311336
14.001	23.9462	4.95618	0.0311752
17.2998	24.7062	4.95636	0.0311212
15.2052	26.1784	4.95592	0.0311106
46.6062	33.7485	4.95725	0.0336085
43.6827	37.2565	4.9578	0.0365186
43.5196	33.7485	4.9577	0.033541
50	40	4.95829	0.0402569
46.8029	37.0605	4.95798	0.0366362
49.9231	36.8646	4.95759	0.0366055
46.8798	40.196	4.95858	0.0432499
43.75	40	4.95376	0.0392625
46.8029	37.0605	4.95798	0.0366362
21.9014	39.3141	0.256618	0.0351847
21.9183	41.7637	4.85519	0.0403423
18.7981	41.9596	0.224465	0.039741
25	40	4.91757	0.0372241
21.9014	39.3141	0.256618	0.0351847
21.8846	36.8646	4.8728	0.0323868
25	40	4.91757	0.0372241
21.9183	41.7637	4.85519	0.0403423
21.9014	39.3141	0.256618	0.0351847
22.0142	44.8882	4.91418	0.0452067
18.7981	41.9596	0.224465	0.039741
21.9183	41.7637	4.85519	0.0403423
3.69504	30.482	4.95679	0.0319219
3.40821	33.9432	4.9569	0.0334332
0.68946	30.6708	4.95685	0.032085
1.22131	27.6505	4.95673	0.0314362
3.69504	30.482	4.95679	0.0319219
0.68946	30.6708	4.95685	0.032085
6.70061	30.2933	4.95639	0.0317427
6.43263	33.3637	4.95598	0.0327996
3.69504	30.482	4.95679	0.0319219
43.5196	33.7485	4.9577	0.033541
43.6827	37.2565	4.9578	0.0365186
40.5769	36.8646	4.95524	0.0355188
40.1941	30.6708	4.95712	0.032007
43.2329	30.6708	4.95709	0.0320314
40.433	33.7485	4.95772	0.0334387
46.6062	33.7485	4.95725	0.0336085
49.6928	33.7485	4.957	0.0337342
46.8029	37.0605	4.95798	0.0366362
46.2478	30.8632	4.95701	0.032138
46.6062	33.7485	4.95725	0.0336085
43.5196	33.7485	4.9577	0.033541
46.2478	30.8632	4.95701	0.032138
49.3105	30.6708	4.95696	0.0321544
46.6062	33.7485	4.95725	0.0336085
46.8798	40.196	4.95858	0.0432499
46.8029	37.0605	4.95798	0.0366362
50	40	4.95829	0.0402569
9.4375	42.5475	4.95048	0.0428373
6.24038	39.6081	4.95553	0.0378393
9.36058	39.4121	4.94526	0.0365565
9.49534	33.1714	4.95154	0.0321899
9.80591	30.6708	4.95421	0.0315658
12.8447	30.6708	4.9502	0.0311221
12.5385	36.8646	4.90897	0.0329171
9.42308	36.8646	4.94525	0.0342215
12.7112	34.5275	4.93126	0.0317538
6.43263	33.3637	4.95598	0.0327996
6.70061	30.2933	4.95639	0.0317427
9.49534	33.1714	4.95154	0.0321899
4.19365	27.6505	4.9567	0.0313975
4.97956	24.7062	4.95649	0.0312269
7.16598	27.6505	4.9566	0.0313594
1.22131	27.6505	4.95673	0.0314362
4.19365	27.6505	4.9567	0.0313975
3.69504	30.482	4.95679	0.0319219
1.22131	27.6505	4.95673	0.0314362
1.8995	24.7062	4.95656	0.0312287
4.19365	27.6505	4.9567	0.0313975
6.70061	30.2933	4.95639	0.0317427
4.19365	27.6505	4.9567	0.0313975
7.16598	27.6505	4.9566	0.0313594
18.7229	29.5382	4.95024	0.030834
22.0277	27.6505	4.95585	0.0310421
21.9612	30.6708	4.94985	0.0309758
14.3285	32.6965	4.93352	0.0309801
12.8447	30.6708	4.9502	0.0311221
15.7173	29.727	4.95115	0.0309002
18.6835	32.5943	4.92923	0.0305505
14.3285	32.6965	4.93352	0.0309801
15.7173	29.727	4.95115	0.0309002
15.8122	34.7222	4.88814	0.030832
12.7112	34.5275	4.93126	0.0317538
14.3285	32.6965	4.93352	0.0309801
18.0114	27.1222	4.95505	0.031012
20.3799	24.7062	4.95655	0.0310989
22.0277	27.6505	4.95585	0.0310421
3.40821	33.9432	4.9569	0.0334332
3.69504	30.482	4.95679	0.0319219
6.43263	33.3637	4.95598	0.0327996
46.8077	43.1354	4.95788	0.0467509
43.6923	43.1354	4.94737	0.0451101
46.8798	40.196	4.95858	0.0432499
49.9231	43.1354	4.95912	0.0469583
46.8077	43.1354	4.95788	0.0467509
46.8798	40.196	4.95858	0.0432499
46.2717	49.3292	4.95765	0.0504924
49.3105	49.3292	4.95929	0.050844
48.7787	52.3495	4.95327	0.050903
43.5196	46.2515	4.94139	0.0469339
46.2717	49.3292	4.95765	0.0504924
43.2329	49.3292	4.94329	0.0483233
40.433	46.2515	4.8637	0.0402039
43.5196	46.2515	4.94139	0.0469339
43.2329	49.3292	4.94329	0.0483233
43.6923	43.1354	4.94737	0.0451101
46.8077	43.1354	4.95788	0.0467509
46.6062	46.2515	4.95823	0.0494219
46.6062	46.2515	4.95823	0.0494219
49.3105	49.3292	4.95929	0.050844
46.2717	49.3292	4.95765	0.0504924
6.30769	36.8646	4.9549	0.0351422
6.43263	33.3637	4.95598	0.0327996
9.42308	36.8646	4.94525	0.0342215
3.125	40	4.95775	0.0388091
3.19231	36.8646	4.95709	0.0356568
6.24038	39.6081	4.95553	0.0378393
3.40821	33.9432	4.9569	0.0334332
6.43263	33.3637	4.95598	0.0327996
6.30769	36.8646	4.9549	0.0351422
0.307214	33.7485	4.95704	0.0335251
3.40821	33.9432	4.9569	0.0334332
3.19231	36.8646	4.95709	0.0356568
0.307214	33.7485	4.95704	0.0335251
0.68946	30.6708	4.95685	0.032085
3.40821	33.9432	4.9569	0.0334332
