25	30.6708	4.96001	0.0272455
28.0866	33.7485	4.95971	0.0286961
25.1151	35.3065	4.94537	0.0286612
22.0277	27.6505	4.96096	0.0269291
25	30.6708	4.96001	0.0272455
21.9612	30.6708	4.95446	0.0269288
26.689	28.4246	4.96226	0.0271909
28.269	26.3624	4.96256	0.027084
30.7452	28.7831	4.96263	0.0274
25	30.6708	4.96001	0.0272455
26.689	28.4246	4.96226	0.0271909
28.0388	30.6708	4.96196	0.0276482
25.3391	26.1784	4.96239	0.0270297
28.269	26.3624	4.96256	0.027084
26.689	28.4246	4.96226	0.0271909
28.0388	30.6708	4.96196	0.0276482
30.9343	31.8249	4.96271	0.0281632
28.0866	33.7485	4.95971	0.0286961
22.0277	27.6505	4.96096	0.0269291
26.689	28.4246	4.96226	0.0271909
25	30.6708	4.96001	0.0272455
30.7452	28.7831	4.96263	0.0274
30.9343	31.8249	4.96271	0.0281632
28.0388	30.6708	4.96196	0.0276482
26.689	28.4246	4.96226	0.0271909
30.7452	28.7831	4.96263	0.0274
28.0388	30.6708	4.96196	0.0276482
26.1025	23.1861	4.96207	0.0269924
28.269	26.3624	4.96256	0.027084
25.3391	26.1784	4.96239	0.0270297
29.1279	22.9961	4.96175	0.0270002
32.7002	24.7062	4.9622	0.0270615
31.199	26.5464	4.96252	0.0271511
33.7508	28.5944	4.96254	0.0273812
30.9343	31.8249	4.96271	0.0281632
30.7452	28.7831	4.96263	0.0274
31.199	26.5464	4.96252	0.0271511
33.7508	28.5944	4.96254	0.0273812
30.7452	28.7831	4.96263	0.0274
37.4615	36.8646	4.95138	0.029984
40.433	33.7485	4.96278	0.0290926
40.5769	36.8646	4.95864	0.0306806
36.8893	27.6505	4.96239	0.0272985
37.1553	30.6708	4.96245	0.027885
33.7508	28.5944	4.96254	0.0273812
36.8893	27.6505	4.96239	0.0272985
39.9888	27.0985	4.96243	0.0272644
40.1941	30.6708	4.96273	0.0278817
34.9506	19.1174	4.95562	0.0270144
34.4425	16.5071	4.9403	0.0270244
37.1403	16.5071	4.94127	0.0270193
38.204	22.4261	4.96132	0.0270419
35.1786	22.6161	4.9613	0.0270306
36.4861	20.8667	4.95915	0.0270233
32.1075	19.1174	4.95573	0.0270102
28.8815	20.2128	4.95891	0.0269982
28.6113	17.5512	4.94973	0.0270203
38.204	22.4261	4.96132	0.0270419
35.7802	24.7062	4.96211	0.0270789
35.1786	22.6161	4.9613	0.0270306
32.7002	24.7062	4.9622	0.0270615
29.1279	22.9961	4.96175	0.0270002
32.4267	21.856	4.96082	0.0270109
45.7731	27.8393	4.96258	0.0273689
48.1005	24.7062	4.96255	0.0271423
48.7787	27.6505	4.96258	0.0273791
38.8603	24.7062	4.96216	0.0271012
41.2294	22.236	4.96144	0.0270471
41.9404	24.7062	4.96229	0.0271141
38.8603	24.7062	4.96216	0.0271012
38.204	22.4261	4.96132	0.0270419
41.2294	22.236	4.96144	0.0270471
36.8893	27.6505	4.96239	0.0272985
38.8603	24.7062	4.96216	0.0271012
39.9888	27.0985	4.96243	0.0272644
35.7802	24.7062	4.96211	0.0270789
38.204	22.4261	4.96132	0.0270419
38.8603	24.7062	4.96216	0.0271012
33.7508	28.5944	4.96254	0.0273812
35.7802	24.7062	4.96211	0.0270789
36.8893	27.6505	4.96239	0.0272985
32.7002	24.7062	4.9622	0.0270615
32.4267	21.856	4.96082	0.0270109
35.1786	22.6161	4.9613	0.0270306
37.7936	19.1174	4.95585	0.0270164
40.5089	19.4825	4.95794	0.0270173
38.204	22.4261	4.96132	0.0270419
35.1786	22.6161	4.9613	0.0270306
32.4267	21.856	4.96082	0.0270109
34.9506	19.1174	4.95562	0.0270144
36.4861	20.8667	4.95915	0.0270233
35.1786	22.6161	4.9613	0.0270306
34.9506	19.1174	4.95562	0.0270144
37.7936	19.1174	4.95585	0.0270164
36.4861	20.8667	4.95915	0.0270233
34.9506	19.1174	4.95562	0.0270144
37.7936	19.1174	4.95585	0.0270164
38.204	22.4261	4.96132	0.0270419
36.4861	20.8667	4.95915	0.0270233
35.7802	24.7062	4.96211	0.0270789
32.7002	24.7062	4.9622	0.0270615
35.1786	22.6161	4.9613	0.0270306
33.7508	28.5944	4.96254	0.0273812
32.7002	24.7062	4.9622	0.0270615
35.7802	24.7062	4.96211	0.0270789
29.1279	22.9961	4.96175	0.0270002
28.8815	20.2128	4.95891	0.0269982
32.4267	21.856	4.96082	0.0270109
37.1403	16.5071	4.94127	0.0270193
39.693	16.8552	4.94659	0.0270116
37.7936	19.1174	4.95585	0.0270164
44.3095	21.856	4.96166	0.0270461
47.2801	21.856	4.96206	0.0270563
45.0204	24.7062	4.96245	0.0271236
41.9404	24.7062	4.96229	0.0271141
44.3095	21.856	4.96166	0.0270461
45.0204	24.7062	4.96245	0.0271236
43.4158	19.3	4.95894	0.0270154
46.3226	19.1174	4.96013	0.0270187
44.3095	21.856	4.96166	0.0270461
28.0866	46.2515	4.93756	0.039431
31.0776	49.3292	4.87344	0.0377566
28.0388	49.3292	4.94047	0.0421692
25	43.1354	4.9363	0.0379299
28.1154	43.1354	4.93815	0.037065
28.0866	46.2515	4.93756	0.039431
37.3464	46.2515	0.184098	0.0303487
34.3294	43.6157	0.209683	0.0299571
37.5191	43.9145	0.211301	0.0303789
31.226	43.7137	4.86956	0.0333418
31.2788	41.1758	4.05361	0.0274581
34.3294	43.6157	0.209683	0.0299571
28.0866	46.2515	4.93756	0.039431
31.226	43.7137	4.86956	0.0333418
31.1732	46.2515	4.85102	0.0343425
28.1154	43.1354	4.93815	0.037065
31.2788	41.1758	4.05361	0.0274581
31.226	43.7137	4.86956	0.0333418
25	46.2515	4.94944	0.0410872
25	43.1354	4.9363	0.0379299
28.0866	46.2515	4.93756	0.039431
28.125	40	4.94405	0.0325166
31.2788	41.1758	4.05361	0.0274581
28.1154	43.1354	4.93815	0.037065
28.125	40	4.94405	0.0325166
31.2019	38.0404	4.08654	0.0254643
31.2788	41.1758	4.05361	0.0274581
31.2019	38.0404	4.08654	0.0254643
34.399	40.9798	4.01718	0.0255233
31.2788	41.1758	4.05361	0.0274581
28.0866	33.7485	4.95971	0.0286961
31.3171	35.696	4.95999	0.0299125
28.1154	36.8646	4.9559	0.0304784
37.3464	33.7485	4.96122	0.0289267
37.1553	30.6708	4.96245	0.027885
40.1941	30.6708	4.96273	0.0278817
37.4615	36.8646	4.95138	0.029984
37.3464	33.7485	4.96122	0.0289267
40.433	33.7485	4.96278	0.0290926
37.4615	36.8646	4.95138	0.029984
34.3221	37.8444	4.07812	0.0247244
34.1596	34.7385	4.95991	0.0293358
34.1596	34.7385	4.95991	0.0293358
33.997	31.6326	4.96246	0.0281609
37.3464	33.7485	4.96122	0.0289267
31.3171	35.696	4.95999	0.0299125
34.1596	34.7385	4.95991	0.0293358
34.3221	37.8444	4.07812	0.0247244
31.3171	35.696	4.95999	0.0299125
30.9343	31.8249	4.96271	0.0281632
34.1596	34.7385	4.95991	0.0293358
30.9343	31.8249	4.96271	0.0281632
33.7508	28.5944	4.96254	0.0273812
33.997	31.6326	4.96246	0.0281609
40.433	46.2515	4.86743	0.0350316
40.6201	43.7197	4.89236	0.0347171
43.5196	46.2515	4.94259	0.0400185
46.8029	37.0605	4.96346	0.031886
43.75	40	4.95712	0.0337844
43.6827	37.2565	4.96228	0.0316508
49.9231	43.1354	4.96411	0.0404396
46.8798	40.196	4.96343	0.0373513
50	40	4.96372	0.0348795
49.9231	43.1354	4.96411	0.0404396
49.6928	46.2515	4.96459	0.0427702
46.8077	43.1354	4.96198	0.0401333
25	43.1354	4.9363	0.0379299
25	46.2515	4.94944	0.0410872
22.0142	44.8882	4.91756	0.0390888
25	40	4.92073	0.0322624
25	43.1354	4.9363	0.0379299
21.9183	41.7637	4.85863	0.0351685
25	40	4.92073	0.0322624
28.1154	43.1354	4.93815	0.037065
25	43.1354	4.9363	0.0379299
31.2019	38.0404	4.08654	0.0254643
28.125	40	4.94405	0.0325166
28.1154	36.8646	4.9559	0.0304784
28.1154	43.1354	4.93815	0.037065
31.226	43.7137	4.86956	0.0333418
28.0866	46.2515	4.93756	0.039431
18.7981	41.9596	0.226745	0.0348346
15.601	39.0202	0.231495	0.0296991
18.7212	38.8242	0.207137	0.0294601
17.2523	44.2036	4.88243	0.0370332
15.7402	46.2515	4.93624	0.0396016
14.1489	44.3016	4.92793	0.0375072
18.7981	41.9596	0.226745	0.0348346
17.2523	44.2036	4.88243	0.0370332
15.6779	42.1556	4.85875	0.0345888
18.8268	46.2515	4.92515	0.0398274
15.7402	46.2515	4.93624	0.0396016
17.2523	44.2036	4.88243	0.0370332
21.7462	47.598	4.94785	0.0420699
18.8268	46.2515	4.92515	0.0398274
22.0142	44.8882	4.91756	0.0390888
21.7462	47.598	4.94785	0.0420699
18.9224	49.3292	4.95265	0.0431853
18.8268	46.2515	4.92515	0.0398274
15.6779	42.1556	4.85875	0.0345888
15.601	39.0202	0.231495	0.0296991
18.7981	41.9596	0.226745	0.0348346
18.8268	46.2515	4.92515	0.0398274
17.2523	44.2036	4.88243	0.0370332
18.7981	41.9596	0.226745	0.0348346
14.1489	44.3016	4.92793	0.0375072
12.6536	46.2515	4.95147	0.0399531
12.5577	42.3516	4.9294	0.0357769
15.6779	42.1556	4.85875	0.0345888
14.1489	44.3016	4.92793	0.0375072
12.5577	42.3516	4.9294	0.0357769
15.7402	46.2515	4.93624	0.0396016
12.6536	46.2515	4.95147	0.0399531
14.1489	44.3016	4.92793	0.0375072
12.7118	50.0843	4.95775	0.0437645
12.6536	46.2515	4.95147	0.0399531
15.8835	49.3292	4.95523	0.0429076
16.083	52.3495	4.95114	0.0471341
13.1107	52.3495	4.95099	0.0467757
15.8835	49.3292	4.95523	0.0429076
18.9224	49.3292	4.95265	0.0431853
16.083	52.3495	4.95114	0.0471341
15.8835	49.3292	4.95523	0.0429076
13.1107	52.3495	4.95099	0.0467757
10.6893	54.7417	4.9268	0.0520674
10.1383	52.3495	4.95091	0.046347
15.8835	49.3292	4.95523	0.0429076
13.1107	52.3495	4.95099	0.0467757
12.7118	50.0843	4.95775	0.0437645
14.2198	55.2938	4.91742	0.0572453
10.6893	54.7417	4.9268	0.0520674
13.1107	52.3495	4.95099	0.0467757
17.0264	56.2438	4.90207	0.0656929
14.2198	55.2938	4.91742	0.0572453
16.083	52.3495	4.95114	0.0471341
17.2808	59.0298	4.78463	0.109375
17.5295	61.7527	0.106567	4.72092
15.0494	60.8826	0.126735	0.136097
17.0264	56.2438	4.90207	0.0656929
17.2808	59.0298	4.78463	0.109375
14.6026	58.144	4.81742	0.0857919
17.0264	56.2438	4.90207	0.0656929
20.0518	56.4338	4.90295	0.0684672
17.2808	59.0298	4.78463	0.109375
7.16598	52.3495	4.95172	0.0462098
8.05963	55.2938	4.91703	0.052717
4.92487	55.4838	4.9194	0.0538136
6.76709	49.3292	4.96173	0.043505
7.16598	52.3495	4.95172	0.0462098
4.19365	52.3495	4.95348	0.0463929
10.1383	52.3495	4.95091	0.046347
8.05963	55.2938	4.91703	0.052717
7.16598	52.3495	4.95172	0.0462098
12.7118	50.0843	4.95775	0.0437645
10.1383	52.3495	4.95091	0.046347
9.70619	49.8955	4.95941	0.043657
10.6893	54.7417	4.9268	0.0520674
8.05963	55.2938	4.91703	0.052717
10.1383	52.3495	4.95091	0.046347
12.5577	42.3516	4.9294	0.0357769
12.5	40	4.90763	0.0311255
15.6779	42.1556	4.85875	0.0345888
9.61019	45.6673	4.96083	0.0401574
12.5577	42.3516	4.9294	0.0357769
12.6536	46.2515	4.95147	0.0399531
9.61019	45.6673	4.96083	0.0401574
6.31731	42.7435	4.96213	0.0381402
9.4375	42.5475	4.95478	0.0370593
-3.10282e-28	40	4.96347	0.036099
3.125	40	4.96302	0.0336286
3.19711	42.9395	4.96375	0.038727
-3.10282e-28	40	4.96347	0.036099
0.076922	36.8646	4.96289	0.0312182
3.125	40	4.96302	0.0336286
46.6062	46.2515	4.96167	0.0423274
46.2717	49.3292	4.96072	0.0433828
43.5196	46.2515	4.94259	0.0400185
43.6923	43.1354	4.9494	0.0385124
46.6062	46.2515	4.96167	0.0423274
43.5196	46.2515	4.94259	0.0400185
49.6928	46.2515	4.96459	0.0427702
49.3105	49.3292	4.96365	0.0438466
46.6062	46.2515	4.96167	0.0423274
27.4517	72.3429	0.0296538	0.048179
25	72.3429	0.0296584	0.0528174
27.0253	69.2491	0.0327929	0.0816687
24.7277	76.3587	0.0289972	0.0342351
26.189	74.0896	0.0292047	0.0405444
27.2733	75.6267	0.0290107	0.0350177
24.7277	76.3587	0.0289972	0.0342351
23.0327	74.7883	0.0291181	0.0404887
26.189	74.0896	0.0292047	0.0405444
23.0339	79.8761	0.028927	0.0311008
21.0802	79.5053	0.0289188	0.031832
21.6827	78.0345	0.0289308	0.0323522
19.6759	76.9444	0.028938	0.0337791
19.0551	74.0896	0.0292048	0.0434425
21.4331	74.0896	0.0292179	0.0449618
19.6759	76.9444	0.028938	0.0337791
18.1801	75.6267	0.0290253	0.0370427
19.0551	74.0896	0.0292048	0.0434425
21.4331	74.0896	0.0292179	0.0449618
23.0327	74.7883	0.0291181	0.0404887
22.3999	76.5052	0.0289861	0.0349162
20.0967	72.3429	0.0296972	0.0607416
22.5483	72.3429	0.0297215	0.0619529
21.4331	74.0896	0.0292179	0.0449618
16.5527	73.7985	0.0292427	0.0417239
17.645	72.3429	0.0296689	0.0512506
19.0551	74.0896	0.0292048	0.0434425
19.193	69.7412	0.0318929	0.0974604
21.8037	69.5771	0.0323152	4.57985
20.0967	72.3429	0.0296972	0.0607416
21.8037	69.5771	0.0323152	4.57985
23.75	70.3973	0.0311198	0.0824079
22.5483	72.3429	0.0297215	0.0619529
21.6827	78.0345	0.0289308	0.0323522
19.1515	78.89	0.0289112	0.0324305
19.6759	76.9444	0.028938	0.0337791
22.3999	76.5052	0.0289861	0.0349162
19.6759	76.9444	0.028938	0.0337791
21.4331	74.0896	0.0292179	0.0449618
22.3999	76.5052	0.0289861	0.0349162
21.6827	78.0345	0.0289308	0.0323522
19.6759	76.9444	0.028938	0.0337791
24.7277	76.3587	0.0289972	0.0342351
22.3999	76.5052	0.0289861	0.0349162
23.0327	74.7883	0.0291181	0.0404887
24.7277	76.3587	0.0289972	0.0342351
24.9752	78.5234	0.0289474	0.0313346
23.329	78.279	0.0289398	0.0318317
21.0802	79.5053	0.0289188	0.031832
19.1515	78.89	0.0289112	0.0324305
21.6827	78.0345	0.0289308	0.0323522
25	80	0.0289417	0.0309251
24.9752	78.5234	0.0289474	0.0313346
26.9661	79.8761	0.0289443	0.0306625
19.6759	76.9444	0.028938	0.0337791
19.1515	78.89	0.0289112	0.0324305
17.2597	78.0345	0.0289261	0.0336174
28.3173	78.0345	0.0289323	0.0313748
30.8485	78.89	0.0288452	0.0314934
28.9198	79.5053	0.0289207	0.0310281
18.1801	75.6267	0.0290253	0.0370427
19.6759	76.9444	0.028938	0.0337791
17.2597	78.0345	0.0289261	0.0336174
15.4167	76.9444	0.0289557	0.0349757
18.1801	75.6267	0.0290253	0.0370427
17.2597	78.0345	0.0289261	0.0336174
23.0327	74.7883	0.0291181	0.0404887
21.4331	74.0896	0.0292179	0.0449618
22.5483	72.3429	0.0297215	0.0619529
15.4167	76.9444	0.0289557	0.0349757
16.5527	73.7985	0.0292427	0.0417239
18.1801	75.6267	0.0290253	0.0370427
20.0967	72.3429	0.0296972	0.0607416
21.8037	69.5771	0.0323152	4.57985
22.5483	72.3429	0.0297215	0.0619529
15.4167	76.9444	0.0289557	0.0349757
13.6336	75.6267	0.029136	0.039018
14.237	73.9441	0.0292583	0.0414286
29.3832	76.0659	0.0288942	0.0336468
31.3712	77.1646	0.0287799	0.0325245
28.3173	78.0345	0.0289323	0.0313748
31.9219	75.3472	0.0286781	0.0348703
34.5833	76.9444	0.0284403	0.0337153
32.7403	78.0345	0.0287018	0.0322985
14.237	73.9441	0.0292583	0.0414286
11.9212	74.0896	0.0294175	0.044295
12.7417	72.3429	0.0297318	0.0487417
11.25	70.3973	0.0310811	0.0654151
12.7417	72.3429	0.0297318	0.0487417
10.2901	72.3429	0.0301769	0.0553492
17.645	72.3429	0.0296689	0.0512506
16.5527	73.7985	0.0292427	0.0417239
15.1934	72.3429	0.0296601	0.0477976
19.193	69.7412	0.0318929	0.0974604
17.645	72.3429	0.0296689	0.0512506
16.25	70.3973	0.0309552	0.0651463
20.0967	72.3429	0.0296972	0.0607416
19.0551	74.0896	0.0292048	0.0434425
17.645	72.3429	0.0296689	0.0512506
19.0551	74.0896	0.0292048	0.0434425
18.1801	75.6267	0.0290253	0.0370427
16.5527	73.7985	0.0292427	0.0417239
32.355	72.3429	0.0288542	0.0445378
34.8066	72.3429	0.0283623	0.0441243
33.3228	74.0896	0.0284601	0.0376554
33.3228	74.0896	0.0284601	0.0376554
31.9219	75.3472	0.0286781	0.0348703
30.9297	73.8705	0.0288491	0.0387796
35.7008	74.0896	0.0281098	0.0388318
33.3228	74.0896	0.0284601	0.0376554
34.8066	72.3429	0.0283623	0.0441243
34.5833	76.9444	0.0284403	0.0337153
31.9219	75.3472	0.0286781	0.0348703
33.3228	74.0896	0.0284601	0.0376554
17.4187	68.2649	0.0346113	0.113468
14.8915	68.2649	0.0339063	0.0975941
16.8484	65.9587	0.0433377	4.68828
16.25	70.3973	0.0309552	0.0651463
13.513	70.6966	0.0305599	0.058545
14.8915	68.2649	0.0339063	0.0975941
19.193	69.7412	0.0318929	0.0974604
16.25	70.3973	0.0309552	0.0651463
17.4187	68.2649	0.0346113	0.113468
15.1934	72.3429	0.0296601	0.0477976
14.237	73.9441	0.0292583	0.0414286
12.7417	72.3429	0.0297318	0.0487417
17.645	72.3429	0.0296689	0.0512506
15.1934	72.3429	0.0296601	0.0477976
16.25	70.3973	0.0309552	0.0651463
16.5527	73.7985	0.0292427	0.0417239
14.237	73.9441	0.0292583	0.0414286
15.1934	72.3429	0.0296601	0.0477976
12.7417	72.3429	0.0297318	0.0487417
11.25	70.3973	0.0310811	0.0654151
13.513	70.6966	0.0305599	0.058545
8.74996	70.3973	0.0320969	0.0783251
11.25	70.3973	0.0310811	0.0654151
10.2901	72.3429	0.0301769	0.0553492
12.3644	68.2649	0.0340046	0.0961042
13.846	66.4528	0.0397336	0.127179
14.8915	68.2649	0.0339063	0.0975941
9.83732	68.2649	0.0346445	0.110166
12.3644	68.2649	0.0340046	0.0961042
11.25	70.3973	0.0310811	0.0654151
9.83732	68.2649	0.0346445	0.110166
11.414	65.9587	0.0429932	4.62087
12.3644	68.2649	0.0340046	0.0961042
9.83732	68.2649	0.0346445	0.110166
11.25	70.3973	0.0310811	0.0654151
8.74996	70.3973	0.0320969	0.0783251
14.8915	68.2649	0.0339063	0.0975941
13.513	70.6966	0.0305599	0.058545
12.3644	68.2649	0.0340046	0.0961042
15.1934	72.3429	0.0296601	0.0477976
12.7417	72.3429	0.0297318	0.0487417
13.513	70.6966	0.0305599	0.058545
15.4167	76.9444	0.0289557	0.0349757
14.237	73.9441	0.0292583	0.0414286
16.5527	73.7985	0.0292427	0.0417239
13.6336	75.6267	0.029136	0.039018
11.9212	74.0896	0.0294175	0.044295
14.237	73.9441	0.0292583	0.0414286
11.9212	74.0896	0.0294175	0.044295
10.2901	72.3429	0.0301769	0.0553492
12.7417	72.3429	0.0297318	0.0487417
7.31021	68.2649	0.0369486	0.132817
9.83732	68.2649	0.0346445	0.110166
8.74996	70.3973	0.0320969	0.0783251
7.31021	68.2649	0.0369486	0.132817
5.97957	65.9587	0.0499481	4.69561
8.78345	65.7825	0.0454864	4.66894
28.3173	78.0345	0.0289323	0.0313748
28.9198	79.5053	0.0289207	0.0310281
26.9661	79.8761	0.0289443	0.0306625
31.3712	77.1646	0.0287799	0.0325245
31.9219	75.3472	0.0286781	0.0348703
32.7403	78.0345	0.0287018	0.0322985
28.3173	78.0345	0.0289323	0.0313748
31.3712	77.1646	0.0287799	0.0325245
30.8485	78.89	0.0288452	0.0314934
29.3832	76.0659	0.0288942	0.0336468
31.9219	75.3472	0.0286781	0.0348703
31.3712	77.1646	0.0287799	0.0325245
27.2733	75.6267	0.0290107	0.0350177
29.3832	76.0659	0.0288942	0.0336468
28.3173	78.0345	0.0289323	0.0313748
28.5669	74.0896	0.0290832	0.0388925
29.9033	72.3429	0.0293665	0.0467342
30.9297	73.8705	0.0288491	0.0387796
27.2733	75.6267	0.0290107	0.0350177
28.5669	74.0896	0.0290832	0.0388925
29.3832	76.0659	0.0288942	0.0336468
27.2733	75.6267	0.0290107	0.0350177
26.189	74.0896	0.0292047	0.0405444
28.5669	74.0896	0.0290832	0.0388925
26.2439	77.6257	0.0289602	0.0319586
27.2733	75.6267	0.0290107	0.0350177
28.3173	78.0345	0.0289323	0.0313748
26.9661	79.8761	0.0289443	0.0306625
26.2439	77.6257	0.0289602	0.0319586
28.3173	78.0345	0.0289323	0.0313748
24.9752	78.5234	0.0289474	0.0313346
24.7277	76.3587	0.0289972	0.0342351
26.2439	77.6257	0.0289602	0.0319586
31.0572	70.658	0.0301351	0.0594178
30.0542	68.2649	0.0357471	4.51358
32.2468	68.921	0.0320065	0.074956
31.0572	70.658	0.0301351	0.0594178
28.75	70.3973	0.0310735	0.0656528
30.0542	68.2649	0.0357471	4.51358
33.75	70.3973	0.0295581	0.0545384
31.0572	70.658	0.0301351	0.0594178
32.2468	68.921	0.0320065	0.074956
29.9033	72.3429	0.0293665	0.0467342
28.75	70.3973	0.0310735	0.0656528
31.0572	70.658	0.0301351	0.0594178
30.9297	73.8705	0.0288491	0.0387796
29.9033	72.3429	0.0293665	0.0467342
32.355	72.3429	0.0288542	0.0445378
33.3228	74.0896	0.0284601	0.0376554
30.9297	73.8705	0.0288491	0.0387796
32.355	72.3429	0.0288542	0.0445378
31.9219	75.3472	0.0286781	0.0348703
29.3832	76.0659	0.0288942	0.0336468
30.9297	73.8705	0.0288491	0.0387796
28.5669	74.0896	0.0290832	0.0388925
26.189	74.0896	0.0292047	0.0405444
27.4517	72.3429	0.0296538	0.048179
25	72.3429	0.0296584	0.0528174
23.75	70.3973	0.0311198	0.0824079
27.0253	69.2491	0.0327929	0.0816687
26.9661	79.8761	0.0289443	0.0306625
24.9752	78.5234	0.0289474	0.0313346
26.2439	77.6257	0.0289602	0.0319586
27.0253	69.2491	0.0327929	0.0816687
24.3347	67.1118	0.0387345	0.139215
26.9568	67.2765	0.0386403	0.108958
19.0904	66.7823	0.0401676	0.161798
19.999	65.078	0.0534655	4.73831
22.2828	65.9587	0.0444944	4.71342
17.4187	68.2649	0.0346113	0.113468
19.0904	66.7823	0.0401676	0.161798
19.193	69.7412	0.0318929	0.0974604
17.4187	68.2649	0.0346113	0.113468
16.8484	65.9587	0.0433377	4.68828
19.0904	66.7823	0.0401676	0.161798
27.4517	72.3429	0.0296538	0.048179
28.75	70.3973	0.0310735	0.0656528
29.9033	72.3429	0.0293665	0.0467342
28.5669	74.0896	0.0290832	0.0388925
27.4517	72.3429	0.0296538	0.048179
29.9033	72.3429	0.0293665	0.0467342
26.189	74.0896	0.0292047	0.0405444
25	72.3429	0.0296584	0.0528174
27.4517	72.3429	0.0296538	0.048179
27.0253	69.2491	0.0327929	0.0816687
26.9568	67.2765	0.0386403	0.108958
30.0542	68.2649	0.0357471	4.51358
27.4517	72.3429	0.0296538	0.048179
27.0253	69.2491	0.0327929	0.0816687
28.75	70.3973	0.0310735	0.0656528
23.75	70.3973	0.0311198	0.0824079
24.3347	67.1118	0.0387345	0.139215
27.0253	69.2491	0.0327929	0.0816687
34.8233	67.7707	0.0342119	0.0798038
37.4455	67.9354	0.033498	4.49235
36.25	70.3973	0.0290183	0.0589312
31.3712	77.1646	0.0287799	0.0325245
32.7403	78.0345	0.0287018	0.0322985
30.8485	78.89	0.0288452	0.0314934
23.329	78.279	0.0289398	0.0318317
22.3999	76.5052	0.0289861	0.0349162
24.7277	76.3587	0.0289972	0.0342351
23.0339	79.8761	0.028927	0.0311008
23.329	78.279	0.0289398	0.0318317
24.9752	78.5234	0.0289474	0.0313346
21.6827	78.0345	0.0289308	0.0323522
22.3999	76.5052	0.0289861	0.0349162
23.329	78.279	0.0289398	0.0318317
21.6827	78.0345	0.0289308	0.0323522
23.329	78.279	0.0289398	0.0318317
23.0339	79.8761	0.028927	0.0311008
25	72.3429	0.0296584	0.0528174
26.189	74.0896	0.0292047	0.0405444
23.0327	74.7883	0.0291181	0.0404887
27.2733	75.6267	0.0290107	0.0350177
26.2439	77.6257	0.0289602	0.0319586
24.7277	76.3587	0.0289972	0.0342351
25	80	0.0289417	0.0309251
23.0339	79.8761	0.028927	0.0311008
24.9752	78.5234	0.0289474	0.0313346
35.7008	74.0896	0.0281098	0.0388318
37.3942	72.4885	0.0280016	0.0457762
38.0788	74.0896	0.0278895	0.0420739
34.5833	76.9444	0.0284403	0.0337153
35.7008	74.0896	0.0281098	0.0388318
36.3664	75.6267	0.0281342	0.0372378
34.8066	72.3429	0.0283623	0.0441243
37.3942	72.4885	0.0280016	0.0457762
35.7008	74.0896	0.0281098	0.0388318
34.5833	76.9444	0.0284403	0.0337153
33.3228	74.0896	0.0284601	0.0376554
35.7008	74.0896	0.0281098	0.0388318
33.75	70.3973	0.0295581	0.0545384
36.25	70.3973	0.0290183	0.0589312
34.8066	72.3429	0.0283623	0.0441243
35.7008	74.0896	0.0281098	0.0388318
38.0788	74.0896	0.0278895	0.0420739
36.3664	75.6267	0.0281342	0.0372378
37.4455	67.9354	0.033498	4.49235
38.75	70.3973	0.0289503	0.05942
36.25	70.3973	0.0290183	0.0589312
39.7099	72.3429	0.0281649	0.0500177
38.0788	74.0896	0.0278895	0.0420739
37.3942	72.4885	0.0280016	0.0457762
36.25	70.3973	0.0290183	0.0589312
33.75	70.3973	0.0295581	0.0545384
34.8233	67.7707	0.0342119	0.0798038
37.3942	72.4885	0.0280016	0.0457762
36.25	70.3973	0.0290183	0.0589312
38.75	70.3973	0.0289503	0.05942
37.3942	72.4885	0.0280016	0.0457762
34.8066	72.3429	0.0283623	0.0441243
36.25	70.3973	0.0290183	0.0589312
15.5575	63.4929	0.0702478	4.68694
16.8484	65.9587	0.0433377	4.68828
13.846	66.4528	0.0397336	0.127179
11.414	65.9587	0.0429932	4.62087
12.8597	63.4929	0.0643669	0.13974
13.846	66.4528	0.0397336	0.127179
15.0494	60.8826	0.126735	0.136097
17.5295	61.7527	0.106567	4.72092
15.5575	63.4929	0.0702478	4.68694
15.5575	63.4929	0.0702478	4.68694
17.5295	61.7527	0.106567	4.72092
16.8484	65.9587	0.0433377	4.68828
11.6319	58.144	4.81096	0.0804746
14.6026	58.144	4.81742	0.0857919
12.3979	60.3349	0.140434	4.57248
14.6026	58.144	4.81742	0.0857919
17.2808	59.0298	4.78463	0.109375
15.0494	60.8826	0.126735	0.136097
20.363	63.0044	0.0841651	4.73959
19.999	65.078	0.0534655	4.73831
17.5295	61.7527	0.106567	4.72092
20.7355	60.8826	0.14406	4.6736
20.363	63.0044	0.0841651	4.73959
17.5295	61.7527	0.106567	4.72092
20.7355	60.8826	0.14406	4.6736
23.0704	62.1007	0.104914	0.166143
20.363	63.0044	0.0841651	4.73959
11.6319	58.144	4.81096	0.0804746
10.6893	54.7417	4.9268	0.0520674
14.2198	55.2938	4.91742	0.0572453
9.3634	60.8826	0.123552	0.108158
11.6319	58.144	4.81096	0.0804746
12.3979	60.3349	0.140434	4.57248
8.66123	58.144	4.81584	0.069576
10.6893	54.7417	4.9268	0.0520674
11.6319	58.144	4.81096	0.0804746
5.69054	58.144	4.82801	0.0730835
4.92487	55.4838	4.9194	0.0538136
8.05963	55.2938	4.91703	0.052717
6.4478	61.0566	0.125733	0.110553
5.69054	58.144	4.82801	0.0730835
8.66123	58.144	4.81584	0.069576
3.67737	60.8826	0.154255	4.51442
2.71986	58.144	4.8582	0.071853
5.69054	58.144	4.82801	0.0730835
36.8222	64.0212	0.059443	0.0847858
39.6261	63.8451	0.0604083	0.0777066
38.586	65.9587	0.0412081	0.0801342
34.1521	62.7968	0.0882249	4.56693
36.8222	64.0212	0.059443	0.0847858
35.8688	65.9587	0.0416404	0.0919591
37.7936	60.8826	0.131011	0.0654756
39.6261	63.8451	0.0604083	0.0777066
36.8222	64.0212	0.059443	0.0847858
38.75	70.3973	0.0289503	0.05942
40.1627	68.2649	0.0325429	0.0709027
41.25	70.3973	0.0298506	0.05685
37.3942	72.4885	0.0280016	0.0457762
38.75	70.3973	0.0289503	0.05942
39.7099	72.3429	0.0281649	0.0500177
37.4455	67.9354	0.033498	4.49235
40.1627	68.2649	0.0325429	0.0709027
38.75	70.3973	0.0289503	0.05942
35.8688	65.9587	0.0416404	0.0919591
37.4455	67.9354	0.033498	4.49235
34.8233	67.7707	0.0342119	0.0798038
33.1516	65.9587	0.0441548	0.0989949
35.8688	65.9587	0.0416404	0.0919591
34.8233	67.7707	0.0342119	0.0798038
34.1521	62.7968	0.0882249	4.56693
34.9506	60.8826	0.138588	0.0898168
36.8222	64.0212	0.059443	0.0847858
38.75	70.3973	0.0289503	0.05942
41.25	70.3973	0.0298506	0.05685
39.7099	72.3429	0.0281649	0.0500177
38.586	65.9587	0.0412081	0.0801342
40.1627	68.2649	0.0325429	0.0709027
37.4455	67.9354	0.033498	4.49235
41.3032	65.9587	0.0424198	0.0779596
42.6898	68.2649	0.0349222	0.0677655
40.1627	68.2649	0.0325429	0.0709027
41.3032	65.9587	0.0424198	0.0779596
44.0204	65.9587	0.0477172	0.0849163
42.6898	68.2649	0.0349222	0.0677655
41.25	70.3973	0.0298506	0.05685
40.1627	68.2649	0.0325429	0.0709027
42.6898	68.2649	0.0349222	0.0677655
36.8222	64.0212	0.059443	0.0847858
34.9506	60.8826	0.138588	0.0898168
37.7936	60.8826	0.131011	0.0654756
2.71986	58.144	4.8582	0.071853
4.92487	55.4838	4.9194	0.0538136
5.69054	58.144	4.82801	0.0730835
8.66123	58.144	4.81584	0.069576
8.05963	55.2938	4.91703	0.052717
10.6893	54.7417	4.9268	0.0520674
6.4478	61.0566	0.125733	0.110553
8.66123	58.144	4.81584	0.069576
9.3634	60.8826	0.123552	0.108158
5.69054	58.144	4.82801	0.0730835
8.05963	55.2938	4.91703	0.052717
8.66123	58.144	4.81584	0.069576
1.8995	55.2938	4.93226	0.0518994
4.92487	55.4838	4.9194	0.0538136
2.71986	58.144	4.8582	0.071853
1.8995	55.2938	4.93226	0.0518994
1.22131	52.3495	4.95579	0.046145
4.19365	52.3495	4.95348	0.0463929
41.3032	65.9587	0.0424198	0.0779596
42.43	63.669	0.0661447	4.50949
44.0204	65.9587	0.0477172	0.0849163
43.4796	60.8826	0.130981	0.0679769
40.6366	60.8826	0.128663	0.0672639
41.4664	58.5091	4.80525	0.052414
45.2338	63.4929	0.0782865	0.0831183
43.4796	60.8826	0.130981	0.0679769
46.3226	60.8826	0.150171	0.0593352
42.43	63.669	0.0661447	4.50949
40.6366	60.8826	0.128663	0.0672639
43.4796	60.8826	0.130981	0.0679769
41.4664	58.5091	4.80525	0.052414
38.5596	58.6917	4.79757	0.0540861
38.8603	55.2938	4.91328	0.0447751
46.3226	60.8826	0.150171	0.0593352
43.4796	60.8826	0.130981	0.0679769
44.2548	57.954	4.83669	0.0496781
42.43	63.669	0.0661447	4.50949
39.6261	63.8451	0.0604083	0.0777066
40.6366	60.8826	0.128663	0.0672639
44.0204	65.9587	0.0477172	0.0849163
42.43	63.669	0.0661447	4.50949
45.2338	63.4929	0.0782865	0.0831183
36.8222	64.0212	0.059443	0.0847858
38.586	65.9587	0.0412081	0.0801342
35.8688	65.9587	0.0416404	0.0919591
40.6366	60.8826	0.128663	0.0672639
39.6261	63.8451	0.0604083	0.0777066
37.7936	60.8826	0.131011	0.0654756
38.586	65.9587	0.0412081	0.0801342
37.4455	67.9354	0.033498	4.49235
35.8688	65.9587	0.0416404	0.0919591
41.3032	65.9587	0.0424198	0.0779596
38.586	65.9587	0.0412081	0.0801342
39.6261	63.8451	0.0604083	0.0777066
41.3032	65.9587	0.0424198	0.0779596
40.1627	68.2649	0.0325429	0.0709027
38.586	65.9587	0.0412081	0.0801342
32.2468	68.921	0.0320065	0.074956
30.4344	65.9587	0.046435	0.107874
33.1516	65.9587	0.0441548	0.0989949
21.7285	50.6506	4.95532	0.0452652
19.0553	52.3495	4.95222	0.0473041
18.9224	49.3292	4.95265	0.0431853
21.7462	47.598	4.94785	0.0420699
21.7285	50.6506	4.95532	0.0452652
18.9224	49.3292	4.95265	0.0431853
15.8835	49.3292	4.95523	0.0429076
18.8268	46.2515	4.92515	0.0398274
18.9224	49.3292	4.95265	0.0431853
22.0142	44.8882	4.91756	0.0390888
25	46.2515	4.94944	0.0410872
21.7462	47.598	4.94785	0.0420699
24.7341	50.8393	4.95642	0.0455821
22.4091	54.0056	4.94181	0.0525593
21.7285	50.6506	4.95532	0.0452652
26.54	55.2938	4.92407	0.05771
26.4853	58.144	4.84641	0.0860228
23.0771	56.6239	4.9013	0.0677888
30.9447	52.3495	4.91224	0.0429035
29.6201	55.2938	4.92402	0.0526737
27.9723	52.3495	4.94313	0.046183
26.4853	58.144	4.84641	0.0860228
26.4215	60.8826	0.147287	4.6184
24.0253	59.6046	4.76585	0.112554
29.6201	55.2938	4.92402	0.0526737
26.4853	58.144	4.84641	0.0860228
26.54	55.2938	4.92407	0.05771
29.6201	55.2938	4.92402	0.0526737
32.1533	57.1939	4.87699	0.061886
29.839	59.2394	4.80145	0.0907605
17.2808	59.0298	4.78463	0.109375
20.7355	60.8826	0.14406	4.6736
17.5295	61.7527	0.106567	4.72092
23.0771	56.6239	4.9013	0.0677888
20.3936	58.6582	4.8132	0.105972
20.0518	56.4338	4.90295	0.0684672
23.0771	56.6239	4.9013	0.0677888
24.0253	59.6046	4.76585	0.112554
20.3936	58.6582	4.8132	0.105972
39.0601	41.8598	4.87819	0.0324901
37.5191	43.9145	0.211301	0.0303789
37.5	40	4.91021	0.02993
40.625	40	4.93701	0.0317965
39.0601	41.8598	4.87819	0.0324901
37.5	40	4.91021	0.02993
40.6201	43.7197	4.89236	0.0347171
37.5191	43.9145	0.211301	0.0303789
39.0601	41.8598	4.87819	0.0324901
40.6201	43.7197	4.89236	0.0347171
40.433	46.2515	4.86743	0.0350316
37.5191	43.9145	0.211301	0.0303789
43.6923	43.1354	4.9494	0.0385124
40.6201	43.7197	4.89236	0.0347171
40.625	40	4.93701	0.0317965
43.6923	43.1354	4.9494	0.0385124
43.5196	46.2515	4.94259	0.0400185
40.6201	43.7197	4.89236	0.0347171
46.8798	40.196	4.96343	0.0373513
43.6923	43.1354	4.9494	0.0385124
43.75	40	4.95712	0.0337844
46.8077	43.1354	4.96198	0.0401333
49.6928	46.2515	4.96459	0.0427702
46.6062	46.2515	4.96167	0.0423274
37.5	40	4.91021	0.02993
34.399	40.9798	4.01718	0.0255233
34.3221	37.8444	4.07812	0.0247244
40.5769	36.8646	4.95864	0.0306806
37.5	40	4.91021	0.02993
37.4615	36.8646	4.95138	0.029984
40.625	40	4.93701	0.0317965
40.6201	43.7197	4.89236	0.0347171
39.0601	41.8598	4.87819	0.0324901
40.1224	48.7521	4.87555	0.0363593
37.0597	48.5598	0.204667	0.0325475
37.3464	46.2515	0.184098	0.0303487
34.1165	49.3292	0.211115	0.0336416
36.7564	51.5944	4.85994	0.037099
34.1289	53.2696	4.88993	0.0417722
31.1732	46.2515	4.85102	0.0343425
34.1165	49.3292	0.211115	0.0336416
31.0776	49.3292	4.87344	0.0377566
28.0866	46.2515	4.93756	0.039431
31.1732	46.2515	4.85102	0.0343425
31.0776	49.3292	4.87344	0.0377566
34.3294	43.6157	0.209683	0.0299571
34.399	40.9798	4.01718	0.0255233
37.5191	43.9145	0.211301	0.0303789
31.1732	46.2515	4.85102	0.0343425
31.226	43.7137	4.86956	0.0333418
34.2598	46.2515	0.180743	0.0301105
31.2788	41.1758	4.05361	0.0274581
34.399	40.9798	4.01718	0.0255233
34.3294	43.6157	0.209683	0.0299571
37.0597	48.5598	0.204667	0.0325475
36.7564	51.5944	4.85994	0.037099
34.1165	49.3292	0.211115	0.0336416
37.3464	46.2515	0.184098	0.0303487
37.0597	48.5598	0.204667	0.0325475
34.2598	46.2515	0.180743	0.0301105
40.433	46.2515	4.86743	0.0350316
37.3464	46.2515	0.184098	0.0303487
37.5191	43.9145	0.211301	0.0303789
40.433	46.2515	4.86743	0.0350316
40.1224	48.7521	4.87555	0.0363593
37.3464	46.2515	0.184098	0.0303487
40.1224	48.7521	4.87555	0.0363593
36.7564	51.5944	4.85994	0.037099
37.0597	48.5598	0.204667	0.0325475
46.2717	49.3292	4.96072	0.0433828
45.8487	52.5335	4.95353	0.0440595
43.2329	49.3292	4.94397	0.0413038
34.1165	49.3292	0.211115	0.0336416
34.1289	53.2696	4.88993	0.0417722
30.9447	52.3495	4.91224	0.0429035
7.464	63.4929	0.0691652	4.64917
8.78345	65.7825	0.0454864	4.66894
5.97957	65.9587	0.0499481	4.69561
6.4478	61.0566	0.125733	0.110553
7.464	63.4929	0.0691652	4.64917
4.76616	63.4929	0.0792615	0.143475
6.4478	61.0566	0.125733	0.110553
9.3634	60.8826	0.123552	0.108158
7.464	63.4929	0.0691652	4.64917
12.3979	60.3349	0.140434	4.57248
10.1618	63.4929	0.0637451	0.140447
9.3634	60.8826	0.123552	0.108158
12.8597	63.4929	0.0643669	0.13974
15.0494	60.8826	0.126735	0.136097
15.5575	63.4929	0.0702478	4.68694
12.3644	68.2649	0.0340046	0.0961042
13.513	70.6966	0.0305599	0.058545
11.25	70.3973	0.0310811	0.0654151
16.8484	65.9587	0.0433377	4.68828
14.8915	68.2649	0.0339063	0.0975941
13.846	66.4528	0.0397336	0.127179
17.4187	68.2649	0.0346113	0.113468
16.25	70.3973	0.0309552	0.0651463
14.8915	68.2649	0.0339063	0.0975941
19.999	65.078	0.0534655	4.73831
19.0904	66.7823	0.0401676	0.161798
16.8484	65.9587	0.0433377	4.68828
19.193	69.7412	0.0318929	0.0974604
20.0967	72.3429	0.0296972	0.0607416
17.645	72.3429	0.0296689	0.0512506
9.83732	68.2649	0.0346445	0.110166
8.78345	65.7825	0.0454864	4.66894
11.414	65.9587	0.0429932	4.62087
6.48041	46.2515	4.96331	0.0412104
3.72828	49.3292	4.9623	0.0437643
3.39381	46.2515	4.96417	0.041556
9.70619	49.8955	4.95941	0.043657
6.76709	49.3292	4.96173	0.043505
9.61019	45.6673	4.96083	0.0401574
9.70619	49.8955	4.95941	0.043657
10.1383	52.3495	4.95091	0.046347
7.16598	52.3495	4.95172	0.0462098
13.1107	52.3495	4.95099	0.0467757
10.1383	52.3495	4.95091	0.046347
12.7118	50.0843	4.95775	0.0437645
4.19365	52.3495	4.95348	0.0463929
3.72828	49.3292	4.9623	0.0437643
6.76709	49.3292	4.96173	0.043505
1.8995	55.2938	4.93226	0.0518994
4.19365	52.3495	4.95348	0.0463929
4.92487	55.4838	4.9194	0.0538136
1.22131	52.3495	4.95579	0.046145
3.72828	49.3292	4.9623	0.0437643
4.19365	52.3495	4.95348	0.0463929
22.2828	65.9587	0.0444944	4.71342
23.0704	62.1007	0.104914	0.166143
25.6067	64.7258	0.0562995	4.66692
21.8037	69.5771	0.0323152	4.57985
22.2828	65.9587	0.0444944	4.71342
24.3347	67.1118	0.0387345	0.139215
19.999	65.078	0.0534655	4.73831
20.363	63.0044	0.0841651	4.73959
22.2828	65.9587	0.0444944	4.71342
21.8037	69.5771	0.0323152	4.57985
19.193	69.7412	0.0318929	0.0974604
19.0904	66.7823	0.0401676	0.161798
16.8484	65.9587	0.0433377	4.68828
17.5295	61.7527	0.106567	4.72092
19.999	65.078	0.0534655	4.73831
22.2828	65.9587	0.0444944	4.71342
20.363	63.0044	0.0841651	4.73959
23.0704	62.1007	0.104914	0.166143
16.25	70.3973	0.0309552	0.0651463
15.1934	72.3429	0.0296601	0.0477976
13.513	70.6966	0.0305599	0.058545
7.464	63.4929	0.0691652	4.64917
10.1618	63.4929	0.0637451	0.140447
8.78345	65.7825	0.0454864	4.66894
20.0518	56.4338	4.90295	0.0684672
19.0553	52.3495	4.95222	0.0473041
22.4091	54.0056	4.94181	0.0525593
20.3936	58.6582	4.8132	0.105972
17.2808	59.0298	4.78463	0.109375
20.0518	56.4338	4.90295	0.0684672
15.0494	60.8826	0.126735	0.136097
12.8597	63.4929	0.0643669	0.13974
12.3979	60.3349	0.140434	4.57248
9.3634	60.8826	0.123552	0.108158
8.66123	58.144	4.81584	0.069576
11.6319	58.144	4.81096	0.0804746
9.70619	49.8955	4.95941	0.043657
7.16598	52.3495	4.95172	0.0462098
6.76709	49.3292	4.96173	0.043505
13.1107	52.3495	4.95099	0.0467757
16.083	52.3495	4.95114	0.0471341
14.2198	55.2938	4.91742	0.0572453
23.0771	56.6239	4.9013	0.0677888
22.4091	54.0056	4.94181	0.0525593
26.54	55.2938	4.92407	0.05771
20.7355	60.8826	0.14406	4.6736
20.3936	58.6582	4.8132	0.105972
24.0253	59.6046	4.76585	0.112554
20.0518	56.4338	4.90295	0.0684672
22.4091	54.0056	4.94181	0.0525593
23.0771	56.6239	4.9013	0.0677888
20.7355	60.8826	0.14406	4.6736
17.2808	59.0298	4.78463	0.109375
20.3936	58.6582	4.8132	0.105972
17.0264	56.2438	4.90207	0.0656929
19.0553	52.3495	4.95222	0.0473041
20.0518	56.4338	4.90295	0.0684672
6.30769	36.8646	4.95998	0.0305454
6.24038	39.6081	4.96048	0.0328022
3.19231	36.8646	4.96248	0.0309959
9.49534	33.1714	4.95645	0.0280087
9.42308	36.8646	4.9498	0.0297761
6.43263	33.3637	4.96126	0.0285458
6.31731	42.7435	4.96213	0.0381402
3.125	40	4.96302	0.0336286
6.24038	39.6081	4.96048	0.0328022
9.4375	42.5475	4.95478	0.0370593
12.5	40	4.90763	0.0311255
12.5577	42.3516	4.9294	0.0357769
6.30769	36.8646	4.95998	0.0305454
9.36058	39.4121	4.94963	0.0317432
6.24038	39.6081	4.96048	0.0328022
9.42308	36.8646	4.9498	0.0297761
12.5385	36.8646	4.91296	0.028759
9.36058	39.4121	4.94963	0.0317432
15.8122	34.7222	4.89202	0.0270248
12.5385	36.8646	4.91296	0.028759
12.7112	34.5275	4.93549	0.0277048
9.4375	42.5475	4.95478	0.0370593
12.5577	42.3516	4.9294	0.0357769
9.61019	45.6673	4.96083	0.0401574
6.24038	39.6081	4.96048	0.0328022
9.4375	42.5475	4.95478	0.0370593
6.31731	42.7435	4.96213	0.0381402
9.36058	39.4121	4.94963	0.0317432
12.5	40	4.90763	0.0311255
9.4375	42.5475	4.95478	0.0370593
15.601	39.0202	0.231495	0.0296991
12.5	40	4.90763	0.0311255
12.5385	36.8646	4.91296	0.028759
15.601	39.0202	0.231495	0.0296991
15.6779	42.1556	4.85875	0.0345888
12.5	40	4.90763	0.0311255
6.48041	46.2515	4.96331	0.0412104
6.76709	49.3292	4.96173	0.043505
3.72828	49.3292	4.9623	0.0437643
6.31731	42.7435	4.96213	0.0381402
6.48041	46.2515	4.96331	0.0412104
3.39381	46.2515	4.96417	0.041556
9.61019	45.6673	4.96083	0.0401574
6.76709	49.3292	4.96173	0.043505
6.48041	46.2515	4.96331	0.0412104
12.7118	50.0843	4.95775	0.0437645
9.70619	49.8955	4.95941	0.043657
11.1799	48.0735	4.95841	0.0419371
3.19711	42.9395	4.96375	0.038727
0.076922	43.1354	4.96399	0.0389161
-3.10282e-28	40	4.96347	0.036099
6.31731	42.7435	4.96213	0.0381402
3.19711	42.9395	4.96375	0.038727
3.125	40	4.96302	0.0336286
3.39381	46.2515	4.96417	0.041556
0.307214	46.2515	4.96427	0.0415328
3.19711	42.9395	4.96375	0.038727
45.0204	55.2938	4.92402	0.0452976
41.9404	55.2938	4.91817	0.0452228
42.834	52.3495	4.94667	0.0429678
48.1005	55.2938	4.93311	0.0448852
45.0204	55.2938	4.92402	0.0452976
45.8487	52.5335	4.95353	0.0440595
44.2548	57.954	4.83669	0.0496781
41.9404	55.2938	4.91817	0.0452228
45.0204	55.2938	4.92402	0.0452976
46.3226	60.8826	0.150171	0.0593352
44.2548	57.954	4.83669	0.0496781
47.2801	58.144	4.8569	0.0480847
41.4664	58.5091	4.80525	0.052414
38.8603	55.2938	4.91328	0.0447751
41.9404	55.2938	4.91817	0.0452228
27.9723	52.3495	4.94313	0.046183
28.0388	49.3292	4.94047	0.0421692
30.9447	52.3495	4.91224	0.0429035
19.0553	52.3495	4.95222	0.0473041
21.7285	50.6506	4.95532	0.0452652
22.4091	54.0056	4.94181	0.0525593
25	46.2515	4.94944	0.0410872
28.0388	49.3292	4.94047	0.0421692
24.7341	50.8393	4.95642	0.0455821
21.7285	50.6506	4.95532	0.0452652
21.7462	47.598	4.94785	0.0420699
24.7341	50.8393	4.95642	0.0455821
15.6779	42.1556	4.85875	0.0345888
17.2523	44.2036	4.88243	0.0370332
14.1489	44.3016	4.92793	0.0375072
22.0142	44.8882	4.91756	0.0390888
18.8268	46.2515	4.92515	0.0398274
18.7981	41.9596	0.226745	0.0348346
15.8835	49.3292	4.95523	0.0429076
12.6536	46.2515	4.95147	0.0399531
15.7402	46.2515	4.93624	0.0396016
17.0264	56.2438	4.90207	0.0656929
16.083	52.3495	4.95114	0.0471341
19.0553	52.3495	4.95222	0.0473041
4.19365	52.3495	4.95348	0.0463929
7.16598	52.3495	4.95172	0.0462098
4.92487	55.4838	4.9194	0.0538136
21.9183	41.7637	4.85863	0.0351685
25	43.1354	4.9363	0.0379299
22.0142	44.8882	4.91756	0.0390888
28.125	40	4.94405	0.0325166
25	40	4.92073	0.0322624
28.1154	36.8646	4.9559	0.0304784
25	30.6708	4.96001	0.0272455
25.1151	35.3065	4.94537	0.0286612
21.9134	33.7485	4.93472	0.0272457
31.3171	35.696	4.95999	0.0299125
28.0866	33.7485	4.95971	0.0286961
30.9343	31.8249	4.96271	0.0281632
28.1154	36.8646	4.9559	0.0304784
25.1151	35.3065	4.94537	0.0286612
28.0866	33.7485	4.95971	0.0286961
33.7508	28.5944	4.96254	0.0273812
37.1553	30.6708	4.96245	0.027885
33.997	31.6326	4.96246	0.0281609
21.8846	36.8646	4.87652	0.0284348
21.9014	39.3141	0.259221	0.030844
18.7212	38.8242	0.207137	0.0294601
28.1154	36.8646	4.9559	0.0304784
25	40	4.92073	0.0322624
25.1151	35.3065	4.94537	0.0286612
28.125	40	4.94405	0.0325166
28.1154	43.1354	4.93815	0.037065
25	40	4.92073	0.0322624
3.72828	49.3292	4.9623	0.0437643
1.22131	52.3495	4.95579	0.046145
0.68946	49.3292	4.96275	0.0437009
0.307214	46.2515	4.96427	0.0415328
3.39381	46.2515	4.96417	0.041556
0.68946	49.3292	4.96275	0.0437009
11.1799	48.0735	4.95841	0.0419371
12.6536	46.2515	4.95147	0.0399531
12.7118	50.0843	4.95775	0.0437645
9.61019	45.6673	4.96083	0.0401574
11.1799	48.0735	4.95841	0.0419371
9.70619	49.8955	4.95941	0.043657
9.61019	45.6673	4.96083	0.0401574
12.6536	46.2515	4.95147	0.0399531
11.1799	48.0735	4.95841	0.0419371
31.3817	62.6228	0.0979503	4.61619
34.1521	62.7968	0.0882249	4.56693
33.1516	65.9587	0.0441548	0.0989949
26.9568	67.2765	0.0386403	0.108958
28.4106	64.5496	0.0617343	0.12534
30.4344	65.9587	0.046435	0.107874
29.839	59.2394	4.80145	0.0907605
33.5519	59.0383	4.79982	0.0746513
31.3817	62.6228	0.0979503	4.61619
28.6113	62.4488	0.102106	0.132529
29.839	59.2394	4.80145	0.0907605
31.3817	62.6228	0.0979503	4.61619
20.7355	60.8826	0.14406	4.6736
24.0253	59.6046	4.76585	0.112554
23.0704	62.1007	0.104914	0.166143
25.6371	53.0665	4.94553	0.0496195
24.7341	50.8393	4.95642	0.0455821
27.9723	52.3495	4.94313	0.046183
22.4091	54.0056	4.94181	0.0525593
25.6371	53.0665	4.94553	0.0496195
26.54	55.2938	4.92407	0.05771
22.4091	54.0056	4.94181	0.0525593
24.7341	50.8393	4.95642	0.0455821
25.6371	53.0665	4.94553	0.0496195
29.6201	55.2938	4.92402	0.0526737
31.8745	54.2817	4.91363	0.0473148
32.1533	57.1939	4.87699	0.061886
34.2598	46.2515	0.180743	0.0301105
34.3294	43.6157	0.209683	0.0299571
37.3464	46.2515	0.184098	0.0303487
31.1732	46.2515	4.85102	0.0343425
34.2598	46.2515	0.180743	0.0301105
34.1165	49.3292	0.211115	0.0336416
34.2598	46.2515	0.180743	0.0301105
31.226	43.7137	4.86956	0.0333418
34.3294	43.6157	0.209683	0.0299571
35.6527	58.8743	4.79069	0.063827
38.5596	58.6917	4.79757	0.0540861
37.7936	60.8826	0.131011	0.0654756
33.5519	59.0383	4.79982	0.0746513
35.6527	58.8743	4.79069	0.063827
34.9506	60.8826	0.138588	0.0898168
35.7802	55.2938	4.90871	0.0456613
38.5596	58.6917	4.79757	0.0540861
35.6527	58.8743	4.79069	0.063827
42.43	63.669	0.0661447	4.50949
43.4796	60.8826	0.130981	0.0679769
45.2338	63.4929	0.0782865	0.0831183
6.48041	46.2515	4.96331	0.0412104
6.31731	42.7435	4.96213	0.0381402
9.61019	45.6673	4.96083	0.0401574
0.68946	49.3292	4.96275	0.0437009
3.39381	46.2515	4.96417	0.041556
3.72828	49.3292	4.9623	0.0437643
0.307214	46.2515	4.96427	0.0415328
0.076922	43.1354	4.96399	0.0389161
3.19711	42.9395	4.96375	0.038727
6.4478	61.0566	0.125733	0.110553
4.76616	63.4929	0.0792615	0.143475
3.67737	60.8826	0.154255	4.51442
5.69054	58.144	4.82801	0.0730835
6.4478	61.0566	0.125733	0.110553
3.67737	60.8826	0.154255	4.51442
9.3634	60.8826	0.123552	0.108158
10.1618	63.4929	0.0637451	0.140447
7.464	63.4929	0.0691652	4.64917
14.6026	58.144	4.81742	0.0857919
15.0494	60.8826	0.126735	0.136097
12.3979	60.3349	0.140434	4.57248
14.2198	55.2938	4.91742	0.0572453
14.6026	58.144	4.81742	0.0857919
11.6319	58.144	4.81096	0.0804746
14.2198	55.2938	4.91742	0.0572453
17.0264	56.2438	4.90207	0.0656929
14.6026	58.144	4.81742	0.0857919
7.464	63.4929	0.0691652	4.64917
5.97957	65.9587	0.0499481	4.69561
4.76616	63.4929	0.0792615	0.143475
11.414	65.9587	0.0429932	4.62087
13.846	66.4528	0.0397336	0.127179
12.3644	68.2649	0.0340046	0.0961042
10.1618	63.4929	0.0637451	0.140447
11.414	65.9587	0.0429932	4.62087
8.78345	65.7825	0.0454864	4.66894
12.8597	63.4929	0.0643669	0.13974
15.5575	63.4929	0.0702478	4.68694
13.846	66.4528	0.0397336	0.127179
10.1618	63.4929	0.0637451	0.140447
12.8597	63.4929	0.0643669	0.13974
11.414	65.9587	0.0429932	4.62087
10.1618	63.4929	0.0637451	0.140447
12.3979	60.3349	0.140434	4.57248
12.8597	63.4929	0.0643669	0.13974
9.83732	68.2649	0.0346445	0.110166
7.31021	68.2649	0.0369486	0.132817
8.78345	65.7825	0.0454864	4.66894
31.8745	54.2817	4.91363	0.0473148
30.9447	52.3495	4.91224	0.0429035
34.1289	53.2696	4.88993	0.0417722
35.7802	55.2938	4.90871	0.0456613
31.8745	54.2817	4.91363	0.0473148
34.1289	53.2696	4.88993	0.0417722
29.6201	55.2938	4.92402	0.0526737
30.9447	52.3495	4.91224	0.0429035
31.8745	54.2817	4.91363	0.0473148
29.839	59.2394	4.80145	0.0907605
26.4853	58.144	4.84641	0.0860228
29.6201	55.2938	4.92402	0.0526737
33.5519	59.0383	4.79982	0.0746513
29.839	59.2394	4.80145	0.0907605
32.1533	57.1939	4.87699	0.061886
35.7802	55.2938	4.90871	0.0456613
33.5519	59.0383	4.79982	0.0746513
32.1533	57.1939	4.87699	0.061886
34.9506	60.8826	0.138588	0.0898168
31.3817	62.6228	0.0979503	4.61619
33.5519	59.0383	4.79982	0.0746513
28.6113	62.4488	0.102106	0.132529
26.4215	60.8826	0.147287	4.6184
29.839	59.2394	4.80145	0.0907605
26.54	55.2938	4.92407	0.05771
27.9723	52.3495	4.94313	0.046183
29.6201	55.2938	4.92402	0.0526737
25.6371	53.0665	4.94553	0.0496195
27.9723	52.3495	4.94313	0.046183
26.54	55.2938	4.92407	0.05771
24.7341	50.8393	4.95642	0.0455821
28.0388	49.3292	4.94047	0.0421692
27.9723	52.3495	4.94313	0.046183
22.5483	72.3429	0.0297215	0.0619529
23.75	70.3973	0.0311198	0.0824079
25	72.3429	0.0296584	0.0528174
23.0327	74.7883	0.0291181	0.0404887
22.5483	72.3429	0.0297215	0.0619529
25	72.3429	0.0296584	0.0528174
21.4331	74.0896	0.0292179	0.0449618
19.0551	74.0896	0.0292048	0.0434425
20.0967	72.3429	0.0296972	0.0607416
19.0904	66.7823	0.0401676	0.161798
22.2828	65.9587	0.0444944	4.71342
21.8037	69.5771	0.0323152	4.57985
24.3347	67.1118	0.0387345	0.139215
23.75	70.3973	0.0311198	0.0824079
21.8037	69.5771	0.0323152	4.57985
27.0253	69.2491	0.0327929	0.0816687
30.0542	68.2649	0.0357471	4.51358
28.75	70.3973	0.0310735	0.0656528
25.6067	64.7258	0.0562995	4.66692
28.4106	64.5496	0.0617343	0.12534
26.9568	67.2765	0.0386403	0.108958
22.2828	65.9587	0.0444944	4.71342
25.6067	64.7258	0.0562995	4.66692
24.3347	67.1118	0.0387345	0.139215
23.0704	62.1007	0.104914	0.166143
26.4215	60.8826	0.147287	4.6184
25.6067	64.7258	0.0562995	4.66692
30.4344	65.9587	0.046435	0.107874
30.0542	68.2649	0.0357471	4.51358
26.9568	67.2765	0.0386403	0.108958
28.6113	62.4488	0.102106	0.132529
31.3817	62.6228	0.0979503	4.61619
28.4106	64.5496	0.0617343	0.12534
25.6067	64.7258	0.0562995	4.66692
28.6113	62.4488	0.102106	0.132529
28.4106	64.5496	0.0617343	0.12534
26.4215	60.8826	0.147287	4.6184
26.4853	58.144	4.84641	0.0860228
29.839	59.2394	4.80145	0.0907605
25.6067	64.7258	0.0562995	4.66692
26.4215	60.8826	0.147287	4.6184
28.6113	62.4488	0.102106	0.132529
24.0253	59.6046	4.76585	0.112554
23.0771	56.6239	4.9013	0.0677888
26.4853	58.144	4.84641	0.0860228
33.1516	65.9587	0.0441548	0.0989949
34.8233	67.7707	0.0342119	0.0798038
32.2468	68.921	0.0320065	0.074956
31.3817	62.6228	0.0979503	4.61619
33.1516	65.9587	0.0441548	0.0989949
30.4344	65.9587	0.046435	0.107874
34.1521	62.7968	0.0882249	4.56693
35.8688	65.9587	0.0416404	0.0919591
33.1516	65.9587	0.0441548	0.0989949
32.355	72.3429	0.0288542	0.0445378
33.75	70.3973	0.0295581	0.0545384
34.8066	72.3429	0.0283623	0.0441243
29.3832	76.0659	0.0288942	0.0336468
28.5669	74.0896	0.0290832	0.0388925
30.9297	73.8705	0.0288491	0.0387796
31.0572	70.658	0.0301351	0.0594178
33.75	70.3973	0.0295581	0.0545384
32.355	72.3429	0.0288542	0.0445378
29.9033	72.3429	0.0293665	0.0467342
31.0572	70.658	0.0301351	0.0594178
32.355	72.3429	0.0288542	0.0445378
28.4106	64.5496	0.0617343	0.12534
31.3817	62.6228	0.0979503	4.61619
30.4344	65.9587	0.046435	0.107874
24.3347	67.1118	0.0387345	0.139215
25.6067	64.7258	0.0562995	4.66692
26.9568	67.2765	0.0386403	0.108958
23.0704	62.1007	0.104914	0.166143
24.0253	59.6046	4.76585	0.112554
26.4215	60.8826	0.147287	4.6184
30.4344	65.9587	0.046435	0.107874
32.2468	68.921	0.0320065	0.074956
30.0542	68.2649	0.0357471	4.51358
34.8233	67.7707	0.0342119	0.0798038
33.75	70.3973	0.0295581	0.0545384
32.2468	68.921	0.0320065	0.074956
43.2329	49.3292	4.94397	0.0413038
40.1224	48.7521	4.87555	0.0363593
40.433	46.2515	4.86743	0.0350316
48.7787	52.3495	4.95733	0.0441797
45.8487	52.5335	4.95353	0.0440595
46.2717	49.3292	4.96072	0.0433828
42.834	52.3495	4.94667	0.0429678
40.1224	48.7521	4.87555	0.0363593
43.2329	49.3292	4.94397	0.0413038
47.2801	58.144	4.8569	0.0480847
44.2548	57.954	4.83669	0.0496781
45.0204	55.2938	4.92402	0.0452976
38.8603	55.2938	4.91328	0.0447751
35.7802	55.2938	4.90871	0.0456613
36.7564	51.5944	4.85994	0.037099
41.9404	55.2938	4.91817	0.0452228
38.8603	55.2938	4.91328	0.0447751
39.8617	52.3495	4.91959	0.040678
45.8487	52.5335	4.95353	0.0440595
45.0204	55.2938	4.92402	0.0452976
42.834	52.3495	4.94667	0.0429678
41.4664	58.5091	4.80525	0.052414
40.6366	60.8826	0.128663	0.0672639
38.5596	58.6917	4.79757	0.0540861
44.2548	57.954	4.83669	0.0496781
41.4664	58.5091	4.80525	0.052414
41.9404	55.2938	4.91817	0.0452228
44.2548	57.954	4.83669	0.0496781
43.4796	60.8826	0.130981	0.0679769
41.4664	58.5091	4.80525	0.052414
38.5596	58.6917	4.79757	0.0540861
35.7802	55.2938	4.90871	0.0456613
38.8603	55.2938	4.91328	0.0447751
6.31731	42.7435	4.96213	0.0381402
3.39381	46.2515	4.96417	0.041556
3.19711	42.9395	4.96375	0.038727
45.8487	52.5335	4.95353	0.0440595
42.834	52.3495	4.94667	0.0429678
43.2329	49.3292	4.94397	0.0413038
48.1005	55.2938	4.93311	0.0448852
45.8487	52.5335	4.95353	0.0440595
48.7787	52.3495	4.95733	0.0441797
48.1005	55.2938	4.93311	0.0448852
47.2801	58.144	4.8569	0.0480847
45.0204	55.2938	4.92402	0.0452976
37.7936	60.8826	0.131011	0.0654756
38.5596	58.6917	4.79757	0.0540861
40.6366	60.8826	0.128663	0.0672639
41.3032	65.9587	0.0424198	0.0779596
39.6261	63.8451	0.0604083	0.0777066
42.43	63.669	0.0661447	4.50949
34.9506	60.8826	0.138588	0.0898168
35.6527	58.8743	4.79069	0.063827
37.7936	60.8826	0.131011	0.0654756
31.3817	62.6228	0.0979503	4.61619
34.9506	60.8826	0.138588	0.0898168
34.1521	62.7968	0.0882249	4.56693
33.5519	59.0383	4.79982	0.0746513
35.7802	55.2938	4.90871	0.0456613
35.6527	58.8743	4.79069	0.063827
31.8745	54.2817	4.91363	0.0473148
35.7802	55.2938	4.90871	0.0456613
32.1533	57.1939	4.87699	0.061886
34.1165	49.3292	0.211115	0.0336416
34.2598	46.2515	0.180743	0.0301105
37.0597	48.5598	0.204667	0.0325475
28.0388	49.3292	4.94047	0.0421692
31.0776	49.3292	4.87344	0.0377566
30.9447	52.3495	4.91224	0.0429035
28.0388	49.3292	4.94047	0.0421692
25	46.2515	4.94944	0.0410872
28.0866	46.2515	4.93756	0.039431
36.7564	51.5944	4.85994	0.037099
35.7802	55.2938	4.90871	0.0456613
34.1289	53.2696	4.88993	0.0417722
30.9447	52.3495	4.91224	0.0429035
31.0776	49.3292	4.87344	0.0377566
34.1165	49.3292	0.211115	0.0336416
40.1224	48.7521	4.87555	0.0363593
42.834	52.3495	4.94667	0.0429678
39.8617	52.3495	4.91959	0.040678
39.8617	52.3495	4.91959	0.040678
42.834	52.3495	4.94667	0.0429678
41.9404	55.2938	4.91817	0.0452228
36.7564	51.5944	4.85994	0.037099
39.8617	52.3495	4.91959	0.040678
38.8603	55.2938	4.91328	0.0447751
36.7564	51.5944	4.85994	0.037099
40.1224	48.7521	4.87555	0.0363593
39.8617	52.3495	4.91959	0.040678
18.9224	49.3292	4.95265	0.0431853
19.0553	52.3495	4.95222	0.0473041
16.083	52.3495	4.95114	0.0471341
15.7402	46.2515	4.93624	0.0396016
18.8268	46.2515	4.92515	0.0398274
15.8835	49.3292	4.95523	0.0429076
21.7462	47.598	4.94785	0.0420699
25	46.2515	4.94944	0.0410872
24.7341	50.8393	4.95642	0.0455821
22.0108	14.5924	4.91537	0.0270998
19.9458	11.7351	4.80711	0.0271698
23.0432	12.7235	4.86373	0.0271279
17.645	7.6571	0.0969269	0.0276929
18.75	9.60269	0.149301	0.0276609
16.5822	10.0948	4.72306	0.0272096
14.9215	7.36598	0.0924404	0.0276907
17.645	7.6571	0.0969269	0.0276929
16.5822	10.0948	4.72306	0.0272096
16.6772	5.91038	0.0663761	0.0277122
19.0551	5.91038	0.0632886	0.0277151
17.645	7.6571	0.0969269	0.0276929
20.0967	7.6571	0.090056	0.0276916
21.25	9.60269	0.147078	0.0276523
18.75	9.60269	0.149301	0.0276609
17.645	7.6571	0.0969269	0.0276929
19.0551	5.91038	0.0632886	0.0277151
20.0967	7.6571	0.090056	0.0276916
24.1844	6.78374	0.0775745	0.0276846
26.189	5.91038	0.0637848	0.0276842
25.4207	8.55507	0.126002	0.0276436
28.5669	5.91038	0.0628834	0.0276685
31.8199	4.37335	0.0484729	0.027664
31.1316	6.34706	0.0678091	0.0276444
26.9661	0.123895	0.0350667	0.0277217
28.4094	2.238	0.0386089	0.0277052
26.0648	3.0556	0.040984	0.0277147
28.9198	0.494728	0.036816	0.0277077
30.8485	1.10996	0.0381938	0.0276929
28.4094	2.238	0.0386089	0.0277052
31.25	9.60269	0.149489	0.0275849
33.75	9.60269	0.139447	0.027572
32.5813	11.7351	4.80736	0.0270917
30.9096	13.2177	4.88173	0.0270705
29.636	10.915	4.78106	0.0271216
32.5813	11.7351	4.80736	0.0270917
32.355	7.6571	0.0876084	0.0276161
33.4473	6.2015	0.0641277	0.0276308
34.9468	7.95642	0.0934037	0.0275936
29.9033	7.6571	0.0937512	0.0276311
32.355	7.6571	0.0876084	0.0276161
31.25	9.60269	0.149489	0.0275849
31.1316	6.34706	0.0678091	0.0276444
31.8199	4.37335	0.0484729	0.027664
33.4473	6.2015	0.0641277	0.0276308
29.9033	7.6571	0.0937512	0.0276311
31.1316	6.34706	0.0678091	0.0276444
32.355	7.6571	0.0876084	0.0276161
29.9033	7.6571	0.0937512	0.0276311
28.5669	5.91038	0.0628834	0.0276685
31.1316	6.34706	0.0678091	0.0276444
28.5669	5.91038	0.0628834	0.0276685
29.9033	7.6571	0.0937512	0.0276311
27.8022	8.40541	0.120328	0.0276298
25	4.37335	0.0484205	0.0277096
27.2733	4.37335	0.0486094	0.0276955
26.189	5.91038	0.0637848	0.0276842
27.2733	4.37335	0.0486094	0.0276955
30.3241	3.0556	0.0412813	0.0276869
28.5669	5.91038	0.0628834	0.0276685
31.1316	6.34706	0.0678091	0.0276444
33.4473	6.2015	0.0641277	0.0276308
32.355	7.6571	0.0876084	0.0276161
27.2733	4.37335	0.0486094	0.0276955
28.4094	2.238	0.0386089	0.0277052
30.3241	3.0556	0.0412813	0.0276869
26.189	5.91038	0.0637848	0.0276842
27.2733	4.37335	0.0486094	0.0276955
28.5669	5.91038	0.0628834	0.0276685
26.0648	3.0556	0.040984	0.0277147
28.4094	2.238	0.0386089	0.0277052
27.2733	4.37335	0.0486094	0.0276955
29.636	10.915	4.78106	0.0271216
29.9033	7.6571	0.0937512	0.0276311
31.25	9.60269	0.149489	0.0275849
25.4207	8.55507	0.126002	0.0276436
27.8022	8.40541	0.120328	0.0276298
27.0253	10.7509	4.78332	0.0271403
25.4207	8.55507	0.126002	0.0276436
26.189	5.91038	0.0637848	0.0276842
27.8022	8.40541	0.120328	0.0276298
26.3489	16.5071	4.94455	0.0270403
24.3933	15.2742	4.9291	0.0270708
25.6653	12.8882	4.88065	0.0271037
30.3241	3.0556	0.0412813	0.0276869
31.8199	4.37335	0.0484729	0.027664
28.5669	5.91038	0.0628834	0.0276685
30.8485	1.10996	0.0381938	0.0276929
30.3241	3.0556	0.0412813	0.0276869
28.4094	2.238	0.0386089	0.0277052
30.8485	1.10996	0.0381938	0.0276929
32.7403	1.96546	0.0411725	0.0276746
30.3241	3.0556	0.0412813	0.0276869
30.3241	3.0556	0.0412813	0.0276869
32.7403	1.96546	0.0411725	0.0276746
31.8199	4.37335	0.0484729	0.027664
23.9352	3.0556	0.0410489	0.0277256
25	4.37335	0.0484205	0.0277096
22.7267	4.37335	0.0479676	0.0277212
26.9661	0.123895	0.0350667	0.0277217
26.0648	3.0556	0.040984	0.0277147
25.0248	1.47661	0.0367858	0.0277278
26.9661	0.123895	0.0350667	0.0277217
28.9198	0.494728	0.036816	0.0277077
28.4094	2.238	0.0386089	0.0277052
25.0248	1.47661	0.0367858	0.0277278
25	-8.70219e-28	0.0356979	0.0277299
26.9661	0.123895	0.0350667	0.0277217
23.9352	3.0556	0.0410489	0.0277256
25.0248	1.47661	0.0367858	0.0277278
26.0648	3.0556	0.040984	0.0277147
23.9352	3.0556	0.0410489	0.0277256
23.0835	1.59882	0.0371474	0.0277352
25.0248	1.47661	0.0367858	0.0277278
32.7403	1.96546	0.0411725	0.0276746
34.5833	3.0556	0.0458862	0.0276528
31.8199	4.37335	0.0484729	0.027664
25	4.37335	0.0484205	0.0277096
26.0648	3.0556	0.040984	0.0277147
27.2733	4.37335	0.0486094	0.0276955
24.1844	6.78374	0.0775745	0.0276846
25	4.37335	0.0484205	0.0277096
26.189	5.91038	0.0637848	0.0276842
23.9352	3.0556	0.0410489	0.0277256
26.0648	3.0556	0.040984	0.0277147
25	4.37335	0.0484205	0.0277096
21.913	2.6468	0.0397294	0.0277352
23.9352	3.0556	0.0410489	0.0277256
22.7267	4.37335	0.0479676	0.0277212
23.0835	1.59882	0.0371474	0.0277352
23.0339	0.123895	0.0358034	0.0277374
25.0248	1.47661	0.0367858	0.0277278
21.913	2.6468	0.0397294	0.0277352
23.0835	1.59882	0.0371474	0.0277352
23.9352	3.0556	0.0410489	0.0277256
21.4331	5.91038	0.0624256	0.0277104
20.4534	4.37335	0.0485303	0.0277276
22.7267	4.37335	0.0479676	0.0277212
19.7476	2.78306	0.0414916	0.0277373
21.0802	0.494728	0.0364929	0.0277417
21.913	2.6468	0.0397294	0.0277352
23.0339	0.123895	0.0358034	0.0277374
25	-8.70219e-28	0.0356979	0.0277299
25.0248	1.47661	0.0367858	0.0277278
33.4473	6.2015	0.0641277	0.0276308
34.5833	3.0556	0.0458862	0.0276528
35.7008	5.91038	0.0657226	0.0276155
36.3664	4.37335	0.0594845	0.0276237
35.7008	5.91038	0.0657226	0.0276155
34.5833	3.0556	0.0458862	0.0276528
23.5785	19.1174	4.95715	0.0270222
26.3489	16.5071	4.94455	0.0270403
26.4215	19.1174	4.95653	0.0270099
23.0771	23.3761	4.96205	0.0269897
25.3391	26.1784	4.96239	0.0270297
22.0277	27.6505	4.96096	0.0269291
29.636	10.915	4.78106	0.0271216
27.8022	8.40541	0.120328	0.0276298
29.9033	7.6571	0.0937512	0.0276311
29.636	10.915	4.78106	0.0271216
27.0253	10.7509	4.78332	0.0271403
27.8022	8.40541	0.120328	0.0276298
32.5813	11.7351	4.80736	0.0270917
29.636	10.915	4.78106	0.0271216
31.25	9.60269	0.149489	0.0275849
28.2875	13.053	4.88576	0.0270845
27.0253	10.7509	4.78332	0.0271403
29.636	10.915	4.78106	0.0271216
23.0432	12.7235	4.86373	0.0271279
25.6653	12.8882	4.88065	0.0271037
24.3933	15.2742	4.9291	0.0270708
24.4145	10.5869	4.76264	0.0271646
25.4207	8.55507	0.126002	0.0276436
27.0253	10.7509	4.78332	0.0271403
23.0432	12.7235	4.86373	0.0271279
24.4145	10.5869	4.76264	0.0271646
25.6653	12.8882	4.88065	0.0271037
23.0432	12.7235	4.86373	0.0271279
21.25	9.60269	0.147078	0.0276523
24.4145	10.5869	4.76264	0.0271646
24.1844	6.78374	0.0775745	0.0276846
22.5483	7.6571	0.0931224	0.0276808
21.4331	5.91038	0.0624256	0.0277104
25	4.37335	0.0484205	0.0277096
24.1844	6.78374	0.0775745	0.0276846
22.7267	4.37335	0.0479676	0.0277212
25.4207	8.55507	0.126002	0.0276436
24.4145	10.5869	4.76264	0.0271646
22.5483	7.6571	0.0931224	0.0276808
24.4145	10.5869	4.76264	0.0271646
21.25	9.60269	0.147078	0.0276523
22.5483	7.6571	0.0931224	0.0276808
19.5656	14.0413	4.89931	0.0271256
20.9532	16.5071	4.94017	0.0270761
18.2554	16.5071	4.93984	0.0270941
19.9458	11.7351	4.80711	0.0271698
19.5656	14.0413	4.89931	0.0271256
17.7988	12.3941	4.84873	0.0271628
18.75	9.60269	0.149301	0.0276609
19.9458	11.7351	4.80711	0.0271698
17.7988	12.3941	4.84873	0.0271628
21.25	9.60269	0.147078	0.0276523
23.0432	12.7235	4.86373	0.0271279
19.9458	11.7351	4.80711	0.0271698
22.0108	14.5924	4.91537	0.0270998
20.9532	16.5071	4.94017	0.0270761
19.5656	14.0413	4.89931	0.0271256
19.9458	11.7351	4.80711	0.0271698
22.0108	14.5924	4.91537	0.0270998
19.5656	14.0413	4.89931	0.0271256
23.0432	12.7235	4.86373	0.0271279
24.3933	15.2742	4.9291	0.0270708
22.0108	14.5924	4.91537	0.0270998
17.7548	18.7251	4.95358	0.027069
20.7355	19.1174	4.95566	0.0270423
17.2541	20.9431	4.95947	0.0270472
16.8484	14.0413	4.9023	0.027137
18.2554	16.5071	4.93984	0.0270941
15.9817	15.8026	4.93261	0.0271146
20.9532	16.5071	4.94017	0.0270761
20.7355	19.1174	4.95566	0.0270423
18.2554	16.5071	4.93984	0.0270941
14.9215	7.36598	0.0924404	0.0276907
16.5822	10.0948	4.72306	0.0272096
13.513	9.30337	0.143336	0.0276595
12.6058	7.51154	0.0989843	0.0276782
14.9215	7.36598	0.0924404	0.0276907
13.513	9.30337	0.143336	0.0276595
13.6336	4.37335	0.0601256	0.0277104
15.4167	3.0556	0.0492482	0.0277259
16.6772	5.91038	0.0663761	0.0277122
19.7476	2.78306	0.0414916	0.0277373
19.1515	1.10996	0.0395077	0.02774
21.0802	0.494728	0.0364929	0.0277417
20.4534	4.37335	0.0485303	0.0277276
19.0551	5.91038	0.0632886	0.0277151
18.1801	4.37335	0.0504044	0.0277277
21.913	2.6468	0.0397294	0.0277352
20.4534	4.37335	0.0485303	0.0277276
19.7476	2.78306	0.0414916	0.0277373
21.4331	5.91038	0.0624256	0.0277104
19.0551	5.91038	0.0632886	0.0277151
20.4534	4.37335	0.0485303	0.0277276
24.1844	6.78374	0.0775745	0.0276846
21.4331	5.91038	0.0624256	0.0277104
22.7267	4.37335	0.0479676	0.0277212
20.0967	7.6571	0.090056	0.0276916
19.0551	5.91038	0.0632886	0.0277151
21.4331	5.91038	0.0624256	0.0277104
20.4534	4.37335	0.0485303	0.0277276
18.1801	4.37335	0.0504044	0.0277277
19.7476	2.78306	0.0414916	0.0277373
23.0835	1.59882	0.0371474	0.0277352
21.0802	0.494728	0.0364929	0.0277417
23.0339	0.123895	0.0358034	0.0277374
27.8022	8.40541	0.120328	0.0276298
26.189	5.91038	0.0637848	0.0276842
28.5669	5.91038	0.0628834	0.0276685
25.6653	12.8882	4.88065	0.0271037
24.4145	10.5869	4.76264	0.0271646
27.0253	10.7509	4.78332	0.0271403
22.5483	7.6571	0.0931224	0.0276808
20.0967	7.6571	0.090056	0.0276916
21.4331	5.91038	0.0624256	0.0277104
25.4207	8.55507	0.126002	0.0276436
22.5483	7.6571	0.0931224	0.0276808
24.1844	6.78374	0.0775745	0.0276846
21.25	9.60269	0.147078	0.0276523
20.0967	7.6571	0.090056	0.0276916
22.5483	7.6571	0.0931224	0.0276808
14.9215	7.36598	0.0924404	0.0276907
16.6772	5.91038	0.0663761	0.0277122
17.645	7.6571	0.0969269	0.0276929
21.913	2.6468	0.0397294	0.0277352
21.0802	0.494728	0.0364929	0.0277417
23.0835	1.59882	0.0371474	0.0277352
37.3284	7.80676	0.0980096	0.0275763
38.0788	5.91038	0.0788064	0.0275923
39.7099	7.6571	0.1168	0.0275548
33.4473	6.2015	0.0641277	0.0276308
35.7008	5.91038	0.0657226	0.0276155
34.9468	7.95642	0.0934037	0.0275936
33.75	9.60269	0.139447	0.027572
32.355	7.6571	0.0876084	0.0276161
34.9468	7.95642	0.0934037	0.0275936
31.8199	4.37335	0.0484729	0.027664
34.5833	3.0556	0.0458862	0.0276528
33.4473	6.2015	0.0641277	0.0276308
36.3664	4.37335	0.0594845	0.0276237
38.0788	5.91038	0.0788064	0.0275923
35.7008	5.91038	0.0657226	0.0276155
19.7476	2.78306	0.0414916	0.0277373
17.2597	1.96546	0.0429844	0.0277357
19.1515	1.10996	0.0395077	0.02774
18.1801	4.37335	0.0504044	0.0277277
16.6772	5.91038	0.0663761	0.0277122
15.4167	3.0556	0.0492482	0.0277259
19.7476	2.78306	0.0414916	0.0277373
18.1801	4.37335	0.0504044	0.0277277
17.2597	1.96546	0.0429844	0.0277357
19.0551	5.91038	0.0632886	0.0277151
16.6772	5.91038	0.0663761	0.0277122
18.1801	4.37335	0.0504044	0.0277277
21.913	2.6468	0.0397294	0.0277352
22.7267	4.37335	0.0479676	0.0277212
20.4534	4.37335	0.0485303	0.0277276
20.0967	7.6571	0.090056	0.0276916
18.75	9.60269	0.149301	0.0276609
17.645	7.6571	0.0969269	0.0276929
14.9215	7.36598	0.0924404	0.0276907
13.6336	4.37335	0.0601256	0.0277104
16.6772	5.91038	0.0663761	0.0277122
32.355	7.6571	0.0876084	0.0276161
33.75	9.60269	0.139447	0.027572
31.25	9.60269	0.149489	0.0275849
38.0788	5.91038	0.0788064	0.0275923
37.3284	7.80676	0.0980096	0.0275763
35.7008	5.91038	0.0657226	0.0276155
38.75	9.60269	0.15491	0.0275354
41.25	9.60269	0.187625	0.0275119
40.1627	11.7351	4.83427	0.0270467
36.25	9.60269	0.142538	0.0275555
38.75	9.60269	0.15491	0.0275354
37.4683	11.4071	4.79559	0.027071
39.7099	7.6571	0.1168	0.0275548
41.25	9.60269	0.187625	0.0275119
38.75	9.60269	0.15491	0.0275354
15.4167	3.0556	0.0492482	0.0277259
17.2597	1.96546	0.0429844	0.0277357
18.1801	4.37335	0.0504044	0.0277277
44.0204	14.0413	4.93425	0.0270053
41.2166	14.2175	4.92053	0.0270144
42.6898	11.7351	4.87688	0.0270277
14.9215	7.36598	0.0924404	0.0276907
12.6058	7.51154	0.0989843	0.0276782
13.6336	4.37335	0.0601256	0.0277104
15.1767	12.2293	4.84432	0.0271685
12.5545	12.0646	4.83006	0.0271687
13.513	9.30337	0.143336	0.0276595
16.5822	10.0948	4.72306	0.0272096
17.7988	12.3941	4.84873	0.0271628
15.1767	12.2293	4.84432	0.0271685
14.1312	14.0413	4.90267	0.0271413
12.5545	12.0646	4.83006	0.0271687
15.1767	12.2293	4.84432	0.0271685
15.9817	15.8026	4.93261	0.0271146
14.7591	18.4213	4.95251	0.0270896
13.1778	15.9788	4.93524	0.0271191
16.5822	10.0948	4.72306	0.0272096
18.75	9.60269	0.149301	0.0276609
17.7988	12.3941	4.84873	0.0271628
22.0108	14.5924	4.91537	0.0270998
24.3933	15.2742	4.9291	0.0270708
20.9532	16.5071	4.94017	0.0270761
11.4404	21.3083	4.96	0.0270797
12.2064	19.1174	4.95584	0.0270926
14.6026	21.856	4.96052	0.0270573
8.66123	21.856	4.96083	0.0270827
11.4404	21.3083	4.96	0.0270797
10.9756	24.1362	4.96168	0.0270726
8.66123	21.856	4.96083	0.0270827
9.3634	19.1174	4.95665	0.0270951
11.4404	21.3083	4.96	0.0270797
6.52038	19.1174	4.95821	0.0270906
7.464	16.5071	4.94822	0.0271104
9.3634	19.1174	4.95665	0.0270951
3.67737	19.1174	4.95969	0.0270832
6.52038	19.1174	4.95821	0.0270906
5.62671	21.6734	4.96115	0.027078
3.67737	19.1174	4.95969	0.0270832
4.76616	16.5071	4.95326	0.0271032
6.52038	19.1174	4.95821	0.0270906
10.1618	16.5071	4.9434	0.0271148
12.2064	19.1174	4.95584	0.0270926
9.3634	19.1174	4.95665	0.0270951
5.97957	14.0413	4.93351	0.0271235
8.69678	14.0413	4.91693	0.027133
7.464	16.5071	4.94822	0.0271104
11.414	14.0413	4.90531	0.0271395
13.1778	15.9788	4.93524	0.0271191
10.1618	16.5071	4.9434	0.0271148
15.1767	12.2293	4.84432	0.0271685
16.8484	14.0413	4.9023	0.027137
14.1312	14.0413	4.90267	0.0271413
6.52038	19.1174	4.95821	0.0270906
9.3634	19.1174	4.95665	0.0270951
8.66123	21.856	4.96083	0.0270827
14.7591	18.4213	4.95251	0.0270896
12.2064	19.1174	4.95584	0.0270926
13.1778	15.9788	4.93524	0.0271191
14.7591	18.4213	4.95251	0.0270896
14.6026	21.856	4.96052	0.0270573
12.2064	19.1174	4.95584	0.0270926
12.6058	7.51154	0.0989843	0.0276782
11.9212	5.91038	0.0854154	0.027687
13.6336	4.37335	0.0601256	0.0277104
11.25	9.60269	0.155424	0.027646
12.6058	7.51154	0.0989843	0.0276782
13.513	9.30337	0.143336	0.0276595
10.2901	7.6571	0.119272	0.0276616
11.9212	5.91038	0.0854154	0.027687
12.6058	7.51154	0.0989843	0.0276782
41.2166	14.2175	4.92053	0.0270144
40.1627	11.7351	4.83427	0.0270467
42.6898	11.7351	4.87688	0.0270277
35.1085	11.7351	4.80462	0.0270797
37.4683	11.4071	4.79559	0.027071
35.6088	14.5697	4.91355	0.0270367
33.1516	14.0413	4.90175	0.0270508
35.1085	11.7351	4.80462	0.0270797
35.6088	14.5697	4.91355	0.0270367
32.5813	11.7351	4.80736	0.0270917
33.75	9.60269	0.139447	0.027572
35.1085	11.7351	4.80462	0.0270797
37.3284	7.80676	0.0980096	0.0275763
39.7099	7.6571	0.1168	0.0275548
38.75	9.60269	0.15491	0.0275354
36.25	9.60269	0.142538	0.0275555
37.3284	7.80676	0.0980096	0.0275763
38.75	9.60269	0.15491	0.0275354
35.1085	11.7351	4.80462	0.0270797
36.25	9.60269	0.142538	0.0275555
37.4683	11.4071	4.79559	0.027071
34.9468	7.95642	0.0934037	0.0275936
37.3284	7.80676	0.0980096	0.0275763
36.25	9.60269	0.142538	0.0275555
34.9468	7.95642	0.0934037	0.0275936
35.7008	5.91038	0.0657226	0.0276155
37.3284	7.80676	0.0980096	0.0275763
42.536	16.5071	4.94874	0.0270044
44.0204	14.0413	4.93425	0.0270053
45.2338	16.5071	4.95371	0.0270028
38.4127	14.3936	4.9135	0.0270265
41.2166	14.2175	4.92053	0.0270144
39.693	16.8552	4.94659	0.0270116
38.4127	14.3936	4.9135	0.0270265
37.4683	11.4071	4.79559	0.027071
40.1627	11.7351	4.83427	0.0270467
10.2901	7.6571	0.119272	0.0276616
12.6058	7.51154	0.0989843	0.0276782
11.25	9.60269	0.155424	0.027646
28.2875	13.053	4.88576	0.0270845
30.001	14.922	4.9219	0.0270486
26.3489	16.5071	4.94455	0.0270403
35.1085	11.7351	4.80462	0.0270797
33.1516	14.0413	4.90175	0.0270508
32.5813	11.7351	4.80736	0.0270917
30.001	14.922	4.9219	0.0270486
28.6113	17.5512	4.94973	0.0270203
26.3489	16.5071	4.94455	0.0270403
30.9096	13.2177	4.88173	0.0270705
30.001	14.922	4.9219	0.0270486
28.2875	13.053	4.88576	0.0270845
29.636	10.915	4.78106	0.0271216
30.9096	13.2177	4.88173	0.0270705
28.2875	13.053	4.88576	0.0270845
32.5813	11.7351	4.80736	0.0270917
33.1516	14.0413	4.90175	0.0270508
30.9096	13.2177	4.88173	0.0270705
31.7446	16.5071	4.94033	0.0270278
28.6113	17.5512	4.94973	0.0270203
30.001	14.922	4.9219	0.0270486
34.4425	16.5071	4.9403	0.0270244
31.7446	16.5071	4.94033	0.0270278
33.1516	14.0413	4.90175	0.0270508
34.4425	16.5071	4.9403	0.0270244
34.9506	19.1174	4.95562	0.0270144
32.1075	19.1174	4.95573	0.0270102
37.1403	16.5071	4.94127	0.0270193
34.4425	16.5071	4.9403	0.0270244
35.6088	14.5697	4.91355	0.0270367
37.1403	16.5071	4.94127	0.0270193
37.7936	19.1174	4.95585	0.0270164
34.9506	19.1174	4.95562	0.0270144
11.414	14.0413	4.90531	0.0271395
14.1312	14.0413	4.90267	0.0271413
13.1778	15.9788	4.93524	0.0271191
8.69678	14.0413	4.91693	0.027133
9.93237	11.8999	4.83777	0.027162
11.414	14.0413	4.90531	0.0271395
11.25	9.60269	0.155424	0.027646
13.513	9.30337	0.143336	0.0276595
12.5545	12.0646	4.83006	0.0271687
10.2901	7.6571	0.119272	0.0276616
11.25	9.60269	0.155424	0.027646
8.74996	9.60269	0.186241	0.0276293
13.513	9.30337	0.143336	0.0276595
16.5822	10.0948	4.72306	0.0272096
15.1767	12.2293	4.84432	0.0271685
9.93237	11.8999	4.83777	0.027162
11.25	9.60269	0.155424	0.027646
12.5545	12.0646	4.83006	0.0271687
11.414	14.0413	4.90531	0.0271395
9.93237	11.8999	4.83777	0.027162
12.5545	12.0646	4.83006	0.0271687
8.69678	14.0413	4.91693	0.027133
7.31021	11.7351	4.8751	0.0271489
9.93237	11.8999	4.83777	0.027162
37.4683	11.4071	4.79559	0.027071
38.4127	14.3936	4.9135	0.0270265
35.6088	14.5697	4.91355	0.0270367
42.536	16.5071	4.94874	0.0270044
43.4158	19.3	4.95894	0.0270154
40.5089	19.4825	4.95794	0.0270173
44.0204	14.0413	4.93425	0.0270053
42.536	16.5071	4.94874	0.0270044
41.2166	14.2175	4.92053	0.0270144
45.2338	16.5071	4.95371	0.0270028
43.4158	19.3	4.95894	0.0270154
42.536	16.5071	4.94874	0.0270044
40.5089	19.4825	4.95794	0.0270173
41.2294	22.236	4.96144	0.0270471
38.204	22.4261	4.96132	0.0270419
42.536	16.5071	4.94874	0.0270044
40.5089	19.4825	4.95794	0.0270173
39.693	16.8552	4.94659	0.0270116
43.4158	19.3	4.95894	0.0270154
41.2294	22.236	4.96144	0.0270471
40.5089	19.4825	4.95794	0.0270173
47.2801	21.856	4.96206	0.0270563
44.3095	21.856	4.96166	0.0270461
46.3226	19.1174	4.96013	0.0270187
38.4127	14.3936	4.9135	0.0270265
37.1403	16.5071	4.94127	0.0270193
35.6088	14.5697	4.91355	0.0270367
40.1627	11.7351	4.83427	0.0270467
41.2166	14.2175	4.92053	0.0270144
38.4127	14.3936	4.9135	0.0270265
38.75	9.60269	0.15491	0.0275354
40.1627	11.7351	4.83427	0.0270467
37.4683	11.4071	4.79559	0.027071
41.25	9.60269	0.187625	0.0275119
42.6898	11.7351	4.87688	0.0270277
40.1627	11.7351	4.83427	0.0270467
39.693	16.8552	4.94659	0.0270116
37.1403	16.5071	4.94127	0.0270193
38.4127	14.3936	4.9135	0.0270265
40.5089	19.4825	4.95794	0.0270173
37.7936	19.1174	4.95585	0.0270164
39.693	16.8552	4.94659	0.0270116
28.8815	20.2128	4.95891	0.0269982
29.1279	22.9961	4.96175	0.0270002
26.1025	23.1861	4.96207	0.0269924
32.1075	19.1174	4.95573	0.0270102
34.9506	19.1174	4.95562	0.0270144
32.4267	21.856	4.96082	0.0270109
28.8815	20.2128	4.95891	0.0269982
32.1075	19.1174	4.95573	0.0270102
32.4267	21.856	4.96082	0.0270109
31.7446	16.5071	4.94033	0.0270278
34.4425	16.5071	4.9403	0.0270244
32.1075	19.1174	4.95573	0.0270102
28.6113	17.5512	4.94973	0.0270203
31.7446	16.5071	4.94033	0.0270278
32.1075	19.1174	4.95573	0.0270102
11.414	14.0413	4.90531	0.0271395
12.5545	12.0646	4.83006	0.0271687
14.1312	14.0413	4.90267	0.0271413
12.2064	19.1174	4.95584	0.0270926
10.1618	16.5071	4.9434	0.0271148
13.1778	15.9788	4.93524	0.0271191
9.93237	11.8999	4.83777	0.027162
8.74996	9.60269	0.186241	0.0276293
11.25	9.60269	0.155424	0.027646
43.4158	19.3	4.95894	0.0270154
45.2338	16.5071	4.95371	0.0270028
46.3226	19.1174	4.96013	0.0270187
33.1516	14.0413	4.90175	0.0270508
35.6088	14.5697	4.91355	0.0270367
34.4425	16.5071	4.9403	0.0270244
36.25	9.60269	0.142538	0.0275555
33.75	9.60269	0.139447	0.027572
34.9468	7.95642	0.0934037	0.0275936
21.9134	33.7485	4.93472	0.0272457
18.9132	34.917	4.88439	0.0269874
18.6835	32.5943	4.9333	0.0266632
25	30.6708	4.96001	0.0272455
21.9134	33.7485	4.93472	0.0272457
21.9612	30.6708	4.95446	0.0269288
21.8846	36.8646	4.87652	0.0284348
18.9132	34.917	4.88439	0.0269874
21.9134	33.7485	4.93472	0.0272457
25	40	4.92073	0.0322624
21.8846	36.8646	4.87652	0.0284348
25.1151	35.3065	4.94537	0.0286612
21.9134	33.7485	4.93472	0.0272457
18.6835	32.5943	4.9333	0.0266632
21.9612	30.6708	4.95446	0.0269288
18.7212	38.8242	0.207137	0.0294601
18.9132	34.917	4.88439	0.0269874
21.8846	36.8646	4.87652	0.0284348
17.2667	36.7732	0.248298	0.0282122
15.8122	34.7222	4.89202	0.0270248
18.9132	34.917	4.88439	0.0269874
18.7212	38.8242	0.207137	0.0294601
17.2667	36.7732	0.248298	0.0282122
18.9132	34.917	4.88439	0.0269874
18.7212	38.8242	0.207137	0.0294601
15.601	39.0202	0.231495	0.0296991
17.2667	36.7732	0.248298	0.0282122
18.7981	41.9596	0.226745	0.0348346
18.7212	38.8242	0.207137	0.0294601
21.9014	39.3141	0.259221	0.030844
15.601	39.0202	0.231495	0.0296991
15.8122	34.7222	4.89202	0.0270248
17.2667	36.7732	0.248298	0.0282122
14.001	23.9462	4.96154	0.0270375
14.6026	21.856	4.96052	0.0270573
17.2998	24.7062	4.96168	0.0269882
13.1107	27.6505	4.96047	0.0270098
12.8447	30.6708	4.95505	0.027046
10.1383	27.6505	4.96151	0.0271448
15.2052	26.1784	4.9612	0.0269785
15.7173	29.727	4.95595	0.026829
13.1107	27.6505	4.96047	0.0270098
20.3799	24.7062	4.96182	0.026972
18.0114	27.1222	4.96017	0.0268949
17.2998	24.7062	4.96168	0.0269882
18.7229	29.5382	4.95498	0.0267763
15.7173	29.727	4.95595	0.026829
18.0114	27.1222	4.96017	0.0268949
18.7229	29.5382	4.95498	0.0267763
18.6835	32.5943	4.9333	0.0266632
15.7173	29.727	4.95595	0.026829
10.9756	24.1362	4.96168	0.0270726
8.05963	24.7062	4.96193	0.0271015
8.66123	21.856	4.96083	0.0270827
10.1383	27.6505	4.96151	0.0271448
8.05963	24.7062	4.96193	0.0271015
10.9756	24.1362	4.96168	0.0270726
10.1383	27.6505	4.96151	0.0271448
9.80591	30.6708	4.95936	0.0274333
7.16598	27.6505	4.96211	0.027239
6.70061	30.2933	4.96181	0.0276037
7.16598	27.6505	4.96211	0.027239
9.80591	30.6708	4.95936	0.0274333
4.97956	24.7062	4.96205	0.0271095
5.62671	21.6734	4.96115	0.027078
8.05963	24.7062	4.96193	0.0271015
3.67737	19.1174	4.95969	0.0270832
5.62671	21.6734	4.96115	0.027078
2.71986	21.856	4.9616	0.0270733
6.52038	19.1174	4.95821	0.0270906
4.76616	16.5071	4.95326	0.0271032
7.464	16.5071	4.94822	0.0271104
25	30.6708	4.96001	0.0272455
28.0388	30.6708	4.96196	0.0276482
28.0866	33.7485	4.95971	0.0286961
47.2801	21.856	4.96206	0.0270563
48.1005	24.7062	4.96255	0.0271423
45.0204	24.7062	4.96245	0.0271236
26.4215	19.1174	4.95653	0.0270099
26.3489	16.5071	4.94455	0.0270403
28.6113	17.5512	4.94973	0.0270203
18.0114	27.1222	4.96017	0.0268949
22.0277	27.6505	4.96096	0.0269291
18.7229	29.5382	4.95498	0.0267763
17.2541	20.9431	4.95947	0.0270472
20.544	21.856	4.96085	0.0270125
17.2998	24.7062	4.96168	0.0269882
23.0771	23.3761	4.96205	0.0269897
26.1025	23.1861	4.96207	0.0269924
25.3391	26.1784	4.96239	0.0270297
17.2998	24.7062	4.96168	0.0269882
20.544	21.856	4.96085	0.0270125
20.3799	24.7062	4.96182	0.026972
24.8405	21.1517	4.96047	0.0269979
26.1025	23.1861	4.96207	0.0269924
23.0771	23.3761	4.96205	0.0269897
20.544	21.856	4.96085	0.0270125
24.8405	21.1517	4.96047	0.0269979
23.0771	23.3761	4.96205	0.0269897
23.5785	19.1174	4.95715	0.0270222
26.4215	19.1174	4.95653	0.0270099
24.8405	21.1517	4.96047	0.0269979
31.199	26.5464	4.96252	0.0271511
30.7452	28.7831	4.96263	0.0274
28.269	26.3624	4.96256	0.027084
29.1279	22.9961	4.96175	0.0270002
31.199	26.5464	4.96252	0.0271511
28.269	26.3624	4.96256	0.027084
32.7002	24.7062	4.9622	0.0270615
33.7508	28.5944	4.96254	0.0273812
31.199	26.5464	4.96252	0.0271511
20.544	21.856	4.96085	0.0270125
23.0771	23.3761	4.96205	0.0269897
20.3799	24.7062	4.96182	0.026972
20.7355	19.1174	4.95566	0.0270423
20.544	21.856	4.96085	0.0270125
17.2541	20.9431	4.95947	0.0270472
17.7548	18.7251	4.95358	0.027069
18.2554	16.5071	4.93984	0.0270941
20.7355	19.1174	4.95566	0.0270423
14.7591	18.4213	4.95251	0.0270896
17.7548	18.7251	4.95358	0.027069
17.2541	20.9431	4.95947	0.0270472
14.7591	18.4213	4.95251	0.0270896
15.9817	15.8026	4.93261	0.0271146
17.7548	18.7251	4.95358	0.027069
20.9532	16.5071	4.94017	0.0270761
23.5785	19.1174	4.95715	0.0270222
20.7355	19.1174	4.95566	0.0270423
23.5785	19.1174	4.95715	0.0270222
24.8405	21.1517	4.96047	0.0269979
20.544	21.856	4.96085	0.0270125
26.689	28.4246	4.96226	0.0271909
22.0277	27.6505	4.96096	0.0269291
25.3391	26.1784	4.96239	0.0270297
21.9612	30.6708	4.95446	0.0269288
18.6835	32.5943	4.9333	0.0266632
18.7229	29.5382	4.95498	0.0267763
20.7355	19.1174	4.95566	0.0270423
23.5785	19.1174	4.95715	0.0270222
20.544	21.856	4.96085	0.0270125
16.8484	14.0413	4.9023	0.027137
19.5656	14.0413	4.89931	0.0271256
18.2554	16.5071	4.93984	0.0270941
16.8484	14.0413	4.9023	0.027137
17.7988	12.3941	4.84873	0.0271628
19.5656	14.0413	4.89931	0.0271256
14.1312	14.0413	4.90267	0.0271413
16.8484	14.0413	4.9023	0.027137
15.9817	15.8026	4.93261	0.0271146
15.1767	12.2293	4.84432	0.0271685
17.7988	12.3941	4.84873	0.0271628
16.8484	14.0413	4.9023	0.027137
18.75	9.60269	0.149301	0.0276609
21.25	9.60269	0.147078	0.0276523
19.9458	11.7351	4.80711	0.0271698
24.3933	15.2742	4.9291	0.0270708
23.5785	19.1174	4.95715	0.0270222
20.9532	16.5071	4.94017	0.0270761
4.97956	24.7062	4.96205	0.0271095
4.19365	27.6505	4.96227	0.0272903
1.8995	24.7062	4.96213	0.027119
8.74996	9.60269	0.186241	0.0276293
9.93237	11.8999	4.83777	0.027162
7.31021	11.7351	4.8751	0.0271489
46.8029	37.0605	4.96346	0.031886
43.6827	37.2565	4.96228	0.0316508
46.6062	33.7485	4.96296	0.0293445
41.9404	24.7062	4.96229	0.0271141
45.0204	24.7062	4.96245	0.0271236
42.7675	28.0281	4.96255	0.0273744
38.8603	24.7062	4.96216	0.0271012
41.9404	24.7062	4.96229	0.0271141
39.9888	27.0985	4.96243	0.0272644
41.2294	22.236	4.96144	0.0270471
44.3095	21.856	4.96166	0.0270461
41.9404	24.7062	4.96229	0.0271141
48.7787	27.6505	4.96258	0.0273791
49.3105	30.6708	4.96253	0.0280276
46.2478	30.8632	4.96263	0.028015
26.1025	23.1861	4.96207	0.0269924
24.8405	21.1517	4.96047	0.0269979
28.8815	20.2128	4.95891	0.0269982
28.269	26.3624	4.96256	0.027084
26.1025	23.1861	4.96207	0.0269924
29.1279	22.9961	4.96175	0.0270002
23.0771	23.3761	4.96205	0.0269897
22.0277	27.6505	4.96096	0.0269291
20.3799	24.7062	4.96182	0.026972
12.8447	30.6708	4.95505	0.027046
12.7112	34.5275	4.93549	0.0277048
9.49534	33.1714	4.95645	0.0280087
10.1383	27.6505	4.96151	0.0271448
12.8447	30.6708	4.95505	0.027046
9.80591	30.6708	4.95936	0.0274333
14.3285	32.6965	4.93786	0.0270082
18.6835	32.5943	4.9333	0.0266632
15.8122	34.7222	4.89202	0.0270248
25.1151	35.3065	4.94537	0.0286612
21.8846	36.8646	4.87652	0.0284348
21.9134	33.7485	4.93472	0.0272457
14.3285	32.6965	4.93786	0.0270082
12.7112	34.5275	4.93549	0.0277048
12.8447	30.6708	4.95505	0.027046
18.9132	34.917	4.88439	0.0269874
15.8122	34.7222	4.89202	0.0270248
18.6835	32.5943	4.9333	0.0266632
15.601	39.0202	0.231495	0.0296991
12.5385	36.8646	4.91296	0.028759
15.8122	34.7222	4.89202	0.0270248
23.5785	19.1174	4.95715	0.0270222
24.3933	15.2742	4.9291	0.0270708
26.3489	16.5071	4.94455	0.0270403
28.8815	20.2128	4.95891	0.0269982
24.8405	21.1517	4.96047	0.0269979
26.4215	19.1174	4.95653	0.0270099
18.2554	16.5071	4.93984	0.0270941
17.7548	18.7251	4.95358	0.027069
15.9817	15.8026	4.93261	0.0271146
14.6026	21.856	4.96052	0.0270573
17.2541	20.9431	4.95947	0.0270472
17.2998	24.7062	4.96168	0.0269882
15.9817	15.8026	4.93261	0.0271146
13.1778	15.9788	4.93524	0.0271191
14.1312	14.0413	4.90267	0.0271413
14.6026	21.856	4.96052	0.0270573
14.7591	18.4213	4.95251	0.0270896
17.2541	20.9431	4.95947	0.0270472
11.4404	21.3083	4.96	0.0270797
14.001	23.9462	4.96154	0.0270375
10.9756	24.1362	4.96168	0.0270726
30.001	14.922	4.9219	0.0270486
30.9096	13.2177	4.88173	0.0270705
33.1516	14.0413	4.90175	0.0270508
31.7446	16.5071	4.94033	0.0270278
30.001	14.922	4.9219	0.0270486
33.1516	14.0413	4.90175	0.0270508
25.6653	12.8882	4.88065	0.0271037
27.0253	10.7509	4.78332	0.0271403
28.2875	13.053	4.88576	0.0270845
25.6653	12.8882	4.88065	0.0271037
28.2875	13.053	4.88576	0.0270845
26.3489	16.5071	4.94455	0.0270403
33.75	9.60269	0.139447	0.027572
36.25	9.60269	0.142538	0.0275555
35.1085	11.7351	4.80462	0.0270797
39.693	16.8552	4.94659	0.0270116
41.2166	14.2175	4.92053	0.0270144
42.536	16.5071	4.94874	0.0270044
28.8815	20.2128	4.95891	0.0269982
26.4215	19.1174	4.95653	0.0270099
28.6113	17.5512	4.94973	0.0270203
40.625	40	4.93701	0.0317965
43.75	40	4.95712	0.0337844
43.6923	43.1354	4.9494	0.0385124
34.399	40.9798	4.01718	0.0255233
37.5	40	4.91021	0.02993
37.5191	43.9145	0.211301	0.0303789
40.5769	36.8646	4.95864	0.0306806
43.6827	37.2565	4.96228	0.0316508
40.625	40	4.93701	0.0317965
37.3464	33.7485	4.96122	0.0289267
33.997	31.6326	4.96246	0.0281609
37.1553	30.6708	4.96245	0.027885
40.625	40	4.93701	0.0317965
37.5	40	4.91021	0.02993
40.5769	36.8646	4.95864	0.0306806
37.4615	36.8646	4.95138	0.029984
34.1596	34.7385	4.95991	0.0293358
37.3464	33.7485	4.96122	0.0289267
46.2478	30.8632	4.96263	0.028015
45.7731	27.8393	4.96258	0.0273689
48.7787	27.6505	4.96258	0.0273791
49.6928	33.7485	4.96272	0.0294585
46.6062	33.7485	4.96296	0.0293445
49.3105	30.6708	4.96253	0.0280276
40.1941	30.6708	4.96273	0.0278817
37.1553	30.6708	4.96245	0.027885
36.8893	27.6505	4.96239	0.0272985
43.2329	30.6708	4.96274	0.0279176
40.1941	30.6708	4.96273	0.0278817
42.7675	28.0281	4.96255	0.0273744
40.433	33.7485	4.96278	0.0290926
37.3464	33.7485	4.96122	0.0289267
40.1941	30.6708	4.96273	0.0278817
31.3171	35.696	4.95999	0.0299125
31.2019	38.0404	4.08654	0.0254643
28.1154	36.8646	4.9559	0.0304784
33.997	31.6326	4.96246	0.0281609
34.1596	34.7385	4.95991	0.0293358
30.9343	31.8249	4.96271	0.0281632
34.3221	37.8444	4.07812	0.0247244
31.2019	38.0404	4.08654	0.0254643
31.3171	35.696	4.95999	0.0299125
37.5	40	4.91021	0.02993
34.3221	37.8444	4.07812	0.0247244
37.4615	36.8646	4.95138	0.029984
34.399	40.9798	4.01718	0.0255233
31.2019	38.0404	4.08654	0.0254643
34.3221	37.8444	4.07812	0.0247244
40.1941	30.6708	4.96273	0.0278817
39.9888	27.0985	4.96243	0.0272644
42.7675	28.0281	4.96255	0.0273744
7.16598	27.6505	4.96211	0.027239
8.05963	24.7062	4.96193	0.0271015
10.1383	27.6505	4.96151	0.0271448
3.69504	30.482	4.96233	0.0277853
4.19365	27.6505	4.96227	0.0272903
6.70061	30.2933	4.96181	0.0276037
4.97956	24.7062	4.96205	0.0271095
8.05963	24.7062	4.96193	0.0271015
7.16598	27.6505	4.96211	0.027239
2.71986	21.856	4.9616	0.0270733
4.97956	24.7062	4.96205	0.0271095
1.8995	24.7062	4.96213	0.027119
14.001	23.9462	4.96154	0.0270375
11.4404	21.3083	4.96	0.0270797
14.6026	21.856	4.96052	0.0270573
13.1107	27.6505	4.96047	0.0270098
10.9756	24.1362	4.96168	0.0270726
14.001	23.9462	4.96154	0.0270375
8.66123	21.856	4.96083	0.0270827
5.62671	21.6734	4.96115	0.027078
6.52038	19.1174	4.95821	0.0270906
12.2064	19.1174	4.95584	0.0270926
11.4404	21.3083	4.96	0.0270797
9.3634	19.1174	4.95665	0.0270951
8.05963	24.7062	4.96193	0.0271015
5.62671	21.6734	4.96115	0.027078
8.66123	21.856	4.96083	0.0270827
44.3095	21.856	4.96166	0.0270461
41.2294	22.236	4.96144	0.0270471
43.4158	19.3	4.95894	0.0270154
45.7731	27.8393	4.96258	0.0273689
45.0204	24.7062	4.96245	0.0271236
48.1005	24.7062	4.96255	0.0271423
38.8603	24.7062	4.96216	0.0271012
36.8893	27.6505	4.96239	0.0272985
35.7802	24.7062	4.96211	0.0270789
45.7731	27.8393	4.96258	0.0273689
42.7675	28.0281	4.96255	0.0273744
45.0204	24.7062	4.96245	0.0271236
43.2329	30.6708	4.96274	0.0279176
46.2478	30.8632	4.96263	0.028015
43.5196	33.7485	4.9632	0.0292483
40.433	33.7485	4.96278	0.0290926
43.2329	30.6708	4.96274	0.0279176
43.5196	33.7485	4.9632	0.0292483
42.7675	28.0281	4.96255	0.0273744
45.7731	27.8393	4.96258	0.0273689
43.2329	30.6708	4.96274	0.0279176
41.9404	24.7062	4.96229	0.0271141
42.7675	28.0281	4.96255	0.0273744
39.9888	27.0985	4.96243	0.0272644
45.7731	27.8393	4.96258	0.0273689
46.2478	30.8632	4.96263	0.028015
43.2329	30.6708	4.96274	0.0279176
8.69678	14.0413	4.91693	0.027133
5.97957	14.0413	4.93351	0.0271235
7.31021	11.7351	4.8751	0.0271489
10.1618	16.5071	4.9434	0.0271148
8.69678	14.0413	4.91693	0.027133
11.414	14.0413	4.90531	0.0271395
7.464	16.5071	4.94822	0.0271104
4.76616	16.5071	4.95326	0.0271032
5.97957	14.0413	4.93351	0.0271235
10.1618	16.5071	4.9434	0.0271148
7.464	16.5071	4.94822	0.0271104
8.69678	14.0413	4.91693	0.027133
10.1618	16.5071	4.9434	0.0271148
9.3634	19.1174	4.95665	0.0270951
7.464	16.5071	4.94822	0.0271104
9.42308	36.8646	4.9498	0.0297761
9.49534	33.1714	4.95645	0.0280087
12.7112	34.5275	4.93549	0.0277048
12.5	40	4.90763	0.0311255
9.36058	39.4121	4.94963	0.0317432
12.5385	36.8646	4.91296	0.028759
9.36058	39.4121	4.94963	0.0317432
6.30769	36.8646	4.95998	0.0305454
9.42308	36.8646	4.9498	0.0297761
3.19231	36.8646	4.96248	0.0309959
3.40821	33.9432	4.96238	0.029114
6.30769	36.8646	4.95998	0.0305454
0.076922	36.8646	4.96289	0.0312182
3.19231	36.8646	4.96248	0.0309959
3.125	40	4.96302	0.0336286
0.076922	36.8646	4.96289	0.0312182
0.307214	33.7485	4.96259	0.0292028
3.19231	36.8646	4.96248	0.0309959
6.70061	30.2933	4.96181	0.0276037
9.80591	30.6708	4.95936	0.0274333
9.49534	33.1714	4.95645	0.0280087
2.71986	21.856	4.9616	0.0270733
5.62671	21.6734	4.96115	0.027078
4.97956	24.7062	4.96205	0.0271095
18.0114	27.1222	4.96017	0.0268949
15.7173	29.727	4.95595	0.026829
15.2052	26.1784	4.9612	0.0269785
43.5196	33.7485	4.9632	0.0292483
40.5769	36.8646	4.95864	0.0306806
40.433	33.7485	4.96278	0.0290926
49.9231	36.8646	4.96324	0.0318835
46.8029	37.0605	4.96346	0.031886
49.6928	33.7485	4.96272	0.0294585
43.75	40	4.95712	0.0337844
40.625	40	4.93701	0.0317965
43.6827	37.2565	4.96228	0.0316508
13.1107	27.6505	4.96047	0.0270098
15.7173	29.727	4.95595	0.026829
12.8447	30.6708	4.95505	0.027046
10.9756	24.1362	4.96168	0.0270726
13.1107	27.6505	4.96047	0.0270098
10.1383	27.6505	4.96151	0.0271448
15.2052	26.1784	4.9612	0.0269785
17.2998	24.7062	4.96168	0.0269882
18.0114	27.1222	4.96017	0.0268949
14.001	23.9462	4.96154	0.0270375
15.2052	26.1784	4.9612	0.0269785
13.1107	27.6505	4.96047	0.0270098
14.001	23.9462	4.96154	0.0270375
17.2998	24.7062	4.96168	0.0269882
15.2052	26.1784	4.9612	0.0269785
46.6062	33.7485	4.96296	0.0293445
43.6827	37.2565	4.96228	0.0316508
43.5196	33.7485	4.9632	0.0292483
50	40	4.96372	0.0348795
46.8029	37.0605	4.96346	0.031886
49.9231	36.8646	4.96324	0.0318835
46.8798	40.196	4.96343	0.0373513
43.75	40	4.95712	0.0337844
46.8029	37.0605	4.96346	0.031886
21.9014	39.3141	0.259221	0.030844
21.9183	41.7637	4.85863	0.0351685
18.7981	41.9596	0.226745	0.0348346
25	40	4.92073	0.0322624
21.9014	39.3141	0.259221	0.030844
21.8846	36.8646	4.87652	0.0284348
25	40	4.92073	0.0322624
21.9183	41.7637	4.85863	0.0351685
21.9014	39.3141	0.259221	0.030844
22.0142	44.8882	4.91756	0.0390888
18.7981	41.9596	0.226745	0.0348346
21.9183	41.7637	4.85863	0.0351685
3.69504	30.482	4.96233	0.0277853
3.40821	33.9432	4.96238	0.029114
0.68946	30.6708	4.96243	0.0279436
1.22131	27.6505	4.96231	0.0273367
3.69504	30.482	4.96233	0.0277853
0.68946	30.6708	4.96243	0.0279436
6.70061	30.2933	4.96181	0.0276037
6.43263	33.3637	4.96126	0.0285458
3.69504	30.482	4.96233	0.0277853
43.5196	33.7485	4.9632	0.0292483
43.6827	37.2565	4.96228	0.0316508
40.5769	36.8646	4.95864	0.0306806
40.1941	30.6708	4.96273	0.0278817
43.2329	30.6708	4.96274	0.0279176
40.433	33.7485	4.96278	0.0290926
46.6062	33.7485	4.96296	0.0293445
49.6928	33.7485	4.96272	0.0294585
46.8029	37.0605	4.96346	0.031886
46.2478	30.8632	4.96263	0.028015
46.6062	33.7485	4.96296	0.0293445
43.5196	33.7485	4.9632	0.0292483
46.2478	30.8632	4.96263	0.028015
49.3105	30.6708	4.96253	0.0280276
46.6062	33.7485	4.96296	0.0293445
46.8798	40.196	4.96343	0.0373513
46.8029	37.0605	4.96346	0.031886
50	40	4.96372	0.0348795
9.4375	42.5475	4.95478	0.0370593
6.24038	39.6081	4.96048	0.0328022
9.36058	39.4121	4.94963	0.0317432
9.49534	33.1714	4.95645	0.0280087
9.80591	30.6708	4.95936	0.0274333
12.8447	30.6708	4.95505	0.027046
12.5385	36.8646	4.91296	0.028759
9.42308	36.8646	4.9498	0.0297761
12.7112	34.5275	4.93549	0.0277048
6.43263	33.3637	4.96126	0.0285458
6.70061	30.2933	4.96181	0.0276037
9.49534	33.1714	4.95645	0.0280087
4.19365	27.6505	4.96227	0.0272903
4.97956	24.7062	4.96205	0.0271095
7.16598	27.6505	4.96211	0.027239
1.22131	27.6505	4.96231	0.0273367
4.19365	27.6505	4.96227	0.0272903
3.69504	30.482	4.96233	0.0277853
1.22131	27.6505	4.96231	0.0273367
1.8995	24.7062	4.96213	0.027119
4.19365	27.6505	4.96227	0.0272903
6.70061	30.2933	4.96181	0.0276037
4.19365	27.6505	4.96227	0.0272903
7.16598	27.6505	4.96211	0.027239
18.7229	29.5382	4.95498	0.0267763
22.0277	27.6505	4.96096	0.0269291
21.9612	30.6708	4.95446	0.0269288
14.3285	32.6965	4.93786	0.0270082
12.8447	30.6708	4.95505	0.027046
15.7173	29.727	4.95595	0.026829
18.6835	32.5943	4.9333	0.0266632
14.3285	32.6965	4.93786	0.0270082
15.7173	29.727	4.95595	0.026829
15.8122	34.7222	4.89202	0.0270248
12.7112	34.5275	4.93549	0.0277048
14.3285	32.6965	4.93786	0.0270082
18.0114	27.1222	4.96017	0.0268949
20.3799	24.7062	4.96182	0.026972
22.0277	27.6505	4.96096	0.0269291
3.40821	33.9432	4.96238	0.029114
3.69504	30.482	4.96233	0.0277853
6.43263	33.3637	4.96126	0.0285458
46.8077	43.1354	4.96198	0.0401333
43.6923	43.1354	4.9494	0.0385124
46.8798	40.196	4.96343	0.0373513
49.9231	43.1354	4.96411	0.0404396
46.8077	43.1354	4.96198	0.0401333
46.8798	40.196	4.96343	0.0373513
46.2717	49.3292	4.96072	0.0433828
49.3105	49.3292	4.96365	0.0438466
48.7787	52.3495	4.95733	0.0441797
43.5196	46.2515	4.94259	0.0400185
46.2717	49.3292	4.96072	0.0433828
43.2329	49.3292	4.94397	0.0413038
40.433	46.2515	4.86743	0.0350316
43.5196	46.2515	4.94259	0.0400185
43.2329	49.3292	4.94397	0.0413038
43.6923	43.1354	4.9494	0.0385124
46.8077	43.1354	4.96198	0.0401333
46.6062	46.2515	4.96167	0.0423274
46.6062	46.2515	4.96167	0.0423274
49.3105	49.3292	4.96365	0.0438466
46.2717	49.3292	4.96072	0.0433828
6.30769	36.8646	4.95998	0.0305454
6.43263	33.3637	4.96126	0.0285458
9.42308	36.8646	4.9498	0.0297761
3.125	40	4.96302	0.0336286
3.19231	36.8646	4.96248	0.0309959
6.24038	39.6081	4.96048	0.0328022
3.40821	33.9432	4.96238	0.029114
6.43263	33.3637	4.96126	0.0285458
6.30769	36.8646	4.95998	0.0305454
0.307214	33.7485	4.96259	0.0292028
3.40821	33.9432	4.96238	0.029114
3.19231	36.8646	4.96248	0.0309959
0.307214	33.7485	4.96259	0.0292028
0.68946	30.6708	4.96243	0.0279436
3.40821	33.9432	4.96238	0.029114
