25	30.6708	4.93888	0.00621844
28.0866	33.7485	4.94024	0.00644674
25.1151	35.3065	0.33976	0.00619109
22.0277	27.6505	4.97888	0.00650907
25	30.6708	4.93888	0.00621844
21.9612	30.6708	4.93343	0.00623213
26.689	28.4246	4.97812	0.00653991
28.269	26.3624	4.98737	0.00664263
30.7452	28.7831	4.98739	0.00671796
25	30.6708	4.93888	0.00621844
26.689	28.4246	4.97812	0.00653991
28.0388	30.6708	4.97178	0.00654318
25.3391	26.1784	4.98607	0.00660351
28.269	26.3624	4.98737	0.00664263
26.689	28.4246	4.97812	0.00653991
28.0388	30.6708	4.97178	0.00654318
30.9343	31.8249	4.9813	0.00675525
28.0866	33.7485	4.94024	0.00644674
22.0277	27.6505	4.97888	0.00650907
26.689	28.4246	4.97812	0.00653991
25	30.6708	4.93888	0.00621844
30.7452	28.7831	4.98739	0.00671796
30.9343	31.8249	4.9813	0.00675525
28.0388	30.6708	4.97178	0.00654318
26.689	28.4246	4.97812	0.00653991
30.7452	28.7831	4.98739	0.00671796
28.0388	30.6708	4.97178	0.00654318
26.1025	23.1861	4.98746	0.00661738
28.269	26.3624	4.98737	0.00664263
25.3391	26.1784	4.98607	0.00660351
29.1279	22.9961	4.98723	0.0066265
32.7002	24.7062	4.98864	0.00666075
31.199	26.5464	4.98878	0.00668668
33.7508	28.5944	4.98902	0.00675905
30.9343	31.8249	4.9813	0.00675525
30.7452	28.7831	4.98739	0.00671796
31.199	26.5464	4.98878	0.00668668
33.7508	28.5944	4.98902	0.00675905
30.7452	28.7831	4.98739	0.00671796
37.4615	36.8646	4.96833	0.00719078
40.433	33.7485	4.98552	0.00711686
40.5769	36.8646	4.97744	0.00736791
36.8893	27.6505	4.98912	0.00674994
37.1553	30.6708	4.98741	0.00686534
33.7508	28.5944	4.98902	0.00675905
36.8893	27.6505	4.98912	0.00674994
39.9888	27.0985	4.98952	0.00675815
40.1941	30.6708	4.98866	0.00691793
34.9506	19.1174	4.8478	0.00630218
34.4425	16.5071	4.82688	0.00631751
37.1403	16.5071	4.95761	0.00656322
38.204	22.4261	4.98707	0.00663663
35.1786	22.6161	4.98624	0.00662214
36.4861	20.8667	4.98099	0.00657662
32.1075	19.1174	4.84823	0.00631397
28.8815	20.2128	4.98092	0.00658794
28.6113	17.5512	4.9679	0.00658966
38.204	22.4261	4.98707	0.00663663
35.7802	24.7062	4.98866	0.00666814
35.1786	22.6161	4.98624	0.00662214
32.7002	24.7062	4.98864	0.00666075
29.1279	22.9961	4.98723	0.0066265
32.4267	21.856	4.98345	0.00658209
45.7731	27.8393	4.99018	0.0068428
48.1005	24.7062	4.98983	0.00672525
48.7787	27.6505	4.99028	0.00686322
38.8603	24.7062	4.98891	0.00667965
41.2294	22.236	4.98733	0.00663844
41.9404	24.7062	4.98924	0.00669158
38.8603	24.7062	4.98891	0.00667965
38.204	22.4261	4.98707	0.00663663
41.2294	22.236	4.98733	0.00663844
36.8893	27.6505	4.98912	0.00674994
38.8603	24.7062	4.98891	0.00667965
39.9888	27.0985	4.98952	0.00675815
35.7802	24.7062	4.98866	0.00666814
38.204	22.4261	4.98707	0.00663663
38.8603	24.7062	4.98891	0.00667965
33.7508	28.5944	4.98902	0.00675905
35.7802	24.7062	4.98866	0.00666814
36.8893	27.6505	4.98912	0.00674994
32.7002	24.7062	4.98864	0.00666075
32.4267	21.856	4.98345	0.00658209
35.1786	22.6161	4.98624	0.00662214
37.7936	19.1174	4.97736	0.0065868
40.5089	19.4825	4.98159	0.00660915
38.204	22.4261	4.98707	0.00663663
35.1786	22.6161	4.98624	0.00662214
32.4267	21.856	4.98345	0.00658209
34.9506	19.1174	4.8478	0.00630218
36.4861	20.8667	4.98099	0.00657662
35.1786	22.6161	4.98624	0.00662214
34.9506	19.1174	4.8478	0.00630218
37.7936	19.1174	4.97736	0.0065868
36.4861	20.8667	4.98099	0.00657662
34.9506	19.1174	4.8478	0.00630218
37.7936	19.1174	4.97736	0.0065868
38.204	22.4261	4.98707	0.00663663
36.4861	20.8667	4.98099	0.00657662
35.7802	24.7062	4.98866	0.00666814
32.7002	24.7062	4.98864	0.00666075
35.1786	22.6161	4.98624	0.00662214
33.7508	28.5944	4.98902	0.00675905
32.7002	24.7062	4.98864	0.00666075
35.7802	24.7062	4.98866	0.00666814
29.1279	22.9961	4.98723	0.0066265
28.8815	20.2128	4.98092	0.00658794
32.4267	21.856	4.98345	0.00658209
37.1403	16.5071	4.95761	0.00656322
39.693	16.8552	4.96667	0.00659991
37.7936	19.1174	4.97736	0.0065868
44.3095	21.856	4.98776	0.00663911
47.2801	21.856	4.98854	0.00664993
45.0204	24.7062	4.98958	0.00670565
41.9404	24.7062	4.98924	0.00669158
44.3095	21.856	4.98776	0.00663911
45.0204	24.7062	4.98958	0.00670565
43.4158	19.3	4.9832	0.00660948
46.3226	19.1174	4.98507	0.00661357
44.3095	21.856	4.98776	0.00663911
28.0866	46.2515	4.94431	0.00933185
31.0776	49.3292	4.87931	0.010171
28.0388	49.3292	4.93066	0.0106195
25	43.1354	4.94376	0.00875102
28.1154	43.1354	4.94727	0.00857288
28.0866	46.2515	4.94431	0.00933185
37.3464	46.2515	0.205274	0.00881204
34.3294	43.6157	0.233017	0.00844395
37.5191	43.9145	0.233832	0.0084889
31.226	43.7137	4.88975	0.0084714
31.2788	41.1758	4.92525	0.00801562
34.3294	43.6157	0.233017	0.00844395
28.0866	46.2515	4.94431	0.00933185
31.226	43.7137	4.88975	0.0084714
31.1732	46.2515	4.87218	0.00906686
28.1154	43.1354	4.94727	0.00857288
31.2788	41.1758	4.92525	0.00801562
31.226	43.7137	4.88975	0.0084714
25	46.2515	4.95601	0.00958128
25	43.1354	4.94376	0.00875102
28.0866	46.2515	4.94431	0.00933185
28.125	40	4.94459	0.00736955
31.2788	41.1758	4.92525	0.00801562
28.1154	43.1354	4.94727	0.00857288
28.125	40	4.94459	0.00736955
31.2019	38.0404	4.95926	0.00710519
31.2788	41.1758	4.92525	0.00801562
31.2019	38.0404	4.95926	0.00710519
34.399	40.9798	4.88989	0.0079305
31.2788	41.1758	4.92525	0.00801562
28.0866	33.7485	4.94024	0.00644674
31.3171	35.696	4.96984	0.00690326
28.1154	36.8646	4.93123	0.00670858
37.3464	33.7485	4.98234	0.00700921
37.1553	30.6708	4.98741	0.00686534
40.1941	30.6708	4.98866	0.00691793
37.4615	36.8646	4.96833	0.00719078
37.3464	33.7485	4.98234	0.00700921
40.433	33.7485	4.98552	0.00711686
37.4615	36.8646	4.96833	0.00719078
34.3221	37.8444	4.95594	0.00715227
34.1596	34.7385	4.97769	0.00697404
34.1596	34.7385	4.97769	0.00697404
33.997	31.6326	4.98531	0.00684945
37.3464	33.7485	4.98234	0.00700921
31.3171	35.696	4.96984	0.00690326
34.1596	34.7385	4.97769	0.00697404
34.3221	37.8444	4.95594	0.00715227
31.3171	35.696	4.96984	0.00690326
30.9343	31.8249	4.9813	0.00675525
34.1596	34.7385	4.97769	0.00697404
30.9343	31.8249	4.9813	0.00675525
33.7508	28.5944	4.98902	0.00675905
33.997	31.6326	4.98531	0.00684945
40.433	46.2515	4.87764	0.00866523
40.6201	43.7197	4.90916	0.00850729
43.5196	46.2515	4.94349	0.00893703
46.8029	37.0605	4.98823	0.00776047
43.75	40	4.97566	0.00793572
43.6827	37.2565	4.98369	0.00761433
49.9231	43.1354	4.98405	0.00920348
46.8798	40.196	4.98524	0.0087336
50	40	4.98752	0.00823824
49.9231	43.1354	4.98405	0.00920348
49.6928	46.2515	4.97672	0.00946481
46.8077	43.1354	4.97916	0.00908934
25	43.1354	4.94376	0.00875102
25	46.2515	4.95601	0.00958128
22.0142	44.8882	4.93073	0.00945731
25	40	4.90971	0.00735822
25	43.1354	4.94376	0.00875102
21.9183	41.7637	4.86876	0.00855111
25	40	4.90971	0.00735822
28.1154	43.1354	4.94727	0.00857288
25	43.1354	4.94376	0.00875102
31.2019	38.0404	4.95926	0.00710519
28.125	40	4.94459	0.00736955
28.1154	36.8646	4.93123	0.00670858
28.1154	43.1354	4.94727	0.00857288
31.226	43.7137	4.88975	0.0084714
28.0866	46.2515	4.94431	0.00933185
18.7981	41.9596	0.240066	0.00888679
15.601	39.0202	0.245408	0.00775531
18.7212	38.8242	0.214404	0.00755741
17.2523	44.2036	4.90082	0.00941757
15.7402	46.2515	4.9542	0.0102149
14.1489	44.3016	4.94683	0.00947884
18.7981	41.9596	0.240066	0.00888679
17.2523	44.2036	4.90082	0.00941757
15.6779	42.1556	4.87832	0.00885294
18.8268	46.2515	4.94132	0.0100574
15.7402	46.2515	4.9542	0.0102149
17.2523	44.2036	4.90082	0.00941757
21.7462	47.598	4.95719	0.0105695
18.8268	46.2515	4.94132	0.0100574
22.0142	44.8882	4.93073	0.00945731
21.7462	47.598	4.95719	0.0105695
18.9224	49.3292	4.96483	0.0120104
18.8268	46.2515	4.94132	0.0100574
15.6779	42.1556	4.87832	0.00885294
15.601	39.0202	0.245408	0.00775531
18.7981	41.9596	0.240066	0.00888679
18.8268	46.2515	4.94132	0.0100574
17.2523	44.2036	4.90082	0.00941757
18.7981	41.9596	0.240066	0.00888679
14.1489	44.3016	4.94683	0.00947884
12.6536	46.2515	4.97092	0.0101292
12.5577	42.3516	4.94922	0.00894229
15.6779	42.1556	4.87832	0.00885294
14.1489	44.3016	4.94683	0.00947884
12.5577	42.3516	4.94922	0.00894229
15.7402	46.2515	4.9542	0.0102149
12.6536	46.2515	4.97092	0.0101292
14.1489	44.3016	4.94683	0.00947884
12.7118	50.0843	4.97559	0.0129331
12.6536	46.2515	4.97092	0.0101292
15.8835	49.3292	4.97176	0.0121409
16.083	52.3495	4.96375	0.0171278
13.1107	52.3495	4.96616	0.0167111
15.8835	49.3292	4.97176	0.0121409
18.9224	49.3292	4.96483	0.0120104
16.083	52.3495	4.96375	0.0171278
15.8835	49.3292	4.97176	0.0121409
13.1107	52.3495	4.96616	0.0167111
10.6893	54.7417	4.93838	0.0237183
10.1383	52.3495	4.96718	0.015989
15.8835	49.3292	4.97176	0.0121409
13.1107	52.3495	4.96616	0.0167111
12.7118	50.0843	4.97559	0.0129331
14.2198	55.2938	4.92614	0.0297563
10.6893	54.7417	4.93838	0.0237183
13.1107	52.3495	4.96616	0.0167111
17.0264	56.2438	4.90471	0.0392435
14.2198	55.2938	4.92614	0.0297563
16.083	52.3495	4.96375	0.0171278
17.2808	59.0298	4.77825	0.0860126
17.5295	61.7527	0.0981219	4.67909
15.0494	60.8826	0.120846	0.113957
17.0264	56.2438	4.90471	0.0392435
17.2808	59.0298	4.77825	0.0860126
14.6026	58.144	4.81717	0.061388
17.0264	56.2438	4.90471	0.0392435
20.0518	56.4338	4.89217	0.041769
17.2808	59.0298	4.77825	0.0860126
7.16598	52.3495	4.96898	0.0153834
8.05963	55.2938	4.92831	0.0246528
4.92487	55.4838	4.9317	0.0253473
6.76709	49.3292	4.98263	0.0117452
7.16598	52.3495	4.96898	0.0153834
4.19365	52.3495	4.97176	0.0150401
10.1383	52.3495	4.96718	0.015989
8.05963	55.2938	4.92831	0.0246528
7.16598	52.3495	4.96898	0.0153834
12.7118	50.0843	4.97559	0.0129331
10.1383	52.3495	4.96718	0.015989
9.70619	49.8955	4.97866	0.0124109
10.6893	54.7417	4.93838	0.0237183
8.05963	55.2938	4.92831	0.0246528
10.1383	52.3495	4.96718	0.015989
12.5577	42.3516	4.94922	0.00894229
12.5	40	4.92825	0.00790199
15.6779	42.1556	4.87832	0.00885294
9.61019	45.6673	4.9821	0.00991439
12.5577	42.3516	4.94922	0.00894229
12.6536	46.2515	4.97092	0.0101292
9.61019	45.6673	4.9821	0.00991439
6.31731	42.7435	4.98586	0.00920841
9.4375	42.5475	4.97645	0.0090771
-3.10282e-28	40	4.9896	0.00874641
3.125	40	4.98874	0.0081763
3.19711	42.9395	4.98873	0.00931982
-3.10282e-28	40	4.9896	0.00874641
0.076922	36.8646	4.98966	0.00770434
3.125	40	4.98874	0.0081763
46.6062	46.2515	4.96871	0.00930106
46.2717	49.3292	4.95057	0.0094222
43.5196	46.2515	4.94349	0.00893703
43.6923	43.1354	4.96267	0.0087946
46.6062	46.2515	4.96871	0.00930106
43.5196	46.2515	4.94349	0.00893703
49.6928	46.2515	4.97672	0.00946481
49.3105	49.3292	4.96182	0.00958782
46.6062	46.2515	4.96871	0.00930106
27.4517	72.3429	0.00957801	0.029814
25	72.3429	0.00940981	0.0352929
27.0253	69.2491	0.0144584	0.0623916
24.7277	76.3587	0.0075595	0.0156126
26.189	74.0896	0.00832101	0.0221976
27.2733	75.6267	0.00775614	0.0161455
24.7277	76.3587	0.0075595	0.0156126
23.0327	74.7883	0.00797761	0.0225503
26.189	74.0896	0.00832101	0.0221976
23.0339	79.8761	0.00728043	0.0122734
21.0802	79.5053	0.00733803	0.0132505
21.6827	78.0345	0.0073738	0.0138083
19.6759	76.9444	0.00750666	0.0156112
19.0551	74.0896	0.00829994	0.0261299
21.4331	74.0896	0.00826392	0.0274473
19.6759	76.9444	0.00750666	0.0156112
18.1801	75.6267	0.00784024	0.0193166
19.0551	74.0896	0.00829994	0.0261299
21.4331	74.0896	0.00826392	0.0274473
23.0327	74.7883	0.00797761	0.0225503
22.3999	76.5052	0.00755729	0.0165839
20.0967	72.3429	0.00938554	0.04398
22.5483	72.3429	0.00942808	0.0448806
21.4331	74.0896	0.00826392	0.0274473
16.5527	73.7985	0.00851983	0.024596
17.645	72.3429	0.0094086	0.0346443
19.0551	74.0896	0.00829994	0.0261299
19.193	69.7412	0.0131776	0.0803618
21.8037	69.5771	0.013413	4.53184
20.0967	72.3429	0.00938554	0.04398
21.8037	69.5771	0.013413	4.53184
23.75	70.3973	0.0119883	0.0657043
22.5483	72.3429	0.00942808	0.0448806
21.6827	78.0345	0.0073738	0.0138083
19.1515	78.89	0.00740269	0.0140912
19.6759	76.9444	0.00750666	0.0156112
22.3999	76.5052	0.00755729	0.0165839
19.6759	76.9444	0.00750666	0.0156112
21.4331	74.0896	0.00826392	0.0274473
22.3999	76.5052	0.00755729	0.0165839
21.6827	78.0345	0.0073738	0.0138083
19.6759	76.9444	0.00750666	0.0156112
24.7277	76.3587	0.0075595	0.0156126
22.3999	76.5052	0.00755729	0.0165839
23.0327	74.7883	0.00797761	0.0225503
24.7277	76.3587	0.0075595	0.0156126
24.9752	78.5234	0.00731237	0.0123798
23.329	78.279	0.00733746	0.0130816
21.0802	79.5053	0.00733803	0.0132505
19.1515	78.89	0.00740269	0.0140912
21.6827	78.0345	0.0073738	0.0138083
25	80	0.0072766	0.0119204
24.9752	78.5234	0.00731237	0.0123798
26.9661	79.8761	0.00726315	0.0114765
19.6759	76.9444	0.00750666	0.0156112
19.1515	78.89	0.00740269	0.0140912
17.2597	78.0345	0.0075477	0.0155671
28.3173	78.0345	0.00734693	0.0121359
30.8485	78.89	0.00736868	0.0121084
28.9198	79.5053	0.00730907	0.0117379
18.1801	75.6267	0.00784024	0.0193166
19.6759	76.9444	0.00750666	0.0156112
17.2597	78.0345	0.0075477	0.0155671
15.4167	76.9444	0.007769	0.017243
18.1801	75.6267	0.00784024	0.0193166
17.2597	78.0345	0.0075477	0.0155671
23.0327	74.7883	0.00797761	0.0225503
21.4331	74.0896	0.00826392	0.0274473
22.5483	72.3429	0.00942808	0.0448806
15.4167	76.9444	0.007769	0.017243
16.5527	73.7985	0.00851983	0.024596
18.1801	75.6267	0.00784024	0.0193166
20.0967	72.3429	0.00938554	0.04398
21.8037	69.5771	0.013413	4.53184
22.5483	72.3429	0.00942808	0.0448806
15.4167	76.9444	0.007769	0.017243
13.6336	75.6267	0.00839212	0.0217634
14.237	73.9441	0.00872409	0.0243992
29.3832	76.0659	0.00764377	0.0144533
31.3712	77.1646	0.00750716	0.013138
28.3173	78.0345	0.00734693	0.0121359
31.9219	75.3472	0.00786335	0.0154787
34.5833	76.9444	0.00767007	0.0142656
32.7403	78.0345	0.00746564	0.0128752
14.237	73.9441	0.00872409	0.0243992
11.9212	74.0896	0.00927039	0.027514
12.7417	72.3429	0.00997115	0.0322157
11.25	70.3973	0.0127188	0.0493887
12.7417	72.3429	0.00997115	0.0322157
10.2901	72.3429	0.0110751	0.0391113
17.645	72.3429	0.0094086	0.0346443
16.5527	73.7985	0.00851983	0.024596
15.1934	72.3429	0.00956228	0.0311779
19.193	69.7412	0.0131776	0.0803618
17.645	72.3429	0.0094086	0.0346443
16.25	70.3973	0.0118517	0.0491665
20.0967	72.3429	0.00938554	0.04398
19.0551	74.0896	0.00829994	0.0261299
17.645	72.3429	0.0094086	0.0346443
19.0551	74.0896	0.00829994	0.0261299
18.1801	75.6267	0.00784024	0.0193166
16.5527	73.7985	0.00851983	0.024596
32.355	72.3429	0.00952026	0.0248591
34.8066	72.3429	0.00957897	0.024054
33.3228	74.0896	0.00834567	0.0181272
33.3228	74.0896	0.00834567	0.0181272
31.9219	75.3472	0.00786335	0.0154787
30.9297	73.8705	0.00844988	0.0194964
35.7008	74.0896	0.0085627	0.0191338
33.3228	74.0896	0.00834567	0.0181272
34.8066	72.3429	0.00957897	0.024054
34.5833	76.9444	0.00767007	0.0142656
31.9219	75.3472	0.00786335	0.0154787
33.3228	74.0896	0.00834567	0.0181272
17.4187	68.2649	0.0172565	0.0964939
14.8915	68.2649	0.016658	0.0804901
16.8484	65.9587	0.0284551	4.65092
16.25	70.3973	0.0118517	0.0491665
13.513	70.6966	0.0115179	0.0423895
14.8915	68.2649	0.016658	0.0804901
19.193	69.7412	0.0131776	0.0803618
16.25	70.3973	0.0118517	0.0491665
17.4187	68.2649	0.0172565	0.0964939
15.1934	72.3429	0.00956228	0.0311779
14.237	73.9441	0.00872409	0.0243992
12.7417	72.3429	0.00997115	0.0322157
17.645	72.3429	0.0094086	0.0346443
15.1934	72.3429	0.00956228	0.0311779
16.25	70.3973	0.0118517	0.0491665
16.5527	73.7985	0.00851983	0.024596
14.237	73.9441	0.00872409	0.0243992
15.1934	72.3429	0.00956228	0.0311779
12.7417	72.3429	0.00997115	0.0322157
11.25	70.3973	0.0127188	0.0493887
13.513	70.6966	0.0115179	0.0423895
8.74996	70.3973	0.0146753	0.0624977
11.25	70.3973	0.0127188	0.0493887
10.2901	72.3429	0.0110751	0.0391113
12.3644	68.2649	0.0171375	0.0788038
13.846	66.4528	0.0246968	0.109403
14.8915	68.2649	0.016658	0.0804901
9.83732	68.2649	0.0185131	0.0928303
12.3644	68.2649	0.0171375	0.0788038
11.25	70.3973	0.0127188	0.0493887
9.83732	68.2649	0.0185131	0.0928303
11.414	65.9587	0.0288522	4.57486
12.3644	68.2649	0.0171375	0.0788038
9.83732	68.2649	0.0185131	0.0928303
11.25	70.3973	0.0127188	0.0493887
8.74996	70.3973	0.0146753	0.0624977
14.8915	68.2649	0.016658	0.0804901
13.513	70.6966	0.0115179	0.0423895
12.3644	68.2649	0.0171375	0.0788038
15.1934	72.3429	0.00956228	0.0311779
12.7417	72.3429	0.00997115	0.0322157
13.513	70.6966	0.0115179	0.0423895
15.4167	76.9444	0.007769	0.017243
14.237	73.9441	0.00872409	0.0243992
16.5527	73.7985	0.00851983	0.024596
13.6336	75.6267	0.00839212	0.0217634
11.9212	74.0896	0.00927039	0.027514
14.237	73.9441	0.00872409	0.0243992
11.9212	74.0896	0.00927039	0.027514
10.2901	72.3429	0.0110751	0.0391113
12.7417	72.3429	0.00997115	0.0322157
7.31021	68.2649	0.0220615	0.115391
9.83732	68.2649	0.0185131	0.0928303
8.74996	70.3973	0.0146753	0.0624977
7.31021	68.2649	0.0220615	0.115391
5.97957	65.9587	0.0384221	4.65879
8.78345	65.7825	0.0325443	4.62877
28.3173	78.0345	0.00734693	0.0121359
28.9198	79.5053	0.00730907	0.0117379
26.9661	79.8761	0.00726315	0.0114765
31.3712	77.1646	0.00750716	0.013138
31.9219	75.3472	0.00786335	0.0154787
32.7403	78.0345	0.00746564	0.0128752
28.3173	78.0345	0.00734693	0.0121359
31.3712	77.1646	0.00750716	0.013138
30.8485	78.89	0.00736868	0.0121084
29.3832	76.0659	0.00764377	0.0144533
31.9219	75.3472	0.00786335	0.0154787
31.3712	77.1646	0.00750716	0.013138
27.2733	75.6267	0.00775614	0.0161455
29.3832	76.0659	0.00764377	0.0144533
28.3173	78.0345	0.00734693	0.0121359
28.5669	74.0896	0.00835032	0.0200045
29.9033	72.3429	0.00958748	0.0275962
30.9297	73.8705	0.00844988	0.0194964
27.2733	75.6267	0.00775614	0.0161455
28.5669	74.0896	0.00835032	0.0200045
29.3832	76.0659	0.00764377	0.0144533
27.2733	75.6267	0.00775614	0.0161455
26.189	74.0896	0.00832101	0.0221976
28.5669	74.0896	0.00835032	0.0200045
26.2439	77.6257	0.00738674	0.0129534
27.2733	75.6267	0.00775614	0.0161455
28.3173	78.0345	0.00734693	0.0121359
26.9661	79.8761	0.00726315	0.0114765
26.2439	77.6257	0.00738674	0.0129534
28.3173	78.0345	0.00734693	0.0121359
24.9752	78.5234	0.00731237	0.0123798
24.7277	76.3587	0.0075595	0.0156126
26.2439	77.6257	0.00738674	0.0129534
31.0572	70.658	0.0116171	0.039501
30.0542	68.2649	0.0174885	4.43418
32.2468	68.921	0.0149789	0.0519999
31.0572	70.658	0.0116171	0.039501
28.75	70.3973	0.0122211	0.0466958
30.0542	68.2649	0.0174885	4.43418
33.75	70.3973	0.0119546	0.0337221
31.0572	70.658	0.0116171	0.039501
32.2468	68.921	0.0149789	0.0519999
29.9033	72.3429	0.00958748	0.0275962
28.75	70.3973	0.0122211	0.0466958
31.0572	70.658	0.0116171	0.039501
30.9297	73.8705	0.00844988	0.0194964
29.9033	72.3429	0.00958748	0.0275962
32.355	72.3429	0.00952026	0.0248591
33.3228	74.0896	0.00834567	0.0181272
30.9297	73.8705	0.00844988	0.0194964
32.355	72.3429	0.00952026	0.0248591
31.9219	75.3472	0.00786335	0.0154787
29.3832	76.0659	0.00764377	0.0144533
30.9297	73.8705	0.00844988	0.0194964
28.5669	74.0896	0.00835032	0.0200045
26.189	74.0896	0.00832101	0.0221976
27.4517	72.3429	0.00957801	0.029814
25	72.3429	0.00940981	0.0352929
23.75	70.3973	0.0119883	0.0657043
27.0253	69.2491	0.0144584	0.0623916
26.9661	79.8761	0.00726315	0.0114765
24.9752	78.5234	0.00731237	0.0123798
26.2439	77.6257	0.00738674	0.0129534
27.0253	69.2491	0.0144584	0.0623916
24.3347	67.1118	0.0220397	0.120946
26.9568	67.2765	0.0211029	0.0890645
19.0904	66.7823	0.0243451	0.144466
19.999	65.078	0.0393774	4.70501
22.2828	65.9587	0.0291754	4.68123
17.4187	68.2649	0.0172565	0.0964939
19.0904	66.7823	0.0243451	0.144466
19.193	69.7412	0.0131776	0.0803618
17.4187	68.2649	0.0172565	0.0964939
16.8484	65.9587	0.0284551	4.65092
19.0904	66.7823	0.0243451	0.144466
27.4517	72.3429	0.00957801	0.029814
28.75	70.3973	0.0122211	0.0466958
29.9033	72.3429	0.00958748	0.0275962
28.5669	74.0896	0.00835032	0.0200045
27.4517	72.3429	0.00957801	0.029814
29.9033	72.3429	0.00958748	0.0275962
26.189	74.0896	0.00832101	0.0221976
25	72.3429	0.00940981	0.0352929
27.4517	72.3429	0.00957801	0.029814
27.0253	69.2491	0.0144584	0.0623916
26.9568	67.2765	0.0211029	0.0890645
30.0542	68.2649	0.0174885	4.43418
27.4517	72.3429	0.00957801	0.029814
27.0253	69.2491	0.0144584	0.0623916
28.75	70.3973	0.0122211	0.0466958
23.75	70.3973	0.0119883	0.0657043
24.3347	67.1118	0.0220397	0.120946
27.0253	69.2491	0.0144584	0.0623916
34.8233	67.7707	0.0187234	0.0543592
37.4455	67.9354	0.0188854	4.38981
36.25	70.3973	0.0121123	0.0373603
31.3712	77.1646	0.00750716	0.013138
32.7403	78.0345	0.00746564	0.0128752
30.8485	78.89	0.00736868	0.0121084
23.329	78.279	0.00733746	0.0130816
22.3999	76.5052	0.00755729	0.0165839
24.7277	76.3587	0.0075595	0.0156126
23.0339	79.8761	0.00728043	0.0122734
23.329	78.279	0.00733746	0.0130816
24.9752	78.5234	0.00731237	0.0123798
21.6827	78.0345	0.0073738	0.0138083
22.3999	76.5052	0.00755729	0.0165839
23.329	78.279	0.00733746	0.0130816
21.6827	78.0345	0.0073738	0.0138083
23.329	78.279	0.00733746	0.0130816
23.0339	79.8761	0.00728043	0.0122734
25	72.3429	0.00940981	0.0352929
26.189	74.0896	0.00832101	0.0221976
23.0327	74.7883	0.00797761	0.0225503
27.2733	75.6267	0.00775614	0.0161455
26.2439	77.6257	0.00738674	0.0129534
24.7277	76.3587	0.0075595	0.0156126
25	80	0.0072766	0.0119204
23.0339	79.8761	0.00728043	0.0122734
24.9752	78.5234	0.00731237	0.0123798
35.7008	74.0896	0.0085627	0.0191338
37.3942	72.4885	0.00985808	0.0254224
38.0788	74.0896	0.00917224	0.0220742
34.5833	76.9444	0.00767007	0.0142656
35.7008	74.0896	0.0085627	0.0191338
36.3664	75.6267	0.00827431	0.017627
34.8066	72.3429	0.00957897	0.024054
37.3942	72.4885	0.00985808	0.0254224
35.7008	74.0896	0.0085627	0.0191338
34.5833	76.9444	0.00767007	0.0142656
33.3228	74.0896	0.00834567	0.0181272
35.7008	74.0896	0.0085627	0.0191338
33.75	70.3973	0.0119546	0.0337221
36.25	70.3973	0.0121123	0.0373603
34.8066	72.3429	0.00957897	0.024054
35.7008	74.0896	0.0085627	0.0191338
38.0788	74.0896	0.00917224	0.0220742
36.3664	75.6267	0.00827431	0.017627
37.4455	67.9354	0.0188854	4.38981
38.75	70.3973	0.0128171	0.037597
36.25	70.3973	0.0121123	0.0373603
39.7099	72.3429	0.011062	0.0291307
38.0788	74.0896	0.00917224	0.0220742
37.3942	72.4885	0.00985808	0.0254224
36.25	70.3973	0.0121123	0.0373603
33.75	70.3973	0.0119546	0.0337221
34.8233	67.7707	0.0187234	0.0543592
37.3942	72.4885	0.00985808	0.0254224
36.25	70.3973	0.0121123	0.0373603
38.75	70.3973	0.0128171	0.037597
37.3942	72.4885	0.00985808	0.0254224
34.8066	72.3429	0.00957897	0.024054
36.25	70.3973	0.0121123	0.0373603
15.5575	63.4929	0.0592938	4.64488
16.8484	65.9587	0.0284551	4.65092
13.846	66.4528	0.0246968	0.109403
11.414	65.9587	0.0288522	4.57486
12.8597	63.4929	0.0540326	0.120113
13.846	66.4528	0.0246968	0.109403
15.0494	60.8826	0.120846	0.113957
17.5295	61.7527	0.0981219	4.67909
15.5575	63.4929	0.0592938	4.64488
15.5575	63.4929	0.0592938	4.64488
17.5295	61.7527	0.0981219	4.67909
16.8484	65.9587	0.0284551	4.65092
11.6319	58.144	4.81215	0.0558638
14.6026	58.144	4.81717	0.061388
12.3979	60.3349	0.136169	4.50382
14.6026	58.144	4.81717	0.061388
17.2808	59.0298	4.77825	0.0860126
15.0494	60.8826	0.120846	0.113957
20.363	63.0044	0.0722591	4.70249
19.999	65.078	0.0393774	4.70501
17.5295	61.7527	0.0981219	4.67909
20.7355	60.8826	0.133535	4.62399
20.363	63.0044	0.0722591	4.70249
17.5295	61.7527	0.0981219	4.67909
20.7355	60.8826	0.133535	4.62399
23.0704	62.1007	0.0895895	0.144193
20.363	63.0044	0.0722591	4.70249
11.6319	58.144	4.81215	0.0558638
10.6893	54.7417	4.93838	0.0237183
14.2198	55.2938	4.92614	0.0297563
9.3634	60.8826	0.119122	0.0864937
11.6319	58.144	4.81215	0.0558638
12.3979	60.3349	0.136169	4.50382
8.66123	58.144	4.81853	0.0451917
10.6893	54.7417	4.93838	0.0237183
11.6319	58.144	4.81215	0.0558638
5.69054	58.144	4.83284	0.0483275
4.92487	55.4838	4.9317	0.0253473
8.05963	55.2938	4.92831	0.0246528
6.4478	61.0566	0.122301	0.0893164
5.69054	58.144	4.83284	0.0483275
8.66123	58.144	4.81853	0.0451917
3.67737	60.8826	0.15299	4.48577
2.71986	58.144	4.86555	0.0460373
5.69054	58.144	4.83284	0.0483275
36.8222	64.0212	0.0449256	0.0558433
39.6261	63.8451	0.0501847	0.049374
38.586	65.9587	0.0289597	0.0528683
34.1521	62.7968	0.0585507	4.4713
36.8222	64.0212	0.0449256	0.0558433
35.8688	65.9587	0.0274892	0.0614403
37.7936	60.8826	0.112816	0.0355993
39.6261	63.8451	0.0501847	0.049374
36.8222	64.0212	0.0449256	0.0558433
38.75	70.3973	0.0128171	0.037597
40.1627	68.2649	0.0188921	0.0457649
41.25	70.3973	0.0148342	0.0347241
37.3942	72.4885	0.00985808	0.0254224
38.75	70.3973	0.0128171	0.037597
39.7099	72.3429	0.011062	0.0291307
37.4455	67.9354	0.0188854	4.38981
40.1627	68.2649	0.0188921	0.0457649
38.75	70.3973	0.0128171	0.037597
35.8688	65.9587	0.0274892	0.0614403
37.4455	67.9354	0.0188854	4.38981
34.8233	67.7707	0.0187234	0.0543592
33.1516	65.9587	0.0266098	0.0723065
35.8688	65.9587	0.0274892	0.0614403
34.8233	67.7707	0.0187234	0.0543592
34.1521	62.7968	0.0585507	4.4713
34.9506	60.8826	0.0957408	0.0584402
36.8222	64.0212	0.0449256	0.0558433
38.75	70.3973	0.0128171	0.037597
41.25	70.3973	0.0148342	0.0347241
39.7099	72.3429	0.011062	0.0291307
38.586	65.9587	0.0289597	0.0528683
40.1627	68.2649	0.0188921	0.0457649
37.4455	67.9354	0.0188854	4.38981
41.3032	65.9587	0.0316095	0.0510185
42.6898	68.2649	0.0225047	0.0423737
40.1627	68.2649	0.0188921	0.0457649
41.3032	65.9587	0.0316095	0.0510185
44.0204	65.9587	0.0383352	0.0571569
42.6898	68.2649	0.0225047	0.0423737
41.25	70.3973	0.0148342	0.0347241
40.1627	68.2649	0.0188921	0.0457649
42.6898	68.2649	0.0225047	0.0423737
36.8222	64.0212	0.0449256	0.0558433
34.9506	60.8826	0.0957408	0.0584402
37.7936	60.8826	0.112816	0.0355993
2.71986	58.144	4.86555	0.0460373
4.92487	55.4838	4.9317	0.0253473
5.69054	58.144	4.83284	0.0483275
8.66123	58.144	4.81853	0.0451917
8.05963	55.2938	4.92831	0.0246528
10.6893	54.7417	4.93838	0.0237183
6.4478	61.0566	0.122301	0.0893164
8.66123	58.144	4.81853	0.0451917
9.3634	60.8826	0.119122	0.0864937
5.69054	58.144	4.83284	0.0483275
8.05963	55.2938	4.92831	0.0246528
8.66123	58.144	4.81853	0.0451917
1.8995	55.2938	4.94648	0.0223921
4.92487	55.4838	4.9317	0.0253473
2.71986	58.144	4.86555	0.0460373
1.8995	55.2938	4.94648	0.0223921
1.22131	52.3495	4.975	0.0143747
4.19365	52.3495	4.97176	0.0150401
41.3032	65.9587	0.0316095	0.0510185
42.43	63.669	0.0578878	4.40013
44.0204	65.9587	0.0383352	0.0571569
43.4796	60.8826	0.123968	0.0379013
40.6366	60.8826	0.118759	0.0375379
41.4664	58.5091	4.7827	0.0220754
45.2338	63.4929	0.0717236	0.0536536
43.4796	60.8826	0.123968	0.0379013
46.3226	60.8826	0.144448	0.0290685
42.43	63.669	0.0578878	4.40013
40.6366	60.8826	0.118759	0.0375379
43.4796	60.8826	0.123968	0.0379013
41.4664	58.5091	4.7827	0.0220754
38.5596	58.6917	4.76522	0.023919
38.8603	55.2938	4.88309	0.0137718
46.3226	60.8826	0.144448	0.0290685
43.4796	60.8826	0.123968	0.0379013
44.2548	57.954	4.81858	0.0187117
42.43	63.669	0.0578878	4.40013
39.6261	63.8451	0.0501847	0.049374
40.6366	60.8826	0.118759	0.0375379
44.0204	65.9587	0.0383352	0.0571569
42.43	63.669	0.0578878	4.40013
45.2338	63.4929	0.0717236	0.0536536
36.8222	64.0212	0.0449256	0.0558433
38.586	65.9587	0.0289597	0.0528683
35.8688	65.9587	0.0274892	0.0614403
40.6366	60.8826	0.118759	0.0375379
39.6261	63.8451	0.0501847	0.049374
37.7936	60.8826	0.112816	0.0355993
38.586	65.9587	0.0289597	0.0528683
37.4455	67.9354	0.0188854	4.38981
35.8688	65.9587	0.0274892	0.0614403
41.3032	65.9587	0.0316095	0.0510185
38.586	65.9587	0.0289597	0.0528683
39.6261	63.8451	0.0501847	0.049374
41.3032	65.9587	0.0316095	0.0510185
40.1627	68.2649	0.0188921	0.0457649
38.586	65.9587	0.0289597	0.0528683
32.2468	68.921	0.0149789	0.0519999
30.4344	65.9587	0.0265923	0.083496
33.1516	65.9587	0.0266098	0.0723065
21.7285	50.6506	4.95101	0.0133941
19.0553	52.3495	4.95702	0.0169178
18.9224	49.3292	4.96483	0.0120104
21.7462	47.598	4.95719	0.0105695
21.7285	50.6506	4.95101	0.0133941
18.9224	49.3292	4.96483	0.0120104
15.8835	49.3292	4.97176	0.0121409
18.8268	46.2515	4.94132	0.0100574
18.9224	49.3292	4.96483	0.0120104
22.0142	44.8882	4.93073	0.00945731
25	46.2515	4.95601	0.00958128
21.7462	47.598	4.95719	0.0105695
24.7341	50.8393	4.92575	0.01275
22.4091	54.0056	4.90331	0.0223465
21.7285	50.6506	4.95101	0.0133941
26.54	55.2938	0.240076	0.0269961
26.4853	58.144	4.73848	0.0570946
23.0771	56.6239	4.85339	0.0400159
30.9447	52.3495	4.88327	0.0125145
29.6201	55.2938	4.81527	0.0205556
27.9723	52.3495	4.88411	0.0138753
26.4853	58.144	4.73848	0.0570946
26.4215	60.8826	0.107945	4.54903
24.0253	59.6046	4.71752	0.0875172
29.6201	55.2938	4.81527	0.0205556
26.4853	58.144	4.73848	0.0570946
26.54	55.2938	0.240076	0.0269961
29.6201	55.2938	4.81527	0.0205556
32.1533	57.1939	0.182475	0.0304485
29.839	59.2394	0.126703	0.0610861
17.2808	59.0298	4.77825	0.0860126
20.7355	60.8826	0.133535	4.62399
17.5295	61.7527	0.0981219	4.67909
23.0771	56.6239	4.85339	0.0400159
20.3936	58.6582	4.79769	0.0816829
20.0518	56.4338	4.89217	0.041769
23.0771	56.6239	4.85339	0.0400159
24.0253	59.6046	4.71752	0.0875172
20.3936	58.6582	4.79769	0.0816829
39.0601	41.8598	4.90018	0.00821476
37.5191	43.9145	0.233832	0.0084889
37.5	40	4.92882	0.00742842
40.625	40	4.95478	0.00766237
39.0601	41.8598	4.90018	0.00821476
37.5	40	4.92882	0.00742842
40.6201	43.7197	4.90916	0.00850729
37.5191	43.9145	0.233832	0.0084889
39.0601	41.8598	4.90018	0.00821476
40.6201	43.7197	4.90916	0.00850729
40.433	46.2515	4.87764	0.00866523
37.5191	43.9145	0.233832	0.0084889
43.6923	43.1354	4.96267	0.0087946
40.6201	43.7197	4.90916	0.00850729
40.625	40	4.95478	0.00766237
43.6923	43.1354	4.96267	0.0087946
43.5196	46.2515	4.94349	0.00893703
40.6201	43.7197	4.90916	0.00850729
46.8798	40.196	4.98524	0.0087336
43.6923	43.1354	4.96267	0.0087946
43.75	40	4.97566	0.00793572
46.8077	43.1354	4.97916	0.00908934
49.6928	46.2515	4.97672	0.00946481
46.6062	46.2515	4.96871	0.00930106
37.5	40	4.92882	0.00742842
34.399	40.9798	4.88989	0.0079305
34.3221	37.8444	4.95594	0.00715227
40.5769	36.8646	4.97744	0.00736791
37.5	40	4.92882	0.00742842
37.4615	36.8646	4.96833	0.00719078
40.625	40	4.95478	0.00766237
40.6201	43.7197	4.90916	0.00850729
39.0601	41.8598	4.90018	0.00821476
40.1224	48.7521	4.87045	0.00891404
37.0597	48.5598	0.219011	0.00929829
37.3464	46.2515	0.205274	0.00881204
34.1165	49.3292	0.227125	0.00977969
36.7564	51.5944	4.85591	0.0102767
34.1289	53.2696	4.86366	0.012687
31.1732	46.2515	4.87218	0.00906686
34.1165	49.3292	0.227125	0.00977969
31.0776	49.3292	4.87931	0.010171
28.0866	46.2515	4.94431	0.00933185
31.1732	46.2515	4.87218	0.00906686
31.0776	49.3292	4.87931	0.010171
34.3294	43.6157	0.233017	0.00844395
34.399	40.9798	4.88989	0.0079305
37.5191	43.9145	0.233832	0.0084889
31.1732	46.2515	4.87218	0.00906686
31.226	43.7137	4.88975	0.0084714
34.2598	46.2515	0.204769	0.00895138
31.2788	41.1758	4.92525	0.00801562
34.399	40.9798	4.88989	0.0079305
34.3294	43.6157	0.233017	0.00844395
37.0597	48.5598	0.219011	0.00929829
36.7564	51.5944	4.85591	0.0102767
34.1165	49.3292	0.227125	0.00977969
37.3464	46.2515	0.205274	0.00881204
37.0597	48.5598	0.219011	0.00929829
34.2598	46.2515	0.204769	0.00895138
40.433	46.2515	4.87764	0.00866523
37.3464	46.2515	0.205274	0.00881204
37.5191	43.9145	0.233832	0.0084889
40.433	46.2515	4.87764	0.00866523
40.1224	48.7521	4.87045	0.00891404
37.3464	46.2515	0.205274	0.00881204
40.1224	48.7521	4.87045	0.00891404
36.7564	51.5944	4.85591	0.0102767
37.0597	48.5598	0.219011	0.00929829
46.2717	49.3292	4.95057	0.0094222
45.8487	52.5335	4.91947	0.0101976
43.2329	49.3292	4.91452	0.0091235
34.1165	49.3292	0.227125	0.00977969
34.1289	53.2696	4.86366	0.012687
30.9447	52.3495	4.88327	0.0125145
7.464	63.4929	0.0605057	4.60924
8.78345	65.7825	0.0325443	4.62877
5.97957	65.9587	0.0384221	4.65879
6.4478	61.0566	0.122301	0.0893164
7.464	63.4929	0.0605057	4.60924
4.76616	63.4929	0.0725068	0.124046
6.4478	61.0566	0.122301	0.0893164
9.3634	60.8826	0.119122	0.0864937
7.464	63.4929	0.0605057	4.60924
12.3979	60.3349	0.136169	4.50382
10.1618	63.4929	0.0540835	0.120963
9.3634	60.8826	0.119122	0.0864937
12.8597	63.4929	0.0540326	0.120113
15.0494	60.8826	0.120846	0.113957
15.5575	63.4929	0.0592938	4.64488
12.3644	68.2649	0.0171375	0.0788038
13.513	70.6966	0.0115179	0.0423895
11.25	70.3973	0.0127188	0.0493887
16.8484	65.9587	0.0284551	4.65092
14.8915	68.2649	0.016658	0.0804901
13.846	66.4528	0.0246968	0.109403
17.4187	68.2649	0.0172565	0.0964939
16.25	70.3973	0.0118517	0.0491665
14.8915	68.2649	0.016658	0.0804901
19.999	65.078	0.0393774	4.70501
19.0904	66.7823	0.0243451	0.144466
16.8484	65.9587	0.0284551	4.65092
19.193	69.7412	0.0131776	0.0803618
20.0967	72.3429	0.00938554	0.04398
17.645	72.3429	0.0094086	0.0346443
9.83732	68.2649	0.0185131	0.0928303
8.78345	65.7825	0.0325443	4.62877
11.414	65.9587	0.0288522	4.57486
6.48041	46.2515	4.986	0.0101986
3.72828	49.3292	4.98415	0.0116269
3.39381	46.2515	4.98802	0.010191
9.70619	49.8955	4.97866	0.0124109
6.76709	49.3292	4.98263	0.0117452
9.61019	45.6673	4.9821	0.00991439
9.70619	49.8955	4.97866	0.0124109
10.1383	52.3495	4.96718	0.015989
7.16598	52.3495	4.96898	0.0153834
13.1107	52.3495	4.96616	0.0167111
10.1383	52.3495	4.96718	0.015989
12.7118	50.0843	4.97559	0.0129331
4.19365	52.3495	4.97176	0.0150401
3.72828	49.3292	4.98415	0.0116269
6.76709	49.3292	4.98263	0.0117452
1.8995	55.2938	4.94648	0.0223921
4.19365	52.3495	4.97176	0.0150401
4.92487	55.4838	4.9317	0.0253473
1.22131	52.3495	4.975	0.0143747
3.72828	49.3292	4.98415	0.0116269
4.19365	52.3495	4.97176	0.0150401
22.2828	65.9587	0.0291754	4.68123
23.0704	62.1007	0.0895895	0.144193
25.6067	64.7258	0.0389136	4.6228
21.8037	69.5771	0.013413	4.53184
22.2828	65.9587	0.0291754	4.68123
24.3347	67.1118	0.0220397	0.120946
19.999	65.078	0.0393774	4.70501
20.363	63.0044	0.0722591	4.70249
22.2828	65.9587	0.0291754	4.68123
21.8037	69.5771	0.013413	4.53184
19.193	69.7412	0.0131776	0.0803618
19.0904	66.7823	0.0243451	0.144466
16.8484	65.9587	0.0284551	4.65092
17.5295	61.7527	0.0981219	4.67909
19.999	65.078	0.0393774	4.70501
22.2828	65.9587	0.0291754	4.68123
20.363	63.0044	0.0722591	4.70249
23.0704	62.1007	0.0895895	0.144193
16.25	70.3973	0.0118517	0.0491665
15.1934	72.3429	0.00956228	0.0311779
13.513	70.6966	0.0115179	0.0423895
7.464	63.4929	0.0605057	4.60924
10.1618	63.4929	0.0540835	0.120963
8.78345	65.7825	0.0325443	4.62877
20.0518	56.4338	4.89217	0.041769
19.0553	52.3495	4.95702	0.0169178
22.4091	54.0056	4.90331	0.0223465
20.3936	58.6582	4.79769	0.0816829
17.2808	59.0298	4.77825	0.0860126
20.0518	56.4338	4.89217	0.041769
15.0494	60.8826	0.120846	0.113957
12.8597	63.4929	0.0540326	0.120113
12.3979	60.3349	0.136169	4.50382
9.3634	60.8826	0.119122	0.0864937
8.66123	58.144	4.81853	0.0451917
11.6319	58.144	4.81215	0.0558638
9.70619	49.8955	4.97866	0.0124109
7.16598	52.3495	4.96898	0.0153834
6.76709	49.3292	4.98263	0.0117452
13.1107	52.3495	4.96616	0.0167111
16.083	52.3495	4.96375	0.0171278
14.2198	55.2938	4.92614	0.0297563
23.0771	56.6239	4.85339	0.0400159
22.4091	54.0056	4.90331	0.0223465
26.54	55.2938	0.240076	0.0269961
20.7355	60.8826	0.133535	4.62399
20.3936	58.6582	4.79769	0.0816829
24.0253	59.6046	4.71752	0.0875172
20.0518	56.4338	4.89217	0.041769
22.4091	54.0056	4.90331	0.0223465
23.0771	56.6239	4.85339	0.0400159
20.7355	60.8826	0.133535	4.62399
17.2808	59.0298	4.77825	0.0860126
20.3936	58.6582	4.79769	0.0816829
17.0264	56.2438	4.90471	0.0392435
19.0553	52.3495	4.95702	0.0169178
20.0518	56.4338	4.89217	0.041769
6.30769	36.8646	4.98494	0.00758211
6.24038	39.6081	4.98485	0.00802913
3.19231	36.8646	4.9888	0.0076615
9.49534	33.1714	4.98099	0.00704656
9.42308	36.8646	4.97292	0.00748238
6.43263	33.3637	4.98716	0.0071438
6.31731	42.7435	4.98586	0.00920841
3.125	40	4.98874	0.0081763
6.24038	39.6081	4.98485	0.00802913
9.4375	42.5475	4.97645	0.0090771
12.5	40	4.92825	0.00790199
12.5577	42.3516	4.94922	0.00894229
6.30769	36.8646	4.98494	0.00758211
9.36058	39.4121	4.97196	0.00789258
6.24038	39.6081	4.98485	0.00802913
9.42308	36.8646	4.97292	0.00748238
12.5385	36.8646	4.93471	0.00738643
9.36058	39.4121	4.97196	0.00789258
15.8122	34.7222	4.90784	0.00694056
12.5385	36.8646	4.93471	0.00738643
12.7112	34.5275	4.95767	0.00708635
9.4375	42.5475	4.97645	0.0090771
12.5577	42.3516	4.94922	0.00894229
9.61019	45.6673	4.9821	0.00991439
6.24038	39.6081	4.98485	0.00802913
9.4375	42.5475	4.97645	0.0090771
6.31731	42.7435	4.98586	0.00920841
9.36058	39.4121	4.97196	0.00789258
12.5	40	4.92825	0.00790199
9.4375	42.5475	4.97645	0.0090771
15.601	39.0202	0.245408	0.00775531
12.5	40	4.92825	0.00790199
12.5385	36.8646	4.93471	0.00738643
15.601	39.0202	0.245408	0.00775531
15.6779	42.1556	4.87832	0.00885294
12.5	40	4.92825	0.00790199
6.48041	46.2515	4.986	0.0101986
6.76709	49.3292	4.98263	0.0117452
3.72828	49.3292	4.98415	0.0116269
6.31731	42.7435	4.98586	0.00920841
6.48041	46.2515	4.986	0.0101986
3.39381	46.2515	4.98802	0.010191
9.61019	45.6673	4.9821	0.00991439
6.76709	49.3292	4.98263	0.0117452
6.48041	46.2515	4.986	0.0101986
12.7118	50.0843	4.97559	0.0129331
9.70619	49.8955	4.97866	0.0124109
11.1799	48.0735	4.97798	0.0112298
3.19711	42.9395	4.98873	0.00931982
0.076922	43.1354	4.98931	0.00937089
-3.10282e-28	40	4.9896	0.00874641
6.31731	42.7435	4.98586	0.00920841
3.19711	42.9395	4.98873	0.00931982
3.125	40	4.98874	0.0081763
3.39381	46.2515	4.98802	0.010191
0.307214	46.2515	4.9886	0.0101434
3.19711	42.9395	4.98873	0.00931982
45.0204	55.2938	4.8992	0.0126501
41.9404	55.2938	4.87099	0.0132028
42.834	52.3495	4.89887	0.0100899
48.1005	55.2938	4.91397	0.0119219
45.0204	55.2938	4.8992	0.0126501
45.8487	52.5335	4.91947	0.0101976
44.2548	57.954	4.81858	0.0187117
41.9404	55.2938	4.87099	0.0132028
45.0204	55.2938	4.8992	0.0126501
46.3226	60.8826	0.144448	0.0290685
44.2548	57.954	4.81858	0.0187117
47.2801	58.144	4.84326	0.0168137
41.4664	58.5091	4.7827	0.0220754
38.8603	55.2938	4.88309	0.0137718
41.9404	55.2938	4.87099	0.0132028
27.9723	52.3495	4.88411	0.0138753
28.0388	49.3292	4.93066	0.0106195
30.9447	52.3495	4.88327	0.0125145
19.0553	52.3495	4.95702	0.0169178
21.7285	50.6506	4.95101	0.0133941
22.4091	54.0056	4.90331	0.0223465
25	46.2515	4.95601	0.00958128
28.0388	49.3292	4.93066	0.0106195
24.7341	50.8393	4.92575	0.01275
21.7285	50.6506	4.95101	0.0133941
21.7462	47.598	4.95719	0.0105695
24.7341	50.8393	4.92575	0.01275
15.6779	42.1556	4.87832	0.00885294
17.2523	44.2036	4.90082	0.00941757
14.1489	44.3016	4.94683	0.00947884
22.0142	44.8882	4.93073	0.00945731
18.8268	46.2515	4.94132	0.0100574
18.7981	41.9596	0.240066	0.00888679
15.8835	49.3292	4.97176	0.0121409
12.6536	46.2515	4.97092	0.0101292
15.7402	46.2515	4.9542	0.0102149
17.0264	56.2438	4.90471	0.0392435
16.083	52.3495	4.96375	0.0171278
19.0553	52.3495	4.95702	0.0169178
4.19365	52.3495	4.97176	0.0150401
7.16598	52.3495	4.96898	0.0153834
4.92487	55.4838	4.9317	0.0253473
21.9183	41.7637	4.86876	0.00855111
25	43.1354	4.94376	0.00875102
22.0142	44.8882	4.93073	0.00945731
28.125	40	4.94459	0.00736955
25	40	4.90971	0.00735822
28.1154	36.8646	4.93123	0.00670858
25	30.6708	4.93888	0.00621844
25.1151	35.3065	0.33976	0.00619109
21.9134	33.7485	0.339473	0.00612913
31.3171	35.696	4.96984	0.00690326
28.0866	33.7485	4.94024	0.00644674
30.9343	31.8249	4.9813	0.00675525
28.1154	36.8646	4.93123	0.00670858
25.1151	35.3065	0.33976	0.00619109
28.0866	33.7485	4.94024	0.00644674
33.7508	28.5944	4.98902	0.00675905
37.1553	30.6708	4.98741	0.00686534
33.997	31.6326	4.98531	0.00684945
21.8846	36.8646	4.82404	0.00657094
21.9014	39.3141	0.253198	0.00743875
18.7212	38.8242	0.214404	0.00755741
28.1154	36.8646	4.93123	0.00670858
25	40	4.90971	0.00735822
25.1151	35.3065	0.33976	0.00619109
28.125	40	4.94459	0.00736955
28.1154	43.1354	4.94727	0.00857288
25	40	4.90971	0.00735822
3.72828	49.3292	4.98415	0.0116269
1.22131	52.3495	4.975	0.0143747
0.68946	49.3292	4.98521	0.011428
0.307214	46.2515	4.9886	0.0101434
3.39381	46.2515	4.98802	0.010191
0.68946	49.3292	4.98521	0.011428
11.1799	48.0735	4.97798	0.0112298
12.6536	46.2515	4.97092	0.0101292
12.7118	50.0843	4.97559	0.0129331
9.61019	45.6673	4.9821	0.00991439
11.1799	48.0735	4.97798	0.0112298
9.70619	49.8955	4.97866	0.0124109
9.61019	45.6673	4.9821	0.00991439
12.6536	46.2515	4.97092	0.0101292
11.1799	48.0735	4.97798	0.0112298
31.3817	62.6228	0.052535	4.53637
34.1521	62.7968	0.0585507	4.4713
33.1516	65.9587	0.0266098	0.0723065
26.9568	67.2765	0.0211029	0.0890645
28.4106	64.5496	0.0377448	0.101525
30.4344	65.9587	0.0265923	0.083496
29.839	59.2394	0.126703	0.0610861
33.5519	59.0383	0.138	0.0437442
31.3817	62.6228	0.052535	4.53637
28.6113	62.4488	0.0613746	0.105524
29.839	59.2394	0.126703	0.0610861
31.3817	62.6228	0.052535	4.53637
20.7355	60.8826	0.133535	4.62399
24.0253	59.6046	4.71752	0.0875172
23.0704	62.1007	0.0895895	0.144193
25.6371	53.0665	0.284621	0.0178326
24.7341	50.8393	4.92575	0.01275
27.9723	52.3495	4.88411	0.0138753
22.4091	54.0056	4.90331	0.0223465
25.6371	53.0665	0.284621	0.0178326
26.54	55.2938	0.240076	0.0269961
22.4091	54.0056	4.90331	0.0223465
24.7341	50.8393	4.92575	0.01275
25.6371	53.0665	0.284621	0.0178326
29.6201	55.2938	4.81527	0.0205556
31.8745	54.2817	4.84451	0.0161758
32.1533	57.1939	0.182475	0.0304485
34.2598	46.2515	0.204769	0.00895138
34.3294	43.6157	0.233017	0.00844395
37.3464	46.2515	0.205274	0.00881204
31.1732	46.2515	4.87218	0.00906686
34.2598	46.2515	0.204769	0.00895138
34.1165	49.3292	0.227125	0.00977969
34.2598	46.2515	0.204769	0.00895138
31.226	43.7137	4.88975	0.0084714
34.3294	43.6157	0.233017	0.00844395
35.6527	58.8743	4.70137	0.0330224
38.5596	58.6917	4.76522	0.023919
37.7936	60.8826	0.112816	0.0355993
33.5519	59.0383	0.138	0.0437442
35.6527	58.8743	4.70137	0.0330224
34.9506	60.8826	0.0957408	0.0584402
35.7802	55.2938	4.8603	0.015003
38.5596	58.6917	4.76522	0.023919
35.6527	58.8743	4.70137	0.0330224
42.43	63.669	0.0578878	4.40013
43.4796	60.8826	0.123968	0.0379013
45.2338	63.4929	0.0717236	0.0536536
6.48041	46.2515	4.986	0.0101986
6.31731	42.7435	4.98586	0.00920841
9.61019	45.6673	4.9821	0.00991439
0.68946	49.3292	4.98521	0.011428
3.39381	46.2515	4.98802	0.010191
3.72828	49.3292	4.98415	0.0116269
0.307214	46.2515	4.9886	0.0101434
0.076922	43.1354	4.98931	0.00937089
3.19711	42.9395	4.98873	0.00931982
6.4478	61.0566	0.122301	0.0893164
4.76616	63.4929	0.0725068	0.124046
3.67737	60.8826	0.15299	4.48577
5.69054	58.144	4.83284	0.0483275
6.4478	61.0566	0.122301	0.0893164
3.67737	60.8826	0.15299	4.48577
9.3634	60.8826	0.119122	0.0864937
10.1618	63.4929	0.0540835	0.120963
7.464	63.4929	0.0605057	4.60924
14.6026	58.144	4.81717	0.061388
15.0494	60.8826	0.120846	0.113957
12.3979	60.3349	0.136169	4.50382
14.2198	55.2938	4.92614	0.0297563
14.6026	58.144	4.81717	0.061388
11.6319	58.144	4.81215	0.0558638
14.2198	55.2938	4.92614	0.0297563
17.0264	56.2438	4.90471	0.0392435
14.6026	58.144	4.81717	0.061388
7.464	63.4929	0.0605057	4.60924
5.97957	65.9587	0.0384221	4.65879
4.76616	63.4929	0.0725068	0.124046
11.414	65.9587	0.0288522	4.57486
13.846	66.4528	0.0246968	0.109403
12.3644	68.2649	0.0171375	0.0788038
10.1618	63.4929	0.0540835	0.120963
11.414	65.9587	0.0288522	4.57486
8.78345	65.7825	0.0325443	4.62877
12.8597	63.4929	0.0540326	0.120113
15.5575	63.4929	0.0592938	4.64488
13.846	66.4528	0.0246968	0.109403
10.1618	63.4929	0.0540835	0.120963
12.8597	63.4929	0.0540326	0.120113
11.414	65.9587	0.0288522	4.57486
10.1618	63.4929	0.0540835	0.120963
12.3979	60.3349	0.136169	4.50382
12.8597	63.4929	0.0540326	0.120113
9.83732	68.2649	0.0185131	0.0928303
7.31021	68.2649	0.0220615	0.115391
8.78345	65.7825	0.0325443	4.62877
31.8745	54.2817	4.84451	0.0161758
30.9447	52.3495	4.88327	0.0125145
34.1289	53.2696	4.86366	0.012687
35.7802	55.2938	4.8603	0.015003
31.8745	54.2817	4.84451	0.0161758
34.1289	53.2696	4.86366	0.012687
29.6201	55.2938	4.81527	0.0205556
30.9447	52.3495	4.88327	0.0125145
31.8745	54.2817	4.84451	0.0161758
29.839	59.2394	0.126703	0.0610861
26.4853	58.144	4.73848	0.0570946
29.6201	55.2938	4.81527	0.0205556
33.5519	59.0383	0.138	0.0437442
29.839	59.2394	0.126703	0.0610861
32.1533	57.1939	0.182475	0.0304485
35.7802	55.2938	4.8603	0.015003
33.5519	59.0383	0.138	0.0437442
32.1533	57.1939	0.182475	0.0304485
34.9506	60.8826	0.0957408	0.0584402
31.3817	62.6228	0.052535	4.53637
33.5519	59.0383	0.138	0.0437442
28.6113	62.4488	0.0613746	0.105524
26.4215	60.8826	0.107945	4.54903
29.839	59.2394	0.126703	0.0610861
26.54	55.2938	0.240076	0.0269961
27.9723	52.3495	4.88411	0.0138753
29.6201	55.2938	4.81527	0.0205556
25.6371	53.0665	0.284621	0.0178326
27.9723	52.3495	4.88411	0.0138753
26.54	55.2938	0.240076	0.0269961
24.7341	50.8393	4.92575	0.01275
28.0388	49.3292	4.93066	0.0106195
27.9723	52.3495	4.88411	0.0138753
22.5483	72.3429	0.00942808	0.0448806
23.75	70.3973	0.0119883	0.0657043
25	72.3429	0.00940981	0.0352929
23.0327	74.7883	0.00797761	0.0225503
22.5483	72.3429	0.00942808	0.0448806
25	72.3429	0.00940981	0.0352929
21.4331	74.0896	0.00826392	0.0274473
19.0551	74.0896	0.00829994	0.0261299
20.0967	72.3429	0.00938554	0.04398
19.0904	66.7823	0.0243451	0.144466
22.2828	65.9587	0.0291754	4.68123
21.8037	69.5771	0.013413	4.53184
24.3347	67.1118	0.0220397	0.120946
23.75	70.3973	0.0119883	0.0657043
21.8037	69.5771	0.013413	4.53184
27.0253	69.2491	0.0144584	0.0623916
30.0542	68.2649	0.0174885	4.43418
28.75	70.3973	0.0122211	0.0466958
25.6067	64.7258	0.0389136	4.6228
28.4106	64.5496	0.0377448	0.101525
26.9568	67.2765	0.0211029	0.0890645
22.2828	65.9587	0.0291754	4.68123
25.6067	64.7258	0.0389136	4.6228
24.3347	67.1118	0.0220397	0.120946
23.0704	62.1007	0.0895895	0.144193
26.4215	60.8826	0.107945	4.54903
25.6067	64.7258	0.0389136	4.6228
30.4344	65.9587	0.0265923	0.083496
30.0542	68.2649	0.0174885	4.43418
26.9568	67.2765	0.0211029	0.0890645
28.6113	62.4488	0.0613746	0.105524
31.3817	62.6228	0.052535	4.53637
28.4106	64.5496	0.0377448	0.101525
25.6067	64.7258	0.0389136	4.6228
28.6113	62.4488	0.0613746	0.105524
28.4106	64.5496	0.0377448	0.101525
26.4215	60.8826	0.107945	4.54903
26.4853	58.144	4.73848	0.0570946
29.839	59.2394	0.126703	0.0610861
25.6067	64.7258	0.0389136	4.6228
26.4215	60.8826	0.107945	4.54903
28.6113	62.4488	0.0613746	0.105524
24.0253	59.6046	4.71752	0.0875172
23.0771	56.6239	4.85339	0.0400159
26.4853	58.144	4.73848	0.0570946
33.1516	65.9587	0.0266098	0.0723065
34.8233	67.7707	0.0187234	0.0543592
32.2468	68.921	0.0149789	0.0519999
31.3817	62.6228	0.052535	4.53637
33.1516	65.9587	0.0266098	0.0723065
30.4344	65.9587	0.0265923	0.083496
34.1521	62.7968	0.0585507	4.4713
35.8688	65.9587	0.0274892	0.0614403
33.1516	65.9587	0.0266098	0.0723065
32.355	72.3429	0.00952026	0.0248591
33.75	70.3973	0.0119546	0.0337221
34.8066	72.3429	0.00957897	0.024054
29.3832	76.0659	0.00764377	0.0144533
28.5669	74.0896	0.00835032	0.0200045
30.9297	73.8705	0.00844988	0.0194964
31.0572	70.658	0.0116171	0.039501
33.75	70.3973	0.0119546	0.0337221
32.355	72.3429	0.00952026	0.0248591
29.9033	72.3429	0.00958748	0.0275962
31.0572	70.658	0.0116171	0.039501
32.355	72.3429	0.00952026	0.0248591
28.4106	64.5496	0.0377448	0.101525
31.3817	62.6228	0.052535	4.53637
30.4344	65.9587	0.0265923	0.083496
24.3347	67.1118	0.0220397	0.120946
25.6067	64.7258	0.0389136	4.6228
26.9568	67.2765	0.0211029	0.0890645
23.0704	62.1007	0.0895895	0.144193
24.0253	59.6046	4.71752	0.0875172
26.4215	60.8826	0.107945	4.54903
30.4344	65.9587	0.0265923	0.083496
32.2468	68.921	0.0149789	0.0519999
30.0542	68.2649	0.0174885	4.43418
34.8233	67.7707	0.0187234	0.0543592
33.75	70.3973	0.0119546	0.0337221
32.2468	68.921	0.0149789	0.0519999
43.2329	49.3292	4.91452	0.0091235
40.1224	48.7521	4.87045	0.00891404
40.433	46.2515	4.87764	0.00866523
48.7787	52.3495	4.94118	0.0100642
45.8487	52.5335	4.91947	0.0101976
46.2717	49.3292	4.95057	0.0094222
42.834	52.3495	4.89887	0.0100899
40.1224	48.7521	4.87045	0.00891404
43.2329	49.3292	4.91452	0.0091235
47.2801	58.144	4.84326	0.0168137
44.2548	57.954	4.81858	0.0187117
45.0204	55.2938	4.8992	0.0126501
38.8603	55.2938	4.88309	0.0137718
35.7802	55.2938	4.8603	0.015003
36.7564	51.5944	4.85591	0.0102767
41.9404	55.2938	4.87099	0.0132028
38.8603	55.2938	4.88309	0.0137718
39.8617	52.3495	4.87945	0.0103782
45.8487	52.5335	4.91947	0.0101976
45.0204	55.2938	4.8992	0.0126501
42.834	52.3495	4.89887	0.0100899
41.4664	58.5091	4.7827	0.0220754
40.6366	60.8826	0.118759	0.0375379
38.5596	58.6917	4.76522	0.023919
44.2548	57.954	4.81858	0.0187117
41.4664	58.5091	4.7827	0.0220754
41.9404	55.2938	4.87099	0.0132028
44.2548	57.954	4.81858	0.0187117
43.4796	60.8826	0.123968	0.0379013
41.4664	58.5091	4.7827	0.0220754
38.5596	58.6917	4.76522	0.023919
35.7802	55.2938	4.8603	0.015003
38.8603	55.2938	4.88309	0.0137718
6.31731	42.7435	4.98586	0.00920841
3.39381	46.2515	4.98802	0.010191
3.19711	42.9395	4.98873	0.00931982
45.8487	52.5335	4.91947	0.0101976
42.834	52.3495	4.89887	0.0100899
43.2329	49.3292	4.91452	0.0091235
48.1005	55.2938	4.91397	0.0119219
45.8487	52.5335	4.91947	0.0101976
48.7787	52.3495	4.94118	0.0100642
48.1005	55.2938	4.91397	0.0119219
47.2801	58.144	4.84326	0.0168137
45.0204	55.2938	4.8992	0.0126501
37.7936	60.8826	0.112816	0.0355993
38.5596	58.6917	4.76522	0.023919
40.6366	60.8826	0.118759	0.0375379
41.3032	65.9587	0.0316095	0.0510185
39.6261	63.8451	0.0501847	0.049374
42.43	63.669	0.0578878	4.40013
34.9506	60.8826	0.0957408	0.0584402
35.6527	58.8743	4.70137	0.0330224
37.7936	60.8826	0.112816	0.0355993
31.3817	62.6228	0.052535	4.53637
34.9506	60.8826	0.0957408	0.0584402
34.1521	62.7968	0.0585507	4.4713
33.5519	59.0383	0.138	0.0437442
35.7802	55.2938	4.8603	0.015003
35.6527	58.8743	4.70137	0.0330224
31.8745	54.2817	4.84451	0.0161758
35.7802	55.2938	4.8603	0.015003
32.1533	57.1939	0.182475	0.0304485
34.1165	49.3292	0.227125	0.00977969
34.2598	46.2515	0.204769	0.00895138
37.0597	48.5598	0.219011	0.00929829
28.0388	49.3292	4.93066	0.0106195
31.0776	49.3292	4.87931	0.010171
30.9447	52.3495	4.88327	0.0125145
28.0388	49.3292	4.93066	0.0106195
25	46.2515	4.95601	0.00958128
28.0866	46.2515	4.94431	0.00933185
36.7564	51.5944	4.85591	0.0102767
35.7802	55.2938	4.8603	0.015003
34.1289	53.2696	4.86366	0.012687
30.9447	52.3495	4.88327	0.0125145
31.0776	49.3292	4.87931	0.010171
34.1165	49.3292	0.227125	0.00977969
40.1224	48.7521	4.87045	0.00891404
42.834	52.3495	4.89887	0.0100899
39.8617	52.3495	4.87945	0.0103782
39.8617	52.3495	4.87945	0.0103782
42.834	52.3495	4.89887	0.0100899
41.9404	55.2938	4.87099	0.0132028
36.7564	51.5944	4.85591	0.0102767
39.8617	52.3495	4.87945	0.0103782
38.8603	55.2938	4.88309	0.0137718
36.7564	51.5944	4.85591	0.0102767
40.1224	48.7521	4.87045	0.00891404
39.8617	52.3495	4.87945	0.0103782
18.9224	49.3292	4.96483	0.0120104
19.0553	52.3495	4.95702	0.0169178
16.083	52.3495	4.96375	0.0171278
15.7402	46.2515	4.9542	0.0102149
18.8268	46.2515	4.94132	0.0100574
15.8835	49.3292	4.97176	0.0121409
21.7462	47.598	4.95719	0.0105695
25	46.2515	4.95601	0.00958128
24.7341	50.8393	4.92575	0.01275
22.0108	14.5924	2.69734	0.00361857
19.9458	11.7351	2.63308	0.0036268
23.0432	12.7235	2.66582	0.0036224
17.645	7.6571	0.0906617	0.0067499
18.75	9.60269	0.146362	0.00674181
16.5822	10.0948	4.71963	0.00663434
14.9215	7.36598	0.0872884	0.00675012
17.645	7.6571	0.0906617	0.0067499
16.5822	10.0948	4.71963	0.00663434
16.6772	5.91038	0.0580239	0.006755
19.0551	5.91038	0.0537939	0.00675538
17.645	7.6571	0.0906617	0.0067499
20.0967	7.6571	0.0829874	0.00674964
21.25	9.60269	0.0786217	0.0036901
18.75	9.60269	0.146362	0.00674181
17.645	7.6571	0.0906617	0.0067499
19.0551	5.91038	0.0537939	0.00675538
20.0967	7.6571	0.0829874	0.00674964
24.1844	6.78374	0.0683362	0.00674957
26.189	5.91038	0.0531727	0.00675026
25.4207	8.55507	0.119927	0.00674069
28.5669	5.91038	0.0524881	0.00674726
31.8199	4.37335	0.0373452	0.00674613
31.1316	6.34706	0.0588752	0.00674199
26.9661	0.123895	0.0199976	0.00675854
28.4094	2.238	0.0245648	0.00675507
26.0648	3.0556	0.027095	0.00675696
28.9198	0.494728	0.0224257	0.00675559
30.8485	1.10996	0.0246094	0.00675238
28.4094	2.238	0.0245648	0.00675507
31.25	9.60269	0.146416	0.00672881
33.75	9.60269	0.137326	0.00672585
32.5813	11.7351	4.81063	0.00661206
30.9096	13.2177	4.88957	0.00660731
29.636	10.915	4.77954	0.00661843
32.5813	11.7351	4.81063	0.00661206
32.355	7.6571	0.0812125	0.00673575
33.4473	6.2015	0.0560418	0.00673882
34.9468	7.95642	0.0889382	0.00673057
29.9033	7.6571	0.0864973	0.00673912
32.355	7.6571	0.0812125	0.00673575
31.25	9.60269	0.146416	0.00672881
31.1316	6.34706	0.0588752	0.00674199
31.8199	4.37335	0.0373452	0.00674613
33.4473	6.2015	0.0560418	0.00673882
29.9033	7.6571	0.0864973	0.00673912
31.1316	6.34706	0.0588752	0.00674199
32.355	7.6571	0.0812125	0.00673575
29.9033	7.6571	0.0864973	0.00673912
28.5669	5.91038	0.0524881	0.00674726
31.1316	6.34706	0.0588752	0.00674199
28.5669	5.91038	0.0524881	0.00674726
29.9033	7.6571	0.0864973	0.00673912
27.8022	8.40541	0.114066	0.0067385
25	4.37335	0.0358029	0.00675561
27.2733	4.37335	0.0361027	0.00675298
26.189	5.91038	0.0531727	0.00675026
27.2733	4.37335	0.0361027	0.00675298
30.3241	3.0556	0.0283352	0.00675113
28.5669	5.91038	0.0524881	0.00674726
31.1316	6.34706	0.0588752	0.00674199
33.4473	6.2015	0.0560418	0.00673882
32.355	7.6571	0.0812125	0.00673575
27.2733	4.37335	0.0361027	0.00675298
28.4094	2.238	0.0245648	0.00675507
30.3241	3.0556	0.0283352	0.00675113
26.189	5.91038	0.0531727	0.00675026
27.2733	4.37335	0.0361027	0.00675298
28.5669	5.91038	0.0524881	0.00674726
26.0648	3.0556	0.027095	0.00675696
28.4094	2.238	0.0245648	0.00675507
27.2733	4.37335	0.0361027	0.00675298
29.636	10.915	4.77954	0.00661843
29.9033	7.6571	0.0864973	0.00673912
31.25	9.60269	0.146416	0.00672881
25.4207	8.55507	0.119927	0.00674069
27.8022	8.40541	0.114066	0.0067385
27.0253	10.7509	4.78066	0.00662194
25.4207	8.55507	0.119927	0.00674069
26.189	5.91038	0.0531727	0.00675026
27.8022	8.40541	0.114066	0.0067385
26.3489	16.5071	4.96098	0.00660081
24.3933	15.2742	2.70583	0.00361609
25.6653	12.8882	4.88682	0.00661283
30.3241	3.0556	0.0283352	0.00675113
31.8199	4.37335	0.0373452	0.00674613
28.5669	5.91038	0.0524881	0.00674726
30.8485	1.10996	0.0246094	0.00675238
30.3241	3.0556	0.0283352	0.00675113
28.4094	2.238	0.0245648	0.00675507
30.8485	1.10996	0.0246094	0.00675238
32.7403	1.96546	0.0289166	0.0067483
30.3241	3.0556	0.0283352	0.00675113
30.3241	3.0556	0.0283352	0.00675113
32.7403	1.96546	0.0289166	0.0067483
31.8199	4.37335	0.0373452	0.00674613
23.9352	3.0556	0.0272376	0.00675894
25	4.37335	0.0358029	0.00675561
22.7267	4.37335	0.0355545	0.00675757
26.9661	0.123895	0.0199976	0.00675854
26.0648	3.0556	0.027095	0.00675696
25.0248	1.47661	0.0220111	0.00675966
26.9661	0.123895	0.0199976	0.00675854
28.9198	0.494728	0.0224257	0.00675559
28.4094	2.238	0.0245648	0.00675507
25.0248	1.47661	0.0220111	0.00675966
25	-8.70219e-28	0.0206803	0.00676012
26.9661	0.123895	0.0199976	0.00675854
23.9352	3.0556	0.0272376	0.00675894
25.0248	1.47661	0.0220111	0.00675966
26.0648	3.0556	0.027095	0.00675696
23.9352	3.0556	0.0272376	0.00675894
23.0835	1.59882	0.0225988	0.00676097
25.0248	1.47661	0.0220111	0.00675966
32.7403	1.96546	0.0289166	0.0067483
34.5833	3.0556	0.0354734	0.00674342
31.8199	4.37335	0.0373452	0.00674613
25	4.37335	0.0358029	0.00675561
26.0648	3.0556	0.027095	0.00675696
27.2733	4.37335	0.0361027	0.00675298
24.1844	6.78374	0.0683362	0.00674957
25	4.37335	0.0358029	0.00675561
26.189	5.91038	0.0531727	0.00675026
23.9352	3.0556	0.0272376	0.00675894
26.0648	3.0556	0.027095	0.00675696
25	4.37335	0.0358029	0.00675561
21.913	2.6468	0.0259464	0.0067607
23.9352	3.0556	0.0272376	0.00675894
22.7267	4.37335	0.0355545	0.00675757
23.0835	1.59882	0.0225988	0.00676097
23.0339	0.123895	0.0209234	0.00676148
25.0248	1.47661	0.0220111	0.00675966
21.913	2.6468	0.0259464	0.0067607
23.0835	1.59882	0.0225988	0.00676097
23.9352	3.0556	0.0272376	0.00675894
21.4331	5.91038	0.0522379	0.00675461
20.4534	4.37335	0.0366675	0.00675859
22.7267	4.37335	0.0355545	0.00675757
19.7476	2.78306	0.0285386	0.00676091
21.0802	0.494728	0.0220819	0.00676216
21.913	2.6468	0.0259464	0.0067607
23.0339	0.123895	0.0209234	0.00676148
25	-8.70219e-28	0.0206803	0.00676012
25.0248	1.47661	0.0220111	0.00675966
33.4473	6.2015	0.0560418	0.00673882
34.5833	3.0556	0.0354734	0.00674342
35.7008	5.91038	0.0589643	0.00673528
36.3664	4.37335	0.0518752	0.00673704
35.7008	5.91038	0.0589643	0.00673528
34.5833	3.0556	0.0354734	0.00674342
23.5785	19.1174	4.97855	0.00659782
26.3489	16.5071	4.96098	0.00660081
26.4215	19.1174	4.97786	0.00659966
23.0771	23.3761	4.98768	0.00661099
25.3391	26.1784	4.98607	0.00660351
22.0277	27.6505	4.97888	0.00650907
29.636	10.915	4.77954	0.00661843
27.8022	8.40541	0.114066	0.0067385
29.9033	7.6571	0.0864973	0.00673912
29.636	10.915	4.77954	0.00661843
27.0253	10.7509	4.78066	0.00662194
27.8022	8.40541	0.114066	0.0067385
32.5813	11.7351	4.81063	0.00661206
29.636	10.915	4.77954	0.00661843
31.25	9.60269	0.146416	0.00672881
28.2875	13.053	4.89261	0.00660979
27.0253	10.7509	4.78066	0.00662194
29.636	10.915	4.77954	0.00661843
23.0432	12.7235	2.66582	0.0036224
25.6653	12.8882	4.88682	0.00661283
24.3933	15.2742	2.70583	0.00361609
24.4145	10.5869	2.60536	0.00362758
25.4207	8.55507	0.119927	0.00674069
27.0253	10.7509	4.78066	0.00662194
23.0432	12.7235	2.66582	0.0036224
24.4145	10.5869	2.60536	0.00362758
25.6653	12.8882	4.88682	0.00661283
23.0432	12.7235	2.66582	0.0036224
21.25	9.60269	0.0786217	0.0036901
24.4145	10.5869	2.60536	0.00362758
24.1844	6.78374	0.0683362	0.00674957
22.5483	7.6571	0.0855617	0.0067479
21.4331	5.91038	0.0522379	0.00675461
25	4.37335	0.0358029	0.00675561
24.1844	6.78374	0.0683362	0.00674957
22.7267	4.37335	0.0355545	0.00675757
25.4207	8.55507	0.119927	0.00674069
24.4145	10.5869	2.60536	0.00362758
22.5483	7.6571	0.0855617	0.0067479
24.4145	10.5869	2.60536	0.00362758
21.25	9.60269	0.0786217	0.0036901
22.5483	7.6571	0.0855617	0.0067479
19.5656	14.0413	2.68788	0.00362097
20.9532	16.5071	2.71357	0.00361546
18.2554	16.5071	4.95665	0.00660616
19.9458	11.7351	2.63308	0.0036268
19.5656	14.0413	2.68788	0.00362097
17.7988	12.3941	4.85438	0.00662248
18.75	9.60269	0.146362	0.00674181
19.9458	11.7351	2.63308	0.0036268
17.7988	12.3941	4.85438	0.00662248
21.25	9.60269	0.0786217	0.0036901
23.0432	12.7235	2.66582	0.0036224
19.9458	11.7351	2.63308	0.0036268
22.0108	14.5924	2.69734	0.00361857
20.9532	16.5071	2.71357	0.00361546
19.5656	14.0413	2.68788	0.00362097
19.9458	11.7351	2.63308	0.0036268
22.0108	14.5924	2.69734	0.00361857
19.5656	14.0413	2.68788	0.00362097
23.0432	12.7235	2.66582	0.0036224
24.3933	15.2742	2.70583	0.00361609
22.0108	14.5924	2.69734	0.00361857
17.7548	18.7251	4.97444	0.00660076
20.7355	19.1174	4.97697	0.00659809
17.2541	20.9431	4.98315	0.00659801
16.8484	14.0413	4.9134	0.00661589
18.2554	16.5071	4.95665	0.00660616
15.9817	15.8026	4.94843	0.00661015
20.9532	16.5071	2.71357	0.00361546
20.7355	19.1174	4.97697	0.00659809
18.2554	16.5071	4.95665	0.00660616
14.9215	7.36598	0.0872884	0.00675012
16.5822	10.0948	4.71963	0.00663434
13.513	9.30337	0.142572	0.00674253
12.6058	7.51154	0.0960968	0.00674766
14.9215	7.36598	0.0872884	0.00675012
13.513	9.30337	0.142572	0.00674253
13.6336	4.37335	0.0525593	0.00675527
15.4167	3.0556	0.0391552	0.00675853
16.6772	5.91038	0.0580239	0.006755
19.7476	2.78306	0.0285386	0.00676091
19.1515	1.10996	0.0262008	0.00676159
21.0802	0.494728	0.0220819	0.00676216
20.4534	4.37335	0.0366675	0.00675859
19.0551	5.91038	0.0537939	0.00675538
18.1801	4.37335	0.039486	0.00675859
21.913	2.6468	0.0259464	0.0067607
20.4534	4.37335	0.0366675	0.00675859
19.7476	2.78306	0.0285386	0.00676091
21.4331	5.91038	0.0522379	0.00675461
19.0551	5.91038	0.0537939	0.00675538
20.4534	4.37335	0.0366675	0.00675859
24.1844	6.78374	0.0683362	0.00674957
21.4331	5.91038	0.0522379	0.00675461
22.7267	4.37335	0.0355545	0.00675757
20.0967	7.6571	0.0829874	0.00674964
19.0551	5.91038	0.0537939	0.00675538
21.4331	5.91038	0.0522379	0.00675461
20.4534	4.37335	0.0366675	0.00675859
18.1801	4.37335	0.039486	0.00675859
19.7476	2.78306	0.0285386	0.00676091
23.0835	1.59882	0.0225988	0.00676097
21.0802	0.494728	0.0220819	0.00676216
23.0339	0.123895	0.0209234	0.00676148
27.8022	8.40541	0.114066	0.0067385
26.189	5.91038	0.0531727	0.00675026
28.5669	5.91038	0.0524881	0.00674726
25.6653	12.8882	4.88682	0.00661283
24.4145	10.5869	2.60536	0.00362758
27.0253	10.7509	4.78066	0.00662194
22.5483	7.6571	0.0855617	0.0067479
20.0967	7.6571	0.0829874	0.00674964
21.4331	5.91038	0.0522379	0.00675461
25.4207	8.55507	0.119927	0.00674069
22.5483	7.6571	0.0855617	0.0067479
24.1844	6.78374	0.0683362	0.00674957
21.25	9.60269	0.0786217	0.0036901
20.0967	7.6571	0.0829874	0.00674964
22.5483	7.6571	0.0855617	0.0067479
14.9215	7.36598	0.0872884	0.00675012
16.6772	5.91038	0.0580239	0.006755
17.645	7.6571	0.0906617	0.0067499
21.913	2.6468	0.0259464	0.0067607
21.0802	0.494728	0.0220819	0.00676216
23.0835	1.59882	0.0225988	0.00676097
37.3284	7.80676	0.095231	0.00672673
38.0788	5.91038	0.0743573	0.00673021
39.7099	7.6571	0.116303	0.00672214
33.4473	6.2015	0.0560418	0.00673882
35.7008	5.91038	0.0589643	0.00673528
34.9468	7.95642	0.0889382	0.00673057
33.75	9.60269	0.137326	0.00672585
32.355	7.6571	0.0812125	0.00673575
34.9468	7.95642	0.0889382	0.00673057
31.8199	4.37335	0.0373452	0.00674613
34.5833	3.0556	0.0354734	0.00674342
33.4473	6.2015	0.0560418	0.00673882
36.3664	4.37335	0.0518752	0.00673704
38.0788	5.91038	0.0743573	0.00673021
35.7008	5.91038	0.0589643	0.00673528
19.7476	2.78306	0.0285386	0.00676091
17.2597	1.96546	0.0309976	0.00676059
19.1515	1.10996	0.0262008	0.00676159
18.1801	4.37335	0.039486	0.00675859
16.6772	5.91038	0.0580239	0.006755
15.4167	3.0556	0.0391552	0.00675853
19.7476	2.78306	0.0285386	0.00676091
18.1801	4.37335	0.039486	0.00675859
17.2597	1.96546	0.0309976	0.00676059
19.0551	5.91038	0.0537939	0.00675538
16.6772	5.91038	0.0580239	0.006755
18.1801	4.37335	0.039486	0.00675859
21.913	2.6468	0.0259464	0.0067607
22.7267	4.37335	0.0355545	0.00675757
20.4534	4.37335	0.0366675	0.00675859
20.0967	7.6571	0.0829874	0.00674964
18.75	9.60269	0.146362	0.00674181
17.645	7.6571	0.0906617	0.0067499
14.9215	7.36598	0.0872884	0.00675012
13.6336	4.37335	0.0525593	0.00675527
16.6772	5.91038	0.0580239	0.006755
32.355	7.6571	0.0812125	0.00673575
33.75	9.60269	0.137326	0.00672585
31.25	9.60269	0.146416	0.00672881
38.0788	5.91038	0.0743573	0.00673021
37.3284	7.80676	0.095231	0.00672673
35.7008	5.91038	0.0589643	0.00673528
38.75	9.60269	0.156465	0.00671789
41.25	9.60269	0.191965	0.00671293
40.1627	11.7351	4.84497	0.00660216
36.25	9.60269	0.14193	0.00672216
38.75	9.60269	0.156465	0.00671789
37.4683	11.4071	4.80215	0.00661008
39.7099	7.6571	0.116303	0.00672214
41.25	9.60269	0.191965	0.00671293
38.75	9.60269	0.156465	0.00671789
15.4167	3.0556	0.0391552	0.00675853
17.2597	1.96546	0.0309976	0.00676059
18.1801	4.37335	0.039486	0.00675859
44.0204	14.0413	4.95271	0.006595
41.2166	14.2175	4.93704	0.00659607
42.6898	11.7351	4.8905	0.00659852
14.9215	7.36598	0.0872884	0.00675012
12.6058	7.51154	0.0960968	0.00674766
13.6336	4.37335	0.0525593	0.00675527
15.1767	12.2293	4.85088	0.00662398
12.5545	12.0646	4.8387	0.00662465
13.513	9.30337	0.142572	0.00674253
16.5822	10.0948	4.71963	0.00663434
17.7988	12.3941	4.85438	0.00662248
15.1767	12.2293	4.85088	0.00662398
14.1312	14.0413	4.91509	0.00661699
12.5545	12.0646	4.8387	0.00662465
15.1767	12.2293	4.85088	0.00662398
15.9817	15.8026	4.94843	0.00661015
14.7591	18.4213	4.97349	0.00660431
13.1778	15.9788	4.95248	0.00661141
16.5822	10.0948	4.71963	0.00663434
18.75	9.60269	0.146362	0.00674181
17.7988	12.3941	4.85438	0.00662248
22.0108	14.5924	2.69734	0.00361857
24.3933	15.2742	2.70583	0.00361609
20.9532	16.5071	2.71357	0.00361546
11.4404	21.3083	4.98485	0.00661038
12.2064	19.1174	4.97842	0.00660707
14.6026	21.856	4.98523	0.00660264
8.66123	21.856	4.98661	0.00662235
11.4404	21.3083	4.98485	0.00661038
10.9756	24.1362	4.9879	0.00662936
8.66123	21.856	4.98661	0.00662235
9.3634	19.1174	4.98008	0.00661152
11.4404	21.3083	4.98485	0.00661038
6.52038	19.1174	4.98258	0.00661544
7.464	16.5071	4.96931	0.0066124
9.3634	19.1174	4.98008	0.00661152
3.67737	19.1174	4.98492	0.00661925
6.52038	19.1174	4.98258	0.00661544
5.62671	21.6734	4.98743	0.00663096
3.67737	19.1174	4.98492	0.00661925
4.76616	16.5071	4.97577	0.00661276
6.52038	19.1174	4.98258	0.00661544
10.1618	16.5071	4.96303	0.00661179
12.2064	19.1174	4.97842	0.00660707
9.3634	19.1174	4.98008	0.00661152
5.97957	14.0413	4.95214	0.00661421
8.69678	14.0413	4.93341	0.00661605
7.464	16.5071	4.96931	0.0066124
11.414	14.0413	4.91964	0.00661711
13.1778	15.9788	4.95248	0.00661141
10.1618	16.5071	4.96303	0.00661179
15.1767	12.2293	4.85088	0.00662398
16.8484	14.0413	4.9134	0.00661589
14.1312	14.0413	4.91509	0.00661699
6.52038	19.1174	4.98258	0.00661544
9.3634	19.1174	4.98008	0.00661152
8.66123	21.856	4.98661	0.00662235
14.7591	18.4213	4.97349	0.00660431
12.2064	19.1174	4.97842	0.00660707
13.1778	15.9788	4.95248	0.00661141
14.7591	18.4213	4.97349	0.00660431
14.6026	21.856	4.98523	0.00660264
12.2064	19.1174	4.97842	0.00660707
12.6058	7.51154	0.0960968	0.00674766
11.9212	5.91038	0.0813094	0.00674988
13.6336	4.37335	0.0525593	0.00675527
11.25	9.60269	0.157213	0.00673966
12.6058	7.51154	0.0960968	0.00674766
13.513	9.30337	0.142572	0.00674253
10.2901	7.6571	0.119037	0.0067438
11.9212	5.91038	0.0813094	0.00674988
12.6058	7.51154	0.0960968	0.00674766
41.2166	14.2175	4.93704	0.00659607
40.1627	11.7351	4.84497	0.00660216
42.6898	11.7351	4.8905	0.00659852
35.1085	11.7351	4.80977	0.00661119
37.4683	11.4071	4.80215	0.00661008
35.6088	14.5697	4.92549	0.00657382
33.1516	14.0413	4.91187	0.00658713
35.1085	11.7351	4.80977	0.00661119
35.6088	14.5697	4.92549	0.00657382
32.5813	11.7351	4.81063	0.00661206
33.75	9.60269	0.137326	0.00672585
35.1085	11.7351	4.80977	0.00661119
37.3284	7.80676	0.095231	0.00672673
39.7099	7.6571	0.116303	0.00672214
38.75	9.60269	0.156465	0.00671789
36.25	9.60269	0.14193	0.00672216
37.3284	7.80676	0.095231	0.00672673
38.75	9.60269	0.156465	0.00671789
35.1085	11.7351	4.80977	0.00661119
36.25	9.60269	0.14193	0.00672216
37.4683	11.4071	4.80215	0.00661008
34.9468	7.95642	0.0889382	0.00673057
37.3284	7.80676	0.095231	0.00672673
36.25	9.60269	0.14193	0.00672216
34.9468	7.95642	0.0889382	0.00673057
35.7008	5.91038	0.0589643	0.00673528
37.3284	7.80676	0.095231	0.00672673
42.536	16.5071	4.96964	0.00659686
44.0204	14.0413	4.95271	0.006595
45.2338	16.5071	4.97601	0.00659856
38.4127	14.3936	4.92831	0.00659947
41.2166	14.2175	4.93704	0.00659607
39.693	16.8552	4.96667	0.00659991
38.4127	14.3936	4.92831	0.00659947
37.4683	11.4071	4.80215	0.00661008
40.1627	11.7351	4.84497	0.00660216
10.2901	7.6571	0.119037	0.0067438
12.6058	7.51154	0.0960968	0.00674766
11.25	9.60269	0.157213	0.00673966
28.2875	13.053	4.89261	0.00660979
30.001	14.922	4.93462	0.00660394
26.3489	16.5071	4.96098	0.00660081
35.1085	11.7351	4.80977	0.00661119
33.1516	14.0413	4.91187	0.00658713
32.5813	11.7351	4.81063	0.00661206
30.001	14.922	4.93462	0.00660394
28.6113	17.5512	4.9679	0.00658966
26.3489	16.5071	4.96098	0.00660081
30.9096	13.2177	4.88957	0.00660731
30.001	14.922	4.93462	0.00660394
28.2875	13.053	4.89261	0.00660979
29.636	10.915	4.77954	0.00661843
30.9096	13.2177	4.88957	0.00660731
28.2875	13.053	4.89261	0.00660979
32.5813	11.7351	4.81063	0.00661206
33.1516	14.0413	4.91187	0.00658713
30.9096	13.2177	4.88957	0.00660731
31.7446	16.5071	4.95368	0.00653866
28.6113	17.5512	4.9679	0.00658966
30.001	14.922	4.93462	0.00660394
34.4425	16.5071	4.82688	0.00631751
31.7446	16.5071	4.95368	0.00653866
33.1516	14.0413	4.91187	0.00658713
34.4425	16.5071	4.82688	0.00631751
34.9506	19.1174	4.8478	0.00630218
32.1075	19.1174	4.84823	0.00631397
37.1403	16.5071	4.95761	0.00656322
34.4425	16.5071	4.82688	0.00631751
35.6088	14.5697	4.92549	0.00657382
37.1403	16.5071	4.95761	0.00656322
37.7936	19.1174	4.97736	0.0065868
34.9506	19.1174	4.8478	0.00630218
11.414	14.0413	4.91964	0.00661711
14.1312	14.0413	4.91509	0.00661699
13.1778	15.9788	4.95248	0.00661141
8.69678	14.0413	4.93341	0.00661605
9.93237	11.8999	4.8491	0.00662344
11.414	14.0413	4.91964	0.00661711
11.25	9.60269	0.157213	0.00673966
13.513	9.30337	0.142572	0.00674253
12.5545	12.0646	4.8387	0.00662465
10.2901	7.6571	0.119037	0.0067438
11.25	9.60269	0.157213	0.00673966
8.74996	9.60269	0.190792	0.00673557
13.513	9.30337	0.142572	0.00674253
16.5822	10.0948	4.71963	0.00663434
15.1767	12.2293	4.85088	0.00662398
9.93237	11.8999	4.8491	0.00662344
11.25	9.60269	0.157213	0.00673966
12.5545	12.0646	4.8387	0.00662465
11.414	14.0413	4.91964	0.00661711
9.93237	11.8999	4.8491	0.00662344
12.5545	12.0646	4.8387	0.00662465
8.69678	14.0413	4.93341	0.00661605
7.31021	11.7351	4.88902	0.00662019
9.93237	11.8999	4.8491	0.00662344
37.4683	11.4071	4.80215	0.00661008
38.4127	14.3936	4.92831	0.00659947
35.6088	14.5697	4.92549	0.00657382
42.536	16.5071	4.96964	0.00659686
43.4158	19.3	4.9832	0.00660948
40.5089	19.4825	4.98159	0.00660915
44.0204	14.0413	4.95271	0.006595
42.536	16.5071	4.96964	0.00659686
41.2166	14.2175	4.93704	0.00659607
45.2338	16.5071	4.97601	0.00659856
43.4158	19.3	4.9832	0.00660948
42.536	16.5071	4.96964	0.00659686
40.5089	19.4825	4.98159	0.00660915
41.2294	22.236	4.98733	0.00663844
38.204	22.4261	4.98707	0.00663663
42.536	16.5071	4.96964	0.00659686
40.5089	19.4825	4.98159	0.00660915
39.693	16.8552	4.96667	0.00659991
43.4158	19.3	4.9832	0.00660948
41.2294	22.236	4.98733	0.00663844
40.5089	19.4825	4.98159	0.00660915
47.2801	21.856	4.98854	0.00664993
44.3095	21.856	4.98776	0.00663911
46.3226	19.1174	4.98507	0.00661357
38.4127	14.3936	4.92831	0.00659947
37.1403	16.5071	4.95761	0.00656322
35.6088	14.5697	4.92549	0.00657382
40.1627	11.7351	4.84497	0.00660216
41.2166	14.2175	4.93704	0.00659607
38.4127	14.3936	4.92831	0.00659947
38.75	9.60269	0.156465	0.00671789
40.1627	11.7351	4.84497	0.00660216
37.4683	11.4071	4.80215	0.00661008
41.25	9.60269	0.191965	0.00671293
42.6898	11.7351	4.8905	0.00659852
40.1627	11.7351	4.84497	0.00660216
39.693	16.8552	4.96667	0.00659991
37.1403	16.5071	4.95761	0.00656322
38.4127	14.3936	4.92831	0.00659947
40.5089	19.4825	4.98159	0.00660915
37.7936	19.1174	4.97736	0.0065868
39.693	16.8552	4.96667	0.00659991
28.8815	20.2128	4.98092	0.00658794
29.1279	22.9961	4.98723	0.0066265
26.1025	23.1861	4.98746	0.00661738
32.1075	19.1174	4.84823	0.00631397
34.9506	19.1174	4.8478	0.00630218
32.4267	21.856	4.98345	0.00658209
28.8815	20.2128	4.98092	0.00658794
32.1075	19.1174	4.84823	0.00631397
32.4267	21.856	4.98345	0.00658209
31.7446	16.5071	4.95368	0.00653866
34.4425	16.5071	4.82688	0.00631751
32.1075	19.1174	4.84823	0.00631397
28.6113	17.5512	4.9679	0.00658966
31.7446	16.5071	4.95368	0.00653866
32.1075	19.1174	4.84823	0.00631397
11.414	14.0413	4.91964	0.00661711
12.5545	12.0646	4.8387	0.00662465
14.1312	14.0413	4.91509	0.00661699
12.2064	19.1174	4.97842	0.00660707
10.1618	16.5071	4.96303	0.00661179
13.1778	15.9788	4.95248	0.00661141
9.93237	11.8999	4.8491	0.00662344
8.74996	9.60269	0.190792	0.00673557
11.25	9.60269	0.157213	0.00673966
43.4158	19.3	4.9832	0.00660948
45.2338	16.5071	4.97601	0.00659856
46.3226	19.1174	4.98507	0.00661357
33.1516	14.0413	4.91187	0.00658713
35.6088	14.5697	4.92549	0.00657382
34.4425	16.5071	4.82688	0.00631751
36.25	9.60269	0.14193	0.00672216
33.75	9.60269	0.137326	0.00672585
34.9468	7.95642	0.0889382	0.00673057
21.9134	33.7485	0.339473	0.00612913
18.9132	34.917	4.86646	0.00660254
18.6835	32.5943	4.92551	0.00646907
25	30.6708	4.93888	0.00621844
21.9134	33.7485	0.339473	0.00612913
21.9612	30.6708	4.93343	0.00623213
21.8846	36.8646	4.82404	0.00657094
18.9132	34.917	4.86646	0.00660254
21.9134	33.7485	0.339473	0.00612913
25	40	4.90971	0.00735822
21.8846	36.8646	4.82404	0.00657094
25.1151	35.3065	0.33976	0.00619109
21.9134	33.7485	0.339473	0.00612913
18.6835	32.5943	4.92551	0.00646907
21.9612	30.6708	4.93343	0.00623213
18.7212	38.8242	0.214404	0.00755741
18.9132	34.917	4.86646	0.00660254
21.8846	36.8646	4.82404	0.00657094
17.2667	36.7732	0.255274	0.00725302
15.8122	34.7222	4.90784	0.00694056
18.9132	34.917	4.86646	0.00660254
18.7212	38.8242	0.214404	0.00755741
17.2667	36.7732	0.255274	0.00725302
18.9132	34.917	4.86646	0.00660254
18.7212	38.8242	0.214404	0.00755741
15.601	39.0202	0.245408	0.00775531
17.2667	36.7732	0.255274	0.00725302
18.7981	41.9596	0.240066	0.00888679
18.7212	38.8242	0.214404	0.00755741
21.9014	39.3141	0.253198	0.00743875
15.601	39.0202	0.245408	0.00775531
15.8122	34.7222	4.90784	0.00694056
17.2667	36.7732	0.255274	0.00725302
14.001	23.9462	4.98726	0.00661235
14.6026	21.856	4.98523	0.00660264
17.2998	24.7062	4.98718	0.00660604
13.1107	27.6505	4.9862	0.00667323
12.8447	30.6708	4.97949	0.00678507
10.1383	27.6505	4.98784	0.00670747
15.2052	26.1784	4.98689	0.00663074
15.7173	29.727	4.97881	0.00667139
13.1107	27.6505	4.9862	0.00667323
20.3799	24.7062	4.98676	0.00659696
18.0114	27.1222	4.98398	0.00660296
17.2998	24.7062	4.98718	0.00660604
18.7229	29.5382	4.96943	0.00652402
15.7173	29.727	4.97881	0.00667139
18.0114	27.1222	4.98398	0.00660296
18.7229	29.5382	4.96943	0.00652402
18.6835	32.5943	4.92551	0.00646907
15.7173	29.727	4.97881	0.00667139
10.9756	24.1362	4.9879	0.00662936
8.05963	24.7062	4.98875	0.00665745
8.66123	21.856	4.98661	0.00662235
10.1383	27.6505	4.98784	0.00670747
8.05963	24.7062	4.98875	0.00665745
10.9756	24.1362	4.9879	0.00662936
10.1383	27.6505	4.98784	0.00670747
9.80591	30.6708	4.98484	0.0068529
7.16598	27.6505	4.98911	0.00674428
6.70061	30.2933	4.98843	0.00688547
7.16598	27.6505	4.98911	0.00674428
9.80591	30.6708	4.98484	0.0068529
4.97956	24.7062	4.9893	0.00667835
5.62671	21.6734	4.98743	0.00663096
8.05963	24.7062	4.98875	0.00665745
3.67737	19.1174	4.98492	0.00661925
5.62671	21.6734	4.98743	0.00663096
2.71986	21.856	4.98839	0.00664231
6.52038	19.1174	4.98258	0.00661544
4.76616	16.5071	4.97577	0.00661276
7.464	16.5071	4.96931	0.0066124
25	30.6708	4.93888	0.00621844
28.0388	30.6708	4.97178	0.00654318
28.0866	33.7485	4.94024	0.00644674
47.2801	21.856	4.98854	0.00664993
48.1005	24.7062	4.98983	0.00672525
45.0204	24.7062	4.98958	0.00670565
26.4215	19.1174	4.97786	0.00659966
26.3489	16.5071	4.96098	0.00660081
28.6113	17.5512	4.9679	0.00658966
18.0114	27.1222	4.98398	0.00660296
22.0277	27.6505	4.97888	0.00650907
18.7229	29.5382	4.96943	0.00652402
17.2541	20.9431	4.98315	0.00659801
20.544	21.856	4.98522	0.006598
17.2998	24.7062	4.98718	0.00660604
23.0771	23.3761	4.98768	0.00661099
26.1025	23.1861	4.98746	0.00661738
25.3391	26.1784	4.98607	0.00660351
17.2998	24.7062	4.98718	0.00660604
20.544	21.856	4.98522	0.006598
20.3799	24.7062	4.98676	0.00659696
24.8405	21.1517	4.98435	0.00660479
26.1025	23.1861	4.98746	0.00661738
23.0771	23.3761	4.98768	0.00661099
20.544	21.856	4.98522	0.006598
24.8405	21.1517	4.98435	0.00660479
23.0771	23.3761	4.98768	0.00661099
23.5785	19.1174	4.97855	0.00659782
26.4215	19.1174	4.97786	0.00659966
24.8405	21.1517	4.98435	0.00660479
31.199	26.5464	4.98878	0.00668668
30.7452	28.7831	4.98739	0.00671796
28.269	26.3624	4.98737	0.00664263
29.1279	22.9961	4.98723	0.0066265
31.199	26.5464	4.98878	0.00668668
28.269	26.3624	4.98737	0.00664263
32.7002	24.7062	4.98864	0.00666075
33.7508	28.5944	4.98902	0.00675905
31.199	26.5464	4.98878	0.00668668
20.544	21.856	4.98522	0.006598
23.0771	23.3761	4.98768	0.00661099
20.3799	24.7062	4.98676	0.00659696
20.7355	19.1174	4.97697	0.00659809
20.544	21.856	4.98522	0.006598
17.2541	20.9431	4.98315	0.00659801
17.7548	18.7251	4.97444	0.00660076
18.2554	16.5071	4.95665	0.00660616
20.7355	19.1174	4.97697	0.00659809
14.7591	18.4213	4.97349	0.00660431
17.7548	18.7251	4.97444	0.00660076
17.2541	20.9431	4.98315	0.00659801
14.7591	18.4213	4.97349	0.00660431
15.9817	15.8026	4.94843	0.00661015
17.7548	18.7251	4.97444	0.00660076
20.9532	16.5071	2.71357	0.00361546
23.5785	19.1174	4.97855	0.00659782
20.7355	19.1174	4.97697	0.00659809
23.5785	19.1174	4.97855	0.00659782
24.8405	21.1517	4.98435	0.00660479
20.544	21.856	4.98522	0.006598
26.689	28.4246	4.97812	0.00653991
22.0277	27.6505	4.97888	0.00650907
25.3391	26.1784	4.98607	0.00660351
21.9612	30.6708	4.93343	0.00623213
18.6835	32.5943	4.92551	0.00646907
18.7229	29.5382	4.96943	0.00652402
20.7355	19.1174	4.97697	0.00659809
23.5785	19.1174	4.97855	0.00659782
20.544	21.856	4.98522	0.006598
16.8484	14.0413	4.9134	0.00661589
19.5656	14.0413	2.68788	0.00362097
18.2554	16.5071	4.95665	0.00660616
16.8484	14.0413	4.9134	0.00661589
17.7988	12.3941	4.85438	0.00662248
19.5656	14.0413	2.68788	0.00362097
14.1312	14.0413	4.91509	0.00661699
16.8484	14.0413	4.9134	0.00661589
15.9817	15.8026	4.94843	0.00661015
15.1767	12.2293	4.85088	0.00662398
17.7988	12.3941	4.85438	0.00662248
16.8484	14.0413	4.9134	0.00661589
18.75	9.60269	0.146362	0.00674181
21.25	9.60269	0.0786217	0.0036901
19.9458	11.7351	2.63308	0.0036268
24.3933	15.2742	2.70583	0.00361609
23.5785	19.1174	4.97855	0.00659782
20.9532	16.5071	2.71357	0.00361546
4.97956	24.7062	4.9893	0.00667835
4.19365	27.6505	4.98973	0.00677908
1.8995	24.7062	4.98961	0.00669762
8.74996	9.60269	0.190792	0.00673557
9.93237	11.8999	4.8491	0.00662344
7.31021	11.7351	4.88902	0.00662019
46.8029	37.0605	4.98823	0.00776047
43.6827	37.2565	4.98369	0.00761433
46.6062	33.7485	4.98973	0.00734587
41.9404	24.7062	4.98924	0.00669158
45.0204	24.7062	4.98958	0.00670565
42.7675	28.0281	4.98991	0.00682202
38.8603	24.7062	4.98891	0.00667965
41.9404	24.7062	4.98924	0.00669158
39.9888	27.0985	4.98952	0.00675815
41.2294	22.236	4.98733	0.00663844
44.3095	21.856	4.98776	0.00663911
41.9404	24.7062	4.98924	0.00669158
48.7787	27.6505	4.99028	0.00686322
49.3105	30.6708	4.99036	0.00708697
46.2478	30.8632	4.99017	0.00705728
26.1025	23.1861	4.98746	0.00661738
24.8405	21.1517	4.98435	0.00660479
28.8815	20.2128	4.98092	0.00658794
28.269	26.3624	4.98737	0.00664263
26.1025	23.1861	4.98746	0.00661738
29.1279	22.9961	4.98723	0.0066265
23.0771	23.3761	4.98768	0.00661099
22.0277	27.6505	4.97888	0.00650907
20.3799	24.7062	4.98676	0.00659696
12.8447	30.6708	4.97949	0.00678507
12.7112	34.5275	4.95767	0.00708635
9.49534	33.1714	4.98099	0.00704656
10.1383	27.6505	4.98784	0.00670747
12.8447	30.6708	4.97949	0.00678507
9.80591	30.6708	4.98484	0.0068529
14.3285	32.6965	4.9598	0.0068677
18.6835	32.5943	4.92551	0.00646907
15.8122	34.7222	4.90784	0.00694056
25.1151	35.3065	0.33976	0.00619109
21.8846	36.8646	4.82404	0.00657094
21.9134	33.7485	0.339473	0.00612913
14.3285	32.6965	4.9598	0.0068677
12.7112	34.5275	4.95767	0.00708635
12.8447	30.6708	4.97949	0.00678507
18.9132	34.917	4.86646	0.00660254
15.8122	34.7222	4.90784	0.00694056
18.6835	32.5943	4.92551	0.00646907
15.601	39.0202	0.245408	0.00775531
12.5385	36.8646	4.93471	0.00738643
15.8122	34.7222	4.90784	0.00694056
23.5785	19.1174	4.97855	0.00659782
24.3933	15.2742	2.70583	0.00361609
26.3489	16.5071	4.96098	0.00660081
28.8815	20.2128	4.98092	0.00658794
24.8405	21.1517	4.98435	0.00660479
26.4215	19.1174	4.97786	0.00659966
18.2554	16.5071	4.95665	0.00660616
17.7548	18.7251	4.97444	0.00660076
15.9817	15.8026	4.94843	0.00661015
14.6026	21.856	4.98523	0.00660264
17.2541	20.9431	4.98315	0.00659801
17.2998	24.7062	4.98718	0.00660604
15.9817	15.8026	4.94843	0.00661015
13.1778	15.9788	4.95248	0.00661141
14.1312	14.0413	4.91509	0.00661699
14.6026	21.856	4.98523	0.00660264
14.7591	18.4213	4.97349	0.00660431
17.2541	20.9431	4.98315	0.00659801
11.4404	21.3083	4.98485	0.00661038
14.001	23.9462	4.98726	0.00661235
10.9756	24.1362	4.9879	0.00662936
30.001	14.922	4.93462	0.00660394
30.9096	13.2177	4.88957	0.00660731
33.1516	14.0413	4.91187	0.00658713
31.7446	16.5071	4.95368	0.00653866
30.001	14.922	4.93462	0.00660394
33.1516	14.0413	4.91187	0.00658713
25.6653	12.8882	4.88682	0.00661283
27.0253	10.7509	4.78066	0.00662194
28.2875	13.053	4.89261	0.00660979
25.6653	12.8882	4.88682	0.00661283
28.2875	13.053	4.89261	0.00660979
26.3489	16.5071	4.96098	0.00660081
33.75	9.60269	0.137326	0.00672585
36.25	9.60269	0.14193	0.00672216
35.1085	11.7351	4.80977	0.00661119
39.693	16.8552	4.96667	0.00659991
41.2166	14.2175	4.93704	0.00659607
42.536	16.5071	4.96964	0.00659686
28.8815	20.2128	4.98092	0.00658794
26.4215	19.1174	4.97786	0.00659966
28.6113	17.5512	4.9679	0.00658966
40.625	40	4.95478	0.00766237
43.75	40	4.97566	0.00793572
43.6923	43.1354	4.96267	0.0087946
34.399	40.9798	4.88989	0.0079305
37.5	40	4.92882	0.00742842
37.5191	43.9145	0.233832	0.0084889
40.5769	36.8646	4.97744	0.00736791
43.6827	37.2565	4.98369	0.00761433
40.625	40	4.95478	0.00766237
37.3464	33.7485	4.98234	0.00700921
33.997	31.6326	4.98531	0.00684945
37.1553	30.6708	4.98741	0.00686534
40.625	40	4.95478	0.00766237
37.5	40	4.92882	0.00742842
40.5769	36.8646	4.97744	0.00736791
37.4615	36.8646	4.96833	0.00719078
34.1596	34.7385	4.97769	0.00697404
37.3464	33.7485	4.98234	0.00700921
46.2478	30.8632	4.99017	0.00705728
45.7731	27.8393	4.99018	0.0068428
48.7787	27.6505	4.99028	0.00686322
49.6928	33.7485	4.9901	0.00740448
46.6062	33.7485	4.98973	0.00734587
49.3105	30.6708	4.99036	0.00708697
40.1941	30.6708	4.98866	0.00691793
37.1553	30.6708	4.98741	0.00686534
36.8893	27.6505	4.98912	0.00674994
43.2329	30.6708	4.98963	0.00698435
40.1941	30.6708	4.98866	0.00691793
42.7675	28.0281	4.98991	0.00682202
40.433	33.7485	4.98552	0.00711686
37.3464	33.7485	4.98234	0.00700921
40.1941	30.6708	4.98866	0.00691793
31.3171	35.696	4.96984	0.00690326
31.2019	38.0404	4.95926	0.00710519
28.1154	36.8646	4.93123	0.00670858
33.997	31.6326	4.98531	0.00684945
34.1596	34.7385	4.97769	0.00697404
30.9343	31.8249	4.9813	0.00675525
34.3221	37.8444	4.95594	0.00715227
31.2019	38.0404	4.95926	0.00710519
31.3171	35.696	4.96984	0.00690326
37.5	40	4.92882	0.00742842
34.3221	37.8444	4.95594	0.00715227
37.4615	36.8646	4.96833	0.00719078
34.399	40.9798	4.88989	0.0079305
31.2019	38.0404	4.95926	0.00710519
34.3221	37.8444	4.95594	0.00715227
40.1941	30.6708	4.98866	0.00691793
39.9888	27.0985	4.98952	0.00675815
42.7675	28.0281	4.98991	0.00682202
7.16598	27.6505	4.98911	0.00674428
8.05963	24.7062	4.98875	0.00665745
10.1383	27.6505	4.98784	0.00670747
3.69504	30.482	4.98963	0.00694848
4.19365	27.6505	4.98973	0.00677908
6.70061	30.2933	4.98843	0.00688547
4.97956	24.7062	4.9893	0.00667835
8.05963	24.7062	4.98875	0.00665745
7.16598	27.6505	4.98911	0.00674428
2.71986	21.856	4.98839	0.00664231
4.97956	24.7062	4.9893	0.00667835
1.8995	24.7062	4.98961	0.00669762
14.001	23.9462	4.98726	0.00661235
11.4404	21.3083	4.98485	0.00661038
14.6026	21.856	4.98523	0.00660264
13.1107	27.6505	4.9862	0.00667323
10.9756	24.1362	4.9879	0.00662936
14.001	23.9462	4.98726	0.00661235
8.66123	21.856	4.98661	0.00662235
5.62671	21.6734	4.98743	0.00663096
6.52038	19.1174	4.98258	0.00661544
12.2064	19.1174	4.97842	0.00660707
11.4404	21.3083	4.98485	0.00661038
9.3634	19.1174	4.98008	0.00661152
8.05963	24.7062	4.98875	0.00665745
5.62671	21.6734	4.98743	0.00663096
8.66123	21.856	4.98661	0.00662235
44.3095	21.856	4.98776	0.00663911
41.2294	22.236	4.98733	0.00663844
43.4158	19.3	4.9832	0.00660948
45.7731	27.8393	4.99018	0.0068428
45.0204	24.7062	4.98958	0.00670565
48.1005	24.7062	4.98983	0.00672525
38.8603	24.7062	4.98891	0.00667965
36.8893	27.6505	4.98912	0.00674994
35.7802	24.7062	4.98866	0.00666814
45.7731	27.8393	4.99018	0.0068428
42.7675	28.0281	4.98991	0.00682202
45.0204	24.7062	4.98958	0.00670565
43.2329	30.6708	4.98963	0.00698435
46.2478	30.8632	4.99017	0.00705728
43.5196	33.7485	4.98812	0.00724114
40.433	33.7485	4.98552	0.00711686
43.2329	30.6708	4.98963	0.00698435
43.5196	33.7485	4.98812	0.00724114
42.7675	28.0281	4.98991	0.00682202
45.7731	27.8393	4.99018	0.0068428
43.2329	30.6708	4.98963	0.00698435
41.9404	24.7062	4.98924	0.00669158
42.7675	28.0281	4.98991	0.00682202
39.9888	27.0985	4.98952	0.00675815
45.7731	27.8393	4.99018	0.0068428
46.2478	30.8632	4.99017	0.00705728
43.2329	30.6708	4.98963	0.00698435
8.69678	14.0413	4.93341	0.00661605
5.97957	14.0413	4.95214	0.00661421
7.31021	11.7351	4.88902	0.00662019
10.1618	16.5071	4.96303	0.00661179
8.69678	14.0413	4.93341	0.00661605
11.414	14.0413	4.91964	0.00661711
7.464	16.5071	4.96931	0.0066124
4.76616	16.5071	4.97577	0.00661276
5.97957	14.0413	4.95214	0.00661421
10.1618	16.5071	4.96303	0.00661179
7.464	16.5071	4.96931	0.0066124
8.69678	14.0413	4.93341	0.00661605
10.1618	16.5071	4.96303	0.00661179
9.3634	19.1174	4.98008	0.00661152
7.464	16.5071	4.96931	0.0066124
9.42308	36.8646	4.97292	0.00748238
9.49534	33.1714	4.98099	0.00704656
12.7112	34.5275	4.95767	0.00708635
12.5	40	4.92825	0.00790199
9.36058	39.4121	4.97196	0.00789258
12.5385	36.8646	4.93471	0.00738643
9.36058	39.4121	4.97196	0.00789258
6.30769	36.8646	4.98494	0.00758211
9.42308	36.8646	4.97292	0.00748238
3.19231	36.8646	4.9888	0.0076615
3.40821	33.9432	4.98921	0.00727479
6.30769	36.8646	4.98494	0.00758211
0.076922	36.8646	4.98966	0.00770434
3.19231	36.8646	4.9888	0.0076615
3.125	40	4.98874	0.0081763
0.076922	36.8646	4.98966	0.00770434
0.307214	33.7485	4.98982	0.00729927
3.19231	36.8646	4.9888	0.0076615
6.70061	30.2933	4.98843	0.00688547
9.80591	30.6708	4.98484	0.0068529
9.49534	33.1714	4.98099	0.00704656
2.71986	21.856	4.98839	0.00664231
5.62671	21.6734	4.98743	0.00663096
4.97956	24.7062	4.9893	0.00667835
18.0114	27.1222	4.98398	0.00660296
15.7173	29.727	4.97881	0.00667139
15.2052	26.1784	4.98689	0.00663074
43.5196	33.7485	4.98812	0.00724114
40.5769	36.8646	4.97744	0.00736791
40.433	33.7485	4.98552	0.00711686
49.9231	36.8646	4.98904	0.00779726
46.8029	37.0605	4.98823	0.00776047
49.6928	33.7485	4.9901	0.00740448
43.75	40	4.97566	0.00793572
40.625	40	4.95478	0.00766237
43.6827	37.2565	4.98369	0.00761433
13.1107	27.6505	4.9862	0.00667323
15.7173	29.727	4.97881	0.00667139
12.8447	30.6708	4.97949	0.00678507
10.9756	24.1362	4.9879	0.00662936
13.1107	27.6505	4.9862	0.00667323
10.1383	27.6505	4.98784	0.00670747
15.2052	26.1784	4.98689	0.00663074
17.2998	24.7062	4.98718	0.00660604
18.0114	27.1222	4.98398	0.00660296
14.001	23.9462	4.98726	0.00661235
15.2052	26.1784	4.98689	0.00663074
13.1107	27.6505	4.9862	0.00667323
14.001	23.9462	4.98726	0.00661235
17.2998	24.7062	4.98718	0.00660604
15.2052	26.1784	4.98689	0.00663074
46.6062	33.7485	4.98973	0.00734587
43.6827	37.2565	4.98369	0.00761433
43.5196	33.7485	4.98812	0.00724114
50	40	4.98752	0.00823824
46.8029	37.0605	4.98823	0.00776047
49.9231	36.8646	4.98904	0.00779726
46.8798	40.196	4.98524	0.0087336
43.75	40	4.97566	0.00793572
46.8029	37.0605	4.98823	0.00776047
21.9014	39.3141	0.253198	0.00743875
21.9183	41.7637	4.86876	0.00855111
18.7981	41.9596	0.240066	0.00888679
25	40	4.90971	0.00735822
21.9014	39.3141	0.253198	0.00743875
21.8846	36.8646	4.82404	0.00657094
25	40	4.90971	0.00735822
21.9183	41.7637	4.86876	0.00855111
21.9014	39.3141	0.253198	0.00743875
22.0142	44.8882	4.93073	0.00945731
18.7981	41.9596	0.240066	0.00888679
21.9183	41.7637	4.86876	0.00855111
3.69504	30.482	4.98963	0.00694848
3.40821	33.9432	4.98921	0.00727479
0.68946	30.6708	4.98997	0.0070017
1.22131	27.6505	4.98996	0.00680835
3.69504	30.482	4.98963	0.00694848
0.68946	30.6708	4.98997	0.0070017
6.70061	30.2933	4.98843	0.00688547
6.43263	33.3637	4.98716	0.0071438
3.69504	30.482	4.98963	0.00694848
43.5196	33.7485	4.98812	0.00724114
43.6827	37.2565	4.98369	0.00761433
40.5769	36.8646	4.97744	0.00736791
40.1941	30.6708	4.98866	0.00691793
43.2329	30.6708	4.98963	0.00698435
40.433	33.7485	4.98552	0.00711686
46.6062	33.7485	4.98973	0.00734587
49.6928	33.7485	4.9901	0.00740448
46.8029	37.0605	4.98823	0.00776047
46.2478	30.8632	4.99017	0.00705728
46.6062	33.7485	4.98973	0.00734587
43.5196	33.7485	4.98812	0.00724114
46.2478	30.8632	4.99017	0.00705728
49.3105	30.6708	4.99036	0.00708697
46.6062	33.7485	4.98973	0.00734587
46.8798	40.196	4.98524	0.0087336
46.8029	37.0605	4.98823	0.00776047
50	40	4.98752	0.00823824
9.4375	42.5475	4.97645	0.0090771
6.24038	39.6081	4.98485	0.00802913
9.36058	39.4121	4.97196	0.00789258
9.49534	33.1714	4.98099	0.00704656
9.80591	30.6708	4.98484	0.0068529
12.8447	30.6708	4.97949	0.00678507
12.5385	36.8646	4.93471	0.00738643
9.42308	36.8646	4.97292	0.00748238
12.7112	34.5275	4.95767	0.00708635
6.43263	33.3637	4.98716	0.0071438
6.70061	30.2933	4.98843	0.00688547
9.49534	33.1714	4.98099	0.00704656
4.19365	27.6505	4.98973	0.00677908
4.97956	24.7062	4.9893	0.00667835
7.16598	27.6505	4.98911	0.00674428
1.22131	27.6505	4.98996	0.00680835
4.19365	27.6505	4.98973	0.00677908
3.69504	30.482	4.98963	0.00694848
1.22131	27.6505	4.98996	0.00680835
1.8995	24.7062	4.98961	0.00669762
4.19365	27.6505	4.98973	0.00677908
6.70061	30.2933	4.98843	0.00688547
4.19365	27.6505	4.98973	0.00677908
7.16598	27.6505	4.98911	0.00674428
18.7229	29.5382	4.96943	0.00652402
22.0277	27.6505	4.97888	0.00650907
21.9612	30.6708	4.93343	0.00623213
14.3285	32.6965	4.9598	0.0068677
12.8447	30.6708	4.97949	0.00678507
15.7173	29.727	4.97881	0.00667139
18.6835	32.5943	4.92551	0.00646907
14.3285	32.6965	4.9598	0.0068677
15.7173	29.727	4.97881	0.00667139
15.8122	34.7222	4.90784	0.00694056
12.7112	34.5275	4.95767	0.00708635
14.3285	32.6965	4.9598	0.0068677
18.0114	27.1222	4.98398	0.00660296
20.3799	24.7062	4.98676	0.00659696
22.0277	27.6505	4.97888	0.00650907
3.40821	33.9432	4.98921	0.00727479
3.69504	30.482	4.98963	0.00694848
6.43263	33.3637	4.98716	0.0071438
46.8077	43.1354	4.97916	0.00908934
43.6923	43.1354	4.96267	0.0087946
46.8798	40.196	4.98524	0.0087336
49.9231	43.1354	4.98405	0.00920348
46.8077	43.1354	4.97916	0.00908934
46.8798	40.196	4.98524	0.0087336
46.2717	49.3292	4.95057	0.0094222
49.3105	49.3292	4.96182	0.00958782
48.7787	52.3495	4.94118	0.0100642
43.5196	46.2515	4.94349	0.00893703
46.2717	49.3292	4.95057	0.0094222
43.2329	49.3292	4.91452	0.0091235
40.433	46.2515	4.87764	0.00866523
43.5196	46.2515	4.94349	0.00893703
43.2329	49.3292	4.91452	0.0091235
43.6923	43.1354	4.96267	0.0087946
46.8077	43.1354	4.97916	0.00908934
46.6062	46.2515	4.96871	0.00930106
46.6062	46.2515	4.96871	0.00930106
49.3105	49.3292	4.96182	0.00958782
46.2717	49.3292	4.95057	0.0094222
6.30769	36.8646	4.98494	0.00758211
6.43263	33.3637	4.98716	0.0071438
9.42308	36.8646	4.97292	0.00748238
3.125	40	4.98874	0.0081763
3.19231	36.8646	4.9888	0.0076615
6.24038	39.6081	4.98485	0.00802913
3.40821	33.9432	4.98921	0.00727479
6.43263	33.3637	4.98716	0.0071438
6.30769	36.8646	4.98494	0.00758211
0.307214	33.7485	4.98982	0.00729927
3.40821	33.9432	4.98921	0.00727479
3.19231	36.8646	4.9888	0.0076615
0.307214	33.7485	4.98982	0.00729927
0.68946	30.6708	4.98997	0.0070017
3.40821	33.9432	4.98921	0.00727479
