25	30.6708	4.93617	0.00457699
28.0866	33.7485	4.93805	0.00472774
25.1151	35.3065	0.271763	0.00474964
22.0277	27.6505	4.97685	0.00467261
25	30.6708	4.93617	0.00457699
21.9612	30.6708	4.93088	0.00459193
26.689	28.4246	4.97595	0.00469273
28.269	26.3624	4.98764	0.00476364
30.7452	28.7831	4.98728	0.00480902
25	30.6708	4.93617	0.00457699
26.689	28.4246	4.97595	0.00469273
28.0388	30.6708	4.96901	0.00470791
25.3391	26.1784	4.98551	0.00472935
28.269	26.3624	4.98764	0.00476364
26.689	28.4246	4.97595	0.00469273
28.0388	30.6708	4.96901	0.00470791
30.9343	31.8249	4.98023	0.00483772
28.0866	33.7485	4.93805	0.00472774
22.0277	27.6505	4.97685	0.00467261
26.689	28.4246	4.97595	0.00469273
25	30.6708	4.93617	0.00457699
30.7452	28.7831	4.98728	0.00480902
30.9343	31.8249	4.98023	0.00483772
28.0388	30.6708	4.96901	0.00470791
26.689	28.4246	4.97595	0.00469273
30.7452	28.7831	4.98728	0.00480902
28.0388	30.6708	4.96901	0.00470791
26.1025	23.1861	4.98828	0.00475067
28.269	26.3624	4.98764	0.00476364
25.3391	26.1784	4.98551	0.00472935
29.1279	22.9961	4.9881	0.00476017
32.7002	24.7062	4.98973	0.00478785
31.199	26.5464	4.98999	0.00480418
33.7508	28.5944	4.99098	0.00486617
30.9343	31.8249	4.98023	0.00483772
30.7452	28.7831	4.98728	0.00480902
31.199	26.5464	4.98999	0.00480418
33.7508	28.5944	4.99098	0.00486617
30.7452	28.7831	4.98728	0.00480902
37.4615	36.8646	4.97143	0.00521446
40.433	33.7485	4.98804	0.00514176
40.5769	36.8646	4.98	0.00532367
36.8893	27.6505	4.99148	0.00487233
37.1553	30.6708	4.98986	0.00495683
33.7508	28.5944	4.99098	0.00486617
36.8893	27.6505	4.99148	0.00487233
39.9888	27.0985	4.9919	0.00488185
40.1941	30.6708	4.99109	0.00499766
34.9506	19.1174	4.96724	0.00467551
34.4425	16.5071	4.94706	0.00467932
37.1403	16.5071	4.95729	0.00470999
38.204	22.4261	4.98815	0.00477381
35.1786	22.6161	4.98642	0.00475186
36.4861	20.8667	4.98162	0.00472765
32.1075	19.1174	4.96772	0.00468387
28.8815	20.2128	4.98104	0.00472437
28.6113	17.5512	4.96241	0.00465571
38.204	22.4261	4.98815	0.00477381
35.7802	24.7062	4.99034	0.00480378
35.1786	22.6161	4.98642	0.00475186
32.7002	24.7062	4.98973	0.00478785
29.1279	22.9961	4.9881	0.00476017
32.4267	21.856	4.98368	0.00472608
45.7731	27.8393	4.99262	0.00495058
48.1005	24.7062	4.99229	0.00486482
48.7787	27.6505	4.99275	0.00496769
38.8603	24.7062	4.99105	0.00482031
41.2294	22.236	4.98948	0.00479066
41.9404	24.7062	4.99161	0.00483447
38.8603	24.7062	4.99105	0.00482031
38.204	22.4261	4.98815	0.00477381
41.2294	22.236	4.98948	0.00479066
36.8893	27.6505	4.99148	0.00487233
38.8603	24.7062	4.99105	0.00482031
39.9888	27.0985	4.9919	0.00488185
35.7802	24.7062	4.99034	0.00480378
38.204	22.4261	4.98815	0.00477381
38.8603	24.7062	4.99105	0.00482031
33.7508	28.5944	4.99098	0.00486617
35.7802	24.7062	4.99034	0.00480378
36.8893	27.6505	4.99148	0.00487233
32.7002	24.7062	4.98973	0.00478785
32.4267	21.856	4.98368	0.00472608
35.1786	22.6161	4.98642	0.00475186
37.7936	19.1174	4.97721	0.00472405
40.5089	19.4825	4.98302	0.00475868
38.204	22.4261	4.98815	0.00477381
35.1786	22.6161	4.98642	0.00475186
32.4267	21.856	4.98368	0.00472608
34.9506	19.1174	4.96724	0.00467551
36.4861	20.8667	4.98162	0.00472765
35.1786	22.6161	4.98642	0.00475186
34.9506	19.1174	4.96724	0.00467551
37.7936	19.1174	4.97721	0.00472405
36.4861	20.8667	4.98162	0.00472765
34.9506	19.1174	4.96724	0.00467551
37.7936	19.1174	4.97721	0.00472405
38.204	22.4261	4.98815	0.00477381
36.4861	20.8667	4.98162	0.00472765
35.7802	24.7062	4.99034	0.00480378
32.7002	24.7062	4.98973	0.00478785
35.1786	22.6161	4.98642	0.00475186
33.7508	28.5944	4.99098	0.00486617
32.7002	24.7062	4.98973	0.00478785
35.7802	24.7062	4.99034	0.00480378
29.1279	22.9961	4.9881	0.00476017
28.8815	20.2128	4.98104	0.00472437
32.4267	21.856	4.98368	0.00472608
37.1403	16.5071	4.95729	0.00470999
39.693	16.8552	4.96728	0.0047427
37.7936	19.1174	4.97721	0.00472405
44.3095	21.856	4.99008	0.00479471
47.2801	21.856	4.99091	0.00480456
45.0204	24.7062	4.992	0.00484806
41.9404	24.7062	4.99161	0.00483447
44.3095	21.856	4.99008	0.00479471
45.0204	24.7062	4.992	0.00484806
43.4158	19.3	4.9853	0.00476847
46.3226	19.1174	4.98726	0.00477309
44.3095	21.856	4.99008	0.00479471
28.0866	46.2515	4.94461	0.00687298
31.0776	49.3292	4.87764	0.00783434
28.0388	49.3292	4.93029	0.00828791
25	43.1354	4.94221	0.00630628
28.1154	43.1354	4.94704	0.0061976
28.0866	46.2515	4.94461	0.00687298
37.3464	46.2515	0.207292	0.00646569
34.3294	43.6157	0.234897	0.00617455
37.5191	43.9145	0.235757	0.00619353
31.226	43.7137	4.89154	0.00617493
31.2788	41.1758	4.92688	0.00581859
34.3294	43.6157	0.234897	0.00617455
28.0866	46.2515	4.94461	0.00687298
31.226	43.7137	4.89154	0.00617493
31.1732	46.2515	4.87274	0.00667861
28.1154	43.1354	4.94704	0.0061976
31.2788	41.1758	4.92688	0.00581859
31.226	43.7137	4.89154	0.00617493
25	46.2515	4.956	0.00706178
25	43.1354	4.94221	0.00630628
28.0866	46.2515	4.94461	0.00687298
28.125	40	4.94307	0.0053248
31.2788	41.1758	4.92688	0.00581859
28.1154	43.1354	4.94704	0.0061976
28.125	40	4.94307	0.0053248
31.2019	38.0404	4.95963	0.0051376
31.2788	41.1758	4.92688	0.00581859
31.2019	38.0404	4.95963	0.0051376
34.399	40.9798	4.89336	0.00578677
31.2788	41.1758	4.92688	0.00581859
28.0866	33.7485	4.93805	0.00472774
31.3171	35.696	4.96942	0.00497558
28.1154	36.8646	4.92981	0.0049265
37.3464	33.7485	4.98503	0.00506716
37.1553	30.6708	4.98986	0.00495683
40.1941	30.6708	4.99109	0.00499766
37.4615	36.8646	4.97143	0.00521446
37.3464	33.7485	4.98503	0.00506716
40.433	33.7485	4.98804	0.00514176
37.4615	36.8646	4.97143	0.00521446
34.3221	37.8444	4.95856	0.00518871
34.1596	34.7385	4.97946	0.0050293
34.1596	34.7385	4.97946	0.0050293
33.997	31.6326	4.98681	0.00492809
37.3464	33.7485	4.98503	0.00506716
31.3171	35.696	4.96942	0.00497558
34.1596	34.7385	4.97946	0.0050293
34.3221	37.8444	4.95856	0.00518871
31.3171	35.696	4.96942	0.00497558
30.9343	31.8249	4.98023	0.00483772
34.1596	34.7385	4.97946	0.0050293
30.9343	31.8249	4.98023	0.00483772
33.7508	28.5944	4.99098	0.00486617
33.997	31.6326	4.98681	0.00492809
40.433	46.2515	4.88367	0.00634882
40.6201	43.7197	4.91196	0.00616116
43.5196	46.2515	4.94947	0.00648779
46.8029	37.0605	4.99028	0.00557584
43.75	40	4.97746	0.0056946
43.6827	37.2565	4.98582	0.0054801
49.9231	43.1354	4.98469	0.00652939
46.8798	40.196	4.98667	0.00623688
50	40	4.98902	0.00588229
49.9231	43.1354	4.98469	0.00652939
49.6928	46.2515	4.9777	0.00671875
46.8077	43.1354	4.98014	0.00646416
25	43.1354	4.94221	0.00630628
25	46.2515	4.956	0.00706178
22.0142	44.8882	4.93014	0.00690685
25	40	4.90631	0.00532869
25	43.1354	4.94221	0.00630628
21.9183	41.7637	4.86561	0.00615465
25	40	4.90631	0.00532869
28.1154	43.1354	4.94704	0.0061976
25	43.1354	4.94221	0.00630628
31.2019	38.0404	4.95963	0.0051376
28.125	40	4.94307	0.0053248
28.1154	36.8646	4.92981	0.0049265
28.1154	43.1354	4.94704	0.0061976
31.226	43.7137	4.89154	0.00617493
28.0866	46.2515	4.94461	0.00687298
18.7981	41.9596	0.238984	0.00640638
15.601	39.0202	0.24495	0.00560566
18.7212	38.8242	0.211884	0.00545008
17.2523	44.2036	4.90156	0.00690374
15.7402	46.2515	4.95544	0.00763545
14.1489	44.3016	4.94846	0.00697001
18.7981	41.9596	0.238984	0.00640638
17.2523	44.2036	4.90156	0.00690374
15.6779	42.1556	4.87935	0.0064396
18.8268	46.2515	4.94204	0.00747006
15.7402	46.2515	4.95544	0.00763545
17.2523	44.2036	4.90156	0.00690374
21.7462	47.598	4.95754	0.00801899
18.8268	46.2515	4.94204	0.00747006
22.0142	44.8882	4.93014	0.00690685
21.7462	47.598	4.95754	0.00801899
18.9224	49.3292	4.96533	0.00943439
18.8268	46.2515	4.94204	0.00747006
15.6779	42.1556	4.87935	0.0064396
15.601	39.0202	0.24495	0.00560566
18.7981	41.9596	0.238984	0.00640638
18.8268	46.2515	4.94204	0.00747006
17.2523	44.2036	4.90156	0.00690374
18.7981	41.9596	0.238984	0.00640638
14.1489	44.3016	4.94846	0.00697001
12.6536	46.2515	4.97258	0.00753617
12.5577	42.3516	4.95109	0.00651313
15.6779	42.1556	4.87935	0.0064396
14.1489	44.3016	4.94846	0.00697001
12.5577	42.3516	4.95109	0.00651313
15.7402	46.2515	4.95544	0.00763545
12.6536	46.2515	4.97258	0.00753617
14.1489	44.3016	4.94846	0.00697001
12.7118	50.0843	4.97678	0.0103112
12.6536	46.2515	4.97258	0.00753617
15.8835	49.3292	4.97261	0.0095217
16.083	52.3495	4.96408	0.0145907
13.1107	52.3495	4.96696	0.0141502
15.8835	49.3292	4.97261	0.0095217
18.9224	49.3292	4.96533	0.00943439
16.083	52.3495	4.96408	0.0145907
15.8835	49.3292	4.97261	0.0095217
13.1107	52.3495	4.96696	0.0141502
10.6893	54.7417	4.93912	0.0212695
10.1383	52.3495	4.96836	0.0134156
15.8835	49.3292	4.97261	0.0095217
13.1107	52.3495	4.96696	0.0141502
12.7118	50.0843	4.97678	0.0103112
14.2198	55.2938	4.92621	0.0273449
10.6893	54.7417	4.93912	0.0212695
13.1107	52.3495	4.96696	0.0141502
17.0264	56.2438	4.90402	0.036906
14.2198	55.2938	4.92621	0.0273449
16.083	52.3495	4.96408	0.0145907
17.2808	59.0298	4.7764	0.0837372
17.5295	61.7527	0.0968812	4.67418
15.0494	60.8826	0.120073	0.11171
17.0264	56.2438	4.90402	0.036906
17.2808	59.0298	4.7764	0.0837372
14.6026	58.144	4.81644	0.0591077
17.0264	56.2438	4.90402	0.036906
20.0518	56.4338	4.89114	0.0395652
17.2808	59.0298	4.7764	0.0837372
7.16598	52.3495	4.97035	0.0127814
8.05963	55.2938	4.92916	0.0222166
4.92487	55.4838	4.93268	0.0228719
6.76709	49.3292	4.98435	0.00906296
7.16598	52.3495	4.97035	0.0127814
4.19365	52.3495	4.97325	0.0123999
10.1383	52.3495	4.96836	0.0134156
8.05963	55.2938	4.92916	0.0222166
7.16598	52.3495	4.97035	0.0127814
12.7118	50.0843	4.97678	0.0103112
10.1383	52.3495	4.96836	0.0134156
9.70619	49.8955	4.98018	0.00976617
10.6893	54.7417	4.93912	0.0212695
8.05963	55.2938	4.92916	0.0222166
10.1383	52.3495	4.96836	0.0134156
12.5577	42.3516	4.95109	0.00651313
12.5	40	4.93	0.00573663
15.6779	42.1556	4.87935	0.0064396
9.61019	45.6673	4.98399	0.00730589
12.5577	42.3516	4.95109	0.00651313
12.6536	46.2515	4.97258	0.00753617
9.61019	45.6673	4.98399	0.00730589
6.31731	42.7435	4.98799	0.00667653
9.4375	42.5475	4.9785	0.00660202
-3.10282e-28	40	4.99192	0.00631192
3.125	40	4.99103	0.00590519
3.19711	42.9395	4.99093	0.00675253
-3.10282e-28	40	4.99192	0.00631192
0.076922	36.8646	4.99205	0.0055645
3.125	40	4.99103	0.00590519
46.6062	46.2515	4.97141	0.00664974
46.2717	49.3292	4.95971	0.0069192
43.5196	46.2515	4.94947	0.00648779
43.6923	43.1354	4.96457	0.00630156
46.6062	46.2515	4.97141	0.00664974
43.5196	46.2515	4.94947	0.00648779
49.6928	46.2515	4.9777	0.00671875
49.3105	49.3292	4.96683	0.00693966
46.6062	46.2515	4.97141	0.00664974
27.4517	72.3429	0.00774656	0.0280776
25	72.3429	0.00763434	0.0336203
27.0253	69.2491	0.0123404	0.0603949
24.7277	76.3587	0.0057059	0.0139694
26.189	74.0896	0.00651512	0.0205264
27.2733	75.6267	0.00592508	0.0144629
24.7277	76.3587	0.0057059	0.0139694
23.0327	74.7883	0.00616576	0.0209369
26.189	74.0896	0.00651512	0.0205264
23.0339	79.8761	0.00538617	0.0106376
21.0802	79.5053	0.00545266	0.0116387
21.6827	78.0345	0.00549348	0.0121952
19.6759	76.9444	0.00564821	0.0140315
19.0551	74.0896	0.00652279	0.0245759
21.4331	74.0896	0.00647496	0.0258566
19.6759	76.9444	0.00564821	0.0140315
18.1801	75.6267	0.00602248	0.0177656
19.0551	74.0896	0.00652279	0.0245759
21.4331	74.0896	0.00647496	0.0258566
23.0327	74.7883	0.00616576	0.0209369
22.3999	76.5052	0.00570104	0.0149714
20.0967	72.3429	0.00767483	0.0423945
22.5483	72.3429	0.00768162	0.0432436
21.4331	74.0896	0.00647496	0.0258566
16.5527	73.7985	0.0067734	0.0230789
17.645	72.3429	0.00771719	0.033114
19.0551	74.0896	0.00652279	0.0245759
19.193	69.7412	0.0115926	0.0786005
21.8037	69.5771	0.0116879	4.52598
20.0967	72.3429	0.00767483	0.0423945
21.8037	69.5771	0.0116879	4.52598
23.75	70.3973	0.0101934	0.0639729
22.5483	72.3429	0.00768162	0.0432436
21.6827	78.0345	0.00549348	0.0121952
19.1515	78.89	0.00552951	0.0125052
19.6759	76.9444	0.00564821	0.0140315
22.3999	76.5052	0.00570104	0.0149714
19.6759	76.9444	0.00564821	0.0140315
21.4331	74.0896	0.00647496	0.0258566
22.3999	76.5052	0.00570104	0.0149714
21.6827	78.0345	0.00549348	0.0121952
19.6759	76.9444	0.00564821	0.0140315
24.7277	76.3587	0.0057059	0.0139694
22.3999	76.5052	0.00570104	0.0149714
23.0327	74.7883	0.00616576	0.0209369
24.7277	76.3587	0.0057059	0.0139694
24.9752	78.5234	0.00542662	0.0107251
23.329	78.279	0.00545255	0.0114475
21.0802	79.5053	0.00545266	0.0116387
19.1515	78.89	0.00552951	0.0125052
21.6827	78.0345	0.00549348	0.0121952
25	80	0.00538549	0.0102638
24.9752	78.5234	0.00542662	0.0107251
26.9661	79.8761	0.00537779	0.00979947
19.6759	76.9444	0.00564821	0.0140315
19.1515	78.89	0.00552951	0.0125052
17.2597	78.0345	0.00569916	0.0140095
28.3173	78.0345	0.0054844	0.0104432
30.8485	78.89	0.00553176	0.0103887
28.9198	79.5053	0.00544405	0.0100414
18.1801	75.6267	0.00602248	0.0177656
19.6759	76.9444	0.00564821	0.0140315
17.2597	78.0345	0.00569916	0.0140095
15.4167	76.9444	0.00595693	0.0157164
18.1801	75.6267	0.00602248	0.0177656
17.2597	78.0345	0.00569916	0.0140095
23.0327	74.7883	0.00616576	0.0209369
21.4331	74.0896	0.00647496	0.0258566
22.5483	72.3429	0.00768162	0.0432436
15.4167	76.9444	0.00595693	0.0157164
16.5527	73.7985	0.0067734	0.0230789
18.1801	75.6267	0.00602248	0.0177656
20.0967	72.3429	0.00767483	0.0423945
21.8037	69.5771	0.0116879	4.52598
22.5483	72.3429	0.00768162	0.0432436
15.4167	76.9444	0.00595693	0.0157164
13.6336	75.6267	0.00664915	0.020264
14.237	73.9441	0.00701043	0.0229057
29.3832	76.0659	0.00582342	0.0127398
31.3712	77.1646	0.00569754	0.0114031
28.3173	78.0345	0.0054844	0.0104432
31.9219	75.3472	0.0060923	0.0137151
34.5833	76.9444	0.00593775	0.012484
32.7403	78.0345	0.00567115	0.0111302
14.237	73.9441	0.00701043	0.0229057
11.9212	74.0896	0.00761248	0.026034
12.7417	72.3429	0.00835924	0.030733
11.25	70.3973	0.0112646	0.0478777
12.7417	72.3429	0.00835924	0.030733
10.2901	72.3429	0.00954414	0.0376252
17.645	72.3429	0.00771719	0.033114
16.5527	73.7985	0.0067734	0.0230789
15.1934	72.3429	0.00789954	0.0296787
19.193	69.7412	0.0115926	0.0786005
17.645	72.3429	0.00771719	0.033114
16.25	70.3973	0.0102875	0.0476332
20.0967	72.3429	0.00767483	0.0423945
19.0551	74.0896	0.00652279	0.0245759
17.645	72.3429	0.00771719	0.033114
19.0551	74.0896	0.00652279	0.0245759
18.1801	75.6267	0.00602248	0.0177656
16.5527	73.7985	0.0067734	0.0230789
32.355	72.3429	0.00774506	0.0229977
34.8066	72.3429	0.00790539	0.0221386
33.3228	74.0896	0.00662718	0.0163118
33.3228	74.0896	0.00662718	0.0163118
31.9219	75.3472	0.0060923	0.0137151
30.9297	73.8705	0.00667209	0.0177215
35.7008	74.0896	0.00692398	0.0172703
33.3228	74.0896	0.00662718	0.0163118
34.8066	72.3429	0.00790539	0.0221386
34.5833	76.9444	0.00593775	0.012484
31.9219	75.3472	0.0060923	0.0137151
33.3228	74.0896	0.00662718	0.0163118
17.4187	68.2649	0.0157966	0.0947063
14.8915	68.2649	0.015278	0.0787713
16.8484	65.9587	0.0271478	4.64645
16.25	70.3973	0.0102875	0.0476332
13.513	70.6966	0.00998258	0.0408881
14.8915	68.2649	0.015278	0.0787713
19.193	69.7412	0.0115926	0.0786005
16.25	70.3973	0.0102875	0.0476332
17.4187	68.2649	0.0157966	0.0947063
15.1934	72.3429	0.00789954	0.0296787
14.237	73.9441	0.00701043	0.0229057
12.7417	72.3429	0.00835924	0.030733
17.645	72.3429	0.00771719	0.033114
15.1934	72.3429	0.00789954	0.0296787
16.25	70.3973	0.0102875	0.0476332
16.5527	73.7985	0.0067734	0.0230789
14.237	73.9441	0.00701043	0.0229057
15.1934	72.3429	0.00789954	0.0296787
12.7417	72.3429	0.00835924	0.030733
11.25	70.3973	0.0112646	0.0478777
13.513	70.6966	0.00998258	0.0408881
8.74996	70.3973	0.013321	0.0609524
11.25	70.3973	0.0112646	0.0478777
10.2901	72.3429	0.00954414	0.0376252
12.3644	68.2649	0.0158192	0.0770915
13.846	66.4528	0.0235075	0.107559
14.8915	68.2649	0.015278	0.0787713
9.83732	68.2649	0.017277	0.0910734
12.3644	68.2649	0.0158192	0.0770915
11.25	70.3973	0.0112646	0.0478777
9.83732	68.2649	0.017277	0.0910734
11.414	65.9587	0.0277735	4.56961
12.3644	68.2649	0.0158192	0.0770915
9.83732	68.2649	0.017277	0.0910734
11.25	70.3973	0.0112646	0.0478777
8.74996	70.3973	0.013321	0.0609524
14.8915	68.2649	0.015278	0.0787713
13.513	70.6966	0.00998258	0.0408881
12.3644	68.2649	0.0158192	0.0770915
15.1934	72.3429	0.00789954	0.0296787
12.7417	72.3429	0.00835924	0.030733
13.513	70.6966	0.00998258	0.0408881
15.4167	76.9444	0.00595693	0.0157164
14.237	73.9441	0.00701043	0.0229057
16.5527	73.7985	0.0067734	0.0230789
13.6336	75.6267	0.00664915	0.020264
11.9212	74.0896	0.00761248	0.026034
14.237	73.9441	0.00701043	0.0229057
11.9212	74.0896	0.00761248	0.026034
10.2901	72.3429	0.00954414	0.0376252
12.7417	72.3429	0.00835924	0.030733
7.31021	68.2649	0.0209415	0.113546
9.83732	68.2649	0.017277	0.0910734
8.74996	70.3973	0.013321	0.0609524
7.31021	68.2649	0.0209415	0.113546
5.97957	65.9587	0.0375843	4.65422
8.78345	65.7825	0.0315852	4.62402
28.3173	78.0345	0.0054844	0.0104432
28.9198	79.5053	0.00544405	0.0100414
26.9661	79.8761	0.00537779	0.00979947
31.3712	77.1646	0.00569754	0.0114031
31.9219	75.3472	0.0060923	0.0137151
32.7403	78.0345	0.00567115	0.0111302
28.3173	78.0345	0.0054844	0.0104432
31.3712	77.1646	0.00569754	0.0114031
30.8485	78.89	0.00553176	0.0103887
29.3832	76.0659	0.00582342	0.0127398
31.9219	75.3472	0.0060923	0.0137151
31.3712	77.1646	0.00569754	0.0114031
27.2733	75.6267	0.00592508	0.0144629
29.3832	76.0659	0.00582342	0.0127398
28.3173	78.0345	0.0054844	0.0104432
28.5669	74.0896	0.00654512	0.0182829
29.9033	72.3429	0.00775598	0.0257925
30.9297	73.8705	0.00667209	0.0177215
27.2733	75.6267	0.00592508	0.0144629
28.5669	74.0896	0.00654512	0.0182829
29.3832	76.0659	0.00582342	0.0127398
27.2733	75.6267	0.00592508	0.0144629
26.189	74.0896	0.00651512	0.0205264
28.5669	74.0896	0.00654512	0.0182829
26.2439	77.6257	0.00551597	0.0112857
27.2733	75.6267	0.00592508	0.0144629
28.3173	78.0345	0.0054844	0.0104432
26.9661	79.8761	0.00537779	0.00979947
26.2439	77.6257	0.00551597	0.0112857
28.3173	78.0345	0.0054844	0.0104432
24.9752	78.5234	0.00542662	0.0107251
24.7277	76.3587	0.0057059	0.0139694
26.2439	77.6257	0.00551597	0.0112857
31.0572	70.658	0.00964899	0.0375725
30.0542	68.2649	0.014941	4.42473
32.2468	68.921	0.0127214	0.0497883
31.0572	70.658	0.00964899	0.0375725
28.75	70.3973	0.0102058	0.0448266
30.0542	68.2649	0.014941	4.42473
33.75	70.3973	0.0100804	0.0317174
31.0572	70.658	0.00964899	0.0375725
32.2468	68.921	0.0127214	0.0497883
29.9033	72.3429	0.00775598	0.0257925
28.75	70.3973	0.0102058	0.0448266
31.0572	70.658	0.00964899	0.0375725
30.9297	73.8705	0.00667209	0.0177215
29.9033	72.3429	0.00775598	0.0257925
32.355	72.3429	0.00774506	0.0229977
33.3228	74.0896	0.00662718	0.0163118
30.9297	73.8705	0.00667209	0.0177215
32.355	72.3429	0.00774506	0.0229977
31.9219	75.3472	0.0060923	0.0137151
29.3832	76.0659	0.00582342	0.0127398
30.9297	73.8705	0.00667209	0.0177215
28.5669	74.0896	0.00654512	0.0182829
26.189	74.0896	0.00651512	0.0205264
27.4517	72.3429	0.00774656	0.0280776
25	72.3429	0.00763434	0.0336203
23.75	70.3973	0.0101934	0.0639729
27.0253	69.2491	0.0123404	0.0603949
26.9661	79.8761	0.00537779	0.00979947
24.9752	78.5234	0.00542662	0.0107251
26.2439	77.6257	0.00551597	0.0112857
27.0253	69.2491	0.0123404	0.0603949
24.3347	67.1118	0.0198196	0.118843
26.9568	67.2765	0.0185162	0.086981
19.0904	66.7823	0.022826	0.142467
19.999	65.078	0.0376901	4.70073
22.2828	65.9587	0.0271374	4.67666
17.4187	68.2649	0.0157966	0.0947063
19.0904	66.7823	0.022826	0.142467
19.193	69.7412	0.0115926	0.0786005
17.4187	68.2649	0.0157966	0.0947063
16.8484	65.9587	0.0271478	4.64645
19.0904	66.7823	0.022826	0.142467
27.4517	72.3429	0.00774656	0.0280776
28.75	70.3973	0.0102058	0.0448266
29.9033	72.3429	0.00775598	0.0257925
28.5669	74.0896	0.00654512	0.0182829
27.4517	72.3429	0.00774656	0.0280776
29.9033	72.3429	0.00775598	0.0257925
26.189	74.0896	0.00651512	0.0205264
25	72.3429	0.00763434	0.0336203
27.4517	72.3429	0.00774656	0.0280776
27.0253	69.2491	0.0123404	0.0603949
26.9568	67.2765	0.0185162	0.086981
30.0542	68.2649	0.014941	4.42473
27.4517	72.3429	0.00774656	0.0280776
27.0253	69.2491	0.0123404	0.0603949
28.75	70.3973	0.0102058	0.0448266
23.75	70.3973	0.0101934	0.0639729
24.3347	67.1118	0.0198196	0.118843
27.0253	69.2491	0.0123404	0.0603949
34.8233	67.7707	0.0164381	0.0519973
37.4455	67.9354	0.0170304	4.37727
36.25	70.3973	0.0104457	0.0352755
31.3712	77.1646	0.00569754	0.0114031
32.7403	78.0345	0.00567115	0.0111302
30.8485	78.89	0.00553176	0.0103887
23.329	78.279	0.00545255	0.0114475
22.3999	76.5052	0.00570104	0.0149714
24.7277	76.3587	0.0057059	0.0139694
23.0339	79.8761	0.00538617	0.0106376
23.329	78.279	0.00545255	0.0114475
24.9752	78.5234	0.00542662	0.0107251
21.6827	78.0345	0.00549348	0.0121952
22.3999	76.5052	0.00570104	0.0149714
23.329	78.279	0.00545255	0.0114475
21.6827	78.0345	0.00549348	0.0121952
23.329	78.279	0.00545255	0.0114475
23.0339	79.8761	0.00538617	0.0106376
25	72.3429	0.00763434	0.0336203
26.189	74.0896	0.00651512	0.0205264
23.0327	74.7883	0.00616576	0.0209369
27.2733	75.6267	0.00592508	0.0144629
26.2439	77.6257	0.00551597	0.0112857
24.7277	76.3587	0.0057059	0.0139694
25	80	0.00538549	0.0102638
23.0339	79.8761	0.00538617	0.0106376
24.9752	78.5234	0.00542662	0.0107251
35.7008	74.0896	0.00692398	0.0172703
37.3942	72.4885	0.00832114	0.0234545
38.0788	74.0896	0.00762277	0.02015
34.5833	76.9444	0.00593775	0.012484
35.7008	74.0896	0.00692398	0.0172703
36.3664	75.6267	0.00662293	0.0157833
34.8066	72.3429	0.00790539	0.0221386
37.3942	72.4885	0.00832114	0.0234545
35.7008	74.0896	0.00692398	0.0172703
34.5833	76.9444	0.00593775	0.012484
33.3228	74.0896	0.00662718	0.0163118
35.7008	74.0896	0.00692398	0.0172703
33.75	70.3973	0.0100804	0.0317174
36.25	70.3973	0.0104457	0.0352755
34.8066	72.3429	0.00790539	0.0221386
35.7008	74.0896	0.00692398	0.0172703
38.0788	74.0896	0.00762277	0.02015
36.3664	75.6267	0.00662293	0.0157833
37.4455	67.9354	0.0170304	4.37727
38.75	70.3973	0.0113651	0.0354645
36.25	70.3973	0.0104457	0.0352755
39.7099	72.3429	0.0096306	0.0270897
38.0788	74.0896	0.00762277	0.02015
37.3942	72.4885	0.00832114	0.0234545
36.25	70.3973	0.0104457	0.0352755
33.75	70.3973	0.0100804	0.0317174
34.8233	67.7707	0.0164381	0.0519973
37.3942	72.4885	0.00832114	0.0234545
36.25	70.3973	0.0104457	0.0352755
38.75	70.3973	0.0113651	0.0354645
37.3942	72.4885	0.00832114	0.0234545
34.8066	72.3429	0.00790539	0.0221386
36.25	70.3973	0.0104457	0.0352755
15.5575	63.4929	0.0582332	4.64
16.8484	65.9587	0.0271478	4.64645
13.846	66.4528	0.0235075	0.107559
11.414	65.9587	0.0277735	4.56961
12.8597	63.4929	0.0531853	0.118065
13.846	66.4528	0.0235075	0.107559
15.0494	60.8826	0.120073	0.11171
17.5295	61.7527	0.0968812	4.67418
15.5575	63.4929	0.0582332	4.64
15.5575	63.4929	0.0582332	4.64
17.5295	61.7527	0.0968812	4.67418
16.8484	65.9587	0.0271478	4.64645
11.6319	58.144	4.81201	0.0535924
14.6026	58.144	4.81644	0.0591077
12.3979	60.3349	0.135717	4.49611
14.6026	58.144	4.81644	0.0591077
17.2808	59.0298	4.7764	0.0837372
15.0494	60.8826	0.120073	0.11171
20.363	63.0044	0.0704162	4.6979
19.999	65.078	0.0376901	4.70073
17.5295	61.7527	0.0968812	4.67418
20.7355	60.8826	0.131593	4.6183
20.363	63.0044	0.0704162	4.6979
17.5295	61.7527	0.0968812	4.67418
20.7355	60.8826	0.131593	4.6183
23.0704	62.1007	0.0869483	0.142037
20.363	63.0044	0.0704162	4.6979
11.6319	58.144	4.81201	0.0535924
10.6893	54.7417	4.93912	0.0212695
14.2198	55.2938	4.92621	0.0273449
9.3634	60.8826	0.11879	0.0843158
11.6319	58.144	4.81201	0.0535924
12.3979	60.3349	0.135717	4.49611
8.66123	58.144	4.81872	0.0429346
10.6893	54.7417	4.93912	0.0212695
11.6319	58.144	4.81201	0.0535924
5.69054	58.144	4.83326	0.0460043
4.92487	55.4838	4.93268	0.0228719
8.05963	55.2938	4.92916	0.0222166
6.4478	61.0566	0.122079	0.0870934
5.69054	58.144	4.83326	0.0460043
8.66123	58.144	4.81872	0.0429346
3.67737	60.8826	0.152934	4.47735
2.71986	58.144	4.86616	0.043647
5.69054	58.144	4.83326	0.0460043
36.8222	64.0212	0.0418892	0.053425
39.6261	63.8451	0.0480179	0.0467118
38.586	65.9587	0.0269701	0.0502956
34.1521	62.7968	0.0543124	4.46331
36.8222	64.0212	0.0418892	0.053425
35.8688	65.9587	0.0248534	0.0589792
37.7936	60.8826	0.109507	0.0333192
39.6261	63.8451	0.0480179	0.0467118
36.8222	64.0212	0.0418892	0.053425
38.75	70.3973	0.0113651	0.0354645
40.1627	68.2649	0.017484	0.0433099
41.25	70.3973	0.0135178	0.0325492
37.3942	72.4885	0.00832114	0.0234545
38.75	70.3973	0.0113651	0.0354645
39.7099	72.3429	0.0096306	0.0270897
37.4455	67.9354	0.0170304	4.37727
40.1627	68.2649	0.017484	0.0433099
38.75	70.3973	0.0113651	0.0354645
35.8688	65.9587	0.0248534	0.0589792
37.4455	67.9354	0.0170304	4.37727
34.8233	67.7707	0.0164381	0.0519973
33.1516	65.9587	0.0234541	0.0700731
35.8688	65.9587	0.0248534	0.0589792
34.8233	67.7707	0.0164381	0.0519973
34.1521	62.7968	0.0543124	4.46331
34.9506	60.8826	0.0911457	0.0567709
36.8222	64.0212	0.0418892	0.053425
38.75	70.3973	0.0113651	0.0354645
41.25	70.3973	0.0135178	0.0325492
39.7099	72.3429	0.0096306	0.0270897
38.586	65.9587	0.0269701	0.0502956
40.1627	68.2649	0.017484	0.0433099
37.4455	67.9354	0.0170304	4.37727
41.3032	65.9587	0.0301206	0.0483819
42.6898	68.2649	0.0212413	0.0398774
40.1627	68.2649	0.017484	0.0433099
41.3032	65.9587	0.0301206	0.0483819
44.0204	65.9587	0.0369727	0.0544231
42.6898	68.2649	0.0212413	0.0398774
41.25	70.3973	0.0135178	0.0325492
40.1627	68.2649	0.017484	0.0433099
42.6898	68.2649	0.0212413	0.0398774
36.8222	64.0212	0.0418892	0.053425
34.9506	60.8826	0.0911457	0.0567709
37.7936	60.8826	0.109507	0.0333192
2.71986	58.144	4.86616	0.043647
4.92487	55.4838	4.93268	0.0228719
5.69054	58.144	4.83326	0.0460043
8.66123	58.144	4.81872	0.0429346
8.05963	55.2938	4.92916	0.0222166
10.6893	54.7417	4.93912	0.0212695
6.4478	61.0566	0.122079	0.0870934
8.66123	58.144	4.81872	0.0429346
9.3634	60.8826	0.11879	0.0843158
5.69054	58.144	4.83326	0.0460043
8.05963	55.2938	4.92916	0.0222166
8.66123	58.144	4.81872	0.0429346
1.8995	55.2938	4.94763	0.0198575
4.92487	55.4838	4.93268	0.0228719
2.71986	58.144	4.86616	0.043647
1.8995	55.2938	4.94763	0.0198575
1.22131	52.3495	4.97657	0.0117034
4.19365	52.3495	4.97325	0.0123999
41.3032	65.9587	0.0301206	0.0483819
42.43	63.669	0.0562717	4.38637
44.0204	65.9587	0.0369727	0.0544231
43.4796	60.8826	0.122999	0.035115
40.6366	60.8826	0.117076	0.0348754
41.4664	58.5091	4.78456	0.0195622
45.2338	63.4929	0.0702082	0.0507979
43.4796	60.8826	0.122999	0.035115
46.3226	60.8826	0.143511	0.026288
42.43	63.669	0.0562717	4.38637
40.6366	60.8826	0.117076	0.0348754
43.4796	60.8826	0.122999	0.035115
41.4664	58.5091	4.78456	0.0195622
38.5596	58.6917	4.76072	0.0216736
38.8603	55.2938	4.88804	0.0115767
46.3226	60.8826	0.143511	0.026288
43.4796	60.8826	0.122999	0.035115
44.2548	57.954	4.82238	0.0161443
42.43	63.669	0.0562717	4.38637
39.6261	63.8451	0.0480179	0.0467118
40.6366	60.8826	0.117076	0.0348754
44.0204	65.9587	0.0369727	0.0544231
42.43	63.669	0.0562717	4.38637
45.2338	63.4929	0.0702082	0.0507979
36.8222	64.0212	0.0418892	0.053425
38.586	65.9587	0.0269701	0.0502956
35.8688	65.9587	0.0248534	0.0589792
40.6366	60.8826	0.117076	0.0348754
39.6261	63.8451	0.0480179	0.0467118
37.7936	60.8826	0.109507	0.0333192
38.586	65.9587	0.0269701	0.0502956
37.4455	67.9354	0.0170304	4.37727
35.8688	65.9587	0.0248534	0.0589792
41.3032	65.9587	0.0301206	0.0483819
38.586	65.9587	0.0269701	0.0502956
39.6261	63.8451	0.0480179	0.0467118
41.3032	65.9587	0.0301206	0.0483819
40.1627	68.2649	0.017484	0.0433099
38.586	65.9587	0.0269701	0.0502956
32.2468	68.921	0.0127214	0.0497883
30.4344	65.9587	0.0232738	0.0814265
33.1516	65.9587	0.0234541	0.0700731
21.7285	50.6506	4.95161	0.0109862
19.0553	52.3495	4.95723	0.0144669
18.9224	49.3292	4.96533	0.00943439
21.7462	47.598	4.95754	0.00801899
21.7285	50.6506	4.95161	0.0109862
18.9224	49.3292	4.96533	0.00943439
15.8835	49.3292	4.97261	0.0095217
18.8268	46.2515	4.94204	0.00747006
18.9224	49.3292	4.96533	0.00943439
22.0142	44.8882	4.93014	0.00690685
25	46.2515	4.956	0.00706178
21.7462	47.598	4.95754	0.00801899
24.7341	50.8393	4.92646	0.0105067
22.4091	54.0056	4.9037	0.0202403
21.7285	50.6506	4.95161	0.0109862
26.54	55.2938	0.238649	0.025579
26.4853	58.144	4.73248	0.0560022
23.0771	56.6239	4.8518	0.0381785
30.9447	52.3495	4.87911	0.0106167
29.6201	55.2938	4.80983	0.0195484
27.9723	52.3495	4.88278	0.0120138
26.4853	58.144	4.73248	0.0560022
26.4215	60.8826	0.104145	4.54464
24.0253	59.6046	4.71135	0.0857876
29.6201	55.2938	4.80983	0.0195484
26.4853	58.144	4.73248	0.0560022
26.54	55.2938	0.238649	0.025579
29.6201	55.2938	4.80983	0.0195484
32.1533	57.1939	0.176351	0.0296537
29.839	59.2394	0.121262	0.060583
17.2808	59.0298	4.7764	0.0837372
20.7355	60.8826	0.131593	4.6183
17.5295	61.7527	0.0968812	4.67418
23.0771	56.6239	4.8518	0.0381785
20.3936	58.6582	4.79503	0.0794922
20.0518	56.4338	4.89114	0.0395652
23.0771	56.6239	4.8518	0.0381785
24.0253	59.6046	4.71135	0.0857876
20.3936	58.6582	4.79503	0.0794922
39.0601	41.8598	4.90282	0.0059609
37.5191	43.9145	0.235757	0.00619353
37.5	40	4.93208	0.00540358
40.625	40	4.95701	0.00553341
39.0601	41.8598	4.90282	0.0059609
37.5	40	4.93208	0.00540358
40.6201	43.7197	4.91196	0.00616116
37.5191	43.9145	0.235757	0.00619353
39.0601	41.8598	4.90282	0.0059609
40.6201	43.7197	4.91196	0.00616116
40.433	46.2515	4.88367	0.00634882
37.5191	43.9145	0.235757	0.00619353
43.6923	43.1354	4.96457	0.00630156
40.6201	43.7197	4.91196	0.00616116
40.625	40	4.95701	0.00553341
43.6923	43.1354	4.96457	0.00630156
43.5196	46.2515	4.94947	0.00648779
40.6201	43.7197	4.91196	0.00616116
46.8798	40.196	4.98667	0.00623688
43.6923	43.1354	4.96457	0.00630156
43.75	40	4.97746	0.0056946
46.8077	43.1354	4.98014	0.00646416
49.6928	46.2515	4.9777	0.00671875
46.6062	46.2515	4.97141	0.00664974
37.5	40	4.93208	0.00540358
34.399	40.9798	4.89336	0.00578677
34.3221	37.8444	4.95856	0.00518871
40.5769	36.8646	4.98	0.00532367
37.5	40	4.93208	0.00540358
37.4615	36.8646	4.97143	0.00521446
40.625	40	4.95701	0.00553341
40.6201	43.7197	4.91196	0.00616116
39.0601	41.8598	4.90282	0.0059609
40.1224	48.7521	4.88183	0.00666841
37.0597	48.5598	0.221356	0.00691783
37.3464	46.2515	0.207292	0.00646569
34.1165	49.3292	0.226304	0.00733048
36.7564	51.5944	4.85848	0.00800941
34.1289	53.2696	4.85908	0.0107433
31.1732	46.2515	4.87274	0.00667861
34.1165	49.3292	0.226304	0.00733048
31.0776	49.3292	4.87764	0.00783434
28.0866	46.2515	4.94461	0.00687298
31.1732	46.2515	4.87274	0.00667861
31.0776	49.3292	4.87764	0.00783434
34.3294	43.6157	0.234897	0.00617455
34.399	40.9798	4.89336	0.00578677
37.5191	43.9145	0.235757	0.00619353
31.1732	46.2515	4.87274	0.00667861
31.226	43.7137	4.89154	0.00617493
34.2598	46.2515	0.20555	0.00656649
31.2788	41.1758	4.92688	0.00581859
34.399	40.9798	4.89336	0.00578677
34.3294	43.6157	0.234897	0.00617455
37.0597	48.5598	0.221356	0.00691783
36.7564	51.5944	4.85848	0.00800941
34.1165	49.3292	0.226304	0.00733048
37.3464	46.2515	0.207292	0.00646569
37.0597	48.5598	0.221356	0.00691783
34.2598	46.2515	0.20555	0.00656649
40.433	46.2515	4.88367	0.00634882
37.3464	46.2515	0.207292	0.00646569
37.5191	43.9145	0.235757	0.00619353
40.433	46.2515	4.88367	0.00634882
40.1224	48.7521	4.88183	0.00666841
37.3464	46.2515	0.207292	0.00646569
40.1224	48.7521	4.88183	0.00666841
36.7564	51.5944	4.85848	0.00800941
37.0597	48.5598	0.221356	0.00691783
46.2717	49.3292	4.95971	0.0069192
45.8487	52.5335	4.94302	0.00784409
43.2329	49.3292	4.93898	0.00684538
34.1165	49.3292	0.226304	0.00733048
34.1289	53.2696	4.85908	0.0107433
30.9447	52.3495	4.87911	0.0106167
7.464	63.4929	0.0598869	4.60386
8.78345	65.7825	0.0315852	4.62402
5.97957	65.9587	0.0375843	4.65422
6.4478	61.0566	0.122079	0.0870934
7.464	63.4929	0.0598869	4.60386
4.76616	63.4929	0.0720387	0.121862
6.4478	61.0566	0.122079	0.0870934
9.3634	60.8826	0.11879	0.0843158
7.464	63.4929	0.0598869	4.60386
12.3979	60.3349	0.135717	4.49611
10.1618	63.4929	0.0533631	0.1189
9.3634	60.8826	0.11879	0.0843158
12.8597	63.4929	0.0531853	0.118065
15.0494	60.8826	0.120073	0.11171
15.5575	63.4929	0.0582332	4.64
12.3644	68.2649	0.0158192	0.0770915
13.513	70.6966	0.00998258	0.0408881
11.25	70.3973	0.0112646	0.0478777
16.8484	65.9587	0.0271478	4.64645
14.8915	68.2649	0.015278	0.0787713
13.846	66.4528	0.0235075	0.107559
17.4187	68.2649	0.0157966	0.0947063
16.25	70.3973	0.0102875	0.0476332
14.8915	68.2649	0.015278	0.0787713
19.999	65.078	0.0376901	4.70073
19.0904	66.7823	0.022826	0.142467
16.8484	65.9587	0.0271478	4.64645
19.193	69.7412	0.0115926	0.0786005
20.0967	72.3429	0.00767483	0.0423945
17.645	72.3429	0.00771719	0.033114
9.83732	68.2649	0.017277	0.0910734
8.78345	65.7825	0.0315852	4.62402
11.414	65.9587	0.0277735	4.56961
6.48041	46.2515	4.98795	0.00754289
3.72828	49.3292	4.98598	0.00891368
3.39381	46.2515	4.99007	0.0075054
9.70619	49.8955	4.98018	0.00976617
6.76709	49.3292	4.98435	0.00906296
9.61019	45.6673	4.98399	0.00730589
9.70619	49.8955	4.98018	0.00976617
10.1383	52.3495	4.96836	0.0134156
7.16598	52.3495	4.97035	0.0127814
13.1107	52.3495	4.96696	0.0141502
10.1383	52.3495	4.96836	0.0134156
12.7118	50.0843	4.97678	0.0103112
4.19365	52.3495	4.97325	0.0123999
3.72828	49.3292	4.98598	0.00891368
6.76709	49.3292	4.98435	0.00906296
1.8995	55.2938	4.94763	0.0198575
4.19365	52.3495	4.97325	0.0123999
4.92487	55.4838	4.93268	0.0228719
1.22131	52.3495	4.97657	0.0117034
3.72828	49.3292	4.98598	0.00891368
4.19365	52.3495	4.97325	0.0123999
22.2828	65.9587	0.0271374	4.67666
23.0704	62.1007	0.0869483	0.142037
25.6067	64.7258	0.0358036	4.61752
21.8037	69.5771	0.0116879	4.52598
22.2828	65.9587	0.0271374	4.67666
24.3347	67.1118	0.0198196	0.118843
19.999	65.078	0.0376901	4.70073
20.363	63.0044	0.0704162	4.6979
22.2828	65.9587	0.0271374	4.67666
21.8037	69.5771	0.0116879	4.52598
19.193	69.7412	0.0115926	0.0786005
19.0904	66.7823	0.022826	0.142467
16.8484	65.9587	0.0271478	4.64645
17.5295	61.7527	0.0968812	4.67418
19.999	65.078	0.0376901	4.70073
22.2828	65.9587	0.0271374	4.67666
20.363	63.0044	0.0704162	4.6979
23.0704	62.1007	0.0869483	0.142037
16.25	70.3973	0.0102875	0.0476332
15.1934	72.3429	0.00789954	0.0296787
13.513	70.6966	0.00998258	0.0408881
7.464	63.4929	0.0598869	4.60386
10.1618	63.4929	0.0533631	0.1189
8.78345	65.7825	0.0315852	4.62402
20.0518	56.4338	4.89114	0.0395652
19.0553	52.3495	4.95723	0.0144669
22.4091	54.0056	4.9037	0.0202403
20.3936	58.6582	4.79503	0.0794922
17.2808	59.0298	4.7764	0.0837372
20.0518	56.4338	4.89114	0.0395652
15.0494	60.8826	0.120073	0.11171
12.8597	63.4929	0.0531853	0.118065
12.3979	60.3349	0.135717	4.49611
9.3634	60.8826	0.11879	0.0843158
8.66123	58.144	4.81872	0.0429346
11.6319	58.144	4.81201	0.0535924
9.70619	49.8955	4.98018	0.00976617
7.16598	52.3495	4.97035	0.0127814
6.76709	49.3292	4.98435	0.00906296
13.1107	52.3495	4.96696	0.0141502
16.083	52.3495	4.96408	0.0145907
14.2198	55.2938	4.92621	0.0273449
23.0771	56.6239	4.8518	0.0381785
22.4091	54.0056	4.9037	0.0202403
26.54	55.2938	0.238649	0.025579
20.7355	60.8826	0.131593	4.6183
20.3936	58.6582	4.79503	0.0794922
24.0253	59.6046	4.71135	0.0857876
20.0518	56.4338	4.89114	0.0395652
22.4091	54.0056	4.9037	0.0202403
23.0771	56.6239	4.8518	0.0381785
20.7355	60.8826	0.131593	4.6183
17.2808	59.0298	4.7764	0.0837372
20.3936	58.6582	4.79503	0.0794922
17.0264	56.2438	4.90402	0.036906
19.0553	52.3495	4.95723	0.0144669
20.0518	56.4338	4.89114	0.0395652
6.30769	36.8646	4.98724	0.00548703
6.24038	39.6081	4.98708	0.00580682
3.19231	36.8646	4.99116	0.00553685
9.49534	33.1714	4.9832	0.00510796
9.42308	36.8646	4.97508	0.00542464
6.43263	33.3637	4.98954	0.0051743
6.31731	42.7435	4.98799	0.00667653
3.125	40	4.99103	0.00590519
6.24038	39.6081	4.98708	0.00580682
9.4375	42.5475	4.9785	0.00660202
12.5	40	4.93	0.00573663
12.5577	42.3516	4.95109	0.00651313
6.30769	36.8646	4.98724	0.00548703
9.36058	39.4121	4.97413	0.00572346
6.24038	39.6081	4.98708	0.00580682
9.42308	36.8646	4.97508	0.00542464
12.5385	36.8646	4.93602	0.00535137
9.36058	39.4121	4.97413	0.00572346
15.8122	34.7222	4.90592	0.00501494
12.5385	36.8646	4.93602	0.00535137
12.7112	34.5275	4.95865	0.00512863
9.4375	42.5475	4.9785	0.00660202
12.5577	42.3516	4.95109	0.00651313
9.61019	45.6673	4.98399	0.00730589
6.24038	39.6081	4.98708	0.00580682
9.4375	42.5475	4.9785	0.00660202
6.31731	42.7435	4.98799	0.00667653
9.36058	39.4121	4.97413	0.00572346
12.5	40	4.93	0.00573663
9.4375	42.5475	4.9785	0.00660202
15.601	39.0202	0.24495	0.00560566
12.5	40	4.93	0.00573663
12.5385	36.8646	4.93602	0.00535137
15.601	39.0202	0.24495	0.00560566
15.6779	42.1556	4.87935	0.0064396
12.5	40	4.93	0.00573663
6.48041	46.2515	4.98795	0.00754289
6.76709	49.3292	4.98435	0.00906296
3.72828	49.3292	4.98598	0.00891368
6.31731	42.7435	4.98799	0.00667653
6.48041	46.2515	4.98795	0.00754289
3.39381	46.2515	4.99007	0.0075054
9.61019	45.6673	4.98399	0.00730589
6.76709	49.3292	4.98435	0.00906296
6.48041	46.2515	4.98795	0.00754289
12.7118	50.0843	4.97678	0.0103112
9.70619	49.8955	4.98018	0.00976617
11.1799	48.0735	4.97956	0.00860303
3.19711	42.9395	4.99093	0.00675253
0.076922	43.1354	4.99153	0.00679282
-3.10282e-28	40	4.99192	0.00631192
6.31731	42.7435	4.98799	0.00667653
3.19711	42.9395	4.99093	0.00675253
3.125	40	4.99103	0.00590519
3.39381	46.2515	4.99007	0.0075054
0.307214	46.2515	4.9907	0.00745155
3.19711	42.9395	4.99093	0.00675253
45.0204	55.2938	4.9107	0.0102514
41.9404	55.2938	4.89901	0.0109123
42.834	52.3495	4.9316	0.00791172
48.1005	55.2938	4.92299	0.00944824
45.0204	55.2938	4.9107	0.0102514
45.8487	52.5335	4.94302	0.00784409
44.2548	57.954	4.82238	0.0161443
41.9404	55.2938	4.89901	0.0109123
45.0204	55.2938	4.9107	0.0102514
46.3226	60.8826	0.143511	0.026288
44.2548	57.954	4.82238	0.0161443
47.2801	58.144	4.84558	0.0142074
41.4664	58.5091	4.78456	0.0195622
38.8603	55.2938	4.88804	0.0115767
41.9404	55.2938	4.89901	0.0109123
27.9723	52.3495	4.88278	0.0120138
28.0388	49.3292	4.93029	0.00828791
30.9447	52.3495	4.87911	0.0106167
19.0553	52.3495	4.95723	0.0144669
21.7285	50.6506	4.95161	0.0109862
22.4091	54.0056	4.9037	0.0202403
25	46.2515	4.956	0.00706178
28.0388	49.3292	4.93029	0.00828791
24.7341	50.8393	4.92646	0.0105067
21.7285	50.6506	4.95161	0.0109862
21.7462	47.598	4.95754	0.00801899
24.7341	50.8393	4.92646	0.0105067
15.6779	42.1556	4.87935	0.0064396
17.2523	44.2036	4.90156	0.00690374
14.1489	44.3016	4.94846	0.00697001
22.0142	44.8882	4.93014	0.00690685
18.8268	46.2515	4.94204	0.00747006
18.7981	41.9596	0.238984	0.00640638
15.8835	49.3292	4.97261	0.0095217
12.6536	46.2515	4.97258	0.00753617
15.7402	46.2515	4.95544	0.00763545
17.0264	56.2438	4.90402	0.036906
16.083	52.3495	4.96408	0.0145907
19.0553	52.3495	4.95723	0.0144669
4.19365	52.3495	4.97325	0.0123999
7.16598	52.3495	4.97035	0.0127814
4.92487	55.4838	4.93268	0.0228719
21.9183	41.7637	4.86561	0.00615465
25	43.1354	4.94221	0.00630628
22.0142	44.8882	4.93014	0.00690685
28.125	40	4.94307	0.0053248
25	40	4.90631	0.00532869
28.1154	36.8646	4.92981	0.0049265
25	30.6708	4.93617	0.00457699
25.1151	35.3065	0.271763	0.00474964
21.9134	33.7485	0.270648	0.00468394
31.3171	35.696	4.96942	0.00497558
28.0866	33.7485	4.93805	0.00472774
30.9343	31.8249	4.98023	0.00483772
28.1154	36.8646	4.92981	0.0049265
25.1151	35.3065	0.271763	0.00474964
28.0866	33.7485	4.93805	0.00472774
33.7508	28.5944	4.99098	0.00486617
37.1553	30.6708	4.98986	0.00495683
33.997	31.6326	4.98681	0.00492809
21.8846	36.8646	4.82062	0.00490722
21.9014	39.3141	0.250235	0.00539555
18.7212	38.8242	0.211884	0.00545008
28.1154	36.8646	4.92981	0.0049265
25	40	4.90631	0.00532869
25.1151	35.3065	0.271763	0.00474964
28.125	40	4.94307	0.0053248
28.1154	43.1354	4.94704	0.0061976
25	40	4.90631	0.00532869
3.72828	49.3292	4.98598	0.00891368
1.22131	52.3495	4.97657	0.0117034
0.68946	49.3292	4.9871	0.00869948
0.307214	46.2515	4.9907	0.00745155
3.39381	46.2515	4.99007	0.0075054
0.68946	49.3292	4.9871	0.00869948
11.1799	48.0735	4.97956	0.00860303
12.6536	46.2515	4.97258	0.00753617
12.7118	50.0843	4.97678	0.0103112
9.61019	45.6673	4.98399	0.00730589
11.1799	48.0735	4.97956	0.00860303
9.70619	49.8955	4.98018	0.00976617
9.61019	45.6673	4.98399	0.00730589
12.6536	46.2515	4.97258	0.00753617
11.1799	48.0735	4.97956	0.00860303
31.3817	62.6228	0.0478734	4.53194
34.1521	62.7968	0.0543124	4.46331
33.1516	65.9587	0.0234541	0.0700731
26.9568	67.2765	0.0185162	0.086981
28.4106	64.5496	0.0340895	0.0996892
30.4344	65.9587	0.0232738	0.0814265
29.839	59.2394	0.121262	0.060583
33.5519	59.0383	0.13193	0.0427692
31.3817	62.6228	0.0478734	4.53194
28.6113	62.4488	0.0571564	0.10415
29.839	59.2394	0.121262	0.060583
31.3817	62.6228	0.0478734	4.53194
20.7355	60.8826	0.131593	4.6183
24.0253	59.6046	4.71135	0.0857876
23.0704	62.1007	0.0869483	0.142037
25.6371	53.0665	0.284505	0.0159283
24.7341	50.8393	4.92646	0.0105067
27.9723	52.3495	4.88278	0.0120138
22.4091	54.0056	4.9037	0.0202403
25.6371	53.0665	0.284505	0.0159283
26.54	55.2938	0.238649	0.025579
22.4091	54.0056	4.9037	0.0202403
24.7341	50.8393	4.92646	0.0105067
25.6371	53.0665	0.284505	0.0159283
29.6201	55.2938	4.80983	0.0195484
31.8745	54.2817	4.83816	0.0147466
32.1533	57.1939	0.176351	0.0296537
34.2598	46.2515	0.20555	0.00656649
34.3294	43.6157	0.234897	0.00617455
37.3464	46.2515	0.207292	0.00646569
31.1732	46.2515	4.87274	0.00667861
34.2598	46.2515	0.20555	0.00656649
34.1165	49.3292	0.226304	0.00733048
34.2598	46.2515	0.20555	0.00656649
31.226	43.7137	4.89154	0.00617493
34.3294	43.6157	0.234897	0.00617455
35.6527	58.8743	4.69056	0.0314273
38.5596	58.6917	4.76072	0.0216736
37.7936	60.8826	0.109507	0.0333192
33.5519	59.0383	0.13193	0.0427692
35.6527	58.8743	4.69056	0.0314273
34.9506	60.8826	0.0911457	0.0567709
35.7802	55.2938	4.85547	0.0131844
38.5596	58.6917	4.76072	0.0216736
35.6527	58.8743	4.69056	0.0314273
42.43	63.669	0.0562717	4.38637
43.4796	60.8826	0.122999	0.035115
45.2338	63.4929	0.0702082	0.0507979
6.48041	46.2515	4.98795	0.00754289
6.31731	42.7435	4.98799	0.00667653
9.61019	45.6673	4.98399	0.00730589
0.68946	49.3292	4.9871	0.00869948
3.39381	46.2515	4.99007	0.0075054
3.72828	49.3292	4.98598	0.00891368
0.307214	46.2515	4.9907	0.00745155
0.076922	43.1354	4.99153	0.00679282
3.19711	42.9395	4.99093	0.00675253
6.4478	61.0566	0.122079	0.0870934
4.76616	63.4929	0.0720387	0.121862
3.67737	60.8826	0.152934	4.47735
5.69054	58.144	4.83326	0.0460043
6.4478	61.0566	0.122079	0.0870934
3.67737	60.8826	0.152934	4.47735
9.3634	60.8826	0.11879	0.0843158
10.1618	63.4929	0.0533631	0.1189
7.464	63.4929	0.0598869	4.60386
14.6026	58.144	4.81644	0.0591077
15.0494	60.8826	0.120073	0.11171
12.3979	60.3349	0.135717	4.49611
14.2198	55.2938	4.92621	0.0273449
14.6026	58.144	4.81644	0.0591077
11.6319	58.144	4.81201	0.0535924
14.2198	55.2938	4.92621	0.0273449
17.0264	56.2438	4.90402	0.036906
14.6026	58.144	4.81644	0.0591077
7.464	63.4929	0.0598869	4.60386
5.97957	65.9587	0.0375843	4.65422
4.76616	63.4929	0.0720387	0.121862
11.414	65.9587	0.0277735	4.56961
13.846	66.4528	0.0235075	0.107559
12.3644	68.2649	0.0158192	0.0770915
10.1618	63.4929	0.0533631	0.1189
11.414	65.9587	0.0277735	4.56961
8.78345	65.7825	0.0315852	4.62402
12.8597	63.4929	0.0531853	0.118065
15.5575	63.4929	0.0582332	4.64
13.846	66.4528	0.0235075	0.107559
10.1618	63.4929	0.0533631	0.1189
12.8597	63.4929	0.0531853	0.118065
11.414	65.9587	0.0277735	4.56961
10.1618	63.4929	0.0533631	0.1189
12.3979	60.3349	0.135717	4.49611
12.8597	63.4929	0.0531853	0.118065
9.83732	68.2649	0.017277	0.0910734
7.31021	68.2649	0.0209415	0.113546
8.78345	65.7825	0.0315852	4.62402
31.8745	54.2817	4.83816	0.0147466
30.9447	52.3495	4.87911	0.0106167
34.1289	53.2696	4.85908	0.0107433
35.7802	55.2938	4.85547	0.0131844
31.8745	54.2817	4.83816	0.0147466
34.1289	53.2696	4.85908	0.0107433
29.6201	55.2938	4.80983	0.0195484
30.9447	52.3495	4.87911	0.0106167
31.8745	54.2817	4.83816	0.0147466
29.839	59.2394	0.121262	0.060583
26.4853	58.144	4.73248	0.0560022
29.6201	55.2938	4.80983	0.0195484
33.5519	59.0383	0.13193	0.0427692
29.839	59.2394	0.121262	0.060583
32.1533	57.1939	0.176351	0.0296537
35.7802	55.2938	4.85547	0.0131844
33.5519	59.0383	0.13193	0.0427692
32.1533	57.1939	0.176351	0.0296537
34.9506	60.8826	0.0911457	0.0567709
31.3817	62.6228	0.0478734	4.53194
33.5519	59.0383	0.13193	0.0427692
28.6113	62.4488	0.0571564	0.10415
26.4215	60.8826	0.104145	4.54464
29.839	59.2394	0.121262	0.060583
26.54	55.2938	0.238649	0.025579
27.9723	52.3495	4.88278	0.0120138
29.6201	55.2938	4.80983	0.0195484
25.6371	53.0665	0.284505	0.0159283
27.9723	52.3495	4.88278	0.0120138
26.54	55.2938	0.238649	0.025579
24.7341	50.8393	4.92646	0.0105067
28.0388	49.3292	4.93029	0.00828791
27.9723	52.3495	4.88278	0.0120138
22.5483	72.3429	0.00768162	0.0432436
23.75	70.3973	0.0101934	0.0639729
25	72.3429	0.00763434	0.0336203
23.0327	74.7883	0.00616576	0.0209369
22.5483	72.3429	0.00768162	0.0432436
25	72.3429	0.00763434	0.0336203
21.4331	74.0896	0.00647496	0.0258566
19.0551	74.0896	0.00652279	0.0245759
20.0967	72.3429	0.00767483	0.0423945
19.0904	66.7823	0.022826	0.142467
22.2828	65.9587	0.0271374	4.67666
21.8037	69.5771	0.0116879	4.52598
24.3347	67.1118	0.0198196	0.118843
23.75	70.3973	0.0101934	0.0639729
21.8037	69.5771	0.0116879	4.52598
27.0253	69.2491	0.0123404	0.0603949
30.0542	68.2649	0.014941	4.42473
28.75	70.3973	0.0102058	0.0448266
25.6067	64.7258	0.0358036	4.61752
28.4106	64.5496	0.0340895	0.0996892
26.9568	67.2765	0.0185162	0.086981
22.2828	65.9587	0.0271374	4.67666
25.6067	64.7258	0.0358036	4.61752
24.3347	67.1118	0.0198196	0.118843
23.0704	62.1007	0.0869483	0.142037
26.4215	60.8826	0.104145	4.54464
25.6067	64.7258	0.0358036	4.61752
30.4344	65.9587	0.0232738	0.0814265
30.0542	68.2649	0.014941	4.42473
26.9568	67.2765	0.0185162	0.086981
28.6113	62.4488	0.0571564	0.10415
31.3817	62.6228	0.0478734	4.53194
28.4106	64.5496	0.0340895	0.0996892
25.6067	64.7258	0.0358036	4.61752
28.6113	62.4488	0.0571564	0.10415
28.4106	64.5496	0.0340895	0.0996892
26.4215	60.8826	0.104145	4.54464
26.4853	58.144	4.73248	0.0560022
29.839	59.2394	0.121262	0.060583
25.6067	64.7258	0.0358036	4.61752
26.4215	60.8826	0.104145	4.54464
28.6113	62.4488	0.0571564	0.10415
24.0253	59.6046	4.71135	0.0857876
23.0771	56.6239	4.8518	0.0381785
26.4853	58.144	4.73248	0.0560022
33.1516	65.9587	0.0234541	0.0700731
34.8233	67.7707	0.0164381	0.0519973
32.2468	68.921	0.0127214	0.0497883
31.3817	62.6228	0.0478734	4.53194
33.1516	65.9587	0.0234541	0.0700731
30.4344	65.9587	0.0232738	0.0814265
34.1521	62.7968	0.0543124	4.46331
35.8688	65.9587	0.0248534	0.0589792
33.1516	65.9587	0.0234541	0.0700731
32.355	72.3429	0.00774506	0.0229977
33.75	70.3973	0.0100804	0.0317174
34.8066	72.3429	0.00790539	0.0221386
29.3832	76.0659	0.00582342	0.0127398
28.5669	74.0896	0.00654512	0.0182829
30.9297	73.8705	0.00667209	0.0177215
31.0572	70.658	0.00964899	0.0375725
33.75	70.3973	0.0100804	0.0317174
32.355	72.3429	0.00774506	0.0229977
29.9033	72.3429	0.00775598	0.0257925
31.0572	70.658	0.00964899	0.0375725
32.355	72.3429	0.00774506	0.0229977
28.4106	64.5496	0.0340895	0.0996892
31.3817	62.6228	0.0478734	4.53194
30.4344	65.9587	0.0232738	0.0814265
24.3347	67.1118	0.0198196	0.118843
25.6067	64.7258	0.0358036	4.61752
26.9568	67.2765	0.0185162	0.086981
23.0704	62.1007	0.0869483	0.142037
24.0253	59.6046	4.71135	0.0857876
26.4215	60.8826	0.104145	4.54464
30.4344	65.9587	0.0232738	0.0814265
32.2468	68.921	0.0127214	0.0497883
30.0542	68.2649	0.014941	4.42473
34.8233	67.7707	0.0164381	0.0519973
33.75	70.3973	0.0100804	0.0317174
32.2468	68.921	0.0127214	0.0497883
43.2329	49.3292	4.93898	0.00684538
40.1224	48.7521	4.88183	0.00666841
40.433	46.2515	4.88367	0.00634882
48.7787	52.3495	4.95154	0.00757683
45.8487	52.5335	4.94302	0.00784409
46.2717	49.3292	4.95971	0.0069192
42.834	52.3495	4.9316	0.00791172
40.1224	48.7521	4.88183	0.00666841
43.2329	49.3292	4.93898	0.00684538
47.2801	58.144	4.84558	0.0142074
44.2548	57.954	4.82238	0.0161443
45.0204	55.2938	4.9107	0.0102514
38.8603	55.2938	4.88804	0.0115767
35.7802	55.2938	4.85547	0.0131844
36.7564	51.5944	4.85848	0.00800941
41.9404	55.2938	4.89901	0.0109123
38.8603	55.2938	4.88804	0.0115767
39.8617	52.3495	4.90684	0.00818339
45.8487	52.5335	4.94302	0.00784409
45.0204	55.2938	4.9107	0.0102514
42.834	52.3495	4.9316	0.00791172
41.4664	58.5091	4.78456	0.0195622
40.6366	60.8826	0.117076	0.0348754
38.5596	58.6917	4.76072	0.0216736
44.2548	57.954	4.82238	0.0161443
41.4664	58.5091	4.78456	0.0195622
41.9404	55.2938	4.89901	0.0109123
44.2548	57.954	4.82238	0.0161443
43.4796	60.8826	0.122999	0.035115
41.4664	58.5091	4.78456	0.0195622
38.5596	58.6917	4.76072	0.0216736
35.7802	55.2938	4.85547	0.0131844
38.8603	55.2938	4.88804	0.0115767
6.31731	42.7435	4.98799	0.00667653
3.39381	46.2515	4.99007	0.0075054
3.19711	42.9395	4.99093	0.00675253
45.8487	52.5335	4.94302	0.00784409
42.834	52.3495	4.9316	0.00791172
43.2329	49.3292	4.93898	0.00684538
48.1005	55.2938	4.92299	0.00944824
45.8487	52.5335	4.94302	0.00784409
48.7787	52.3495	4.95154	0.00757683
48.1005	55.2938	4.92299	0.00944824
47.2801	58.144	4.84558	0.0142074
45.0204	55.2938	4.9107	0.0102514
37.7936	60.8826	0.109507	0.0333192
38.5596	58.6917	4.76072	0.0216736
40.6366	60.8826	0.117076	0.0348754
41.3032	65.9587	0.0301206	0.0483819
39.6261	63.8451	0.0480179	0.0467118
42.43	63.669	0.0562717	4.38637
34.9506	60.8826	0.0911457	0.0567709
35.6527	58.8743	4.69056	0.0314273
37.7936	60.8826	0.109507	0.0333192
31.3817	62.6228	0.0478734	4.53194
34.9506	60.8826	0.0911457	0.0567709
34.1521	62.7968	0.0543124	4.46331
33.5519	59.0383	0.13193	0.0427692
35.7802	55.2938	4.85547	0.0131844
35.6527	58.8743	4.69056	0.0314273
31.8745	54.2817	4.83816	0.0147466
35.7802	55.2938	4.85547	0.0131844
32.1533	57.1939	0.176351	0.0296537
34.1165	49.3292	0.226304	0.00733048
34.2598	46.2515	0.20555	0.00656649
37.0597	48.5598	0.221356	0.00691783
28.0388	49.3292	4.93029	0.00828791
31.0776	49.3292	4.87764	0.00783434
30.9447	52.3495	4.87911	0.0106167
28.0388	49.3292	4.93029	0.00828791
25	46.2515	4.956	0.00706178
28.0866	46.2515	4.94461	0.00687298
36.7564	51.5944	4.85848	0.00800941
35.7802	55.2938	4.85547	0.0131844
34.1289	53.2696	4.85908	0.0107433
30.9447	52.3495	4.87911	0.0106167
31.0776	49.3292	4.87764	0.00783434
34.1165	49.3292	0.226304	0.00733048
40.1224	48.7521	4.88183	0.00666841
42.834	52.3495	4.9316	0.00791172
39.8617	52.3495	4.90684	0.00818339
39.8617	52.3495	4.90684	0.00818339
42.834	52.3495	4.9316	0.00791172
41.9404	55.2938	4.89901	0.0109123
36.7564	51.5944	4.85848	0.00800941
39.8617	52.3495	4.90684	0.00818339
38.8603	55.2938	4.88804	0.0115767
36.7564	51.5944	4.85848	0.00800941
40.1224	48.7521	4.88183	0.00666841
39.8617	52.3495	4.90684	0.00818339
18.9224	49.3292	4.96533	0.00943439
19.0553	52.3495	4.95723	0.0144669
16.083	52.3495	4.96408	0.0145907
15.7402	46.2515	4.95544	0.00763545
18.8268	46.2515	4.94204	0.00747006
15.8835	49.3292	4.97261	0.0095217
21.7462	47.598	4.95754	0.00801899
25	46.2515	4.956	0.00706178
24.7341	50.8393	4.92646	0.0105067
22.0108	14.5924	1.23609	0.0033133
19.9458	11.7351	0.854157	0.00357789
23.0432	12.7235	0.991895	0.00329546
17.645	7.6571	0.0853088	0.0047116
18.75	9.60269	0.120134	0.00428315
16.5822	10.0948	4.70705	0.00458493
14.9215	7.36598	0.0870311	0.00485797
17.645	7.6571	0.0853088	0.0047116
16.5822	10.0948	4.70705	0.00458493
16.6772	5.91038	0.0569194	0.0048436
19.0551	5.91038	0.0503636	0.0047639
17.645	7.6571	0.0853088	0.0047116
20.0967	7.6571	0.0688256	0.00445242
21.25	9.60269	0.0936054	0.00379493
18.75	9.60269	0.120134	0.00428315
17.645	7.6571	0.0853088	0.0047116
19.0551	5.91038	0.0503636	0.0047639
20.0967	7.6571	0.0688256	0.00445242
24.1844	6.78374	0.058966	0.00462032
26.189	5.91038	0.0501917	0.00479386
25.4207	8.55507	0.0990532	0.00444625
28.5669	5.91038	0.0515711	0.0048531
31.8199	4.37335	0.0366831	0.00486191
31.1316	6.34706	0.0582984	0.00485688
26.9661	0.123895	0.0190016	0.00487027
28.4094	2.238	0.0236417	0.00486741
26.0648	3.0556	0.0260924	0.00486562
28.9198	0.494728	0.0214737	0.00486767
30.8485	1.10996	0.0237294	0.00486544
28.4094	2.238	0.0236417	0.00486741
31.25	9.60269	0.146046	0.00484162
33.75	9.60269	0.137238	0.00484546
32.5813	11.7351	4.81061	0.00475995
30.9096	13.2177	4.88948	0.00474361
29.636	10.915	4.77717	0.0047225
32.5813	11.7351	4.81061	0.00475995
32.355	7.6571	0.0808718	0.00485374
33.4473	6.2015	0.0555891	0.00485585
34.9468	7.95642	0.0887528	0.00484983
29.9033	7.6571	0.0856147	0.00484276
32.355	7.6571	0.0808718	0.00485374
31.25	9.60269	0.146046	0.00484162
31.1316	6.34706	0.0582984	0.00485688
31.8199	4.37335	0.0366831	0.00486191
33.4473	6.2015	0.0555891	0.00485585
29.9033	7.6571	0.0856147	0.00484276
31.1316	6.34706	0.0582984	0.00485688
32.355	7.6571	0.0808718	0.00485374
29.9033	7.6571	0.0856147	0.00484276
28.5669	5.91038	0.0515711	0.0048531
31.1316	6.34706	0.0582984	0.00485688
28.5669	5.91038	0.0515711	0.0048531
29.9033	7.6571	0.0856147	0.00484276
27.8022	8.40541	0.108827	0.00473832
25	4.37335	0.0341949	0.00484013
27.2733	4.37335	0.0350626	0.00485821
26.189	5.91038	0.0501917	0.00479386
27.2733	4.37335	0.0350626	0.00485821
30.3241	3.0556	0.0275414	0.00486586
28.5669	5.91038	0.0515711	0.0048531
31.1316	6.34706	0.0582984	0.00485688
33.4473	6.2015	0.0555891	0.00485585
32.355	7.6571	0.0808718	0.00485374
27.2733	4.37335	0.0350626	0.00485821
28.4094	2.238	0.0236417	0.00486741
30.3241	3.0556	0.0275414	0.00486586
26.189	5.91038	0.0501917	0.00479386
27.2733	4.37335	0.0350626	0.00485821
28.5669	5.91038	0.0515711	0.0048531
26.0648	3.0556	0.0260924	0.00486562
28.4094	2.238	0.0236417	0.00486741
27.2733	4.37335	0.0350626	0.00485821
29.636	10.915	4.77717	0.0047225
29.9033	7.6571	0.0856147	0.00484276
31.25	9.60269	0.146046	0.00484162
25.4207	8.55507	0.0990532	0.00444625
27.8022	8.40541	0.108827	0.00473832
27.0253	10.7509	4.75133	0.00442022
25.4207	8.55507	0.0990532	0.00444625
26.189	5.91038	0.0501917	0.00479386
27.8022	8.40541	0.108827	0.00473832
26.3489	16.5071	4.92506	0.00434077
24.3933	15.2742	1.63209	0.00371759
25.6653	12.8882	4.81393	0.0039756
30.3241	3.0556	0.0275414	0.00486586
31.8199	4.37335	0.0366831	0.00486191
28.5669	5.91038	0.0515711	0.0048531
30.8485	1.10996	0.0237294	0.00486544
30.3241	3.0556	0.0275414	0.00486586
28.4094	2.238	0.0236417	0.00486741
30.8485	1.10996	0.0237294	0.00486544
32.7403	1.96546	0.0281379	0.00486217
30.3241	3.0556	0.0275414	0.00486586
30.3241	3.0556	0.0275414	0.00486586
32.7403	1.96546	0.0281379	0.00486217
31.8199	4.37335	0.0366831	0.00486191
23.9352	3.0556	0.0261225	0.00486207
25	4.37335	0.0341949	0.00484013
22.7267	4.37335	0.0335612	0.00482392
26.9661	0.123895	0.0190016	0.00487027
26.0648	3.0556	0.0260924	0.00486562
25.0248	1.47661	0.0210147	0.00487021
26.9661	0.123895	0.0190016	0.00487027
28.9198	0.494728	0.0214737	0.00486767
28.4094	2.238	0.0236417	0.00486741
25.0248	1.47661	0.0210147	0.00487021
25	-8.70219e-28	0.0196721	0.00487084
26.9661	0.123895	0.0190016	0.00487027
23.9352	3.0556	0.0261225	0.00486207
25.0248	1.47661	0.0210147	0.00487021
26.0648	3.0556	0.0260924	0.00486562
23.9352	3.0556	0.0261225	0.00486207
23.0835	1.59882	0.0216049	0.00487033
25.0248	1.47661	0.0210147	0.00487021
32.7403	1.96546	0.0281379	0.00486217
34.5833	3.0556	0.0348464	0.00485869
31.8199	4.37335	0.0366831	0.00486191
25	4.37335	0.0341949	0.00484013
26.0648	3.0556	0.0260924	0.00486562
27.2733	4.37335	0.0350626	0.00485821
24.1844	6.78374	0.058966	0.00462032
25	4.37335	0.0341949	0.00484013
26.189	5.91038	0.0501917	0.00479386
23.9352	3.0556	0.0261225	0.00486207
26.0648	3.0556	0.0260924	0.00486562
25	4.37335	0.0341949	0.00484013
21.913	2.6468	0.0249094	0.00486558
23.9352	3.0556	0.0261225	0.00486207
22.7267	4.37335	0.0335612	0.00482392
23.0835	1.59882	0.0216049	0.00487033
23.0339	0.123895	0.0199268	0.00487172
25.0248	1.47661	0.0210147	0.00487021
21.913	2.6468	0.0249094	0.00486558
23.0835	1.59882	0.0216049	0.00487033
23.9352	3.0556	0.0261225	0.00486207
21.4331	5.91038	0.046225	0.0046865
20.4534	4.37335	0.0347774	0.00482626
22.7267	4.37335	0.0335612	0.00482392
19.7476	2.78306	0.0275355	0.00486426
21.0802	0.494728	0.0211461	0.00487289
21.913	2.6468	0.0249094	0.00486558
23.0339	0.123895	0.0199268	0.00487172
25	-8.70219e-28	0.0196721	0.00487084
25.0248	1.47661	0.0210147	0.00487021
33.4473	6.2015	0.0555891	0.00485585
34.5833	3.0556	0.0348464	0.00485869
35.7008	5.91038	0.0586238	0.00485321
36.3664	4.37335	0.0514714	0.00485439
35.7008	5.91038	0.0586238	0.00485321
34.5833	3.0556	0.0348464	0.00485869
23.5785	19.1174	4.94611	0.00438717
26.3489	16.5071	4.92506	0.00434077
26.4215	19.1174	4.9698	0.00462328
23.0771	23.3761	4.98865	0.00474529
25.3391	26.1784	4.98551	0.00472935
22.0277	27.6505	4.97685	0.00467261
29.636	10.915	4.77717	0.0047225
27.8022	8.40541	0.108827	0.00473832
29.9033	7.6571	0.0856147	0.00484276
29.636	10.915	4.77717	0.0047225
27.0253	10.7509	4.75133	0.00442022
27.8022	8.40541	0.108827	0.00473832
32.5813	11.7351	4.81061	0.00475995
29.636	10.915	4.77717	0.0047225
31.25	9.60269	0.146046	0.00484162
28.2875	13.053	4.88179	0.00457741
27.0253	10.7509	4.75133	0.00442022
29.636	10.915	4.77717	0.0047225
23.0432	12.7235	0.991895	0.00329546
25.6653	12.8882	4.81393	0.0039756
24.3933	15.2742	1.63209	0.00371759
24.4145	10.5869	0.750823	0.00382743
25.4207	8.55507	0.0990532	0.00444625
27.0253	10.7509	4.75133	0.00442022
23.0432	12.7235	0.991895	0.00329546
24.4145	10.5869	0.750823	0.00382743
25.6653	12.8882	4.81393	0.0039756
23.0432	12.7235	0.991895	0.00329546
21.25	9.60269	0.0936054	0.00379493
24.4145	10.5869	0.750823	0.00382743
24.1844	6.78374	0.058966	0.00462032
22.5483	7.6571	0.065604	0.00435261
21.4331	5.91038	0.046225	0.0046865
25	4.37335	0.0341949	0.00484013
24.1844	6.78374	0.058966	0.00462032
22.7267	4.37335	0.0335612	0.00482392
25.4207	8.55507	0.0990532	0.00444625
24.4145	10.5869	0.750823	0.00382743
22.5483	7.6571	0.065604	0.00435261
24.4145	10.5869	0.750823	0.00382743
21.25	9.60269	0.0936054	0.00379493
22.5483	7.6571	0.065604	0.00435261
19.5656	14.0413	1.34845	0.00362603
20.9532	16.5071	1.68783	0.00369034
18.2554	16.5071	4.90674	0.00421536
19.9458	11.7351	0.854157	0.00357789
19.5656	14.0413	1.34845	0.00362603
17.7988	12.3941	4.79702	0.00414483
18.75	9.60269	0.120134	0.00428315
19.9458	11.7351	0.854157	0.00357789
17.7988	12.3941	4.79702	0.00414483
21.25	9.60269	0.0936054	0.00379493
23.0432	12.7235	0.991895	0.00329546
19.9458	11.7351	0.854157	0.00357789
22.0108	14.5924	1.23609	0.0033133
20.9532	16.5071	1.68783	0.00369034
19.5656	14.0413	1.34845	0.00362603
19.9458	11.7351	0.854157	0.00357789
22.0108	14.5924	1.23609	0.0033133
19.5656	14.0413	1.34845	0.00362603
23.0432	12.7235	0.991895	0.00329546
24.3933	15.2742	1.63209	0.00371759
22.0108	14.5924	1.23609	0.0033133
17.7548	18.7251	4.96212	0.00457187
20.7355	19.1174	4.94296	0.004361
17.2541	20.9431	4.98458	0.00473872
16.8484	14.0413	4.88115	0.00437259
18.2554	16.5071	4.90674	0.00421536
15.9817	15.8026	4.93637	0.0045817
20.9532	16.5071	1.68783	0.00369034
20.7355	19.1174	4.94296	0.004361
18.2554	16.5071	4.90674	0.00421536
14.9215	7.36598	0.0870311	0.00485797
16.5822	10.0948	4.70705	0.00458493
13.513	9.30337	0.142882	0.00485906
12.6058	7.51154	0.0961713	0.00486434
14.9215	7.36598	0.0870311	0.00485797
13.513	9.30337	0.142882	0.00485906
13.6336	4.37335	0.0523013	0.00487202
15.4167	3.0556	0.0386404	0.00487225
16.6772	5.91038	0.0569194	0.0048436
19.7476	2.78306	0.0275355	0.00486426
19.1515	1.10996	0.0252971	0.00486989
21.0802	0.494728	0.0211461	0.00487289
20.4534	4.37335	0.0347774	0.00482626
19.0551	5.91038	0.0503636	0.0047639
18.1801	4.37335	0.0383472	0.00485071
21.913	2.6468	0.0249094	0.00486558
20.4534	4.37335	0.0347774	0.00482626
19.7476	2.78306	0.0275355	0.00486426
21.4331	5.91038	0.046225	0.0046865
19.0551	5.91038	0.0503636	0.0047639
20.4534	4.37335	0.0347774	0.00482626
24.1844	6.78374	0.058966	0.00462032
21.4331	5.91038	0.046225	0.0046865
22.7267	4.37335	0.0335612	0.00482392
20.0967	7.6571	0.0688256	0.00445242
19.0551	5.91038	0.0503636	0.0047639
21.4331	5.91038	0.046225	0.0046865
20.4534	4.37335	0.0347774	0.00482626
18.1801	4.37335	0.0383472	0.00485071
19.7476	2.78306	0.0275355	0.00486426
23.0835	1.59882	0.0216049	0.00487033
21.0802	0.494728	0.0211461	0.00487289
23.0339	0.123895	0.0199268	0.00487172
27.8022	8.40541	0.108827	0.00473832
26.189	5.91038	0.0501917	0.00479386
28.5669	5.91038	0.0515711	0.0048531
25.6653	12.8882	4.81393	0.0039756
24.4145	10.5869	0.750823	0.00382743
27.0253	10.7509	4.75133	0.00442022
22.5483	7.6571	0.065604	0.00435261
20.0967	7.6571	0.0688256	0.00445242
21.4331	5.91038	0.046225	0.0046865
25.4207	8.55507	0.0990532	0.00444625
22.5483	7.6571	0.065604	0.00435261
24.1844	6.78374	0.058966	0.00462032
21.25	9.60269	0.0936054	0.00379493
20.0967	7.6571	0.0688256	0.00445242
22.5483	7.6571	0.065604	0.00435261
14.9215	7.36598	0.0870311	0.00485797
16.6772	5.91038	0.0569194	0.0048436
17.645	7.6571	0.0853088	0.0047116
21.913	2.6468	0.0249094	0.00486558
21.0802	0.494728	0.0211461	0.00487289
23.0835	1.59882	0.0216049	0.00487033
37.3284	7.80676	0.0951979	0.0048473
38.0788	5.91038	0.0742003	0.00484972
39.7099	7.6571	0.116453	0.00484425
33.4473	6.2015	0.0555891	0.00485585
35.7008	5.91038	0.0586238	0.00485321
34.9468	7.95642	0.0887528	0.00484983
33.75	9.60269	0.137238	0.00484546
32.355	7.6571	0.0808718	0.00485374
34.9468	7.95642	0.0887528	0.00484983
31.8199	4.37335	0.0366831	0.00486191
34.5833	3.0556	0.0348464	0.00485869
33.4473	6.2015	0.0555891	0.00485585
36.3664	4.37335	0.0514714	0.00485439
38.0788	5.91038	0.0742003	0.00484972
35.7008	5.91038	0.0586238	0.00485321
19.7476	2.78306	0.0275355	0.00486426
17.2597	1.96546	0.0302485	0.00487073
19.1515	1.10996	0.0252971	0.00486989
18.1801	4.37335	0.0383472	0.00485071
16.6772	5.91038	0.0569194	0.0048436
15.4167	3.0556	0.0386404	0.00487225
19.7476	2.78306	0.0275355	0.00486426
18.1801	4.37335	0.0383472	0.00485071
17.2597	1.96546	0.0302485	0.00487073
19.0551	5.91038	0.0503636	0.0047639
16.6772	5.91038	0.0569194	0.0048436
18.1801	4.37335	0.0383472	0.00485071
21.913	2.6468	0.0249094	0.00486558
22.7267	4.37335	0.0335612	0.00482392
20.4534	4.37335	0.0347774	0.00482626
20.0967	7.6571	0.0688256	0.00445242
18.75	9.60269	0.120134	0.00428315
17.645	7.6571	0.0853088	0.0047116
14.9215	7.36598	0.0870311	0.00485797
13.6336	4.37335	0.0523013	0.00487202
16.6772	5.91038	0.0569194	0.0048436
32.355	7.6571	0.0808718	0.00485374
33.75	9.60269	0.137238	0.00484546
31.25	9.60269	0.146046	0.00484162
38.0788	5.91038	0.0742003	0.00484972
37.3284	7.80676	0.0951979	0.0048473
35.7008	5.91038	0.0586238	0.00485321
38.75	9.60269	0.156762	0.00484109
41.25	9.60269	0.192496	0.00483805
40.1627	11.7351	4.84604	0.00475777
36.25	9.60269	0.141987	0.00484284
38.75	9.60269	0.156762	0.00484109
37.4683	11.4071	4.80252	0.00475781
39.7099	7.6571	0.116453	0.00484425
41.25	9.60269	0.192496	0.00483805
38.75	9.60269	0.156762	0.00484109
15.4167	3.0556	0.0386404	0.00487225
17.2597	1.96546	0.0302485	0.00487073
18.1801	4.37335	0.0383472	0.00485071
44.0204	14.0413	4.95435	0.00475449
41.2166	14.2175	4.93841	0.00475265
42.6898	11.7351	4.8918	0.0047562
14.9215	7.36598	0.0870311	0.00485797
12.6058	7.51154	0.0961713	0.00486434
13.6336	4.37335	0.0523013	0.00487202
15.1767	12.2293	4.84454	0.0046603
12.5545	12.0646	4.83955	0.00477006
13.513	9.30337	0.142882	0.00485906
16.5822	10.0948	4.70705	0.00458493
17.7988	12.3941	4.79702	0.00414483
15.1767	12.2293	4.84454	0.0046603
14.1312	14.0413	4.9138	0.00472444
12.5545	12.0646	4.83955	0.00477006
15.1767	12.2293	4.84454	0.0046603
15.9817	15.8026	4.93637	0.0045817
14.7591	18.4213	4.97435	0.00474291
13.1778	15.9788	4.95362	0.00475621
16.5822	10.0948	4.70705	0.00458493
18.75	9.60269	0.120134	0.00428315
17.7988	12.3941	4.79702	0.00414483
22.0108	14.5924	1.23609	0.0033133
24.3933	15.2742	1.63209	0.00371759
20.9532	16.5071	1.68783	0.00369034
11.4404	21.3083	4.98702	0.00476813
12.2064	19.1174	4.98043	0.00476401
14.6026	21.856	4.98768	0.0047667
8.66123	21.856	4.98885	0.00477761
11.4404	21.3083	4.98702	0.00476813
10.9756	24.1362	4.99023	0.00478702
8.66123	21.856	4.98885	0.00477761
9.3634	19.1174	4.98209	0.00476618
11.4404	21.3083	4.98702	0.00476813
6.52038	19.1174	4.98469	0.00476989
7.464	16.5071	4.97114	0.00476552
9.3634	19.1174	4.98209	0.00476618
3.67737	19.1174	4.98711	0.0047738
6.52038	19.1174	4.98469	0.00476989
5.62671	21.6734	4.98973	0.0047847
3.67737	19.1174	4.98711	0.0047738
4.76616	16.5071	4.97772	0.00476652
6.52038	19.1174	4.98469	0.00476989
10.1618	16.5071	4.96478	0.0047657
12.2064	19.1174	4.98043	0.00476401
9.3634	19.1174	4.98209	0.00476618
5.97957	14.0413	4.95377	0.00476615
8.69678	14.0413	4.93488	0.00476738
7.464	16.5071	4.97114	0.00476552
11.414	14.0413	4.92109	0.00476991
13.1778	15.9788	4.95362	0.00475621
10.1618	16.5071	4.96478	0.0047657
15.1767	12.2293	4.84454	0.0046603
16.8484	14.0413	4.88115	0.00437259
14.1312	14.0413	4.9138	0.00472444
6.52038	19.1174	4.98469	0.00476989
9.3634	19.1174	4.98209	0.00476618
8.66123	21.856	4.98885	0.00477761
14.7591	18.4213	4.97435	0.00474291
12.2064	19.1174	4.98043	0.00476401
13.1778	15.9788	4.95362	0.00475621
14.7591	18.4213	4.97435	0.00474291
14.6026	21.856	4.98768	0.0047667
12.2064	19.1174	4.98043	0.00476401
12.6058	7.51154	0.0961713	0.00486434
11.9212	5.91038	0.0812522	0.00486545
13.6336	4.37335	0.0523013	0.00487202
11.25	9.60269	0.157624	0.00485808
12.6058	7.51154	0.0961713	0.00486434
13.513	9.30337	0.142882	0.00485906
10.2901	7.6571	0.119219	0.00485945
11.9212	5.91038	0.0812522	0.00486545
12.6058	7.51154	0.0961713	0.00486434
41.2166	14.2175	4.93841	0.00475265
40.1627	11.7351	4.84604	0.00475777
42.6898	11.7351	4.8918	0.0047562
35.1085	11.7351	4.80942	0.00475252
37.4683	11.4071	4.80252	0.00475781
35.6088	14.5697	4.9248	0.00471751
33.1516	14.0413	4.91105	0.00472853
35.1085	11.7351	4.80942	0.00475252
35.6088	14.5697	4.9248	0.00471751
32.5813	11.7351	4.81061	0.00475995
33.75	9.60269	0.137238	0.00484546
35.1085	11.7351	4.80942	0.00475252
37.3284	7.80676	0.0951979	0.0048473
39.7099	7.6571	0.116453	0.00484425
38.75	9.60269	0.156762	0.00484109
36.25	9.60269	0.141987	0.00484284
37.3284	7.80676	0.0951979	0.0048473
38.75	9.60269	0.156762	0.00484109
35.1085	11.7351	4.80942	0.00475252
36.25	9.60269	0.141987	0.00484284
37.4683	11.4071	4.80252	0.00475781
34.9468	7.95642	0.0887528	0.00484983
37.3284	7.80676	0.0951979	0.0048473
36.25	9.60269	0.141987	0.00484284
34.9468	7.95642	0.0887528	0.00484983
35.7008	5.91038	0.0586238	0.00485321
37.3284	7.80676	0.0951979	0.0048473
42.536	16.5071	4.97141	0.00475572
44.0204	14.0413	4.95435	0.00475449
45.2338	16.5071	4.97796	0.0047589
38.4127	14.3936	4.92836	0.00473976
41.2166	14.2175	4.93841	0.00475265
39.693	16.8552	4.96728	0.0047427
38.4127	14.3936	4.92836	0.00473976
37.4683	11.4071	4.80252	0.00475781
40.1627	11.7351	4.84604	0.00475777
10.2901	7.6571	0.119219	0.00485945
12.6058	7.51154	0.0961713	0.00486434
11.25	9.60269	0.157624	0.00485808
28.2875	13.053	4.88179	0.00457741
30.001	14.922	4.93395	0.00472135
26.3489	16.5071	4.92506	0.00434077
35.1085	11.7351	4.80942	0.00475252
33.1516	14.0413	4.91105	0.00472853
32.5813	11.7351	4.81061	0.00475995
30.001	14.922	4.93395	0.00472135
28.6113	17.5512	4.96241	0.00465571
26.3489	16.5071	4.92506	0.00434077
30.9096	13.2177	4.88948	0.00474361
30.001	14.922	4.93395	0.00472135
28.2875	13.053	4.88179	0.00457741
29.636	10.915	4.77717	0.0047225
30.9096	13.2177	4.88948	0.00474361
28.2875	13.053	4.88179	0.00457741
32.5813	11.7351	4.81061	0.00475995
33.1516	14.0413	4.91105	0.00472853
30.9096	13.2177	4.88948	0.00474361
31.7446	16.5071	4.95367	0.00469983
28.6113	17.5512	4.96241	0.00465571
30.001	14.922	4.93395	0.00472135
34.4425	16.5071	4.94706	0.00467932
31.7446	16.5071	4.95367	0.00469983
33.1516	14.0413	4.91105	0.00472853
34.4425	16.5071	4.94706	0.00467932
34.9506	19.1174	4.96724	0.00467551
32.1075	19.1174	4.96772	0.00468387
37.1403	16.5071	4.95729	0.00470999
34.4425	16.5071	4.94706	0.00467932
35.6088	14.5697	4.9248	0.00471751
37.1403	16.5071	4.95729	0.00470999
37.7936	19.1174	4.97721	0.00472405
34.9506	19.1174	4.96724	0.00467551
11.414	14.0413	4.92109	0.00476991
14.1312	14.0413	4.9138	0.00472444
13.1778	15.9788	4.95362	0.00475621
8.69678	14.0413	4.93488	0.00476738
9.93237	11.8999	4.85026	0.00477303
11.414	14.0413	4.92109	0.00476991
11.25	9.60269	0.157624	0.00485808
13.513	9.30337	0.142882	0.00485906
12.5545	12.0646	4.83955	0.00477006
10.2901	7.6571	0.119219	0.00485945
11.25	9.60269	0.157624	0.00485808
8.74996	9.60269	0.191313	0.00485275
13.513	9.30337	0.142882	0.00485906
16.5822	10.0948	4.70705	0.00458493
15.1767	12.2293	4.84454	0.0046603
9.93237	11.8999	4.85026	0.00477303
11.25	9.60269	0.157624	0.00485808
12.5545	12.0646	4.83955	0.00477006
11.414	14.0413	4.92109	0.00476991
9.93237	11.8999	4.85026	0.00477303
12.5545	12.0646	4.83955	0.00477006
8.69678	14.0413	4.93488	0.00476738
7.31021	11.7351	4.89031	0.0047698
9.93237	11.8999	4.85026	0.00477303
37.4683	11.4071	4.80252	0.00475781
38.4127	14.3936	4.92836	0.00473976
35.6088	14.5697	4.9248	0.00471751
42.536	16.5071	4.97141	0.00475572
43.4158	19.3	4.9853	0.00476847
40.5089	19.4825	4.98302	0.00475868
44.0204	14.0413	4.95435	0.00475449
42.536	16.5071	4.97141	0.00475572
41.2166	14.2175	4.93841	0.00475265
45.2338	16.5071	4.97796	0.0047589
43.4158	19.3	4.9853	0.00476847
42.536	16.5071	4.97141	0.00475572
40.5089	19.4825	4.98302	0.00475868
41.2294	22.236	4.98948	0.00479066
38.204	22.4261	4.98815	0.00477381
42.536	16.5071	4.97141	0.00475572
40.5089	19.4825	4.98302	0.00475868
39.693	16.8552	4.96728	0.0047427
43.4158	19.3	4.9853	0.00476847
41.2294	22.236	4.98948	0.00479066
40.5089	19.4825	4.98302	0.00475868
47.2801	21.856	4.99091	0.00480456
44.3095	21.856	4.99008	0.00479471
46.3226	19.1174	4.98726	0.00477309
38.4127	14.3936	4.92836	0.00473976
37.1403	16.5071	4.95729	0.00470999
35.6088	14.5697	4.9248	0.00471751
40.1627	11.7351	4.84604	0.00475777
41.2166	14.2175	4.93841	0.00475265
38.4127	14.3936	4.92836	0.00473976
38.75	9.60269	0.156762	0.00484109
40.1627	11.7351	4.84604	0.00475777
37.4683	11.4071	4.80252	0.00475781
41.25	9.60269	0.192496	0.00483805
42.6898	11.7351	4.8918	0.0047562
40.1627	11.7351	4.84604	0.00475777
39.693	16.8552	4.96728	0.0047427
37.1403	16.5071	4.95729	0.00470999
38.4127	14.3936	4.92836	0.00473976
40.5089	19.4825	4.98302	0.00475868
37.7936	19.1174	4.97721	0.00472405
39.693	16.8552	4.96728	0.0047427
28.8815	20.2128	4.98104	0.00472437
29.1279	22.9961	4.9881	0.00476017
26.1025	23.1861	4.98828	0.00475067
32.1075	19.1174	4.96772	0.00468387
34.9506	19.1174	4.96724	0.00467551
32.4267	21.856	4.98368	0.00472608
28.8815	20.2128	4.98104	0.00472437
32.1075	19.1174	4.96772	0.00468387
32.4267	21.856	4.98368	0.00472608
31.7446	16.5071	4.95367	0.00469983
34.4425	16.5071	4.94706	0.00467932
32.1075	19.1174	4.96772	0.00468387
28.6113	17.5512	4.96241	0.00465571
31.7446	16.5071	4.95367	0.00469983
32.1075	19.1174	4.96772	0.00468387
11.414	14.0413	4.92109	0.00476991
12.5545	12.0646	4.83955	0.00477006
14.1312	14.0413	4.9138	0.00472444
12.2064	19.1174	4.98043	0.00476401
10.1618	16.5071	4.96478	0.0047657
13.1778	15.9788	4.95362	0.00475621
9.93237	11.8999	4.85026	0.00477303
8.74996	9.60269	0.191313	0.00485275
11.25	9.60269	0.157624	0.00485808
43.4158	19.3	4.9853	0.00476847
45.2338	16.5071	4.97796	0.0047589
46.3226	19.1174	4.98726	0.00477309
33.1516	14.0413	4.91105	0.00472853
35.6088	14.5697	4.9248	0.00471751
34.4425	16.5071	4.94706	0.00467932
36.25	9.60269	0.141987	0.00484284
33.75	9.60269	0.137238	0.00484546
34.9468	7.95642	0.0887528	0.00484983
21.9134	33.7485	0.270648	0.00468394
18.9132	34.917	4.86276	0.00485106
18.6835	32.5943	4.92248	0.00472904
25	30.6708	4.93617	0.00457699
21.9134	33.7485	0.270648	0.00468394
21.9612	30.6708	4.93088	0.00459193
21.8846	36.8646	4.82062	0.00490722
18.9132	34.917	4.86276	0.00485106
21.9134	33.7485	0.270648	0.00468394
25	40	4.90631	0.00532869
21.8846	36.8646	4.82062	0.00490722
25.1151	35.3065	0.271763	0.00474964
21.9134	33.7485	0.270648	0.00468394
18.6835	32.5943	4.92248	0.00472904
21.9612	30.6708	4.93088	0.00459193
18.7212	38.8242	0.211884	0.00545008
18.9132	34.917	4.86276	0.00485106
21.8846	36.8646	4.82062	0.00490722
17.2667	36.7732	0.253139	0.00524623
15.8122	34.7222	4.90592	0.00501494
18.9132	34.917	4.86276	0.00485106
18.7212	38.8242	0.211884	0.00545008
17.2667	36.7732	0.253139	0.00524623
18.9132	34.917	4.86276	0.00485106
18.7212	38.8242	0.211884	0.00545008
15.601	39.0202	0.24495	0.00560566
17.2667	36.7732	0.253139	0.00524623
18.7981	41.9596	0.238984	0.00640638
18.7212	38.8242	0.211884	0.00545008
21.9014	39.3141	0.250235	0.00539555
15.601	39.0202	0.24495	0.00560566
15.8122	34.7222	4.90592	0.00501494
17.2667	36.7732	0.253139	0.00524623
14.001	23.9462	4.98946	0.00477244
14.6026	21.856	4.98768	0.0047667
17.2998	24.7062	4.98936	0.00476686
13.1107	27.6505	4.98809	0.00481993
12.8447	30.6708	4.98086	0.00490401
10.1383	27.6505	4.99021	0.00485209
15.2052	26.1784	4.98851	0.00478034
15.7173	29.727	4.97856	0.00480263
13.1107	27.6505	4.98809	0.00481993
20.3799	24.7062	4.98749	0.00473834
18.0114	27.1222	4.98383	0.00474201
17.2998	24.7062	4.98936	0.00476686
18.7229	29.5382	4.96734	0.00470372
15.7173	29.727	4.97856	0.00480263
18.0114	27.1222	4.98383	0.00474201
18.7229	29.5382	4.96734	0.00470372
18.6835	32.5943	4.92248	0.00472904
15.7173	29.727	4.97856	0.00480263
10.9756	24.1362	4.99023	0.00478702
8.05963	24.7062	4.99113	0.00480893
8.66123	21.856	4.98885	0.00477761
10.1383	27.6505	4.99021	0.00485209
8.05963	24.7062	4.99113	0.00480893
10.9756	24.1362	4.99023	0.00478702
10.1383	27.6505	4.99021	0.00485209
9.80591	30.6708	4.98706	0.00496318
7.16598	27.6505	4.99155	0.00487878
6.70061	30.2933	4.99085	0.00498573
7.16598	27.6505	4.99155	0.00487878
9.80591	30.6708	4.98706	0.00496318
4.97956	24.7062	4.99172	0.00482477
5.62671	21.6734	4.98973	0.0047847
8.05963	24.7062	4.99113	0.00480893
3.67737	19.1174	4.98711	0.0047738
5.62671	21.6734	4.98973	0.0047847
2.71986	21.856	4.99075	0.00479465
6.52038	19.1174	4.98469	0.00476989
4.76616	16.5071	4.97772	0.00476652
7.464	16.5071	4.97114	0.00476552
25	30.6708	4.93617	0.00457699
28.0388	30.6708	4.96901	0.00470791
28.0866	33.7485	4.93805	0.00472774
47.2801	21.856	4.99091	0.00480456
48.1005	24.7062	4.99229	0.00486482
45.0204	24.7062	4.992	0.00484806
26.4215	19.1174	4.9698	0.00462328
26.3489	16.5071	4.92506	0.00434077
28.6113	17.5512	4.96241	0.00465571
18.0114	27.1222	4.98383	0.00474201
22.0277	27.6505	4.97685	0.00467261
18.7229	29.5382	4.96734	0.00470372
17.2541	20.9431	4.98458	0.00473872
20.544	21.856	4.98339	0.00469626
17.2998	24.7062	4.98936	0.00476686
23.0771	23.3761	4.98865	0.00474529
26.1025	23.1861	4.98828	0.00475067
25.3391	26.1784	4.98551	0.00472935
17.2998	24.7062	4.98936	0.00476686
20.544	21.856	4.98339	0.00469626
20.3799	24.7062	4.98749	0.00473834
24.8405	21.1517	4.97986	0.00467499
26.1025	23.1861	4.98828	0.00475067
23.0771	23.3761	4.98865	0.00474529
20.544	21.856	4.98339	0.00469626
24.8405	21.1517	4.97986	0.00467499
23.0771	23.3761	4.98865	0.00474529
23.5785	19.1174	4.94611	0.00438717
26.4215	19.1174	4.9698	0.00462328
24.8405	21.1517	4.97986	0.00467499
31.199	26.5464	4.98999	0.00480418
30.7452	28.7831	4.98728	0.00480902
28.269	26.3624	4.98764	0.00476364
29.1279	22.9961	4.9881	0.00476017
31.199	26.5464	4.98999	0.00480418
28.269	26.3624	4.98764	0.00476364
32.7002	24.7062	4.98973	0.00478785
33.7508	28.5944	4.99098	0.00486617
31.199	26.5464	4.98999	0.00480418
20.544	21.856	4.98339	0.00469626
23.0771	23.3761	4.98865	0.00474529
20.3799	24.7062	4.98749	0.00473834
20.7355	19.1174	4.94296	0.004361
20.544	21.856	4.98339	0.00469626
17.2541	20.9431	4.98458	0.00473872
17.7548	18.7251	4.96212	0.00457187
18.2554	16.5071	4.90674	0.00421536
20.7355	19.1174	4.94296	0.004361
14.7591	18.4213	4.97435	0.00474291
17.7548	18.7251	4.96212	0.00457187
17.2541	20.9431	4.98458	0.00473872
14.7591	18.4213	4.97435	0.00474291
15.9817	15.8026	4.93637	0.0045817
17.7548	18.7251	4.96212	0.00457187
20.9532	16.5071	1.68783	0.00369034
23.5785	19.1174	4.94611	0.00438717
20.7355	19.1174	4.94296	0.004361
23.5785	19.1174	4.94611	0.00438717
24.8405	21.1517	4.97986	0.00467499
20.544	21.856	4.98339	0.00469626
26.689	28.4246	4.97595	0.00469273
22.0277	27.6505	4.97685	0.00467261
25.3391	26.1784	4.98551	0.00472935
21.9612	30.6708	4.93088	0.00459193
18.6835	32.5943	4.92248	0.00472904
18.7229	29.5382	4.96734	0.00470372
20.7355	19.1174	4.94296	0.004361
23.5785	19.1174	4.94611	0.00438717
20.544	21.856	4.98339	0.00469626
16.8484	14.0413	4.88115	0.00437259
19.5656	14.0413	1.34845	0.00362603
18.2554	16.5071	4.90674	0.00421536
16.8484	14.0413	4.88115	0.00437259
17.7988	12.3941	4.79702	0.00414483
19.5656	14.0413	1.34845	0.00362603
14.1312	14.0413	4.9138	0.00472444
16.8484	14.0413	4.88115	0.00437259
15.9817	15.8026	4.93637	0.0045817
15.1767	12.2293	4.84454	0.0046603
17.7988	12.3941	4.79702	0.00414483
16.8484	14.0413	4.88115	0.00437259
18.75	9.60269	0.120134	0.00428315
21.25	9.60269	0.0936054	0.00379493
19.9458	11.7351	0.854157	0.00357789
24.3933	15.2742	1.63209	0.00371759
23.5785	19.1174	4.94611	0.00438717
20.9532	16.5071	1.68783	0.00369034
4.97956	24.7062	4.99172	0.00482477
4.19365	27.6505	4.9922	0.00490358
1.8995	24.7062	4.99206	0.00484012
8.74996	9.60269	0.191313	0.00485275
9.93237	11.8999	4.85026	0.00477303
7.31021	11.7351	4.89031	0.0047698
46.8029	37.0605	4.99028	0.00557584
43.6827	37.2565	4.98582	0.0054801
46.6062	33.7485	4.99202	0.00530002
41.9404	24.7062	4.99161	0.00483447
45.0204	24.7062	4.992	0.00484806
42.7675	28.0281	4.99231	0.00493143
38.8603	24.7062	4.99105	0.00482031
41.9404	24.7062	4.99161	0.00483447
39.9888	27.0985	4.9919	0.00488185
41.2294	22.236	4.98948	0.00479066
44.3095	21.856	4.99008	0.00479471
41.9404	24.7062	4.99161	0.00483447
48.7787	27.6505	4.99275	0.00496769
49.3105	30.6708	4.99277	0.00512566
46.2478	30.8632	4.99255	0.0051025
26.1025	23.1861	4.98828	0.00475067
24.8405	21.1517	4.97986	0.00467499
28.8815	20.2128	4.98104	0.00472437
28.269	26.3624	4.98764	0.00476364
26.1025	23.1861	4.98828	0.00475067
29.1279	22.9961	4.9881	0.00476017
23.0771	23.3761	4.98865	0.00474529
22.0277	27.6505	4.97685	0.00467261
20.3799	24.7062	4.98749	0.00473834
12.8447	30.6708	4.98086	0.00490401
12.7112	34.5275	4.95865	0.00512863
9.49534	33.1714	4.9832	0.00510796
10.1383	27.6505	4.99021	0.00485209
12.8447	30.6708	4.98086	0.00490401
9.80591	30.6708	4.98706	0.00496318
14.3285	32.6965	4.95965	0.00495659
18.6835	32.5943	4.92248	0.00472904
15.8122	34.7222	4.90592	0.00501494
25.1151	35.3065	0.271763	0.00474964
21.8846	36.8646	4.82062	0.00490722
21.9134	33.7485	0.270648	0.00468394
14.3285	32.6965	4.95965	0.00495659
12.7112	34.5275	4.95865	0.00512863
12.8447	30.6708	4.98086	0.00490401
18.9132	34.917	4.86276	0.00485106
15.8122	34.7222	4.90592	0.00501494
18.6835	32.5943	4.92248	0.00472904
15.601	39.0202	0.24495	0.00560566
12.5385	36.8646	4.93602	0.00535137
15.8122	34.7222	4.90592	0.00501494
23.5785	19.1174	4.94611	0.00438717
24.3933	15.2742	1.63209	0.00371759
26.3489	16.5071	4.92506	0.00434077
28.8815	20.2128	4.98104	0.00472437
24.8405	21.1517	4.97986	0.00467499
26.4215	19.1174	4.9698	0.00462328
18.2554	16.5071	4.90674	0.00421536
17.7548	18.7251	4.96212	0.00457187
15.9817	15.8026	4.93637	0.0045817
14.6026	21.856	4.98768	0.0047667
17.2541	20.9431	4.98458	0.00473872
17.2998	24.7062	4.98936	0.00476686
15.9817	15.8026	4.93637	0.0045817
13.1778	15.9788	4.95362	0.00475621
14.1312	14.0413	4.9138	0.00472444
14.6026	21.856	4.98768	0.0047667
14.7591	18.4213	4.97435	0.00474291
17.2541	20.9431	4.98458	0.00473872
11.4404	21.3083	4.98702	0.00476813
14.001	23.9462	4.98946	0.00477244
10.9756	24.1362	4.99023	0.00478702
30.001	14.922	4.93395	0.00472135
30.9096	13.2177	4.88948	0.00474361
33.1516	14.0413	4.91105	0.00472853
31.7446	16.5071	4.95367	0.00469983
30.001	14.922	4.93395	0.00472135
33.1516	14.0413	4.91105	0.00472853
25.6653	12.8882	4.81393	0.0039756
27.0253	10.7509	4.75133	0.00442022
28.2875	13.053	4.88179	0.00457741
25.6653	12.8882	4.81393	0.0039756
28.2875	13.053	4.88179	0.00457741
26.3489	16.5071	4.92506	0.00434077
33.75	9.60269	0.137238	0.00484546
36.25	9.60269	0.141987	0.00484284
35.1085	11.7351	4.80942	0.00475252
39.693	16.8552	4.96728	0.0047427
41.2166	14.2175	4.93841	0.00475265
42.536	16.5071	4.97141	0.00475572
28.8815	20.2128	4.98104	0.00472437
26.4215	19.1174	4.9698	0.00462328
28.6113	17.5512	4.96241	0.00465571
40.625	40	4.95701	0.00553341
43.75	40	4.97746	0.0056946
43.6923	43.1354	4.96457	0.00630156
34.399	40.9798	4.89336	0.00578677
37.5	40	4.93208	0.00540358
37.5191	43.9145	0.235757	0.00619353
40.5769	36.8646	4.98	0.00532367
43.6827	37.2565	4.98582	0.0054801
40.625	40	4.95701	0.00553341
37.3464	33.7485	4.98503	0.00506716
33.997	31.6326	4.98681	0.00492809
37.1553	30.6708	4.98986	0.00495683
40.625	40	4.95701	0.00553341
37.5	40	4.93208	0.00540358
40.5769	36.8646	4.98	0.00532367
37.4615	36.8646	4.97143	0.00521446
34.1596	34.7385	4.97946	0.0050293
37.3464	33.7485	4.98503	0.00506716
46.2478	30.8632	4.99255	0.0051025
45.7731	27.8393	4.99262	0.00495058
48.7787	27.6505	4.99275	0.00496769
49.6928	33.7485	4.99241	0.00534179
46.6062	33.7485	4.99202	0.00530002
49.3105	30.6708	4.99277	0.00512566
40.1941	30.6708	4.99109	0.00499766
37.1553	30.6708	4.98986	0.00495683
36.8893	27.6505	4.99148	0.00487233
43.2329	30.6708	4.99199	0.00504704
40.1941	30.6708	4.99109	0.00499766
42.7675	28.0281	4.99231	0.00493143
40.433	33.7485	4.98804	0.00514176
37.3464	33.7485	4.98503	0.00506716
40.1941	30.6708	4.99109	0.00499766
31.3171	35.696	4.96942	0.00497558
31.2019	38.0404	4.95963	0.0051376
28.1154	36.8646	4.92981	0.0049265
33.997	31.6326	4.98681	0.00492809
34.1596	34.7385	4.97946	0.0050293
30.9343	31.8249	4.98023	0.00483772
34.3221	37.8444	4.95856	0.00518871
31.2019	38.0404	4.95963	0.0051376
31.3171	35.696	4.96942	0.00497558
37.5	40	4.93208	0.00540358
34.3221	37.8444	4.95856	0.00518871
37.4615	36.8646	4.97143	0.00521446
34.399	40.9798	4.89336	0.00578677
31.2019	38.0404	4.95963	0.0051376
34.3221	37.8444	4.95856	0.00518871
40.1941	30.6708	4.99109	0.00499766
39.9888	27.0985	4.9919	0.00488185
42.7675	28.0281	4.99231	0.00493143
7.16598	27.6505	4.99155	0.00487878
8.05963	24.7062	4.99113	0.00480893
10.1383	27.6505	4.99021	0.00485209
3.69504	30.482	4.99208	0.0050295
4.19365	27.6505	4.9922	0.00490358
6.70061	30.2933	4.99085	0.00498573
4.97956	24.7062	4.99172	0.00482477
8.05963	24.7062	4.99113	0.00480893
7.16598	27.6505	4.99155	0.00487878
2.71986	21.856	4.99075	0.00479465
4.97956	24.7062	4.99172	0.00482477
1.8995	24.7062	4.99206	0.00484012
14.001	23.9462	4.98946	0.00477244
11.4404	21.3083	4.98702	0.00476813
14.6026	21.856	4.98768	0.0047667
13.1107	27.6505	4.98809	0.00481993
10.9756	24.1362	4.99023	0.00478702
14.001	23.9462	4.98946	0.00477244
8.66123	21.856	4.98885	0.00477761
5.62671	21.6734	4.98973	0.0047847
6.52038	19.1174	4.98469	0.00476989
12.2064	19.1174	4.98043	0.00476401
11.4404	21.3083	4.98702	0.00476813
9.3634	19.1174	4.98209	0.00476618
8.05963	24.7062	4.99113	0.00480893
5.62671	21.6734	4.98973	0.0047847
8.66123	21.856	4.98885	0.00477761
44.3095	21.856	4.99008	0.00479471
41.2294	22.236	4.98948	0.00479066
43.4158	19.3	4.9853	0.00476847
45.7731	27.8393	4.99262	0.00495058
45.0204	24.7062	4.992	0.00484806
48.1005	24.7062	4.99229	0.00486482
38.8603	24.7062	4.99105	0.00482031
36.8893	27.6505	4.99148	0.00487233
35.7802	24.7062	4.99034	0.00480378
45.7731	27.8393	4.99262	0.00495058
42.7675	28.0281	4.99231	0.00493143
45.0204	24.7062	4.992	0.00484806
43.2329	30.6708	4.99199	0.00504704
46.2478	30.8632	4.99255	0.0051025
43.5196	33.7485	4.99043	0.00522591
40.433	33.7485	4.98804	0.00514176
43.2329	30.6708	4.99199	0.00504704
43.5196	33.7485	4.99043	0.00522591
42.7675	28.0281	4.99231	0.00493143
45.7731	27.8393	4.99262	0.00495058
43.2329	30.6708	4.99199	0.00504704
41.9404	24.7062	4.99161	0.00483447
42.7675	28.0281	4.99231	0.00493143
39.9888	27.0985	4.9919	0.00488185
45.7731	27.8393	4.99262	0.00495058
46.2478	30.8632	4.99255	0.0051025
43.2329	30.6708	4.99199	0.00504704
8.69678	14.0413	4.93488	0.00476738
5.97957	14.0413	4.95377	0.00476615
7.31021	11.7351	4.89031	0.0047698
10.1618	16.5071	4.96478	0.0047657
8.69678	14.0413	4.93488	0.00476738
11.414	14.0413	4.92109	0.00476991
7.464	16.5071	4.97114	0.00476552
4.76616	16.5071	4.97772	0.00476652
5.97957	14.0413	4.95377	0.00476615
10.1618	16.5071	4.96478	0.0047657
7.464	16.5071	4.97114	0.00476552
8.69678	14.0413	4.93488	0.00476738
10.1618	16.5071	4.96478	0.0047657
9.3634	19.1174	4.98209	0.00476618
7.464	16.5071	4.97114	0.00476552
9.42308	36.8646	4.97508	0.00542464
9.49534	33.1714	4.9832	0.00510796
12.7112	34.5275	4.95865	0.00512863
12.5	40	4.93	0.00573663
9.36058	39.4121	4.97413	0.00572346
12.5385	36.8646	4.93602	0.00535137
9.36058	39.4121	4.97413	0.00572346
6.30769	36.8646	4.98724	0.00548703
9.42308	36.8646	4.97508	0.00542464
3.19231	36.8646	4.99116	0.00553685
3.40821	33.9432	4.99162	0.00526367
6.30769	36.8646	4.98724	0.00548703
0.076922	36.8646	4.99205	0.0055645
3.19231	36.8646	4.99116	0.00553685
3.125	40	4.99103	0.00590519
0.076922	36.8646	4.99205	0.0055645
0.307214	33.7485	4.99226	0.00527958
3.19231	36.8646	4.99116	0.00553685
6.70061	30.2933	4.99085	0.00498573
9.80591	30.6708	4.98706	0.00496318
9.49534	33.1714	4.9832	0.00510796
2.71986	21.856	4.99075	0.00479465
5.62671	21.6734	4.98973	0.0047847
4.97956	24.7062	4.99172	0.00482477
18.0114	27.1222	4.98383	0.00474201
15.7173	29.727	4.97856	0.00480263
15.2052	26.1784	4.98851	0.00478034
43.5196	33.7485	4.99043	0.00522591
40.5769	36.8646	4.98	0.00532367
40.433	33.7485	4.98804	0.00514176
49.9231	36.8646	4.9911	0.00560068
46.8029	37.0605	4.99028	0.00557584
49.6928	33.7485	4.99241	0.00534179
43.75	40	4.97746	0.0056946
40.625	40	4.95701	0.00553341
43.6827	37.2565	4.98582	0.0054801
13.1107	27.6505	4.98809	0.00481993
15.7173	29.727	4.97856	0.00480263
12.8447	30.6708	4.98086	0.00490401
10.9756	24.1362	4.99023	0.00478702
13.1107	27.6505	4.98809	0.00481993
10.1383	27.6505	4.99021	0.00485209
15.2052	26.1784	4.98851	0.00478034
17.2998	24.7062	4.98936	0.00476686
18.0114	27.1222	4.98383	0.00474201
14.001	23.9462	4.98946	0.00477244
15.2052	26.1784	4.98851	0.00478034
13.1107	27.6505	4.98809	0.00481993
14.001	23.9462	4.98946	0.00477244
17.2998	24.7062	4.98936	0.00476686
15.2052	26.1784	4.98851	0.00478034
46.6062	33.7485	4.99202	0.00530002
43.6827	37.2565	4.98582	0.0054801
43.5196	33.7485	4.99043	0.00522591
50	40	4.98902	0.00588229
46.8029	37.0605	4.99028	0.00557584
49.9231	36.8646	4.9911	0.00560068
46.8798	40.196	4.98667	0.00623688
43.75	40	4.97746	0.0056946
46.8029	37.0605	4.99028	0.00557584
21.9014	39.3141	0.250235	0.00539555
21.9183	41.7637	4.86561	0.00615465
18.7981	41.9596	0.238984	0.00640638
25	40	4.90631	0.00532869
21.9014	39.3141	0.250235	0.00539555
21.8846	36.8646	4.82062	0.00490722
25	40	4.90631	0.00532869
21.9183	41.7637	4.86561	0.00615465
21.9014	39.3141	0.250235	0.00539555
22.0142	44.8882	4.93014	0.00690685
18.7981	41.9596	0.238984	0.00640638
21.9183	41.7637	4.86561	0.00615465
3.69504	30.482	4.99208	0.0050295
3.40821	33.9432	4.99162	0.00526367
0.68946	30.6708	4.99245	0.00506749
1.22131	27.6505	4.99244	0.00492542
3.69504	30.482	4.99208	0.0050295
0.68946	30.6708	4.99245	0.00506749
6.70061	30.2933	4.99085	0.00498573
6.43263	33.3637	4.98954	0.0051743
3.69504	30.482	4.99208	0.0050295
43.5196	33.7485	4.99043	0.00522591
43.6827	37.2565	4.98582	0.0054801
40.5769	36.8646	4.98	0.00532367
40.1941	30.6708	4.99109	0.00499766
43.2329	30.6708	4.99199	0.00504704
40.433	33.7485	4.98804	0.00514176
46.6062	33.7485	4.99202	0.00530002
49.6928	33.7485	4.99241	0.00534179
46.8029	37.0605	4.99028	0.00557584
46.2478	30.8632	4.99255	0.0051025
46.6062	33.7485	4.99202	0.00530002
43.5196	33.7485	4.99043	0.00522591
46.2478	30.8632	4.99255	0.0051025
49.3105	30.6708	4.99277	0.00512566
46.6062	33.7485	4.99202	0.00530002
46.8798	40.196	4.98667	0.00623688
46.8029	37.0605	4.99028	0.00557584
50	40	4.98902	0.00588229
9.4375	42.5475	4.9785	0.00660202
6.24038	39.6081	4.98708	0.00580682
9.36058	39.4121	4.97413	0.00572346
9.49534	33.1714	4.9832	0.00510796
9.80591	30.6708	4.98706	0.00496318
12.8447	30.6708	4.98086	0.00490401
12.5385	36.8646	4.93602	0.00535137
9.42308	36.8646	4.97508	0.00542464
12.7112	34.5275	4.95865	0.00512863
6.43263	33.3637	4.98954	0.0051743
6.70061	30.2933	4.99085	0.00498573
9.49534	33.1714	4.9832	0.00510796
4.19365	27.6505	4.9922	0.00490358
4.97956	24.7062	4.99172	0.00482477
7.16598	27.6505	4.99155	0.00487878
1.22131	27.6505	4.99244	0.00492542
4.19365	27.6505	4.9922	0.00490358
3.69504	30.482	4.99208	0.0050295
1.22131	27.6505	4.99244	0.00492542
1.8995	24.7062	4.99206	0.00484012
4.19365	27.6505	4.9922	0.00490358
6.70061	30.2933	4.99085	0.00498573
4.19365	27.6505	4.9922	0.00490358
7.16598	27.6505	4.99155	0.00487878
18.7229	29.5382	4.96734	0.00470372
22.0277	27.6505	4.97685	0.00467261
21.9612	30.6708	4.93088	0.00459193
14.3285	32.6965	4.95965	0.00495659
12.8447	30.6708	4.98086	0.00490401
15.7173	29.727	4.97856	0.00480263
18.6835	32.5943	4.92248	0.00472904
14.3285	32.6965	4.95965	0.00495659
15.7173	29.727	4.97856	0.00480263
15.8122	34.7222	4.90592	0.00501494
12.7112	34.5275	4.95865	0.00512863
14.3285	32.6965	4.95965	0.00495659
18.0114	27.1222	4.98383	0.00474201
20.3799	24.7062	4.98749	0.00473834
22.0277	27.6505	4.97685	0.00467261
3.40821	33.9432	4.99162	0.00526367
3.69504	30.482	4.99208	0.0050295
6.43263	33.3637	4.98954	0.0051743
46.8077	43.1354	4.98014	0.00646416
43.6923	43.1354	4.96457	0.00630156
46.8798	40.196	4.98667	0.00623688
49.9231	43.1354	4.98469	0.00652939
46.8077	43.1354	4.98014	0.00646416
46.8798	40.196	4.98667	0.00623688
46.2717	49.3292	4.95971	0.0069192
49.3105	49.3292	4.96683	0.00693966
48.7787	52.3495	4.95154	0.00757683
43.5196	46.2515	4.94947	0.00648779
46.2717	49.3292	4.95971	0.0069192
43.2329	49.3292	4.93898	0.00684538
40.433	46.2515	4.88367	0.00634882
43.5196	46.2515	4.94947	0.00648779
43.2329	49.3292	4.93898	0.00684538
43.6923	43.1354	4.96457	0.00630156
46.8077	43.1354	4.98014	0.00646416
46.6062	46.2515	4.97141	0.00664974
46.6062	46.2515	4.97141	0.00664974
49.3105	49.3292	4.96683	0.00693966
46.2717	49.3292	4.95971	0.0069192
6.30769	36.8646	4.98724	0.00548703
6.43263	33.3637	4.98954	0.0051743
9.42308	36.8646	4.97508	0.00542464
3.125	40	4.99103	0.00590519
3.19231	36.8646	4.99116	0.00553685
6.24038	39.6081	4.98708	0.00580682
3.40821	33.9432	4.99162	0.00526367
6.43263	33.3637	4.98954	0.0051743
6.30769	36.8646	4.98724	0.00548703
0.307214	33.7485	4.99226	0.00527958
3.40821	33.9432	4.99162	0.00526367
3.19231	36.8646	4.99116	0.00553685
0.307214	33.7485	4.99226	0.00527958
0.68946	30.6708	4.99245	0.00506749
3.40821	33.9432	4.99162	0.00526367
