25	30.6708	4.93563	0.00419028
28.0866	33.7485	4.93765	0.00432602
25.1151	35.3065	0.270198	0.00437083
22.0277	27.6505	4.97661	0.00425795
25	30.6708	4.93563	0.00419028
21.9612	30.6708	4.93034	0.00420429
26.689	28.4246	4.97564	0.00427533
28.269	26.3624	4.98765	0.00433371
30.7452	28.7831	4.98728	0.004375
25	30.6708	4.93563	0.00419028
26.689	28.4246	4.97564	0.00427533
28.0388	30.6708	4.96864	0.00429354
25.3391	26.1784	4.98538	0.00430272
28.269	26.3624	4.98765	0.00433371
26.689	28.4246	4.97564	0.00427533
28.0388	30.6708	4.96864	0.00429354
30.9343	31.8249	4.98012	0.00440488
28.0866	33.7485	4.93765	0.00432602
22.0277	27.6505	4.97661	0.00425795
26.689	28.4246	4.97564	0.00427533
25	30.6708	4.93563	0.00419028
30.7452	28.7831	4.98728	0.004375
30.9343	31.8249	4.98012	0.00440488
28.0388	30.6708	4.96864	0.00429354
26.689	28.4246	4.97564	0.00427533
30.7452	28.7831	4.98728	0.004375
28.0388	30.6708	4.96864	0.00429354
26.1025	23.1861	4.98785	0.00431434
28.269	26.3624	4.98765	0.00433371
25.3391	26.1784	4.98538	0.00430272
29.1279	22.9961	4.98821	0.00432975
32.7002	24.7062	4.99004	0.00435797
31.199	26.5464	4.99015	0.00437071
33.7508	28.5944	4.9913	0.00442891
30.9343	31.8249	4.98012	0.00440488
30.7452	28.7831	4.98728	0.004375
31.199	26.5464	4.99015	0.00437071
33.7508	28.5944	4.9913	0.00442891
30.7452	28.7831	4.98728	0.004375
37.4615	36.8646	4.97206	0.00475554
40.433	33.7485	4.98863	0.00468598
40.5769	36.8646	4.98058	0.00485173
36.8893	27.6505	4.99196	0.00443818
37.1553	30.6708	4.99038	0.00451603
33.7508	28.5944	4.9913	0.00442891
36.8893	27.6505	4.99196	0.00443818
39.9888	27.0985	4.99243	0.0044485
40.1941	30.6708	4.99166	0.00455463
34.9506	19.1174	4.97219	0.00427229
34.4425	16.5071	4.95198	0.00427349
37.1403	16.5071	4.95809	0.00429278
38.204	22.4261	4.98855	0.00434744
35.1786	22.6161	4.98707	0.00432927
36.4861	20.8667	4.98256	0.00430986
32.1075	19.1174	4.97243	0.00427665
28.8815	20.2128	4.98058	0.0042885
28.6113	17.5512	4.96041	0.00421129
38.204	22.4261	4.98855	0.00434744
35.7802	24.7062	4.99072	0.00437404
35.1786	22.6161	4.98707	0.00432927
32.7002	24.7062	4.99004	0.00435797
29.1279	22.9961	4.98821	0.00432975
32.4267	21.856	4.98474	0.00430926
45.7731	27.8393	4.99318	0.00451297
48.1005	24.7062	4.99285	0.00443478
48.7787	27.6505	4.99332	0.00452898
38.8603	24.7062	4.99149	0.00439074
41.2294	22.236	4.98991	0.0043637
41.9404	24.7062	4.99213	0.00440542
38.8603	24.7062	4.99149	0.00439074
38.204	22.4261	4.98855	0.00434744
41.2294	22.236	4.98991	0.0043637
36.8893	27.6505	4.99196	0.00443818
38.8603	24.7062	4.99149	0.00439074
39.9888	27.0985	4.99243	0.0044485
35.7802	24.7062	4.99072	0.00437404
38.204	22.4261	4.98855	0.00434744
38.8603	24.7062	4.99149	0.00439074
33.7508	28.5944	4.9913	0.00442891
35.7802	24.7062	4.99072	0.00437404
36.8893	27.6505	4.99196	0.00443818
32.7002	24.7062	4.99004	0.00435797
32.4267	21.856	4.98474	0.00430926
35.1786	22.6161	4.98707	0.00432927
37.7936	19.1174	4.97791	0.00430452
40.5089	19.4825	4.98335	0.00433291
38.204	22.4261	4.98855	0.00434744
35.1786	22.6161	4.98707	0.00432927
32.4267	21.856	4.98474	0.00430926
34.9506	19.1174	4.97219	0.00427229
36.4861	20.8667	4.98256	0.00430986
35.1786	22.6161	4.98707	0.00432927
34.9506	19.1174	4.97219	0.00427229
37.7936	19.1174	4.97791	0.00430452
36.4861	20.8667	4.98256	0.00430986
34.9506	19.1174	4.97219	0.00427229
37.7936	19.1174	4.97791	0.00430452
38.204	22.4261	4.98855	0.00434744
36.4861	20.8667	4.98256	0.00430986
35.7802	24.7062	4.99072	0.00437404
32.7002	24.7062	4.99004	0.00435797
35.1786	22.6161	4.98707	0.00432927
33.7508	28.5944	4.9913	0.00442891
32.7002	24.7062	4.99004	0.00435797
35.7802	24.7062	4.99072	0.00437404
29.1279	22.9961	4.98821	0.00432975
28.8815	20.2128	4.98058	0.0042885
32.4267	21.856	4.98474	0.00430926
37.1403	16.5071	4.95809	0.00429278
39.693	16.8552	4.96754	0.00431767
37.7936	19.1174	4.97791	0.00430452
44.3095	21.856	4.9906	0.004369
47.2801	21.856	4.99145	0.00437868
45.0204	24.7062	4.99256	0.00441894
41.9404	24.7062	4.99213	0.00440542
44.3095	21.856	4.9906	0.004369
45.0204	24.7062	4.99256	0.00441894
43.4158	19.3	4.98574	0.00434356
46.3226	19.1174	4.98776	0.00434873
44.3095	21.856	4.9906	0.004369
28.0866	46.2515	4.94461	0.00631741
31.0776	49.3292	4.87735	0.00731821
28.0388	49.3292	4.93016	0.007768
25	43.1354	4.94191	0.00575546
28.1154	43.1354	4.94697	0.00565852
28.0866	46.2515	4.94461	0.00631741
37.3464	46.2515	0.207901	0.00592625
34.3294	43.6157	0.235263	0.00564509
37.5191	43.9145	0.23629	0.00566164
31.226	43.7137	0.72643	0.000838132
31.2788	41.1758	0.731679	0.000788636
34.3294	43.6157	0.235263	0.00564509
28.0866	46.2515	4.94461	0.00631741
31.226	43.7137	0.72643	0.000838132
31.1732	46.2515	4.87281	0.00613621
28.1154	43.1354	4.94697	0.00565852
31.2788	41.1758	0.731679	0.000788636
31.226	43.7137	0.72643	0.000838132
25	46.2515	4.95596	0.00649303
25	43.1354	4.94191	0.00575546
28.0866	46.2515	4.94461	0.00631741
28.125	40	4.94286	0.00486007
31.2788	41.1758	0.731679	0.000788636
28.1154	43.1354	4.94697	0.00565852
28.125	40	4.94286	0.00486007
31.2019	38.0404	0.736524	0.00069607
31.2788	41.1758	0.731679	0.000788636
31.2019	38.0404	0.736524	0.00069607
34.399	40.9798	0.726753	0.000784779
31.2788	41.1758	0.731679	0.000788636
28.0866	33.7485	4.93765	0.00432602
31.3171	35.696	4.96943	0.00453745
28.1154	36.8646	4.9295	0.00450826
37.3464	33.7485	4.98559	0.00461808
37.1553	30.6708	4.99038	0.00451603
40.1941	30.6708	4.99166	0.00455463
37.4615	36.8646	4.97206	0.00475554
37.3464	33.7485	4.98559	0.00461808
40.433	33.7485	4.98863	0.00468598
37.4615	36.8646	4.97206	0.00475554
34.3221	37.8444	4.95904	0.00473339
34.1596	34.7385	4.97981	0.00458238
34.1596	34.7385	4.97981	0.00458238
33.997	31.6326	4.98711	0.00448701
37.3464	33.7485	4.98559	0.00461808
31.3171	35.696	4.96943	0.00453745
34.1596	34.7385	4.97981	0.00458238
34.3221	37.8444	4.95904	0.00473339
31.3171	35.696	4.96943	0.00453745
30.9343	31.8249	4.98012	0.00440488
34.1596	34.7385	4.97981	0.00458238
30.9343	31.8249	4.98012	0.00440488
33.7508	28.5944	4.9913	0.00442891
33.997	31.6326	4.98711	0.00448701
40.433	46.2515	4.88517	0.00581282
40.6201	43.7197	4.91279	0.00562248
43.5196	46.2515	4.9509	0.00592601
46.8029	37.0605	4.99074	0.00507315
43.75	40	4.97792	0.00518132
43.6827	37.2565	4.98632	0.00498917
49.9231	43.1354	4.98497	0.00592519
46.8798	40.196	4.98702	0.00566647
50	40	4.98936	0.00534335
49.9231	43.1354	4.98497	0.00592519
49.6928	46.2515	4.9783	0.00610588
46.8077	43.1354	4.98052	0.00587065
25	43.1354	4.94191	0.00575546
25	46.2515	4.95596	0.00649303
22.0142	44.8882	4.92998	0.00633043
25	40	4.90574	0.00486635
25	43.1354	4.94191	0.00575546
21.9183	41.7637	4.86506	0.00561543
25	40	4.90574	0.00486635
28.1154	43.1354	4.94697	0.00565852
25	43.1354	4.94191	0.00575546
31.2019	38.0404	0.736524	0.00069607
28.125	40	4.94286	0.00486007
28.1154	36.8646	4.9295	0.00450826
28.1154	43.1354	4.94697	0.00565852
31.226	43.7137	0.72643	0.000838132
28.0866	46.2515	4.94461	0.00631741
18.7981	41.9596	0.238767	0.00584295
15.601	39.0202	0.244858	0.00511226
18.7212	38.8242	0.211505	0.00497343
17.2523	44.2036	4.90164	0.00632794
15.7402	46.2515	4.95568	0.00704555
14.1489	44.3016	4.94877	0.0063927
18.7981	41.9596	0.238767	0.00584295
17.2523	44.2036	4.90164	0.00632794
15.6779	42.1556	4.87946	0.00588312
18.8268	46.2515	4.94214	0.00688101
15.7402	46.2515	4.95568	0.00704555
17.2523	44.2036	4.90164	0.00632794
21.7462	47.598	4.9576	0.00744131
18.8268	46.2515	4.94214	0.00688101
22.0142	44.8882	4.92998	0.00633043
21.7462	47.598	4.9576	0.00744131
18.9224	49.3292	4.96546	0.00885087
18.8268	46.2515	4.94214	0.00688101
15.6779	42.1556	4.87946	0.00588312
15.601	39.0202	0.244858	0.00511226
18.7981	41.9596	0.238767	0.00584295
18.8268	46.2515	4.94214	0.00688101
17.2523	44.2036	4.90164	0.00632794
18.7981	41.9596	0.238767	0.00584295
14.1489	44.3016	4.94877	0.0063927
12.6536	46.2515	4.97294	0.00694222
12.5577	42.3516	4.95147	0.00595236
15.6779	42.1556	4.87946	0.00588312
14.1489	44.3016	4.94877	0.0063927
12.5577	42.3516	4.95147	0.00595236
15.7402	46.2515	4.95568	0.00704555
12.6536	46.2515	4.97294	0.00694222
14.1489	44.3016	4.94877	0.0063927
12.7118	50.0843	4.97705	0.00971366
12.6536	46.2515	4.97294	0.00694222
15.8835	49.3292	4.97281	0.0089267
16.083	52.3495	4.96417	0.0140147
13.1107	52.3495	4.96714	0.0135663
15.8835	49.3292	4.97281	0.0089267
18.9224	49.3292	4.96546	0.00885087
16.083	52.3495	4.96417	0.0140147
15.8835	49.3292	4.97281	0.0089267
13.1107	52.3495	4.96714	0.0135663
10.6893	54.7417	4.93927	0.0207075
10.1383	52.3495	4.96861	0.0128277
15.8835	49.3292	4.97281	0.0089267
13.1107	52.3495	4.96714	0.0135663
12.7118	50.0843	4.97705	0.00971366
14.2198	55.2938	4.92622	0.0267926
10.6893	54.7417	4.93927	0.0207075
13.1107	52.3495	4.96714	0.0135663
17.0264	56.2438	4.90388	0.0363723
14.2198	55.2938	4.92622	0.0267926
16.083	52.3495	4.96417	0.0140147
17.2808	59.0298	4.77598	0.0832136
17.5295	61.7527	0.096591	4.67301
15.0494	60.8826	0.119887	0.111183
17.0264	56.2438	4.90388	0.0363723
17.2808	59.0298	4.77598	0.0832136
14.6026	58.144	4.81626	0.0585799
17.0264	56.2438	4.90388	0.0363723
20.0518	56.4338	4.89088	0.0390649
17.2808	59.0298	4.77598	0.0832136
7.16598	52.3495	4.97066	0.0121871
8.05963	55.2938	4.92935	0.0216566
4.92487	55.4838	4.93291	0.0223031
6.76709	49.3292	4.98474	0.0084514
7.16598	52.3495	4.97066	0.0121871
4.19365	52.3495	4.97359	0.0117973
10.1383	52.3495	4.96861	0.0128277
8.05963	55.2938	4.92935	0.0216566
7.16598	52.3495	4.97066	0.0121871
12.7118	50.0843	4.97705	0.00971366
10.1383	52.3495	4.96861	0.0128277
9.70619	49.8955	4.98052	0.00916269
10.6893	54.7417	4.93927	0.0207075
8.05963	55.2938	4.92935	0.0216566
10.1383	52.3495	4.96861	0.0128277
12.5577	42.3516	4.95147	0.00595236
12.5	40	4.93033	0.00523514
15.6779	42.1556	4.87946	0.00588312
9.61019	45.6673	4.98442	0.00670905
12.5577	42.3516	4.95147	0.00595236
12.6536	46.2515	4.97294	0.00694222
9.61019	45.6673	4.98442	0.00670905
6.31731	42.7435	4.98848	0.00609613
9.4375	42.5475	4.97897	0.00603297
-3.10282e-28	40	4.99245	0.00575257
3.125	40	4.99156	0.00538315
3.19711	42.9395	4.99144	0.00616457
-3.10282e-28	40	4.99245	0.00575257
0.076922	36.8646	4.99259	0.00507116
3.125	40	4.99156	0.00538315
46.6062	46.2515	4.97233	0.00605353
46.2717	49.3292	4.96181	0.00634656
43.5196	46.2515	4.9509	0.00592601
43.6923	43.1354	4.96516	0.00573445
46.6062	46.2515	4.97233	0.00605353
43.5196	46.2515	4.9509	0.00592601
49.6928	46.2515	4.9783	0.00610588
49.3105	49.3292	4.96839	0.00634603
46.6062	46.2515	4.97233	0.00605353
27.4517	72.3429	0.00730987	0.0276733
25	72.3429	0.00721293	0.0332288
27.0253	69.2491	0.0118328	0.0599359
24.7277	76.3587	0.00528139	0.0135903
26.189	74.0896	0.00609375	0.0201377
27.2733	75.6267	0.0055028	0.0140735
24.7277	76.3587	0.00528139	0.0135903
23.0327	74.7883	0.00574895	0.0205627
26.189	74.0896	0.00609375	0.0201377
23.0339	79.8761	0.00495413	0.0102622
21.0802	79.5053	0.00502285	0.0112688
21.6827	78.0345	0.00506471	0.0118248
19.6759	76.9444	0.00522512	0.0136685
19.0551	74.0896	0.00611725	0.0242157
21.4331	74.0896	0.00606391	0.0254871
19.6759	76.9444	0.00522512	0.0136685
18.1801	75.6267	0.00560902	0.0174081
19.0551	74.0896	0.00611725	0.0242157
21.4331	74.0896	0.00606391	0.0254871
23.0327	74.7883	0.00574895	0.0205627
22.3999	76.5052	0.00527698	0.0145998
20.0967	72.3429	0.00727921	0.0420231
22.5483	72.3429	0.00727168	0.0428598
21.4331	74.0896	0.00606391	0.0254871
16.5527	73.7985	0.0063771	0.0227277
17.645	72.3429	0.00733114	0.0327571
19.0551	74.0896	0.00611725	0.0242157
19.193	69.7412	0.0112195	0.0781833
21.8037	69.5771	0.0112727	4.52457
20.0967	72.3429	0.00727921	0.0420231
21.8037	69.5771	0.0112727	4.52457
23.75	70.3973	0.0097616	0.0635665
22.5483	72.3429	0.00727168	0.0428598
21.6827	78.0345	0.00506471	0.0118248
19.1515	78.89	0.00510295	0.0121413
19.6759	76.9444	0.00522512	0.0136685
22.3999	76.5052	0.00527698	0.0145998
19.6759	76.9444	0.00522512	0.0136685
21.4331	74.0896	0.00606391	0.0254871
22.3999	76.5052	0.00527698	0.0145998
21.6827	78.0345	0.00506471	0.0118248
19.6759	76.9444	0.00522512	0.0136685
24.7277	76.3587	0.00528139	0.0135903
22.3999	76.5052	0.00527698	0.0145998
23.0327	74.7883	0.00574895	0.0205627
24.7277	76.3587	0.00528139	0.0135903
24.9752	78.5234	0.00499625	0.010345
23.329	78.279	0.00502253	0.0110721
21.0802	79.5053	0.00502285	0.0112688
19.1515	78.89	0.00510295	0.0121413
21.6827	78.0345	0.00506471	0.0118248
25	80	0.00495408	0.00988346
24.9752	78.5234	0.00499625	0.010345
26.9661	79.8761	0.00494783	0.00941415
19.6759	76.9444	0.00522512	0.0136685
19.1515	78.89	0.00510295	0.0121413
17.2597	78.0345	0.00527877	0.0136518
28.3173	78.0345	0.00505909	0.0100534
30.8485	78.89	0.00511259	0.00999204
28.9198	79.5053	0.00501861	0.00965089
18.1801	75.6267	0.00560902	0.0174081
19.6759	76.9444	0.00522512	0.0136685
17.2597	78.0345	0.00527877	0.0136518
15.4167	76.9444	0.00554574	0.0153653
18.1801	75.6267	0.00560902	0.0174081
17.2597	78.0345	0.00527877	0.0136518
23.0327	74.7883	0.00574895	0.0205627
21.4331	74.0896	0.00606391	0.0254871
22.5483	72.3429	0.00727168	0.0428598
15.4167	76.9444	0.00554574	0.0153653
16.5527	73.7985	0.0063771	0.0227277
18.1801	75.6267	0.00560902	0.0174081
20.0967	72.3429	0.00727921	0.0420231
21.8037	69.5771	0.0112727	4.52457
22.5483	72.3429	0.00727168	0.0428598
15.4167	76.9444	0.00554574	0.0153653
13.6336	75.6267	0.0062547	0.0199178
14.237	73.9441	0.00662288	0.02256
29.3832	76.0659	0.00540451	0.0123434
31.3712	77.1646	0.00528326	0.0110021
28.3173	78.0345	0.00505909	0.0100534
31.9219	75.3472	0.00568282	0.013306
34.5833	76.9444	0.00554086	0.0120705
32.7403	78.0345	0.00526136	0.0107267
14.237	73.9441	0.00662288	0.02256
11.9212	74.0896	0.00723859	0.0256906
12.7417	72.3429	0.00799602	0.0303879
11.25	70.3973	0.0109382	0.0475232
12.7417	72.3429	0.00799602	0.0303879
10.2901	72.3429	0.00920031	0.037278
17.645	72.3429	0.00733114	0.0327571
16.5527	73.7985	0.0063771	0.0227277
15.1934	72.3429	0.00752303	0.02933
19.193	69.7412	0.0112195	0.0781833
17.645	72.3429	0.00733114	0.0327571
16.25	70.3973	0.00992972	0.0472729
20.0967	72.3429	0.00727921	0.0420231
19.0551	74.0896	0.00611725	0.0242157
17.645	72.3429	0.00733114	0.0327571
19.0551	74.0896	0.00611725	0.0242157
18.1801	75.6267	0.00560902	0.0174081
16.5527	73.7985	0.0063771	0.0227277
32.355	72.3429	0.00732041	0.0225655
34.8066	72.3429	0.00750567	0.0216928
33.3228	74.0896	0.00622535	0.0158896
33.3228	74.0896	0.00622535	0.0158896
31.9219	75.3472	0.00568282	0.013306
30.9297	73.8705	0.00625446	0.017309
35.7008	74.0896	0.00654108	0.0168358
33.3228	74.0896	0.00622535	0.0158896
34.8066	72.3429	0.00750567	0.0216928
34.5833	76.9444	0.00554086	0.0120705
31.9219	75.3472	0.00568282	0.013306
33.3228	74.0896	0.00622535	0.0158896
17.4187	68.2649	0.0154536	0.0942817
14.8915	68.2649	0.0149613	0.0783645
16.8484	65.9587	0.0268352	4.64538
16.25	70.3973	0.00992972	0.0472729
13.513	70.6966	0.00963613	0.0405368
14.8915	68.2649	0.0149613	0.0783645
19.193	69.7412	0.0112195	0.0781833
16.25	70.3973	0.00992972	0.0472729
17.4187	68.2649	0.0154536	0.0942817
15.1934	72.3429	0.00752303	0.02933
14.237	73.9441	0.00662288	0.02256
12.7417	72.3429	0.00799602	0.0303879
17.645	72.3429	0.00733114	0.0327571
15.1934	72.3429	0.00752303	0.02933
16.25	70.3973	0.00992972	0.0472729
16.5527	73.7985	0.0063771	0.0227277
14.237	73.9441	0.00662288	0.02256
15.1934	72.3429	0.00752303	0.02933
12.7417	72.3429	0.00799602	0.0303879
11.25	70.3973	0.0109382	0.0475232
13.513	70.6966	0.00963613	0.0405368
8.74996	70.3973	0.0130182	0.0605885
11.25	70.3973	0.0109382	0.0475232
10.2901	72.3429	0.00920031	0.037278
12.3644	68.2649	0.0155218	0.0766873
13.846	66.4528	0.0232333	0.107122
14.8915	68.2649	0.0149613	0.0783645
9.83732	68.2649	0.0170007	0.090658
12.3644	68.2649	0.0155218	0.0766873
11.25	70.3973	0.0109382	0.0475232
9.83732	68.2649	0.0170007	0.090658
11.414	65.9587	0.0275295	4.56835
12.3644	68.2649	0.0155218	0.0766873
9.83732	68.2649	0.0170007	0.090658
11.25	70.3973	0.0109382	0.0475232
8.74996	70.3973	0.0130182	0.0605885
14.8915	68.2649	0.0149613	0.0783645
13.513	70.6966	0.00963613	0.0405368
12.3644	68.2649	0.0155218	0.0766873
15.1934	72.3429	0.00752303	0.02933
12.7417	72.3429	0.00799602	0.0303879
13.513	70.6966	0.00963613	0.0405368
15.4167	76.9444	0.00554574	0.0153653
14.237	73.9441	0.00662288	0.02256
16.5527	73.7985	0.0063771	0.0227277
13.6336	75.6267	0.0062547	0.0199178
11.9212	74.0896	0.00723859	0.0256906
14.237	73.9441	0.00662288	0.02256
11.9212	74.0896	0.00723859	0.0256906
10.2901	72.3429	0.00920031	0.037278
12.7417	72.3429	0.00799602	0.0303879
7.31021	68.2649	0.0206923	0.113108
9.83732	68.2649	0.0170007	0.090658
8.74996	70.3973	0.0130182	0.0605885
7.31021	68.2649	0.0206923	0.113108
5.97957	65.9587	0.0373989	4.65311
8.78345	65.7825	0.0313714	4.62288
28.3173	78.0345	0.00505909	0.0100534
28.9198	79.5053	0.00501861	0.00965089
26.9661	79.8761	0.00494783	0.00941415
31.3712	77.1646	0.00528326	0.0110021
31.9219	75.3472	0.00568282	0.013306
32.7403	78.0345	0.00526136	0.0107267
28.3173	78.0345	0.00505909	0.0100534
31.3712	77.1646	0.00528326	0.0110021
30.8485	78.89	0.00511259	0.00999204
29.3832	76.0659	0.00540451	0.0123434
31.9219	75.3472	0.00568282	0.013306
31.3712	77.1646	0.00528326	0.0110021
27.2733	75.6267	0.0055028	0.0140735
29.3832	76.0659	0.00540451	0.0123434
28.3173	78.0345	0.00505909	0.0100534
28.5669	74.0896	0.00612233	0.017883
29.9033	72.3429	0.00731815	0.0253737
30.9297	73.8705	0.00625446	0.017309
27.2733	75.6267	0.0055028	0.0140735
28.5669	74.0896	0.00612233	0.017883
29.3832	76.0659	0.00540451	0.0123434
27.2733	75.6267	0.0055028	0.0140735
26.189	74.0896	0.00609375	0.0201377
28.5669	74.0896	0.00612233	0.017883
26.2439	77.6257	0.00508843	0.0109018
27.2733	75.6267	0.0055028	0.0140735
28.3173	78.0345	0.00505909	0.0100534
26.9661	79.8761	0.00494783	0.00941415
26.2439	77.6257	0.00508843	0.0109018
28.3173	78.0345	0.00505909	0.0100534
24.9752	78.5234	0.00499625	0.010345
24.7277	76.3587	0.00528139	0.0135903
26.2439	77.6257	0.00508843	0.0109018
31.0572	70.658	0.00917451	0.037129
30.0542	68.2649	0.0143464	4.42253
32.2468	68.921	0.0121845	0.0492889
31.0572	70.658	0.00917451	0.037129
28.75	70.3973	0.00972115	0.0443957
30.0542	68.2649	0.0143464	4.42253
33.75	70.3973	0.0096264	0.0312564
31.0572	70.658	0.00917451	0.037129
32.2468	68.921	0.0121845	0.0492889
29.9033	72.3429	0.00731815	0.0253737
28.75	70.3973	0.00972115	0.0443957
31.0572	70.658	0.00917451	0.037129
30.9297	73.8705	0.00625446	0.017309
29.9033	72.3429	0.00731815	0.0253737
32.355	72.3429	0.00732041	0.0225655
33.3228	74.0896	0.00622535	0.0158896
30.9297	73.8705	0.00625446	0.017309
32.355	72.3429	0.00732041	0.0225655
31.9219	75.3472	0.00568282	0.013306
29.3832	76.0659	0.00540451	0.0123434
30.9297	73.8705	0.00625446	0.017309
28.5669	74.0896	0.00612233	0.017883
26.189	74.0896	0.00609375	0.0201377
27.4517	72.3429	0.00730987	0.0276733
25	72.3429	0.00721293	0.0332288
23.75	70.3973	0.0097616	0.0635665
27.0253	69.2491	0.0118328	0.0599359
26.9661	79.8761	0.00494783	0.00941415
24.9752	78.5234	0.00499625	0.010345
26.2439	77.6257	0.00508843	0.0109018
27.0253	69.2491	0.0118328	0.0599359
24.3347	67.1118	0.0192978	0.118362
26.9568	67.2765	0.0179204	0.0865116
19.0904	66.7823	0.0224612	0.141992
19.999	65.078	0.0372899	4.69971
22.2828	65.9587	0.0266571	4.67558
17.4187	68.2649	0.0154536	0.0942817
19.0904	66.7823	0.0224612	0.141992
19.193	69.7412	0.0112195	0.0781833
17.4187	68.2649	0.0154536	0.0942817
16.8484	65.9587	0.0268352	4.64538
19.0904	66.7823	0.0224612	0.141992
27.4517	72.3429	0.00730987	0.0276733
28.75	70.3973	0.00972115	0.0443957
29.9033	72.3429	0.00731815	0.0253737
28.5669	74.0896	0.00612233	0.017883
27.4517	72.3429	0.00730987	0.0276733
29.9033	72.3429	0.00731815	0.0253737
26.189	74.0896	0.00609375	0.0201377
25	72.3429	0.00721293	0.0332288
27.4517	72.3429	0.00730987	0.0276733
27.0253	69.2491	0.0118328	0.0599359
26.9568	67.2765	0.0179204	0.0865116
30.0542	68.2649	0.0143464	4.42253
27.4517	72.3429	0.00730987	0.0276733
27.0253	69.2491	0.0118328	0.0599359
28.75	70.3973	0.00972115	0.0443957
23.75	70.3973	0.0097616	0.0635665
24.3347	67.1118	0.0192978	0.118362
27.0253	69.2491	0.0118328	0.0599359
34.8233	67.7707	0.0158958	0.0514659
37.4455	67.9354	0.0165752	4.37425
36.25	70.3973	0.0100388	0.0347922
31.3712	77.1646	0.00528326	0.0110021
32.7403	78.0345	0.00526136	0.0107267
30.8485	78.89	0.00511259	0.00999204
23.329	78.279	0.00502253	0.0110721
22.3999	76.5052	0.00527698	0.0145998
24.7277	76.3587	0.00528139	0.0135903
23.0339	79.8761	0.00495413	0.0102622
23.329	78.279	0.00502253	0.0110721
24.9752	78.5234	0.00499625	0.010345
21.6827	78.0345	0.00506471	0.0118248
22.3999	76.5052	0.00527698	0.0145998
23.329	78.279	0.00502253	0.0110721
21.6827	78.0345	0.00506471	0.0118248
23.329	78.279	0.00502253	0.0110721
23.0339	79.8761	0.00495413	0.0102622
25	72.3429	0.00721293	0.0332288
26.189	74.0896	0.00609375	0.0201377
23.0327	74.7883	0.00574895	0.0205627
27.2733	75.6267	0.0055028	0.0140735
26.2439	77.6257	0.00508843	0.0109018
24.7277	76.3587	0.00528139	0.0135903
25	80	0.00495408	0.00988346
23.0339	79.8761	0.00495413	0.0102622
24.9752	78.5234	0.00499625	0.010345
35.7008	74.0896	0.00654108	0.0168358
37.3942	72.4885	0.00795455	0.0229945
38.0788	74.0896	0.00725811	0.0197001
34.5833	76.9444	0.00554086	0.0120705
35.7008	74.0896	0.00654108	0.0168358
36.3664	75.6267	0.00624002	0.0153538
34.8066	72.3429	0.00750567	0.0216928
37.3942	72.4885	0.00795455	0.0229945
35.7008	74.0896	0.00654108	0.0168358
34.5833	76.9444	0.00554086	0.0120705
33.3228	74.0896	0.00622535	0.0158896
35.7008	74.0896	0.00654108	0.0168358
33.75	70.3973	0.0096264	0.0312564
36.25	70.3973	0.0100388	0.0347922
34.8066	72.3429	0.00750567	0.0216928
35.7008	74.0896	0.00654108	0.0168358
38.0788	74.0896	0.00725811	0.0197001
36.3664	75.6267	0.00624002	0.0153538
37.4455	67.9354	0.0165752	4.37425
38.75	70.3973	0.0110063	0.034966
36.25	70.3973	0.0100388	0.0347922
39.7099	72.3429	0.0092839	0.0266113
38.0788	74.0896	0.00725811	0.0197001
37.3942	72.4885	0.00795455	0.0229945
36.25	70.3973	0.0100388	0.0347922
33.75	70.3973	0.0096264	0.0312564
34.8233	67.7707	0.0158958	0.0514659
37.3942	72.4885	0.00795455	0.0229945
36.25	70.3973	0.0100388	0.0347922
38.75	70.3973	0.0110063	0.034966
37.3942	72.4885	0.00795455	0.0229945
34.8066	72.3429	0.00750567	0.0216928
36.25	70.3973	0.0100388	0.0347922
15.5575	63.4929	0.0579802	4.63883
16.8484	65.9587	0.0268352	4.64538
13.846	66.4528	0.0232333	0.107122
11.414	65.9587	0.0275295	4.56835
12.8597	63.4929	0.0529865	0.11758
13.846	66.4528	0.0232333	0.107122
15.0494	60.8826	0.119887	0.111183
17.5295	61.7527	0.096591	4.67301
15.5575	63.4929	0.0579802	4.63883
15.5575	63.4929	0.0579802	4.63883
17.5295	61.7527	0.096591	4.67301
16.8484	65.9587	0.0268352	4.64538
11.6319	58.144	4.81196	0.0530649
14.6026	58.144	4.81626	0.0585799
12.3979	60.3349	0.135604	4.49427
14.6026	58.144	4.81626	0.0585799
17.2808	59.0298	4.77598	0.0832136
15.0494	60.8826	0.119887	0.111183
20.363	63.0044	0.0699961	4.69683
19.999	65.078	0.0372899	4.69971
17.5295	61.7527	0.096591	4.67301
20.7355	60.8826	0.131168	4.617
20.363	63.0044	0.0699961	4.69683
17.5295	61.7527	0.096591	4.67301
20.7355	60.8826	0.131168	4.617
23.0704	62.1007	0.0863793	0.141554
20.363	63.0044	0.0699961	4.69683
11.6319	58.144	4.81196	0.0530649
10.6893	54.7417	4.93927	0.0207075
14.2198	55.2938	4.92622	0.0267926
9.3634	60.8826	0.118712	0.083804
11.6319	58.144	4.81196	0.0530649
12.3979	60.3349	0.135604	4.49427
8.66123	58.144	4.81875	0.0424103
10.6893	54.7417	4.93927	0.0207075
11.6319	58.144	4.81196	0.0530649
5.69054	58.144	4.83335	0.045465
4.92487	55.4838	4.93291	0.0223031
8.05963	55.2938	4.92935	0.0216566
6.4478	61.0566	0.122031	0.0865708
5.69054	58.144	4.83335	0.045465
8.66123	58.144	4.81875	0.0424103
3.67737	60.8826	0.152924	4.47533
2.71986	58.144	4.8663	0.0430936
5.69054	58.144	4.83335	0.045465
36.8222	64.0212	0.0412206	0.0528872
39.6261	63.8451	0.0475344	0.0461131
38.586	65.9587	0.0264915	0.0497121
34.1521	62.7968	0.0534167	4.46153
36.8222	64.0212	0.0412206	0.0528872
35.8688	65.9587	0.0242449	0.0584321
37.7936	60.8826	0.108869	0.0328094
39.6261	63.8451	0.0475344	0.0461131
36.8222	64.0212	0.0412206	0.0528872
38.75	70.3973	0.0110063	0.034966
40.1627	68.2649	0.0171228	0.0427378
41.25	70.3973	0.0131836	0.0320389
37.3942	72.4885	0.00795455	0.0229945
38.75	70.3973	0.0110063	0.034966
39.7099	72.3429	0.0092839	0.0266113
37.4455	67.9354	0.0165752	4.37425
40.1627	68.2649	0.0171228	0.0427378
38.75	70.3973	0.0110063	0.034966
35.8688	65.9587	0.0242449	0.0584321
37.4455	67.9354	0.0165752	4.37425
34.8233	67.7707	0.0158958	0.0514659
33.1516	65.9587	0.0227461	0.0695773
35.8688	65.9587	0.0242449	0.0584321
34.8233	67.7707	0.0158958	0.0514659
34.1521	62.7968	0.0534167	4.46153
34.9506	60.8826	0.0902165	0.0563638
36.8222	64.0212	0.0412206	0.0528872
38.75	70.3973	0.0110063	0.034966
41.25	70.3973	0.0131836	0.0320389
39.7099	72.3429	0.0092839	0.0266113
38.586	65.9587	0.0264915	0.0497121
40.1627	68.2649	0.0171228	0.0427378
37.4455	67.9354	0.0165752	4.37425
41.3032	65.9587	0.0297442	0.0477716
42.6898	68.2649	0.020906	0.0392926
40.1627	68.2649	0.0171228	0.0427378
41.3032	65.9587	0.0297442	0.0477716
44.0204	65.9587	0.0366304	0.053786
42.6898	68.2649	0.020906	0.0392926
41.25	70.3973	0.0131836	0.0320389
40.1627	68.2649	0.0171228	0.0427378
42.6898	68.2649	0.020906	0.0392926
36.8222	64.0212	0.0412206	0.0528872
34.9506	60.8826	0.0902165	0.0563638
37.7936	60.8826	0.108869	0.0328094
2.71986	58.144	4.8663	0.0430936
4.92487	55.4838	4.93291	0.0223031
5.69054	58.144	4.83335	0.045465
8.66123	58.144	4.81875	0.0424103
8.05963	55.2938	4.92935	0.0216566
10.6893	54.7417	4.93927	0.0207075
6.4478	61.0566	0.122031	0.0865708
8.66123	58.144	4.81875	0.0424103
9.3634	60.8826	0.118712	0.083804
5.69054	58.144	4.83335	0.045465
8.05963	55.2938	4.92935	0.0216566
8.66123	58.144	4.81875	0.0424103
1.8995	55.2938	4.94789	0.0192764
4.92487	55.4838	4.93291	0.0223031
2.71986	58.144	4.8663	0.0430936
1.8995	55.2938	4.94789	0.0192764
1.22131	52.3495	4.97693	0.0110942
4.19365	52.3495	4.97359	0.0117973
41.3032	65.9587	0.0297442	0.0477716
42.43	63.669	0.055918	4.38305
44.0204	65.9587	0.0366304	0.053786
43.4796	60.8826	0.122917	0.0344839
40.6366	60.8826	0.116788	0.0342813
41.4664	58.5091	4.78512	0.0189977
45.2338	63.4929	0.0699286	0.050141
43.4796	60.8826	0.122917	0.0344839
46.3226	60.8826	0.14355	0.025659
42.43	63.669	0.055918	4.38305
40.6366	60.8826	0.116788	0.0342813
43.4796	60.8826	0.122917	0.0344839
41.4664	58.5091	4.78512	0.0189977
38.5596	58.6917	4.76004	0.0211732
38.8603	55.2938	4.88906	0.0110808
46.3226	60.8826	0.14355	0.025659
43.4796	60.8826	0.122917	0.0344839
44.2548	57.954	4.82355	0.0155611
42.43	63.669	0.055918	4.38305
39.6261	63.8451	0.0475344	0.0461131
40.6366	60.8826	0.116788	0.0342813
44.0204	65.9587	0.0366304	0.053786
42.43	63.669	0.055918	4.38305
45.2338	63.4929	0.0699286	0.050141
36.8222	64.0212	0.0412206	0.0528872
38.586	65.9587	0.0264915	0.0497121
35.8688	65.9587	0.0242449	0.0584321
40.6366	60.8826	0.116788	0.0342813
39.6261	63.8451	0.0475344	0.0461131
37.7936	60.8826	0.108869	0.0328094
38.586	65.9587	0.0264915	0.0497121
37.4455	67.9354	0.0165752	4.37425
35.8688	65.9587	0.0242449	0.0584321
41.3032	65.9587	0.0297442	0.0477716
38.586	65.9587	0.0264915	0.0497121
39.6261	63.8451	0.0475344	0.0461131
41.3032	65.9587	0.0297442	0.0477716
40.1627	68.2649	0.0171228	0.0427378
38.586	65.9587	0.0264915	0.0497121
32.2468	68.921	0.0121845	0.0492889
30.4344	65.9587	0.0225392	0.0809642
33.1516	65.9587	0.0227461	0.0695773
21.7285	50.6506	4.9517	0.010439
19.0553	52.3495	4.95728	0.013911
18.9224	49.3292	4.96546	0.00885087
21.7462	47.598	4.9576	0.00744131
21.7285	50.6506	4.9517	0.010439
18.9224	49.3292	4.96546	0.00885087
15.8835	49.3292	4.97281	0.0089267
18.8268	46.2515	4.94214	0.00688101
18.9224	49.3292	4.96546	0.00885087
22.0142	44.8882	4.92998	0.00633043
25	46.2515	4.95596	0.00649303
21.7462	47.598	4.9576	0.00744131
24.7341	50.8393	4.9265	0.00999617
22.4091	54.0056	4.90365	0.0197583
21.7285	50.6506	4.9517	0.010439
26.54	55.2938	0.238199	0.0252272
26.4853	58.144	4.73109	0.0557054
23.0771	56.6239	4.85133	0.0377549
30.9447	52.3495	4.8783	0.0101918
29.6201	55.2938	4.80858	0.0192626
27.9723	52.3495	4.88236	0.0115875
26.4853	58.144	4.73109	0.0557054
26.4215	60.8826	0.103345	4.54361
24.0253	59.6046	4.71003	0.0853882
29.6201	55.2938	4.80858	0.0192626
26.4853	58.144	4.73109	0.0557054
26.54	55.2938	0.238199	0.0252272
29.6201	55.2938	4.80858	0.0192626
32.1533	57.1939	0.175273	0.0293859
29.839	59.2394	0.120194	0.0603577
17.2808	59.0298	4.77598	0.0832136
20.7355	60.8826	0.131168	4.617
17.5295	61.7527	0.096591	4.67301
23.0771	56.6239	4.85133	0.0377549
20.3936	58.6582	4.79444	0.078997
20.0518	56.4338	4.89088	0.0390649
23.0771	56.6239	4.85133	0.0377549
24.0253	59.6046	4.71003	0.0853882
20.3936	58.6582	4.79444	0.078997
39.0601	41.8598	4.9035	0.00543998
37.5191	43.9145	0.23629	0.00566164
37.5	40	4.93275	0.00493177
40.625	40	4.95757	0.00504294
39.0601	41.8598	4.9035	0.00543998
37.5	40	4.93275	0.00493177
40.6201	43.7197	4.91279	0.00562248
37.5191	43.9145	0.23629	0.00566164
39.0601	41.8598	4.9035	0.00543998
40.6201	43.7197	4.91279	0.00562248
40.433	46.2515	4.88517	0.00581282
37.5191	43.9145	0.23629	0.00566164
43.6923	43.1354	4.96516	0.00573445
40.6201	43.7197	4.91279	0.00562248
40.625	40	4.95757	0.00504294
43.6923	43.1354	4.96516	0.00573445
43.5196	46.2515	4.9509	0.00592601
40.6201	43.7197	4.91279	0.00562248
46.8798	40.196	4.98702	0.00566647
43.6923	43.1354	4.96516	0.00573445
43.75	40	4.97792	0.00518132
46.8077	43.1354	4.98052	0.00587065
49.6928	46.2515	4.9783	0.00610588
46.6062	46.2515	4.97233	0.00605353
37.5	40	4.93275	0.00493177
34.399	40.9798	0.726753	0.000784779
34.3221	37.8444	4.95904	0.00473339
40.5769	36.8646	4.98058	0.00485173
37.5	40	4.93275	0.00493177
37.4615	36.8646	4.97206	0.00475554
40.625	40	4.95757	0.00504294
40.6201	43.7197	4.91279	0.00562248
39.0601	41.8598	4.9035	0.00543998
40.1224	48.7521	4.88415	0.00614209
37.0597	48.5598	0.222028	0.00637909
37.3464	46.2515	0.207901	0.00592625
34.1165	49.3292	0.226298	0.0067926
36.7564	51.5944	4.85924	0.00750586
34.1289	53.2696	4.8584	0.0103101
31.1732	46.2515	4.87281	0.00613621
34.1165	49.3292	0.226298	0.0067926
31.0776	49.3292	4.87735	0.00731821
28.0866	46.2515	4.94461	0.00631741
31.1732	46.2515	4.87281	0.00613621
31.0776	49.3292	4.87735	0.00731821
34.3294	43.6157	0.235263	0.00564509
34.399	40.9798	0.726753	0.000784779
37.5191	43.9145	0.23629	0.00566164
31.1732	46.2515	4.87281	0.00613621
31.226	43.7137	0.72643	0.000838132
34.2598	46.2515	0.205783	0.00602138
31.2788	41.1758	0.731679	0.000788636
34.399	40.9798	0.726753	0.000784779
34.3294	43.6157	0.235263	0.00564509
37.0597	48.5598	0.222028	0.00637909
36.7564	51.5944	4.85924	0.00750586
34.1165	49.3292	0.226298	0.0067926
37.3464	46.2515	0.207901	0.00592625
37.0597	48.5598	0.222028	0.00637909
34.2598	46.2515	0.205783	0.00602138
40.433	46.2515	4.88517	0.00581282
37.3464	46.2515	0.207901	0.00592625
37.5191	43.9145	0.23629	0.00566164
40.433	46.2515	4.88517	0.00581282
40.1224	48.7521	4.88415	0.00614209
37.3464	46.2515	0.207901	0.00592625
40.1224	48.7521	4.88415	0.00614209
36.7564	51.5944	4.85924	0.00750586
37.0597	48.5598	0.222028	0.00637909
46.2717	49.3292	4.96181	0.00634656
45.8487	52.5335	4.94622	0.00729334
43.2329	49.3292	4.94199	0.00630612
34.1165	49.3292	0.226298	0.0067926
34.1289	53.2696	4.8584	0.0103101
30.9447	52.3495	4.8783	0.0101918
7.464	63.4929	0.0597495	4.60257
8.78345	65.7825	0.0313714	4.62288
5.97957	65.9587	0.0373989	4.65311
6.4478	61.0566	0.122031	0.0865708
7.464	63.4929	0.0597495	4.60257
4.76616	63.4929	0.0719361	0.121345
6.4478	61.0566	0.122031	0.0865708
9.3634	60.8826	0.118712	0.083804
7.464	63.4929	0.0597495	4.60257
12.3979	60.3349	0.135604	4.49427
10.1618	63.4929	0.0531991	0.118411
9.3634	60.8826	0.118712	0.083804
12.8597	63.4929	0.0529865	0.11758
15.0494	60.8826	0.119887	0.111183
15.5575	63.4929	0.0579802	4.63883
12.3644	68.2649	0.0155218	0.0766873
13.513	70.6966	0.00963613	0.0405368
11.25	70.3973	0.0109382	0.0475232
16.8484	65.9587	0.0268352	4.64538
14.8915	68.2649	0.0149613	0.0783645
13.846	66.4528	0.0232333	0.107122
17.4187	68.2649	0.0154536	0.0942817
16.25	70.3973	0.00992972	0.0472729
14.8915	68.2649	0.0149613	0.0783645
19.999	65.078	0.0372899	4.69971
19.0904	66.7823	0.0224612	0.141992
16.8484	65.9587	0.0268352	4.64538
19.193	69.7412	0.0112195	0.0781833
20.0967	72.3429	0.00727921	0.0420231
17.645	72.3429	0.00733114	0.0327571
9.83732	68.2649	0.0170007	0.090658
8.78345	65.7825	0.0313714	4.62288
11.414	65.9587	0.0275295	4.56835
6.48041	46.2515	4.9884	0.0069364
3.72828	49.3292	4.98639	0.0082954
3.39381	46.2515	4.99054	0.00689247
9.70619	49.8955	4.98052	0.00916269
6.76709	49.3292	4.98474	0.0084514
9.61019	45.6673	4.98442	0.00670905
9.70619	49.8955	4.98052	0.00916269
10.1383	52.3495	4.96861	0.0128277
7.16598	52.3495	4.97066	0.0121871
13.1107	52.3495	4.96714	0.0135663
10.1383	52.3495	4.96861	0.0128277
12.7118	50.0843	4.97705	0.00971366
4.19365	52.3495	4.97359	0.0117973
3.72828	49.3292	4.98639	0.0082954
6.76709	49.3292	4.98474	0.0084514
1.8995	55.2938	4.94789	0.0192764
4.19365	52.3495	4.97359	0.0117973
4.92487	55.4838	4.93291	0.0223031
1.22131	52.3495	4.97693	0.0110942
3.72828	49.3292	4.98639	0.0082954
4.19365	52.3495	4.97359	0.0117973
22.2828	65.9587	0.0266571	4.67558
23.0704	62.1007	0.0863793	0.141554
25.6067	64.7258	0.0351252	4.61634
21.8037	69.5771	0.0112727	4.52457
22.2828	65.9587	0.0266571	4.67558
24.3347	67.1118	0.0192978	0.118362
19.999	65.078	0.0372899	4.69971
20.363	63.0044	0.0699961	4.69683
22.2828	65.9587	0.0266571	4.67558
21.8037	69.5771	0.0112727	4.52457
19.193	69.7412	0.0112195	0.0781833
19.0904	66.7823	0.0224612	0.141992
16.8484	65.9587	0.0268352	4.64538
17.5295	61.7527	0.096591	4.67301
19.999	65.078	0.0372899	4.69971
22.2828	65.9587	0.0266571	4.67558
20.363	63.0044	0.0699961	4.69683
23.0704	62.1007	0.0863793	0.141554
16.25	70.3973	0.00992972	0.0472729
15.1934	72.3429	0.00752303	0.02933
13.513	70.6966	0.00963613	0.0405368
7.464	63.4929	0.0597495	4.60257
10.1618	63.4929	0.0531991	0.118411
8.78345	65.7825	0.0313714	4.62288
20.0518	56.4338	4.89088	0.0390649
19.0553	52.3495	4.95728	0.013911
22.4091	54.0056	4.90365	0.0197583
20.3936	58.6582	4.79444	0.078997
17.2808	59.0298	4.77598	0.0832136
20.0518	56.4338	4.89088	0.0390649
15.0494	60.8826	0.119887	0.111183
12.8597	63.4929	0.0529865	0.11758
12.3979	60.3349	0.135604	4.49427
9.3634	60.8826	0.118712	0.083804
8.66123	58.144	4.81875	0.0424103
11.6319	58.144	4.81196	0.0530649
9.70619	49.8955	4.98052	0.00916269
7.16598	52.3495	4.97066	0.0121871
6.76709	49.3292	4.98474	0.0084514
13.1107	52.3495	4.96714	0.0135663
16.083	52.3495	4.96417	0.0140147
14.2198	55.2938	4.92622	0.0267926
23.0771	56.6239	4.85133	0.0377549
22.4091	54.0056	4.90365	0.0197583
26.54	55.2938	0.238199	0.0252272
20.7355	60.8826	0.131168	4.617
20.3936	58.6582	4.79444	0.078997
24.0253	59.6046	4.71003	0.0853882
20.0518	56.4338	4.89088	0.0390649
22.4091	54.0056	4.90365	0.0197583
23.0771	56.6239	4.85133	0.0377549
20.7355	60.8826	0.131168	4.617
17.2808	59.0298	4.77598	0.0832136
20.3936	58.6582	4.79444	0.078997
17.0264	56.2438	4.90388	0.0363723
19.0553	52.3495	4.95728	0.013911
20.0518	56.4338	4.89088	0.0390649
6.30769	36.8646	4.98776	0.00500322
6.24038	39.6081	4.98759	0.00529517
3.19231	36.8646	4.9917	0.00504688
9.49534	33.1714	4.98366	0.00465845
9.42308	36.8646	4.97554	0.00494791
6.43263	33.3637	4.99008	0.00471866
6.31731	42.7435	4.98848	0.00609613
3.125	40	4.99156	0.00538315
6.24038	39.6081	4.98759	0.00529517
9.4375	42.5475	4.97897	0.00603297
12.5	40	4.93033	0.00523514
12.5577	42.3516	4.95147	0.00595236
6.30769	36.8646	4.98776	0.00500322
9.36058	39.4121	4.9746	0.00522214
6.24038	39.6081	4.98759	0.00529517
9.42308	36.8646	4.97554	0.00494791
12.5385	36.8646	4.93625	0.00488018
9.36058	39.4121	4.9746	0.00522214
15.8122	34.7222	4.90563	0.00457517
12.5385	36.8646	4.93625	0.00488018
12.7112	34.5275	4.95883	0.00467631
9.4375	42.5475	4.97897	0.00603297
12.5577	42.3516	4.95147	0.00595236
9.61019	45.6673	4.98442	0.00670905
6.24038	39.6081	4.98759	0.00529517
9.4375	42.5475	4.97897	0.00603297
6.31731	42.7435	4.98848	0.00609613
9.36058	39.4121	4.9746	0.00522214
12.5	40	4.93033	0.00523514
9.4375	42.5475	4.97897	0.00603297
15.601	39.0202	0.244858	0.00511226
12.5	40	4.93033	0.00523514
12.5385	36.8646	4.93625	0.00488018
15.601	39.0202	0.244858	0.00511226
15.6779	42.1556	4.87946	0.00588312
12.5	40	4.93033	0.00523514
6.48041	46.2515	4.9884	0.0069364
6.76709	49.3292	4.98474	0.0084514
3.72828	49.3292	4.98639	0.0082954
6.31731	42.7435	4.98848	0.00609613
6.48041	46.2515	4.9884	0.0069364
3.39381	46.2515	4.99054	0.00689247
9.61019	45.6673	4.98442	0.00670905
6.76709	49.3292	4.98474	0.0084514
6.48041	46.2515	4.9884	0.0069364
12.7118	50.0843	4.97705	0.00971366
9.70619	49.8955	4.98052	0.00916269
11.1799	48.0735	4.97991	0.00800291
3.19711	42.9395	4.99144	0.00616457
0.076922	43.1354	4.99204	0.00620255
-3.10282e-28	40	4.99245	0.00575257
6.31731	42.7435	4.98848	0.00609613
3.19711	42.9395	4.99144	0.00616457
3.125	40	4.99156	0.00538315
3.39381	46.2515	4.99054	0.00689247
0.307214	46.2515	4.99118	0.00683718
3.19711	42.9395	4.99144	0.00616457
45.0204	55.2938	4.91318	0.00969467
41.9404	55.2938	4.90184	0.0103777
42.834	52.3495	4.93533	0.00738657
48.1005	55.2938	4.92532	0.00888313
45.0204	55.2938	4.91318	0.00969467
45.8487	52.5335	4.94622	0.00729334
44.2548	57.954	4.82355	0.0155611
41.9404	55.2938	4.90184	0.0103777
45.0204	55.2938	4.91318	0.00969467
46.3226	60.8826	0.14355	0.025659
44.2548	57.954	4.82355	0.0155611
47.2801	58.144	4.84677	0.0136193
41.4664	58.5091	4.78512	0.0189977
38.8603	55.2938	4.88906	0.0110808
41.9404	55.2938	4.90184	0.0103777
27.9723	52.3495	4.88236	0.0115875
28.0388	49.3292	4.93016	0.007768
30.9447	52.3495	4.8783	0.0101918
19.0553	52.3495	4.95728	0.013911
21.7285	50.6506	4.9517	0.010439
22.4091	54.0056	4.90365	0.0197583
25	46.2515	4.95596	0.00649303
28.0388	49.3292	4.93016	0.007768
24.7341	50.8393	4.9265	0.00999617
21.7285	50.6506	4.9517	0.010439
21.7462	47.598	4.9576	0.00744131
24.7341	50.8393	4.9265	0.00999617
15.6779	42.1556	4.87946	0.00588312
17.2523	44.2036	4.90164	0.00632794
14.1489	44.3016	4.94877	0.0063927
22.0142	44.8882	4.92998	0.00633043
18.8268	46.2515	4.94214	0.00688101
18.7981	41.9596	0.238767	0.00584295
15.8835	49.3292	4.97281	0.0089267
12.6536	46.2515	4.97294	0.00694222
15.7402	46.2515	4.95568	0.00704555
17.0264	56.2438	4.90388	0.0363723
16.083	52.3495	4.96417	0.0140147
19.0553	52.3495	4.95728	0.013911
4.19365	52.3495	4.97359	0.0117973
7.16598	52.3495	4.97066	0.0121871
4.92487	55.4838	4.93291	0.0223031
21.9183	41.7637	4.86506	0.00561543
25	43.1354	4.94191	0.00575546
22.0142	44.8882	4.92998	0.00633043
28.125	40	4.94286	0.00486007
25	40	4.90574	0.00486635
28.1154	36.8646	4.9295	0.00450826
25	30.6708	4.93563	0.00419028
25.1151	35.3065	0.270198	0.00437083
21.9134	33.7485	0.269011	0.0043091
31.3171	35.696	4.96943	0.00453745
28.0866	33.7485	4.93765	0.00432602
30.9343	31.8249	4.98012	0.00440488
28.1154	36.8646	4.9295	0.00450826
25.1151	35.3065	0.270198	0.00437083
28.0866	33.7485	4.93765	0.00432602
33.7508	28.5944	4.9913	0.00442891
37.1553	30.6708	4.99038	0.00451603
33.997	31.6326	4.98711	0.00448701
21.8846	36.8646	4.81985	0.00450336
21.9014	39.3141	0.249745	0.00492989
18.7212	38.8242	0.211505	0.00497343
28.1154	36.8646	4.9295	0.00450826
25	40	4.90574	0.00486635
25.1151	35.3065	0.270198	0.00437083
28.125	40	4.94286	0.00486007
28.1154	43.1354	4.94697	0.00565852
25	40	4.90574	0.00486635
3.72828	49.3292	4.98639	0.0082954
1.22131	52.3495	4.97693	0.0110942
0.68946	49.3292	4.98753	0.00807781
0.307214	46.2515	4.99118	0.00683718
3.39381	46.2515	4.99054	0.00689247
0.68946	49.3292	4.98753	0.00807781
11.1799	48.0735	4.97991	0.00800291
12.6536	46.2515	4.97294	0.00694222
12.7118	50.0843	4.97705	0.00971366
9.61019	45.6673	4.98442	0.00670905
11.1799	48.0735	4.97991	0.00800291
9.70619	49.8955	4.98052	0.00916269
9.61019	45.6673	4.98442	0.00670905
12.6536	46.2515	4.97294	0.00694222
11.1799	48.0735	4.97991	0.00800291
31.3817	62.6228	0.0468926	4.53087
34.1521	62.7968	0.0534167	4.46153
33.1516	65.9587	0.0227461	0.0695773
26.9568	67.2765	0.0179204	0.0865116
28.4106	64.5496	0.0333036	0.0992694
30.4344	65.9587	0.0225392	0.0809642
29.839	59.2394	0.120194	0.0603577
33.5519	59.0383	0.130803	0.042468
31.3817	62.6228	0.0468926	4.53087
28.6113	62.4488	0.0562723	0.103802
29.839	59.2394	0.120194	0.0603577
31.3817	62.6228	0.0468926	4.53087
20.7355	60.8826	0.131168	4.617
24.0253	59.6046	4.71003	0.0853882
23.0704	62.1007	0.0863793	0.141554
25.6371	53.0665	0.284333	0.0154859
24.7341	50.8393	4.9265	0.00999617
27.9723	52.3495	4.88236	0.0115875
22.4091	54.0056	4.90365	0.0197583
25.6371	53.0665	0.284333	0.0154859
26.54	55.2938	0.238199	0.0252272
22.4091	54.0056	4.90365	0.0197583
24.7341	50.8393	4.9265	0.00999617
25.6371	53.0665	0.284333	0.0154859
29.6201	55.2938	4.80858	0.0192626
31.8745	54.2817	4.83694	0.0143959
32.1533	57.1939	0.175273	0.0293859
34.2598	46.2515	0.205783	0.00602138
34.3294	43.6157	0.235263	0.00564509
37.3464	46.2515	0.207901	0.00592625
31.1732	46.2515	4.87281	0.00613621
34.2598	46.2515	0.205783	0.00602138
34.1165	49.3292	0.226298	0.0067926
34.2598	46.2515	0.205783	0.00602138
31.226	43.7137	0.72643	0.000838132
34.3294	43.6157	0.235263	0.00564509
35.6527	58.8743	4.68848	0.0310367
38.5596	58.6917	4.76004	0.0211732
37.7936	60.8826	0.108869	0.0328094
33.5519	59.0383	0.130803	0.042468
35.6527	58.8743	4.68848	0.0310367
34.9506	60.8826	0.0902165	0.0563638
35.7802	55.2938	4.85477	0.0127674
38.5596	58.6917	4.76004	0.0211732
35.6527	58.8743	4.68848	0.0310367
42.43	63.669	0.055918	4.38305
43.4796	60.8826	0.122917	0.0344839
45.2338	63.4929	0.0699286	0.050141
6.48041	46.2515	4.9884	0.0069364
6.31731	42.7435	4.98848	0.00609613
9.61019	45.6673	4.98442	0.00670905
0.68946	49.3292	4.98753	0.00807781
3.39381	46.2515	4.99054	0.00689247
3.72828	49.3292	4.98639	0.0082954
0.307214	46.2515	4.99118	0.00683718
0.076922	43.1354	4.99204	0.00620255
3.19711	42.9395	4.99144	0.00616457
6.4478	61.0566	0.122031	0.0865708
4.76616	63.4929	0.0719361	0.121345
3.67737	60.8826	0.152924	4.47533
5.69054	58.144	4.83335	0.045465
6.4478	61.0566	0.122031	0.0865708
3.67737	60.8826	0.152924	4.47533
9.3634	60.8826	0.118712	0.083804
10.1618	63.4929	0.0531991	0.118411
7.464	63.4929	0.0597495	4.60257
14.6026	58.144	4.81626	0.0585799
15.0494	60.8826	0.119887	0.111183
12.3979	60.3349	0.135604	4.49427
14.2198	55.2938	4.92622	0.0267926
14.6026	58.144	4.81626	0.0585799
11.6319	58.144	4.81196	0.0530649
14.2198	55.2938	4.92622	0.0267926
17.0264	56.2438	4.90388	0.0363723
14.6026	58.144	4.81626	0.0585799
7.464	63.4929	0.0597495	4.60257
5.97957	65.9587	0.0373989	4.65311
4.76616	63.4929	0.0719361	0.121345
11.414	65.9587	0.0275295	4.56835
13.846	66.4528	0.0232333	0.107122
12.3644	68.2649	0.0155218	0.0766873
10.1618	63.4929	0.0531991	0.118411
11.414	65.9587	0.0275295	4.56835
8.78345	65.7825	0.0313714	4.62288
12.8597	63.4929	0.0529865	0.11758
15.5575	63.4929	0.0579802	4.63883
13.846	66.4528	0.0232333	0.107122
10.1618	63.4929	0.0531991	0.118411
12.8597	63.4929	0.0529865	0.11758
11.414	65.9587	0.0275295	4.56835
10.1618	63.4929	0.0531991	0.118411
12.3979	60.3349	0.135604	4.49427
12.8597	63.4929	0.0529865	0.11758
9.83732	68.2649	0.0170007	0.090658
7.31021	68.2649	0.0206923	0.113108
8.78345	65.7825	0.0313714	4.62288
31.8745	54.2817	4.83694	0.0143959
30.9447	52.3495	4.8783	0.0101918
34.1289	53.2696	4.8584	0.0103101
35.7802	55.2938	4.85477	0.0127674
31.8745	54.2817	4.83694	0.0143959
34.1289	53.2696	4.8584	0.0103101
29.6201	55.2938	4.80858	0.0192626
30.9447	52.3495	4.8783	0.0101918
31.8745	54.2817	4.83694	0.0143959
29.839	59.2394	0.120194	0.0603577
26.4853	58.144	4.73109	0.0557054
29.6201	55.2938	4.80858	0.0192626
33.5519	59.0383	0.130803	0.042468
29.839	59.2394	0.120194	0.0603577
32.1533	57.1939	0.175273	0.0293859
35.7802	55.2938	4.85477	0.0127674
33.5519	59.0383	0.130803	0.042468
32.1533	57.1939	0.175273	0.0293859
34.9506	60.8826	0.0902165	0.0563638
31.3817	62.6228	0.0468926	4.53087
33.5519	59.0383	0.130803	0.042468
28.6113	62.4488	0.0562723	0.103802
26.4215	60.8826	0.103345	4.54361
29.839	59.2394	0.120194	0.0603577
26.54	55.2938	0.238199	0.0252272
27.9723	52.3495	4.88236	0.0115875
29.6201	55.2938	4.80858	0.0192626
25.6371	53.0665	0.284333	0.0154859
27.9723	52.3495	4.88236	0.0115875
26.54	55.2938	0.238199	0.0252272
24.7341	50.8393	4.9265	0.00999617
28.0388	49.3292	4.93016	0.007768
27.9723	52.3495	4.88236	0.0115875
22.5483	72.3429	0.00727168	0.0428598
23.75	70.3973	0.0097616	0.0635665
25	72.3429	0.00721293	0.0332288
23.0327	74.7883	0.00574895	0.0205627
22.5483	72.3429	0.00727168	0.0428598
25	72.3429	0.00721293	0.0332288
21.4331	74.0896	0.00606391	0.0254871
19.0551	74.0896	0.00611725	0.0242157
20.0967	72.3429	0.00727921	0.0420231
19.0904	66.7823	0.0224612	0.141992
22.2828	65.9587	0.0266571	4.67558
21.8037	69.5771	0.0112727	4.52457
24.3347	67.1118	0.0192978	0.118362
23.75	70.3973	0.0097616	0.0635665
21.8037	69.5771	0.0112727	4.52457
27.0253	69.2491	0.0118328	0.0599359
30.0542	68.2649	0.0143464	4.42253
28.75	70.3973	0.00972115	0.0443957
25.6067	64.7258	0.0351252	4.61634
28.4106	64.5496	0.0333036	0.0992694
26.9568	67.2765	0.0179204	0.0865116
22.2828	65.9587	0.0266571	4.67558
25.6067	64.7258	0.0351252	4.61634
24.3347	67.1118	0.0192978	0.118362
23.0704	62.1007	0.0863793	0.141554
26.4215	60.8826	0.103345	4.54361
25.6067	64.7258	0.0351252	4.61634
30.4344	65.9587	0.0225392	0.0809642
30.0542	68.2649	0.0143464	4.42253
26.9568	67.2765	0.0179204	0.0865116
28.6113	62.4488	0.0562723	0.103802
31.3817	62.6228	0.0468926	4.53087
28.4106	64.5496	0.0333036	0.0992694
25.6067	64.7258	0.0351252	4.61634
28.6113	62.4488	0.0562723	0.103802
28.4106	64.5496	0.0333036	0.0992694
26.4215	60.8826	0.103345	4.54361
26.4853	58.144	4.73109	0.0557054
29.839	59.2394	0.120194	0.0603577
25.6067	64.7258	0.0351252	4.61634
26.4215	60.8826	0.103345	4.54361
28.6113	62.4488	0.0562723	0.103802
24.0253	59.6046	4.71003	0.0853882
23.0771	56.6239	4.85133	0.0377549
26.4853	58.144	4.73109	0.0557054
33.1516	65.9587	0.0227461	0.0695773
34.8233	67.7707	0.0158958	0.0514659
32.2468	68.921	0.0121845	0.0492889
31.3817	62.6228	0.0468926	4.53087
33.1516	65.9587	0.0227461	0.0695773
30.4344	65.9587	0.0225392	0.0809642
34.1521	62.7968	0.0534167	4.46153
35.8688	65.9587	0.0242449	0.0584321
33.1516	65.9587	0.0227461	0.0695773
32.355	72.3429	0.00732041	0.0225655
33.75	70.3973	0.0096264	0.0312564
34.8066	72.3429	0.00750567	0.0216928
29.3832	76.0659	0.00540451	0.0123434
28.5669	74.0896	0.00612233	0.017883
30.9297	73.8705	0.00625446	0.017309
31.0572	70.658	0.00917451	0.037129
33.75	70.3973	0.0096264	0.0312564
32.355	72.3429	0.00732041	0.0225655
29.9033	72.3429	0.00731815	0.0253737
31.0572	70.658	0.00917451	0.037129
32.355	72.3429	0.00732041	0.0225655
28.4106	64.5496	0.0333036	0.0992694
31.3817	62.6228	0.0468926	4.53087
30.4344	65.9587	0.0225392	0.0809642
24.3347	67.1118	0.0192978	0.118362
25.6067	64.7258	0.0351252	4.61634
26.9568	67.2765	0.0179204	0.0865116
23.0704	62.1007	0.0863793	0.141554
24.0253	59.6046	4.71003	0.0853882
26.4215	60.8826	0.103345	4.54361
30.4344	65.9587	0.0225392	0.0809642
32.2468	68.921	0.0121845	0.0492889
30.0542	68.2649	0.0143464	4.42253
34.8233	67.7707	0.0158958	0.0514659
33.75	70.3973	0.0096264	0.0312564
32.2468	68.921	0.0121845	0.0492889
43.2329	49.3292	4.94199	0.00630612
40.1224	48.7521	4.88415	0.00614209
40.433	46.2515	4.88517	0.00581282
48.7787	52.3495	4.95402	0.00700902
45.8487	52.5335	4.94622	0.00729334
46.2717	49.3292	4.96181	0.00634656
42.834	52.3495	4.93533	0.00738657
40.1224	48.7521	4.88415	0.00614209
43.2329	49.3292	4.94199	0.00630612
47.2801	58.144	4.84677	0.0136193
44.2548	57.954	4.82355	0.0155611
45.0204	55.2938	4.91318	0.00969467
38.8603	55.2938	4.88906	0.0110808
35.7802	55.2938	4.85477	0.0127674
36.7564	51.5944	4.85924	0.00750586
41.9404	55.2938	4.90184	0.0103777
38.8603	55.2938	4.88906	0.0110808
39.8617	52.3495	4.90968	0.00767085
45.8487	52.5335	4.94622	0.00729334
45.0204	55.2938	4.91318	0.00969467
42.834	52.3495	4.93533	0.00738657
41.4664	58.5091	4.78512	0.0189977
40.6366	60.8826	0.116788	0.0342813
38.5596	58.6917	4.76004	0.0211732
44.2548	57.954	4.82355	0.0155611
41.4664	58.5091	4.78512	0.0189977
41.9404	55.2938	4.90184	0.0103777
44.2548	57.954	4.82355	0.0155611
43.4796	60.8826	0.122917	0.0344839
41.4664	58.5091	4.78512	0.0189977
38.5596	58.6917	4.76004	0.0211732
35.7802	55.2938	4.85477	0.0127674
38.8603	55.2938	4.88906	0.0110808
6.31731	42.7435	4.98848	0.00609613
3.39381	46.2515	4.99054	0.00689247
3.19711	42.9395	4.99144	0.00616457
45.8487	52.5335	4.94622	0.00729334
42.834	52.3495	4.93533	0.00738657
43.2329	49.3292	4.94199	0.00630612
48.1005	55.2938	4.92532	0.00888313
45.8487	52.5335	4.94622	0.00729334
48.7787	52.3495	4.95402	0.00700902
48.1005	55.2938	4.92532	0.00888313
47.2801	58.144	4.84677	0.0136193
45.0204	55.2938	4.91318	0.00969467
37.7936	60.8826	0.108869	0.0328094
38.5596	58.6917	4.76004	0.0211732
40.6366	60.8826	0.116788	0.0342813
41.3032	65.9587	0.0297442	0.0477716
39.6261	63.8451	0.0475344	0.0461131
42.43	63.669	0.055918	4.38305
34.9506	60.8826	0.0902165	0.0563638
35.6527	58.8743	4.68848	0.0310367
37.7936	60.8826	0.108869	0.0328094
31.3817	62.6228	0.0468926	4.53087
34.9506	60.8826	0.0902165	0.0563638
34.1521	62.7968	0.0534167	4.46153
33.5519	59.0383	0.130803	0.042468
35.7802	55.2938	4.85477	0.0127674
35.6527	58.8743	4.68848	0.0310367
31.8745	54.2817	4.83694	0.0143959
35.7802	55.2938	4.85477	0.0127674
32.1533	57.1939	0.175273	0.0293859
34.1165	49.3292	0.226298	0.0067926
34.2598	46.2515	0.205783	0.00602138
37.0597	48.5598	0.222028	0.00637909
28.0388	49.3292	4.93016	0.007768
31.0776	49.3292	4.87735	0.00731821
30.9447	52.3495	4.8783	0.0101918
28.0388	49.3292	4.93016	0.007768
25	46.2515	4.95596	0.00649303
28.0866	46.2515	4.94461	0.00631741
36.7564	51.5944	4.85924	0.00750586
35.7802	55.2938	4.85477	0.0127674
34.1289	53.2696	4.8584	0.0103101
30.9447	52.3495	4.8783	0.0101918
31.0776	49.3292	4.87735	0.00731821
34.1165	49.3292	0.226298	0.0067926
40.1224	48.7521	4.88415	0.00614209
42.834	52.3495	4.93533	0.00738657
39.8617	52.3495	4.90968	0.00767085
39.8617	52.3495	4.90968	0.00767085
42.834	52.3495	4.93533	0.00738657
41.9404	55.2938	4.90184	0.0103777
36.7564	51.5944	4.85924	0.00750586
39.8617	52.3495	4.90968	0.00767085
38.8603	55.2938	4.88906	0.0110808
36.7564	51.5944	4.85924	0.00750586
40.1224	48.7521	4.88415	0.00614209
39.8617	52.3495	4.90968	0.00767085
18.9224	49.3292	4.96546	0.00885087
19.0553	52.3495	4.95728	0.013911
16.083	52.3495	4.96417	0.0140147
15.7402	46.2515	4.95568	0.00704555
18.8268	46.2515	4.94214	0.00688101
15.8835	49.3292	4.97281	0.0089267
21.7462	47.598	4.9576	0.00744131
25	46.2515	4.95596	0.00649303
24.7341	50.8393	4.9265	0.00999617
22.0108	14.5924	0.714391	0.00322307
19.9458	11.7351	0.431566	0.00340445
23.0432	12.7235	0.520703	0.00320229
17.645	7.6571	0.0834109	0.00424824
18.75	9.60269	0.11755	0.00389739
16.5822	10.0948	4.70129	0.0041253
14.9215	7.36598	0.0863817	0.00440541
17.645	7.6571	0.0834109	0.00424824
16.5822	10.0948	4.70129	0.0041253
16.6772	5.91038	0.0561735	0.00439023
19.0551	5.91038	0.049059	0.00430468
17.645	7.6571	0.0834109	0.00424824
20.0967	7.6571	0.0670436	0.00403947
21.25	9.60269	0.0931415	0.00357722
18.75	9.60269	0.11755	0.00389739
17.645	7.6571	0.0834109	0.00424824
19.0551	5.91038	0.049059	0.00430468
20.0967	7.6571	0.0670436	0.00403947
24.1844	6.78374	0.0569651	0.00417613
26.189	5.91038	0.0488709	0.00433591
25.4207	8.55507	0.0962191	0.00403735
28.5669	5.91038	0.0509649	0.00440612
31.8199	4.37335	0.0365527	0.00442792
31.1316	6.34706	0.0580496	0.00441902
26.9661	0.123895	0.0188031	0.00443567
28.4094	2.238	0.0234058	0.00443125
26.0648	3.0556	0.0256826	0.00442384
28.9198	0.494728	0.0212699	0.00443275
30.8485	1.10996	0.0235607	0.00443135
28.4094	2.238	0.0234058	0.00443125
31.25	9.60269	0.145548	0.00439796
33.75	9.60269	0.137187	0.00441131
32.5813	11.7351	4.81047	0.00432973
30.9096	13.2177	4.8882	0.00429642
29.636	10.915	4.77458	0.00426762
32.5813	11.7351	4.81047	0.00432973
32.355	7.6571	0.080728	0.00441801
33.4473	6.2015	0.0554925	0.00442195
34.9468	7.95642	0.0887073	0.00441636
29.9033	7.6571	0.0849892	0.00439648
32.355	7.6571	0.080728	0.00441801
31.25	9.60269	0.145548	0.00439796
31.1316	6.34706	0.0580496	0.00441902
31.8199	4.37335	0.0365527	0.00442792
33.4473	6.2015	0.0554925	0.00442195
29.9033	7.6571	0.0849892	0.00439648
31.1316	6.34706	0.0580496	0.00441902
32.355	7.6571	0.080728	0.00441801
29.9033	7.6571	0.0849892	0.00439648
28.5669	5.91038	0.0509649	0.00440612
31.1316	6.34706	0.0580496	0.00441902
28.5669	5.91038	0.0509649	0.00440612
29.9033	7.6571	0.0849892	0.00439648
27.8022	8.40541	0.10689	0.00428101
25	4.37335	0.0333105	0.00438595
27.2733	4.37335	0.0345199	0.00441292
26.189	5.91038	0.0488709	0.00433591
27.2733	4.37335	0.0345199	0.00441292
30.3241	3.0556	0.027372	0.00443125
28.5669	5.91038	0.0509649	0.00440612
31.1316	6.34706	0.0580496	0.00441902
33.4473	6.2015	0.0554925	0.00442195
32.355	7.6571	0.080728	0.00441801
27.2733	4.37335	0.0345199	0.00441292
28.4094	2.238	0.0234058	0.00443125
30.3241	3.0556	0.027372	0.00443125
26.189	5.91038	0.0488709	0.00433591
27.2733	4.37335	0.0345199	0.00441292
28.5669	5.91038	0.0509649	0.00440612
26.0648	3.0556	0.0256826	0.00442384
28.4094	2.238	0.0234058	0.00443125
27.2733	4.37335	0.0345199	0.00441292
29.636	10.915	4.77458	0.00426762
29.9033	7.6571	0.0849892	0.00439648
31.25	9.60269	0.145548	0.00439796
25.4207	8.55507	0.0962191	0.00403735
27.8022	8.40541	0.10689	0.00428101
27.0253	10.7509	4.74379	0.00399341
25.4207	8.55507	0.0962191	0.00403735
26.189	5.91038	0.0488709	0.00433591
27.8022	8.40541	0.10689	0.00428101
26.3489	16.5071	4.92063	0.00392768
24.3933	15.2742	1.10346	0.00350154
25.6653	12.8882	4.80574	0.00363696
30.3241	3.0556	0.027372	0.00443125
31.8199	4.37335	0.0365527	0.00442792
28.5669	5.91038	0.0509649	0.00440612
30.8485	1.10996	0.0235607	0.00443135
30.3241	3.0556	0.027372	0.00443125
28.4094	2.238	0.0234058	0.00443125
30.8485	1.10996	0.0235607	0.00443135
32.7403	1.96546	0.0279909	0.00442829
30.3241	3.0556	0.027372	0.00443125
30.3241	3.0556	0.027372	0.00443125
32.7403	1.96546	0.0279909	0.00442829
31.8199	4.37335	0.0365527	0.00442792
23.9352	3.0556	0.0255812	0.00441566
25	4.37335	0.0333105	0.00438595
22.7267	4.37335	0.0325349	0.00436544
26.9661	0.123895	0.0188031	0.00443567
26.0648	3.0556	0.0256826	0.00442384
25.0248	1.47661	0.0207316	0.00443248
26.9661	0.123895	0.0188031	0.00443567
28.9198	0.494728	0.0212699	0.00443275
28.4094	2.238	0.0234058	0.00443125
25.0248	1.47661	0.0207316	0.00443248
25	-8.70219e-28	0.019429	0.0044346
26.9661	0.123895	0.0188031	0.00443567
23.9352	3.0556	0.0255812	0.00441566
25.0248	1.47661	0.0207316	0.00443248
26.0648	3.0556	0.0256826	0.00442384
23.9352	3.0556	0.0255812	0.00441566
23.0835	1.59882	0.0212875	0.00443099
25.0248	1.47661	0.0207316	0.00443248
32.7403	1.96546	0.0279909	0.00442829
34.5833	3.0556	0.0347231	0.00442482
31.8199	4.37335	0.0365527	0.00442792
25	4.37335	0.0333105	0.00438595
26.0648	3.0556	0.0256826	0.00442384
27.2733	4.37335	0.0345199	0.00441292
24.1844	6.78374	0.0569651	0.00417613
25	4.37335	0.0333105	0.00438595
26.189	5.91038	0.0488709	0.00433591
23.9352	3.0556	0.0255812	0.00441566
26.0648	3.0556	0.0256826	0.00442384
25	4.37335	0.0333105	0.00438595
21.913	2.6468	0.0244501	0.00442089
23.9352	3.0556	0.0255812	0.00441566
22.7267	4.37335	0.0325349	0.00436544
23.0835	1.59882	0.0212875	0.00443099
23.0339	0.123895	0.0196764	0.00443492
25.0248	1.47661	0.0207316	0.00443248
21.913	2.6468	0.0244501	0.00442089
23.0835	1.59882	0.0212875	0.00443099
23.9352	3.0556	0.0255812	0.00441566
21.4331	5.91038	0.0446407	0.00423339
20.4534	4.37335	0.0338782	0.00437058
22.7267	4.37335	0.0325349	0.00436544
19.7476	2.78306	0.0271197	0.00442055
21.0802	0.494728	0.0209065	0.00443582
21.913	2.6468	0.0244501	0.00442089
23.0339	0.123895	0.0196764	0.00443492
25	-8.70219e-28	0.019429	0.0044346
25.0248	1.47661	0.0207316	0.00443248
33.4473	6.2015	0.0554925	0.00442195
34.5833	3.0556	0.0347231	0.00442482
35.7008	5.91038	0.058555	0.00441963
36.3664	4.37335	0.05139	0.00442072
35.7008	5.91038	0.058555	0.00441963
34.5833	3.0556	0.0347231	0.00442482
23.5785	19.1174	4.94287	0.00397937
26.3489	16.5071	4.92063	0.00392768
26.4215	19.1174	4.96666	0.00417192
23.0771	23.3761	4.98802	0.00430607
25.3391	26.1784	4.98538	0.00430272
22.0277	27.6505	4.97661	0.00425795
29.636	10.915	4.77458	0.00426762
27.8022	8.40541	0.10689	0.00428101
29.9033	7.6571	0.0849892	0.00439648
29.636	10.915	4.77458	0.00426762
27.0253	10.7509	4.74379	0.00399341
27.8022	8.40541	0.10689	0.00428101
32.5813	11.7351	4.81047	0.00432973
29.636	10.915	4.77458	0.00426762
31.25	9.60269	0.145548	0.00439796
28.2875	13.053	4.87636	0.00411185
27.0253	10.7509	4.74379	0.00399341
29.636	10.915	4.77458	0.00426762
23.0432	12.7235	0.520703	0.00320229
25.6653	12.8882	4.80574	0.00363696
24.3933	15.2742	1.10346	0.00350154
24.4145	10.5869	0.368812	0.00359389
25.4207	8.55507	0.0962191	0.00403735
27.0253	10.7509	4.74379	0.00399341
23.0432	12.7235	0.520703	0.00320229
24.4145	10.5869	0.368812	0.00359389
25.6653	12.8882	4.80574	0.00363696
23.0432	12.7235	0.520703	0.00320229
21.25	9.60269	0.0931415	0.00357722
24.4145	10.5869	0.368812	0.00359389
24.1844	6.78374	0.0569651	0.00417613
22.5483	7.6571	0.0637087	0.00396895
21.4331	5.91038	0.0446407	0.00423339
25	4.37335	0.0333105	0.00438595
24.1844	6.78374	0.0569651	0.00417613
22.7267	4.37335	0.0325349	0.00436544
25.4207	8.55507	0.0962191	0.00403735
24.4145	10.5869	0.368812	0.00359389
22.5483	7.6571	0.0637087	0.00396895
24.4145	10.5869	0.368812	0.00359389
21.25	9.60269	0.0931415	0.00357722
22.5483	7.6571	0.0637087	0.00396895
19.5656	14.0413	0.812404	0.0034377
20.9532	16.5071	1.17059	0.00349831
18.2554	16.5071	4.90249	0.0038373
19.9458	11.7351	0.431566	0.00340445
19.5656	14.0413	0.812404	0.0034377
17.7988	12.3941	4.78952	0.00377251
18.75	9.60269	0.11755	0.00389739
19.9458	11.7351	0.431566	0.00340445
17.7988	12.3941	4.78952	0.00377251
21.25	9.60269	0.0931415	0.00357722
23.0432	12.7235	0.520703	0.00320229
19.9458	11.7351	0.431566	0.00340445
22.0108	14.5924	0.714391	0.00322307
20.9532	16.5071	1.17059	0.00349831
19.5656	14.0413	0.812404	0.0034377
19.9458	11.7351	0.431566	0.00340445
22.0108	14.5924	0.714391	0.00322307
19.5656	14.0413	0.812404	0.0034377
23.0432	12.7235	0.520703	0.00320229
24.3933	15.2742	1.10346	0.00350154
22.0108	14.5924	0.714391	0.00322307
17.7548	18.7251	4.95848	0.00412516
20.7355	19.1174	4.93949	0.00395737
17.2541	20.9431	4.98307	0.00428862
16.8484	14.0413	4.8754	0.0039495
18.2554	16.5071	4.90249	0.0038373
15.9817	15.8026	4.93234	0.00412925
20.9532	16.5071	1.17059	0.00349831
20.7355	19.1174	4.93949	0.00395737
18.2554	16.5071	4.90249	0.0038373
14.9215	7.36598	0.0863817	0.00440541
16.5822	10.0948	4.70129	0.0041253
13.513	9.30337	0.142314	0.00440918
12.6058	7.51154	0.0960929	0.00442694
14.9215	7.36598	0.0863817	0.00440541
13.513	9.30337	0.142314	0.00440918
13.6336	4.37335	0.0522725	0.00443731
15.4167	3.0556	0.0384792	0.00443461
16.6772	5.91038	0.0561735	0.00439023
19.7476	2.78306	0.0271197	0.00442055
19.1515	1.10996	0.025009	0.00443045
21.0802	0.494728	0.0209065	0.00443582
20.4534	4.37335	0.0338782	0.00437058
19.0551	5.91038	0.049059	0.00430468
18.1801	4.37335	0.0377516	0.00440139
21.913	2.6468	0.0244501	0.00442089
20.4534	4.37335	0.0338782	0.00437058
19.7476	2.78306	0.0271197	0.00442055
21.4331	5.91038	0.0446407	0.00423339
19.0551	5.91038	0.049059	0.00430468
20.4534	4.37335	0.0338782	0.00437058
24.1844	6.78374	0.0569651	0.00417613
21.4331	5.91038	0.0446407	0.00423339
22.7267	4.37335	0.0325349	0.00436544
20.0967	7.6571	0.0670436	0.00403947
19.0551	5.91038	0.049059	0.00430468
21.4331	5.91038	0.0446407	0.00423339
20.4534	4.37335	0.0338782	0.00437058
18.1801	4.37335	0.0377516	0.00440139
19.7476	2.78306	0.0271197	0.00442055
23.0835	1.59882	0.0212875	0.00443099
21.0802	0.494728	0.0209065	0.00443582
23.0339	0.123895	0.0196764	0.00443492
27.8022	8.40541	0.10689	0.00428101
26.189	5.91038	0.0488709	0.00433591
28.5669	5.91038	0.0509649	0.00440612
25.6653	12.8882	4.80574	0.00363696
24.4145	10.5869	0.368812	0.00359389
27.0253	10.7509	4.74379	0.00399341
22.5483	7.6571	0.0637087	0.00396895
20.0967	7.6571	0.0670436	0.00403947
21.4331	5.91038	0.0446407	0.00423339
25.4207	8.55507	0.0962191	0.00403735
22.5483	7.6571	0.0637087	0.00396895
24.1844	6.78374	0.0569651	0.00417613
21.25	9.60269	0.0931415	0.00357722
20.0967	7.6571	0.0670436	0.00403947
22.5483	7.6571	0.0637087	0.00396895
14.9215	7.36598	0.0863817	0.00440541
16.6772	5.91038	0.0561735	0.00439023
17.645	7.6571	0.0834109	0.00424824
21.913	2.6468	0.0244501	0.00442089
21.0802	0.494728	0.0209065	0.00443582
23.0835	1.59882	0.0212875	0.00443099
37.3284	7.80676	0.0951853	0.00441408
38.0788	5.91038	0.0741713	0.00441646
39.7099	7.6571	0.116486	0.00441144
33.4473	6.2015	0.0554925	0.00442195
35.7008	5.91038	0.058555	0.00441963
34.9468	7.95642	0.0887073	0.00441636
33.75	9.60269	0.137187	0.00441131
32.355	7.6571	0.080728	0.00441801
34.9468	7.95642	0.0887073	0.00441636
31.8199	4.37335	0.0365527	0.00442792
34.5833	3.0556	0.0347231	0.00442482
33.4473	6.2015	0.0554925	0.00442195
36.3664	4.37335	0.05139	0.00442072
38.0788	5.91038	0.0741713	0.00441646
35.7008	5.91038	0.058555	0.00441963
19.7476	2.78306	0.0271197	0.00442055
17.2597	1.96546	0.0300075	0.00443183
19.1515	1.10996	0.025009	0.00443045
18.1801	4.37335	0.0377516	0.00440139
16.6772	5.91038	0.0561735	0.00439023
15.4167	3.0556	0.0384792	0.00443461
19.7476	2.78306	0.0271197	0.00442055
18.1801	4.37335	0.0377516	0.00440139
17.2597	1.96546	0.0300075	0.00443183
19.0551	5.91038	0.049059	0.00430468
16.6772	5.91038	0.0561735	0.00439023
18.1801	4.37335	0.0377516	0.00440139
21.913	2.6468	0.0244501	0.00442089
22.7267	4.37335	0.0325349	0.00436544
20.4534	4.37335	0.0338782	0.00437058
20.0967	7.6571	0.0670436	0.00403947
18.75	9.60269	0.11755	0.00389739
17.645	7.6571	0.0834109	0.00424824
14.9215	7.36598	0.0863817	0.00440541
13.6336	4.37335	0.0522725	0.00443731
16.6772	5.91038	0.0561735	0.00439023
32.355	7.6571	0.080728	0.00441801
33.75	9.60269	0.137187	0.00441131
31.25	9.60269	0.145548	0.00439796
38.0788	5.91038	0.0741713	0.00441646
37.3284	7.80676	0.0951853	0.00441408
35.7008	5.91038	0.058555	0.00441963
38.75	9.60269	0.156801	0.00440806
41.25	9.60269	0.192603	0.00440571
40.1627	11.7351	4.84621	0.00433189
36.25	9.60269	0.141969	0.00440929
38.75	9.60269	0.156801	0.00440806
37.4683	11.4071	4.80252	0.00433101
39.7099	7.6571	0.116486	0.00441144
41.25	9.60269	0.192603	0.00440571
38.75	9.60269	0.156801	0.00440806
15.4167	3.0556	0.0384792	0.00443461
17.2597	1.96546	0.0300075	0.00443183
18.1801	4.37335	0.0377516	0.00440139
44.0204	14.0413	4.9547	0.00432996
41.2166	14.2175	4.93864	0.00432712
42.6898	11.7351	4.89208	0.00433121
14.9215	7.36598	0.0863817	0.00440541
12.6058	7.51154	0.0960929	0.00442694
13.6336	4.37335	0.0522725	0.00443731
15.1767	12.2293	4.84069	0.0041982
12.5545	12.0646	4.83902	0.00433172
13.513	9.30337	0.142314	0.00440918
16.5822	10.0948	4.70129	0.0041253
17.7988	12.3941	4.78952	0.00377251
15.1767	12.2293	4.84069	0.0041982
14.1312	14.0413	4.91166	0.00426967
12.5545	12.0646	4.83902	0.00433172
15.1767	12.2293	4.84069	0.0041982
15.9817	15.8026	4.93234	0.00412925
14.7591	18.4213	4.97325	0.00429793
13.1778	15.9788	4.95298	0.00431618
16.5822	10.0948	4.70129	0.0041253
18.75	9.60269	0.11755	0.00389739
17.7988	12.3941	4.78952	0.00377251
22.0108	14.5924	0.714391	0.00322307
24.3933	15.2742	1.10346	0.00350154
20.9532	16.5071	1.17059	0.00349831
11.4404	21.3083	4.98754	0.00434399
12.2064	19.1174	4.98078	0.00433715
14.6026	21.856	4.98798	0.00433845
8.66123	21.856	4.98937	0.00435256
11.4404	21.3083	4.98754	0.00434399
10.9756	24.1362	4.99076	0.00436199
8.66123	21.856	4.98937	0.00435256
9.3634	19.1174	4.98257	0.00434147
11.4404	21.3083	4.98754	0.00434399
6.52038	19.1174	4.98517	0.00434468
7.464	16.5071	4.97156	0.00434025
9.3634	19.1174	4.98257	0.00434147
3.67737	19.1174	4.98762	0.00434852
6.52038	19.1174	4.98517	0.00434468
5.62671	21.6734	4.99025	0.00435912
3.67737	19.1174	4.98762	0.00434852
4.76616	16.5071	4.97817	0.00434116
6.52038	19.1174	4.98517	0.00434468
10.1618	16.5071	4.96519	0.00434031
12.2064	19.1174	4.98078	0.00433715
9.3634	19.1174	4.98257	0.00434147
5.97957	14.0413	4.95415	0.00434049
8.69678	14.0413	4.93525	0.00434192
7.464	16.5071	4.97156	0.00434025
11.414	14.0413	4.92118	0.00433969
13.1778	15.9788	4.95298	0.00431618
10.1618	16.5071	4.96519	0.00434031
15.1767	12.2293	4.84069	0.0041982
16.8484	14.0413	4.8754	0.0039495
14.1312	14.0413	4.91166	0.00426967
6.52038	19.1174	4.98517	0.00434468
9.3634	19.1174	4.98257	0.00434147
8.66123	21.856	4.98937	0.00435256
14.7591	18.4213	4.97325	0.00429793
12.2064	19.1174	4.98078	0.00433715
13.1778	15.9788	4.95298	0.00431618
14.7591	18.4213	4.97325	0.00429793
14.6026	21.856	4.98798	0.00433845
12.2064	19.1174	4.98078	0.00433715
12.6058	7.51154	0.0960929	0.00442694
11.9212	5.91038	0.0812517	0.00443085
13.6336	4.37335	0.0522725	0.00443731
11.25	9.60269	0.157678	0.00442304
12.6058	7.51154	0.0960929	0.00442694
13.513	9.30337	0.142314	0.00440918
10.2901	7.6571	0.11931	0.00442622
11.9212	5.91038	0.0812517	0.00443085
12.6058	7.51154	0.0960929	0.00442694
41.2166	14.2175	4.93864	0.00432712
40.1627	11.7351	4.84621	0.00433189
42.6898	11.7351	4.89208	0.00433121
35.1085	11.7351	4.80945	0.00432707
37.4683	11.4071	4.80252	0.00433101
35.6088	14.5697	4.9254	0.00429868
33.1516	14.0413	4.91149	0.00430649
35.1085	11.7351	4.80945	0.00432707
35.6088	14.5697	4.9254	0.00429868
32.5813	11.7351	4.81047	0.00432973
33.75	9.60269	0.137187	0.00441131
35.1085	11.7351	4.80945	0.00432707
37.3284	7.80676	0.0951853	0.00441408
39.7099	7.6571	0.116486	0.00441144
38.75	9.60269	0.156801	0.00440806
36.25	9.60269	0.141969	0.00440929
37.3284	7.80676	0.0951853	0.00441408
38.75	9.60269	0.156801	0.00440806
35.1085	11.7351	4.80945	0.00432707
36.25	9.60269	0.141969	0.00440929
37.4683	11.4071	4.80252	0.00433101
34.9468	7.95642	0.0887073	0.00441636
37.3284	7.80676	0.0951853	0.00441408
36.25	9.60269	0.141969	0.00440929
34.9468	7.95642	0.0887073	0.00441636
35.7008	5.91038	0.058555	0.00441963
37.3284	7.80676	0.0951853	0.00441408
42.536	16.5071	4.97175	0.00433064
44.0204	14.0413	4.9547	0.00432996
45.2338	16.5071	4.97839	0.00433472
38.4127	14.3936	4.92854	0.00431493
41.2166	14.2175	4.93864	0.00432712
39.693	16.8552	4.96754	0.00431767
38.4127	14.3936	4.92854	0.00431493
37.4683	11.4071	4.80252	0.00433101
40.1627	11.7351	4.84621	0.00433189
10.2901	7.6571	0.11931	0.00442622
12.6058	7.51154	0.0960929	0.00442694
11.25	9.60269	0.157678	0.00442304
28.2875	13.053	4.87636	0.00411185
30.001	14.922	4.93202	0.00426643
26.3489	16.5071	4.92063	0.00392768
35.1085	11.7351	4.80945	0.00432707
33.1516	14.0413	4.91149	0.00430649
32.5813	11.7351	4.81047	0.00432973
30.001	14.922	4.93202	0.00426643
28.6113	17.5512	4.96041	0.00421129
26.3489	16.5071	4.92063	0.00392768
30.9096	13.2177	4.8882	0.00429642
30.001	14.922	4.93202	0.00426643
28.2875	13.053	4.87636	0.00411185
29.636	10.915	4.77458	0.00426762
30.9096	13.2177	4.8882	0.00429642
28.2875	13.053	4.87636	0.00411185
32.5813	11.7351	4.81047	0.00432973
33.1516	14.0413	4.91149	0.00430649
30.9096	13.2177	4.8882	0.00429642
31.7446	16.5071	4.95435	0.00427859
28.6113	17.5512	4.96041	0.00421129
30.001	14.922	4.93202	0.00426643
34.4425	16.5071	4.95198	0.00427349
31.7446	16.5071	4.95435	0.00427859
33.1516	14.0413	4.91149	0.00430649
34.4425	16.5071	4.95198	0.00427349
34.9506	19.1174	4.97219	0.00427229
32.1075	19.1174	4.97243	0.00427665
37.1403	16.5071	4.95809	0.00429278
34.4425	16.5071	4.95198	0.00427349
35.6088	14.5697	4.9254	0.00429868
37.1403	16.5071	4.95809	0.00429278
37.7936	19.1174	4.97791	0.00430452
34.9506	19.1174	4.97219	0.00427229
11.414	14.0413	4.92118	0.00433969
14.1312	14.0413	4.91166	0.00426967
13.1778	15.9788	4.95298	0.00431618
8.69678	14.0413	4.93525	0.00434192
9.93237	11.8999	4.85054	0.00434662
11.414	14.0413	4.92118	0.00433969
11.25	9.60269	0.157678	0.00442304
13.513	9.30337	0.142314	0.00440918
12.5545	12.0646	4.83902	0.00433172
10.2901	7.6571	0.11931	0.00442622
11.25	9.60269	0.157678	0.00442304
8.74996	9.60269	0.191475	0.00441989
13.513	9.30337	0.142314	0.00440918
16.5822	10.0948	4.70129	0.0041253
15.1767	12.2293	4.84069	0.0041982
9.93237	11.8999	4.85054	0.00434662
11.25	9.60269	0.157678	0.00442304
12.5545	12.0646	4.83902	0.00433172
11.414	14.0413	4.92118	0.00433969
9.93237	11.8999	4.85054	0.00434662
12.5545	12.0646	4.83902	0.00433172
8.69678	14.0413	4.93525	0.00434192
7.31021	11.7351	4.89062	0.0043439
9.93237	11.8999	4.85054	0.00434662
37.4683	11.4071	4.80252	0.00433101
38.4127	14.3936	4.92854	0.00431493
35.6088	14.5697	4.9254	0.00429868
42.536	16.5071	4.97175	0.00433064
43.4158	19.3	4.98574	0.00434356
40.5089	19.4825	4.98335	0.00433291
44.0204	14.0413	4.9547	0.00432996
42.536	16.5071	4.97175	0.00433064
41.2166	14.2175	4.93864	0.00432712
45.2338	16.5071	4.97839	0.00433472
43.4158	19.3	4.98574	0.00434356
42.536	16.5071	4.97175	0.00433064
40.5089	19.4825	4.98335	0.00433291
41.2294	22.236	4.98991	0.0043637
38.204	22.4261	4.98855	0.00434744
42.536	16.5071	4.97175	0.00433064
40.5089	19.4825	4.98335	0.00433291
39.693	16.8552	4.96754	0.00431767
43.4158	19.3	4.98574	0.00434356
41.2294	22.236	4.98991	0.0043637
40.5089	19.4825	4.98335	0.00433291
47.2801	21.856	4.99145	0.00437868
44.3095	21.856	4.9906	0.004369
46.3226	19.1174	4.98776	0.00434873
38.4127	14.3936	4.92854	0.00431493
37.1403	16.5071	4.95809	0.00429278
35.6088	14.5697	4.9254	0.00429868
40.1627	11.7351	4.84621	0.00433189
41.2166	14.2175	4.93864	0.00432712
38.4127	14.3936	4.92854	0.00431493
38.75	9.60269	0.156801	0.00440806
40.1627	11.7351	4.84621	0.00433189
37.4683	11.4071	4.80252	0.00433101
41.25	9.60269	0.192603	0.00440571
42.6898	11.7351	4.89208	0.00433121
40.1627	11.7351	4.84621	0.00433189
39.693	16.8552	4.96754	0.00431767
37.1403	16.5071	4.95809	0.00429278
38.4127	14.3936	4.92854	0.00431493
40.5089	19.4825	4.98335	0.00433291
37.7936	19.1174	4.97791	0.00430452
39.693	16.8552	4.96754	0.00431767
28.8815	20.2128	4.98058	0.0042885
29.1279	22.9961	4.98821	0.00432975
26.1025	23.1861	4.98785	0.00431434
32.1075	19.1174	4.97243	0.00427665
34.9506	19.1174	4.97219	0.00427229
32.4267	21.856	4.98474	0.00430926
28.8815	20.2128	4.98058	0.0042885
32.1075	19.1174	4.97243	0.00427665
32.4267	21.856	4.98474	0.00430926
31.7446	16.5071	4.95435	0.00427859
34.4425	16.5071	4.95198	0.00427349
32.1075	19.1174	4.97243	0.00427665
28.6113	17.5512	4.96041	0.00421129
31.7446	16.5071	4.95435	0.00427859
32.1075	19.1174	4.97243	0.00427665
11.414	14.0413	4.92118	0.00433969
12.5545	12.0646	4.83902	0.00433172
14.1312	14.0413	4.91166	0.00426967
12.2064	19.1174	4.98078	0.00433715
10.1618	16.5071	4.96519	0.00434031
13.1778	15.9788	4.95298	0.00431618
9.93237	11.8999	4.85054	0.00434662
8.74996	9.60269	0.191475	0.00441989
11.25	9.60269	0.157678	0.00442304
43.4158	19.3	4.98574	0.00434356
45.2338	16.5071	4.97839	0.00433472
46.3226	19.1174	4.98776	0.00434873
33.1516	14.0413	4.91149	0.00430649
35.6088	14.5697	4.9254	0.00429868
34.4425	16.5071	4.95198	0.00427349
36.25	9.60269	0.141969	0.00440929
33.75	9.60269	0.137187	0.00441131
34.9468	7.95642	0.0887073	0.00441636
21.9134	33.7485	0.269011	0.0043091
18.9132	34.917	4.86209	0.00444105
18.6835	32.5943	4.92194	0.00432515
25	30.6708	4.93563	0.00419028
21.9134	33.7485	0.269011	0.0043091
21.9612	30.6708	4.93034	0.00420429
21.8846	36.8646	4.81985	0.00450336
18.9132	34.917	4.86209	0.00444105
21.9134	33.7485	0.269011	0.0043091
25	40	4.90574	0.00486635
21.8846	36.8646	4.81985	0.00450336
25.1151	35.3065	0.270198	0.00437083
21.9134	33.7485	0.269011	0.0043091
18.6835	32.5943	4.92194	0.00432515
21.9612	30.6708	4.93034	0.00420429
18.7212	38.8242	0.211505	0.00497343
18.9132	34.917	4.86209	0.00444105
21.8846	36.8646	4.81985	0.00450336
17.2667	36.7732	0.252805	0.00478863
15.8122	34.7222	4.90563	0.00457517
18.9132	34.917	4.86209	0.00444105
18.7212	38.8242	0.211505	0.00497343
17.2667	36.7732	0.252805	0.00478863
18.9132	34.917	4.86209	0.00444105
18.7212	38.8242	0.211505	0.00497343
15.601	39.0202	0.244858	0.00511226
17.2667	36.7732	0.252805	0.00478863
18.7981	41.9596	0.238767	0.00584295
18.7212	38.8242	0.211505	0.00497343
21.9014	39.3141	0.249745	0.00492989
15.601	39.0202	0.244858	0.00511226
15.8122	34.7222	4.90563	0.00457517
17.2667	36.7732	0.252805	0.00478863
14.001	23.9462	4.98998	0.00434811
14.6026	21.856	4.98798	0.00433845
17.2998	24.7062	4.98969	0.00433946
13.1107	27.6505	4.98846	0.00439176
12.8447	30.6708	4.98111	0.00446957
10.1383	27.6505	4.99072	0.00442283
15.2052	26.1784	4.98888	0.00435453
15.7173	29.727	4.97854	0.00437569
13.1107	27.6505	4.98846	0.00439176
20.3799	24.7062	4.98723	0.00430669
18.0114	27.1222	4.98389	0.00431848
17.2998	24.7062	4.98969	0.00433946
18.7229	29.5382	4.96704	0.00429013
15.7173	29.727	4.97854	0.00437569
18.0114	27.1222	4.98389	0.00431848
18.7229	29.5382	4.96704	0.00429013
18.6835	32.5943	4.92194	0.00432515
15.7173	29.727	4.97854	0.00437569
10.9756	24.1362	4.99076	0.00436199
8.05963	24.7062	4.99168	0.00438249
8.66123	21.856	4.98937	0.00435256
10.1383	27.6505	4.99072	0.00442283
8.05963	24.7062	4.99168	0.00438249
10.9756	24.1362	4.99076	0.00436199
10.1383	27.6505	4.99072	0.00442283
9.80591	30.6708	4.98753	0.00452548
7.16598	27.6505	4.99211	0.00444779
6.70061	30.2933	4.99141	0.00454636
7.16598	27.6505	4.99211	0.00444779
9.80591	30.6708	4.98753	0.00452548
4.97956	24.7062	4.99228	0.00439711
5.62671	21.6734	4.99025	0.00435912
8.05963	24.7062	4.99168	0.00438249
3.67737	19.1174	4.98762	0.00434852
5.62671	21.6734	4.99025	0.00435912
2.71986	21.856	4.99129	0.00436859
6.52038	19.1174	4.98517	0.00434468
4.76616	16.5071	4.97817	0.00434116
7.464	16.5071	4.97156	0.00434025
25	30.6708	4.93563	0.00419028
28.0388	30.6708	4.96864	0.00429354
28.0866	33.7485	4.93765	0.00432602
47.2801	21.856	4.99145	0.00437868
48.1005	24.7062	4.99285	0.00443478
45.0204	24.7062	4.99256	0.00441894
26.4215	19.1174	4.96666	0.00417192
26.3489	16.5071	4.92063	0.00392768
28.6113	17.5512	4.96041	0.00421129
18.0114	27.1222	4.98389	0.00431848
22.0277	27.6505	4.97661	0.00425795
18.7229	29.5382	4.96704	0.00429013
17.2541	20.9431	4.98307	0.00428862
20.544	21.856	4.98137	0.00424719
17.2998	24.7062	4.98969	0.00433946
23.0771	23.3761	4.98802	0.00430607
26.1025	23.1861	4.98785	0.00431434
25.3391	26.1784	4.98538	0.00430272
17.2998	24.7062	4.98969	0.00433946
20.544	21.856	4.98137	0.00424719
20.3799	24.7062	4.98723	0.00430669
24.8405	21.1517	4.97772	0.00422842
26.1025	23.1861	4.98785	0.00431434
23.0771	23.3761	4.98802	0.00430607
20.544	21.856	4.98137	0.00424719
24.8405	21.1517	4.97772	0.00422842
23.0771	23.3761	4.98802	0.00430607
23.5785	19.1174	4.94287	0.00397937
26.4215	19.1174	4.96666	0.00417192
24.8405	21.1517	4.97772	0.00422842
31.199	26.5464	4.99015	0.00437071
30.7452	28.7831	4.98728	0.004375
28.269	26.3624	4.98765	0.00433371
29.1279	22.9961	4.98821	0.00432975
31.199	26.5464	4.99015	0.00437071
28.269	26.3624	4.98765	0.00433371
32.7002	24.7062	4.99004	0.00435797
33.7508	28.5944	4.9913	0.00442891
31.199	26.5464	4.99015	0.00437071
20.544	21.856	4.98137	0.00424719
23.0771	23.3761	4.98802	0.00430607
20.3799	24.7062	4.98723	0.00430669
20.7355	19.1174	4.93949	0.00395737
20.544	21.856	4.98137	0.00424719
17.2541	20.9431	4.98307	0.00428862
17.7548	18.7251	4.95848	0.00412516
18.2554	16.5071	4.90249	0.0038373
20.7355	19.1174	4.93949	0.00395737
14.7591	18.4213	4.97325	0.00429793
17.7548	18.7251	4.95848	0.00412516
17.2541	20.9431	4.98307	0.00428862
14.7591	18.4213	4.97325	0.00429793
15.9817	15.8026	4.93234	0.00412925
17.7548	18.7251	4.95848	0.00412516
20.9532	16.5071	1.17059	0.00349831
23.5785	19.1174	4.94287	0.00397937
20.7355	19.1174	4.93949	0.00395737
23.5785	19.1174	4.94287	0.00397937
24.8405	21.1517	4.97772	0.00422842
20.544	21.856	4.98137	0.00424719
26.689	28.4246	4.97564	0.00427533
22.0277	27.6505	4.97661	0.00425795
25.3391	26.1784	4.98538	0.00430272
21.9612	30.6708	4.93034	0.00420429
18.6835	32.5943	4.92194	0.00432515
18.7229	29.5382	4.96704	0.00429013
20.7355	19.1174	4.93949	0.00395737
23.5785	19.1174	4.94287	0.00397937
20.544	21.856	4.98137	0.00424719
16.8484	14.0413	4.8754	0.0039495
19.5656	14.0413	0.812404	0.0034377
18.2554	16.5071	4.90249	0.0038373
16.8484	14.0413	4.8754	0.0039495
17.7988	12.3941	4.78952	0.00377251
19.5656	14.0413	0.812404	0.0034377
14.1312	14.0413	4.91166	0.00426967
16.8484	14.0413	4.8754	0.0039495
15.9817	15.8026	4.93234	0.00412925
15.1767	12.2293	4.84069	0.0041982
17.7988	12.3941	4.78952	0.00377251
16.8484	14.0413	4.8754	0.0039495
18.75	9.60269	0.11755	0.00389739
21.25	9.60269	0.0931415	0.00357722
19.9458	11.7351	0.431566	0.00340445
24.3933	15.2742	1.10346	0.00350154
23.5785	19.1174	4.94287	0.00397937
20.9532	16.5071	1.17059	0.00349831
4.97956	24.7062	4.99228	0.00439711
4.19365	27.6505	4.99277	0.00447036
1.8995	24.7062	4.99263	0.00441138
8.74996	9.60269	0.191475	0.00441989
9.93237	11.8999	4.85054	0.00434662
7.31021	11.7351	4.89062	0.0043439
46.8029	37.0605	4.99074	0.00507315
43.6827	37.2565	4.98632	0.00498917
46.6062	33.7485	4.99255	0.00482774
41.9404	24.7062	4.99213	0.00440542
45.0204	24.7062	4.99256	0.00441894
42.7675	28.0281	4.99286	0.00449477
38.8603	24.7062	4.99149	0.00439074
41.9404	24.7062	4.99213	0.00440542
39.9888	27.0985	4.99243	0.0044485
41.2294	22.236	4.98991	0.0043637
44.3095	21.856	4.9906	0.004369
41.9404	24.7062	4.99213	0.00440542
48.7787	27.6505	4.99332	0.00452898
49.3105	30.6708	4.99333	0.00467183
46.2478	30.8632	4.9931	0.00465052
26.1025	23.1861	4.98785	0.00431434
24.8405	21.1517	4.97772	0.00422842
28.8815	20.2128	4.98058	0.0042885
28.269	26.3624	4.98765	0.00433371
26.1025	23.1861	4.98785	0.00431434
29.1279	22.9961	4.98821	0.00432975
23.0771	23.3761	4.98802	0.00430607
22.0277	27.6505	4.97661	0.00425795
20.3799	24.7062	4.98723	0.00430669
12.8447	30.6708	4.98111	0.00446957
12.7112	34.5275	4.95883	0.00467631
9.49534	33.1714	4.98366	0.00465845
10.1383	27.6505	4.99072	0.00442283
12.8447	30.6708	4.98111	0.00446957
9.80591	30.6708	4.98753	0.00452548
14.3285	32.6965	4.95964	0.00451839
18.6835	32.5943	4.92194	0.00432515
15.8122	34.7222	4.90563	0.00457517
25.1151	35.3065	0.270198	0.00437083
21.8846	36.8646	4.81985	0.00450336
21.9134	33.7485	0.269011	0.0043091
14.3285	32.6965	4.95964	0.00451839
12.7112	34.5275	4.95883	0.00467631
12.8447	30.6708	4.98111	0.00446957
18.9132	34.917	4.86209	0.00444105
15.8122	34.7222	4.90563	0.00457517
18.6835	32.5943	4.92194	0.00432515
15.601	39.0202	0.244858	0.00511226
12.5385	36.8646	4.93625	0.00488018
15.8122	34.7222	4.90563	0.00457517
23.5785	19.1174	4.94287	0.00397937
24.3933	15.2742	1.10346	0.00350154
26.3489	16.5071	4.92063	0.00392768
28.8815	20.2128	4.98058	0.0042885
24.8405	21.1517	4.97772	0.00422842
26.4215	19.1174	4.96666	0.00417192
18.2554	16.5071	4.90249	0.0038373
17.7548	18.7251	4.95848	0.00412516
15.9817	15.8026	4.93234	0.00412925
14.6026	21.856	4.98798	0.00433845
17.2541	20.9431	4.98307	0.00428862
17.2998	24.7062	4.98969	0.00433946
15.9817	15.8026	4.93234	0.00412925
13.1778	15.9788	4.95298	0.00431618
14.1312	14.0413	4.91166	0.00426967
14.6026	21.856	4.98798	0.00433845
14.7591	18.4213	4.97325	0.00429793
17.2541	20.9431	4.98307	0.00428862
11.4404	21.3083	4.98754	0.00434399
14.001	23.9462	4.98998	0.00434811
10.9756	24.1362	4.99076	0.00436199
30.001	14.922	4.93202	0.00426643
30.9096	13.2177	4.8882	0.00429642
33.1516	14.0413	4.91149	0.00430649
31.7446	16.5071	4.95435	0.00427859
30.001	14.922	4.93202	0.00426643
33.1516	14.0413	4.91149	0.00430649
25.6653	12.8882	4.80574	0.00363696
27.0253	10.7509	4.74379	0.00399341
28.2875	13.053	4.87636	0.00411185
25.6653	12.8882	4.80574	0.00363696
28.2875	13.053	4.87636	0.00411185
26.3489	16.5071	4.92063	0.00392768
33.75	9.60269	0.137187	0.00441131
36.25	9.60269	0.141969	0.00440929
35.1085	11.7351	4.80945	0.00432707
39.693	16.8552	4.96754	0.00431767
41.2166	14.2175	4.93864	0.00432712
42.536	16.5071	4.97175	0.00433064
28.8815	20.2128	4.98058	0.0042885
26.4215	19.1174	4.96666	0.00417192
28.6113	17.5512	4.96041	0.00421129
40.625	40	4.95757	0.00504294
43.75	40	4.97792	0.00518132
43.6923	43.1354	4.96516	0.00573445
34.399	40.9798	0.726753	0.000784779
37.5	40	4.93275	0.00493177
37.5191	43.9145	0.23629	0.00566164
40.5769	36.8646	4.98058	0.00485173
43.6827	37.2565	4.98632	0.00498917
40.625	40	4.95757	0.00504294
37.3464	33.7485	4.98559	0.00461808
33.997	31.6326	4.98711	0.00448701
37.1553	30.6708	4.99038	0.00451603
40.625	40	4.95757	0.00504294
37.5	40	4.93275	0.00493177
40.5769	36.8646	4.98058	0.00485173
37.4615	36.8646	4.97206	0.00475554
34.1596	34.7385	4.97981	0.00458238
37.3464	33.7485	4.98559	0.00461808
46.2478	30.8632	4.9931	0.00465052
45.7731	27.8393	4.99318	0.00451297
48.7787	27.6505	4.99332	0.00452898
49.6928	33.7485	4.99294	0.00486538
46.6062	33.7485	4.99255	0.00482774
49.3105	30.6708	4.99333	0.00467183
40.1941	30.6708	4.99166	0.00455463
37.1553	30.6708	4.99038	0.00451603
36.8893	27.6505	4.99196	0.00443818
43.2329	30.6708	4.99255	0.00459978
40.1941	30.6708	4.99166	0.00455463
42.7675	28.0281	4.99286	0.00449477
40.433	33.7485	4.98863	0.00468598
37.3464	33.7485	4.98559	0.00461808
40.1941	30.6708	4.99166	0.00455463
31.3171	35.696	4.96943	0.00453745
31.2019	38.0404	0.736524	0.00069607
28.1154	36.8646	4.9295	0.00450826
33.997	31.6326	4.98711	0.00448701
34.1596	34.7385	4.97981	0.00458238
30.9343	31.8249	4.98012	0.00440488
34.3221	37.8444	4.95904	0.00473339
31.2019	38.0404	0.736524	0.00069607
31.3171	35.696	4.96943	0.00453745
37.5	40	4.93275	0.00493177
34.3221	37.8444	4.95904	0.00473339
37.4615	36.8646	4.97206	0.00475554
34.399	40.9798	0.726753	0.000784779
31.2019	38.0404	0.736524	0.00069607
34.3221	37.8444	4.95904	0.00473339
40.1941	30.6708	4.99166	0.00455463
39.9888	27.0985	4.99243	0.0044485
42.7675	28.0281	4.99286	0.00449477
7.16598	27.6505	4.99211	0.00444779
8.05963	24.7062	4.99168	0.00438249
10.1383	27.6505	4.99072	0.00442283
3.69504	30.482	4.99265	0.00458592
4.19365	27.6505	4.99277	0.00447036
6.70061	30.2933	4.99141	0.00454636
4.97956	24.7062	4.99228	0.00439711
8.05963	24.7062	4.99168	0.00438249
7.16598	27.6505	4.99211	0.00444779
2.71986	21.856	4.99129	0.00436859
4.97956	24.7062	4.99228	0.00439711
1.8995	24.7062	4.99263	0.00441138
14.001	23.9462	4.98998	0.00434811
11.4404	21.3083	4.98754	0.00434399
14.6026	21.856	4.98798	0.00433845
13.1107	27.6505	4.98846	0.00439176
10.9756	24.1362	4.99076	0.00436199
14.001	23.9462	4.98998	0.00434811
8.66123	21.856	4.98937	0.00435256
5.62671	21.6734	4.99025	0.00435912
6.52038	19.1174	4.98517	0.00434468
12.2064	19.1174	4.98078	0.00433715
11.4404	21.3083	4.98754	0.00434399
9.3634	19.1174	4.98257	0.00434147
8.05963	24.7062	4.99168	0.00438249
5.62671	21.6734	4.99025	0.00435912
8.66123	21.856	4.98937	0.00435256
44.3095	21.856	4.9906	0.004369
41.2294	22.236	4.98991	0.0043637
43.4158	19.3	4.98574	0.00434356
45.7731	27.8393	4.99318	0.00451297
45.0204	24.7062	4.99256	0.00441894
48.1005	24.7062	4.99285	0.00443478
38.8603	24.7062	4.99149	0.00439074
36.8893	27.6505	4.99196	0.00443818
35.7802	24.7062	4.99072	0.00437404
45.7731	27.8393	4.99318	0.00451297
42.7675	28.0281	4.99286	0.00449477
45.0204	24.7062	4.99256	0.00441894
43.2329	30.6708	4.99255	0.00459978
46.2478	30.8632	4.9931	0.00465052
43.5196	33.7485	4.99098	0.0047612
40.433	33.7485	4.98863	0.00468598
43.2329	30.6708	4.99255	0.00459978
43.5196	33.7485	4.99098	0.0047612
42.7675	28.0281	4.99286	0.00449477
45.7731	27.8393	4.99318	0.00451297
43.2329	30.6708	4.99255	0.00459978
41.9404	24.7062	4.99213	0.00440542
42.7675	28.0281	4.99286	0.00449477
39.9888	27.0985	4.99243	0.0044485
45.7731	27.8393	4.99318	0.00451297
46.2478	30.8632	4.9931	0.00465052
43.2329	30.6708	4.99255	0.00459978
8.69678	14.0413	4.93525	0.00434192
5.97957	14.0413	4.95415	0.00434049
7.31021	11.7351	4.89062	0.0043439
10.1618	16.5071	4.96519	0.00434031
8.69678	14.0413	4.93525	0.00434192
11.414	14.0413	4.92118	0.00433969
7.464	16.5071	4.97156	0.00434025
4.76616	16.5071	4.97817	0.00434116
5.97957	14.0413	4.95415	0.00434049
10.1618	16.5071	4.96519	0.00434031
7.464	16.5071	4.97156	0.00434025
8.69678	14.0413	4.93525	0.00434192
10.1618	16.5071	4.96519	0.00434031
9.3634	19.1174	4.98257	0.00434147
7.464	16.5071	4.97156	0.00434025
9.42308	36.8646	4.97554	0.00494791
9.49534	33.1714	4.98366	0.00465845
12.7112	34.5275	4.95883	0.00467631
12.5	40	4.93033	0.00523514
9.36058	39.4121	4.9746	0.00522214
12.5385	36.8646	4.93625	0.00488018
9.36058	39.4121	4.9746	0.00522214
6.30769	36.8646	4.98776	0.00500322
9.42308	36.8646	4.97554	0.00494791
3.19231	36.8646	4.9917	0.00504688
3.40821	33.9432	4.99218	0.00479901
6.30769	36.8646	4.98776	0.00500322
0.076922	36.8646	4.99259	0.00507116
3.19231	36.8646	4.9917	0.00504688
3.125	40	4.99156	0.00538315
0.076922	36.8646	4.99259	0.00507116
0.307214	33.7485	4.99282	0.00481297
3.19231	36.8646	4.9917	0.00504688
6.70061	30.2933	4.99141	0.00454636
9.80591	30.6708	4.98753	0.00452548
9.49534	33.1714	4.98366	0.00465845
2.71986	21.856	4.99129	0.00436859
5.62671	21.6734	4.99025	0.00435912
4.97956	24.7062	4.99228	0.00439711
18.0114	27.1222	4.98389	0.00431848
15.7173	29.727	4.97854	0.00437569
15.2052	26.1784	4.98888	0.00435453
43.5196	33.7485	4.99098	0.0047612
40.5769	36.8646	4.98058	0.00485173
40.433	33.7485	4.98863	0.00468598
49.9231	36.8646	4.99156	0.00509511
46.8029	37.0605	4.99074	0.00507315
49.6928	33.7485	4.99294	0.00486538
43.75	40	4.97792	0.00518132
40.625	40	4.95757	0.00504294
43.6827	37.2565	4.98632	0.00498917
13.1107	27.6505	4.98846	0.00439176
15.7173	29.727	4.97854	0.00437569
12.8447	30.6708	4.98111	0.00446957
10.9756	24.1362	4.99076	0.00436199
13.1107	27.6505	4.98846	0.00439176
10.1383	27.6505	4.99072	0.00442283
15.2052	26.1784	4.98888	0.00435453
17.2998	24.7062	4.98969	0.00433946
18.0114	27.1222	4.98389	0.00431848
14.001	23.9462	4.98998	0.00434811
15.2052	26.1784	4.98888	0.00435453
13.1107	27.6505	4.98846	0.00439176
14.001	23.9462	4.98998	0.00434811
17.2998	24.7062	4.98969	0.00433946
15.2052	26.1784	4.98888	0.00435453
46.6062	33.7485	4.99255	0.00482774
43.6827	37.2565	4.98632	0.00498917
43.5196	33.7485	4.99098	0.0047612
50	40	4.98936	0.00534335
46.8029	37.0605	4.99074	0.00507315
49.9231	36.8646	4.99156	0.00509511
46.8798	40.196	4.98702	0.00566647
43.75	40	4.97792	0.00518132
46.8029	37.0605	4.99074	0.00507315
21.9014	39.3141	0.249745	0.00492989
21.9183	41.7637	4.86506	0.00561543
18.7981	41.9596	0.238767	0.00584295
25	40	4.90574	0.00486635
21.9014	39.3141	0.249745	0.00492989
21.8846	36.8646	4.81985	0.00450336
25	40	4.90574	0.00486635
21.9183	41.7637	4.86506	0.00561543
21.9014	39.3141	0.249745	0.00492989
22.0142	44.8882	4.92998	0.00633043
18.7981	41.9596	0.238767	0.00584295
21.9183	41.7637	4.86506	0.00561543
3.69504	30.482	4.99265	0.00458592
3.40821	33.9432	4.99218	0.00479901
0.68946	30.6708	4.99302	0.00462034
1.22131	27.6505	4.99301	0.00449036
3.69504	30.482	4.99265	0.00458592
0.68946	30.6708	4.99302	0.00462034
6.70061	30.2933	4.99141	0.00454636
6.43263	33.3637	4.99008	0.00471866
3.69504	30.482	4.99265	0.00458592
43.5196	33.7485	4.99098	0.0047612
43.6827	37.2565	4.98632	0.00498917
40.5769	36.8646	4.98058	0.00485173
40.1941	30.6708	4.99166	0.00455463
43.2329	30.6708	4.99255	0.00459978
40.433	33.7485	4.98863	0.00468598
46.6062	33.7485	4.99255	0.00482774
49.6928	33.7485	4.99294	0.00486538
46.8029	37.0605	4.99074	0.00507315
46.2478	30.8632	4.9931	0.00465052
46.6062	33.7485	4.99255	0.00482774
43.5196	33.7485	4.99098	0.0047612
46.2478	30.8632	4.9931	0.00465052
49.3105	30.6708	4.99333	0.00467183
46.6062	33.7485	4.99255	0.00482774
46.8798	40.196	4.98702	0.00566647
46.8029	37.0605	4.99074	0.00507315
50	40	4.98936	0.00534335
9.4375	42.5475	4.97897	0.00603297
6.24038	39.6081	4.98759	0.00529517
9.36058	39.4121	4.9746	0.00522214
9.49534	33.1714	4.98366	0.00465845
9.80591	30.6708	4.98753	0.00452548
12.8447	30.6708	4.98111	0.00446957
12.5385	36.8646	4.93625	0.00488018
9.42308	36.8646	4.97554	0.00494791
12.7112	34.5275	4.95883	0.00467631
6.43263	33.3637	4.99008	0.00471866
6.70061	30.2933	4.99141	0.00454636
9.49534	33.1714	4.98366	0.00465845
4.19365	27.6505	4.99277	0.00447036
4.97956	24.7062	4.99228	0.00439711
7.16598	27.6505	4.99211	0.00444779
1.22131	27.6505	4.99301	0.00449036
4.19365	27.6505	4.99277	0.00447036
3.69504	30.482	4.99265	0.00458592
1.22131	27.6505	4.99301	0.00449036
1.8995	24.7062	4.99263	0.00441138
4.19365	27.6505	4.99277	0.00447036
6.70061	30.2933	4.99141	0.00454636
4.19365	27.6505	4.99277	0.00447036
7.16598	27.6505	4.99211	0.00444779
18.7229	29.5382	4.96704	0.00429013
22.0277	27.6505	4.97661	0.00425795
21.9612	30.6708	4.93034	0.00420429
14.3285	32.6965	4.95964	0.00451839
12.8447	30.6708	4.98111	0.00446957
15.7173	29.727	4.97854	0.00437569
18.6835	32.5943	4.92194	0.00432515
14.3285	32.6965	4.95964	0.00451839
15.7173	29.727	4.97854	0.00437569
15.8122	34.7222	4.90563	0.00457517
12.7112	34.5275	4.95883	0.00467631
14.3285	32.6965	4.95964	0.00451839
18.0114	27.1222	4.98389	0.00431848
20.3799	24.7062	4.98723	0.00430669
22.0277	27.6505	4.97661	0.00425795
3.40821	33.9432	4.99218	0.00479901
3.69504	30.482	4.99265	0.00458592
6.43263	33.3637	4.99008	0.00471866
46.8077	43.1354	4.98052	0.00587065
43.6923	43.1354	4.96516	0.00573445
46.8798	40.196	4.98702	0.00566647
49.9231	43.1354	4.98497	0.00592519
46.8077	43.1354	4.98052	0.00587065
46.8798	40.196	4.98702	0.00566647
46.2717	49.3292	4.96181	0.00634656
49.3105	49.3292	4.96839	0.00634603
48.7787	52.3495	4.95402	0.00700902
43.5196	46.2515	4.9509	0.00592601
46.2717	49.3292	4.96181	0.00634656
43.2329	49.3292	4.94199	0.00630612
40.433	46.2515	4.88517	0.00581282
43.5196	46.2515	4.9509	0.00592601
43.2329	49.3292	4.94199	0.00630612
43.6923	43.1354	4.96516	0.00573445
46.8077	43.1354	4.98052	0.00587065
46.6062	46.2515	4.97233	0.00605353
46.6062	46.2515	4.97233	0.00605353
49.3105	49.3292	4.96839	0.00634603
46.2717	49.3292	4.96181	0.00634656
6.30769	36.8646	4.98776	0.00500322
6.43263	33.3637	4.99008	0.00471866
9.42308	36.8646	4.97554	0.00494791
3.125	40	4.99156	0.00538315
3.19231	36.8646	4.9917	0.00504688
6.24038	39.6081	4.98759	0.00529517
3.40821	33.9432	4.99218	0.00479901
6.43263	33.3637	4.99008	0.00471866
6.30769	36.8646	4.98776	0.00500322
0.307214	33.7485	4.99282	0.00481297
3.40821	33.9432	4.99218	0.00479901
3.19231	36.8646	4.9917	0.00504688
0.307214	33.7485	4.99282	0.00481297
0.68946	30.6708	4.99302	0.00462034
3.40821	33.9432	4.99218	0.00479901
